40
9
0.1079871 -0.5196412 2.215543
0.03436364 -0.5161054 2.212155
0.1781428 -0.5061876 2.146374
-0.09671877 -0.8180345 2.183042
0.1359313 -0.7611998 1.899204
0.06160496 -1.068335 2.222492
0.2475736 -1.036767 2.055654
-0.03513787 -1.06524 2.208179
0.2608889 -1.1118 1.990964
9
0.1076964 -0.5570792 2.208669
0.03345592 -0.5560305 2.205868
0.1784484 -0.5400425 2.139244
-0.1210764 -0.8462059 2.178423
0.1268137 -0.7777376 1.874779
0.04028077 -1.094798 2.216685
0.2385355 -1.040475 2.031857
-0.05249815 -1.059021 2.212285
0.1816933 -1.080211 1.913522
9
0.1076964 -0.5570792 2.208669
0.03345592 -0.5560305 2.205868
0.1784484 -0.5400425 2.139244
-0.1210764 -0.8462059 2.178423
0.1268137 -0.7777376 1.874779
0.04028077 -1.094798 2.216685
0.2385355 -1.040475 2.031857
-0.05249815 -1.059021 2.212285
0.1816933 -1.080211 1.913522
9
0.1045227 -0.595273 2.20578
0.030553 -0.5906932 2.204654
0.1751624 -0.5804983 2.134828
-0.1068135 -0.808623 2.168357
0.1168258 -0.7964999 1.851375
0.04384222 -1.021777 2.204746
0.2354186 -1.038226 2.029304
-0.03144242 -1.065318 2.20507
0.2340209 -1.119197 1.983875
9
0.1045227 -0.595273 2.20578
0.030553 -0.5906932 2.204654
0.1751624 -0.5804983 2.134828
-0.1068135 -0.808623 2.168357
0.1168258 -0.7964999 1.851375
0.04384222 -1.021777 2.204746
0.2354186 -1.038226 2.029304
-0.03144242 -1.065318 2.20507
0.2340209 -1.119197 1.983875
9
0.09793872 -0.6371691 2.238186
0.02657893 -0.6279285 2.239248
0.1662444 -0.6260082 2.16542
-0.1184406 -0.8169823 2.162943
0.1155252 -0.8097504 1.855765
0.03621263 -1.028596 2.204757
0.2331776 -1.039874 2.026186
-0.04019058 -1.066232 2.205106
0.2278774 -1.111157 1.949715
9
0.09793872 -0.6371691 2.238186
0.02657893 -0.6279285 2.239248
0.1662444 -0.6260082 2.16542
-0.1184406 -0.8169823 2.162943
0.1155252 -0.8097504 1.855765
0.03621263 -1.028596 2.204757
0.2331776 -1.039874 2.026186
-0.04019058 -1.066232 2.205106
0.2278774 -1.111157 1.949715
9
0.1032239 -0.6805999 2.230661
0.03186008 -0.6727169 2.22694
0.1714125 -0.667245 2.162738
-0.2640125 -0.8149574 2.12752
0.09889747 -0.7295382 1.805432
-0.01119033 -1.041808 2.22041
0.2422767 -1.042001 2.038047
-0.06677704 -1.10051 2.220251
0.2729796 -1.117221 2.014879
9
0.1032239 -0.6805999 2.230661
0.03186008 -0.6727169 2.22694
0.1714125 -0.667245 2.162738
-0.2640125 -0.8149574 2.12752
0.09889747 -0.7295382 1.805432
-0.01119033 -1.041808 2.22041
0.2422767 -1.042001 2.038047
-0.06677704 -1.10051 2.220251
0.2729796 -1.117221 2.014879
9
0.1010473 -0.7056307 2.225805
0.02994967 -0.6961522 2.222407
0.169032 -0.692385 2.15811
-0.2783459 -0.8127586 2.12626
0.09618233 -0.7305831 1.796839
0.03946579 -1.076542 2.196702
0.2354579 -1.047462 1.995733
-0.05798243 -1.05306 2.179672
0.1791419 -1.088128 1.878059
9
0.1010473 -0.7056307 2.225805
0.02994967 -0.6961522 2.222407
0.169032 -0.692385 2.15811
-0.2783459 -0.8127586 2.12626
0.09618233 -0.7305831 1.796839
0.03946579 -1.076542 2.196702
0.2354579 -1.047462 1.995733
-0.05798243 -1.05306 2.179672
0.1791419 -1.088128 1.878059
9
0.1010473 -0.7056307 2.225805
0.02994967 -0.6961522 2.222407
0.169032 -0.692385 2.15811
-0.2783459 -0.8127586 2.12626
0.09618233 -0.7305831 1.796839
0.03946579 -1.076542 2.196702
0.2354579 -1.047462 1.995733
-0.05798243 -1.05306 2.179672
0.1791419 -1.088128 1.878059
9
0.1010473 -0.7056307 2.225805
0.02994967 -0.6961522 2.222407
0.169032 -0.692385 2.15811
-0.2783459 -0.8127586 2.12626
0.09618233 -0.7305831 1.796839
0.03946579 -1.076542 2.196702
0.2354579 -1.047462 1.995733
-0.05798243 -1.05306 2.179672
0.1791419 -1.088128 1.878059
9
0.09698378 -0.7703952 2.205586
0.02564545 -0.7614999 2.205865
0.1653071 -0.7547164 2.134925
-0.304122 -0.8096089 2.118091
0.08189625 -0.7427189 1.773127
0.03167497 -1.07698 2.192616
0.2397909 -1.037904 1.989607
-0.06546579 -1.054671 2.177448
0.2298843 -1.093699 2.023851
9
0.09698378 -0.7703952 2.205586
0.02564545 -0.7614999 2.205865
0.1653071 -0.7547164 2.134925
-0.304122 -0.8096089 2.118091
0.08189625 -0.7427189 1.773127
0.03167497 -1.07698 2.192616
0.2397909 -1.037904 1.989607
-0.06546579 -1.054671 2.177448
0.2298843 -1.093699 2.023851
9
0.09513547 -0.7778832 2.203938
0.02384441 -0.7690712 2.204731
0.1634649 -0.7619265 2.132838
-0.3047182 -0.8156453 2.107655
0.0790494 -0.7458792 1.771307
0.0225412 -1.076827 2.182526
0.2361321 -1.040096 1.989548
0.1211212 -1.055156 2.06085
0.2252211 -1.104507 2.012824
9
0.09513547 -0.7778832 2.203938
0.02384441 -0.7690712 2.204731
0.1634649 -0.7619265 2.132838
-0.3047182 -0.8156453 2.107655
0.0790494 -0.7458792 1.771307
0.0225412 -1.076827 2.182526
0.2361321 -1.040096 1.989548
0.1211212 -1.055156 2.06085
0.2252211 -1.104507 2.012824
9
0.09167124 -0.7959893 2.196897
0.02003178 -0.7869003 2.198271
0.1604667 -0.7797034 2.125419
-0.3099374 -0.8137626 2.092953
0.07365861 -0.7536485 1.764847
0.0152734 -1.081955 2.175254
0.2445972 -1.010297 2.015898
0.1170451 -1.057954 2.057264
0.2121023 -1.084716 1.957542
9
0.09167124 -0.7959893 2.196897
0.02003178 -0.7869003 2.198271
0.1604667 -0.7797034 2.125419
-0.3099374 -0.8137626 2.092953
0.07365861 -0.7536485 1.764847
0.0152734 -1.081955 2.175254
0.2445972 -1.010297 2.015898
0.1170451 -1.057954 2.057264
0.2121023 -1.084716 1.957542
9
0.09156179 -0.8069993 2.191827
0.01930567 -0.798463 2.193561
0.1609521 -0.7898589 2.120117
-0.3109999 -0.820856 2.087208
0.07093535 -0.7578229 1.760693
0.009672027 -1.076451 2.158567
0.2448096 -1.008089 2.015987
0.1155737 -1.055347 2.045352
0.217794 -1.083978 1.957084
9
0.09156179 -0.8069993 2.191827
0.01930567 -0.798463 2.193561
0.1609521 -0.7898589 2.120117
-0.3109999 -0.820856 2.087208
0.07093535 -0.7578229 1.760693
0.009672027 -1.076451 2.158567
0.2448096 -1.008089 2.015987
0.1155737 -1.055347 2.045352
0.217794 -1.083978 1.957084
9
0.08919121 -0.8152416 2.188567
0.01697151 -0.8059545 2.190993
0.1586449 -0.798571 2.116218
-0.3125026 -0.8258361 2.079518
0.06981176 -0.7609048 1.756897
0.008901176 -1.075587 2.152887
0.2451094 -1.006878 2.01525
0.1135207 -1.053759 2.037978
0.2181566 -1.079753 1.947361
9
0.08919121 -0.8152416 2.188567
0.01697151 -0.8059545 2.190993
0.1586449 -0.798571 2.116218
-0.3125026 -0.8258361 2.079518
0.06981176 -0.7609048 1.756897
0.008901176 -1.075587 2.152887
0.2451094 -1.006878 2.01525
0.1135207 -1.053759 2.037978
0.2181566 -1.079753 1.947361
9
0.08889143 -0.8215729 2.184554
0.01646933 -0.8126798 2.187071
0.1585471 -0.8042765 2.112227
-0.3130364 -0.8286603 2.073786
0.06959955 -0.7649817 1.753011
0.006783888 -1.090041 2.15868
0.2504179 -1.009962 2.008698
0.1100989 -1.061219 2.042814
0.2138832 -1.0835 1.95165
9
0.08889143 -0.8215729 2.184554
0.01646933 -0.8126798 2.187071
0.1585471 -0.8042765 2.112227
-0.3130364 -0.8286603 2.073786
0.06959955 -0.7649817 1.753011
0.006783888 -1.090041 2.15868
0.2504179 -1.009962 2.008698
0.1100989 -1.061219 2.042814
0.2138832 -1.0835 1.95165
9
0.08782066 -0.8234712 2.182757
0.01538928 -0.8143033 2.186007
0.1575303 -0.8064326 2.109525
-0.3127973 -0.8317149 2.067478
0.06960022 -0.7678325 1.749911
0.005333587 -1.084363 2.147113
0.2503254 -1.010184 2.008031
0.1118413 -1.057635 2.034948
0.2102963 -1.079492 1.942254
9
0.08782066 -0.8234712 2.182757
0.01538928 -0.8143033 2.186007
0.1575303 -0.8064326 2.109525
-0.3127973 -0.8317149 2.067478
0.06960022 -0.7678325 1.749911
0.005333587 -1.084363 2.147113
0.2503254 -1.010184 2.008031
0.1118413 -1.057635 2.034948
0.2102963 -1.079492 1.942254
9
0.08646464 -0.8242751 2.181122
0.01397072 -0.8150647 2.184527
0.1562998 -0.8072068 2.107811
-0.3135625 -0.8310804 2.062643
0.07012888 -0.768033 1.747726
-0.004184028 -1.076571 2.133213
0.2497712 -1.009523 2.007311
0.1074772 -1.053707 2.027677
0.2105206 -1.07944 1.94215
9
0.08646464 -0.8242751 2.181122
0.01397072 -0.8150647 2.184527
0.1562998 -0.8072068 2.107811
-0.3135625 -0.8310804 2.062643
0.07012888 -0.768033 1.747726
-0.004184028 -1.076571 2.133213
0.2497712 -1.009523 2.007311
0.1074772 -1.053707 2.027677
0.2105206 -1.07944 1.94215
9
0.08644406 -0.8234135 2.180545
0.01391763 -0.8143483 2.18396
0.156313 -0.806194 2.107242
-0.312901 -0.8319961 2.059587
0.07035815 -0.7655341 1.747152
-0.002141807 -1.075619 2.131564
0.247854 -1.007937 2.007301
0.1097641 -1.053432 2.026291
0.2119409 -1.07939 1.94264
9
0.08644406 -0.8234135 2.180545
0.01391763 -0.8143483 2.18396
0.156313 -0.806194 2.107242
-0.312901 -0.8319961 2.059587
0.07035815 -0.7655341 1.747152
-0.002141807 -1.075619 2.131564
0.247854 -1.007937 2.007301
0.1097641 -1.053432 2.026291
0.2119409 -1.07939 1.94264
9
0.0870149 -0.8182408 2.181333
0.01438236 -0.809503 2.184537
0.1569718 -0.8008003 2.108237
-0.310542 -0.8308332 2.054204
0.07122974 -0.7628796 1.747728
0.004761331 -1.08435 2.140047
0.2465165 -1.007358 2.007412
0.1134893 -1.057634 2.030646
0.2133994 -1.079759 1.942552
9
0.0870149 -0.8182408 2.181333
0.01438236 -0.809503 2.184537
0.1569718 -0.8008003 2.108237
-0.310542 -0.8308332 2.054204
0.07122974 -0.7628796 1.747728
0.004761331 -1.08435 2.140047
0.2465165 -1.007358 2.007412
0.1134893 -1.057634 2.030646
0.2133994 -1.079759 1.942552
9
0.08826069 -0.8062961 2.184551
0.01576378 -0.7978539 2.186411
0.1580351 -0.7887912 2.112788
-0.3067182 -0.8294009 2.051487
0.07263013 -0.7592511 1.751427
0.004922895 -1.083377 2.140025
0.243456 -1.00548 2.012298
0.1138029 -1.057723 2.030599
0.2163556 -1.077687 1.94222
9
0.08826069 -0.8062961 2.184551
0.01576378 -0.7978539 2.186411
0.1580351 -0.7887912 2.112788
-0.3067182 -0.8294009 2.051487
0.07263013 -0.7592511 1.751427
0.004922895 -1.083377 2.140025
0.243456 -1.00548 2.012298
0.1138029 -1.057723 2.030599
0.2163556 -1.077687 1.94222
9
0.09022694 -0.7862744 2.191892
0.01798448 -0.7774376 2.194079
0.1596759 -0.7699639 2.11952
-0.2987243 -0.8228148 2.047632
0.07577524 -0.7516392 1.757139
0.01722002 -1.084336 2.146051
0.2432519 -1.003211 2.015155
0.1240198 -1.05904 2.033882
0.2361134 -1.085106 1.995544
9
0.09022694 -0.7862744 2.191892
0.01798448 -0.7774376 2.194079
0.1596759 -0.7699639 2.11952
-0.2987243 -0.8228148 2.047632
0.07577524 -0.7516392 1.757139
0.01722002 -1.084336 2.146051
0.2432519 -1.003211 2.015155
0.1240198 -1.05904 2.033882
0.2361134 -1.085106 1.995544
9
0.09284523 -0.7615969 2.202716
0.02087958 -0.7521712 2.204301
0.1619389 -0.746621 2.130663
-0.2868721 -0.8223913 2.048077
0.08001421 -0.741621 1.767526
0.0236686 -1.081054 2.15407
0.2221955 -1.034183 2.001868
0.1294804 -1.058476 2.040428
0.2599508 -1.105429 1.988488
9
0.09284523 -0.7615969 2.202716
0.02087958 -0.7521712 2.204301
0.1619389 -0.746621 2.130663
-0.2868721 -0.8223913 2.048077
0.08001421 -0.741621 1.767526
0.0236686 -1.081054 2.15407
0.2221955 -1.034183 2.001868
0.1294804 -1.058476 2.040428
0.2599508 -1.105429 1.988488
9
0.09284523 -0.7615969 2.202716
0.02087958 -0.7521712 2.204301
0.1619389 -0.746621 2.130663
-0.2868721 -0.8223913 2.048077
0.08001421 -0.741621 1.767526
0.0236686 -1.081054 2.15407
0.2221955 -1.034183 2.001868
0.1294804 -1.058476 2.040428
0.2599508 -1.105429 1.988488
