40
9
0.03142063 -0.4420463 2.0879
-0.05016309 -0.4384217 2.053282
0.1119106 -0.4302233 2.049497
-0.1050603 -0.6573745 1.769611
0.242886 -0.675779 1.828258
-0.08342258 -1.034226 1.907479
0.1513904 -1.059155 1.919284
-0.07179228 -1.083539 1.779988
0.1591201 -1.10826 1.791974
9
0.03142063 -0.4420463 2.0879
-0.05016309 -0.4384217 2.053282
0.1119106 -0.4302233 2.049497
-0.1050603 -0.6573745 1.769611
0.242886 -0.675779 1.828258
-0.08342258 -1.034226 1.907479
0.1513904 -1.059155 1.919284
-0.07179228 -1.083539 1.779988
0.1591201 -1.10826 1.791974
9
0.03142063 -0.4420463 2.0879
-0.05016309 -0.4384217 2.053282
0.1119106 -0.4302233 2.049497
-0.1050603 -0.6573745 1.769611
0.242886 -0.675779 1.828258
-0.08342258 -1.034226 1.907479
0.1513904 -1.059155 1.919284
-0.07179228 -1.083539 1.779988
0.1591201 -1.10826 1.791974
9
0.03142063 -0.4420463 2.0879
-0.05016309 -0.4384217 2.053282
0.1119106 -0.4302233 2.049497
-0.1050603 -0.6573745 1.769611
0.242886 -0.675779 1.828258
-0.08342258 -1.034226 1.907479
0.1513904 -1.059155 1.919284
-0.07179228 -1.083539 1.779988
0.1591201 -1.10826 1.791974
9
0.02677363 -0.5107788 2.081352
-0.05958924 -0.5045328 2.045307
0.112203 -0.4992318 2.044893
-0.1094384 -0.6745685 1.725358
0.2588349 -0.7104341 1.795769
-0.08432413 -1.040618 1.88637
0.1136757 -1.004654 1.969917
-0.07067411 -1.089272 1.758958
0.1503012 -1.077489 1.917137
9
0.02677363 -0.5107788 2.081352
-0.05958924 -0.5045328 2.045307
0.112203 -0.4992318 2.044893
-0.1094384 -0.6745685 1.725358
0.2588349 -0.7104341 1.795769
-0.08432413 -1.040618 1.88637
0.1136757 -1.004654 1.969917
-0.07067411 -1.089272 1.758958
0.1503012 -1.077489 1.917137
9
0.02677363 -0.5107788 2.081352
-0.05958924 -0.5045328 2.045307
0.112203 -0.4992318 2.044893
-0.1094384 -0.6745685 1.725358
0.2588349 -0.7104341 1.795769
-0.08432413 -1.040618 1.88637
0.1136757 -1.004654 1.969917
-0.07067411 -1.089272 1.758958
0.1503012 -1.077489 1.917137
9
0.02677363 -0.5107788 2.081352
-0.05958924 -0.5045328 2.045307
0.112203 -0.4992318 2.044893
-0.1094384 -0.6745685 1.725358
0.2588349 -0.7104341 1.795769
-0.08432413 -1.040618 1.88637
0.1136757 -1.004654 1.969917
-0.07067411 -1.089272 1.758958
0.1503012 -1.077489 1.917137
9
0.02677363 -0.5107788 2.081352
-0.05958924 -0.5045328 2.045307
0.112203 -0.4992318 2.044893
-0.1094384 -0.6745685 1.725358
0.2588349 -0.7104341 1.795769
-0.08432413 -1.040618 1.88637
0.1136757 -1.004654 1.969917
-0.07067411 -1.089272 1.758958
0.1503012 -1.077489 1.917137
9
0.02677363 -0.5107788 2.081352
-0.05958924 -0.5045328 2.045307
0.112203 -0.4992318 2.044893
-0.1094384 -0.6745685 1.725358
0.2588349 -0.7104341 1.795769
-0.08432413 -1.040618 1.88637
0.1136757 -1.004654 1.969917
-0.07067411 -1.089272 1.758958
0.1503012 -1.077489 1.917137
9
0.03567753 -0.6055098 2.090245
-0.05722648 -0.5975533 2.053106
0.1273496 -0.5926902 2.055663
-0.130895 -0.7035067 1.708377
0.2818193 -0.7211614 1.752434
-0.07488904 -1.012714 1.949712
0.1243623 -1.008038 1.95964
-0.1440837 -1.065853 1.92315
0.148296 -1.086961 1.918594
9
0.03567753 -0.6055098 2.090245
-0.05722648 -0.5975533 2.053106
0.1273496 -0.5926902 2.055663
-0.130895 -0.7035067 1.708377
0.2818193 -0.7211614 1.752434
-0.07488904 -1.012714 1.949712
0.1243623 -1.008038 1.95964
-0.1440837 -1.065853 1.92315
0.148296 -1.086961 1.918594
9
0.03550216 -0.6648555 2.06007
-0.04813337 -0.6559628 2.023345
0.1179076 -0.6508241 2.025764
-0.1468307 -0.715995 1.67285
0.3102289 -0.7243057 1.725218
-0.07907377 -1.019503 1.938773
0.1212944 -1.013646 1.963525
-0.138275 -1.077421 1.881834
0.1497264 -1.086881 1.901772
9
0.03550216 -0.6648555 2.06007
-0.04813337 -0.6559628 2.023345
0.1179076 -0.6508241 2.025764
-0.1468307 -0.715995 1.67285
0.3102289 -0.7243057 1.725218
-0.07907377 -1.019503 1.938773
0.1212944 -1.013646 1.963525
-0.138275 -1.077421 1.881834
0.1497264 -1.086881 1.901772
9
0.03657893 -0.6853656 2.054781
-0.0475129 -0.6763975 2.018184
0.1194002 -0.6707286 2.020571
-0.1503157 -0.7309052 1.66805
0.3147881 -0.731822 1.718992
-0.08739696 -1.032097 1.929153
0.1113357 -1.028933 1.973773
-0.148202 -1.090721 1.881069
0.1728147 -1.058491 1.880598
9
0.03657893 -0.6853656 2.054781
-0.0475129 -0.6763975 2.018184
0.1194002 -0.6707286 2.020571
-0.1503157 -0.7309052 1.66805
0.3147881 -0.731822 1.718992
-0.08739696 -1.032097 1.929153
0.1113357 -1.028933 1.973773
-0.148202 -1.090721 1.881069
0.1728147 -1.058491 1.880598
9
0.03558557 -0.7231642 2.044995
-0.04886632 -0.7135271 2.008931
0.118809 -0.7079145 2.010688
-0.157404 -0.7423958 1.656998
0.3257424 -0.7299603 1.710662
-0.09582185 -1.040752 1.926347
0.112159 -1.031221 1.973719
-0.1547932 -1.10029 1.876918
0.1737948 -1.054973 1.876751
9
0.03558557 -0.7231642 2.044995
-0.04886632 -0.7135271 2.008931
0.118809 -0.7079145 2.010688
-0.157404 -0.7423958 1.656998
0.3257424 -0.7299603 1.710662
-0.09582185 -1.040752 1.926347
0.112159 -1.031221 1.973719
-0.1547932 -1.10029 1.876918
0.1737948 -1.054973 1.876751
9
0.03558557 -0.7231642 2.044995
-0.04886632 -0.7135271 2.008931
0.118809 -0.7079145 2.010688
-0.157404 -0.7423958 1.656998
0.3257424 -0.7299603 1.710662
-0.09582185 -1.040752 1.926347
0.112159 -1.031221 1.973719
-0.1547932 -1.10029 1.876918
0.1737948 -1.054973 1.876751
9
0.03558557 -0.7231642 2.044995
-0.04886632 -0.7135271 2.008931
0.118809 -0.7079145 2.010688
-0.157404 -0.7423958 1.656998
0.3257424 -0.7299603 1.710662
-0.09582185 -1.040752 1.926347
0.112159 -1.031221 1.973719
-0.1547932 -1.10029 1.876918
0.1737948 -1.054973 1.876751
9
0.03558557 -0.7231642 2.044995
-0.04886632 -0.7135271 2.008931
0.118809 -0.7079145 2.010688
-0.157404 -0.7423958 1.656998
0.3257424 -0.7299603 1.710662
-0.09582185 -1.040752 1.926347
0.112159 -1.031221 1.973719
-0.1547932 -1.10029 1.876918
0.1737948 -1.054973 1.876751
9
0.03558557 -0.7231642 2.044995
-0.04886632 -0.7135271 2.008931
0.118809 -0.7079145 2.010688
-0.157404 -0.7423958 1.656998
0.3257424 -0.7299603 1.710662
-0.09582185 -1.040752 1.926347
0.112159 -1.031221 1.973719
-0.1547932 -1.10029 1.876918
0.1737948 -1.054973 1.876751
9
0.03039732 -0.7940981 2.02799
-0.0585038 -0.7840575 1.992112
0.1182529 -0.7769175 1.994349
-0.1750746 -0.7834749 1.641263
0.3325051 -0.7339453 1.700437
-0.09468885 -1.050826 1.936966
0.1537829 -1.013418 1.925174
-0.1528849 -1.11062 1.886225
0.1965632 -1.075438 1.853234
9
0.03039732 -0.7940981 2.02799
-0.0585038 -0.7840575 1.992112
0.1182529 -0.7769175 1.994349
-0.1750746 -0.7834749 1.641263
0.3325051 -0.7339453 1.700437
-0.09468885 -1.050826 1.936966
0.1537829 -1.013418 1.925174
-0.1528849 -1.11062 1.886225
0.1965632 -1.075438 1.853234
9
0.03039732 -0.7940981 2.02799
-0.0585038 -0.7840575 1.992112
0.1182529 -0.7769175 1.994349
-0.1750746 -0.7834749 1.641263
0.3325051 -0.7339453 1.700437
-0.09468885 -1.050826 1.936966
0.1537829 -1.013418 1.925174
-0.1528849 -1.11062 1.886225
0.1965632 -1.075438 1.853234
9
0.03039732 -0.7940981 2.02799
-0.0585038 -0.7840575 1.992112
0.1182529 -0.7769175 1.994349
-0.1750746 -0.7834749 1.641263
0.3325051 -0.7339453 1.700437
-0.09468885 -1.050826 1.936966
0.1537829 -1.013418 1.925174
-0.1528849 -1.11062 1.886225
0.1965632 -1.075438 1.853234
9
0.03087615 -0.8011537 2.028809
-0.0586363 -0.7905233 1.992503
0.1193875 -0.7844573 1.995724
-0.1762884 -0.7839971 1.641969
0.3291047 -0.734414 1.699189
-0.09409191 -1.063604 1.95087
0.1527611 -1.010293 1.929708
-0.151756 -1.123668 1.899796
0.1976483 -1.073752 1.863276
9
0.03087615 -0.8011537 2.028809
-0.0586363 -0.7905233 1.992503
0.1193875 -0.7844573 1.995724
-0.1762884 -0.7839971 1.641969
0.3291047 -0.734414 1.699189
-0.09409191 -1.063604 1.95087
0.1527611 -1.010293 1.929708
-0.151756 -1.123668 1.899796
0.1976483 -1.073752 1.863276
9
0.03087615 -0.8011537 2.028809
-0.0586363 -0.7905233 1.992503
0.1193875 -0.7844573 1.995724
-0.1762884 -0.7839971 1.641969
0.3291047 -0.734414 1.699189
-0.09409191 -1.063604 1.95087
0.1527611 -1.010293 1.929708
-0.151756 -1.123668 1.899796
0.1976483 -1.073752 1.863276
9
0.03073202 -0.80493 2.028688
-0.05894462 -0.7944219 1.992077
0.1193876 -0.7879854 1.995924
-0.1784594 -0.7847901 1.642231
0.3273545 -0.7351741 1.698456
-0.1256742 -1.079538 1.90208
0.1681421 -1.019898 1.92995
-0.1119706 -1.117718 1.768632
0.1934805 -1.086856 1.852717
9
0.03073202 -0.80493 2.028688
-0.05894462 -0.7944219 1.992077
0.1193876 -0.7879854 1.995924
-0.1784594 -0.7847901 1.642231
0.3273545 -0.7351741 1.698456
-0.1256742 -1.079538 1.90208
0.1681421 -1.019898 1.92995
-0.1119706 -1.117718 1.768632
0.1934805 -1.086856 1.852717
9
0.03073202 -0.80493 2.028688
-0.05894462 -0.7944219 1.992077
0.1193876 -0.7879854 1.995924
-0.1784594 -0.7847901 1.642231
0.3273545 -0.7351741 1.698456
-0.1256742 -1.079538 1.90208
0.1681421 -1.019898 1.92995
-0.1119706 -1.117718 1.768632
0.1934805 -1.086856 1.852717
9
0.03073202 -0.80493 2.028688
-0.05894462 -0.7944219 1.992077
0.1193876 -0.7879854 1.995924
-0.1784594 -0.7847901 1.642231
0.3273545 -0.7351741 1.698456
-0.1256742 -1.079538 1.90208
0.1681421 -1.019898 1.92995
-0.1119706 -1.117718 1.768632
0.1934805 -1.086856 1.852717
9
0.03072908 -0.8049276 2.028687
-0.05901906 -0.7943775 1.992124
0.1194229 -0.787999 1.995875
-0.1788285 -0.7841914 1.642388
0.3251806 -0.7358941 1.696602
-0.1228078 -1.076087 1.904712
0.1250739 -1.043275 1.98133
-0.1096067 -1.113908 1.77095
0.1829738 -1.042438 1.871623
9
0.03045695 -0.801279 2.029195
-0.05979125 -0.7900973 1.993264
0.1195711 -0.7849007 1.995817
-0.179488 -0.7815446 1.64347
0.3243222 -0.7366456 1.695213
-0.1211901 -1.071351 1.907588
0.1850436 -1.050442 1.941035
-0.1091826 -1.108935 1.773487
0.2094727 -0.9487305 1.857422
9
0.03045695 -0.801279 2.029195
-0.05979125 -0.7900973 1.993264
0.1195711 -0.7849007 1.995817
-0.179488 -0.7815446 1.64347
0.3243222 -0.7366456 1.695213
-0.1211901 -1.071351 1.907588
0.1850436 -1.050442 1.941035
-0.1091826 -1.108935 1.773487
0.2094727 -0.9487305 1.857422
9
0.03045695 -0.801279 2.029195
-0.05979125 -0.7900973 1.993264
0.1195711 -0.7849007 1.995817
-0.179488 -0.7815446 1.64347
0.3243222 -0.7366456 1.695213
-0.1211901 -1.071351 1.907588
0.1850436 -1.050442 1.941035
-0.1091826 -1.108935 1.773487
0.2094727 -0.9487305 1.857422
9
0.03073534 -0.7870691 2.032146
-0.05971675 -0.7752625 1.997568
0.120075 -0.7717857 1.997272
-0.1797895 -0.7734501 1.647927
0.323785 -0.7395098 1.694112
-0.1070992 -1.068255 1.933151
0.1594864 -1.046175 1.964773
-0.09527742 -1.105953 1.798871
0.1969183 -1.072434 1.852814
9
0.03073534 -0.7870691 2.032146
-0.05971675 -0.7752625 1.997568
0.120075 -0.7717857 1.997272
-0.1797895 -0.7734501 1.647927
0.323785 -0.7395098 1.694112
-0.1070992 -1.068255 1.933151
0.1594864 -1.046175 1.964773
-0.09527742 -1.105953 1.798871
0.1969183 -1.072434 1.852814
9
0.03076407 -0.774674 2.037428
-0.05712312 -0.7625279 2.002788
0.1176388 -0.7598783 2.002516
-0.180055 -0.7612806 1.65416
0.3209153 -0.7396069 1.698267
-0.1085343 -1.062427 1.931819
0.1567765 -1.043497 1.96421
-0.09821246 -1.100532 1.797552
0.1963451 -1.076199 1.857193
