40
9
-0.2027604 -0.6018746 1.995683
-0.2755846 -0.5908756 1.946635
-0.1226914 -0.5910296 1.971757
-0.3814884 -0.5225922 1.598198
0.03540355 -0.5128179 1.645332
-0.3319086 -0.8048683 1.883438
-0.06980469 -0.8119667 1.946951
-0.3082381 -0.8448679 1.749037
0.004387185 -0.8631464 1.919055
9
-0.2040475 -0.6022881 1.996046
-0.2768731 -0.5911831 1.947176
-0.1238899 -0.591495 1.971924
-0.3833303 -0.5223367 1.599039
0.03423108 -0.5129092 1.645594
-0.3319154 -0.8038059 1.884781
-0.06868319 -0.8109753 1.945206
-0.3085064 -0.8439103 1.750367
0.008805767 -0.85242 1.883681
9
-0.2040475 -0.6022881 1.996046
-0.2768731 -0.5911831 1.947176
-0.1238899 -0.591495 1.971924
-0.3833303 -0.5223367 1.599039
0.03423108 -0.5129092 1.645594
-0.3319154 -0.8038059 1.884781
-0.06868319 -0.8109753 1.945206
-0.3085064 -0.8439103 1.750367
0.008805767 -0.85242 1.883681
9
-0.2054043 -0.6026745 1.996335
-0.2782419 -0.5914192 1.947653
-0.1251702 -0.5919904 1.972013
-0.3854077 -0.5222312 1.599831
0.03344006 -0.5129977 1.646027
-0.3325068 -0.8044572 1.88465
-0.07185327 -0.8121372 1.951122
-0.3093314 -0.8446241 1.75024
0.006138854 -0.8415067 1.873427
9
-0.2054043 -0.6026745 1.996335
-0.2782419 -0.5914192 1.947653
-0.1251702 -0.5919904 1.972013
-0.3854077 -0.5222312 1.599831
0.03344006 -0.5129977 1.646027
-0.3325068 -0.8044572 1.88465
-0.07185327 -0.8121372 1.951122
-0.3093314 -0.8446241 1.75024
0.006138854 -0.8415067 1.873427
9
-0.2066919 -0.6030208 1.996577
-0.2795466 -0.5916851 1.948111
-0.1263867 -0.5923851 1.972036
-0.3873698 -0.5224413 1.600531
0.03291326 -0.5130856 1.646476
-0.3344662 -0.8155172 1.889596
-0.05673421 -0.8103027 1.934311
-0.311472 -0.8556252 1.755254
0.004606295 -0.8734404 1.897308
9
-0.2066919 -0.6030208 1.996577
-0.2795466 -0.5916851 1.948111
-0.1263867 -0.5923851 1.972036
-0.3873698 -0.5224413 1.600531
0.03291326 -0.5130856 1.646476
-0.3344662 -0.8155172 1.889596
-0.05673421 -0.8103027 1.934311
-0.311472 -0.8556252 1.755254
0.004606295 -0.8734404 1.897308
9
-0.2078345 -0.6033707 1.996669
-0.280549 -0.5919335 1.948202
-0.1275987 -0.592811 1.972113
-0.389792 -0.5223151 1.601191
0.03194188 -0.5126952 1.64687
-0.3349214 -0.8125297 1.887413
-0.06354023 -0.8121215 1.942809
-0.3119886 -0.8527213 1.753075
-0.01951228 -0.8853713 1.920129
9
-0.2078345 -0.6033707 1.996669
-0.280549 -0.5919335 1.948202
-0.1275987 -0.592811 1.972113
-0.389792 -0.5223151 1.601191
0.03194188 -0.5126952 1.64687
-0.3349214 -0.8125297 1.887413
-0.06354023 -0.8121215 1.942809
-0.3119886 -0.8527213 1.753075
-0.01951228 -0.8853713 1.920129
9
-0.2090407 -0.6036989 1.996748
-0.2817007 -0.5921946 1.948308
-0.1287908 -0.5931792 1.972154
-0.3923003 -0.5222364 1.601845
0.03169556 -0.5127419 1.647478
-0.3369744 -0.8126075 1.888451
-0.06580468 -0.8131831 1.946587
-0.314193 -0.8528498 1.754108
0.0006008595 -0.8615966 1.873868
9
-0.2090407 -0.6036989 1.996748
-0.2817007 -0.5921946 1.948308
-0.1287908 -0.5931792 1.972154
-0.3923003 -0.5222364 1.601845
0.03169556 -0.5127419 1.647478
-0.3369744 -0.8126075 1.888451
-0.06580468 -0.8131831 1.946587
-0.314193 -0.8528498 1.754108
0.0006008595 -0.8615966 1.873868
9
-0.2096513 -0.6039634 1.996795
-0.2823206 -0.5924429 1.948376
-0.1293568 -0.5934387 1.972176
-0.3936542 -0.5221952 1.602233
0.03143497 -0.5127158 1.647728
-0.3378069 -0.8126504 1.888183
-0.0579353 -0.8127835 1.937513
-0.3151537 -0.8529332 1.753842
-0.002718247 -0.8723464 1.867704
9
-0.2096513 -0.6039634 1.996795
-0.2823206 -0.5924429 1.948376
-0.1293568 -0.5934387 1.972176
-0.3936542 -0.5221952 1.602233
0.03143497 -0.5127158 1.647728
-0.3378069 -0.8126504 1.888183
-0.0579353 -0.8127835 1.937513
-0.3151537 -0.8529332 1.753842
-0.002718247 -0.8723464 1.867704
9
-0.2096513 -0.6039634 1.996795
-0.2823206 -0.5924429 1.948376
-0.1293568 -0.5934387 1.972176
-0.3936542 -0.5221952 1.602233
0.03143497 -0.5127158 1.647728
-0.3378069 -0.8126504 1.888183
-0.0579353 -0.8127835 1.937513
-0.3151537 -0.8529332 1.753842
-0.002718247 -0.8723464 1.867704
9
-0.2096513 -0.6039634 1.996795
-0.2823206 -0.5924429 1.948376
-0.1293568 -0.5934387 1.972176
-0.3936542 -0.5221952 1.602233
0.03143497 -0.5127158 1.647728
-0.3378069 -0.8126504 1.888183
-0.0579353 -0.8127835 1.937513
-0.3151537 -0.8529332 1.753842
-0.002718247 -0.8723464 1.867704
9
-0.2104624 -0.6042612 1.99683
-0.2831586 -0.5927634 1.948406
-0.1301008 -0.5936945 1.97221
-0.3951748 -0.5224007 1.602534
0.0310586 -0.512664 1.648029
-0.3385831 -0.8126847 1.888084
-0.06841251 -0.814164 1.95154
-0.3160361 -0.8529894 1.753738
-0.003700458 -0.8448561 1.857056
9
-0.2104624 -0.6042612 1.99683
-0.2831586 -0.5927634 1.948406
-0.1301008 -0.5936945 1.97221
-0.3951748 -0.5224007 1.602534
0.0310586 -0.512664 1.648029
-0.3385831 -0.8126847 1.888084
-0.06841251 -0.814164 1.95154
-0.3160361 -0.8529894 1.753738
-0.003700458 -0.8448561 1.857056
9
-0.211702 -0.6045125 1.996889
-0.2844319 -0.593049 1.948439
-0.1312539 -0.5938964 1.972288
-0.3963967 -0.5227012 1.602554
0.03060746 -0.5123479 1.648602
-0.3525292 -0.8169792 1.876928
-0.08303283 -0.7742669 1.934116
-0.3298563 -0.8571891 1.742674
-0.04882813 -0.840332 1.957031
9
-0.211702 -0.6045125 1.996889
-0.2844319 -0.593049 1.948439
-0.1312539 -0.5938964 1.972288
-0.3963967 -0.5227012 1.602554
0.03060746 -0.5123479 1.648602
-0.3525292 -0.8169792 1.876928
-0.08303283 -0.7742669 1.934116
-0.3298563 -0.8571891 1.742674
-0.04882813 -0.840332 1.957031
9
-0.2124226 -0.6046564 1.996988
-0.2851443 -0.5932058 1.948538
-0.1319507 -0.5940177 1.972383
-0.3969602 -0.5228496 1.602607
0.02984076 -0.5119671 1.648781
-0.3524921 -0.8175914 1.876432
-0.05516325 -0.7998882 1.919357
-0.3298406 -0.8578414 1.742209
-0.01734706 -0.8719574 1.91376
9
-0.2124226 -0.6046564 1.996988
-0.2851443 -0.5932058 1.948538
-0.1319507 -0.5940177 1.972383
-0.3969602 -0.5228496 1.602607
0.02984076 -0.5119671 1.648781
-0.3524921 -0.8175914 1.876432
-0.05516325 -0.7998882 1.919357
-0.3298406 -0.8578414 1.742209
-0.01734706 -0.8719574 1.91376
9
-0.2124226 -0.6046564 1.996988
-0.2851443 -0.5932058 1.948538
-0.1319507 -0.5940177 1.972383
-0.3969602 -0.5228496 1.602607
0.02984076 -0.5119671 1.648781
-0.3524921 -0.8175914 1.876432
-0.05516325 -0.7998882 1.919357
-0.3298406 -0.8578414 1.742209
-0.01734706 -0.8719574 1.91376
9
-0.2124226 -0.6046564 1.996988
-0.2851443 -0.5932058 1.948538
-0.1319507 -0.5940177 1.972383
-0.3969602 -0.5228496 1.602607
0.02984076 -0.5119671 1.648781
-0.3524921 -0.8175914 1.876432
-0.05516325 -0.7998882 1.919357
-0.3298406 -0.8578414 1.742209
-0.01734706 -0.8719574 1.91376
9
-0.2129385 -0.6047926 1.997223
-0.2856756 -0.5934123 1.94872
-0.1324404 -0.5940808 1.972672
-0.3971931 -0.5229214 1.602712
0.0289966 -0.5111346 1.649105
-0.3450333 -0.8209963 1.895313
-0.06931888 -0.8083689 1.946607
-0.3227557 -0.8613819 1.761041
0.0005337819 -0.8418517 1.860433
9
-0.2129385 -0.6047926 1.997223
-0.2856756 -0.5934123 1.94872
-0.1324404 -0.5940808 1.972672
-0.3971931 -0.5229214 1.602712
0.0289966 -0.5111346 1.649105
-0.3450333 -0.8209963 1.895313
-0.06931888 -0.8083689 1.946607
-0.3227557 -0.8613819 1.761041
0.0005337819 -0.8418517 1.860433
9
-0.213387 -0.6048692 1.997597
-0.2861033 -0.5935426 1.949073
-0.1328926 -0.5940995 1.973062
-0.3974957 -0.523079 1.603018
0.0282003 -0.5105376 1.649467
-0.3104604 -0.7772989 1.905362
-0.05452819 -0.8067784 1.930488
-0.2888332 -0.8184388 1.77072
-0.03750461 -0.8474711 1.795592
9
-0.213387 -0.6048692 1.997597
-0.2861033 -0.5935426 1.949073
-0.1328926 -0.5940995 1.973062
-0.3974957 -0.523079 1.603018
0.0282003 -0.5105376 1.649467
-0.3104604 -0.7772989 1.905362
-0.05452819 -0.8067784 1.930488
-0.2888332 -0.8184388 1.77072
-0.03750461 -0.8474711 1.795592
9
-0.2139499 -0.6049616 1.997841
-0.2866639 -0.593703 1.949299
-0.1334398 -0.5941213 1.973323
-0.3974839 -0.5231053 1.603071
0.02788712 -0.5101879 1.649944
-0.3105258 -0.7776221 1.905194
-0.06294149 -0.8097356 1.94247
-0.2889946 -0.8188348 1.770583
-0.0458714 -0.8505396 1.807593
9
-0.2139499 -0.6049616 1.997841
-0.2866639 -0.593703 1.949299
-0.1334398 -0.5941213 1.973323
-0.3974839 -0.5231053 1.603071
0.02788712 -0.5101879 1.649944
-0.3105258 -0.7776221 1.905194
-0.06294149 -0.8097356 1.94247
-0.2889946 -0.8188348 1.770583
-0.0458714 -0.8505396 1.807593
9
-0.2146397 -0.6051062 1.998197
-0.2873394 -0.593887 1.949631
-0.1341157 -0.5942211 1.973701
-0.3975094 -0.523091 1.603217
0.02743479 -0.5098224 1.650558
-0.3119378 -0.7792342 1.904368
-0.06405734 -0.8101832 1.943563
-0.2904822 -0.8205011 1.769802
-0.001020066 -0.8509423 1.856224
9
-0.2146397 -0.6051062 1.998197
-0.2873394 -0.593887 1.949631
-0.1341157 -0.5942211 1.973701
-0.3975094 -0.523091 1.603217
0.02743479 -0.5098224 1.650558
-0.3119378 -0.7792342 1.904368
-0.06405734 -0.8101832 1.943563
-0.2904822 -0.8205011 1.769802
-0.001020066 -0.8509423 1.856224
9
-0.2146397 -0.6051062 1.998197
-0.2873394 -0.593887 1.949631
-0.1341157 -0.5942211 1.973701
-0.3975094 -0.523091 1.603217
0.02743479 -0.5098224 1.650558
-0.3119378 -0.7792342 1.904368
-0.06405734 -0.8101832 1.943563
-0.2904822 -0.8205011 1.769802
-0.001020066 -0.8509423 1.856224
9
-0.2146397 -0.6051062 1.998197
-0.2873394 -0.593887 1.949631
-0.1341157 -0.5942211 1.973701
-0.3975094 -0.523091 1.603217
0.02743479 -0.5098224 1.650558
-0.3119378 -0.7792342 1.904368
-0.06405734 -0.8101832 1.943563
-0.2904822 -0.8205011 1.769802
-0.001020066 -0.8509423 1.856224
9
-0.2146397 -0.6051062 1.998197
-0.2873394 -0.593887 1.949631
-0.1341157 -0.5942211 1.973701
-0.3975094 -0.523091 1.603217
0.02743479 -0.5098224 1.650558
-0.3119378 -0.7792342 1.904368
-0.06405734 -0.8101832 1.943563
-0.2904822 -0.8205011 1.769802
-0.001020066 -0.8509423 1.856224
9
-0.2146397 -0.6051062 1.998197
-0.2873394 -0.593887 1.949631
-0.1341157 -0.5942211 1.973701
-0.3975094 -0.523091 1.603217
0.02743479 -0.5098224 1.650558
-0.3119378 -0.7792342 1.904368
-0.06405734 -0.8101832 1.943563
-0.2904822 -0.8205011 1.769802
-0.001020066 -0.8509423 1.856224
9
-0.2146397 -0.6051062 1.998197
-0.2873394 -0.593887 1.949631
-0.1341157 -0.5942211 1.973701
-0.3975094 -0.523091 1.603217
0.02743479 -0.5098224 1.650558
-0.3119378 -0.7792342 1.904368
-0.06405734 -0.8101832 1.943563
-0.2904822 -0.8205011 1.769802
-0.001020066 -0.8509423 1.856224
9
-0.2146397 -0.6051062 1.998197
-0.2873394 -0.593887 1.949631
-0.1341157 -0.5942211 1.973701
-0.3975094 -0.523091 1.603217
0.02743479 -0.5098224 1.650558
-0.3119378 -0.7792342 1.904368
-0.06405734 -0.8101832 1.943563
-0.2904822 -0.8205011 1.769802
-0.001020066 -0.8509423 1.856224
9
-0.2150295 -0.6053202 1.999034
-0.2876438 -0.5941033 1.95019
-0.1345869 -0.5944167 1.974869
-0.3977966 -0.5234619 1.603742
0.02959058 -0.5077198 1.653745
-0.3123451 -0.7802129 1.904426
-0.06856096 -0.8078541 1.947873
-0.2908277 -0.8216259 1.769964
-0.003374815 -0.8420303 1.856604
9
-0.2150295 -0.6053202 1.999034
-0.2876438 -0.5941033 1.95019
-0.1345869 -0.5944167 1.974869
-0.3977966 -0.5234619 1.603742
0.02959058 -0.5077198 1.653745
-0.3123451 -0.7802129 1.904426
-0.06856096 -0.8078541 1.947873
-0.2908277 -0.8216259 1.769964
-0.003374815 -0.8420303 1.856604
9
-0.2152746 -0.6053451 2.000192
-0.2878183 -0.5941846 1.950967
-0.1349038 -0.5943704 1.976454
-0.3976906 -0.52373 1.604386
0.03197475 -0.5059156 1.657297
-0.3276148 -0.7656783 1.833847
-0.0704257 -0.8041359 1.947537
-0.3054 -0.8070616 1.699679
-0.008461338 -0.8519079 1.866846
