40
9
-0.1949479 -0.5876659 1.989009
-0.267877 -0.5834191 1.936011
-0.1147608 -0.5703024 1.968725
-0.3606067 -0.5274144 1.581349
0.07177386 -0.5209081 1.653119
-0.3397093 -0.8163135 1.877479
-0.07168664 -0.808454 1.943907
-0.3929054 -0.8673549 1.800774
-0.02085436 -0.8758581 1.886164
9
-0.1938179 -0.5881445 1.989384
-0.2666549 -0.5837318 1.93624
-0.1137554 -0.5709398 1.969252
-0.3592805 -0.5272448 1.581614
0.07216337 -0.5209778 1.653349
-0.3393041 -0.8178211 1.880187
-0.07252869 -0.8080233 1.945589
-0.3098469 -0.8531126 1.744621
-0.001178995 -0.8330337 1.854313
9
-0.1938179 -0.5881445 1.989384
-0.2666549 -0.5837318 1.93624
-0.1137554 -0.5709398 1.969252
-0.3592805 -0.5272448 1.581614
0.07216337 -0.5209778 1.653349
-0.3393041 -0.8178211 1.880187
-0.07252869 -0.8080233 1.945589
-0.3098469 -0.8531126 1.744621
-0.001178995 -0.8330337 1.854313
9
-0.1928731 -0.5886776 1.98963
-0.26564 -0.5840715 1.93637
-0.1129091 -0.5716672 1.969624
-0.3581283 -0.5272751 1.581746
0.07246752 -0.5210496 1.653483
-0.3444548 -0.816295 1.863445
-0.07282013 -0.8072112 1.945729
-0.3146846 -0.8515814 1.72802
0.0003223941 -0.8356244 1.85935
9
-0.1928731 -0.5886776 1.98963
-0.26564 -0.5840715 1.93637
-0.1129091 -0.5716672 1.969624
-0.3581283 -0.5272751 1.581746
0.07246752 -0.5210496 1.653483
-0.3444548 -0.816295 1.863445
-0.07282013 -0.8072112 1.945729
-0.3146846 -0.8515814 1.72802
0.0003223941 -0.8356244 1.85935
9
-0.1921256 -0.5891407 1.990245
-0.26493 -0.5843222 1.936832
-0.1121725 -0.572363 1.970414
-0.3570499 -0.527392 1.58212
0.07226818 -0.5211107 1.653789
-0.3398414 -0.8121749 1.867764
-0.07259341 -0.8070778 1.945345
-0.3100426 -0.8476436 1.732365
0.0005804673 -0.8374961 1.860742
9
-0.1921256 -0.5891407 1.990245
-0.26493 -0.5843222 1.936832
-0.1121725 -0.572363 1.970414
-0.3570499 -0.527392 1.58212
0.07226818 -0.5211107 1.653789
-0.3398414 -0.8121749 1.867764
-0.07259341 -0.8070778 1.945345
-0.3100426 -0.8476436 1.732365
0.0005804673 -0.8374961 1.860742
9
-0.1916567 -0.5894034 1.990392
-0.2644301 -0.5844543 1.936926
-0.1117506 -0.572757 1.970616
-0.3563211 -0.5275713 1.58214
0.07252325 -0.5213101 1.653921
-0.3398926 -0.8126174 1.86756
-0.0735013 -0.8069428 1.946363
-0.3099353 -0.8481101 1.732221
-0.01023237 -0.8639286 1.884378
9
-0.1916567 -0.5894034 1.990392
-0.2644301 -0.5844543 1.936926
-0.1117506 -0.572757 1.970616
-0.3563211 -0.5275713 1.58214
0.07252325 -0.5213101 1.653921
-0.3398926 -0.8126174 1.86756
-0.0735013 -0.8069428 1.946363
-0.3099353 -0.8481101 1.732221
-0.01023237 -0.8639286 1.884378
9
-0.1912527 -0.5895318 1.990618
-0.2640087 -0.5844499 1.937061
-0.1113659 -0.5730344 1.970956
-0.3561199 -0.5276071 1.582329
0.07258885 -0.5215552 1.65407
-0.3411265 -0.8133727 1.867113
-0.06272685 -0.8063664 1.933538
-0.3110597 -0.8489214 1.731842
-0.03864369 -0.8774844 1.941926
9
-0.1912527 -0.5895318 1.990618
-0.2640087 -0.5844499 1.937061
-0.1113659 -0.5730344 1.970956
-0.3561199 -0.5276071 1.582329
0.07258885 -0.5215552 1.65407
-0.3411265 -0.8133727 1.867113
-0.06272685 -0.8063664 1.933538
-0.3110597 -0.8489214 1.731842
-0.03864369 -0.8774844 1.941926
9
-0.1909273 -0.5896332 1.990757
-0.2636354 -0.5844128 1.937142
-0.111073 -0.5732841 1.971167
-0.3557809 -0.5277132 1.582397
0.07266699 -0.5216171 1.65418
-0.3347727 -0.8076705 1.872365
-0.06593223 -0.8058357 1.938301
-0.3046994 -0.8433708 1.737076
-0.003796831 -0.8686341 1.90086
9
-0.1909273 -0.5896332 1.990757
-0.2636354 -0.5844128 1.937142
-0.111073 -0.5732841 1.971167
-0.3557809 -0.5277132 1.582397
0.07266699 -0.5216171 1.65418
-0.3347727 -0.8076705 1.872365
-0.06593223 -0.8058357 1.938301
-0.3046994 -0.8433708 1.737076
-0.003796831 -0.8686341 1.90086
9
-0.1909273 -0.5896332 1.990757
-0.2636354 -0.5844128 1.937142
-0.111073 -0.5732841 1.971167
-0.3557809 -0.5277132 1.582397
0.07266699 -0.5216171 1.65418
-0.3347727 -0.8076705 1.872365
-0.06593223 -0.8058357 1.938301
-0.3046994 -0.8433708 1.737076
-0.003796831 -0.8686341 1.90086
9
-0.1909273 -0.5896332 1.990757
-0.2636354 -0.5844128 1.937142
-0.111073 -0.5732841 1.971167
-0.3557809 -0.5277132 1.582397
0.07266699 -0.5216171 1.65418
-0.3347727 -0.8076705 1.872365
-0.06593223 -0.8058357 1.938301
-0.3046994 -0.8433708 1.737076
-0.003796831 -0.8686341 1.90086
9
-0.1906549 -0.5897324 1.990743
-0.2633283 -0.584408 1.937072
-0.1108266 -0.5734842 1.971199
-0.3553753 -0.5280505 1.582246
0.072936 -0.5215789 1.654264
-0.334902 -0.8078854 1.872348
-0.06648541 -0.8062124 1.939279
-0.3047052 -0.8435849 1.737095
-0.001011282 -0.8643593 1.887827
9
-0.1906549 -0.5897324 1.990743
-0.2633283 -0.584408 1.937072
-0.1108266 -0.5734842 1.971199
-0.3553753 -0.5280505 1.582246
0.072936 -0.5215789 1.654264
-0.334902 -0.8078854 1.872348
-0.06648541 -0.8062124 1.939279
-0.3047052 -0.8435849 1.737095
-0.001011282 -0.8643593 1.887827
9
-0.1906549 -0.5897324 1.990743
-0.2633283 -0.584408 1.937072
-0.1108266 -0.5734842 1.971199
-0.3553753 -0.5280505 1.582246
0.072936 -0.5215789 1.654264
-0.334902 -0.8078854 1.872348
-0.06648541 -0.8062124 1.939279
-0.3047052 -0.8435849 1.737095
-0.001011282 -0.8643593 1.887827
9
-0.1906549 -0.5897324 1.990743
-0.2633283 -0.584408 1.937072
-0.1108266 -0.5734842 1.971199
-0.3553753 -0.5280505 1.582246
0.072936 -0.5215789 1.654264
-0.334902 -0.8078854 1.872348
-0.06648541 -0.8062124 1.939279
-0.3047052 -0.8435849 1.737095
-0.001011282 -0.8643593 1.887827
9
-0.1904762 -0.5898252 1.99074
-0.2631237 -0.584398 1.93704
-0.11066 -0.5737003 1.971223
-0.3553649 -0.5282229 1.582242
0.07303351 -0.5215595 1.654283
-0.3340694 -0.8072334 1.873056
-0.06692448 -0.8067257 1.939709
-0.3037177 -0.8429815 1.737856
0.0006113723 -0.8614514 1.882804
9
-0.1904762 -0.5898252 1.99074
-0.2631237 -0.584398 1.93704
-0.11066 -0.5737003 1.971223
-0.3553649 -0.5282229 1.582242
0.07303351 -0.5215595 1.654283
-0.3340694 -0.8072334 1.873056
-0.06692448 -0.8067257 1.939709
-0.3037177 -0.8429815 1.737856
0.0006113723 -0.8614514 1.882804
9
-0.1904051 -0.5899127 1.990676
-0.263047 -0.5843933 1.936961
-0.1105906 -0.5739381 1.971155
-0.3554868 -0.5282315 1.582217
0.07296222 -0.5215142 1.654172
-0.3340238 -0.8071416 1.873115
-0.06716691 -0.8067328 1.939958
-0.303636 -0.842931 1.737947
0.0007843003 -0.8583712 1.876065
9
-0.1903165 -0.5900397 1.990566
-0.2629693 -0.5844025 1.936873
-0.1105001 -0.5742458 1.970999
-0.3555707 -0.5284848 1.582139
0.07288656 -0.5213783 1.653983
-0.3368939 -0.8104575 1.870345
-0.06761895 -0.8069445 1.940139
-0.3064215 -0.8462336 1.735252
-0.04204064 -0.8430364 1.804389
9
-0.1903165 -0.5900397 1.990566
-0.2629693 -0.5844025 1.936873
-0.1105001 -0.5742458 1.970999
-0.3555707 -0.5284848 1.582139
0.07288656 -0.5213783 1.653983
-0.3368939 -0.8104575 1.870345
-0.06761895 -0.8069445 1.940139
-0.3064215 -0.8462336 1.735252
-0.04204064 -0.8430364 1.804389
9
-0.1902774 -0.5901361 1.990595
-0.2629417 -0.5844107 1.93688
-0.1104756 -0.5744988 1.971069
-0.3552363 -0.5288453 1.582005
0.07268712 -0.5212468 1.653975
-0.3379529 -0.8120149 1.869147
-0.06853216 -0.8068481 1.94082
-0.3073944 -0.8477972 1.734108
0.004606664 -0.8564619 1.886064
9
-0.1902774 -0.5901361 1.990595
-0.2629417 -0.5844107 1.93688
-0.1104756 -0.5744988 1.971069
-0.3552363 -0.5288453 1.582005
0.07268712 -0.5212468 1.653975
-0.3379529 -0.8120149 1.869147
-0.06853216 -0.8068481 1.94082
-0.3073944 -0.8477972 1.734108
0.004606664 -0.8564619 1.886064
9
-0.1901782 -0.5903188 1.990674
-0.2628572 -0.5844582 1.936899
-0.1103976 -0.5748616 1.971242
-0.3550253 -0.5291526 1.58195
0.07246792 -0.5212605 1.654021
-0.3419729 -0.8154332 1.866279
-0.06137519 -0.806661 1.9326
-0.3112758 -0.8512217 1.731338
0.003680319 -0.8669708 1.899095
9
-0.1901782 -0.5903188 1.990674
-0.2628572 -0.5844582 1.936899
-0.1103976 -0.5748616 1.971242
-0.3550253 -0.5291526 1.58195
0.07246792 -0.5212605 1.654021
-0.3419729 -0.8154332 1.866279
-0.06137519 -0.806661 1.9326
-0.3112758 -0.8512217 1.731338
0.003680319 -0.8669708 1.899095
9
-0.1901884 -0.5906512 1.990657
-0.2628484 -0.5845484 1.936887
-0.1104629 -0.5754834 1.97122
-0.3549699 -0.5293161 1.581913
0.07218798 -0.5209554 1.654015
-0.3429833 -0.8161677 1.865719
-0.06393033 -0.807249 1.935382
-0.3122407 -0.8520081 1.730832
-0.008303683 -0.8712357 1.924576
9
-0.1901884 -0.5906512 1.990657
-0.2628484 -0.5845484 1.936887
-0.1104629 -0.5754834 1.97122
-0.3549699 -0.5293161 1.581913
0.07218798 -0.5209554 1.654015
-0.3429833 -0.8161677 1.865719
-0.06393033 -0.807249 1.935382
-0.3122407 -0.8520081 1.730832
-0.008303683 -0.8712357 1.924576
9
-0.1901826 -0.5909232 1.990677
-0.2628199 -0.5846199 1.936874
-0.1105311 -0.5759999 1.971304
-0.354986 -0.5293515 1.581918
0.07186172 -0.5206507 1.654075
-0.3384953 -0.8184803 1.881299
-0.06970654 -0.8074579 1.942165
-0.3078359 -0.8544667 1.746419
-0.01195074 -0.873366 1.913724
9
-0.1901826 -0.5909232 1.990677
-0.2628199 -0.5846199 1.936874
-0.1105311 -0.5759999 1.971304
-0.354986 -0.5293515 1.581918
0.07186172 -0.5206507 1.654075
-0.3384953 -0.8184803 1.881299
-0.06970654 -0.8074579 1.942165
-0.3078359 -0.8544667 1.746419
-0.01195074 -0.873366 1.913724
9
-0.1902324 -0.5911235 1.990819
-0.2628259 -0.5846574 1.936925
-0.1106556 -0.5763952 1.971548
-0.3549852 -0.5295092 1.58195
0.07151249 -0.5211515 1.654164
-0.3384971 -0.8184795 1.881286
-0.07253468 -0.8070685 1.946388
-0.3077618 -0.854558 1.746475
-0.002228111 -0.8522116 1.874827
9
-0.1902324 -0.5911235 1.990819
-0.2628259 -0.5846574 1.936925
-0.1106556 -0.5763952 1.971548
-0.3549852 -0.5295092 1.58195
0.07151249 -0.5211515 1.654164
-0.3384971 -0.8184795 1.881286
-0.07253468 -0.8070685 1.946388
-0.3077618 -0.854558 1.746475
-0.002228111 -0.8522116 1.874827
9
-0.1901679 -0.5914278 1.990852
-0.2627522 -0.5847942 1.936908
-0.1106297 -0.5768359 1.971648
-0.355027 -0.5295759 1.581977
0.07113119 -0.5208129 1.654144
-0.3427207 -0.8162012 1.865991
-0.06166268 -0.807278 1.933511
-0.3117983 -0.8523019 1.731289
-0.006844059 -0.8750425 1.904846
9
-0.1901679 -0.5914278 1.990852
-0.2627522 -0.5847942 1.936908
-0.1106297 -0.5768359 1.971648
-0.355027 -0.5295759 1.581977
0.07113119 -0.5208129 1.654144
-0.3427207 -0.8162012 1.865991
-0.06166268 -0.807278 1.933511
-0.3117983 -0.8523019 1.731289
-0.006844059 -0.8750425 1.904846
9
-0.1902856 -0.5916013 1.990909
-0.2627966 -0.5848195 1.936927
-0.1108295 -0.5771954 1.971747
-0.3549845 -0.5296216 1.581968
0.07098433 -0.5207152 1.654351
-0.3383153 -0.8185819 1.881159
-0.06378808 -0.8072813 1.936952
-0.3075081 -0.8548384 1.746466
0.002865545 -0.8646508 1.887298
9
-0.1902856 -0.5916013 1.990909
-0.2627966 -0.5848195 1.936927
-0.1108295 -0.5771954 1.971747
-0.3549845 -0.5296216 1.581968
0.07098433 -0.5207152 1.654351
-0.3383153 -0.8185819 1.881159
-0.06378808 -0.8072813 1.936952
-0.3075081 -0.8548384 1.746466
0.002865545 -0.8646508 1.887298
9
-0.1903401 -0.5917726 1.990963
-0.2628131 -0.5848525 1.936942
-0.1109243 -0.5775085 1.971839
-0.3549743 -0.5296932 1.58197
0.07066332 -0.5204366 1.654406
-0.3384494 -0.8188318 1.881108
-0.06451727 -0.8076477 1.937647
-0.3075925 -0.8551807 1.746481
0.002447791 -0.8631513 1.881843
9
-0.1903401 -0.5917726 1.990963
-0.2628131 -0.5848525 1.936942
-0.1109243 -0.5775085 1.971839
-0.3549743 -0.5296932 1.58197
0.07066332 -0.5204366 1.654406
-0.3384494 -0.8188318 1.881108
-0.06451727 -0.8076477 1.937647
-0.3075925 -0.8551807 1.746481
0.002447791 -0.8631513 1.881843
