40
9
-0.06280034 -0.1021198 2.205651
-0.1515596 -0.09473471 2.169099
0.02901536 -0.1075174 2.165243
-0.1060995 -0.3867395 1.931572
0.08491888 -0.4185491 1.963215
-0.1166119 -0.7544658 1.992801
0.04705641 -0.7890771 1.997575
-0.1723951 -0.879193 1.913352
0.06256367 -0.8846185 1.929824
9
-0.06280034 -0.1021198 2.205651
-0.1515596 -0.09473471 2.169099
0.02901536 -0.1075174 2.165243
-0.1060995 -0.3867395 1.931572
0.08491888 -0.4185491 1.963215
-0.1166119 -0.7544658 1.992801
0.04705641 -0.7890771 1.997575
-0.1723951 -0.879193 1.913352
0.06256367 -0.8846185 1.929824
9
-0.06280034 -0.1021198 2.205651
-0.1515596 -0.09473471 2.169099
0.02901536 -0.1075174 2.165243
-0.1060995 -0.3867395 1.931572
0.08491888 -0.4185491 1.963215
-0.1166119 -0.7544658 1.992801
0.04705641 -0.7890771 1.997575
-0.1723951 -0.879193 1.913352
0.06256367 -0.8846185 1.929824
9
-0.06280034 -0.1021198 2.205651
-0.1515596 -0.09473471 2.169099
0.02901536 -0.1075174 2.165243
-0.1060995 -0.3867395 1.931572
0.08491888 -0.4185491 1.963215
-0.1166119 -0.7544658 1.992801
0.04705641 -0.7890771 1.997575
-0.1723951 -0.879193 1.913352
0.06256367 -0.8846185 1.929824
9
-0.08134255 -0.2050792 2.225183
-0.1742637 -0.1948832 2.172358
0.01442164 -0.2080017 2.199113
-0.0768187 -0.4194743 1.876637
0.1331446 -0.4635418 1.945538
-0.1246695 -0.7737249 1.975015
0.05309654 -0.8228291 2.004227
-0.1726703 -0.8989933 1.89627
0.08748834 -0.9087923 1.924399
9
-0.08134255 -0.2050792 2.225183
-0.1742637 -0.1948832 2.172358
0.01442164 -0.2080017 2.199113
-0.0768187 -0.4194743 1.876637
0.1331446 -0.4635418 1.945538
-0.1246695 -0.7737249 1.975015
0.05309654 -0.8228291 2.004227
-0.1726703 -0.8989933 1.89627
0.08748834 -0.9087923 1.924399
9
-0.04623266 -0.2629234 2.203571
-0.13473 -0.2578979 2.152237
0.04387779 -0.2585605 2.176216
-0.07096349 -0.4809076 1.846334
0.1523386 -0.5026086 1.905809
-0.1200937 -0.8361474 1.939204
0.07082151 -0.860639 1.96739
-0.1662804 -0.9235099 1.882614
0.09493424 -0.9502345 1.972556
9
-0.04623266 -0.2629234 2.203571
-0.13473 -0.2578979 2.152237
0.04387779 -0.2585605 2.176216
-0.07096349 -0.4809076 1.846334
0.1523386 -0.5026086 1.905809
-0.1200937 -0.8361474 1.939204
0.07082151 -0.860639 1.96739
-0.1662804 -0.9235099 1.882614
0.09493424 -0.9502345 1.972556
9
-0.04843998 -0.2881542 2.203374
-0.1377999 -0.2807645 2.151199
0.04267659 -0.2854356 2.17704
-0.06736755 -0.4900616 1.836347
0.1565274 -0.513077 1.893356
-0.08397497 -0.8299444 1.976452
0.07216994 -0.8668562 1.969391
-0.1506719 -0.8970158 1.887168
0.07739135 -0.9465721 1.837548
9
-0.04843998 -0.2881542 2.203374
-0.1377999 -0.2807645 2.151199
0.04267659 -0.2854356 2.17704
-0.06736755 -0.4900616 1.836347
0.1565274 -0.513077 1.893356
-0.08397497 -0.8299444 1.976452
0.07216994 -0.8668562 1.969391
-0.1506719 -0.8970158 1.887168
0.07739135 -0.9465721 1.837548
9
-0.04843998 -0.2881542 2.203374
-0.1377999 -0.2807645 2.151199
0.04267659 -0.2854356 2.17704
-0.06736755 -0.4900616 1.836347
0.1565274 -0.513077 1.893356
-0.08397497 -0.8299444 1.976452
0.07216994 -0.8668562 1.969391
-0.1506719 -0.8970158 1.887168
0.07739135 -0.9465721 1.837548
9
-0.04843998 -0.2881542 2.203374
-0.1377999 -0.2807645 2.151199
0.04267659 -0.2854356 2.17704
-0.06736755 -0.4900616 1.836347
0.1565274 -0.513077 1.893356
-0.08397497 -0.8299444 1.976452
0.07216994 -0.8668562 1.969391
-0.1506719 -0.8970158 1.887168
0.07739135 -0.9465721 1.837548
9
-0.05951398 -0.3788141 2.201306
-0.1499933 -0.3659833 2.151006
0.03303988 -0.3782041 2.173511
-0.0497178 -0.5056158 1.803968
0.1733083 -0.5319846 1.850131
-0.1168895 -0.8445923 1.931865
0.07882017 -0.8735877 1.956495
-0.1436194 -0.9341092 1.858189
0.08109017 -0.9586218 1.830338
9
-0.05951398 -0.3788141 2.201306
-0.1499933 -0.3659833 2.151006
0.03303988 -0.3782041 2.173511
-0.0497178 -0.5056158 1.803968
0.1733083 -0.5319846 1.850131
-0.1168895 -0.8445923 1.931865
0.07882017 -0.8735877 1.956495
-0.1436194 -0.9341092 1.858189
0.08109017 -0.9586218 1.830338
9
-0.03790831 -0.4200701 2.209239
-0.1274522 -0.4106876 2.159187
0.05297458 -0.4148616 2.181416
-0.05048091 -0.5074568 1.790503
0.1689209 -0.5305697 1.830961
-0.1184804 -0.8437539 1.924017
0.07705218 -0.8709931 1.942337
-0.1309473 -0.9380249 1.856139
0.08044548 -0.9575075 1.817989
9
-0.03790831 -0.4200701 2.209239
-0.1274522 -0.4106876 2.159187
0.05297458 -0.4148616 2.181416
-0.05048091 -0.5074568 1.790503
0.1689209 -0.5305697 1.830961
-0.1184804 -0.8437539 1.924017
0.07705218 -0.8709931 1.942337
-0.1309473 -0.9380249 1.856139
0.08044548 -0.9575075 1.817989
9
-0.03790831 -0.4200701 2.209239
-0.1274522 -0.4106876 2.159187
0.05297458 -0.4148616 2.181416
-0.05048091 -0.5074568 1.790503
0.1689209 -0.5305697 1.830961
-0.1184804 -0.8437539 1.924017
0.07705218 -0.8709931 1.942337
-0.1309473 -0.9380249 1.856139
0.08044548 -0.9575075 1.817989
9
-0.03790831 -0.4200701 2.209239
-0.1274522 -0.4106876 2.159187
0.05297458 -0.4148616 2.181416
-0.05048091 -0.5074568 1.790503
0.1689209 -0.5305697 1.830961
-0.1184804 -0.8437539 1.924017
0.07705218 -0.8709931 1.942337
-0.1309473 -0.9380249 1.856139
0.08044548 -0.9575075 1.817989
9
-0.04115652 -0.5219935 2.17599
-0.1305448 -0.5081056 2.123967
0.0496427 -0.5173938 2.150949
-0.04222575 -0.5771394 1.751385
0.1838754 -0.5056533 1.785715
-0.09367774 -0.8587325 1.974881
0.103528 -0.8438265 1.910402
-0.1853027 -0.9033203 1.84082
0.109615 -0.931165 1.786954
9
-0.04115652 -0.5219935 2.17599
-0.1305448 -0.5081056 2.123967
0.0496427 -0.5173938 2.150949
-0.04222575 -0.5771394 1.751385
0.1838754 -0.5056533 1.785715
-0.09367774 -0.8587325 1.974881
0.103528 -0.8438265 1.910402
-0.1853027 -0.9033203 1.84082
0.109615 -0.931165 1.786954
9
-0.05758601 -0.5213302 2.226048
-0.1464199 -0.5047449 2.177012
0.03336357 -0.5198236 2.197499
-0.05594998 -0.5692008 1.795025
0.1631983 -0.5201055 1.830522
-0.1072623 -0.8509465 2.018513
0.08439872 -0.8551682 1.962709
-0.1839193 -0.8918785 1.860165
0.1082779 -0.9419492 1.880094
9
-0.05758601 -0.5213302 2.226048
-0.1464199 -0.5047449 2.177012
0.03336357 -0.5198236 2.197499
-0.05594998 -0.5692008 1.795025
0.1631983 -0.5201055 1.830522
-0.1072623 -0.8509465 2.018513
0.08439872 -0.8551682 1.962709
-0.1839193 -0.8918785 1.860165
0.1082779 -0.9419492 1.880094
9
-0.05950335 -0.5288265 2.230605
-0.1479123 -0.5129337 2.181295
0.03098399 -0.526616 2.202664
-0.05063074 -0.6066899 1.748754
0.1625201 -0.5254392 1.836328
-0.1019945 -0.8879762 1.972305
0.06245562 -0.8586166 1.960177
-0.1969751 -0.9010108 1.839821
0.134481 -0.9257865 1.891096
9
-0.05950335 -0.5288265 2.230605
-0.1479123 -0.5129337 2.181295
0.03098399 -0.526616 2.202664
-0.05063074 -0.6066899 1.748754
0.1625201 -0.5254392 1.836328
-0.1019945 -0.8879762 1.972305
0.06245562 -0.8586166 1.960177
-0.1969751 -0.9010108 1.839821
0.134481 -0.9257865 1.891096
9
-0.06237545 -0.540444 2.238837
-0.1497847 -0.5262619 2.188416
0.02712863 -0.5364304 2.212335
-0.05063074 -0.6066899 1.748754
0.1592627 -0.5294634 1.846213
-0.1019945 -0.8879762 1.972305
0.07056371 -0.860866 1.980977
-0.1912362 -0.9006349 1.839829
0.1205184 -0.9155958 1.869557
9
-0.06237545 -0.540444 2.238837
-0.1497847 -0.5262619 2.188416
0.02712863 -0.5364304 2.212335
-0.05063074 -0.6066899 1.748754
0.1592627 -0.5294634 1.846213
-0.1019945 -0.8879762 1.972305
0.07056371 -0.860866 1.980977
-0.1912362 -0.9006349 1.839829
0.1205184 -0.9155958 1.869557
9
-0.06591251 -0.5494345 2.246368
-0.1525642 -0.5342883 2.195125
0.02294344 -0.5458769 2.220656
-0.05063074 -0.6066899 1.748754
0.1556019 -0.532359 1.854829
-0.1019945 -0.8879762 1.972305
0.08236822 -0.8682685 1.987536
-0.1898408 -0.9025497 1.833269
0.1129224 -0.9110954 1.857857
9
-0.06591251 -0.5494345 2.246368
-0.1525642 -0.5342883 2.195125
0.02294344 -0.5458769 2.220656
-0.05063074 -0.6066899 1.748754
0.1556019 -0.532359 1.854829
-0.1019945 -0.8879762 1.972305
0.08236822 -0.8682685 1.987536
-0.1898408 -0.9025497 1.833269
0.1129224 -0.9110954 1.857857
9
-0.06754418 -0.5527837 2.250437
-0.1537414 -0.5374305 2.199032
0.0208901 -0.5493215 2.224913
-0.05063074 -0.6066899 1.748754
0.1538785 -0.5367026 1.859198
-0.1019945 -0.8879762 1.972305
0.1005823 -0.8635829 2.00036
-0.1864488 -0.9024876 1.830247
0.09987477 -0.9046 1.864223
9
-0.06754418 -0.5527837 2.250437
-0.1537414 -0.5374305 2.199032
0.0208901 -0.5493215 2.224913
-0.05063074 -0.6066899 1.748754
0.1538785 -0.5367026 1.859198
-0.1019945 -0.8879762 1.972305
0.1005823 -0.8635829 2.00036
-0.1864488 -0.9024876 1.830247
0.09987477 -0.9046 1.864223
9
-0.06865694 -0.5544142 2.253179
-0.1544705 -0.5392851 2.20128
0.0193695 -0.5506631 2.228269
-0.03794699 -0.6127727 1.734608
0.1523192 -0.5366871 1.862467
-0.08944066 -0.8939701 1.958174
0.09397995 -0.8678362 2.001841
-0.1821753 -0.902159 1.829911
0.1048231 -0.9019418 1.862933
9
-0.06865694 -0.5544142 2.253179
-0.1544705 -0.5392851 2.20128
0.0193695 -0.5506631 2.228269
-0.03794699 -0.6127727 1.734608
0.1523192 -0.5366871 1.862467
-0.08944066 -0.8939701 1.958174
0.09397995 -0.8678362 2.001841
-0.1821753 -0.902159 1.829911
0.1048231 -0.9019418 1.862933
9
-0.06865694 -0.5544142 2.253179
-0.1544705 -0.5392851 2.20128
0.0193695 -0.5506631 2.228269
-0.03794699 -0.6127727 1.734608
0.1523192 -0.5366871 1.862467
-0.08944066 -0.8939701 1.958174
0.09397995 -0.8678362 2.001841
-0.1821753 -0.902159 1.829911
0.1048231 -0.9019418 1.862933
9
-0.06865694 -0.5544142 2.253179
-0.1544705 -0.5392851 2.20128
0.0193695 -0.5506631 2.228269
-0.03794699 -0.6127727 1.734608
0.1523192 -0.5366871 1.862467
-0.08944066 -0.8939701 1.958174
0.09397995 -0.8678362 2.001841
-0.1821753 -0.902159 1.829911
0.1048231 -0.9019418 1.862933
9
-0.06870268 -0.5542006 2.253316
-0.1544105 -0.5388733 2.201571
0.01927514 -0.5505648 2.228314
-0.03258908 -0.6063154 1.734824
0.1490505 -0.5344831 1.857308
-0.08413838 -0.8875797 1.958377
0.09966672 -0.8577222 2.004914
-0.1689547 -0.9014969 1.827977
0.1025779 -0.901049 1.870087
9
-0.06870268 -0.5542006 2.253316
-0.1544105 -0.5388733 2.201571
0.01927514 -0.5505648 2.228314
-0.03258908 -0.6063154 1.734824
0.1490505 -0.5344831 1.857308
-0.08413838 -0.8875797 1.958377
0.09966672 -0.8577222 2.004914
-0.1689547 -0.9014969 1.827977
0.1025779 -0.901049 1.870087
9
-0.06777073 -0.5481973 2.251179
-0.1532215 -0.5318337 2.199385
0.01996691 -0.5456636 2.226138
-0.0291002 -0.6017765 1.733954
0.1484746 -0.5297092 1.853844
-0.08068601 -0.883086 1.957498
0.1020223 -0.8532446 2.00533
-0.1658452 -0.9010869 1.829019
0.1042897 -0.9004872 1.872814
9
-0.06777073 -0.5481973 2.251179
-0.1532215 -0.5318337 2.199385
0.01996691 -0.5456636 2.226138
-0.0291002 -0.6017765 1.733954
0.1484746 -0.5297092 1.853844
-0.08068601 -0.883086 1.957498
0.1020223 -0.8532446 2.00533
-0.1658452 -0.9010869 1.829019
0.1042897 -0.9004872 1.872814
9
-0.06545898 -0.5357736 2.244342
-0.1509925 -0.5188714 2.191964
0.02227235 -0.5342124 2.219729
-0.02756342 -0.5997772 1.733571
0.1465529 -0.5280135 1.850636
-0.07916533 -0.8811066 1.957111
0.1021088 -0.8494889 2.006124
-0.1504469 -0.8973553 1.832402
0.1024873 -0.9003145 1.875873
9
-0.06545898 -0.5357736 2.244342
-0.1509925 -0.5188714 2.191964
0.02227235 -0.5342124 2.219729
-0.02756342 -0.5997772 1.733571
0.1465529 -0.5280135 1.850636
-0.07916533 -0.8811066 1.957111
0.1021088 -0.8494889 2.006124
-0.1504469 -0.8973553 1.832402
0.1024873 -0.9003145 1.875873
