40
9
-0.0492891 -0.687907 2.184022
-0.1327333 -0.6775095 2.138354
0.0357438 -0.6758737 2.158279
-0.1707341 -0.7120829 1.769297
0.1948062 -0.7251163 1.828303
-0.1781737 -1.036499 2.03112
0.02293582 -1.022341 2.063272
-0.2533202 -1.082879 2.017555
0.1498166 -1.056901 2.046649
9
-0.0492891 -0.687907 2.184022
-0.1327333 -0.6775095 2.138354
0.0357438 -0.6758737 2.158279
-0.1707341 -0.7120829 1.769297
0.1948062 -0.7251163 1.828303
-0.1781737 -1.036499 2.03112
0.02293582 -1.022341 2.063272
-0.2533202 -1.082879 2.017555
0.1498166 -1.056901 2.046649
9
-0.04584922 -0.7209348 2.17491
-0.1293674 -0.7122847 2.127795
0.03912878 -0.7061024 2.150866
-0.1750715 -0.7175543 1.757511
0.2017397 -0.7255899 1.818758
-0.1767866 -1.042767 2.027453
0.02706503 -1.022565 2.061088
-0.2543612 -1.082441 1.967554
0.1536478 -1.057094 2.046263
9
-0.04584922 -0.7209348 2.17491
-0.1293674 -0.7122847 2.127795
0.03912878 -0.7061024 2.150866
-0.1750715 -0.7175543 1.757511
0.2017397 -0.7255899 1.818758
-0.1767866 -1.042767 2.027453
0.02706503 -1.022565 2.061088
-0.2543612 -1.082441 1.967554
0.1536478 -1.057094 2.046263
9
-0.04631871 -0.7517675 2.164189
-0.1305085 -0.7412964 2.116771
0.03937663 -0.7376822 2.140895
-0.1774994 -0.7397583 1.746591
0.2100729 -0.7217481 1.812137
-0.1768766 -1.066415 2.008336
0.05420436 -1.0341 2.047617
-0.2601575 -1.086788 1.936502
0.1762268 -1.062118 2.059208
9
-0.04631871 -0.7517675 2.164189
-0.1305085 -0.7412964 2.116771
0.03937663 -0.7376822 2.140895
-0.1774994 -0.7397583 1.746591
0.2100729 -0.7217481 1.812137
-0.1768766 -1.066415 2.008336
0.05420436 -1.0341 2.047617
-0.2601575 -1.086788 1.936502
0.1762268 -1.062118 2.059208
9
-0.04463001 -0.7779669 2.151782
-0.128347 -0.7691101 2.103614
0.04055741 -0.7614525 2.129508
-0.179039 -0.759948 1.734015
0.2169743 -0.7246531 1.805352
-0.1930845 -1.067429 1.99454
0.04166412 -1.03947 2.061273
-0.2714799 -1.111151 1.955669
0.1604272 -1.066637 2.082226
9
-0.04463001 -0.7779669 2.151782
-0.128347 -0.7691101 2.103614
0.04055741 -0.7614525 2.129508
-0.179039 -0.759948 1.734015
0.2169743 -0.7246531 1.805352
-0.1930845 -1.067429 1.99454
0.04166412 -1.03947 2.061273
-0.2714799 -1.111151 1.955669
0.1604272 -1.066637 2.082226
9
-0.0440895 -0.8016383 2.142078
-0.1278598 -0.7921517 2.093149
0.04110365 -0.7848855 2.120876
-0.1810043 -0.7616036 1.724716
0.2217452 -0.7232188 1.802706
-0.1972436 -1.069983 1.98854
0.04862287 -1.037332 2.052119
-0.2763665 -1.112936 1.955869
0.1684935 -1.063069 2.071449
9
-0.0440895 -0.8016383 2.142078
-0.1278598 -0.7921517 2.093149
0.04110365 -0.7848855 2.120876
-0.1810043 -0.7616036 1.724716
0.2217452 -0.7232188 1.802706
-0.1972436 -1.069983 1.98854
0.04862287 -1.037332 2.052119
-0.2763665 -1.112936 1.955869
0.1684935 -1.063069 2.071449
9
-0.04546142 -0.8158459 2.134594
-0.1292352 -0.8051614 2.085574
0.03977415 -0.7998567 2.113678
-0.1804385 -0.7722703 1.717046
0.2257717 -0.7261229 1.801348
-0.2008729 -1.078103 1.973955
0.05310159 -1.042653 2.046254
-0.2812493 -1.118987 1.943672
0.135619 -1.076186 1.983179
9
-0.04546142 -0.8158459 2.134594
-0.1292352 -0.8051614 2.085574
0.03977415 -0.7998567 2.113678
-0.1804385 -0.7722703 1.717046
0.2257717 -0.7261229 1.801348
-0.2008729 -1.078103 1.973955
0.05310159 -1.042653 2.046254
-0.2812493 -1.118987 1.943672
0.135619 -1.076186 1.983179
9
-0.04774693 -0.8290588 2.129408
-0.131842 -0.8180488 2.0804
0.03788448 -0.8129194 2.10865
-0.1732618 -0.7815478 1.744961
0.2273395 -0.7261134 1.801862
-0.2005949 -1.084694 1.965477
0.05851083 -1.045889 2.046889
-0.2811413 -1.125242 1.934385
0.142006 -1.078366 1.985059
9
-0.04774693 -0.8290588 2.129408
-0.131842 -0.8180488 2.0804
0.03788448 -0.8129194 2.10865
-0.1732618 -0.7815478 1.744961
0.2273395 -0.7261134 1.801862
-0.2005949 -1.084694 1.965477
0.05851083 -1.045889 2.046889
-0.2811413 -1.125242 1.934385
0.142006 -1.078366 1.985059
9
-0.04804562 -0.8351203 2.125626
-0.1322563 -0.8244762 2.076316
0.03770151 -0.8184136 2.105238
-0.1731677 -0.7853673 1.741249
0.229172 -0.7268115 1.801187
-0.2008501 -1.088309 1.961628
0.06343835 -1.05032 2.052182
-0.2814979 -1.128633 1.930374
0.1494334 -1.072205 1.983036
9
-0.04804562 -0.8351203 2.125626
-0.1322563 -0.8244762 2.076316
0.03770151 -0.8184136 2.105238
-0.1731677 -0.7853673 1.741249
0.229172 -0.7268115 1.801187
-0.2008501 -1.088309 1.961628
0.06343835 -1.05032 2.052182
-0.2814979 -1.128633 1.930374
0.1494334 -1.072205 1.983036
9
-0.04805441 -0.8383951 2.122299
-0.1324309 -0.8276041 2.073161
0.03786789 -0.8216978 2.10179
-0.1737532 -0.7898797 1.735753
0.2309052 -0.7269643 1.799769
-0.2017069 -1.092667 1.955999
0.06665939 -1.057836 2.057179
-0.2824079 -1.132796 1.924604
0.1418108 -1.079528 1.968917
9
-0.04805441 -0.8383951 2.122299
-0.1324309 -0.8276041 2.073161
0.03786789 -0.8216978 2.10179
-0.1737532 -0.7898797 1.735753
0.2309052 -0.7269643 1.799769
-0.2017069 -1.092667 1.955999
0.06665939 -1.057836 2.057179
-0.2824079 -1.132796 1.924604
0.1418108 -1.079528 1.968917
9
-0.0486411 -0.8389195 2.120264
-0.1332026 -0.8281908 2.070684
0.03746006 -0.8221238 2.100168
-0.1744201 -0.7912848 1.73399
0.2317344 -0.7265846 1.799261
-0.2024729 -1.094019 1.954186
0.08667051 -1.026255 2.012393
-0.2831874 -1.134081 1.922744
0.1139657 -1.072552 1.881866
9
-0.0486411 -0.8389195 2.120264
-0.1332026 -0.8281908 2.070684
0.03746006 -0.8221238 2.100168
-0.1744201 -0.7912848 1.73399
0.2317344 -0.7265846 1.799261
-0.2024729 -1.094019 1.954186
0.08667051 -1.026255 2.012393
-0.2831874 -1.134081 1.922744
0.1139657 -1.072552 1.881866
9
-0.0486411 -0.8389195 2.120264
-0.1332026 -0.8281908 2.070684
0.03746006 -0.8221238 2.100168
-0.1744201 -0.7912848 1.73399
0.2317344 -0.7265846 1.799261
-0.2024729 -1.094019 1.954186
0.08667051 -1.026255 2.012393
-0.2831874 -1.134081 1.922744
0.1139657 -1.072552 1.881866
9
-0.0486411 -0.8389195 2.120264
-0.1332026 -0.8281908 2.070684
0.03746006 -0.8221238 2.100168
-0.1744201 -0.7912848 1.73399
0.2317344 -0.7265846 1.799261
-0.2024729 -1.094019 1.954186
0.08667051 -1.026255 2.012393
-0.2831874 -1.134081 1.922744
0.1139657 -1.072552 1.881866
9
-0.0486411 -0.8389195 2.120264
-0.1332026 -0.8281908 2.070684
0.03746006 -0.8221238 2.100168
-0.1744201 -0.7912848 1.73399
0.2317344 -0.7265846 1.799261
-0.2024729 -1.094019 1.954186
0.08667051 -1.026255 2.012393
-0.2831874 -1.134081 1.922744
0.1139657 -1.072552 1.881866
9
-0.0486411 -0.8389195 2.120264
-0.1332026 -0.8281908 2.070684
0.03746006 -0.8221238 2.100168
-0.1744201 -0.7912848 1.73399
0.2317344 -0.7265846 1.799261
-0.2024729 -1.094019 1.954186
0.08667051 -1.026255 2.012393
-0.2831874 -1.134081 1.922744
0.1139657 -1.072552 1.881866
9
-0.04862146 -0.8297371 2.116073
-0.1329803 -0.8198153 2.067365
0.03727174 -0.8122852 2.094954
-0.1750763 -0.7912227 1.732147
0.235084 -0.7295548 1.792867
-0.2032069 -1.093911 1.952281
0.06939511 -1.056741 2.049978
-0.2839327 -1.133925 1.920757
0.1273408 -1.057863 1.936379
9
-0.04862146 -0.8297371 2.116073
-0.1329803 -0.8198153 2.067365
0.03727174 -0.8122852 2.094954
-0.1750763 -0.7912227 1.732147
0.235084 -0.7295548 1.792867
-0.2032069 -1.093911 1.952281
0.06939511 -1.056741 2.049978
-0.2839327 -1.133925 1.920757
0.1273408 -1.057863 1.936379
9
-0.04758094 -0.824454 2.115049
-0.1321177 -0.814658 2.066578
0.0384727 -0.8070359 2.09367
-0.1751788 -0.7911924 1.731527
0.2345444 -0.7316186 1.788525
-0.2033398 -1.09386 1.951646
0.064572 -1.054842 2.049363
-0.2840726 -1.133856 1.920088
0.1225934 -1.055984 1.935753
9
-0.04758094 -0.824454 2.115049
-0.1321177 -0.814658 2.066578
0.0384727 -0.8070359 2.09367
-0.1751788 -0.7911924 1.731527
0.2345444 -0.7316186 1.788525
-0.2033398 -1.09386 1.951646
0.064572 -1.054842 2.049363
-0.2840726 -1.133856 1.920088
0.1225934 -1.055984 1.935753
9
-0.04759377 -0.8225243 2.114893
-0.1320901 -0.8127201 2.066629
0.03842524 -0.8051543 2.093304
-0.1748718 -0.7910515 1.730968
0.2303556 -0.7327856 1.784594
-0.2030638 -1.093704 1.951088
0.06371433 -1.054528 2.048547
-0.2838069 -1.133688 1.919497
0.1163835 -1.063611 1.93336
9
-0.04759377 -0.8225243 2.114893
-0.1320901 -0.8127201 2.066629
0.03842524 -0.8051543 2.093304
-0.1748718 -0.7910515 1.730968
0.2303556 -0.7327856 1.784594
-0.2030638 -1.093704 1.951088
0.06371433 -1.054528 2.048547
-0.2838069 -1.133688 1.919497
0.1163835 -1.063611 1.93336
9
-0.04749391 -0.8216987 2.114724
-0.1320654 -0.8117703 2.066622
0.0385988 -0.8044352 2.092976
-0.1744558 -0.7909265 1.730471
0.2269013 -0.7351224 1.781181
-0.2026794 -1.093566 1.950594
0.05672273 -1.051435 2.045174
-0.2834325 -1.133542 1.918979
0.1103567 -1.065059 1.932095
9
-0.04749391 -0.8216987 2.114724
-0.1320654 -0.8117703 2.066622
0.0385988 -0.8044352 2.092976
-0.1744558 -0.7909265 1.730471
0.2269013 -0.7351224 1.781181
-0.2026794 -1.093566 1.950594
0.05672273 -1.051435 2.045174
-0.2834325 -1.133542 1.918979
0.1103567 -1.065059 1.932095
9
-0.04754842 -0.8216904 2.114721
-0.1322066 -0.8116788 2.066681
0.03856714 -0.8044755 2.092935
-0.1739133 -0.7912478 1.729405
0.2228393 -0.7377092 1.778009
-0.2021733 -1.093861 1.949534
0.05832363 -1.050857 2.04314
-0.2829391 -1.133817 1.917908
0.1111131 -1.067098 1.930544
9
-0.04754842 -0.8216904 2.114721
-0.1322066 -0.8116788 2.066681
0.03856714 -0.8044755 2.092935
-0.1739133 -0.7912478 1.729405
0.2228393 -0.7377092 1.778009
-0.2021733 -1.093861 1.949534
0.05832363 -1.050857 2.04314
-0.2829391 -1.133817 1.917908
0.1111131 -1.067098 1.930544
9
-0.04835888 -0.8230518 2.114379
-0.1330773 -0.8125681 2.066378
0.03786411 -0.8064471 2.092562
-0.1736966 -0.7915863 1.729004
0.2197386 -0.7366322 1.776733
-0.2019765 -1.094181 1.949136
0.06062606 -1.050577 2.038892
-0.2827507 -1.134122 1.917509
0.1125062 -1.070443 1.927319
9
-0.04835888 -0.8230518 2.114379
-0.1330773 -0.8125681 2.066378
0.03786411 -0.8064471 2.092562
-0.1736966 -0.7915863 1.729004
0.2197386 -0.7366322 1.776733
-0.2019765 -1.094181 1.949136
0.06062606 -1.050577 2.038892
-0.2827507 -1.134122 1.917509
0.1125062 -1.070443 1.927319
9
-0.05002679 -0.8281649 2.113912
-0.1346963 -0.816461 2.06621
0.03625938 -0.8127574 2.091816
-0.1737009 -0.792059 1.728633
0.218548 -0.7355901 1.777867
-0.2019939 -1.094637 1.948765
0.06026994 -1.056485 2.042226
-0.2827741 -1.134561 1.917142
0.1165465 -1.069172 1.930759
9
-0.05002679 -0.8281649 2.113912
-0.1346963 -0.816461 2.06621
0.03625938 -0.8127574 2.091816
-0.1737009 -0.792059 1.728633
0.218548 -0.7355901 1.777867
-0.2019939 -1.094637 1.948765
0.06026994 -1.056485 2.042226
-0.2827741 -1.134561 1.917142
0.1165465 -1.069172 1.930759
9
-0.05097141 -0.8340408 2.113675
-0.1357242 -0.8215527 2.065416
0.03544105 -0.8192435 2.092305
-0.1742282 -0.793163 1.728138
0.2171156 -0.7344239 1.779866
-0.2025344 -1.09572 1.948268
0.06163632 -1.052882 2.039152
-0.2833146 -1.135615 1.916653
0.1211148 -1.056324 1.927167
9
-0.05097141 -0.8340408 2.113675
-0.1357242 -0.8215527 2.065416
0.03544105 -0.8192435 2.092305
-0.1742282 -0.793163 1.728138
0.2171156 -0.7344239 1.779866
-0.2025344 -1.09572 1.948268
0.06163632 -1.052882 2.039152
-0.2833146 -1.135615 1.916653
0.1211148 -1.056324 1.927167
