40
9
-0.1461066 -0.3361858 2.015738
-0.2203854 -0.3387816 1.98763
-0.06629272 -0.3209864 1.96831
-0.4151764 -0.4740548 1.715093
-0.05123043 -0.4457039 1.620826
-0.2347324 -0.7677978 1.948866
-0.04445149 -0.7559252 1.787586
-0.2779676 -0.8414927 1.920813
-0.01979385 -0.8334511 1.723715
9
-0.1461066 -0.3361858 2.015738
-0.2203854 -0.3387816 1.98763
-0.06629272 -0.3209864 1.96831
-0.4151764 -0.4740548 1.715093
-0.05123043 -0.4457039 1.620826
-0.2347324 -0.7677978 1.948866
-0.04445149 -0.7559252 1.787586
-0.2779676 -0.8414927 1.920813
-0.01979385 -0.8334511 1.723715
9
-0.1461066 -0.3361858 2.015738
-0.2203854 -0.3387816 1.98763
-0.06629272 -0.3209864 1.96831
-0.4151764 -0.4740548 1.715093
-0.05123043 -0.4457039 1.620826
-0.2347324 -0.7677978 1.948866
-0.04445149 -0.7559252 1.787586
-0.2779676 -0.8414927 1.920813
-0.01979385 -0.8334511 1.723715
9
-0.1458438 -0.3595562 2.011275
-0.2196063 -0.3621211 1.983495
-0.06654602 -0.3435284 1.963674
-0.412716 -0.4865727 1.703755
-0.05258616 -0.448848 1.609173
-0.2357333 -0.7700312 1.943917
-0.04572844 -0.760163 1.785678
-0.2803466 -0.8424101 1.92057
-0.01923939 -0.8382704 1.725682
9
-0.1458438 -0.3595562 2.011275
-0.2196063 -0.3621211 1.983495
-0.06654602 -0.3435284 1.963674
-0.412716 -0.4865727 1.703755
-0.05258616 -0.448848 1.609173
-0.2357333 -0.7700312 1.943917
-0.04572844 -0.760163 1.785678
-0.2803466 -0.8424101 1.92057
-0.01923939 -0.8382704 1.725682
9
-0.1471159 -0.3718669 2.010172
-0.2208036 -0.3741491 1.982668
-0.06785121 -0.3556557 1.962379
-0.412564 -0.4900409 1.697622
-0.05432834 -0.4528797 1.605303
-0.2356375 -0.7736657 1.943046
-0.04716837 -0.762296 1.783256
-0.2831712 -0.844147 1.920591
-0.0173502 -0.8405225 1.727798
9
-0.1471159 -0.3718669 2.010172
-0.2208036 -0.3741491 1.982668
-0.06785121 -0.3556557 1.962379
-0.412564 -0.4900409 1.697622
-0.05432834 -0.4528797 1.605303
-0.2356375 -0.7736657 1.943046
-0.04716837 -0.762296 1.783256
-0.2831712 -0.844147 1.920591
-0.0173502 -0.8405225 1.727798
9
-0.1465864 -0.3844361 2.008945
-0.2199619 -0.3872947 1.981832
-0.06763834 -0.3672251 1.960869
-0.412454 -0.4931502 1.692783
-0.05650473 -0.4556708 1.601168
-0.2367062 -0.777617 1.942082
-0.0477717 -0.7641923 1.782678
-0.288374 -0.8452251 1.920426
-0.01693517 -0.8417958 1.726068
9
-0.1465864 -0.3844361 2.008945
-0.2199619 -0.3872947 1.981832
-0.06763834 -0.3672251 1.960869
-0.412454 -0.4931502 1.692783
-0.05650473 -0.4556708 1.601168
-0.2367062 -0.777617 1.942082
-0.0477717 -0.7641923 1.782678
-0.288374 -0.8452251 1.920426
-0.01693517 -0.8417958 1.726068
9
-0.14949 -0.3996699 2.005266
-0.2225936 -0.4023066 1.977862
-0.0707128 -0.3820736 1.95759
-0.4140132 -0.5026531 1.68579
-0.0580987 -0.4573927 1.594619
-0.2384236 -0.780718 1.940615
-0.04937789 -0.7640874 1.778503
-0.2903768 -0.8476273 1.921461
-0.01598017 -0.8419334 1.727176
9
-0.14949 -0.3996699 2.005266
-0.2225936 -0.4023066 1.977862
-0.0707128 -0.3820736 1.95759
-0.4140132 -0.5026531 1.68579
-0.0580987 -0.4573927 1.594619
-0.2384236 -0.780718 1.940615
-0.04937789 -0.7640874 1.778503
-0.2903768 -0.8476273 1.921461
-0.01598017 -0.8419334 1.727176
9
-0.1503893 -0.4128801 2.00178
-0.2233043 -0.4149319 1.974756
-0.07177583 -0.395368 1.953816
-0.4153394 -0.5068422 1.679912
-0.05955657 -0.4589773 1.588323
-0.2403356 -0.7825543 1.939457
-0.04968412 -0.7645861 1.77743
-0.2916238 -0.8497508 1.920932
-0.01580593 -0.8424345 1.727135
9
-0.1503893 -0.4128801 2.00178
-0.2233043 -0.4149319 1.974756
-0.07177583 -0.395368 1.953816
-0.4153394 -0.5068422 1.679912
-0.05955657 -0.4589773 1.588323
-0.2403356 -0.7825543 1.939457
-0.04968412 -0.7645861 1.77743
-0.2916238 -0.8497508 1.920932
-0.01580593 -0.8424345 1.727135
9
-0.1514023 -0.4227508 1.999244
-0.2243156 -0.424748 1.97248
-0.07275115 -0.4049172 1.951104
-0.4157052 -0.5118642 1.675475
-0.06124532 -0.4607791 1.58415
-0.2405859 -0.7839423 1.939492
-0.05022845 -0.7662323 1.775418
-0.2924312 -0.8509369 1.919912
-0.01467401 -0.8438887 1.728031
9
-0.1514023 -0.4227508 1.999244
-0.2243156 -0.424748 1.97248
-0.07275115 -0.4049172 1.951104
-0.4157052 -0.5118642 1.675475
-0.06124532 -0.4607791 1.58415
-0.2405859 -0.7839423 1.939492
-0.05022845 -0.7662323 1.775418
-0.2924312 -0.8509369 1.919912
-0.01467401 -0.8438887 1.728031
9
-0.1521405 -0.432113 1.997425
-0.2251037 -0.434519 1.970547
-0.0734148 -0.4135324 1.94947
-0.4165891 -0.5149114 1.67143
-0.06411847 -0.4653066 1.581801
-0.2415334 -0.7848024 1.938677
-0.05128798 -0.7666329 1.773928
-0.2933479 -0.8521506 1.91699
-0.01366458 -0.8436601 1.727866
9
-0.1521405 -0.432113 1.997425
-0.2251037 -0.434519 1.970547
-0.0734148 -0.4135324 1.94947
-0.4165891 -0.5149114 1.67143
-0.06411847 -0.4653066 1.581801
-0.2415334 -0.7848024 1.938677
-0.05128798 -0.7666329 1.773928
-0.2933479 -0.8521506 1.91699
-0.01366458 -0.8436601 1.727866
9
-0.1528734 -0.4423371 1.994511
-0.2257967 -0.4442498 1.967939
-0.07415666 -0.4238516 1.946336
-0.4175422 -0.5186896 1.667236
-0.06570466 -0.4674672 1.577459
-0.2427124 -0.7855777 1.937576
-0.05192222 -0.767138 1.772931
-0.2934018 -0.8535653 1.916491
-0.01319473 -0.8438123 1.727718
9
-0.1528734 -0.4423371 1.994511
-0.2257967 -0.4442498 1.967939
-0.07415666 -0.4238516 1.946336
-0.4175422 -0.5186896 1.667236
-0.06570466 -0.4674672 1.577459
-0.2427124 -0.7855777 1.937576
-0.05192222 -0.767138 1.772931
-0.2934018 -0.8535653 1.916491
-0.01319473 -0.8438123 1.727718
9
-0.1530222 -0.4503597 1.99197
-0.2261326 -0.4538817 1.964457
-0.07414722 -0.4301439 1.944664
-0.4201061 -0.5217124 1.663543
-0.06762075 -0.4692184 1.575174
-0.2430227 -0.7857792 1.937504
-0.05163115 -0.7684897 1.771743
-0.2929661 -0.8544716 1.915013
-0.01293269 -0.8451794 1.726846
9
-0.1530222 -0.4503597 1.99197
-0.2261326 -0.4538817 1.964457
-0.07414722 -0.4301439 1.944664
-0.4201061 -0.5217124 1.663543
-0.06762075 -0.4692184 1.575174
-0.2430227 -0.7857792 1.937504
-0.05163115 -0.7684897 1.771743
-0.2929661 -0.8544716 1.915013
-0.01293269 -0.8451794 1.726846
9
-0.155091 -0.4613446 1.987959
-0.2281337 -0.4632753 1.961189
-0.07614979 -0.4421915 1.940065
-0.4218295 -0.5222011 1.65786
-0.06936073 -0.4707127 1.56946
-0.2432434 -0.7860507 1.937353
-0.05193014 -0.7694678 1.770719
-0.2924416 -0.8554192 1.913389
-0.01234415 -0.8454994 1.72374
9
-0.155091 -0.4613446 1.987959
-0.2281337 -0.4632753 1.961189
-0.07614979 -0.4421915 1.940065
-0.4218295 -0.5222011 1.65786
-0.06936073 -0.4707127 1.56946
-0.2432434 -0.7860507 1.937353
-0.05193014 -0.7694678 1.770719
-0.2924416 -0.8554192 1.913389
-0.01234415 -0.8454994 1.72374
9
-0.1573386 -0.4703491 1.985123
-0.2305552 -0.4717892 1.958399
-0.07812994 -0.451276 1.937323
-0.4231568 -0.5236756 1.652772
-0.07049439 -0.4718967 1.566103
-0.2434311 -0.7866848 1.937627
-0.05250781 -0.7701826 1.770566
-0.2923696 -0.8563921 1.912109
-0.01171518 -0.8456588 1.723397
9
-0.1573386 -0.4703491 1.985123
-0.2305552 -0.4717892 1.958399
-0.07812994 -0.451276 1.937323
-0.4231568 -0.5236756 1.652772
-0.07049439 -0.4718967 1.566103
-0.2434311 -0.7866848 1.937627
-0.05250781 -0.7701826 1.770566
-0.2923696 -0.8563921 1.912109
-0.01171518 -0.8456588 1.723397
9
-0.1585595 -0.4787908 1.982813
-0.2320924 -0.4808766 1.955379
-0.07902958 -0.4588009 1.935745
-0.4254368 -0.5252471 1.648854
-0.07156923 -0.4741425 1.564204
-0.2433955 -0.7873893 1.938526
-0.05249486 -0.77041 1.768653
-0.2923998 -0.8572703 1.910647
-0.01157302 -0.8459048 1.722147
9
-0.1585595 -0.4787908 1.982813
-0.2320924 -0.4808766 1.955379
-0.07902958 -0.4588009 1.935745
-0.4254368 -0.5252471 1.648854
-0.07156923 -0.4741425 1.564204
-0.2433955 -0.7873893 1.938526
-0.05249486 -0.77041 1.768653
-0.2923998 -0.8572703 1.910647
-0.01157302 -0.8459048 1.722147
9
-0.15982 -0.4869306 1.980459
-0.2334833 -0.4889078 1.952827
-0.08010323 -0.4666855 1.933712
-0.4273674 -0.525545 1.645419
-0.07228996 -0.4756504 1.561893
-0.2430723 -0.7880014 1.939946
-0.05254032 -0.771421 1.767866
-0.2925446 -0.8577964 1.908411
-0.01125004 -0.8468302 1.722103
9
-0.15982 -0.4869306 1.980459
-0.2334833 -0.4889078 1.952827
-0.08010323 -0.4666855 1.933712
-0.4273674 -0.525545 1.645419
-0.07228996 -0.4756504 1.561893
-0.2430723 -0.7880014 1.939946
-0.05254032 -0.771421 1.767866
-0.2925446 -0.8577964 1.908411
-0.01125004 -0.8468302 1.722103
9
-0.1608211 -0.4940093 1.978519
-0.2347489 -0.4960514 1.950573
-0.08081137 -0.4734381 1.932158
-0.4280874 -0.5258992 1.641846
-0.07372469 -0.4771823 1.560179
-0.2427939 -0.7883369 1.94049
-0.05286408 -0.7719123 1.76698
-0.2929894 -0.8577132 1.907079
-0.01142489 -0.8471422 1.720422
9
-0.1608211 -0.4940093 1.978519
-0.2347489 -0.4960514 1.950573
-0.08081137 -0.4734381 1.932158
-0.4280874 -0.5258992 1.641846
-0.07372469 -0.4771823 1.560179
-0.2427939 -0.7883369 1.94049
-0.05286408 -0.7719123 1.76698
-0.2929894 -0.8577132 1.907079
-0.01142489 -0.8471422 1.720422
9
-0.1620421 -0.5018006 1.976629
-0.2360925 -0.5040395 1.948231
-0.0818658 -0.4807493 1.930789
-0.4290992 -0.5264288 1.638438
-0.07485706 -0.4782078 1.55873
-0.2426899 -0.788672 1.940784
-0.05328725 -0.7723815 1.766583
-0.2930812 -0.8579279 1.906828
-0.01159653 -0.8474318 1.719568
9
-0.1620421 -0.5018006 1.976629
-0.2360925 -0.5040395 1.948231
-0.0818658 -0.4807493 1.930789
-0.4290992 -0.5264288 1.638438
-0.07485706 -0.4782078 1.55873
-0.2426899 -0.788672 1.940784
-0.05328725 -0.7723815 1.766583
-0.2930812 -0.8579279 1.906828
-0.01159653 -0.8474318 1.719568
9
-0.1622902 -0.5083385 1.974028
-0.2364576 -0.5113299 1.945244
-0.08199197 -0.4863143 1.928633
-0.4301225 -0.5261928 1.635252
-0.07591248 -0.4792225 1.556571
-0.2425684 -0.7900596 1.942088
-0.05353322 -0.7725341 1.765353
-0.2941384 -0.8584902 1.905231
-0.01191349 -0.8476779 1.718808
9
-0.1622902 -0.5083385 1.974028
-0.2364576 -0.5113299 1.945244
-0.08199197 -0.4863143 1.928633
-0.4301225 -0.5261928 1.635252
-0.07591248 -0.4792225 1.556571
-0.2425684 -0.7900596 1.942088
-0.05353322 -0.7725341 1.765353
-0.2941384 -0.8584902 1.905231
-0.01191349 -0.8476779 1.718808
9
-0.1634368 -0.5154392 1.973231
-0.2375728 -0.5178536 1.944195
-0.08311938 -0.4937214 1.928202
-0.4308707 -0.5270764 1.633598
-0.07644434 -0.4795124 1.556282
-0.2426179 -0.7902855 1.942529
-0.05412901 -0.7726907 1.764914
-0.2842829 -0.8637189 1.920996
-0.01132352 -0.8472748 1.71822
9
-0.1634368 -0.5154392 1.973231
-0.2375728 -0.5178536 1.944195
-0.08311938 -0.4937214 1.928202
-0.4308707 -0.5270764 1.633598
-0.07644434 -0.4795124 1.556282
-0.2426179 -0.7902855 1.942529
-0.05412901 -0.7726907 1.764914
-0.2842829 -0.8637189 1.920996
-0.01132352 -0.8472748 1.71822
9
-0.1634183 -0.5210048 1.972285
-0.23774 -0.5235121 1.943068
-0.08292105 -0.4989743 1.927489
-0.4313843 -0.5292423 1.632555
-0.07712955 -0.4783741 1.555792
-0.2425405 -0.7903737 1.942866
-0.05437857 -0.7730399 1.764701
-0.2934498 -0.8592781 1.906745
-0.01116867 -0.8475428 1.718818
9
-0.1634183 -0.5210048 1.972285
-0.23774 -0.5235121 1.943068
-0.08292105 -0.4989743 1.927489
-0.4313843 -0.5292423 1.632555
-0.07712955 -0.4783741 1.555792
-0.2425405 -0.7903737 1.942866
-0.05437857 -0.7730399 1.764701
-0.2934498 -0.8592781 1.906745
-0.01116867 -0.8475428 1.718818
9
-0.1644021 -0.5267403 1.971259
-0.2390622 -0.5288717 1.942176
-0.0835128 -0.5048891 1.926388
-0.4324021 -0.5300245 1.631309
-0.0770578 -0.478104 1.555041
-0.2425561 -0.7906287 1.943349
-0.05449717 -0.7732793 1.764627
-0.2966957 -0.8569499 1.90132
-0.01138029 -0.8477517 1.718184
