40
9
0.09480423 -0.6700829 1.995429
0.01995874 -0.6702636 1.990038
0.166424 -0.6468151 1.931524
-0.2450539 -0.7441315 1.75948
0.08377364 -0.6931805 1.574115
-0.001994613 -1.013052 1.923971
0.1654278 -1.003734 1.792738
-0.08072924 -1.054807 1.875273
0.1119995 -0.9365234 1.681641
9
0.09480423 -0.6700829 1.995429
0.01995874 -0.6702636 1.990038
0.166424 -0.6468151 1.931524
-0.2450539 -0.7441315 1.75948
0.08377364 -0.6931805 1.574115
-0.001994613 -1.013052 1.923971
0.1654278 -1.003734 1.792738
-0.08072924 -1.054807 1.875273
0.1119995 -0.9365234 1.681641
9
0.09480423 -0.6700829 1.995429
0.01995874 -0.6702636 1.990038
0.166424 -0.6468151 1.931524
-0.2450539 -0.7441315 1.75948
0.08377364 -0.6931805 1.574115
-0.001994613 -1.013052 1.923971
0.1654278 -1.003734 1.792738
-0.08072924 -1.054807 1.875273
0.1119995 -0.9365234 1.681641
9
0.09480423 -0.6700829 1.995429
0.01995874 -0.6702636 1.990038
0.166424 -0.6468151 1.931524
-0.2450539 -0.7441315 1.75948
0.08377364 -0.6931805 1.574115
-0.001994613 -1.013052 1.923971
0.1654278 -1.003734 1.792738
-0.08072924 -1.054807 1.875273
0.1119995 -0.9365234 1.681641
9
0.09480423 -0.6700829 1.995429
0.01995874 -0.6702636 1.990038
0.166424 -0.6468151 1.931524
-0.2450539 -0.7441315 1.75948
0.08377364 -0.6931805 1.574115
-0.001994613 -1.013052 1.923971
0.1654278 -1.003734 1.792738
-0.08072924 -1.054807 1.875273
0.1119995 -0.9365234 1.681641
9
0.08927394 -0.7372975 1.985399
0.01294649 -0.7369634 1.978941
0.1626059 -0.712165 1.923286
-0.2619999 -0.735972 1.744775
0.08316174 -0.6917347 1.561401
-0.01612706 -1.018419 1.919089
0.1715835 -1.006058 1.794507
-0.09148128 -1.064158 1.870666
0.1143244 -0.9360909 1.682289
9
0.08927394 -0.7372975 1.985399
0.01294649 -0.7369634 1.978941
0.1626059 -0.712165 1.923286
-0.2619999 -0.735972 1.744775
0.08316174 -0.6917347 1.561401
-0.01612706 -1.018419 1.919089
0.1715835 -1.006058 1.794507
-0.09148128 -1.064158 1.870666
0.1143244 -0.9360909 1.682289
9
0.08629826 -0.7542456 1.981465
0.009677429 -0.7529684 1.97657
0.1600367 -0.7296309 1.91789
-0.2647579 -0.7408048 1.741625
0.08467878 -0.6985173 1.555734
-0.02050966 -1.019666 1.913591
0.1739691 -1.006582 1.792601
-0.09439249 -1.066528 1.863474
0.1159995 -0.9352823 1.68032
9
0.08629826 -0.7542456 1.981465
0.009677429 -0.7529684 1.97657
0.1600367 -0.7296309 1.91789
-0.2647579 -0.7408048 1.741625
0.08467878 -0.6985173 1.555734
-0.02050966 -1.019666 1.913591
0.1739691 -1.006582 1.792601
-0.09439249 -1.066528 1.863474
0.1159995 -0.9352823 1.68032
9
0.07669727 -0.7877855 1.973513
-0.0006671331 -0.7841597 1.970471
0.1515795 -0.7643458 1.908514
-0.2713689 -0.7410326 1.733364
0.08640777 -0.7084934 1.54702
-0.02420447 -1.033406 1.915959
0.1921289 -1.012325 1.802146
-0.0990515 -1.077381 1.861457
0.1314515 -0.9380611 1.68868
9
0.07669727 -0.7877855 1.973513
-0.0006671331 -0.7841597 1.970471
0.1515795 -0.7643458 1.908514
-0.2713689 -0.7410326 1.733364
0.08640777 -0.7084934 1.54702
-0.02420447 -1.033406 1.915959
0.1921289 -1.012325 1.802146
-0.0990515 -1.077381 1.861457
0.1314515 -0.9380611 1.68868
9
0.07633735 -0.7995982 1.969003
-0.001591103 -0.7970664 1.965992
0.1517166 -0.774694 1.904193
-0.2723412 -0.7495618 1.729723
0.08871402 -0.7128506 1.543224
-0.03033451 -1.017275 1.910914
0.1956734 -1.011499 1.799265
-0.1018547 -1.065053 1.855906
0.1353184 -0.9368088 1.68585
9
0.07633735 -0.7995982 1.969003
-0.001591103 -0.7970664 1.965992
0.1517166 -0.774694 1.904193
-0.2723412 -0.7495618 1.729723
0.08871402 -0.7128506 1.543224
-0.03033451 -1.017275 1.910914
0.1956734 -1.011499 1.799265
-0.1018547 -1.065053 1.855906
0.1353184 -0.9368088 1.68585
9
0.06949878 -0.8193024 1.96274
-0.008725442 -0.8149652 1.960677
0.145474 -0.7955278 1.897225
-0.2758918 -0.7504176 1.723576
0.09287973 -0.7219623 1.536651
-0.03109479 -1.014355 1.909537
0.2038964 -1.006047 1.798094
-0.1023207 -1.062331 1.854125
0.1438534 -0.9308758 1.684819
9
0.06949878 -0.8193024 1.96274
-0.008725442 -0.8149652 1.960677
0.145474 -0.7955278 1.897225
-0.2758918 -0.7504176 1.723576
0.09287973 -0.7219623 1.536651
-0.03109479 -1.014355 1.909537
0.2038964 -1.006047 1.798094
-0.1023207 -1.062331 1.854125
0.1438534 -0.9308758 1.684819
9
0.06751218 -0.8282296 1.960581
-0.01141096 -0.8235803 1.959533
0.1442347 -0.8045747 1.89413
-0.2761236 -0.7576725 1.719743
0.0950538 -0.7290137 1.533473
-0.04086309 -1.028578 1.90157
0.0383023 -0.652164 1.132138
-0.111499 -1.076739 1.846148
-0.001303881 -0.7014083 1.007746
9
0.06787477 -0.8355038 1.957309
-0.01148812 -0.8314945 1.956219
0.1449755 -0.8108963 1.891059
-0.2748056 -0.764909 1.714883
0.09524229 -0.7316857 1.531235
-0.04051984 -1.034246 1.901826
0.03783751 -0.6505564 1.130862
-0.1107814 -1.082696 1.846292
-0.001403406 -0.6991661 1.005864
9
0.06787477 -0.8355038 1.957309
-0.01148812 -0.8314945 1.956219
0.1449755 -0.8108963 1.891059
-0.2748056 -0.764909 1.714883
0.09524229 -0.7316857 1.531235
-0.04051984 -1.034246 1.901826
0.03783751 -0.6505564 1.130862
-0.1107814 -1.082696 1.846292
-0.001403406 -0.6991661 1.005864
9
0.06787477 -0.8355038 1.957309
-0.01148812 -0.8314945 1.956219
0.1449755 -0.8108963 1.891059
-0.2748056 -0.764909 1.714883
0.09524229 -0.7316857 1.531235
-0.04051984 -1.034246 1.901826
0.03783751 -0.6505564 1.130862
-0.1107814 -1.082696 1.846292
-0.001403406 -0.6991661 1.005864
9
0.06787477 -0.8355038 1.957309
-0.01148812 -0.8314945 1.956219
0.1449755 -0.8108963 1.891059
-0.2748056 -0.764909 1.714883
0.09524229 -0.7316857 1.531235
-0.04051984 -1.034246 1.901826
0.03783751 -0.6505564 1.130862
-0.1107814 -1.082696 1.846292
-0.001403406 -0.6991661 1.005864
9
0.06644292 -0.8402306 1.955132
-0.0135594 -0.8366884 1.953835
0.1441679 -0.8149874 1.889153
-0.2716335 -0.7675883 1.706859
0.09563384 -0.7313733 1.530119
-0.03760982 -1.035908 1.90301
0.2125706 -1.007426 1.794051
-0.1077727 -1.084468 1.847386
0.152327 -0.9319561 1.681096
9
0.06644292 -0.8402306 1.955132
-0.0135594 -0.8366884 1.953835
0.1441679 -0.8149874 1.889153
-0.2716335 -0.7675883 1.706859
0.09563384 -0.7313733 1.530119
-0.03760982 -1.035908 1.90301
0.2125706 -1.007426 1.794051
-0.1077727 -1.084468 1.847386
0.152327 -0.9319561 1.681096
9
0.06644292 -0.8402306 1.955132
-0.0135594 -0.8366884 1.953835
0.1441679 -0.8149874 1.889153
-0.2716335 -0.7675883 1.706859
0.09563384 -0.7313733 1.530119
-0.03760982 -1.035908 1.90301
0.2125706 -1.007426 1.794051
-0.1077727 -1.084468 1.847386
0.152327 -0.9319561 1.681096
9
0.06625127 -0.840703 1.955051
-0.014002 -0.837391 1.953477
0.1441386 -0.8153101 1.889249
-0.2695979 -0.7682246 1.703635
0.09716322 -0.7302626 1.530326
-0.03378527 -1.026428 1.902362
0.2098145 -1.007787 1.781095
-0.1039031 -1.075163 1.846524
0.1521499 -0.9376999 1.685287
9
0.06094393 -0.8420758 1.954517
-0.02006656 -0.8380836 1.952591
0.1397233 -0.8171758 1.88908
-0.2706405 -0.766601 1.697784
0.09958507 -0.7285977 1.530133
-0.03130949 -1.028803 1.904956
0.2066609 -1.002855 1.786554
-0.1014314 -1.077545 1.84907
0.1384165 -0.9422554 1.69354
9
0.06094393 -0.8420758 1.954517
-0.02006656 -0.8380836 1.952591
0.1397233 -0.8171758 1.88908
-0.2706405 -0.766601 1.697784
0.09958507 -0.7285977 1.530133
-0.03130949 -1.028803 1.904956
0.2066609 -1.002855 1.786554
-0.1014314 -1.077545 1.84907
0.1384165 -0.9422554 1.69354
9
0.06177533 -0.8414029 1.954031
-0.01927545 -0.8375615 1.951102
0.1409526 -0.8160765 1.889365
-0.2700554 -0.7658967 1.69655
0.1024572 -0.726389 1.530498
-0.02698311 -1.019213 1.90657
0.1969242 -1.014315 1.758278
-0.09713099 -1.068115 1.850552
0.1369019 -0.9384766 1.645508
9
0.06177533 -0.8414029 1.954031
-0.01927545 -0.8375615 1.951102
0.1409526 -0.8160765 1.889365
-0.2700554 -0.7658967 1.69655
0.1024572 -0.726389 1.530498
-0.02698311 -1.019213 1.90657
0.1969242 -1.014315 1.758278
-0.09713099 -1.068115 1.850552
0.1369019 -0.9384766 1.645508
9
0.06177533 -0.8414029 1.954031
-0.01927545 -0.8375615 1.951102
0.1409526 -0.8160765 1.889365
-0.2700554 -0.7658967 1.69655
0.1024572 -0.726389 1.530498
-0.02698311 -1.019213 1.90657
0.1969242 -1.014315 1.758278
-0.09713099 -1.068115 1.850552
0.1369019 -0.9384766 1.645508
9
0.06267679 -0.8401449 1.953409
-0.01842225 -0.8364769 1.949768
0.1419452 -0.8145735 1.889403
-0.2702954 -0.7662789 1.696027
0.1056608 -0.7246312 1.530361
-0.02662745 -1.016641 1.90678
0.1934963 -1.010845 1.749537
-0.0967693 -1.065584 1.850728
0.1335179 -0.9349834 1.636775
9
0.06267679 -0.8401449 1.953409
-0.01842225 -0.8364769 1.949768
0.1419452 -0.8145735 1.889403
-0.2702954 -0.7662789 1.696027
0.1056608 -0.7246312 1.530361
-0.02662745 -1.016641 1.90678
0.1934963 -1.010845 1.749537
-0.0967693 -1.065584 1.850728
0.1335179 -0.9349834 1.636775
9
0.06267679 -0.8401449 1.953409
-0.01842225 -0.8364769 1.949768
0.1419452 -0.8145735 1.889403
-0.2702954 -0.7662789 1.696027
0.1056608 -0.7246312 1.530361
-0.02662745 -1.016641 1.90678
0.1934963 -1.010845 1.749537
-0.0967693 -1.065584 1.850728
0.1335179 -0.9349834 1.636775
9
0.06267679 -0.8401449 1.953409
-0.01842225 -0.8364769 1.949768
0.1419452 -0.8145735 1.889403
-0.2702954 -0.7662789 1.696027
0.1056608 -0.7246312 1.530361
-0.02662745 -1.016641 1.90678
0.1934963 -1.010845 1.749537
-0.0967693 -1.065584 1.850728
0.1335179 -0.9349834 1.636775
9
0.06267747 -0.8397322 1.953016
-0.01865937 -0.8359013 1.948437
0.1420394 -0.8142456 1.889465
-0.2707938 -0.7664153 1.694803
0.1064724 -0.7244827 1.530306
-0.024402 -1.015264 1.907871
0.190104 -1.010175 1.743207
-0.09457217 -1.064235 1.851793
0.1301751 -0.9342719 1.630464
9
0.06267747 -0.8397322 1.953016
-0.01865937 -0.8359013 1.948437
0.1420394 -0.8142456 1.889465
-0.2707938 -0.7664153 1.694803
0.1064724 -0.7244827 1.530306
-0.024402 -1.015264 1.907871
0.190104 -1.010175 1.743207
-0.09457217 -1.064235 1.851793
0.1301751 -0.9342719 1.630464
9
0.06267747 -0.8397322 1.953016
-0.01865937 -0.8359013 1.948437
0.1420394 -0.8142456 1.889465
-0.2707938 -0.7664153 1.694803
0.1064724 -0.7244827 1.530306
-0.024402 -1.015264 1.907871
0.190104 -1.010175 1.743207
-0.09457217 -1.064235 1.851793
0.1301751 -0.9342719 1.630464
9
0.06267747 -0.8397322 1.953016
-0.01865937 -0.8359013 1.948437
0.1420394 -0.8142456 1.889465
-0.2707938 -0.7664153 1.694803
0.1064724 -0.7244827 1.530306
-0.024402 -1.015264 1.907871
0.190104 -1.010175 1.743207
-0.09457217 -1.064235 1.851793
0.1301751 -0.9342719 1.630464
9
0.06267747 -0.8397322 1.953016
-0.01865937 -0.8359013 1.948437
0.1420394 -0.8142456 1.889465
-0.2707938 -0.7664153 1.694803
0.1064724 -0.7244827 1.530306
-0.024402 -1.015264 1.907871
0.190104 -1.010175 1.743207
-0.09457217 -1.064235 1.851793
0.1301751 -0.9342719 1.630464
9
0.06267747 -0.8397322 1.953016
-0.01865937 -0.8359013 1.948437
0.1420394 -0.8142456 1.889465
-0.2707938 -0.7664153 1.694803
0.1064724 -0.7244827 1.530306
-0.024402 -1.015264 1.907871
0.190104 -1.010175 1.743207
-0.09457217 -1.064235 1.851793
0.1301751 -0.9342719 1.630464
9
0.06267747 -0.8397322 1.953016
-0.01865937 -0.8359013 1.948437
0.1420394 -0.8142456 1.889465
-0.2707938 -0.7664153 1.694803
0.1064724 -0.7244827 1.530306
-0.024402 -1.015264 1.907871
0.190104 -1.010175 1.743207
-0.09457217 -1.064235 1.851793
0.1301751 -0.9342719 1.630464
