40
9
-0.2020411 -0.5944457 1.92956
-0.2690717 -0.5855358 1.86539
-0.1274275 -0.5809099 1.920668
-0.2675286 -0.508497 1.492125
0.08753525 -0.5189676 1.627267
-0.3104633 -0.8091062 1.757658
-0.04934615 -0.8008937 1.883818
-0.2632017 -0.8515735 1.632568
-0.007106759 -0.8441736 1.757864
9
-0.2020411 -0.5944457 1.92956
-0.2690717 -0.5855358 1.86539
-0.1274275 -0.5809099 1.920668
-0.2675286 -0.508497 1.492125
0.08753525 -0.5189676 1.627267
-0.3104633 -0.8091062 1.757658
-0.04934615 -0.8008937 1.883818
-0.2632017 -0.8515735 1.632568
-0.007106759 -0.8441736 1.757864
9
-0.2020411 -0.5944457 1.92956
-0.2690717 -0.5855358 1.86539
-0.1274275 -0.5809099 1.920668
-0.2675286 -0.508497 1.492125
0.08753525 -0.5189676 1.627267
-0.3104633 -0.8091062 1.757658
-0.04934615 -0.8008937 1.883818
-0.2632017 -0.8515735 1.632568
-0.007106759 -0.8441736 1.757864
9
-0.2037912 -0.5953183 1.928465
-0.2707062 -0.5863042 1.864433
-0.1292227 -0.5818406 1.919461
-0.2658682 -0.5095582 1.490785
0.08712278 -0.5188962 1.627353
-0.3101687 -0.8091363 1.757172
-0.04977155 -0.8009692 1.883743
-0.262809 -0.8519776 1.632379
-0.007422078 -0.8446257 1.758086
9
-0.2037912 -0.5953183 1.928465
-0.2707062 -0.5863042 1.864433
-0.1292227 -0.5818406 1.919461
-0.2658682 -0.5095582 1.490785
0.08712278 -0.5188962 1.627353
-0.3101687 -0.8091363 1.757172
-0.04977155 -0.8009692 1.883743
-0.262809 -0.8519776 1.632379
-0.007422078 -0.8446257 1.758086
9
-0.205657 -0.5961524 1.927921
-0.2724284 -0.5869712 1.864138
-0.1311823 -0.5828239 1.918664
-0.2649696 -0.5101555 1.49018
0.08608288 -0.5188217 1.627501
-0.3099769 -0.8092387 1.756964
-0.05025429 -0.8012245 1.883812
-0.2627445 -0.8525005 1.632388
-0.008020211 -0.8453014 1.758372
9
-0.205657 -0.5961524 1.927921
-0.2724284 -0.5869712 1.864138
-0.1311823 -0.5828239 1.918664
-0.2649696 -0.5101555 1.49018
0.08608288 -0.5188217 1.627501
-0.3099769 -0.8092387 1.756964
-0.05025429 -0.8012245 1.883812
-0.2627445 -0.8525005 1.632388
-0.008020211 -0.8453014 1.758372
9
-0.2072618 -0.596806 1.927699
-0.2740099 -0.5874725 1.86417
-0.1327805 -0.5836193 1.918196
-0.2642232 -0.5106055 1.489725
0.08442006 -0.5170252 1.627528
-0.3108468 -0.8093759 1.756554
-0.05130097 -0.7993488 1.884222
-0.2637689 -0.8531559 1.632244
-0.009219296 -0.8439799 1.759031
9
-0.2072618 -0.596806 1.927699
-0.2740099 -0.5874725 1.86417
-0.1327805 -0.5836193 1.918196
-0.2642232 -0.5106055 1.489725
0.08442006 -0.5170252 1.627528
-0.3108468 -0.8093759 1.756554
-0.05130097 -0.7993488 1.884222
-0.2637689 -0.8531559 1.632244
-0.009219296 -0.8439799 1.759031
9
-0.2084238 -0.597429 1.927951
-0.2751925 -0.5880162 1.864534
-0.1338761 -0.5842944 1.91836
-0.2630554 -0.5111445 1.489265
0.0825806 -0.5148278 1.627734
-0.3110514 -0.8094864 1.756295
-0.05333125 -0.7969595 1.884544
-0.2639476 -0.8537354 1.632307
-0.01119065 -0.8421025 1.759656
9
-0.2084238 -0.597429 1.927951
-0.2751925 -0.5880162 1.864534
-0.1338761 -0.5842944 1.91836
-0.2630554 -0.5111445 1.489265
0.0825806 -0.5148278 1.627734
-0.3110514 -0.8094864 1.756295
-0.05333125 -0.7969595 1.884544
-0.2639476 -0.8537354 1.632307
-0.01119065 -0.8421025 1.759656
9
-0.2094522 -0.5982329 1.928052
-0.2760656 -0.5885868 1.864733
-0.1350319 -0.5853342 1.918364
-0.2618114 -0.5112703 1.488724
0.08086909 -0.5109786 1.628466
-0.3120492 -0.808844 1.756148
-0.05418016 -0.794989 1.883764
-0.264741 -0.853642 1.632601
-0.01183866 -0.8406962 1.759308
9
-0.2094522 -0.5982329 1.928052
-0.2760656 -0.5885868 1.864733
-0.1350319 -0.5853342 1.918364
-0.2618114 -0.5112703 1.488724
0.08086909 -0.5109786 1.628466
-0.3120492 -0.808844 1.756148
-0.05418016 -0.794989 1.883764
-0.264741 -0.853642 1.632601
-0.01183866 -0.8406962 1.759308
9
-0.2107845 -0.5993065 1.928421
-0.2771606 -0.589292 1.865087
-0.136563 -0.586791 1.918772
-0.2608784 -0.5112197 1.488334
0.07887931 -0.5069805 1.629924
-0.3120134 -0.8085694 1.755824
-0.05583724 -0.792506 1.883818
-0.2647431 -0.8539386 1.632642
-0.01350353 -0.8388216 1.759712
9
-0.2107845 -0.5993065 1.928421
-0.2771606 -0.589292 1.865087
-0.136563 -0.586791 1.918772
-0.2608784 -0.5112197 1.488334
0.07887931 -0.5069805 1.629924
-0.3120134 -0.8085694 1.755824
-0.05583724 -0.792506 1.883818
-0.2647431 -0.8539386 1.632642
-0.01350353 -0.8388216 1.759712
9
-0.2121432 -0.6004857 1.929215
-0.2783977 -0.5901303 1.86592
-0.1379942 -0.5882957 1.91955
-0.2589568 -0.5109529 1.488838
0.07570077 -0.500477 1.631599
-0.3115753 -0.8085173 1.75582
-0.05873474 -0.7878345 1.883727
-0.2642874 -0.8545852 1.633134
-0.01632143 -0.8349211 1.760091
9
-0.2121432 -0.6004857 1.929215
-0.2783977 -0.5901303 1.86592
-0.1379942 -0.5882957 1.91955
-0.2589568 -0.5109529 1.488838
0.07570077 -0.500477 1.631599
-0.3115753 -0.8085173 1.75582
-0.05873474 -0.7878345 1.883727
-0.2642874 -0.8545852 1.633134
-0.01632143 -0.8349211 1.760091
9
-0.2121432 -0.6004857 1.929215
-0.2783977 -0.5901303 1.86592
-0.1379942 -0.5882957 1.91955
-0.2589568 -0.5109529 1.488838
0.07570077 -0.500477 1.631599
-0.3115753 -0.8085173 1.75582
-0.05873474 -0.7878345 1.883727
-0.2642874 -0.8545852 1.633134
-0.01632143 -0.8349211 1.760091
9
-0.2121432 -0.6004857 1.929215
-0.2783977 -0.5901303 1.86592
-0.1379942 -0.5882957 1.91955
-0.2589568 -0.5109529 1.488838
0.07570077 -0.500477 1.631599
-0.3115753 -0.8085173 1.75582
-0.05873474 -0.7878345 1.883727
-0.2642874 -0.8545852 1.633134
-0.01632143 -0.8349211 1.760091
9
-0.2144335 -0.6026633 1.930674
-0.2801096 -0.5914142 1.867039
-0.1408386 -0.5914702 1.921435
-0.2559019 -0.5098858 1.491725
0.06901743 -0.4918141 1.634282
-0.3126301 -0.8086848 1.756588
-0.06337711 -0.7823489 1.884012
-0.2649735 -0.8562546 1.635126
-0.02052649 -0.8310218 1.761564
9
-0.2144335 -0.6026633 1.930674
-0.2801096 -0.5914142 1.867039
-0.1408386 -0.5914702 1.921435
-0.2559019 -0.5098858 1.491725
0.06901743 -0.4918141 1.634282
-0.3126301 -0.8086848 1.756588
-0.06337711 -0.7823489 1.884012
-0.2649735 -0.8562546 1.635126
-0.02052649 -0.8310218 1.761564
9
-0.2144335 -0.6026633 1.930674
-0.2801096 -0.5914142 1.867039
-0.1408386 -0.5914702 1.921435
-0.2559019 -0.5098858 1.491725
0.06901743 -0.4918141 1.634282
-0.3126301 -0.8086848 1.756588
-0.06337711 -0.7823489 1.884012
-0.2649735 -0.8562546 1.635126
-0.02052649 -0.8310218 1.761564
9
-0.2144335 -0.6026633 1.930674
-0.2801096 -0.5914142 1.867039
-0.1408386 -0.5914702 1.921435
-0.2559019 -0.5098858 1.491725
0.06901743 -0.4918141 1.634282
-0.3126301 -0.8086848 1.756588
-0.06337711 -0.7823489 1.884012
-0.2649735 -0.8562546 1.635126
-0.02052649 -0.8310218 1.761564
9
-0.2161669 -0.6049009 1.932274
-0.2815204 -0.5926975 1.868634
-0.1428587 -0.5947403 1.92304
-0.2529084 -0.5068579 1.49724
0.06236221 -0.4840481 1.636348
-0.3131903 -0.8092019 1.757558
-0.06899521 -0.7766389 1.884361
-0.265539 -0.8581448 1.637095
-0.026053 -0.8267784 1.762876
9
-0.2161669 -0.6049009 1.932274
-0.2815204 -0.5926975 1.868634
-0.1428587 -0.5947403 1.92304
-0.2529084 -0.5068579 1.49724
0.06236221 -0.4840481 1.636348
-0.3131903 -0.8092019 1.757558
-0.06899521 -0.7766389 1.884361
-0.265539 -0.8581448 1.637095
-0.026053 -0.8267784 1.762876
9
-0.2180142 -0.6066252 1.933358
-0.2832333 -0.5937235 1.869898
-0.1447691 -0.5971203 1.923949
-0.2516039 -0.5050157 1.500374
0.05717432 -0.4778373 1.638244
-0.3123179 -0.8090229 1.758796
-0.1116953 -0.7872393 1.929551
-0.2647967 -0.8588071 1.638896
-0.05220648 -0.8531657 1.895462
9
-0.2180142 -0.6066252 1.933358
-0.2832333 -0.5937235 1.869898
-0.1447691 -0.5971203 1.923949
-0.2516039 -0.5050157 1.500374
0.05717432 -0.4778373 1.638244
-0.3123179 -0.8090229 1.758796
-0.1116953 -0.7872393 1.929551
-0.2647967 -0.8588071 1.638896
-0.05220648 -0.8531657 1.895462
9
-0.2180142 -0.6066252 1.933358
-0.2832333 -0.5937235 1.869898
-0.1447691 -0.5971203 1.923949
-0.2516039 -0.5050157 1.500374
0.05717432 -0.4778373 1.638244
-0.3123179 -0.8090229 1.758796
-0.1116953 -0.7872393 1.929551
-0.2647967 -0.8588071 1.638896
-0.05220648 -0.8531657 1.895462
9
-0.2180142 -0.6066252 1.933358
-0.2832333 -0.5937235 1.869898
-0.1447691 -0.5971203 1.923949
-0.2516039 -0.5050157 1.500374
0.05717432 -0.4778373 1.638244
-0.3123179 -0.8090229 1.758796
-0.1116953 -0.7872393 1.929551
-0.2647967 -0.8588071 1.638896
-0.05220648 -0.8531657 1.895462
9
-0.2209202 -0.6075445 1.935039
-0.2860957 -0.593811 1.871764
-0.1476855 -0.5988091 1.925521
-0.2509147 -0.5036873 1.5016
0.05245027 -0.472886 1.641346
-0.3119837 -0.8081148 1.759494
-0.1120793 -0.7863358 1.929056
-0.2652419 -0.8593284 1.640298
-0.05291752 -0.8524981 1.895952
9
-0.2209202 -0.6075445 1.935039
-0.2860957 -0.593811 1.871764
-0.1476855 -0.5988091 1.925521
-0.2509147 -0.5036873 1.5016
0.05245027 -0.472886 1.641346
-0.3119837 -0.8081148 1.759494
-0.1120793 -0.7863358 1.929056
-0.2652419 -0.8593284 1.640298
-0.05291752 -0.8524981 1.895952
9
-0.2226014 -0.6080868 1.93653
-0.2876812 -0.5936585 1.873148
-0.1494487 -0.6000795 1.927204
-0.250606 -0.4997956 1.50648
0.04969566 -0.4705213 1.643949
-0.3110855 -0.8071154 1.760654
-0.1129394 -0.7857224 1.928924
-0.360848 -0.8635612 1.765149
-0.05349355 -0.8516923 1.896106
9
-0.2226014 -0.6080868 1.93653
-0.2876812 -0.5936585 1.873148
-0.1494487 -0.6000795 1.927204
-0.250606 -0.4997956 1.50648
0.04969566 -0.4705213 1.643949
-0.3110855 -0.8071154 1.760654
-0.1129394 -0.7857224 1.928924
-0.360848 -0.8635612 1.765149
-0.05349355 -0.8516923 1.896106
9
-0.2240638 -0.6084925 1.93788
-0.288999 -0.5934294 1.874346
-0.1510349 -0.6011576 1.928769
-0.2501551 -0.4981295 1.508571
0.04638413 -0.4666691 1.646568
-0.3105181 -0.8059365 1.761058
-0.1136622 -0.7850798 1.929089
-0.2644175 -0.8586904 1.64274
-0.05498185 -0.8515566 1.897908
9
-0.2240638 -0.6084925 1.93788
-0.288999 -0.5934294 1.874346
-0.1510349 -0.6011576 1.928769
-0.2501551 -0.4981295 1.508571
0.04638413 -0.4666691 1.646568
-0.3105181 -0.8059365 1.761058
-0.1136622 -0.7850798 1.929089
-0.2644175 -0.8586904 1.64274
-0.05498185 -0.8515566 1.897908
9
-0.2249941 -0.6089257 1.938665
-0.289902 -0.5934192 1.875185
-0.1519573 -0.6020067 1.929509
-0.249628 -0.4960124 1.510782
0.04316983 -0.4617813 1.648465
-0.3097968 -0.8048868 1.761929
-0.1148711 -0.7834918 1.92871
-0.2640304 -0.8581704 1.643864
-0.05453735 -0.8488777 1.895354
9
-0.2249941 -0.6089257 1.938665
-0.289902 -0.5934192 1.875185
-0.1519573 -0.6020067 1.929509
-0.249628 -0.4960124 1.510782
0.04316983 -0.4617813 1.648465
-0.3097968 -0.8048868 1.761929
-0.1148711 -0.7834918 1.92871
-0.2640304 -0.8581704 1.643864
-0.05453735 -0.8488777 1.895354
9
-0.2258036 -0.6093329 1.939535
-0.2908411 -0.5935391 1.876696
-0.1526254 -0.6025651 1.929907
-0.2491035 -0.4936488 1.513333
0.04061644 -0.4581558 1.649644
-0.3094028 -0.8043307 1.76232
-0.1156614 -0.7811035 1.927684
-0.3606473 -0.846146 1.785088
-0.05553144 -0.8466781 1.894154
9
-0.2258036 -0.6093329 1.939535
-0.2908411 -0.5935391 1.876696
-0.1526254 -0.6025651 1.929907
-0.2491035 -0.4936488 1.513333
0.04061644 -0.4581558 1.649644
-0.3094028 -0.8043307 1.76232
-0.1156614 -0.7811035 1.927684
-0.3606473 -0.846146 1.785088
-0.05553144 -0.8466781 1.894154
9
-0.2264472 -0.6096323 1.940225
-0.2914656 -0.5935727 1.877653
-0.1532458 -0.6030636 1.930337
-0.2498411 -0.4921309 1.513939
0.03866623 -0.4557388 1.650655
-0.309267 -0.8027765 1.762293
-0.1161936 -0.7804711 1.927622
-0.2640732 -0.856812 1.644544
-0.05586946 -0.8459224 1.893408
