40
9
0.1506187 -0.3396049 2.101455
0.07223919 -0.3258673 2.043114
0.2236249 -0.3414209 2.086058
0.02834645 -0.6557175 1.911481
0.2848001 -0.6880906 2.065048
0.00931973 -1.00262 2.019381
0.2098591 -1.005035 2.133642
-0.01797582 -1.063481 1.929361
0.2984951 -1.052815 2.085618
9
0.1534357 -0.3594161 2.099912
0.07447001 -0.3439644 2.042383
0.2269743 -0.3623422 2.08376
0.03115295 -0.6675333 1.897534
0.3004631 -0.7001381 2.056135
0.01114607 -1.006853 2.01244
0.2122192 -1.006842 2.132345
-0.004598835 -1.077214 1.932777
0.2577559 -1.067311 2.056905
9
0.1534357 -0.3594161 2.099912
0.07447001 -0.3439644 2.042383
0.2269743 -0.3623422 2.08376
0.03115295 -0.6675333 1.897534
0.3004631 -0.7001381 2.056135
0.01114607 -1.006853 2.01244
0.2122192 -1.006842 2.132345
-0.004598835 -1.077214 1.932777
0.2577559 -1.067311 2.056905
9
0.1550899 -0.3959633 2.100213
0.0761262 -0.3821238 2.042864
0.2285502 -0.3959775 2.084157
0.03625401 -0.6945931 1.86879
0.3170674 -0.7233774 2.044021
0.01109592 -1.011249 2.006752
0.2230017 -1.010539 2.131435
-0.01366035 -1.077518 1.923892
0.2850097 -1.065334 2.071467
9
0.1550899 -0.3959633 2.100213
0.0761262 -0.3821238 2.042864
0.2285502 -0.3959775 2.084157
0.03625401 -0.6945931 1.86879
0.3170674 -0.7233774 2.044021
0.01109592 -1.011249 2.006752
0.2230017 -1.010539 2.131435
-0.01366035 -1.077518 1.923892
0.2850097 -1.065334 2.071467
9
0.1552434 -0.4318074 2.099549
0.07702655 -0.4168353 2.043087
0.2279578 -0.431758 2.082844
0.04569158 -0.7132213 1.835605
0.3325316 -0.7534984 2.031827
0.01029008 -1.012139 1.996065
0.2291546 -1.01376 2.119706
-0.01450113 -1.086036 1.929001
0.286861 -1.075247 2.070634
9
0.1552434 -0.4318074 2.099549
0.07702655 -0.4168353 2.043087
0.2279578 -0.431758 2.082844
0.04569158 -0.7132213 1.835605
0.3325316 -0.7534984 2.031827
0.01029008 -1.012139 1.996065
0.2291546 -1.01376 2.119706
-0.01450113 -1.086036 1.929001
0.286861 -1.075247 2.070634
9
0.1552434 -0.4318074 2.099549
0.07702655 -0.4168353 2.043087
0.2279578 -0.431758 2.082844
0.04569158 -0.7132213 1.835605
0.3325316 -0.7534984 2.031827
0.01029008 -1.012139 1.996065
0.2291546 -1.01376 2.119706
-0.01450113 -1.086036 1.929001
0.286861 -1.075247 2.070634
9
0.1552434 -0.4318074 2.099549
0.07702655 -0.4168353 2.043087
0.2279578 -0.431758 2.082844
0.04569158 -0.7132213 1.835605
0.3325316 -0.7534984 2.031827
0.01029008 -1.012139 1.996065
0.2291546 -1.01376 2.119706
-0.01450113 -1.086036 1.929001
0.286861 -1.075247 2.070634
9
0.1618986 -0.5214985 2.092769
0.08347504 -0.5068172 2.036625
0.2346362 -0.518125 2.076463
0.06386361 -0.7590046 1.768492
0.3719204 -0.8233345 1.996148
0.002327331 -1.014194 1.989505
0.2262784 -1.0282 2.097577
-0.02522999 -1.081522 1.910381
0.3012322 -1.073844 2.061185
9
0.1618986 -0.5214985 2.092769
0.08347504 -0.5068172 2.036625
0.2346362 -0.518125 2.076463
0.06386361 -0.7590046 1.768492
0.3719204 -0.8233345 1.996148
0.002327331 -1.014194 1.989505
0.2262784 -1.0282 2.097577
-0.02522999 -1.081522 1.910381
0.3012322 -1.073844 2.061185
9
0.1618986 -0.5214985 2.092769
0.08347504 -0.5068172 2.036625
0.2346362 -0.518125 2.076463
0.06386361 -0.7590046 1.768492
0.3719204 -0.8233345 1.996148
0.002327331 -1.014194 1.989505
0.2262784 -1.0282 2.097577
-0.02522999 -1.081522 1.910381
0.3012322 -1.073844 2.061185
9
0.1618986 -0.5214985 2.092769
0.08347504 -0.5068172 2.036625
0.2346362 -0.518125 2.076463
0.06386361 -0.7590046 1.768492
0.3719204 -0.8233345 1.996148
0.002327331 -1.014194 1.989505
0.2262784 -1.0282 2.097577
-0.02522999 -1.081522 1.910381
0.3012322 -1.073844 2.061185
9
0.1670579 -0.6069694 2.083962
0.08985774 -0.59433 2.027546
0.2384348 -0.5987374 2.068704
0.06183255 -0.7936289 1.71376
0.3604076 -0.7866955 1.986888
5.040935E-06 -1.017657 1.984091
0.2316958 -1.031153 2.084801
-0.02784615 -1.087013 1.909251
0.3064992 -1.076295 2.043933
9
0.1670579 -0.6069694 2.083962
0.08985774 -0.59433 2.027546
0.2384348 -0.5987374 2.068704
0.06183255 -0.7936289 1.71376
0.3604076 -0.7866955 1.986888
5.040935E-06 -1.017657 1.984091
0.2316958 -1.031153 2.084801
-0.02784615 -1.087013 1.909251
0.3064992 -1.076295 2.043933
9
0.1699734 -0.6469876 2.117512
0.09369079 -0.6376294 2.059403
0.2404505 -0.6345421 2.104231
0.06196636 -0.7809566 1.71302
0.3665747 -0.7922009 1.980125
-0.005249466 -1.018715 1.972494
0.2373188 -1.026566 2.070805
-0.03070546 -1.090867 1.902468
0.2994085 -1.083955 2.022987
9
0.1699734 -0.6469876 2.117512
0.09369079 -0.6376294 2.059403
0.2404505 -0.6345421 2.104231
0.06196636 -0.7809566 1.71302
0.3665747 -0.7922009 1.980125
-0.005249466 -1.018715 1.972494
0.2373188 -1.026566 2.070805
-0.03070546 -1.090867 1.902468
0.2994085 -1.083955 2.022987
9
0.1617746 -0.6979046 2.11883
0.08483032 -0.6849988 2.066391
0.2333417 -0.6870807 2.10016
0.05782093 -0.7401531 1.691724
0.5119247 -0.7688886 1.881669
-0.006102332 -1.025307 1.963357
0.2387987 -1.028981 2.070506
-0.03795484 -1.098516 1.90217
0.2975811 -1.089137 2.022581
9
0.1617746 -0.6979046 2.11883
0.08483032 -0.6849988 2.066391
0.2333417 -0.6870807 2.10016
0.05782093 -0.7401531 1.691724
0.5119247 -0.7688886 1.881669
-0.006102332 -1.025307 1.963357
0.2387987 -1.028981 2.070506
-0.03795484 -1.098516 1.90217
0.2975811 -1.089137 2.022581
9
0.1638793 -0.7165079 2.115778
0.08528563 -0.7052525 2.063097
0.2368848 -0.704085 2.097586
0.05679611 -0.7387878 1.68548
0.5184126 -0.7690477 1.876204
-0.007557589 -1.02746 1.95828
0.2504949 -1.028439 2.06815
-0.04060169 -1.103913 1.913812
0.3225719 -1.076896 2.040226
9
0.1638793 -0.7165079 2.115778
0.08528563 -0.7052525 2.063097
0.2368848 -0.704085 2.097586
0.05679611 -0.7387878 1.68548
0.5184126 -0.7690477 1.876204
-0.007557589 -1.02746 1.95828
0.2504949 -1.028439 2.06815
-0.04060169 -1.103913 1.913812
0.3225719 -1.076896 2.040226
9
0.1631142 -0.7525834 2.109545
0.08393522 -0.7399627 2.056798
0.2367969 -0.7399504 2.091979
0.05627385 -0.7425879 1.677063
0.5268407 -0.7598951 1.871091
-0.01768868 -1.038477 1.961876
0.2591292 -1.043009 2.070014
-0.02530723 -1.113906 1.892831
0.3364111 -1.084605 2.039658
9
0.1631142 -0.7525834 2.109545
0.08393522 -0.7399627 2.056798
0.2367969 -0.7399504 2.091979
0.05627385 -0.7425879 1.677063
0.5268407 -0.7598951 1.871091
-0.01768868 -1.038477 1.961876
0.2591292 -1.043009 2.070014
-0.02530723 -1.113906 1.892831
0.3364111 -1.084605 2.039658
9
0.1618868 -0.7710531 2.104741
0.08289271 -0.7579875 2.052421
0.2354181 -0.7584752 2.086921
0.05839424 -0.7506192 1.67242
0.5277727 -0.7613496 1.867698
-0.01897205 -1.039228 1.96097
0.2572703 -1.044066 2.066495
-0.02491306 -1.111357 1.884295
0.3363991 -1.082841 2.029706
9
0.1618868 -0.7710531 2.104741
0.08289271 -0.7579875 2.052421
0.2354181 -0.7584752 2.086921
0.05839424 -0.7506192 1.67242
0.5277727 -0.7613496 1.867698
-0.01897205 -1.039228 1.96097
0.2572703 -1.044066 2.066495
-0.02491306 -1.111357 1.884295
0.3363991 -1.082841 2.029706
9
0.1618868 -0.7710531 2.104741
0.08289271 -0.7579875 2.052421
0.2354181 -0.7584752 2.086921
0.05839424 -0.7506192 1.67242
0.5277727 -0.7613496 1.867698
-0.01897205 -1.039228 1.96097
0.2572703 -1.044066 2.066495
-0.02491306 -1.111357 1.884295
0.3363991 -1.082841 2.029706
9
0.1618868 -0.7710531 2.104741
0.08289271 -0.7579875 2.052421
0.2354181 -0.7584752 2.086921
0.05839424 -0.7506192 1.67242
0.5277727 -0.7613496 1.867698
-0.01897205 -1.039228 1.96097
0.2572703 -1.044066 2.066495
-0.02491306 -1.111357 1.884295
0.3363991 -1.082841 2.029706
9
0.1658226 -0.816401 2.095076
0.08796772 -0.806095 2.040604
0.2381926 -0.7997726 2.079809
0.06443011 -0.7650622 1.662221
0.5286125 -0.7512811 1.860603
-0.01906667 -1.03828 1.95397
0.2591911 -1.046295 2.064702
-0.03376555 -1.115615 1.89301
0.3393812 -1.083359 2.028095
9
0.1658226 -0.816401 2.095076
0.08796772 -0.806095 2.040604
0.2381926 -0.7997726 2.079809
0.06443011 -0.7650622 1.662221
0.5286125 -0.7512811 1.860603
-0.01906667 -1.03828 1.95397
0.2591911 -1.046295 2.064702
-0.03376555 -1.115615 1.89301
0.3393812 -1.083359 2.028095
9
0.1655848 -0.8184323 2.094132
0.08755381 -0.8076183 2.039662
0.2381574 -0.802273 2.078942
0.06557051 -0.7708406 1.660824
0.5273861 -0.7529137 1.858036
-0.02223504 -1.037047 1.955046
0.2491902 -1.040429 2.058127
-0.05108634 -1.113373 1.942631
0.3314282 -1.074006 2.018297
9
0.1655848 -0.8184323 2.094132
0.08755381 -0.8076183 2.039662
0.2381574 -0.802273 2.078942
0.06557051 -0.7708406 1.660824
0.5273861 -0.7529137 1.858036
-0.02223504 -1.037047 1.955046
0.2491902 -1.040429 2.058127
-0.05108634 -1.113373 1.942631
0.3314282 -1.074006 2.018297
9
0.1655848 -0.8184323 2.094132
0.08755381 -0.8076183 2.039662
0.2381574 -0.802273 2.078942
0.06557051 -0.7708406 1.660824
0.5273861 -0.7529137 1.858036
-0.02223504 -1.037047 1.955046
0.2491902 -1.040429 2.058127
-0.05108634 -1.113373 1.942631
0.3314282 -1.074006 2.018297
9
0.1655848 -0.8184323 2.094132
0.08755381 -0.8076183 2.039662
0.2381574 -0.802273 2.078942
0.06557051 -0.7708406 1.660824
0.5273861 -0.7529137 1.858036
-0.02223504 -1.037047 1.955046
0.2491902 -1.040429 2.058127
-0.05108634 -1.113373 1.942631
0.3314282 -1.074006 2.018297
9
0.1669286 -0.8278206 2.091706
0.08965278 -0.8167865 2.03686
0.2386732 -0.8114875 2.077063
0.06664561 -0.7758334 1.658471
0.5274912 -0.7537253 1.857386
-0.02426533 -1.036397 1.951779
0.2508677 -1.042644 2.054446
0.01948331 -1.077988 1.827495
0.3294343 -1.080679 2.007991
9
0.1669286 -0.8278206 2.091706
0.08965278 -0.8167865 2.03686
0.2386732 -0.8114875 2.077063
0.06664561 -0.7758334 1.658471
0.5274912 -0.7537253 1.857386
-0.02426533 -1.036397 1.951779
0.2508677 -1.042644 2.054446
0.01948331 -1.077988 1.827495
0.3294343 -1.080679 2.007991
9
0.1669286 -0.8278206 2.091706
0.08965278 -0.8167865 2.03686
0.2386732 -0.8114875 2.077063
0.06664561 -0.7758334 1.658471
0.5274912 -0.7537253 1.857386
-0.02426533 -1.036397 1.951779
0.2508677 -1.042644 2.054446
0.01948331 -1.077988 1.827495
0.3294343 -1.080679 2.007991
9
0.1669286 -0.8278206 2.091706
0.08965278 -0.8167865 2.03686
0.2386732 -0.8114875 2.077063
0.06664561 -0.7758334 1.658471
0.5274912 -0.7537253 1.857386
-0.02426533 -1.036397 1.951779
0.2508677 -1.042644 2.054446
0.01948331 -1.077988 1.827495
0.3294343 -1.080679 2.007991
9
0.168937 -0.8275028 2.088567
0.09099955 -0.816372 2.034277
0.2413473 -0.8112416 2.073354
0.06788136 -0.7783672 1.655638
0.5319422 -0.7554709 1.856087
-0.0267461 -1.03677 1.948519
0.2536836 -1.043675 2.055772
0.01700383 -1.077987 1.824012
0.3310276 -1.082851 2.00711
9
0.168937 -0.8275028 2.088567
0.09099955 -0.816372 2.034277
0.2413473 -0.8112416 2.073354
0.06788136 -0.7783672 1.655638
0.5319422 -0.7554709 1.856087
-0.0267461 -1.03677 1.948519
0.2536836 -1.043675 2.055772
0.01700383 -1.077987 1.824012
0.3310276 -1.082851 2.00711
9
0.1705138 -0.8241392 2.08748
0.09216394 -0.8129514 2.033435
0.2432701 -0.8079614 2.071996
0.06747979 -0.7782392 1.654629
0.5346985 -0.758332 1.854782
-0.02593801 -1.032918 1.946407
0.2558067 -1.044126 2.057081
0.01757397 -1.074046 1.821702
0.3320741 -1.08434 2.006882
