40
9
0.004584404 -0.5402933 1.533983
-0.07414668 -0.5297731 1.485834
0.08309532 -0.5276174 1.515608
-0.0499361 -0.5026495 1.143038
0.1757189 -0.4926795 1.23496
-0.02284872 -0.4822658 0.7692318
0.1011642 -0.7453545 1.507796
-0.001518311 -0.4790923 0.6347138
0.1277383 -0.7175449 1.383471
9
0.004584404 -0.5402933 1.533983
-0.07414668 -0.5297731 1.485834
0.08309532 -0.5276174 1.515608
-0.0499361 -0.5026495 1.143038
0.1757189 -0.4926795 1.23496
-0.02284872 -0.4822658 0.7692318
0.1011642 -0.7453545 1.507796
-0.001518311 -0.4790923 0.6347138
0.1277383 -0.7175449 1.383471
9
0.004291838 -0.5414346 1.533538
-0.07447113 -0.5306803 1.485237
0.08283573 -0.5289639 1.515383
-0.04949712 -0.5034471 1.142785
0.1749381 -0.4930159 1.234865
-0.02146814 -0.4829291 0.7688159
0.1007265 -0.744607 1.507844
0.0002136938 -0.4798666 0.6343816
0.1273091 -0.7168097 1.383512
9
0.004291838 -0.5414346 1.533538
-0.07447113 -0.5306803 1.485237
0.08283573 -0.5289639 1.515383
-0.04949712 -0.5034471 1.142785
0.1749381 -0.4930159 1.234865
-0.02146814 -0.4829291 0.7688159
0.1007265 -0.744607 1.507844
0.0002136938 -0.4798666 0.6343816
0.1273091 -0.7168097 1.383512
9
0.004104345 -0.5424225 1.533261
-0.07474504 -0.5314224 1.484914
0.08275425 -0.5301686 1.515212
-0.04897096 -0.5041923 1.1427
0.1742441 -0.4932823 1.234786
-0.01997078 -0.4836779 0.768672
0.1001407 -0.7437544 1.507751
0.001910154 -0.4808037 0.6343323
0.1267345 -0.71597 1.383412
9
0.004104345 -0.5424225 1.533261
-0.07474504 -0.5314224 1.484914
0.08275425 -0.5301686 1.515212
-0.04897096 -0.5041923 1.1427
0.1742441 -0.4932823 1.234786
-0.01997078 -0.4836779 0.768672
0.1001407 -0.7437544 1.507751
0.001910154 -0.4808037 0.6343323
0.1267345 -0.71597 1.383412
9
0.003815501 -0.5434747 1.532904
-0.07511634 -0.5322107 1.484532
0.08256889 -0.5314464 1.514931
-0.04824055 -0.5048642 1.14276
0.1742312 -0.4932365 1.234926
-0.01788057 -0.484197 0.7685544
0.09982823 -0.7428114 1.507056
0.004128851 -0.4815088 0.6342695
0.1264271 -0.7150366 1.382712
9
0.003815501 -0.5434747 1.532904
-0.07511634 -0.5322107 1.484532
0.08256889 -0.5314464 1.514931
-0.04824055 -0.5048642 1.14276
0.1742312 -0.4932365 1.234926
-0.01788057 -0.484197 0.7685544
0.09982823 -0.7428114 1.507056
0.004128851 -0.4815088 0.6342695
0.1264271 -0.7150366 1.382712
9
0.003815501 -0.5434747 1.532904
-0.07511634 -0.5322107 1.484532
0.08256889 -0.5314464 1.514931
-0.04824055 -0.5048642 1.14276
0.1742312 -0.4932365 1.234926
-0.01788057 -0.484197 0.7685544
0.09982823 -0.7428114 1.507056
0.004128851 -0.4815088 0.6342695
0.1264271 -0.7150366 1.382712
9
0.003815501 -0.5434747 1.532904
-0.07511634 -0.5322107 1.484532
0.08256889 -0.5314464 1.514931
-0.04824055 -0.5048642 1.14276
0.1742312 -0.4932365 1.234926
-0.01788057 -0.484197 0.7685544
0.09982823 -0.7428114 1.507056
0.004128851 -0.4815088 0.6342695
0.1264271 -0.7150366 1.382712
9
0.003250776 -0.5447523 1.532668
-0.07571916 -0.5331475 1.484277
0.08207339 -0.5330268 1.514764
-0.04705354 -0.5057434 1.142988
0.1737263 -0.4931975 1.235158
-0.01451573 -0.4849953 0.7686984
0.09953427 -0.7418572 1.505614
0.007472336 -0.4827534 0.6345147
0.1261371 -0.7140862 1.381268
9
0.003250776 -0.5447523 1.532668
-0.07571916 -0.5331475 1.484277
0.08207339 -0.5330268 1.514764
-0.04705354 -0.5057434 1.142988
0.1737263 -0.4931975 1.235158
-0.01451573 -0.4849953 0.7686984
0.09953427 -0.7418572 1.505614
0.007472336 -0.4827534 0.6345147
0.1261371 -0.7140862 1.381268
9
0.002591081 -0.5456962 1.532524
-0.07638326 -0.5337999 1.484055
0.08143469 -0.5342524 1.514743
-0.04556042 -0.5066311 1.143376
0.1732505 -0.4929495 1.235588
-0.01038014 -0.4861346 0.7689559
0.1019269 -0.7420266 1.498049
0.0114936 -0.4841869 0.6348448
0.128473 -0.7141932 1.373737
9
0.002591081 -0.5456962 1.532524
-0.07638326 -0.5337999 1.484055
0.08143469 -0.5342524 1.514743
-0.04556042 -0.5066311 1.143376
0.1732505 -0.4929495 1.235588
-0.01038014 -0.4861346 0.7689559
0.1019269 -0.7420266 1.498049
0.0114936 -0.4841869 0.6348448
0.128473 -0.7141932 1.373737
9
0.00228302 -0.546739 1.532298
-0.07669066 -0.5345615 1.483774
0.08113931 -0.5355271 1.514619
-0.04468045 -0.5071923 1.143622
0.1899675 -0.4919215 1.242781
-0.008013459 -0.4864388 0.7690988
0.1014447 -0.7404987 1.497388
0.01383686 -0.4847369 0.6350433
0.127999 -0.7126848 1.373066
9
0.00228302 -0.546739 1.532298
-0.07669066 -0.5345615 1.483774
0.08113931 -0.5355271 1.514619
-0.04468045 -0.5071923 1.143622
0.1899675 -0.4919215 1.242781
-0.008013459 -0.4864388 0.7690988
0.1014447 -0.7404987 1.497388
0.01383686 -0.4847369 0.6350433
0.127999 -0.7126848 1.373066
9
0.001841898 -0.5475225 1.532173
-0.07708713 -0.5350872 1.483637
0.08067257 -0.5365403 1.514532
-0.04326876 -0.5075955 1.144226
0.1921377 -0.4916012 1.244294
-0.004331303 -0.4866562 0.7695382
0.1007495 -0.7391117 1.496867
0.01761274 -0.4852524 0.635576
0.1273166 -0.7113161 1.372536
9
0.001841898 -0.5475225 1.532173
-0.07708713 -0.5350872 1.483637
0.08067257 -0.5365403 1.514532
-0.04326876 -0.5075955 1.144226
0.1921377 -0.4916012 1.244294
-0.004331303 -0.4866562 0.7695382
0.1007495 -0.7391117 1.496867
0.01761274 -0.4852524 0.635576
0.1273166 -0.7113161 1.372536
9
0.001841898 -0.5475225 1.532173
-0.07708713 -0.5350872 1.483637
0.08067257 -0.5365403 1.514532
-0.04326876 -0.5075955 1.144226
0.1921377 -0.4916012 1.244294
-0.004331303 -0.4866562 0.7695382
0.1007495 -0.7391117 1.496867
0.01761274 -0.4852524 0.635576
0.1273166 -0.7113161 1.372536
9
0.001841898 -0.5475225 1.532173
-0.07708713 -0.5350872 1.483637
0.08067257 -0.5365403 1.514532
-0.04326876 -0.5075955 1.144226
0.1921377 -0.4916012 1.244294
-0.004331303 -0.4866562 0.7695382
0.1007495 -0.7391117 1.496867
0.01761274 -0.4852524 0.635576
0.1273166 -0.7113161 1.372536
9
0.001841898 -0.5475225 1.532173
-0.07708713 -0.5350872 1.483637
0.08067257 -0.5365403 1.514532
-0.04326876 -0.5075955 1.144226
0.1921377 -0.4916012 1.244294
-0.004331303 -0.4866562 0.7695382
0.1007495 -0.7391117 1.496867
0.01761274 -0.4852524 0.635576
0.1273166 -0.7113161 1.372536
9
0.001841898 -0.5475225 1.532173
-0.07708713 -0.5350872 1.483637
0.08067257 -0.5365403 1.514532
-0.04326876 -0.5075955 1.144226
0.1921377 -0.4916012 1.244294
-0.004331303 -0.4866562 0.7695382
0.1007495 -0.7391117 1.496867
0.01761274 -0.4852524 0.635576
0.1273166 -0.7113161 1.372536
9
0.001841898 -0.5475225 1.532173
-0.07708713 -0.5350872 1.483637
0.08067257 -0.5365403 1.514532
-0.04326876 -0.5075955 1.144226
0.1921377 -0.4916012 1.244294
-0.004331303 -0.4866562 0.7695382
0.1007495 -0.7391117 1.496867
0.01761274 -0.4852524 0.635576
0.1273166 -0.7113161 1.372536
9
0.001841898 -0.5475225 1.532173
-0.07708713 -0.5350872 1.483637
0.08067257 -0.5365403 1.514532
-0.04326876 -0.5075955 1.144226
0.1921377 -0.4916012 1.244294
-0.004331303 -0.4866562 0.7695382
0.1007495 -0.7391117 1.496867
0.01761274 -0.4852524 0.635576
0.1273166 -0.7113161 1.372536
9
0.001794268 -0.5489464 1.531825
-0.07716498 -0.5360555 1.483196
0.08065571 -0.5384037 1.51435
-0.0407005 -0.5082765 1.14536
0.1937987 -0.4913823 1.245445
0.001716336 -0.4868907 0.7699686
0.1003672 -0.7374611 1.495811
0.02388831 -0.485719 0.6361381
0.1269401 -0.709684 1.37147
9
0.001794268 -0.5489464 1.531825
-0.07716498 -0.5360555 1.483196
0.08065571 -0.5384037 1.51435
-0.0407005 -0.5082765 1.14536
0.1937987 -0.4913823 1.245445
0.001716336 -0.4868907 0.7699686
0.1003672 -0.7374611 1.495811
0.02388831 -0.485719 0.6361381
0.1269401 -0.709684 1.37147
9
0.001369883 -0.5500857 1.531475
-0.07751183 -0.5368333 1.482744
0.08014949 -0.5398813 1.514151
-0.03913746 -0.5082138 1.146231
0.1803529 -0.4903082 1.240338
0.005840159 -0.4857288 0.7703519
0.09999304 -0.7363123 1.494905
0.02812529 -0.4846756 0.6365685
0.1265719 -0.7085465 1.370558
9
0.001369883 -0.5500857 1.531475
-0.07751183 -0.5368333 1.482744
0.08014949 -0.5398813 1.514151
-0.03913746 -0.5082138 1.146231
0.1803529 -0.4903082 1.240338
0.005840159 -0.4857288 0.7703519
0.09999304 -0.7363123 1.494905
0.02812529 -0.4846756 0.6365685
0.1265719 -0.7085465 1.370558
9
0.001096334 -0.5512542 1.530949
-0.07776645 -0.5378096 1.481966
0.07985167 -0.5411853 1.513878
-0.03703058 -0.5086835 1.146811
0.1734295 -0.4910144 1.237853
0.01108623 -0.4854996 0.7705235
0.0995653 -0.7328337 1.491803
0.03348706 -0.4845258 0.6368148
0.1261476 -0.7050999 1.36744
9
0.001096334 -0.5512542 1.530949
-0.07776645 -0.5378096 1.481966
0.07985167 -0.5411853 1.513878
-0.03703058 -0.5086835 1.146811
0.1734295 -0.4910144 1.237853
0.01108623 -0.4854996 0.7705235
0.0995653 -0.7328337 1.491803
0.03348706 -0.4845258 0.6368148
0.1261476 -0.7050999 1.36744
9
0.0008998077 -0.5522397 1.530571
-0.07792458 -0.538494 1.481516
0.07961597 -0.5424318 1.51361
-0.03485415 -0.5095054 1.147497
0.1730516 -0.4910007 1.237986
0.01634683 -0.4864149 0.770946
0.0995207 -0.7327124 1.491669
0.03875604 -0.4855222 0.6373117
0.1261037 -0.7049796 1.367305
9
0.0008998077 -0.5522397 1.530571
-0.07792458 -0.538494 1.481516
0.07961597 -0.5424318 1.51361
-0.03485415 -0.5095054 1.147497
0.1730516 -0.4910007 1.237986
0.01634683 -0.4864149 0.770946
0.0995207 -0.7327124 1.491669
0.03875604 -0.4855222 0.6373117
0.1261037 -0.7049796 1.367305
9
0.0009636922 -0.553177 1.530165
-0.0778648 -0.5392246 1.480962
0.07967854 -0.5435256 1.513366
-0.03412259 -0.5090567 1.148152
0.1867899 -0.4923619 1.243452
0.01819046 -0.4844325 0.7710924
0.09959713 -0.7324519 1.491112
0.04070143 -0.4835618 0.6374563
0.1261778 -0.7047189 1.366749
9
0.0009636922 -0.553177 1.530165
-0.0778648 -0.5392246 1.480962
0.07967854 -0.5435256 1.513366
-0.03412259 -0.5090567 1.148152
0.1867899 -0.4923619 1.243452
0.01819046 -0.4844325 0.7710924
0.09959713 -0.7324519 1.491112
0.04070143 -0.4835618 0.6374563
0.1261778 -0.7047189 1.366749
9
0.0009226601 -0.5537966 1.529943
-0.07787699 -0.5396135 1.48069
0.07959932 -0.5443671 1.513222
-0.03344516 -0.5086781 1.14884
0.1772362 -0.4924202 1.239792
0.01994284 -0.4830301 0.7714418
0.09968151 -0.7320426 1.490604
0.04248849 -0.4821994 0.6378011
0.1262597 -0.7043124 1.366239
9
0.0009226601 -0.5537966 1.529943
-0.07787699 -0.5396135 1.48069
0.07959932 -0.5443671 1.513222
-0.03344516 -0.5086781 1.14884
0.1772362 -0.4924202 1.239792
0.01994284 -0.4830301 0.7714418
0.09968151 -0.7320426 1.490604
0.04248849 -0.4821994 0.6378011
0.1262597 -0.7043124 1.366239
9
0.0009226601 -0.5537966 1.529943
-0.07787699 -0.5396135 1.48069
0.07959932 -0.5443671 1.513222
-0.03344516 -0.5086781 1.14884
0.1772362 -0.4924202 1.239792
0.01994284 -0.4830301 0.7714418
0.09968151 -0.7320426 1.490604
0.04248849 -0.4821994 0.6378011
0.1262597 -0.7043124 1.366239
9
0.0009226601 -0.5537966 1.529943
-0.07787699 -0.5396135 1.48069
0.07959932 -0.5443671 1.513222
-0.03344516 -0.5086781 1.14884
0.1772362 -0.4924202 1.239792
0.01994284 -0.4830301 0.7714418
0.09968151 -0.7320426 1.490604
0.04248849 -0.4821994 0.6378011
0.1262597 -0.7043124 1.366239
9
0.0009144616 -0.5541175 1.529929
-0.07789322 -0.5397592 1.480637
0.07960717 -0.5448788 1.51328
-0.03246953 -0.5090129 1.149303
0.1879473 -0.4913265 1.244845
0.0222435 -0.4835614 0.7719108
0.09974311 -0.7321026 1.490917
0.04473994 -0.4827671 0.6382908
0.1263204 -0.704374 1.366552
9
0.0009144616 -0.5541175 1.529929
-0.07789322 -0.5397592 1.480637
0.07960717 -0.5448788 1.51328
-0.03246953 -0.5090129 1.149303
0.1879473 -0.4913265 1.244845
0.0222435 -0.4835614 0.7719108
0.09974311 -0.7321026 1.490917
0.04473994 -0.4827671 0.6382908
0.1263204 -0.704374 1.366552
