40
9
-0.2276975 -0.5733317 1.931361
-0.2990319 -0.5648656 1.87969
-0.1478099 -0.5600253 1.909594
-0.2527883 -0.5460012 1.499673
-0.01093343 -0.487949 1.561917
-0.3120897 -0.8301934 1.781213
-0.02929202 -0.788817 1.779577
-0.3180315 -0.8441421 1.654863
0.01221633 -0.861187 1.727986
9
-0.2276975 -0.5733317 1.931361
-0.2990319 -0.5648656 1.87969
-0.1478099 -0.5600253 1.909594
-0.2527883 -0.5460012 1.499673
-0.01093343 -0.487949 1.561917
-0.3120897 -0.8301934 1.781213
-0.02929202 -0.788817 1.779577
-0.3180315 -0.8441421 1.654863
0.01221633 -0.861187 1.727986
9
-0.2276975 -0.5733317 1.931361
-0.2990319 -0.5648656 1.87969
-0.1478099 -0.5600253 1.909594
-0.2527883 -0.5460012 1.499673
-0.01093343 -0.487949 1.561917
-0.3120897 -0.8301934 1.781213
-0.02929202 -0.788817 1.779577
-0.3180315 -0.8441421 1.654863
0.01221633 -0.861187 1.727986
9
-0.2276856 -0.5730378 1.93112
-0.2991173 -0.5644667 1.879442
-0.1477151 -0.5598285 1.909381
-0.2534856 -0.5464469 1.498888
-0.01056171 -0.4886931 1.561411
-0.3127396 -0.8306274 1.780443
-0.02908408 -0.7889052 1.779003
-0.3187115 -0.8445247 1.654094
0.01231072 -0.8618023 1.730039
9
-0.2276849 -0.5729288 1.931037
-0.2991755 -0.5642962 1.879365
-0.1476654 -0.5597665 1.9093
-0.2540236 -0.5466643 1.498721
-0.01009992 -0.4886401 1.560056
-0.3132395 -0.8308403 1.780287
-0.02878177 -0.7891636 1.778745
-0.3192338 -0.8447038 1.653935
0.01217954 -0.8625728 1.731848
9
-0.2276849 -0.5729288 1.931037
-0.2991755 -0.5642962 1.879365
-0.1476654 -0.5597665 1.9093
-0.2540236 -0.5466643 1.498721
-0.01009992 -0.4886401 1.560056
-0.3132395 -0.8308403 1.780287
-0.02878177 -0.7891636 1.778745
-0.3192338 -0.8447038 1.653935
0.01217954 -0.8625728 1.731848
9
-0.2276736 -0.5727296 1.930874
-0.2992341 -0.5640129 1.879277
-0.1475759 -0.5596341 1.909054
-0.2545452 -0.5469205 1.498459
-0.009695842 -0.4886802 1.558829
-0.3137314 -0.8310916 1.780033
-0.02827512 -0.7898073 1.778427
-0.3197406 -0.8449253 1.653678
0.009334285 -0.857434 1.70671
9
-0.2276736 -0.5727296 1.930874
-0.2992341 -0.5640129 1.879277
-0.1475759 -0.5596341 1.909054
-0.2545452 -0.5469205 1.498459
-0.009695842 -0.4886802 1.558829
-0.3137314 -0.8310916 1.780033
-0.02827512 -0.7898073 1.778427
-0.3197406 -0.8449253 1.653678
0.009334285 -0.857434 1.70671
9
-0.2286065 -0.5756198 1.922435
-0.3004389 -0.5661041 1.871369
-0.1481129 -0.5632145 1.900288
-0.2551157 -0.5470353 1.498229
-0.009439285 -0.4886412 1.55797
-0.314275 -0.8312057 1.779807
-0.02821956 -0.7900335 1.778349
-0.3202962 -0.8450135 1.653449
0.007224107 -0.8608775 1.712211
9
-0.2286065 -0.5756198 1.922435
-0.3004389 -0.5661041 1.871369
-0.1481129 -0.5632145 1.900288
-0.2551157 -0.5470353 1.498229
-0.009439285 -0.4886412 1.55797
-0.314275 -0.8312057 1.779807
-0.02821956 -0.7900335 1.778349
-0.3202962 -0.8450135 1.653449
0.007224107 -0.8608775 1.712211
9
-0.2286065 -0.5756198 1.922435
-0.3004389 -0.5661041 1.871369
-0.1481129 -0.5632145 1.900288
-0.2551157 -0.5470353 1.498229
-0.009439285 -0.4886412 1.55797
-0.314275 -0.8312057 1.779807
-0.02821956 -0.7900335 1.778349
-0.3202962 -0.8450135 1.653449
0.007224107 -0.8608775 1.712211
9
-0.2286065 -0.5756198 1.922435
-0.3004389 -0.5661041 1.871369
-0.1481129 -0.5632145 1.900288
-0.2551157 -0.5470353 1.498229
-0.009439285 -0.4886412 1.55797
-0.314275 -0.8312057 1.779807
-0.02821956 -0.7900335 1.778349
-0.3202962 -0.8450135 1.653449
0.007224107 -0.8608775 1.712211
9
-0.2290602 -0.5765926 1.919209
-0.3010528 -0.5668066 1.868224
-0.1483686 -0.564405 1.89704
-0.2555102 -0.5472489 1.49781
-0.00938458 -0.488404 1.557086
-0.3146536 -0.8314173 1.77939
-0.02790553 -0.7903095 1.777559
-0.3206789 -0.8451992 1.653031
0.008900436 -0.8621264 1.715923
9
-0.2290602 -0.5765926 1.919209
-0.3010528 -0.5668066 1.868224
-0.1483686 -0.564405 1.89704
-0.2555102 -0.5472489 1.49781
-0.00938458 -0.488404 1.557086
-0.3146536 -0.8314173 1.77939
-0.02790553 -0.7903095 1.777559
-0.3206789 -0.8451992 1.653031
0.008900436 -0.8621264 1.715923
9
-0.2296979 -0.5770431 1.917748
-0.301701 -0.5670208 1.866824
-0.1489685 -0.565082 1.895534
-0.2556829 -0.5473268 1.497718
-0.00934252 -0.488718 1.557023
-0.3148169 -0.8314945 1.7793
-0.02788115 -0.7904388 1.777328
-0.3208461 -0.8452638 1.65294
0.0107916 -0.8622077 1.718197
9
-0.2296979 -0.5770431 1.917748
-0.301701 -0.5670208 1.866824
-0.1489685 -0.565082 1.895534
-0.2556829 -0.5473268 1.497718
-0.00934252 -0.488718 1.557023
-0.3148169 -0.8314945 1.7793
-0.02788115 -0.7904388 1.777328
-0.3208461 -0.8452638 1.65294
0.0107916 -0.8622077 1.718197
9
-0.2299576 -0.5773236 1.916749
-0.3019902 -0.5672123 1.86562
-0.1491877 -0.565416 1.894737
-0.255964 -0.547516 1.497421
-0.009357591 -0.4885899 1.55658
-0.3150862 -0.8316814 1.779005
-0.02792387 -0.7903872 1.777145
-0.3211588 -0.8454863 1.65267
0.01277526 -0.8620635 1.721067
9
-0.2299576 -0.5773236 1.916749
-0.3019902 -0.5672123 1.86562
-0.1491877 -0.565416 1.894737
-0.255964 -0.547516 1.497421
-0.009357591 -0.4885899 1.55658
-0.3150862 -0.8316814 1.779005
-0.02792387 -0.7903872 1.777145
-0.3211588 -0.8454863 1.65267
0.01277526 -0.8620635 1.721067
9
-0.2301991 -0.5775928 1.916229
-0.3022024 -0.5673628 1.865153
-0.1494491 -0.5658085 1.894174
-0.2560408 -0.5476385 1.496973
-0.009435643 -0.4883182 1.556165
-0.3151572 -0.8318022 1.778558
-0.02792206 -0.7904969 1.776966
-0.3213772 -0.8457835 1.652303
0.01405549 -0.8619916 1.722632
9
-0.2301991 -0.5775928 1.916229
-0.3022024 -0.5673628 1.865153
-0.1494491 -0.5658085 1.894174
-0.2560408 -0.5476385 1.496973
-0.009435643 -0.4883182 1.556165
-0.3151572 -0.8318022 1.778558
-0.02792206 -0.7904969 1.776966
-0.3213772 -0.8457835 1.652303
0.01405549 -0.8619916 1.722632
9
-0.2303913 -0.5778629 1.915663
-0.3023594 -0.5675519 1.864573
-0.1496675 -0.5661467 1.893639
-0.2561197 -0.5477118 1.496407
-0.009562554 -0.4881722 1.555957
-0.3152303 -0.831874 1.777993
-0.02786026 -0.7906142 1.776876
-0.3216636 -0.8461191 1.651856
0.01481218 -0.8622899 1.724912
9
-0.2303913 -0.5778629 1.915663
-0.3023594 -0.5675519 1.864573
-0.1496675 -0.5661467 1.893639
-0.2561197 -0.5477118 1.496407
-0.009562554 -0.4881722 1.555957
-0.3152303 -0.831874 1.777993
-0.02786026 -0.7906142 1.776876
-0.3216636 -0.8461191 1.651856
0.01481218 -0.8622899 1.724912
9
-0.2306002 -0.5781063 1.915226
-0.3025741 -0.5677286 1.864084
-0.1498623 -0.5664427 1.89326
-0.2561568 -0.547735 1.495947
-0.009598015 -0.4881149 1.555888
-0.3152626 -0.8318961 1.777534
-0.0278035 -0.7905866 1.77674
-0.3219042 -0.8464008 1.651512
0.0149272 -0.8624066 1.725645
9
-0.2306002 -0.5781063 1.915226
-0.3025741 -0.5677286 1.864084
-0.1498623 -0.5664427 1.89326
-0.2561568 -0.547735 1.495947
-0.009598015 -0.4881149 1.555888
-0.3152626 -0.8318961 1.777534
-0.0278035 -0.7905866 1.77674
-0.3219042 -0.8464008 1.651512
0.0149272 -0.8624066 1.725645
9
-0.2307938 -0.5784166 1.914811
-0.3027403 -0.5679429 1.863716
-0.1500745 -0.5668443 1.892811
-0.256124 -0.5477911 1.495611
-0.009740638 -0.4879897 1.55571
-0.3152278 -0.8319512 1.777197
-0.02783227 -0.7907105 1.776593
-0.3220238 -0.8466456 1.651261
0.01549961 -0.8623923 1.726333
9
-0.2307938 -0.5784166 1.914811
-0.3027403 -0.5679429 1.863716
-0.1500745 -0.5668443 1.892811
-0.256124 -0.5477911 1.495611
-0.009740638 -0.4879897 1.55571
-0.3152278 -0.8319512 1.777197
-0.02783227 -0.7907105 1.776593
-0.3220238 -0.8466456 1.651261
0.01549961 -0.8623923 1.726333
9
-0.230898 -0.5787351 1.91445
-0.3028189 -0.5681545 1.863491
-0.1501985 -0.5672688 1.892303
-0.2560491 -0.5478577 1.495412
-0.009916895 -0.4878271 1.555533
-0.3151507 -0.8320183 1.776997
-0.02784893 -0.7907074 1.776559
-0.3220352 -0.8468123 1.651108
0.01579764 -0.8623039 1.726684
9
-0.230898 -0.5787351 1.91445
-0.3028189 -0.5681545 1.863491
-0.1501985 -0.5672688 1.892303
-0.2560491 -0.5478577 1.495412
-0.009916895 -0.4878271 1.555533
-0.3151507 -0.8320183 1.776997
-0.02784893 -0.7907074 1.776559
-0.3220352 -0.8468123 1.651108
0.01579764 -0.8623039 1.726684
9
-0.2310126 -0.5789819 1.914222
-0.3029209 -0.568353 1.863256
-0.1503198 -0.5675519 1.892094
-0.2558837 -0.5479839 1.495214
-0.009990763 -0.4877437 1.555411
-0.3149829 -0.8321446 1.776798
-0.02786957 -0.7907154 1.776555
-0.3219537 -0.8470248 1.650951
0.0160705 -0.8621669 1.726687
9
-0.2310126 -0.5789819 1.914222
-0.3029209 -0.568353 1.863256
-0.1503198 -0.5675519 1.892094
-0.2558837 -0.5479839 1.495214
-0.009990763 -0.4877437 1.555411
-0.3149829 -0.8321446 1.776798
-0.02786957 -0.7907154 1.776555
-0.3219537 -0.8470248 1.650951
0.0160705 -0.8621669 1.726687
9
-0.2311472 -0.5791994 1.914074
-0.3030205 -0.5685278 1.863043
-0.1504952 -0.5678191 1.892014
-0.2558592 -0.547978 1.495025
-0.01007846 -0.4876654 1.555297
-0.3149581 -0.8321384 1.776609
-0.0279194 -0.7907293 1.776511
-0.3220277 -0.8471445 1.650819
0.01624765 -0.8621416 1.727062
9
-0.2311472 -0.5791994 1.914074
-0.3030205 -0.5685278 1.863043
-0.1504952 -0.5678191 1.892014
-0.2558592 -0.547978 1.495025
-0.01007846 -0.4876654 1.555297
-0.3149581 -0.8321384 1.776609
-0.0279194 -0.7907293 1.776511
-0.3220277 -0.8471445 1.650819
0.01624765 -0.8621416 1.727062
9
-0.2313332 -0.5794113 1.913951
-0.3031757 -0.5686828 1.862902
-0.1507075 -0.5680841 1.891922
-0.2557882 -0.5480363 1.494918
-0.01020198 -0.4875071 1.554955
-0.3148854 -0.832197 1.776501
-0.02794484 -0.7907538 1.776534
-0.3220015 -0.8472483 1.650733
0.01664168 -0.8620145 1.727433
9
-0.2313332 -0.5794113 1.913951
-0.3031757 -0.5686828 1.862902
-0.1507075 -0.5680841 1.891922
-0.2557882 -0.5480363 1.494918
-0.01020198 -0.4875071 1.554955
-0.3148854 -0.832197 1.776501
-0.02794484 -0.7907538 1.776534
-0.3220015 -0.8472483 1.650733
0.01664168 -0.8620145 1.727433
9
-0.2314722 -0.5796459 1.913816
-0.3032924 -0.5688573 1.862784
-0.1508606 -0.5683691 1.891781
-0.2557693 -0.5480537 1.494824
-0.01025518 -0.4875593 1.554969
-0.3148656 -0.8322147 1.776407
-0.02800533 -0.7908266 1.776185
-0.3220248 -0.847316 1.650662
0.01168659 -0.8499191 1.691177
9
-0.2314722 -0.5796459 1.913816
-0.3032924 -0.5688573 1.862784
-0.1508606 -0.5683691 1.891781
-0.2557693 -0.5480537 1.494824
-0.01025518 -0.4875593 1.554969
-0.3148656 -0.8322147 1.776407
-0.02800533 -0.7908266 1.776185
-0.3220248 -0.847316 1.650662
0.01168659 -0.8499191 1.691177
9
-0.231568 -0.5799013 1.913679
-0.303379 -0.5690841 1.862625
-0.1509603 -0.5686389 1.891676
-0.2557384 -0.5480568 1.49469
-0.01032222 -0.487408 1.554794
-0.3148334 -0.8322179 1.776272
-0.02811381 -0.7907913 1.776145
-0.3220578 -0.8473989 1.650565
0.01486045 -0.8520147 1.697298
9
-0.231568 -0.5799013 1.913679
-0.303379 -0.5690841 1.862625
-0.1509603 -0.5686389 1.891676
-0.2557384 -0.5480568 1.49469
-0.01032222 -0.487408 1.554794
-0.3148334 -0.8322179 1.776272
-0.02811381 -0.7907913 1.776145
-0.3220578 -0.8473989 1.650565
0.01486045 -0.8520147 1.697298
9
-0.2316243 -0.5801169 1.91356
-0.3034179 -0.5692199 1.862579
-0.1510321 -0.5689393 1.891464
-0.2556694 -0.5481144 1.494662
-0.01045723 -0.4870194 1.554568
-0.314763 -0.8322761 1.776243
-0.0281738 -0.790781 1.775985
-0.3219928 -0.8474515 1.650535
0.01263759 -0.8537651 1.698196
9
-0.2316243 -0.5801169 1.91356
-0.3034179 -0.5692199 1.862579
-0.1510321 -0.5689393 1.891464
-0.2556694 -0.5481144 1.494662
-0.01045723 -0.4870194 1.554568
-0.314763 -0.8322761 1.776243
-0.0281738 -0.790781 1.775985
-0.3219928 -0.8474515 1.650535
0.01263759 -0.8537651 1.698196
