40
9
-0.1563359 -0.02736597 2.056662
-0.2252589 -0.02751389 2.013602
-0.08207415 -0.02632836 2.029498
-0.2394658 -0.3703506 1.973711
-0.08124734 -0.3696332 1.994187
-0.2548966 -0.8572496 1.932479
-0.0820475 -0.8554679 1.943759
-0.2556963 -0.9012967 1.827719
-0.09593922 -0.8924235 1.835028
9
-0.1563359 -0.02736597 2.056662
-0.2252589 -0.02751389 2.013602
-0.08207415 -0.02632836 2.029498
-0.2394658 -0.3703506 1.973711
-0.08124734 -0.3696332 1.994187
-0.2548966 -0.8572496 1.932479
-0.0820475 -0.8554679 1.943759
-0.2556963 -0.9012967 1.827719
-0.09593922 -0.8924235 1.835028
9
-0.1580536 -0.03406788 2.055629
-0.2274393 -0.03439699 2.012562
-0.08329806 -0.03261669 2.02848
-0.2408876 -0.377135 1.970526
-0.0816143 -0.3758495 1.985932
-0.2546723 -0.8571207 1.932632
-0.08266763 -0.8554823 1.943948
-0.2555664 -0.9006246 1.827451
-0.09505213 -0.8921172 1.834728
9
-0.1580536 -0.03406788 2.055629
-0.2274393 -0.03439699 2.012562
-0.08329806 -0.03261669 2.02848
-0.2408876 -0.377135 1.970526
-0.0816143 -0.3758495 1.985932
-0.2546723 -0.8571207 1.932632
-0.08266763 -0.8554823 1.943948
-0.2555664 -0.9006246 1.827451
-0.09505213 -0.8921172 1.834728
9
-0.1591131 -0.03772415 2.055471
-0.2286383 -0.0383325 2.012466
-0.08418363 -0.03586473 2.028273
-0.2417907 -0.380978 1.967039
-0.08253005 -0.3789603 1.979956
-0.2538627 -0.8562862 1.934422
-0.08227019 -0.855296 1.943057
-0.2719373 -0.902241 1.834484
-0.09507333 -0.892311 1.834161
9
-0.1591131 -0.03772415 2.055471
-0.2286383 -0.0383325 2.012466
-0.08418363 -0.03586473 2.028273
-0.2417907 -0.380978 1.967039
-0.08253005 -0.3789603 1.979956
-0.2538627 -0.8562862 1.934422
-0.08227019 -0.855296 1.943057
-0.2719373 -0.902241 1.834484
-0.09507333 -0.892311 1.834161
9
-0.1610607 -0.045333 2.05522
-0.2310207 -0.04573122 2.012532
-0.08562794 -0.04343578 2.027714
-0.2435164 -0.3881531 1.962078
-0.0823343 -0.3861467 1.972221
-0.2538243 -0.8561755 1.934474
-0.08430052 -0.8522216 1.946639
-0.2636464 -0.9009979 1.831465
-0.09140091 -0.8901548 1.837456
9
-0.1610607 -0.045333 2.05522
-0.2310207 -0.04573122 2.012532
-0.08562794 -0.04343578 2.027714
-0.2435164 -0.3881531 1.962078
-0.0823343 -0.3861467 1.972221
-0.2538243 -0.8561755 1.934474
-0.08430052 -0.8522216 1.946639
-0.2636464 -0.9009979 1.831465
-0.09140091 -0.8901548 1.837456
9
-0.162078 -0.05577716 2.055775
-0.2327611 -0.05597955 2.013449
-0.08588713 -0.05374083 2.027919
-0.2452769 -0.3977745 1.953311
-0.08145097 -0.3957847 1.964245
-0.2535663 -0.8564557 1.933899
-0.08351488 -0.8545031 1.943171
-0.2610593 -0.9001806 1.82961
-0.09080358 -0.8926764 1.834225
9
-0.1635712 -0.07068973 2.057094
-0.234999 -0.07046178 2.015168
-0.08657571 -0.06855533 2.028852
-0.2475477 -0.4110305 1.942836
-0.07986789 -0.4093161 1.953878
-0.2532459 -0.8578067 1.931849
-0.0837307 -0.8549387 1.942616
-0.2578505 -0.9003741 1.826307
-0.08847374 -0.8930992 1.83343
9
-0.1635712 -0.07068973 2.057094
-0.234999 -0.07046178 2.015168
-0.08657571 -0.06855533 2.028852
-0.2475477 -0.4110305 1.942836
-0.07986789 -0.4093161 1.953878
-0.2532459 -0.8578067 1.931849
-0.0837307 -0.8549387 1.942616
-0.2578505 -0.9003741 1.826307
-0.08847374 -0.8930992 1.83343
9
-0.1656317 -0.09137179 2.057455
-0.2375645 -0.09061883 2.016043
-0.08805425 -0.08902662 2.028729
-0.2501321 -0.4279238 1.921515
-0.07763601 -0.4275276 1.939415
-0.2532009 -0.8578964 1.931617
-0.08441135 -0.8550956 1.942084
-0.2560954 -0.8994261 1.825125
-0.08685362 -0.893119 1.832668
9
-0.1656317 -0.09137179 2.057455
-0.2375645 -0.09061883 2.016043
-0.08805425 -0.08902662 2.028729
-0.2501321 -0.4279238 1.921515
-0.07763601 -0.4275276 1.939415
-0.2532009 -0.8578964 1.931617
-0.08441135 -0.8550956 1.942084
-0.2560954 -0.8994261 1.825125
-0.08685362 -0.893119 1.832668
9
-0.1656317 -0.09137179 2.057455
-0.2375645 -0.09061883 2.016043
-0.08805425 -0.08902662 2.028729
-0.2501321 -0.4279238 1.921515
-0.07763601 -0.4275276 1.939415
-0.2532009 -0.8578964 1.931617
-0.08441135 -0.8550956 1.942084
-0.2560954 -0.8994261 1.825125
-0.08685362 -0.893119 1.832668
9
-0.1658219 -0.1157225 2.059839
-0.2386688 -0.1144235 2.019253
-0.08732849 -0.1131429 2.030329
-0.250115 -0.4478548 1.90673
-0.07392984 -0.447194 1.919485
-0.2529199 -0.85726 1.931373
-0.0840117 -0.8549296 1.941566
-0.2546813 -0.8984839 1.823528
-0.08661498 -0.893305 1.832394
9
-0.1703291 -0.1419555 2.085905
-0.241981 -0.1400276 2.043586
-0.09300911 -0.1391256 2.058256
-0.2494958 -0.4612567 1.890266
-0.07338619 -0.4627018 1.912251
-0.2534646 -0.8582034 1.927559
-0.08454531 -0.8556378 1.940814
-0.2987625 -0.8984935 1.837948
-0.0831884 -0.8931928 1.831013
9
-0.1703291 -0.1419555 2.085905
-0.241981 -0.1400276 2.043586
-0.09300911 -0.1391256 2.058256
-0.2494958 -0.4612567 1.890266
-0.07338619 -0.4627018 1.912251
-0.2534646 -0.8582034 1.927559
-0.08454531 -0.8556378 1.940814
-0.2987625 -0.8984935 1.837948
-0.0831884 -0.8931928 1.831013
9
-0.1806881 -0.1823306 2.100348
-0.2529983 -0.1791653 2.059179
-0.102372 -0.1794408 2.071619
-0.2540376 -0.4058098 1.838177
-0.06356029 -0.4380001 1.861851
-0.251857 -0.8222354 1.909721
-0.085306 -0.8533589 1.934014
-0.2363281 -0.8989258 1.795898
-0.07858767 -0.8930852 1.825876
9
-0.1806881 -0.1823306 2.100348
-0.2529983 -0.1791653 2.059179
-0.102372 -0.1794408 2.071619
-0.2540376 -0.4058098 1.838177
-0.06356029 -0.4380001 1.861851
-0.251857 -0.8222354 1.909721
-0.085306 -0.8533589 1.934014
-0.2363281 -0.8989258 1.795898
-0.07858767 -0.8930852 1.825876
9
-0.180679 -0.2085013 2.101091
-0.2537341 -0.2033084 2.061022
-0.1015694 -0.2068903 2.071265
-0.2543856 -0.4108401 1.830085
-0.06226041 -0.4397987 1.855966
-0.2523277 -0.8259299 1.907501
-0.08539052 -0.8540869 1.932569
-0.2409789 -0.8972205 1.794968
-0.07988723 -0.8921905 1.82057
9
-0.180679 -0.2085013 2.101091
-0.2537341 -0.2033084 2.061022
-0.1015694 -0.2068903 2.071265
-0.2543856 -0.4108401 1.830085
-0.06226041 -0.4397987 1.855966
-0.2523277 -0.8259299 1.907501
-0.08539052 -0.8540869 1.932569
-0.2409789 -0.8972205 1.794968
-0.07988723 -0.8921905 1.82057
9
-0.1810834 -0.242844 2.100711
-0.2546872 -0.2400343 2.060148
-0.1015012 -0.2376658 2.071501
-0.2563546 -0.4223064 1.804761
-0.05795228 -0.4533011 1.840073
-0.2528491 -0.8311226 1.906044
-0.08616527 -0.8582753 1.933902
-0.2412918 -0.8968577 1.794867
-0.07982207 -0.8920212 1.820014
9
-0.1810834 -0.242844 2.100711
-0.2546872 -0.2400343 2.060148
-0.1015012 -0.2376658 2.071501
-0.2563546 -0.4223064 1.804761
-0.05795228 -0.4533011 1.840073
-0.2528491 -0.8311226 1.906044
-0.08616527 -0.8582753 1.933902
-0.2412918 -0.8968577 1.794867
-0.07982207 -0.8920212 1.820014
9
-0.1810834 -0.242844 2.100711
-0.2546872 -0.2400343 2.060148
-0.1015012 -0.2376658 2.071501
-0.2563546 -0.4223064 1.804761
-0.05795228 -0.4533011 1.840073
-0.2528491 -0.8311226 1.906044
-0.08616527 -0.8582753 1.933902
-0.2412918 -0.8968577 1.794867
-0.07982207 -0.8920212 1.820014
9
-0.1810834 -0.242844 2.100711
-0.2546872 -0.2400343 2.060148
-0.1015012 -0.2376658 2.071501
-0.2563546 -0.4223064 1.804761
-0.05795228 -0.4533011 1.840073
-0.2528491 -0.8311226 1.906044
-0.08616527 -0.8582753 1.933902
-0.2412918 -0.8968577 1.794867
-0.07982207 -0.8920212 1.820014
9
-0.1797044 -0.3216662 2.090133
-0.2550389 -0.3165683 2.049923
-0.09840183 -0.3160883 2.060973
-0.2555061 -0.4499712 1.761628
-0.05262111 -0.4838389 1.799004
-0.2525209 -0.8444518 1.903547
-0.08628204 -0.8582017 1.933146
-0.2441319 -0.8937411 1.794024
-0.08057368 -0.8905494 1.814467
9
-0.1797044 -0.3216662 2.090133
-0.2550389 -0.3165683 2.049923
-0.09840183 -0.3160883 2.060973
-0.2555061 -0.4499712 1.761628
-0.05262111 -0.4838389 1.799004
-0.2525209 -0.8444518 1.903547
-0.08628204 -0.8582017 1.933146
-0.2441319 -0.8937411 1.794024
-0.08057368 -0.8905494 1.814467
9
-0.1767337 -0.3433357 2.086515
-0.2523964 -0.3391895 2.046123
-0.0952198 -0.3361322 2.057636
-0.2549719 -0.4546324 1.754919
-0.05249485 -0.48548 1.794969
-0.2526951 -0.8474063 1.900882
-0.08565334 -0.8578933 1.932853
-0.2456355 -0.891928 1.790193
-0.08367045 -0.8895568 1.809368
9
-0.1767337 -0.3433357 2.086515
-0.2523964 -0.3391895 2.046123
-0.0952198 -0.3361322 2.057636
-0.2549719 -0.4546324 1.754919
-0.05249485 -0.48548 1.794969
-0.2526951 -0.8474063 1.900882
-0.08565334 -0.8578933 1.932853
-0.2456355 -0.891928 1.790193
-0.08367045 -0.8895568 1.809368
9
-0.1764804 -0.3879106 2.074811
-0.2528562 -0.3809015 2.036311
-0.09418765 -0.3820738 2.044227
-0.2535823 -0.4636467 1.737794
-0.05318697 -0.4906596 1.77933
-0.2519626 -0.8507149 1.896629
-0.08665521 -0.8583013 1.932534
-0.2522548 -0.8884733 1.785153
-0.0865856 -0.8879521 1.806164
9
-0.1764804 -0.3879106 2.074811
-0.2528562 -0.3809015 2.036311
-0.09418765 -0.3820738 2.044227
-0.2535823 -0.4636467 1.737794
-0.05318697 -0.4906596 1.77933
-0.2519626 -0.8507149 1.896629
-0.08665521 -0.8583013 1.932534
-0.2522548 -0.8884733 1.785153
-0.0865856 -0.8879521 1.806164
9
-0.1760238 -0.4096217 2.070522
-0.2527183 -0.4029164 2.032512
-0.09345953 -0.4027061 2.039656
-0.2516591 -0.47394 1.718622
-0.04820772 -0.4936303 1.762454
-0.2528507 -0.8526447 1.894511
-0.08608783 -0.8589447 1.931411
-0.2510269 -0.8890411 1.779488
-0.0854903 -0.8866801 1.802823
9
-0.1760238 -0.4096217 2.070522
-0.2527183 -0.4029164 2.032512
-0.09345953 -0.4027061 2.039656
-0.2516591 -0.47394 1.718622
-0.04820772 -0.4936303 1.762454
-0.2528507 -0.8526447 1.894511
-0.08608783 -0.8589447 1.931411
-0.2510269 -0.8890411 1.779488
-0.0854903 -0.8866801 1.802823
9
-0.1723646 -0.4464703 2.062178
-0.2491648 -0.4388365 2.0246
-0.08981775 -0.4392462 2.031134
-0.2488978 -0.4809718 1.702976
-0.04713965 -0.4945468 1.746655
-0.2523889 -0.8479173 1.900163
-0.08264729 -0.8608912 1.925698
-0.2509437 -0.8886902 1.779052
-0.08875407 -0.8841393 1.798364
9
-0.1723646 -0.4464703 2.062178
-0.2491648 -0.4388365 2.0246
-0.08981775 -0.4392462 2.031134
-0.2488978 -0.4809718 1.702976
-0.04713965 -0.4945468 1.746655
-0.2523889 -0.8479173 1.900163
-0.08264729 -0.8608912 1.925698
-0.2509437 -0.8886902 1.779052
-0.08875407 -0.8841393 1.798364
9
-0.1723646 -0.4464703 2.062178
-0.2491648 -0.4388365 2.0246
-0.08981775 -0.4392462 2.031134
-0.2488978 -0.4809718 1.702976
-0.04713965 -0.4945468 1.746655
-0.2523889 -0.8479173 1.900163
-0.08264729 -0.8608912 1.925698
-0.2509437 -0.8886902 1.779052
-0.08875407 -0.8841393 1.798364
9
-0.1739206 -0.4798887 2.045887
-0.2507982 -0.4706198 2.008751
-0.09121773 -0.4731435 2.014672
-0.2481049 -0.48794 1.684329
-0.04311174 -0.4960088 1.733848
-0.2537474 -0.8440928 1.898809
-0.08214682 -0.8606119 1.924405
-0.2492047 -0.8872467 1.772677
-0.08942413 -0.882928 1.796602
9
-0.1734686 -0.492676 2.044048
-0.2503899 -0.4831126 2.007389
-0.09074038 -0.485804 2.012451
-0.2478059 -0.4935041 1.677161
-0.03994142 -0.4966339 1.727354
-0.2395529 -0.83103 1.91809
-0.06924649 -0.8662854 1.900856
-0.250282 -0.8804348 1.777731
-0.09261271 -0.8838286 1.784959
9
-0.1734686 -0.492676 2.044048
-0.2503899 -0.4831126 2.007389
-0.09074038 -0.485804 2.012451
-0.2478059 -0.4935041 1.677161
-0.03994142 -0.4966339 1.727354
-0.2395529 -0.83103 1.91809
-0.06924649 -0.8662854 1.900856
-0.250282 -0.8804348 1.777731
-0.09261271 -0.8838286 1.784959
9
-0.1742219 -0.5291451 2.023978
-0.2516129 -0.5184786 1.98796
-0.09096268 -0.5220527 1.992074
-0.2463551 -0.4995712 1.66932
-0.03806578 -0.5005508 1.711241
-0.2383619 -0.831288 1.917615
-0.06687514 -0.86954 1.894638
-0.2498938 -0.8781461 1.775935
-0.09476316 -0.8837211 1.779026
