40
9
-0.08320678 -0.07270973 2.25541
-0.1667136 -0.0705637 2.208298
0.003186278 -0.07243834 2.223279
-0.1732814 -0.4658307 2.131894
0.002247583 -0.4851481 2.177388
-0.1714327 -0.8243405 2.131663
-0.005263166 -0.8202626 2.147308
-0.1966234 -0.8862207 1.994796
0.01311318 -0.8840476 2.026066
9
-0.08280909 -0.0742526 2.254604
-0.1664749 -0.07215816 2.2079
0.003769251 -0.07390359 2.222002
-0.1731903 -0.470818 2.127767
0.005710356 -0.4796259 2.166463
-0.1706577 -0.8245803 2.129587
-0.00638521 -0.8198188 2.147629
-0.2022116 -0.886225 1.986712
0.01479393 -0.8832817 2.026727
9
-0.08280909 -0.0742526 2.254604
-0.1664749 -0.07215816 2.2079
0.003769251 -0.07390359 2.222002
-0.1731903 -0.470818 2.127767
0.005710356 -0.4796259 2.166463
-0.1706577 -0.8245803 2.129587
-0.00638521 -0.8198188 2.147629
-0.2022116 -0.886225 1.986712
0.01479393 -0.8832817 2.026727
9
-0.08280909 -0.0742526 2.254604
-0.1664749 -0.07215816 2.2079
0.003769251 -0.07390359 2.222002
-0.1731903 -0.470818 2.127767
0.005710356 -0.4796259 2.166463
-0.1706577 -0.8245803 2.129587
-0.00638521 -0.8198188 2.147629
-0.2022116 -0.886225 1.986712
0.01479393 -0.8832817 2.026727
9
-0.08275242 -0.07874882 2.253882
-0.1668058 -0.07722794 2.207059
0.004151777 -0.07764626 2.221434
-0.1735006 -0.4763883 2.120402
0.01006536 -0.4768392 2.155334
-0.1725968 -0.8257834 2.12537
-0.005990387 -0.8199264 2.146272
-0.200691 -0.8875327 1.98603
0.01455885 -0.8841749 2.025951
9
-0.08275242 -0.07874882 2.253882
-0.1668058 -0.07722794 2.207059
0.004151777 -0.07764626 2.221434
-0.1735006 -0.4763883 2.120402
0.01006536 -0.4768392 2.155334
-0.1725968 -0.8257834 2.12537
-0.005990387 -0.8199264 2.146272
-0.200691 -0.8875327 1.98603
0.01455885 -0.8841749 2.025951
9
-0.08275242 -0.07874882 2.253882
-0.1668058 -0.07722794 2.207059
0.004151777 -0.07764626 2.221434
-0.1735006 -0.4763883 2.120402
0.01006536 -0.4768392 2.155334
-0.1725968 -0.8257834 2.12537
-0.005990387 -0.8199264 2.146272
-0.200691 -0.8875327 1.98603
0.01455885 -0.8841749 2.025951
9
-0.08275242 -0.07874882 2.253882
-0.1668058 -0.07722794 2.207059
0.004151777 -0.07764626 2.221434
-0.1735006 -0.4763883 2.120402
0.01006536 -0.4768392 2.155334
-0.1725968 -0.8257834 2.12537
-0.005990387 -0.8199264 2.146272
-0.200691 -0.8875327 1.98603
0.01455885 -0.8841749 2.025951
9
-0.08275242 -0.07874882 2.253882
-0.1668058 -0.07722794 2.207059
0.004151777 -0.07764626 2.221434
-0.1735006 -0.4763883 2.120402
0.01006536 -0.4768392 2.155334
-0.1725968 -0.8257834 2.12537
-0.005990387 -0.8199264 2.146272
-0.200691 -0.8875327 1.98603
0.01455885 -0.8841749 2.025951
9
-0.08275242 -0.07874882 2.253882
-0.1668058 -0.07722794 2.207059
0.004151777 -0.07764626 2.221434
-0.1735006 -0.4763883 2.120402
0.01006536 -0.4768392 2.155334
-0.1725968 -0.8257834 2.12537
-0.005990387 -0.8199264 2.146272
-0.200691 -0.8875327 1.98603
0.01455885 -0.8841749 2.025951
9
-0.08491242 -0.1321102 2.255708
-0.1721873 -0.1307889 2.208841
0.00530253 -0.1278046 2.223453
-0.1748319 -0.4693456 2.062545
0.02990182 -0.478179 2.106789
-0.1725792 -0.8266719 2.125149
-0.003648005 -0.8203887 2.142534
-0.2011631 -0.8876115 1.985475
0.01477362 -0.8867599 2.023775
9
-0.08491242 -0.1321102 2.255708
-0.1721873 -0.1307889 2.208841
0.00530253 -0.1278046 2.223453
-0.1748319 -0.4693456 2.062545
0.02990182 -0.478179 2.106789
-0.1725792 -0.8266719 2.125149
-0.003648005 -0.8203887 2.142534
-0.2011631 -0.8876115 1.985475
0.01477362 -0.8867599 2.023775
9
-0.08532564 -0.1421024 2.256131
-0.1731848 -0.1410762 2.209238
0.005475587 -0.1380595 2.223958
-0.1725613 -0.4814384 2.059138
0.03065117 -0.4856527 2.101823
-0.1724172 -0.8287713 2.122116
-0.004070906 -0.8215027 2.142054
-0.2066857 -0.8902718 1.977552
0.01607293 -0.886455 2.022361
9
-0.08532564 -0.1421024 2.256131
-0.1731848 -0.1410762 2.209238
0.005475587 -0.1380595 2.223958
-0.1725613 -0.4814384 2.059138
0.03065117 -0.4856527 2.101823
-0.1724172 -0.8287713 2.122116
-0.004070906 -0.8215027 2.142054
-0.2066857 -0.8902718 1.977552
0.01607293 -0.886455 2.022361
9
-0.08892653 -0.1693375 2.25985
-0.1776839 -0.1680339 2.212018
0.002893746 -0.1648272 2.2287
-0.1695237 -0.5002238 2.048544
0.03508988 -0.503382 2.089679
-0.1732801 -0.8303219 2.118816
-0.004283318 -0.8223818 2.141384
-0.2120232 -0.8930403 1.971494
0.01626382 -0.8867797 2.021466
9
-0.08892653 -0.1693375 2.25985
-0.1776839 -0.1680339 2.212018
0.002893746 -0.1648272 2.2287
-0.1695237 -0.5002238 2.048544
0.03508988 -0.503382 2.089679
-0.1732801 -0.8303219 2.118816
-0.004283318 -0.8223818 2.141384
-0.2120232 -0.8930403 1.971494
0.01626382 -0.8867797 2.021466
9
-0.08536611 -0.1934335 2.260979
-0.1753896 -0.193348 2.212265
0.007543385 -0.1869082 2.23071
-0.1652448 -0.5107508 2.015557
0.04024956 -0.5204285 2.076893
-0.1719112 -0.8300963 2.118985
-0.004863268 -0.824591 2.138867
-0.2120597 -0.8933906 1.97055
0.0164094 -0.887189 2.017675
9
-0.08536611 -0.1934335 2.260979
-0.1753896 -0.193348 2.212265
0.007543385 -0.1869082 2.23071
-0.1652448 -0.5107508 2.015557
0.04024956 -0.5204285 2.076893
-0.1719112 -0.8300963 2.118985
-0.004863268 -0.824591 2.138867
-0.2120597 -0.8933906 1.97055
0.0164094 -0.887189 2.017675
9
-0.0876039 -0.23151 2.300997
-0.1758362 -0.2303939 2.25153
0.003607221 -0.2246971 2.271648
-0.1617116 -0.5229517 2.013556
0.05326157 -0.5269117 2.054992
-0.1658513 -0.8389703 2.11364
-0.004305892 -0.8264375 2.135067
-0.20951 -0.8942201 1.970586
0.01860568 -0.8893903 2.014686
9
-0.0876039 -0.23151 2.300997
-0.1758362 -0.2303939 2.25153
0.003607221 -0.2246971 2.271648
-0.1617116 -0.5229517 2.013556
0.05326157 -0.5269117 2.054992
-0.1658513 -0.8389703 2.11364
-0.004305892 -0.8264375 2.135067
-0.20951 -0.8942201 1.970586
0.01860568 -0.8893903 2.014686
9
-0.09102184 -0.2609556 2.305548
-0.1805543 -0.2600121 2.255547
0.001557769 -0.2530678 2.276834
-0.1550961 -0.4604944 1.92661
0.08820605 -0.4895551 1.989326
-0.1609188 -0.8113229 2.042587
0.01965177 -0.8447412 2.072455
-0.1935014 -0.8981512 1.961411
0.01402093 -0.941805 2.004566
9
-0.09102184 -0.2609556 2.305548
-0.1805543 -0.2600121 2.255547
0.001557769 -0.2530678 2.276834
-0.1550961 -0.4604944 1.92661
0.08820605 -0.4895551 1.989326
-0.1609188 -0.8113229 2.042587
0.01965177 -0.8447412 2.072455
-0.1935014 -0.8981512 1.961411
0.01402093 -0.941805 2.004566
9
-0.09643576 -0.2923482 2.306941
-0.1861149 -0.2886585 2.256274
-0.003467779 -0.2861427 2.279074
-0.1545158 -0.4813713 1.923009
0.09586754 -0.4946791 1.972518
-0.1599049 -0.8281516 2.048649
0.02550208 -0.8486216 2.058646
-0.1940078 -0.9071004 1.954504
-0.009148315 -0.9428623 2.001594
9
-0.09643576 -0.2923482 2.306941
-0.1861149 -0.2886585 2.256274
-0.003467779 -0.2861427 2.279074
-0.1545158 -0.4813713 1.923009
0.09586754 -0.4946791 1.972518
-0.1599049 -0.8281516 2.048649
0.02550208 -0.8486216 2.058646
-0.1940078 -0.9071004 1.954504
-0.009148315 -0.9428623 2.001594
9
-0.09643576 -0.2923482 2.306941
-0.1861149 -0.2886585 2.256274
-0.003467779 -0.2861427 2.279074
-0.1545158 -0.4813713 1.923009
0.09586754 -0.4946791 1.972518
-0.1599049 -0.8281516 2.048649
0.02550208 -0.8486216 2.058646
-0.1940078 -0.9071004 1.954504
-0.009148315 -0.9428623 2.001594
9
-0.09643576 -0.2923482 2.306941
-0.1861149 -0.2886585 2.256274
-0.003467779 -0.2861427 2.279074
-0.1545158 -0.4813713 1.923009
0.09586754 -0.4946791 1.972518
-0.1599049 -0.8281516 2.048649
0.02550208 -0.8486216 2.058646
-0.1940078 -0.9071004 1.954504
-0.009148315 -0.9428623 2.001594
9
-0.09705198 -0.3799744 2.29475
-0.1873962 -0.3744918 2.246173
-0.003421656 -0.3725181 2.265183
-0.1424414 -0.4693072 1.870707
0.1154774 -0.507758 1.92275
-0.1713445 -0.818782 1.986741
0.0365065 -0.8502994 2.036942
-0.1583404 -0.9050717 1.859566
-0.04406428 -0.9186546 1.987844
9
-0.09705198 -0.3799744 2.29475
-0.1873962 -0.3744918 2.246173
-0.003421656 -0.3725181 2.265183
-0.1424414 -0.4693072 1.870707
0.1154774 -0.507758 1.92275
-0.1713445 -0.818782 1.986741
0.0365065 -0.8502994 2.036942
-0.1583404 -0.9050717 1.859566
-0.04406428 -0.9186546 1.987844
9
-0.09809606 -0.4136926 2.286487
-0.1875921 -0.4062107 2.237338
-0.005310569 -0.4071552 2.257716
-0.1386133 -0.4951204 1.860924
0.1237941 -0.5052217 1.905305
-0.1709376 -0.8367288 1.994541
0.04302665 -0.8474154 2.019457
-0.212391 -0.9256057 1.931662
-0.04246913 -0.9114674 1.992707
9
-0.09809606 -0.4136926 2.286487
-0.1875921 -0.4062107 2.237338
-0.005310569 -0.4071552 2.257716
-0.1386133 -0.4951204 1.860924
0.1237941 -0.5052217 1.905305
-0.1709376 -0.8367288 1.994541
0.04302665 -0.8474154 2.019457
-0.212391 -0.9256057 1.931662
-0.04246913 -0.9114674 1.992707
9
-0.09758671 -0.4520961 2.282908
-0.1868353 -0.4433254 2.234382
-0.005046956 -0.4454373 2.253739
-0.1348684 -0.4848122 1.84923
0.1269365 -0.4977691 1.891534
-0.1679469 -0.8261222 1.983563
0.0441164 -0.8366506 2.012979
-0.2959715 -0.8954872 1.926414
-0.04193891 -0.9007835 1.978407
9
-0.09758671 -0.4520961 2.282908
-0.1868353 -0.4433254 2.234382
-0.005046956 -0.4454373 2.253739
-0.1348684 -0.4848122 1.84923
0.1269365 -0.4977691 1.891534
-0.1679469 -0.8261222 1.983563
0.0441164 -0.8366506 2.012979
-0.2959715 -0.8954872 1.926414
-0.04193891 -0.9007835 1.978407
9
-0.105483 -0.4831936 2.279627
-0.1940799 -0.4713667 2.230614
-0.01335817 -0.4787599 2.251226
-0.1317187 -0.4779073 1.844343
0.1253346 -0.5057563 1.88842
-0.1645334 -0.8198974 1.97736
0.0404257 -0.8377948 2.024163
-0.2861401 -0.8987375 1.921051
-0.04456152 -0.9015853 1.973153
9
-0.1127051 -0.5141317 2.275083
-0.2012876 -0.5013366 2.225955
-0.02029968 -0.5093982 2.247011
-0.1406274 -0.5144227 1.839749
0.1259605 -0.4994281 1.885908
-0.1620818 -0.8396512 2.007105
0.04043838 -0.8278137 2.029113
-0.2845867 -0.897444 1.910453
0.04042719 -0.9191807 1.906906
9
-0.1127051 -0.5141317 2.275083
-0.2012876 -0.5013366 2.225955
-0.02029968 -0.5093982 2.247011
-0.1406274 -0.5144227 1.839749
0.1259605 -0.4994281 1.885908
-0.1620818 -0.8396512 2.007105
0.04043838 -0.8278137 2.029113
-0.2845867 -0.897444 1.910453
0.04042719 -0.9191807 1.906906
9
-0.1162385 -0.5424914 2.265915
-0.2046199 -0.5279105 2.216745
-0.02393888 -0.5387217 2.238087
-0.1420216 -0.586454 1.836192
0.1261126 -0.5037126 1.879944
-0.1696431 -0.8713493 2.070667
0.04240434 -0.8295543 2.029034
-0.2735463 -0.8952527 1.926511
0.04236376 -0.921631 1.907777
9
-0.1162385 -0.5424914 2.265915
-0.2046199 -0.5279105 2.216745
-0.02393888 -0.5387217 2.238087
-0.1420216 -0.586454 1.836192
0.1261126 -0.5037126 1.879944
-0.1696431 -0.8713493 2.070667
0.04240434 -0.8295543 2.029034
-0.2735463 -0.8952527 1.926511
0.04236376 -0.921631 1.907777
9
-0.1409785 -0.5581015 2.265098
-0.2262732 -0.5387004 2.216418
-0.05122571 -0.5593213 2.23688
-0.1431833 -0.5864033 1.838154
0.1230053 -0.5081739 1.892452
-0.1691551 -0.8709143 2.071521
0.04510615 -0.8329579 2.046159
-0.2340592 -0.8972601 1.900318
0.03548972 -0.9339235 2.001271
9
-0.1409785 -0.5581015 2.265098
-0.2262732 -0.5387004 2.216418
-0.05122571 -0.5593213 2.23688
-0.1431833 -0.5864033 1.838154
0.1230053 -0.5081739 1.892452
-0.1691551 -0.8709143 2.071521
0.04510615 -0.8329579 2.046159
-0.2340592 -0.8972601 1.900318
0.03548972 -0.9339235 2.001271
9
-0.1460376 -0.5739028 2.258168
-0.2321129 -0.5541512 2.209882
-0.05506743 -0.574142 2.229908
-0.1478831 -0.5909887 1.830455
0.1249907 -0.5171682 1.889596
-0.169379 -0.8717133 2.07013
0.04505086 -0.8381523 2.049289
-0.2433411 -0.8955597 1.903066
0.05247714 -0.9369307 1.989364
