40
9
0.1413327 -0.4290486 2.115783
0.05738052 -0.4180576 2.069189
0.22034 -0.4251885 2.089147
0.01707285 -0.7123814 1.860375
0.3042321 -0.746955 1.980752
-0.02097031 -1.009539 2.031767
0.1947817 -0.9954471 2.084828
-0.04211 -1.074227 1.946926
0.3050525 -1.043657 2.08186
9
0.1413327 -0.4290486 2.115783
0.05738052 -0.4180576 2.069189
0.22034 -0.4251885 2.089147
0.01707285 -0.7123814 1.860375
0.3042321 -0.746955 1.980752
-0.02097031 -1.009539 2.031767
0.1947817 -0.9954471 2.084828
-0.04211 -1.074227 1.946926
0.3050525 -1.043657 2.08186
9
0.1413327 -0.4290486 2.115783
0.05738052 -0.4180576 2.069189
0.22034 -0.4251885 2.089147
0.01707285 -0.7123814 1.860375
0.3042321 -0.746955 1.980752
-0.02097031 -1.009539 2.031767
0.1947817 -0.9954471 2.084828
-0.04211 -1.074227 1.946926
0.3050525 -1.043657 2.08186
9
0.1413327 -0.4290486 2.115783
0.05738052 -0.4180576 2.069189
0.22034 -0.4251885 2.089147
0.01707285 -0.7123814 1.860375
0.3042321 -0.746955 1.980752
-0.02097031 -1.009539 2.031767
0.1947817 -0.9954471 2.084828
-0.04211 -1.074227 1.946926
0.3050525 -1.043657 2.08186
9
0.1413327 -0.4290486 2.115783
0.05738052 -0.4180576 2.069189
0.22034 -0.4251885 2.089147
0.01707285 -0.7123814 1.860375
0.3042321 -0.746955 1.980752
-0.02097031 -1.009539 2.031767
0.1947817 -0.9954471 2.084828
-0.04211 -1.074227 1.946926
0.3050525 -1.043657 2.08186
9
0.1413327 -0.4290486 2.115783
0.05738052 -0.4180576 2.069189
0.22034 -0.4251885 2.089147
0.01707285 -0.7123814 1.860375
0.3042321 -0.746955 1.980752
-0.02097031 -1.009539 2.031767
0.1947817 -0.9954471 2.084828
-0.04211 -1.074227 1.946926
0.3050525 -1.043657 2.08186
9
0.1413327 -0.4290486 2.115783
0.05738052 -0.4180576 2.069189
0.22034 -0.4251885 2.089147
0.01707285 -0.7123814 1.860375
0.3042321 -0.746955 1.980752
-0.02097031 -1.009539 2.031767
0.1947817 -0.9954471 2.084828
-0.04211 -1.074227 1.946926
0.3050525 -1.043657 2.08186
9
0.1563761 -0.6310902 2.08862
0.07288614 -0.6225443 2.040788
0.2344591 -0.6180378 2.064959
0.02335066 -0.8042832 1.718328
0.4103768 -0.877507 1.9022
-0.03484113 -1.028542 1.977661
0.2126291 -1.016823 2.077835
-0.04465237 -1.109411 1.954129
0.2845413 -1.056718 2.014448
9
0.1563761 -0.6310902 2.08862
0.07288614 -0.6225443 2.040788
0.2344591 -0.6180378 2.064959
0.02335066 -0.8042832 1.718328
0.4103768 -0.877507 1.9022
-0.03484113 -1.028542 1.977661
0.2126291 -1.016823 2.077835
-0.04465237 -1.109411 1.954129
0.2845413 -1.056718 2.014448
9
0.1563761 -0.6310902 2.08862
0.07288614 -0.6225443 2.040788
0.2344591 -0.6180378 2.064959
0.02335066 -0.8042832 1.718328
0.4103768 -0.877507 1.9022
-0.03484113 -1.028542 1.977661
0.2126291 -1.016823 2.077835
-0.04465237 -1.109411 1.954129
0.2845413 -1.056718 2.014448
9
0.1644088 -0.6945103 2.116823
0.0816688 -0.687665 2.06691
0.2415829 -0.6780851 2.09579
0.02450706 -0.7946712 1.709677
0.3575951 -0.797227 1.937309
-0.03851756 -1.017237 1.945112
0.2429994 -1.016187 2.059516
-0.006888257 -1.057753 1.816846
0.3011308 -1.075119 2.010682
9
0.1644088 -0.6945103 2.116823
0.0816688 -0.687665 2.06691
0.2415829 -0.6780851 2.09579
0.02450706 -0.7946712 1.709677
0.3575951 -0.797227 1.937309
-0.03851756 -1.017237 1.945112
0.2429994 -1.016187 2.059516
-0.006888257 -1.057753 1.816846
0.3011308 -1.075119 2.010682
9
0.1644088 -0.6945103 2.116823
0.0816688 -0.687665 2.06691
0.2415829 -0.6780851 2.09579
0.02450706 -0.7946712 1.709677
0.3575951 -0.797227 1.937309
-0.03851756 -1.017237 1.945112
0.2429994 -1.016187 2.059516
-0.006888257 -1.057753 1.816846
0.3011308 -1.075119 2.010682
9
0.1644088 -0.6945103 2.116823
0.0816688 -0.687665 2.06691
0.2415829 -0.6780851 2.09579
0.02450706 -0.7946712 1.709677
0.3575951 -0.797227 1.937309
-0.03851756 -1.017237 1.945112
0.2429994 -1.016187 2.059516
-0.006888257 -1.057753 1.816846
0.3011308 -1.075119 2.010682
9
0.1584286 -0.7575433 2.11048
0.07454556 -0.7498164 2.064169
0.2369897 -0.7400426 2.086495
0.03630051 -0.7557076 1.685676
0.4857805 -0.7800055 1.816555
-0.04203334 -1.027579 1.959271
0.2408493 -1.019855 2.063659
-0.05843983 -1.107106 1.915537
0.2732625 -1.093939 2.014127
9
0.1584286 -0.7575433 2.11048
0.07454556 -0.7498164 2.064169
0.2369897 -0.7400426 2.086495
0.03630051 -0.7557076 1.685676
0.4857805 -0.7800055 1.816555
-0.04203334 -1.027579 1.959271
0.2408493 -1.019855 2.063659
-0.05843983 -1.107106 1.915537
0.2732625 -1.093939 2.014127
9
0.1584066 -0.7693517 2.109542
0.07514112 -0.761615 2.063182
0.2363668 -0.7515368 2.085732
0.0371704 -0.7599908 1.684494
0.4877551 -0.7744941 1.815573
-0.04249275 -1.030618 1.961641
0.2422056 -1.022785 2.065239
-0.06493843 -1.106601 1.905789
0.3198242 -1.068359 2.025391
9
0.1584066 -0.7693517 2.109542
0.07514112 -0.761615 2.063182
0.2363668 -0.7515368 2.085732
0.0371704 -0.7599908 1.684494
0.4877551 -0.7744941 1.815573
-0.04249275 -1.030618 1.961641
0.2422056 -1.022785 2.065239
-0.06493843 -1.106601 1.905789
0.3198242 -1.068359 2.025391
9
0.1578686 -0.7956945 2.104133
0.0747439 -0.7877688 2.057026
0.23571 -0.7772226 2.081366
0.03947953 -0.7656893 1.678423
0.4909151 -0.7640514 1.813047
-0.04319385 -1.032696 1.963311
0.2420035 -1.024106 2.064986
-0.06689414 -1.104355 1.895263
0.3074091 -1.074221 2.008936
9
0.1578686 -0.7956945 2.104133
0.0747439 -0.7877688 2.057026
0.23571 -0.7772226 2.081366
0.03947953 -0.7656893 1.678423
0.4909151 -0.7640514 1.813047
-0.04319385 -1.032696 1.963311
0.2420035 -1.024106 2.064986
-0.06689414 -1.104355 1.895263
0.3074091 -1.074221 2.008936
9
0.1579173 -0.8142087 2.100798
0.07531217 -0.8057937 2.052863
0.2352393 -0.7957031 2.079082
0.03994047 -0.7718835 1.67503
0.4887877 -0.7576482 1.810566
-0.04542859 -1.03402 1.96366
0.2364367 -1.02574 2.066578
-0.07249938 -1.10382 1.893611
0.3012984 -1.072741 2.001751
9
0.1579173 -0.8142087 2.100798
0.07531217 -0.8057937 2.052863
0.2352393 -0.7957031 2.079082
0.03994047 -0.7718835 1.67503
0.4887877 -0.7576482 1.810566
-0.04542859 -1.03402 1.96366
0.2364367 -1.02574 2.066578
-0.07249938 -1.10382 1.893611
0.3012984 -1.072741 2.001751
9
0.1571697 -0.8303086 2.101443
0.07511231 -0.8201417 2.052949
0.2339293 -0.8131435 2.080536
0.04011031 -0.7747654 1.676132
0.4833721 -0.7531387 1.811105
-0.04645074 -1.035662 1.962203
0.2315267 -1.047514 2.067163
-0.07694101 -1.106158 1.896791
0.2970194 -1.088855 1.994495
9
0.1571697 -0.8303086 2.101443
0.07511231 -0.8201417 2.052949
0.2339293 -0.8131435 2.080536
0.04011031 -0.7747654 1.676132
0.4833721 -0.7531387 1.811105
-0.04645074 -1.035662 1.962203
0.2315267 -1.047514 2.067163
-0.07694101 -1.106158 1.896791
0.2970194 -1.088855 1.994495
9
0.1596235 -0.8421384 2.100251
0.07802556 -0.8319131 2.051369
0.2358829 -0.824621 2.07984
0.04068626 -0.776698 1.675977
0.4806308 -0.7514997 1.808572
-0.04655359 -1.036109 1.96172
0.2313876 -1.048021 2.064524
-0.08158429 -1.104322 1.894904
0.2961296 -1.088714 1.989668
9
0.1596235 -0.8421384 2.100251
0.07802556 -0.8319131 2.051369
0.2358829 -0.824621 2.07984
0.04068626 -0.776698 1.675977
0.4806308 -0.7514997 1.808572
-0.04655359 -1.036109 1.96172
0.2313876 -1.048021 2.064524
-0.08158429 -1.104322 1.894904
0.2961296 -1.088714 1.989668
9
0.1594172 -0.8487389 2.099956
0.07776599 -0.8376769 2.050596
0.2357546 -0.8319368 2.080156
0.04182969 -0.7786149 1.675606
0.4767455 -0.7514741 1.807059
-0.04865349 -1.03598 1.963073
0.2295198 -1.048338 2.064346
-0.07862949 -1.104153 1.891583
0.2942694 -1.08882 1.989163
9
0.1594172 -0.8487389 2.099956
0.07776599 -0.8376769 2.050596
0.2357546 -0.8319368 2.080156
0.04182969 -0.7786149 1.675606
0.4767455 -0.7514741 1.807059
-0.04865349 -1.03598 1.963073
0.2295198 -1.048338 2.064346
-0.07862949 -1.104153 1.891583
0.2942694 -1.08882 1.989163
9
0.1585866 -0.8522649 2.099805
0.07700574 -0.8406593 2.050222
0.2348857 -0.835903 2.080283
0.04220008 -0.7789802 1.675513
0.4733325 -0.7509677 1.80595
-0.04927023 -1.035236 1.962918
0.2299587 -1.048769 2.062771
-0.07367758 -1.098207 1.878547
0.2956681 -1.081629 1.980289
9
0.1585866 -0.8522649 2.099805
0.07700574 -0.8406593 2.050222
0.2348857 -0.835903 2.080283
0.04220008 -0.7789802 1.675513
0.4733325 -0.7509677 1.80595
-0.04927023 -1.035236 1.962918
0.2299587 -1.048769 2.062771
-0.07367758 -1.098207 1.878547
0.2956681 -1.081629 1.980289
9
0.1573442 -0.8530775 2.100451
0.07551742 -0.8412781 2.050943
0.2338928 -0.836871 2.080857
0.042523 -0.7791239 1.676138
0.4698956 -0.7505157 1.80455
-0.04899816 -1.034646 1.96342
0.2048728 -1.024485 2.079033
-0.09890962 -1.10212 1.924361
0.289566 -1.072808 1.990315
9
0.1573442 -0.8530775 2.100451
0.07551742 -0.8412781 2.050943
0.2338928 -0.836871 2.080857
0.042523 -0.7791239 1.676138
0.4698956 -0.7505157 1.80455
-0.04899816 -1.034646 1.96342
0.2048728 -1.024485 2.079033
-0.09890962 -1.10212 1.924361
0.289566 -1.072808 1.990315
9
0.1559321 -0.8525724 2.101627
0.07372988 -0.8404498 2.052624
0.2328625 -0.8366261 2.081591
0.04292586 -0.7787685 1.677554
0.4667314 -0.749535 1.803445
-0.04916006 -1.033913 1.963482
0.2207415 -1.049062 2.066812
-0.08675899 -1.104277 1.905757
0.3184361 -1.100672 1.979737
9
0.1559321 -0.8525724 2.101627
0.07372988 -0.8404498 2.052624
0.2328625 -0.8366261 2.081591
0.04292586 -0.7787685 1.677554
0.4667314 -0.749535 1.803445
-0.04916006 -1.033913 1.963482
0.2207415 -1.049062 2.066812
-0.08675899 -1.104277 1.905757
0.3184361 -1.100672 1.979737
9
0.1540463 -0.8476698 2.103982
0.0712299 -0.8349039 2.055806
0.2315899 -0.8324696 2.083117
0.04231098 -0.7774446 1.679958
0.4646669 -0.7502078 1.802787
-0.04922009 -1.033255 1.963904
0.2225052 -1.051045 2.066051
-0.08622176 -1.104445 1.908137
0.3034972 -1.070761 1.991944
9
0.1540463 -0.8476698 2.103982
0.0712299 -0.8349039 2.055806
0.2315899 -0.8324696 2.083117
0.04231098 -0.7774446 1.679958
0.4646669 -0.7502078 1.802787
-0.04922009 -1.033255 1.963904
0.2225052 -1.051045 2.066051
-0.08622176 -1.104445 1.908137
0.3034972 -1.070761 1.991944
9
0.1506129 -0.836926 2.106361
0.06716621 -0.8238375 2.059123
0.2289155 -0.8223686 2.084379
0.04163073 -0.7723384 1.682221
0.4631957 -0.7514028 1.8022
-0.05512096 -1.004176 1.982712
0.2228358 -1.05111 2.065575
-0.06014477 -1.074716 1.903835
0.3025287 -1.06813 1.991818
9
0.1506129 -0.836926 2.106361
0.06716621 -0.8238375 2.059123
0.2289155 -0.8223686 2.084379
0.04163073 -0.7723384 1.682221
0.4631957 -0.7514028 1.8022
-0.05512096 -1.004176 1.982712
0.2228358 -1.05111 2.065575
-0.06014477 -1.074716 1.903835
0.3025287 -1.06813 1.991818
9
0.1493691 -0.821308 2.109828
0.06572095 -0.808776 2.06352
0.2279819 -0.8066849 2.08661
0.0386473 -0.7667385 1.685664
0.4625853 -0.7548757 1.800912
-0.05646212 -1.003128 1.983191
0.2377051 -1.053034 2.062299
-0.05371404 -1.074418 1.905356
0.3173726 -1.068386 1.987725
9
0.1493691 -0.821308 2.109828
0.06572095 -0.808776 2.06352
0.2279819 -0.8066849 2.08661
0.0386473 -0.7667385 1.685664
0.4625853 -0.7548757 1.800912
-0.05646212 -1.003128 1.983191
0.2377051 -1.053034 2.062299
-0.05371404 -1.074418 1.905356
0.3173726 -1.068386 1.987725
