40
9
-0.07925803 -0.1146041 2.260377
-0.1660548 -0.1101316 2.219471
0.01061372 -0.1149738 2.22262
-0.1679387 -0.4146274 1.996768
0.05333173 -0.4329319 2.030218
-0.1509814 -0.7802706 2.065286
0.02245607 -0.805659 2.049678
-0.1978779 -0.8990571 1.964845
0.0285218 -0.8712325 1.903029
9
-0.07365216 -0.13985 2.268244
-0.1619103 -0.1307513 2.224849
0.01740361 -0.1444029 2.233024
-0.1292026 -0.4153073 1.975314
0.08126086 -0.4476539 2.020553
-0.1434184 -0.7779279 2.055693
0.02848632 -0.8166224 2.050995
-0.1938929 -0.897243 1.961625
0.03778844 -0.8863431 1.90801
9
-0.07365216 -0.13985 2.268244
-0.1619103 -0.1307513 2.224849
0.01740361 -0.1444029 2.233024
-0.1292026 -0.4153073 1.975314
0.08126086 -0.4476539 2.020553
-0.1434184 -0.7779279 2.055693
0.02848632 -0.8166224 2.050995
-0.1938929 -0.897243 1.961625
0.03778844 -0.8863431 1.90801
9
-0.07263525 -0.1567041 2.272794
-0.1617433 -0.1476562 2.229598
0.01905621 -0.1602327 2.237092
-0.1254267 -0.421166 1.966918
0.08723062 -0.4550814 2.012674
-0.1384031 -0.7829791 2.050216
0.02935349 -0.8223967 2.049268
-0.1904468 -0.8962454 1.960911
0.03858792 -0.8934833 1.907609
9
-0.07263525 -0.1567041 2.272794
-0.1617433 -0.1476562 2.229598
0.01905621 -0.1602327 2.237092
-0.1254267 -0.421166 1.966918
0.08723062 -0.4550814 2.012674
-0.1384031 -0.7829791 2.050216
0.02935349 -0.8223967 2.049268
-0.1904468 -0.8962454 1.960911
0.03858792 -0.8934833 1.907609
9
-0.07151061 -0.1764999 2.278712
-0.162444 -0.1654796 2.235593
0.02208701 -0.1816304 2.242906
-0.1179616 -0.4373692 1.972696
0.09561342 -0.4623763 2.000176
-0.1466631 -0.7917224 2.076335
0.03003129 -0.8267151 2.047023
-0.1879629 -0.8964956 1.955544
0.06157504 -0.9224661 1.995558
9
-0.07151061 -0.1764999 2.278712
-0.162444 -0.1654796 2.235593
0.02208701 -0.1816304 2.242906
-0.1179616 -0.4373692 1.972696
0.09561342 -0.4623763 2.000176
-0.1466631 -0.7917224 2.076335
0.03003129 -0.8267151 2.047023
-0.1879629 -0.8964956 1.955544
0.06157504 -0.9224661 1.995558
9
-0.0749646 -0.2117466 2.280835
-0.1686854 -0.2075882 2.232779
0.02088189 -0.2099645 2.249146
-0.108668 -0.4517814 1.943963
0.1036929 -0.4704245 1.984887
-0.1461419 -0.8071292 2.041767
0.03410871 -0.832846 2.037863
-0.1868223 -0.8967625 1.951905
0.06623223 -0.9293694 2.002397
9
-0.0749646 -0.2117466 2.280835
-0.1686854 -0.2075882 2.232779
0.02088189 -0.2099645 2.249146
-0.108668 -0.4517814 1.943963
0.1036929 -0.4704245 1.984887
-0.1461419 -0.8071292 2.041767
0.03410871 -0.832846 2.037863
-0.1868223 -0.8967625 1.951905
0.06623223 -0.9293694 2.002397
9
-0.07789505 -0.2414891 2.286318
-0.1704723 -0.2315044 2.237065
0.0171942 -0.2429954 2.256578
-0.106046 -0.4629057 1.937838
0.1147097 -0.4806094 1.974319
-0.1482503 -0.8141333 2.045763
0.03539938 -0.838456 2.039257
-0.1789683 -0.8958678 1.950436
0.07082704 -0.9335473 1.995139
9
-0.07789505 -0.2414891 2.286318
-0.1704723 -0.2315044 2.237065
0.0171942 -0.2429954 2.256578
-0.106046 -0.4629057 1.937838
0.1147097 -0.4806094 1.974319
-0.1482503 -0.8141333 2.045763
0.03539938 -0.838456 2.039257
-0.1789683 -0.8958678 1.950436
0.07082704 -0.9335473 1.995139
9
-0.07789505 -0.2414891 2.286318
-0.1704723 -0.2315044 2.237065
0.0171942 -0.2429954 2.256578
-0.106046 -0.4629057 1.937838
0.1147097 -0.4806094 1.974319
-0.1482503 -0.8141333 2.045763
0.03539938 -0.838456 2.039257
-0.1789683 -0.8958678 1.950436
0.07082704 -0.9335473 1.995139
9
-0.08487646 -0.3178467 2.307335
-0.1761207 -0.3043322 2.259954
0.009234346 -0.3205487 2.276236
-0.09994191 -0.4860161 1.92774
0.12216 -0.5042563 1.957842
-0.1684704 -0.8335779 2.033602
0.03516029 -0.8529669 2.049182
-0.1685472 -0.9151944 1.933684
0.0704749 -0.9335386 1.958695
9
-0.06561894 -0.3870666 2.273514
-0.1551905 -0.3836428 2.223063
0.02617866 -0.3771929 2.245851
-0.08656071 -0.5098397 1.862239
0.1397755 -0.5269566 1.908743
-0.1464413 -0.8535953 1.981741
0.05120004 -0.8735498 2.00496
-0.208304 -0.9286772 1.913392
0.05873471 -0.9354001 2.055387
9
-0.06756836 -0.4263453 2.266257
-0.1564648 -0.4213397 2.213671
0.02359547 -0.41688 2.240979
-0.07950816 -0.4846378 1.83655
0.1463668 -0.5321483 1.892498
-0.1394264 -0.8229886 1.969348
0.06090597 -0.8759166 1.998986
-0.1986808 -0.9041609 1.91468
0.02726826 -0.9247895 2.054205
9
-0.06756836 -0.4263453 2.266257
-0.1564648 -0.4213397 2.213671
0.02359547 -0.41688 2.240979
-0.07950816 -0.4846378 1.83655
0.1463668 -0.5321483 1.892498
-0.1394264 -0.8229886 1.969348
0.06090597 -0.8759166 1.998986
-0.1986808 -0.9041609 1.91468
0.02726826 -0.9247895 2.054205
9
-0.07355122 -0.4695188 2.265423
-0.1620611 -0.4597681 2.212769
0.01746016 -0.4632393 2.240525
-0.08541189 -0.5199 1.835144
0.1544283 -0.5187384 1.881305
-0.1477683 -0.8390323 2.003731
0.06310314 -0.8582811 1.995535
-0.2328513 -0.9021865 1.907219
0.06559923 -0.9441662 1.869098
9
-0.07355122 -0.4695188 2.265423
-0.1620611 -0.4597681 2.212769
0.01746016 -0.4632393 2.240525
-0.08541189 -0.5199 1.835144
0.1544283 -0.5187384 1.881305
-0.1477683 -0.8390323 2.003731
0.06310314 -0.8582811 1.995535
-0.2328513 -0.9021865 1.907219
0.06559923 -0.9441662 1.869098
9
-0.08785635 -0.4972055 2.273058
-0.1754119 -0.4858778 2.219015
0.002629181 -0.4916511 2.249802
-0.09155808 -0.51807 1.83902
0.1556665 -0.501691 1.89239
-0.1396021 -0.8344623 2.016319
0.05739624 -0.8334268 2.021237
-0.2308368 -0.9014739 1.906154
0.05350035 -0.9330131 1.96851
9
-0.08785635 -0.4972055 2.273058
-0.1754119 -0.4858778 2.219015
0.002629181 -0.4916511 2.249802
-0.09155808 -0.51807 1.83902
0.1556665 -0.501691 1.89239
-0.1396021 -0.8344623 2.016319
0.05739624 -0.8334268 2.021237
-0.2308368 -0.9014739 1.906154
0.05350035 -0.9330131 1.96851
9
-0.09124439 -0.5131728 2.291562
-0.1790884 -0.5008144 2.239596
-0.0003876568 -0.5082371 2.266397
-0.1000059 -0.5853637 1.843871
0.147267 -0.5022527 1.90622
-0.1434805 -0.8669232 2.068969
0.05280007 -0.8342007 2.036916
-0.2440829 -0.8920271 1.922825
0.06557897 -0.9266117 1.959759
9
-0.09124439 -0.5131728 2.291562
-0.1790884 -0.5008144 2.239596
-0.0003876568 -0.5082371 2.266397
-0.1000059 -0.5853637 1.843871
0.147267 -0.5022527 1.90622
-0.1434805 -0.8669232 2.068969
0.05280007 -0.8342007 2.036916
-0.2440829 -0.8920271 1.922825
0.06557897 -0.9266117 1.959759
9
-0.09532423 -0.5281118 2.302736
-0.1829024 -0.5146767 2.251119
-0.004591568 -0.5238395 2.27719
-0.1000059 -0.5853637 1.843871
0.1398205 -0.5085581 1.915758
-0.1410532 -0.8667766 2.069566
0.05842997 -0.8453957 2.042708
-0.2110621 -0.8925546 1.901611
0.07015747 -0.9268495 1.944358
9
-0.09969203 -0.54144 2.312521
-0.1871176 -0.5284965 2.260845
-0.008976446 -0.5363454 2.287105
-0.1000059 -0.5853637 1.843871
0.1334938 -0.5146998 1.921682
-0.1396914 -0.866689 2.069896
0.05916627 -0.8499784 2.055572
-0.2223617 -0.8911827 1.909267
0.08716644 -0.9121088 1.938692
9
-0.09969203 -0.54144 2.312521
-0.1871176 -0.5284965 2.260845
-0.008976446 -0.5363454 2.287105
-0.1000059 -0.5853637 1.843871
0.1334938 -0.5146998 1.921682
-0.1396914 -0.866689 2.069896
0.05916627 -0.8499784 2.055572
-0.2223617 -0.8911827 1.909267
0.08716644 -0.9121088 1.938692
9
-0.09969203 -0.54144 2.312521
-0.1871176 -0.5284965 2.260845
-0.008976446 -0.5363454 2.287105
-0.1000059 -0.5853637 1.843871
0.1334938 -0.5146998 1.921682
-0.1396914 -0.866689 2.069896
0.05916627 -0.8499784 2.055572
-0.2223617 -0.8911827 1.909267
0.08716644 -0.9121088 1.938692
9
-0.1040189 -0.5524319 2.320531
-0.1906873 -0.53977 2.268184
-0.01396647 -0.5468003 2.29591
-0.09622155 -0.6177248 1.802492
0.1312627 -0.5305139 1.911424
-0.1300756 -0.8982434 2.02995
0.06397096 -0.8614066 2.057277
-0.2276832 -0.9047484 1.876604
0.08952668 -0.909714 1.928791
9
-0.1040189 -0.5524319 2.320531
-0.1906873 -0.53977 2.268184
-0.01396647 -0.5468003 2.29591
-0.09622155 -0.6177248 1.802492
0.1312627 -0.5305139 1.911424
-0.1300756 -0.8982434 2.02995
0.06397096 -0.8614066 2.057277
-0.2276832 -0.9047484 1.876604
0.08952668 -0.909714 1.928791
9
-0.1040189 -0.5524319 2.320531
-0.1906873 -0.53977 2.268184
-0.01396647 -0.5468003 2.29591
-0.09622155 -0.6177248 1.802492
0.1312627 -0.5305139 1.911424
-0.1300756 -0.8982434 2.02995
0.06397096 -0.8614066 2.057277
-0.2276832 -0.9047484 1.876604
0.08952668 -0.909714 1.928791
9
-0.1040189 -0.5524319 2.320531
-0.1906873 -0.53977 2.268184
-0.01396647 -0.5468003 2.29591
-0.09622155 -0.6177248 1.802492
0.1312627 -0.5305139 1.911424
-0.1300756 -0.8982434 2.02995
0.06397096 -0.8614066 2.057277
-0.2276832 -0.9047484 1.876604
0.08952668 -0.909714 1.928791
9
-0.1041585 -0.5524095 2.320679
-0.1907805 -0.5396941 2.268312
-0.01416478 -0.5468415 2.296086
-0.09616102 -0.6164314 1.802818
0.1295883 -0.531624 1.9058
-0.1300158 -0.8969634 2.030274
0.06512792 -0.8619967 2.053748
-0.2261048 -0.9003644 1.875114
0.09172063 -0.9116384 1.926532
9
-0.1041585 -0.5524095 2.320679
-0.1907805 -0.5396941 2.268312
-0.01416478 -0.5468415 2.296086
-0.09616102 -0.6164314 1.802818
0.1295883 -0.531624 1.9058
-0.1300158 -0.8969634 2.030274
0.06512792 -0.8619967 2.053748
-0.2261048 -0.9003644 1.875114
0.09172063 -0.9116384 1.926532
9
-0.1041585 -0.5524095 2.320679
-0.1907805 -0.5396941 2.268312
-0.01416478 -0.5468415 2.296086
-0.09616102 -0.6164314 1.802818
0.1295883 -0.531624 1.9058
-0.1300158 -0.8969634 2.030274
0.06512792 -0.8619967 2.053748
-0.2261048 -0.9003644 1.875114
0.09172063 -0.9116384 1.926532
9
-0.1041585 -0.5524095 2.320679
-0.1907805 -0.5396941 2.268312
-0.01416478 -0.5468415 2.296086
-0.09616102 -0.6164314 1.802818
0.1295883 -0.531624 1.9058
-0.1300158 -0.8969634 2.030274
0.06512792 -0.8619967 2.053748
-0.2261048 -0.9003644 1.875114
0.09172063 -0.9116384 1.926532
9
-0.1000203 -0.5366374 2.310744
-0.1855671 -0.5210761 2.258392
-0.01104419 -0.5339028 2.285979
-0.09763398 -0.5774727 1.827973
0.1270035 -0.5293203 1.904235
-0.1314825 -0.8584285 2.055362
0.06372334 -0.8592737 2.053476
-0.2127572 -0.8925331 1.897297
0.0927496 -0.9115492 1.928987
9
-0.1000203 -0.5366374 2.310744
-0.1855671 -0.5210761 2.258392
-0.01104419 -0.5339028 2.285979
-0.09763398 -0.5774727 1.827973
0.1270035 -0.5293203 1.904235
-0.1314825 -0.8584285 2.055362
0.06372334 -0.8592737 2.053476
-0.2127572 -0.8925331 1.897297
0.0927496 -0.9115492 1.928987
9
-0.0929156 -0.5093673 2.296532
-0.1792124 -0.4960893 2.242527
-0.003515112 -0.5054647 2.273315
-0.08782089 -0.5202007 1.829685
0.1159794 -0.5205767 1.902776
-0.1217646 -0.8017254 2.056989
0.06377438 -0.8531963 2.050512
-0.2021731 -0.8705195 1.917474
0.0912458 -0.9140714 1.932529
9
-0.0929156 -0.5093673 2.296532
-0.1792124 -0.4960893 2.242527
-0.003515112 -0.5054647 2.273315
-0.08782089 -0.5202007 1.829685
0.1159794 -0.5205767 1.902776
-0.1217646 -0.8017254 2.056989
0.06377438 -0.8531963 2.050512
-0.2021731 -0.8705195 1.917474
0.0912458 -0.9140714 1.932529
9
-0.08716674 -0.4849046 2.283978
-0.1734044 -0.4725804 2.229262
0.001994507 -0.4807353 2.26123
-0.08886217 -0.5138881 1.835852
0.1110667 -0.5047753 1.887835
-0.1227978 -0.7954831 2.06315
0.05327496 -0.8318126 2.044887
-0.2000151 -0.8661731 1.922534
0.0744383 -0.9132764 1.948931
9
-0.07828529 -0.4550393 2.266016
-0.1677008 -0.4490036 2.217163
0.01440016 -0.4447222 2.236025
-0.07998008 -0.4677618 1.836912
0.1140237 -0.5154122 1.866767
-0.1478914 -0.7807206 2.014661
0.05710856 -0.8428806 2.023085
-0.2209088 -0.8791867 1.901094
0.06866074 -0.937408 1.952786
