40
9
0.002909461 -0.7173615 2.079469
-0.06893715 -0.7085997 2.073778
0.07466856 -0.7025905 2.01444
-0.3446273 -0.7898601 1.865233
0.03381063 -0.7301608 1.647243
-0.09459916 -1.023832 2.029895
0.1546975 -1.029709 1.915419
-0.1697157 -1.066894 2.017748
0.1400533 -1.08296 1.814869
9
0.002909461 -0.7173615 2.079469
-0.06893715 -0.7085997 2.073778
0.07466856 -0.7025905 2.01444
-0.3446273 -0.7898601 1.865233
0.03381063 -0.7301608 1.647243
-0.09459916 -1.023832 2.029895
0.1546975 -1.029709 1.915419
-0.1697157 -1.066894 2.017748
0.1400533 -1.08296 1.814869
9
0.002889252 -0.7521321 2.07274
-0.06957396 -0.7436358 2.067644
0.07530057 -0.7347392 2.007804
-0.3529561 -0.8001404 1.860549
0.02792525 -0.7364146 1.639913
-0.09754246 -1.028321 2.026619
0.1538672 -1.02768 1.911355
-0.1721429 -1.072615 2.012258
0.144734 -1.08604 1.815672
9
0.002889252 -0.7521321 2.07274
-0.06957396 -0.7436358 2.067644
0.07530057 -0.7347392 2.007804
-0.3529561 -0.8001404 1.860549
0.02792525 -0.7364146 1.639913
-0.09754246 -1.028321 2.026619
0.1538672 -1.02768 1.911355
-0.1721429 -1.072615 2.012258
0.144734 -1.08604 1.815672
9
0.001100246 -0.7774919 2.068668
-0.07214621 -0.768548 2.065793
0.0743757 -0.7605862 2.001596
-0.3576816 -0.7922943 1.85265
0.02397695 -0.7404194 1.634259
-0.09952728 -1.035647 2.02337
0.1460893 -1.037825 1.896267
-0.1800689 -1.073913 1.999172
0.1324562 -1.108408 1.820324
9
0.001100246 -0.7774919 2.068668
-0.07214621 -0.768548 2.065793
0.0743757 -0.7605862 2.001596
-0.3576816 -0.7922943 1.85265
0.02397695 -0.7404194 1.634259
-0.09952728 -1.035647 2.02337
0.1460893 -1.037825 1.896267
-0.1800689 -1.073913 1.999172
0.1324562 -1.108408 1.820324
9
0.001100246 -0.7774919 2.068668
-0.07214621 -0.768548 2.065793
0.0743757 -0.7605862 2.001596
-0.3576816 -0.7922943 1.85265
0.02397695 -0.7404194 1.634259
-0.09952728 -1.035647 2.02337
0.1460893 -1.037825 1.896267
-0.1800689 -1.073913 1.999172
0.1324562 -1.108408 1.820324
9
-0.001994821 -0.8321424 2.060168
-0.0750688 -0.8240284 2.059836
0.07124379 -0.8123256 1.991324
-0.357213 -0.7757569 1.841566
0.01775485 -0.7426733 1.629824
-0.1033579 -1.044936 2.012914
0.162093 -1.014576 1.880847
-0.1875249 -1.077737 1.982006
0.1321009 -1.092251 1.840248
9
-0.001994821 -0.8321424 2.060168
-0.0750688 -0.8240284 2.059836
0.07124379 -0.8123256 1.991324
-0.357213 -0.7757569 1.841566
0.01775485 -0.7426733 1.629824
-0.1033579 -1.044936 2.012914
0.162093 -1.014576 1.880847
-0.1875249 -1.077737 1.982006
0.1321009 -1.092251 1.840248
9
-0.001994821 -0.8321424 2.060168
-0.0750688 -0.8240284 2.059836
0.07124379 -0.8123256 1.991324
-0.357213 -0.7757569 1.841566
0.01775485 -0.7426733 1.629824
-0.1033579 -1.044936 2.012914
0.162093 -1.014576 1.880847
-0.1875249 -1.077737 1.982006
0.1321009 -1.092251 1.840248
9
-0.001994821 -0.8321424 2.060168
-0.0750688 -0.8240284 2.059836
0.07124379 -0.8123256 1.991324
-0.357213 -0.7757569 1.841566
0.01775485 -0.7426733 1.629824
-0.1033579 -1.044936 2.012914
0.162093 -1.014576 1.880847
-0.1875249 -1.077737 1.982006
0.1321009 -1.092251 1.840248
9
-0.0009381425 -0.8357916 2.059802
-0.07421616 -0.828226 2.059802
0.0724573 -0.8154144 1.990702
-0.3521203 -0.7735088 1.836441
0.01404093 -0.7457188 1.629956
-0.1052412 -1.04768 2.00818
0.150477 -1.03212 1.869444
-0.1904123 -1.078636 1.976106
0.09995657 -1.075753 1.750778
9
-0.0009381425 -0.8357916 2.059802
-0.07421616 -0.828226 2.059802
0.0724573 -0.8154144 1.990702
-0.3521203 -0.7735088 1.836441
0.01404093 -0.7457188 1.629956
-0.1052412 -1.04768 2.00818
0.150477 -1.03212 1.869444
-0.1904123 -1.078636 1.976106
0.09995657 -1.075753 1.750778
9
0.001016248 -0.8374007 2.061186
-0.07214312 -0.8302746 2.061334
0.07423696 -0.8165815 1.991952
-0.3487156 -0.7715555 1.836825
0.01301214 -0.7467821 1.631651
-0.106495 -1.05237 2.009897
0.1496333 -1.03403 1.870079
-0.192623 -1.081501 1.976928
0.09932543 -1.078279 1.751732
9
0.001016248 -0.8374007 2.061186
-0.07214312 -0.8302746 2.061334
0.07423696 -0.8165815 1.991952
-0.3487156 -0.7715555 1.836825
0.01301214 -0.7467821 1.631651
-0.106495 -1.05237 2.009897
0.1496333 -1.03403 1.870079
-0.192623 -1.081501 1.976928
0.09932543 -1.078279 1.751732
9
0.001463224 -0.8370806 2.064095
-0.0715579 -0.8299939 2.064373
0.07453828 -0.816237 1.994709
-0.3456922 -0.7683029 1.837019
0.01263569 -0.7462972 1.634493
-0.1052975 -1.05164 2.010198
0.1562573 -1.035792 1.908804
-0.1916305 -1.080469 1.977096
0.1488814 -1.108753 1.836143
9
0.001463224 -0.8370806 2.064095
-0.0715579 -0.8299939 2.064373
0.07453828 -0.816237 1.994709
-0.3456922 -0.7683029 1.837019
0.01263569 -0.7462972 1.634493
-0.1052975 -1.05164 2.010198
0.1562573 -1.035792 1.908804
-0.1916305 -1.080469 1.977096
0.1488814 -1.108753 1.836143
9
0.001463224 -0.8370806 2.064095
-0.0715579 -0.8299939 2.064373
0.07453828 -0.816237 1.994709
-0.3456922 -0.7683029 1.837019
0.01263569 -0.7462972 1.634493
-0.1052975 -1.05164 2.010198
0.1562573 -1.035792 1.908804
-0.1916305 -1.080469 1.977096
0.1488814 -1.108753 1.836143
9
0.001463224 -0.8370806 2.064095
-0.0715579 -0.8299939 2.064373
0.07453828 -0.816237 1.994709
-0.3456922 -0.7683029 1.837019
0.01263569 -0.7462972 1.634493
-0.1052975 -1.05164 2.010198
0.1562573 -1.035792 1.908804
-0.1916305 -1.080469 1.977096
0.1488814 -1.108753 1.836143
9
0.01072278 -0.8150702 2.080686
-0.06204315 -0.8110201 2.077959
0.08314184 -0.7916375 2.014303
-0.3362023 -0.7543218 1.849223
0.0204215 -0.7386454 1.651511
-0.1071801 -1.055231 2.022294
0.1571887 -1.034597 1.910195
-0.1939383 -1.083257 1.988394
0.1415639 -1.105038 1.833864
9
0.01072278 -0.8150702 2.080686
-0.06204315 -0.8110201 2.077959
0.08314184 -0.7916375 2.014303
-0.3362023 -0.7543218 1.849223
0.0204215 -0.7386454 1.651511
-0.1071801 -1.055231 2.022294
0.1571887 -1.034597 1.910195
-0.1939383 -1.083257 1.988394
0.1415639 -1.105038 1.833864
9
0.01331816 -0.7961648 2.089145
-0.05917299 -0.7906459 2.08696
0.08541391 -0.7751337 2.021695
-0.3332849 -0.7474239 1.855471
0.02620207 -0.7354611 1.656754
-0.1086203 -1.050201 2.025824
0.1580578 -1.033044 1.915141
-0.1932183 -1.081848 2.000818
0.1459505 -1.084277 1.812047
9
0.01331816 -0.7961648 2.089145
-0.05917299 -0.7906459 2.08696
0.08541391 -0.7751337 2.021695
-0.3332849 -0.7474239 1.855471
0.02620207 -0.7354611 1.656754
-0.1086203 -1.050201 2.025824
0.1580578 -1.033044 1.915141
-0.1932183 -1.081848 2.000818
0.1459505 -1.084277 1.812047
9
0.01331816 -0.7961648 2.089145
-0.05917299 -0.7906459 2.08696
0.08541391 -0.7751337 2.021695
-0.3332849 -0.7474239 1.855471
0.02620207 -0.7354611 1.656754
-0.1086203 -1.050201 2.025824
0.1580578 -1.033044 1.915141
-0.1932183 -1.081848 2.000818
0.1459505 -1.084277 1.812047
9
0.01331816 -0.7961648 2.089145
-0.05917299 -0.7906459 2.08696
0.08541391 -0.7751337 2.021695
-0.3332849 -0.7474239 1.855471
0.02620207 -0.7354611 1.656754
-0.1086203 -1.050201 2.025824
0.1580578 -1.033044 1.915141
-0.1932183 -1.081848 2.000818
0.1459505 -1.084277 1.812047
9
0.01123211 -0.744233 2.098537
-0.05968634 -0.739379 2.092125
0.08185324 -0.7242698 2.034642
-0.334727 -0.7522726 1.86066
0.0311155 -0.725123 1.666853
-0.09647448 -1.021837 2.03263
0.1522754 -1.033797 1.887143
-0.147332 -1.079892 2.039821
0.1350375 -1.109207 1.823504
9
0.01123211 -0.744233 2.098537
-0.05968634 -0.739379 2.092125
0.08185324 -0.7242698 2.034642
-0.334727 -0.7522726 1.86066
0.0311155 -0.725123 1.666853
-0.09647448 -1.021837 2.03263
0.1522754 -1.033797 1.887143
-0.147332 -1.079892 2.039821
0.1350375 -1.109207 1.823504
9
0.01123211 -0.744233 2.098537
-0.05968634 -0.739379 2.092125
0.08185324 -0.7242698 2.034642
-0.334727 -0.7522726 1.86066
0.0311155 -0.725123 1.666853
-0.09647448 -1.021837 2.03263
0.1522754 -1.033797 1.887143
-0.147332 -1.079892 2.039821
0.1350375 -1.109207 1.823504
9
0.01123211 -0.744233 2.098537
-0.05968634 -0.739379 2.092125
0.08185324 -0.7242698 2.034642
-0.334727 -0.7522726 1.86066
0.0311155 -0.725123 1.666853
-0.09647448 -1.021837 2.03263
0.1522754 -1.033797 1.887143
-0.147332 -1.079892 2.039821
0.1350375 -1.109207 1.823504
9
0.005269202 -0.6889254 2.099893
-0.0666378 -0.6819932 2.093573
0.07708709 -0.6726735 2.035329
-0.325798 -0.7689478 1.863066
0.02873803 -0.7192402 1.671162
-0.09539377 -1.023786 2.032992
0.1498122 -1.024246 1.910872
-0.1635305 -1.077541 2.009738
0.1373401 -1.094118 1.832223
9
0.005269202 -0.6889254 2.099893
-0.0666378 -0.6819932 2.093573
0.07708709 -0.6726735 2.035329
-0.325798 -0.7689478 1.863066
0.02873803 -0.7192402 1.671162
-0.09539377 -1.023786 2.032992
0.1498122 -1.024246 1.910872
-0.1635305 -1.077541 2.009738
0.1373401 -1.094118 1.832223
9
0.005638067 -0.6744822 2.099857
-0.06576981 -0.6684586 2.092129
0.07691473 -0.6575102 2.036629
-0.3220858 -0.7642188 1.862178
0.02579631 -0.7105651 1.673827
-0.09323331 -1.023655 2.033283
0.1471966 -1.022721 1.910401
-0.1593671 -1.079394 2.010102
0.1407534 -1.095411 1.836345
9
0.005638067 -0.6744822 2.099857
-0.06576981 -0.6684586 2.092129
0.07691473 -0.6575102 2.036629
-0.3220858 -0.7642188 1.862178
0.02579631 -0.7105651 1.673827
-0.09323331 -1.023655 2.033283
0.1471966 -1.022721 1.910401
-0.1593671 -1.079394 2.010102
0.1407534 -1.095411 1.836345
9
0.001129257 -0.6382788 2.101844
-0.06907852 -0.6306081 2.092124
0.07143921 -0.6241798 2.040095
-0.3080534 -0.7678488 1.866565
0.02733462 -0.7035512 1.681843
-0.09065169 -1.022837 2.03401
0.1441166 -1.022036 1.91102
-0.1713124 -1.061777 1.993774
0.1292477 -1.100242 1.854214
9
0.001129257 -0.6382788 2.101844
-0.06907852 -0.6306081 2.092124
0.07143921 -0.6241798 2.040095
-0.3080534 -0.7678488 1.866565
0.02733462 -0.7035512 1.681843
-0.09065169 -1.022837 2.03401
0.1441166 -1.022036 1.91102
-0.1713124 -1.061777 1.993774
0.1292477 -1.100242 1.854214
9
0.0002754983 -0.6074948 2.101851
-0.07071434 -0.6006533 2.092052
0.07135469 -0.5936586 2.039962
-0.2988905 -0.7567257 1.868183
0.027603 -0.6956248 1.688158
-0.08791666 -1.021403 2.035115
0.137088 -1.033399 1.87162
-0.1655613 -1.064896 1.996812
0.1446164 -1.067783 1.923921
9
0.0002754983 -0.6074948 2.101851
-0.07071434 -0.6006533 2.092052
0.07135469 -0.5936586 2.039962
-0.2988905 -0.7567257 1.868183
0.027603 -0.6956248 1.688158
-0.08791666 -1.021403 2.035115
0.137088 -1.033399 1.87162
-0.1655613 -1.064896 1.996812
0.1446164 -1.067783 1.923921
9
-0.002355127 -0.5723417 2.106763
-0.07348497 -0.5653107 2.095765
0.06892423 -0.5597497 2.045756
-0.2828014 -0.7519833 1.8787
0.03445807 -0.671377 1.695928
-0.08596056 -1.020336 2.037406
0.1330822 -1.020991 1.864347
-0.1600229 -1.068423 1.999533
0.08738299 -1.072319 1.748663
9
-0.002355127 -0.5723417 2.106763
-0.07348497 -0.5653107 2.095765
0.06892423 -0.5597497 2.045756
-0.2828014 -0.7519833 1.8787
0.03445807 -0.671377 1.695928
-0.08596056 -1.020336 2.037406
0.1330822 -1.020991 1.864347
-0.1600229 -1.068423 1.999533
0.08738299 -1.072319 1.748663
9
-0.0009945986 -0.5390485 2.107905
-0.07264124 -0.5322738 2.09707
0.0707527 -0.5273727 2.046463
-0.2678788 -0.742671 1.89101
0.0379189 -0.66401 1.706475
-0.08183862 -1.016346 2.040583
0.1303451 -1.017428 1.870911
-0.1544417 -1.066379 2.004381
0.0846284 -1.069005 1.755323
