40
9
-0.04528158 -0.54356 2.177807
-0.13444 -0.5349169 2.154326
0.04543581 -0.5340853 2.128693
-0.2203808 -0.6999364 1.838172
0.1010032 -0.7025555 1.806678
-0.1402269 -1.008383 2.062269
0.06439869 -1.012015 2.005169
-0.2105713 -1.055664 2.070313
0.1182353 -1.078133 1.996864
9
-0.04528158 -0.54356 2.177807
-0.13444 -0.5349169 2.154326
0.04543581 -0.5340853 2.128693
-0.2203808 -0.6999364 1.838172
0.1010032 -0.7025555 1.806678
-0.1402269 -1.008383 2.062269
0.06439869 -1.012015 2.005169
-0.2105713 -1.055664 2.070313
0.1182353 -1.078133 1.996864
9
-0.04153535 -0.5691192 2.172506
-0.1306109 -0.5621409 2.148666
0.04897295 -0.5572209 2.123942
-0.226596 -0.7006924 1.821536
0.1021307 -0.70668 1.791148
-0.1399072 -1.008358 2.061452
0.06655864 -1.015256 2.008223
-0.2063049 -1.067853 2.026676
0.1201995 -1.082666 1.99535
9
-0.04153535 -0.5691192 2.172506
-0.1306109 -0.5621409 2.148666
0.04897295 -0.5572209 2.123942
-0.226596 -0.7006924 1.821536
0.1021307 -0.70668 1.791148
-0.1399072 -1.008358 2.061452
0.06655864 -1.015256 2.008223
-0.2063049 -1.067853 2.026676
0.1201995 -1.082666 1.99535
9
-0.04196582 -0.6172918 2.157461
-0.1305966 -0.6082574 2.133739
0.04810267 -0.6056886 2.109276
-0.2320987 -0.7275503 1.80016
0.1070954 -0.7231387 1.763504
-0.1412068 -1.013981 2.060927
0.07442819 -1.014902 1.994356
-0.2099927 -1.071076 2.024565
0.06802852 -1.065497 1.862525
9
-0.04196582 -0.6172918 2.157461
-0.1305966 -0.6082574 2.133739
0.04810267 -0.6056886 2.109276
-0.2320987 -0.7275503 1.80016
0.1070954 -0.7231387 1.763504
-0.1412068 -1.013981 2.060927
0.07442819 -1.014902 1.994356
-0.2099927 -1.071076 2.024565
0.06802852 -1.065497 1.862525
9
-0.04499519 -0.6442794 2.15354
-0.1343163 -0.6352159 2.12901
0.0458426 -0.6319702 2.106364
-0.2369638 -0.7258805 1.785634
0.106541 -0.7214537 1.751504
-0.1427348 -1.02162 2.063664
0.07101204 -1.017445 1.995805
-0.2146927 -1.073705 2.015337
0.1110071 -1.082681 2.008399
9
-0.04499519 -0.6442794 2.15354
-0.1343163 -0.6352159 2.12901
0.0458426 -0.6319702 2.106364
-0.2369638 -0.7258805 1.785634
0.106541 -0.7214537 1.751504
-0.1427348 -1.02162 2.063664
0.07101204 -1.017445 1.995805
-0.2146927 -1.073705 2.015337
0.1110071 -1.082681 2.008399
9
-0.04415265 -0.6883042 2.145903
-0.133139 -0.6800984 2.121014
0.04635249 -0.6736311 2.099538
-0.2457265 -0.7250257 1.770736
0.109202 -0.7230318 1.736331
-0.1702975 -1.05002 1.982983
0.07046167 -1.024418 1.999024
-0.1721457 -1.10052 1.851736
0.06471385 -1.075311 1.867475
9
-0.04415265 -0.6883042 2.145903
-0.133139 -0.6800984 2.121014
0.04635249 -0.6736311 2.099538
-0.2457265 -0.7250257 1.770736
0.109202 -0.7230318 1.736331
-0.1702975 -1.05002 1.982983
0.07046167 -1.024418 1.999024
-0.1721457 -1.10052 1.851736
0.06471385 -1.075311 1.867475
9
-0.04415265 -0.6883042 2.145903
-0.133139 -0.6800984 2.121014
0.04635249 -0.6736311 2.099538
-0.2457265 -0.7250257 1.770736
0.109202 -0.7230318 1.736331
-0.1702975 -1.05002 1.982983
0.07046167 -1.024418 1.999024
-0.1721457 -1.10052 1.851736
0.06471385 -1.075311 1.867475
9
-0.04415265 -0.6883042 2.145903
-0.133139 -0.6800984 2.121014
0.04635249 -0.6736311 2.099538
-0.2457265 -0.7250257 1.770736
0.109202 -0.7230318 1.736331
-0.1702975 -1.05002 1.982983
0.07046167 -1.024418 1.999024
-0.1721457 -1.10052 1.851736
0.06471385 -1.075311 1.867475
9
-0.04167442 -0.7651173 2.13713
-0.1307867 -0.7573264 2.110719
0.04885054 -0.7476881 2.093096
-0.2539497 -0.7481749 1.760291
0.1087181 -0.7290577 1.725044
-0.1513133 -1.043293 2.050813
0.0641962 -1.028449 2.003092
-0.2320162 -1.066217 1.974238
0.10347 -1.096105 2.011667
9
-0.04167442 -0.7651173 2.13713
-0.1307867 -0.7573264 2.110719
0.04885054 -0.7476881 2.093096
-0.2539497 -0.7481749 1.760291
0.1087181 -0.7290577 1.725044
-0.1513133 -1.043293 2.050813
0.0641962 -1.028449 2.003092
-0.2320162 -1.066217 1.974238
0.10347 -1.096105 2.011667
9
-0.04589919 -0.7873144 2.130036
-0.1343346 -0.7788138 2.103319
0.04407327 -0.7699029 2.086575
-0.256396 -0.747795 1.753319
0.1103204 -0.7319497 1.720892
-0.1467481 -1.023838 2.012473
0.06405272 -1.038609 2.007639
-0.1480558 -1.074392 1.880575
0.1172381 -1.100002 2.012242
9
-0.04821704 -0.8146117 2.125844
-0.136371 -0.8064029 2.09717
0.04154762 -0.7961943 2.084573
-0.2601771 -0.7542443 1.750054
0.1109515 -0.7354018 1.722329
-0.1675719 -1.047852 2.040136
0.06430672 -1.039169 2.007192
-0.2460127 -1.066876 1.957186
0.1481875 -1.074304 1.952348
9
-0.04821704 -0.8146117 2.125844
-0.136371 -0.8064029 2.09717
0.04154762 -0.7961943 2.084573
-0.2601771 -0.7542443 1.750054
0.1109515 -0.7354018 1.722329
-0.1675719 -1.047852 2.040136
0.06430672 -1.039169 2.007192
-0.2460127 -1.066876 1.957186
0.1481875 -1.074304 1.952348
9
-0.04821704 -0.8146117 2.125844
-0.136371 -0.8064029 2.09717
0.04154762 -0.7961943 2.084573
-0.2601771 -0.7542443 1.750054
0.1109515 -0.7354018 1.722329
-0.1675719 -1.047852 2.040136
0.06430672 -1.039169 2.007192
-0.2460127 -1.066876 1.957186
0.1481875 -1.074304 1.952348
9
-0.05262236 -0.8366956 2.122376
-0.1407547 -0.8271758 2.092512
0.03726321 -0.8188541 2.082657
-0.2607585 -0.7601361 1.74634
0.1109377 -0.7343293 1.725872
-0.1672057 -1.047853 2.03996
0.06425669 -1.03921 2.007143
-0.2427446 -1.068621 1.953797
0.1484267 -1.073336 1.951117
9
-0.05262236 -0.8366956 2.122376
-0.1407547 -0.8271758 2.092512
0.03726321 -0.8188541 2.082657
-0.2607585 -0.7601361 1.74634
0.1109377 -0.7343293 1.725872
-0.1672057 -1.047853 2.03996
0.06425669 -1.03921 2.007143
-0.2427446 -1.068621 1.953797
0.1484267 -1.073336 1.951117
9
-0.0572155 -0.8525714 2.118633
-0.1448463 -0.8413731 2.089509
0.03230574 -0.8359115 2.078326
-0.2618921 -0.7615776 1.744823
0.1116948 -0.7342645 1.727228
-0.171776 -1.061462 2.045374
0.1027633 -1.062243 1.991627
-0.2415387 -1.058319 1.942613
0.2109719 -1.060201 2.0417
9
-0.0572155 -0.8525714 2.118633
-0.1448463 -0.8413731 2.089509
0.03230574 -0.8359115 2.078326
-0.2618921 -0.7615776 1.744823
0.1116948 -0.7342645 1.727228
-0.171776 -1.061462 2.045374
0.1027633 -1.062243 1.991627
-0.2415387 -1.058319 1.942613
0.2109719 -1.060201 2.0417
9
-0.05664192 -0.8583502 2.118798
-0.1442904 -0.8474663 2.08958
0.03287626 -0.8411897 2.07865
-0.2608539 -0.7630693 1.745769
0.1116983 -0.7356168 1.728557
-0.1513844 -1.030037 2.013863
0.06815392 -1.048553 2.009849
-0.2326886 -1.071447 1.975406
0.1771737 -1.050274 2.058695
9
-0.05664192 -0.8583502 2.118798
-0.1442904 -0.8474663 2.08958
0.03287626 -0.8411897 2.07865
-0.2608539 -0.7630693 1.745769
0.1116983 -0.7356168 1.728557
-0.1513844 -1.030037 2.013863
0.06815392 -1.048553 2.009849
-0.2326886 -1.071447 1.975406
0.1771737 -1.050274 2.058695
9
-0.05722912 -0.8612092 2.120149
-0.1449334 -0.8503367 2.090975
0.03236476 -0.8439576 2.079991
-0.2596697 -0.7631055 1.747179
0.1112265 -0.7358457 1.730668
-0.1554036 -1.029294 2.017867
0.07265534 -1.039075 1.978238
-0.2335697 -1.073974 1.972929
0.1778328 -1.046931 2.030411
9
-0.05722912 -0.8612092 2.120149
-0.1449334 -0.8503367 2.090975
0.03236476 -0.8439576 2.079991
-0.2596697 -0.7631055 1.747179
0.1112265 -0.7358457 1.730668
-0.1554036 -1.029294 2.017867
0.07265534 -1.039075 1.978238
-0.2335697 -1.073974 1.972929
0.1778328 -1.046931 2.030411
9
-0.05722912 -0.8612092 2.120149
-0.1449334 -0.8503367 2.090975
0.03236476 -0.8439576 2.079991
-0.2596697 -0.7631055 1.747179
0.1112265 -0.7358457 1.730668
-0.1554036 -1.029294 2.017867
0.07265534 -1.039075 1.978238
-0.2335697 -1.073974 1.972929
0.1778328 -1.046931 2.030411
9
-0.05722912 -0.8612092 2.120149
-0.1449334 -0.8503367 2.090975
0.03236476 -0.8439576 2.079991
-0.2596697 -0.7631055 1.747179
0.1112265 -0.7358457 1.730668
-0.1554036 -1.029294 2.017867
0.07265534 -1.039075 1.978238
-0.2335697 -1.073974 1.972929
0.1778328 -1.046931 2.030411
9
-0.05674822 -0.8568571 2.126409
-0.1443109 -0.8466541 2.096295
0.03265902 -0.8390634 2.087214
-0.2537599 -0.7592048 1.750674
0.1125086 -0.7320721 1.737788
-0.1585761 -1.026984 2.022853
0.07059912 -1.037383 1.982487
-0.2314641 -1.077088 1.973431
0.1544573 -1.059562 1.990922
9
-0.05674822 -0.8568571 2.126409
-0.1443109 -0.8466541 2.096295
0.03265902 -0.8390634 2.087214
-0.2537599 -0.7592048 1.750674
0.1125086 -0.7320721 1.737788
-0.1585761 -1.026984 2.022853
0.07059912 -1.037383 1.982487
-0.2314641 -1.077088 1.973431
0.1544573 -1.059562 1.990922
9
-0.05722715 -0.8495178 2.130222
-0.1442465 -0.8384957 2.100552
0.03172921 -0.8327408 2.090492
-0.2507045 -0.7575188 1.752405
0.1150171 -0.7259731 1.74185
-0.1665526 -1.053635 2.063616
0.07670154 -1.035895 1.981608
-0.2233933 -1.058306 1.951095
0.1550622 -1.064837 1.99375
9
-0.05722715 -0.8495178 2.130222
-0.1442465 -0.8384957 2.100552
0.03172921 -0.8327408 2.090492
-0.2507045 -0.7575188 1.752405
0.1150171 -0.7259731 1.74185
-0.1665526 -1.053635 2.063616
0.07670154 -1.035895 1.981608
-0.2233933 -1.058306 1.951095
0.1550622 -1.064837 1.99375
9
-0.05566368 -0.8392142 2.131839
-0.1418599 -0.8284033 2.102198
0.03241144 -0.8225534 2.091927
-0.2497603 -0.7491522 1.754127
0.1177786 -0.72374 1.741526
-0.1660925 -1.050355 2.055382
0.06835395 -1.046628 2.019331
-0.2278498 -1.062515 1.949255
0.1598223 -1.060295 1.956745
9
-0.05566368 -0.8392142 2.131839
-0.1418599 -0.8284033 2.102198
0.03241144 -0.8225534 2.091927
-0.2497603 -0.7491522 1.754127
0.1177786 -0.72374 1.741526
-0.1660925 -1.050355 2.055382
0.06835395 -1.046628 2.019331
-0.2278498 -1.062515 1.949255
0.1598223 -1.060295 1.956745
9
-0.05559349 -0.8263719 2.132897
-0.1412285 -0.8163725 2.1027
0.03187264 -0.8092898 2.093395
-0.2504193 -0.7451742 1.753401
0.1229631 -0.7180413 1.742526
-0.1603245 -1.037503 2.054655
0.0679683 -1.046429 2.019979
-0.2255252 -1.054271 1.953493
0.1539801 -1.067111 1.949946
9
-0.05559349 -0.8263719 2.132897
-0.1412285 -0.8163725 2.1027
0.03187264 -0.8092898 2.093395
-0.2504193 -0.7451742 1.753401
0.1229631 -0.7180413 1.742526
-0.1603245 -1.037503 2.054655
0.0679683 -1.046429 2.019979
-0.2255252 -1.054271 1.953493
0.1539801 -1.067111 1.949946
9
-0.0568201 -0.8140536 2.13333
-0.142178 -0.8042796 2.102988
0.03041913 -0.7971531 2.093812
-0.2514637 -0.7405239 1.752366
0.1250942 -0.7170495 1.741321
-0.1587919 -1.035252 2.052396
0.06739789 -1.041721 2.018995
-0.2242535 -1.060729 1.956403
0.1557078 -1.073556 1.978716
9
-0.0568201 -0.8140536 2.13333
-0.142178 -0.8042796 2.102988
0.03041913 -0.7971531 2.093812
-0.2514637 -0.7405239 1.752366
0.1250942 -0.7170495 1.741321
-0.1587919 -1.035252 2.052396
0.06739789 -1.041721 2.018995
-0.2242535 -1.060729 1.956403
0.1557078 -1.073556 1.978716
9
-0.05555243 -0.8076089 2.13251
-0.1407394 -0.7987599 2.102117
0.03144843 -0.7898794 2.092974
-0.2522207 -0.7352492 1.752186
0.1262942 -0.715638 1.739304
-0.158553 -1.034902 2.052768
0.06845489 -1.041075 2.017872
-0.2325268 -1.071841 1.978858
0.1557605 -1.075212 1.988582
9
-0.05555243 -0.8076089 2.13251
-0.1407394 -0.7987599 2.102117
0.03144843 -0.7898794 2.092974
-0.2522207 -0.7352492 1.752186
0.1262942 -0.715638 1.739304
-0.158553 -1.034902 2.052768
0.06845489 -1.041075 2.017872
-0.2325268 -1.071841 1.978858
0.1557605 -1.075212 1.988582
