40
9
0.04935526 -0.7114312 2.110248
-0.009971417 -0.6951969 2.037528
0.1069378 -0.7037736 2.112063
0.0926258 -0.7662684 1.687289
0.4305487 -0.7857124 2.029595
-0.09452808 -1.015913 1.94245
0.1506462 -1.014965 2.089853
-0.1263687 -1.085074 1.86682
0.2202483 -1.062496 2.093852
9
0.03791736 -0.7642372 2.123139
-0.02541481 -0.746693 2.046176
0.09989286 -0.7564535 2.129694
0.0936905 -0.7465643 1.692158
0.4305469 -0.7439951 2.010789
-0.1046354 -1.012268 1.93614
0.1589529 -1.016822 2.085357
-0.1517335 -1.069071 1.853019
0.2693635 -1.048907 2.115744
9
0.03791736 -0.7642372 2.123139
-0.02541481 -0.746693 2.046176
0.09989286 -0.7564535 2.129694
0.0936905 -0.7465643 1.692158
0.4305469 -0.7439951 2.010789
-0.1046354 -1.012268 1.93614
0.1589529 -1.016822 2.085357
-0.1517335 -1.069071 1.853019
0.2693635 -1.048907 2.115744
9
0.03791736 -0.7642372 2.123139
-0.02541481 -0.746693 2.046176
0.09989286 -0.7564535 2.129694
0.0936905 -0.7465643 1.692158
0.4305469 -0.7439951 2.010789
-0.1046354 -1.012268 1.93614
0.1589529 -1.016822 2.085357
-0.1517335 -1.069071 1.853019
0.2693635 -1.048907 2.115744
9
0.03791736 -0.7642372 2.123139
-0.02541481 -0.746693 2.046176
0.09989286 -0.7564535 2.129694
0.0936905 -0.7465643 1.692158
0.4305469 -0.7439951 2.010789
-0.1046354 -1.012268 1.93614
0.1589529 -1.016822 2.085357
-0.1517335 -1.069071 1.853019
0.2693635 -1.048907 2.115744
9
0.06535981 -0.8077121 2.109684
-0.0001101568 -0.7939014 2.030682
0.1269315 -0.7926184 2.119433
0.09094264 -0.7554934 1.669362
0.4534057 -0.7343082 1.997832
-0.1095923 -1.023107 1.921327
0.1754967 -1.027546 2.075663
-0.123411 -1.088316 1.831066
0.282423 -1.057845 2.112715
9
0.06535981 -0.8077121 2.109684
-0.0001101568 -0.7939014 2.030682
0.1269315 -0.7926184 2.119433
0.09094264 -0.7554934 1.669362
0.4534057 -0.7343082 1.997832
-0.1095923 -1.023107 1.921327
0.1754967 -1.027546 2.075663
-0.123411 -1.088316 1.831066
0.282423 -1.057845 2.112715
9
0.06572301 -0.8140553 2.108051
0.0002003568 -0.800416 2.028901
0.1280245 -0.8002571 2.117584
0.09765843 -0.7613345 1.669448
0.4544763 -0.7438076 1.995014
-0.1037538 -1.028635 1.909585
0.1854655 -1.034951 2.071051
-0.1098984 -1.095099 1.819848
0.3121765 -1.036315 2.082394
9
0.06572301 -0.8140553 2.108051
0.0002003568 -0.800416 2.028901
0.1280245 -0.8002571 2.117584
0.09765843 -0.7613345 1.669448
0.4544763 -0.7438076 1.995014
-0.1037538 -1.028635 1.909585
0.1854655 -1.034951 2.071051
-0.1098984 -1.095099 1.819848
0.3121765 -1.036315 2.082394
9
0.06776445 -0.825078 2.10219
0.005069342 -0.813627 2.021526
0.1281789 -0.809664 2.112867
0.1082185 -0.7673725 1.664553
0.4545745 -0.7443987 1.995004
-0.09495907 -1.035889 1.901537
0.1893758 -1.038615 2.068155
-0.09788667 -1.102924 1.812576
0.3162939 -1.03896 2.079109
9
0.06776445 -0.825078 2.10219
0.005069342 -0.813627 2.021526
0.1281789 -0.809664 2.112867
0.1082185 -0.7673725 1.664553
0.4545745 -0.7443987 1.995004
-0.09495907 -1.035889 1.901537
0.1893758 -1.038615 2.068155
-0.09788667 -1.102924 1.812576
0.3162939 -1.03896 2.079109
9
0.0736059 -0.8337533 2.103146
0.009249991 -0.8219901 2.021643
0.1356543 -0.8182536 2.115028
0.1121377 -0.7696816 1.665359
0.4579914 -0.742941 1.988724
-0.09746438 -1.021497 1.906265
0.1931226 -1.041492 2.06575
-0.09926524 -1.089033 1.817527
0.3197131 -1.041004 2.077815
9
0.0736059 -0.8337533 2.103146
0.009249991 -0.8219901 2.021643
0.1356543 -0.8182536 2.115028
0.1121377 -0.7696816 1.665359
0.4579914 -0.742941 1.988724
-0.09746438 -1.021497 1.906265
0.1931226 -1.041492 2.06575
-0.09926524 -1.089033 1.817527
0.3197131 -1.041004 2.077815
9
0.07207903 -0.8488858 2.094303
0.007484935 -0.8324906 2.013928
0.1343913 -0.838053 2.105333
0.1172122 -0.7698695 1.661362
0.4538132 -0.7330909 1.99467
-0.09774986 -1.020056 1.907152
0.1944984 -1.042691 2.064238
-0.09934399 -1.087692 1.8185
0.3185347 -1.042435 2.08302
9
0.07207903 -0.8488858 2.094303
0.007484935 -0.8324906 2.013928
0.1343913 -0.838053 2.105333
0.1172122 -0.7698695 1.661362
0.4538132 -0.7330909 1.99467
-0.09774986 -1.020056 1.907152
0.1944984 -1.042691 2.064238
-0.09934399 -1.087692 1.8185
0.3185347 -1.042435 2.08302
9
0.07207903 -0.8488858 2.094303
0.007484935 -0.8324906 2.013928
0.1343913 -0.838053 2.105333
0.1172122 -0.7698695 1.661362
0.4538132 -0.7330909 1.99467
-0.09774986 -1.020056 1.907152
0.1944984 -1.042691 2.064238
-0.09934399 -1.087692 1.8185
0.3185347 -1.042435 2.08302
9
0.07207903 -0.8488858 2.094303
0.007484935 -0.8324906 2.013928
0.1343913 -0.838053 2.105333
0.1172122 -0.7698695 1.661362
0.4538132 -0.7330909 1.99467
-0.09774986 -1.020056 1.907152
0.1944984 -1.042691 2.064238
-0.09934399 -1.087692 1.8185
0.3185347 -1.042435 2.08302
9
0.07630891 -0.84852 2.097365
0.0106608 -0.8337991 2.015485
0.1402603 -0.8348358 2.110885
0.1177051 -0.770205 1.662213
0.4574694 -0.7350033 1.986405
-0.09775667 -1.0173 1.908904
0.1963621 -1.043249 2.062271
-0.09912191 -1.085069 1.820341
0.3199767 -1.04278 2.082084
9
0.07630891 -0.84852 2.097365
0.0106608 -0.8337991 2.015485
0.1402603 -0.8348358 2.110885
0.1177051 -0.770205 1.662213
0.4574694 -0.7350033 1.986405
-0.09775667 -1.0173 1.908904
0.1963621 -1.043249 2.062271
-0.09912191 -1.085069 1.820341
0.3199767 -1.04278 2.082084
9
0.07457089 -0.8487973 2.09706
0.009841179 -0.8339736 2.015481
0.1367622 -0.8353599 2.109748
0.1186316 -0.7690803 1.662992
0.4546529 -0.735908 1.987154
-0.09816541 -1.012126 1.909955
0.1971037 -1.042987 2.06124
-0.09930115 -1.080058 1.821473
0.3204706 -1.042404 2.081655
9
0.07457089 -0.8487973 2.09706
0.009841179 -0.8339736 2.015481
0.1367622 -0.8353599 2.109748
0.1186316 -0.7690803 1.662992
0.4546529 -0.735908 1.987154
-0.09816541 -1.012126 1.909955
0.1971037 -1.042987 2.06124
-0.09930115 -1.080058 1.821473
0.3204706 -1.042404 2.081655
9
0.04211504 -0.8668312 2.13393
-0.02195168 -0.843639 2.058042
0.1047158 -0.8618757 2.140495
0.06344685 -0.7653702 1.701177
0.406491 -0.7372066 1.990997
-0.1271074 -1.023952 1.930033
0.2026922 -1.037428 2.058687
-0.07820903 -1.055577 1.821445
0.3254423 -1.036729 2.080369
9
0.04211504 -0.8668312 2.13393
-0.02195168 -0.843639 2.058042
0.1047158 -0.8618757 2.140495
0.06344685 -0.7653702 1.701177
0.406491 -0.7372066 1.990997
-0.1271074 -1.023952 1.930033
0.2026922 -1.037428 2.058687
-0.07820903 -1.055577 1.821445
0.3254423 -1.036729 2.080369
9
0.0482915 -0.8646713 2.140383
-0.01643009 -0.8425917 2.0635
0.1114242 -0.858576 2.14804
0.06138558 -0.765408 1.704592
0.4090222 -0.7357799 1.986813
-0.1050888 -1.029908 1.920773
0.2033415 -1.036601 2.058565
-0.08885481 -1.066947 1.803542
0.3259596 -1.03574 2.080577
9
0.0482915 -0.8646713 2.140383
-0.01643009 -0.8425917 2.0635
0.1114242 -0.858576 2.14804
0.06138558 -0.765408 1.704592
0.4090222 -0.7357799 1.986813
-0.1050888 -1.029908 1.920773
0.2033415 -1.036601 2.058565
-0.08885481 -1.066947 1.803542
0.3259596 -1.03574 2.080577
9
0.04971762 -0.8646327 2.141093
-0.01442232 -0.8426251 2.06439
0.1123085 -0.8585239 2.148563
0.06087676 -0.7652156 1.704967
0.409373 -0.7355214 1.986308
-0.1027766 -1.031293 1.921451
0.2035452 -1.036497 2.05844
-0.09161803 -1.069064 1.804
0.3261095 -1.035603 2.080582
9
0.04971762 -0.8646327 2.141093
-0.01442232 -0.8426251 2.06439
0.1123085 -0.8585239 2.148563
0.06087676 -0.7652156 1.704967
0.409373 -0.7355214 1.986308
-0.1027766 -1.031293 1.921451
0.2035452 -1.036497 2.05844
-0.09161803 -1.069064 1.804
0.3261095 -1.035603 2.080582
9
0.04618311 -0.863662 2.140288
-0.01801001 -0.8410859 2.063915
0.1087525 -0.8581227 2.147363
0.06542405 -0.7662726 1.705875
0.4076663 -0.7367505 1.987943
-0.1010792 -1.028411 1.917888
0.2037442 -1.036474 2.058398
-0.0965048 -1.078932 1.809606
0.3262569 -1.035551 2.080664
9
0.04618311 -0.863662 2.140288
-0.01801001 -0.8410859 2.063915
0.1087525 -0.8581227 2.147363
0.06542405 -0.7662726 1.705875
0.4076663 -0.7367505 1.987943
-0.1010792 -1.028411 1.917888
0.2037442 -1.036474 2.058398
-0.0965048 -1.078932 1.809606
0.3262569 -1.035551 2.080664
9
0.04617373 -0.8636599 2.14025
-0.01801621 -0.8410823 2.063905
0.1087444 -0.8581353 2.147259
0.06552915 -0.7660463 1.705941
0.4080386 -0.7375536 1.988081
-0.1010299 -1.029199 1.918583
0.2048209 -1.036797 2.058158
-0.08854442 -1.075818 1.807698
0.3272366 -1.035833 2.080626
9
0.04617373 -0.8636599 2.14025
-0.01801621 -0.8410823 2.063905
0.1087444 -0.8581353 2.147259
0.06552915 -0.7660463 1.705941
0.4080386 -0.7375536 1.988081
-0.1010299 -1.029199 1.918583
0.2048209 -1.036797 2.058158
-0.08854442 -1.075818 1.807698
0.3272366 -1.035833 2.080626
9
0.04616871 -0.863651 2.140208
-0.01804149 -0.8410856 2.063792
0.1087458 -0.8581286 2.147249
0.0653688 -0.7659867 1.70581
0.4080558 -0.7381135 1.987633
-0.1016736 -1.030603 1.921338
0.206705 -1.036565 2.057066
-0.09583266 -1.07311 1.806689
0.3289663 -1.035592 2.079826
9
0.04616871 -0.863651 2.140208
-0.01804149 -0.8410856 2.063792
0.1087458 -0.8581286 2.147249
0.0653688 -0.7659867 1.70581
0.4080558 -0.7381135 1.987633
-0.1016736 -1.030603 1.921338
0.206705 -1.036565 2.057066
-0.09583266 -1.07311 1.806689
0.3289663 -1.035592 2.079826
9
0.04617321 -0.8636476 2.140194
-0.01805187 -0.841112 2.063758
0.1087847 -0.8581039 2.147254
0.06575701 -0.7661594 1.705851
0.4082982 -0.739782 1.986713
-0.1019706 -1.030625 1.921643
0.2083679 -1.037315 2.055774
-0.09522493 -1.072435 1.806543
0.3305051 -1.036261 2.078788
9
0.04617321 -0.8636476 2.140194
-0.01805187 -0.841112 2.063758
0.1087847 -0.8581039 2.147254
0.06575701 -0.7661594 1.705851
0.4082982 -0.739782 1.986713
-0.1019706 -1.030625 1.921643
0.2083679 -1.037315 2.055774
-0.09522493 -1.072435 1.806543
0.3305051 -1.036261 2.078788
9
0.04618975 -0.8636245 2.140175
-0.01806622 -0.8411116 2.063733
0.1088979 -0.8580136 2.147254
0.05756476 -0.7648367 1.704164
0.408169 -0.7425717 1.983829
-0.09182964 -1.02734 1.914851
0.2099097 -1.038873 2.052899
-0.116358 -1.082288 1.815586
0.3319141 -1.037694 2.076201
9
0.04618975 -0.8636245 2.140175
-0.01806622 -0.8411116 2.063733
0.1088979 -0.8580136 2.147254
0.05756476 -0.7648367 1.704164
0.408169 -0.7425717 1.983829
-0.09182964 -1.02734 1.914851
0.2099097 -1.038873 2.052899
-0.116358 -1.082288 1.815586
0.3319141 -1.037694 2.076201
9
0.04619766 -0.8636083 2.140167
-0.01812513 -0.8411075 2.063769
0.1090345 -0.8579432 2.147202
0.05872886 -0.7647213 1.704502
0.4073884 -0.7463687 1.978771
-0.09195907 -1.02778 1.914944
0.2636141 -1.00692 1.992827
-0.1060864 -1.085818 1.815849
0.3780045 -1.004448 2.029544
9
0.04619766 -0.8636083 2.140167
-0.01812513 -0.8411075 2.063769
0.1090345 -0.8579432 2.147202
0.05872886 -0.7647213 1.704502
0.4073884 -0.7463687 1.978771
-0.09195907 -1.02778 1.914944
0.2636141 -1.00692 1.992827
-0.1060864 -1.085818 1.815849
0.3780045 -1.004448 2.029544
9
0.04619766 -0.8636083 2.140167
-0.01812513 -0.8411075 2.063769
0.1090345 -0.8579432 2.147202
0.05872886 -0.7647213 1.704502
0.4073884 -0.7463687 1.978771
-0.09195907 -1.02778 1.914944
0.2636141 -1.00692 1.992827
-0.1060864 -1.085818 1.815849
0.3780045 -1.004448 2.029544
