40
9
0.182715 -0.5701312 2.098174
0.0948964 -0.563055 2.07629
0.264446 -0.558171 2.049855
0.02888992 -0.7257074 1.760917
0.2184703 -0.7069943 1.722843
0.05014199 -1.006316 1.990921
0.2491086 -1.011017 1.934453
-0.001137186 -1.053851 2.010761
0.2762909 -1.084225 1.887332
9
0.1825385 -0.5968433 2.091384
0.09449203 -0.5888682 2.071563
0.2645155 -0.5849671 2.041156
0.01670582 -0.7336223 1.749393
0.2267707 -0.7099193 1.702127
0.05164827 -1.011444 1.984957
0.24684 -1.013846 1.935557
-0.0008193143 -1.052949 2.010369
0.2804305 -1.083813 1.884853
9
0.1825385 -0.5968433 2.091384
0.09449203 -0.5888682 2.071563
0.2645155 -0.5849671 2.041156
0.01670582 -0.7336223 1.749393
0.2267707 -0.7099193 1.702127
0.05164827 -1.011444 1.984957
0.24684 -1.013846 1.935557
-0.0008193143 -1.052949 2.010369
0.2804305 -1.083813 1.884853
9
0.1776621 -0.6337693 2.080254
0.0894204 -0.6266237 2.060028
0.2599946 -0.6196514 2.030876
0.005861561 -0.7386978 1.724973
0.2322299 -0.7090194 1.678475
0.05258803 -1.018823 1.982126
0.2483755 -1.020742 1.930196
-0.006352294 -1.0579 2.003535
0.2801402 -1.090175 1.874892
9
0.1776621 -0.6337693 2.080254
0.0894204 -0.6266237 2.060028
0.2599946 -0.6196514 2.030876
0.005861561 -0.7386978 1.724973
0.2322299 -0.7090194 1.678475
0.05258803 -1.018823 1.982126
0.2483755 -1.020742 1.930196
-0.006352294 -1.0579 2.003535
0.2801402 -1.090175 1.874892
9
0.1781067 -0.6616086 2.070947
0.08880718 -0.6540993 2.050794
0.2614734 -0.6470336 2.021758
0.0004133583 -0.7446434 1.709737
0.2330292 -0.7095462 1.662836
0.02868257 -1.079472 1.941467
0.2486885 -1.02386 1.93004
0.01463442 -1.132291 1.822652
0.2824393 -1.090146 1.867889
9
0.1781067 -0.6616086 2.070947
0.08880718 -0.6540993 2.050794
0.2614734 -0.6470336 2.021758
0.0004133583 -0.7446434 1.709737
0.2330292 -0.7095462 1.662836
0.02868257 -1.079472 1.941467
0.2486885 -1.02386 1.93004
0.01463442 -1.132291 1.822652
0.2824393 -1.090146 1.867889
9
0.1739006 -0.6975912 2.058382
0.08417675 -0.689902 2.038983
0.2578311 -0.6818982 2.008865
-0.003695372 -0.7509078 1.690298
0.2340635 -0.7114235 1.644599
0.04221451 -1.053198 1.991444
0.2473358 -1.027449 1.931896
-0.02982168 -1.097642 1.939586
0.2857186 -1.079862 1.84891
9
0.1739006 -0.6975912 2.058382
0.08417675 -0.689902 2.038983
0.2578311 -0.6818982 2.008865
-0.003695372 -0.7509078 1.690298
0.2340635 -0.7114235 1.644599
0.04221451 -1.053198 1.991444
0.2473358 -1.027449 1.931896
-0.02982168 -1.097642 1.939586
0.2857186 -1.079862 1.84891
9
0.1752552 -0.7259105 2.04393
0.08590235 -0.7189198 2.025008
0.2587729 -0.7086032 1.994269
-0.005547931 -0.7633739 1.674372
0.2322057 -0.7186003 1.628755
-0.05279479 -1.074326 1.932928
0.2472952 -1.029752 1.931601
0.03479037 -1.049471 1.942524
0.288241 -1.076358 1.843711
9
0.1752552 -0.7259105 2.04393
0.08590235 -0.7189198 2.025008
0.2587729 -0.7086032 1.994269
-0.005547931 -0.7633739 1.674372
0.2322057 -0.7186003 1.628755
-0.05279479 -1.074326 1.932928
0.2472952 -1.029752 1.931601
0.03479037 -1.049471 1.942524
0.288241 -1.076358 1.843711
9
0.1736394 -0.7497943 2.032985
0.08391797 -0.742552 2.014589
0.2575671 -0.7318473 1.983105
-0.005883374 -0.7751033 1.661941
0.2335728 -0.7233222 1.617066
-0.05704123 -1.080476 1.925974
0.2495819 -1.037811 1.924733
0.03150451 -1.046178 1.930591
0.2960402 -1.078195 1.835187
9
0.1736394 -0.7497943 2.032985
0.08391797 -0.742552 2.014589
0.2575671 -0.7318473 1.983105
-0.005883374 -0.7751033 1.661941
0.2335728 -0.7233222 1.617066
-0.05704123 -1.080476 1.925974
0.2495819 -1.037811 1.924733
0.03150451 -1.046178 1.930591
0.2960402 -1.078195 1.835187
9
0.1733559 -0.7721186 2.024108
0.0835856 -0.7649348 2.006249
0.2573387 -0.7533809 1.973965
-0.006741119 -0.7807251 1.652198
0.2360703 -0.7263318 1.608384
-0.05905598 -1.08425 1.917987
0.2519282 -1.044071 1.911272
0.02739207 -1.049832 1.927468
0.307419 -1.089481 1.837927
9
0.1733559 -0.7721186 2.024108
0.0835856 -0.7649348 2.006249
0.2573387 -0.7533809 1.973965
-0.006741119 -0.7807251 1.652198
0.2360703 -0.7263318 1.608384
-0.05905598 -1.08425 1.917987
0.2519282 -1.044071 1.911272
0.02739207 -1.049832 1.927468
0.307419 -1.089481 1.837927
9
0.1733559 -0.7721186 2.024108
0.0835856 -0.7649348 2.006249
0.2573387 -0.7533809 1.973965
-0.006741119 -0.7807251 1.652198
0.2360703 -0.7263318 1.608384
-0.05905598 -1.08425 1.917987
0.2519282 -1.044071 1.911272
0.02739207 -1.049832 1.927468
0.307419 -1.089481 1.837927
9
0.1733559 -0.7721186 2.024108
0.0835856 -0.7649348 2.006249
0.2573387 -0.7533809 1.973965
-0.006741119 -0.7807251 1.652198
0.2360703 -0.7263318 1.608384
-0.05905598 -1.08425 1.917987
0.2519282 -1.044071 1.911272
0.02739207 -1.049832 1.927468
0.307419 -1.089481 1.837927
9
0.1733559 -0.7721186 2.024108
0.0835856 -0.7649348 2.006249
0.2573387 -0.7533809 1.973965
-0.006741119 -0.7807251 1.652198
0.2360703 -0.7263318 1.608384
-0.05905598 -1.08425 1.917987
0.2519282 -1.044071 1.911272
0.02739207 -1.049832 1.927468
0.307419 -1.089481 1.837927
9
0.1733559 -0.7721186 2.024108
0.0835856 -0.7649348 2.006249
0.2573387 -0.7533809 1.973965
-0.006741119 -0.7807251 1.652198
0.2360703 -0.7263318 1.608384
-0.05905598 -1.08425 1.917987
0.2519282 -1.044071 1.911272
0.02739207 -1.049832 1.927468
0.307419 -1.089481 1.837927
9
0.1725697 -0.827334 1.998594
0.08236252 -0.820953 1.981596
0.25701 -0.8058752 1.94834
0.01227401 -0.8128904 1.682291
0.2388336 -0.7351781 1.587964
-0.04189179 -1.116784 1.949782
0.2522985 -1.051988 1.910669
0.02282761 -1.085724 1.848608
0.3178305 -1.074294 1.826482
9
0.1725697 -0.827334 1.998594
0.08236252 -0.820953 1.981596
0.25701 -0.8058752 1.94834
0.01227401 -0.8128904 1.682291
0.2388336 -0.7351781 1.587964
-0.04189179 -1.116784 1.949782
0.2522985 -1.051988 1.910669
0.02282761 -1.085724 1.848608
0.3178305 -1.074294 1.826482
9
0.1725697 -0.827334 1.998594
0.08236252 -0.820953 1.981596
0.25701 -0.8058752 1.94834
0.01227401 -0.8128904 1.682291
0.2388336 -0.7351781 1.587964
-0.04189179 -1.116784 1.949782
0.2522985 -1.051988 1.910669
0.02282761 -1.085724 1.848608
0.3178305 -1.074294 1.826482
9
0.1725697 -0.827334 1.998594
0.08236252 -0.820953 1.981596
0.25701 -0.8058752 1.94834
0.01227401 -0.8128904 1.682291
0.2388336 -0.7351781 1.587964
-0.04189179 -1.116784 1.949782
0.2522985 -1.051988 1.910669
0.02282761 -1.085724 1.848608
0.3178305 -1.074294 1.826482
9
0.1725697 -0.827334 1.998594
0.08236252 -0.820953 1.981596
0.25701 -0.8058752 1.94834
0.01227401 -0.8128904 1.682291
0.2388336 -0.7351781 1.587964
-0.04189179 -1.116784 1.949782
0.2522985 -1.051988 1.910669
0.02282761 -1.085724 1.848608
0.3178305 -1.074294 1.826482
9
0.1725697 -0.827334 1.998594
0.08236252 -0.820953 1.981596
0.25701 -0.8058752 1.94834
0.01227401 -0.8128904 1.682291
0.2388336 -0.7351781 1.587964
-0.04189179 -1.116784 1.949782
0.2522985 -1.051988 1.910669
0.02282761 -1.085724 1.848608
0.3178305 -1.074294 1.826482
9
0.1730329 -0.8279492 1.999107
0.08281466 -0.8216422 1.981969
0.2574838 -0.8064188 1.949021
0.01269402 -0.8129646 1.681509
0.2388172 -0.7366695 1.588496
-0.04147617 -1.116855 1.949001
0.251657 -1.052816 1.909904
0.02323863 -1.085788 1.847828
0.3128236 -1.075452 1.820676
9
0.1730329 -0.8279492 1.999107
0.08281466 -0.8216422 1.981969
0.2574838 -0.8064188 1.949021
0.01269402 -0.8129646 1.681509
0.2388172 -0.7366695 1.588496
-0.04147617 -1.116855 1.949001
0.251657 -1.052816 1.909904
0.02323863 -1.085788 1.847828
0.3128236 -1.075452 1.820676
9
0.1738674 -0.8279645 2.000005
0.08363714 -0.8217891 1.982731
0.2583108 -0.8063001 1.950072
0.01324772 -0.8127939 1.681271
0.2386409 -0.7372358 1.589472
-0.04092797 -1.116685 1.948763
0.2514412 -1.046657 1.853525
0.02377943 -1.085618 1.847589
0.3086345 -1.079612 1.876959
9
0.1738674 -0.8279645 2.000005
0.08363714 -0.8217891 1.982731
0.2583108 -0.8063001 1.950072
0.01324772 -0.8127939 1.681271
0.2386409 -0.7372358 1.589472
-0.04092797 -1.116685 1.948763
0.2514412 -1.046657 1.853525
0.02377943 -1.085618 1.847589
0.3086345 -1.079612 1.876959
9
0.1738674 -0.8279645 2.000005
0.08363714 -0.8217891 1.982731
0.2583108 -0.8063001 1.950072
0.01324772 -0.8127939 1.681271
0.2386409 -0.7372358 1.589472
-0.04092797 -1.116685 1.948763
0.2514412 -1.046657 1.853525
0.02377943 -1.085618 1.847589
0.3086345 -1.079612 1.876959
9
0.1738674 -0.8279645 2.000005
0.08363714 -0.8217891 1.982731
0.2583108 -0.8063001 1.950072
0.01324772 -0.8127939 1.681271
0.2386409 -0.7372358 1.589472
-0.04092797 -1.116685 1.948763
0.2514412 -1.046657 1.853525
0.02377943 -1.085618 1.847589
0.3086345 -1.079612 1.876959
9
0.1744546 -0.8261209 2.001486
0.08413751 -0.8202282 1.983469
0.2589828 -0.8041698 1.95251
0.01397684 -0.8117601 1.680808
0.2387211 -0.7381769 1.5914
-0.04020634 -1.115659 1.948297
0.2466409 -1.046348 1.857073
0.02448985 -1.084601 1.847118
0.2291824 -1.08821 1.730952
9
0.1744546 -0.8261209 2.001486
0.08413751 -0.8202282 1.983469
0.2589828 -0.8041698 1.95251
0.01397684 -0.8117601 1.680808
0.2387211 -0.7381769 1.5914
-0.04020634 -1.115659 1.948297
0.2466409 -1.046348 1.857073
0.02448985 -1.084601 1.847118
0.2291824 -1.08821 1.730952
9
0.174785 -0.8243643 2.002227
0.08448441 -0.81858 1.983869
0.2592748 -0.8023728 1.953543
0.01440458 -0.8104869 1.680053
0.2389219 -0.7385776 1.592068
-0.03978336 -1.114394 1.947539
0.2565216 -1.058895 1.900971
0.02490477 -1.083347 1.846356
0.3073629 -1.058623 1.793197
9
0.1742077 -0.8228292 2.00257
0.08389734 -0.8168066 1.983922
0.2587088 -0.8010835 1.954088
0.01445835 -0.8097423 1.679228
0.2390735 -0.739266 1.592256
-0.03973064 -1.113654 1.946712
0.2542505 -1.052059 1.852337
0.02495342 -1.08261 1.845531
0.3071294 -1.084837 1.880378
9
0.1742077 -0.8228292 2.00257
0.08389734 -0.8168066 1.983922
0.2587088 -0.8010835 1.954088
0.01445835 -0.8097423 1.679228
0.2390735 -0.739266 1.592256
-0.03973064 -1.113654 1.946712
0.2542505 -1.052059 1.852337
0.02495342 -1.08261 1.845531
0.3071294 -1.084837 1.880378
9
0.174027 -0.8221659 2.001912
0.08365513 -0.8159223 1.982903
0.2585801 -0.8006247 1.953683
0.01452631 -0.809298 1.677977
0.2386907 -0.7405452 1.591594
-0.03966398 -1.11321 1.945461
0.2612574 -1.061872 1.895519
0.02501529 -1.082164 1.844287
0.3065033 -1.073575 1.787655
9
0.174027 -0.8221659 2.001912
0.08365513 -0.8159223 1.982903
0.2585801 -0.8006247 1.953683
0.01452631 -0.809298 1.677977
0.2386907 -0.7405452 1.591594
-0.03966398 -1.11321 1.945461
0.2612574 -1.061872 1.895519
0.02501529 -1.082164 1.844287
0.3065033 -1.073575 1.787655
9
0.174027 -0.8221659 2.001912
0.08365513 -0.8159223 1.982903
0.2585801 -0.8006247 1.953683
0.01452631 -0.809298 1.677977
0.2386907 -0.7405452 1.591594
-0.03966398 -1.11321 1.945461
0.2612574 -1.061872 1.895519
0.02501529 -1.082164 1.844287
0.3065033 -1.073575 1.787655
9
0.1738252 -0.821996 2.001274
0.08341145 -0.8156417 1.982091
0.2584178 -0.8005542 1.95318
0.01434872 -0.809507 1.676546
0.23688 -0.7428504 1.590826
-0.03984041 -1.113412 1.944032
0.2133871 -1.025176 1.882278
0.02483733 -1.082355 1.842869
0.1977718 -1.067546 1.755774
