40
9
-0.01282559 -0.4328775 2.045235
-0.1030796 -0.432011 2.022589
0.07799298 -0.4173663 1.990313
-0.235823 -0.5116456 1.667646
-0.02259005 -0.5021812 1.624584
-0.1692819 -0.8513688 1.795486
0.06677707 -0.813536 1.776489
-0.1781468 -0.938243 1.711644
-0.03996477 -0.8571801 1.700011
9
-0.01282559 -0.4328775 2.045235
-0.1030796 -0.432011 2.022589
0.07799298 -0.4173663 1.990313
-0.235823 -0.5116456 1.667646
-0.02259005 -0.5021812 1.624584
-0.1692819 -0.8513688 1.795486
0.06677707 -0.813536 1.776489
-0.1781468 -0.938243 1.711644
-0.03996477 -0.8571801 1.700011
9
-0.004221582 -0.523253 2.028405
-0.09328363 -0.5236059 2.007716
0.08508389 -0.503098 1.972351
-0.2426551 -0.5245121 1.649294
-0.02639918 -0.5059322 1.598681
-0.1575262 -0.8451356 1.80776
0.06651215 -0.8144882 1.77645
-0.1654274 -0.9090718 1.691146
-0.0436745 -0.8584299 1.697712
9
-0.004221582 -0.523253 2.028405
-0.09328363 -0.5236059 2.007716
0.08508389 -0.503098 1.972351
-0.2426551 -0.5245121 1.649294
-0.02639918 -0.5059322 1.598681
-0.1575262 -0.8451356 1.80776
0.06651215 -0.8144882 1.77645
-0.1654274 -0.9090718 1.691146
-0.0436745 -0.8584299 1.697712
9
-0.004221582 -0.523253 2.028405
-0.09328363 -0.5236059 2.007716
0.08508389 -0.503098 1.972351
-0.2426551 -0.5245121 1.649294
-0.02639918 -0.5059322 1.598681
-0.1575262 -0.8451356 1.80776
0.06651215 -0.8144882 1.77645
-0.1654274 -0.9090718 1.691146
-0.0436745 -0.8584299 1.697712
9
-0.004221582 -0.523253 2.028405
-0.09328363 -0.5236059 2.007716
0.08508389 -0.503098 1.972351
-0.2426551 -0.5245121 1.649294
-0.02639918 -0.5059322 1.598681
-0.1575262 -0.8451356 1.80776
0.06651215 -0.8144882 1.77645
-0.1654274 -0.9090718 1.691146
-0.0436745 -0.8584299 1.697712
9
0.01321029 -0.5980448 2.007127
-0.07605289 -0.6003125 1.987453
0.1020615 -0.5731375 1.950847
-0.2443973 -0.5088323 1.649403
-0.03021985 -0.5174274 1.58801
-0.1297339 -0.8067868 1.83065
0.06395416 -0.8149756 1.774693
-0.1577707 -0.8734013 1.69855
-0.07917792 -0.8564874 1.711452
9
0.01321029 -0.5980448 2.007127
-0.07605289 -0.6003125 1.987453
0.1020615 -0.5731375 1.950847
-0.2443973 -0.5088323 1.649403
-0.03021985 -0.5174274 1.58801
-0.1297339 -0.8067868 1.83065
0.06395416 -0.8149756 1.774693
-0.1577707 -0.8734013 1.69855
-0.07917792 -0.8564874 1.711452
9
0.02346523 -0.6006743 2.019173
-0.06457158 -0.6039214 2.000875
0.1108132 -0.5749196 1.961604
-0.236165 -0.5133703 1.664293
-0.02380569 -0.5237565 1.599022
-0.1239355 -0.8106295 1.847747
0.06834174 -0.8129341 1.775804
-0.1566687 -0.8731251 1.698354
0.08549596 -0.8461093 1.638376
9
0.02346523 -0.6006743 2.019173
-0.06457158 -0.6039214 2.000875
0.1108132 -0.5749196 1.961604
-0.236165 -0.5133703 1.664293
-0.02380569 -0.5237565 1.599022
-0.1239355 -0.8106295 1.847747
0.06834174 -0.8129341 1.775804
-0.1566687 -0.8731251 1.698354
0.08549596 -0.8461093 1.638376
9
0.02809045 -0.6097988 2.023203
-0.05956021 -0.6137152 2.005346
0.1148311 -0.5830382 1.965233
-0.2351967 -0.5174325 1.672605
-0.01829799 -0.527932 1.602619
-0.1240475 -0.8126931 1.859483
0.06882425 -0.8122982 1.773556
-0.1580878 -0.8723071 1.698691
0.09079278 -0.8476343 1.638224
9
0.02809045 -0.6097988 2.023203
-0.05956021 -0.6137152 2.005346
0.1148311 -0.5830382 1.965233
-0.2351967 -0.5174325 1.672605
-0.01829799 -0.527932 1.602619
-0.1240475 -0.8126931 1.859483
0.06882425 -0.8122982 1.773556
-0.1580878 -0.8723071 1.698691
0.09079278 -0.8476343 1.638224
9
0.03161359 -0.6122175 2.031865
-0.05600923 -0.6172174 2.014184
0.1181996 -0.5844262 1.973757
-0.2385996 -0.521231 1.677447
-0.01271647 -0.5302568 1.608857
-0.152468 -0.8363904 1.845122
0.07013269 -0.8168395 1.76667
-0.2186893 -0.8712425 1.733336
0.1008597 -0.8483005 1.631976
9
0.03161359 -0.6122175 2.031865
-0.05600923 -0.6172174 2.014184
0.1181996 -0.5844262 1.973757
-0.2385996 -0.521231 1.677447
-0.01271647 -0.5302568 1.608857
-0.152468 -0.8363904 1.845122
0.07013269 -0.8168395 1.76667
-0.2186893 -0.8712425 1.733336
0.1008597 -0.8483005 1.631976
9
0.03504684 -0.6139541 2.038612
-0.05174563 -0.6192385 2.021993
0.1207432 -0.5858753 1.979466
-0.2371446 -0.5292245 1.677426
-0.01275975 -0.5296602 1.604803
-0.1470443 -0.8386922 1.852608
-0.03170428 -0.8293529 1.810722
-0.2145476 -0.8671143 1.737933
-0.1236572 -0.8725586 1.669922
9
0.03658573 -0.6139587 2.041635
-0.04980646 -0.619382 2.025283
0.1218325 -0.5857715 1.982188
-0.2307564 -0.5352837 1.678236
-0.01271198 -0.5299192 1.604516
-0.1462952 -0.8447029 1.855745
0.04644891 -0.8293558 1.769292
-0.1864014 -0.8652344 1.678711
-0.09187026 -0.8653949 1.68354
9
0.03658573 -0.6139587 2.041635
-0.04980646 -0.619382 2.025283
0.1218325 -0.5857715 1.982188
-0.2307564 -0.5352837 1.678236
-0.01271198 -0.5299192 1.604516
-0.1462952 -0.8447029 1.855745
0.04644891 -0.8293558 1.769292
-0.1864014 -0.8652344 1.678711
-0.09187026 -0.8653949 1.68354
9
0.03736994 -0.6131712 2.042943
-0.04875228 -0.6186262 2.026914
0.122342 -0.5849963 1.983195
-0.2285675 -0.5373598 1.678513
-0.01245992 -0.5298953 1.604363
-0.1460857 -0.8464711 1.857257
0.04976624 -0.8251644 1.766996
-0.1274535 -0.8660858 1.671699
-0.08852116 -0.8638371 1.684038
9
0.03736994 -0.6131712 2.042943
-0.04875228 -0.6186262 2.026914
0.122342 -0.5849963 1.983195
-0.2285675 -0.5373598 1.678513
-0.01245992 -0.5298953 1.604363
-0.1460857 -0.8464711 1.857257
0.04976624 -0.8251644 1.766996
-0.1274535 -0.8660858 1.671699
-0.08852116 -0.8638371 1.684038
9
0.03772169 -0.6110363 2.043366
-0.04813045 -0.6166414 2.027564
0.1223858 -0.5826927 1.983355
-0.2245861 -0.5348802 1.679724
-0.01178334 -0.523625 1.604801
-0.1432917 -0.8431713 1.860229
0.05367588 -0.8121095 1.760896
-0.1745605 -0.8720703 1.701172
-0.08257944 -0.8597873 1.683406
9
0.03772169 -0.6110363 2.043366
-0.04813045 -0.6166414 2.027564
0.1223858 -0.5826927 1.983355
-0.2245861 -0.5348802 1.679724
-0.01178334 -0.523625 1.604801
-0.1432917 -0.8431713 1.860229
0.05367588 -0.8121095 1.760896
-0.1745605 -0.8720703 1.701172
-0.08257944 -0.8597873 1.683406
9
0.03718108 -0.6067745 2.04279
-0.04827923 -0.6131925 2.026976
0.1213606 -0.5776627 1.982728
-0.2226725 -0.5336884 1.680305
-0.01158792 -0.5149063 1.604362
-0.143986 -0.841043 1.863251
0.05437726 -0.8114403 1.759864
-0.169395 -0.8732623 1.70753
-0.08051773 -0.8723792 1.707361
9
0.03718108 -0.6067745 2.04279
-0.04827923 -0.6131925 2.026976
0.1213606 -0.5776627 1.982728
-0.2226725 -0.5336884 1.680305
-0.01158792 -0.5149063 1.604362
-0.143986 -0.841043 1.863251
0.05437726 -0.8114403 1.759864
-0.169395 -0.8732623 1.70753
-0.08051773 -0.8723792 1.707361
9
0.03518384 -0.5987916 2.039794
-0.04977811 -0.6060903 2.023638
0.1188983 -0.5690418 1.980001
-0.2214862 -0.5329495 1.680665
-0.009391582 -0.5080503 1.60638
-0.1424394 -0.8406886 1.86289
0.05736132 -0.8076833 1.757935
-0.1674666 -0.8739781 1.708946
-0.08026692 -0.8594401 1.692545
9
0.03518384 -0.5987916 2.039794
-0.04977811 -0.6060903 2.023638
0.1188983 -0.5690418 1.980001
-0.2214862 -0.5329495 1.680665
-0.009391582 -0.5080503 1.60638
-0.1424394 -0.8406886 1.86289
0.05736132 -0.8076833 1.757935
-0.1674666 -0.8739781 1.708946
-0.08026692 -0.8594401 1.692545
9
0.03110031 -0.5878118 2.034632
-0.0535963 -0.5953805 2.017219
0.1146988 -0.558134 1.975908
-0.2198489 -0.5055069 1.677519
-0.007560595 -0.5025977 1.6075
-0.1347042 -0.8185582 1.849286
0.06104891 -0.8036264 1.76097
-0.1674281 -0.873126 1.71521
-0.07621118 -0.8576759 1.699222
9
0.03110031 -0.5878118 2.034632
-0.0535963 -0.5953805 2.017219
0.1146988 -0.558134 1.975908
-0.2198489 -0.5055069 1.677519
-0.007560595 -0.5025977 1.6075
-0.1347042 -0.8185582 1.849286
0.06104891 -0.8036264 1.76097
-0.1674281 -0.873126 1.71521
-0.07621118 -0.8576759 1.699222
9
0.02618832 -0.5754803 2.028282
-0.05851674 -0.5826854 2.009636
0.1099961 -0.5465876 1.970634
-0.2247029 -0.4976213 1.668686
-0.009000484 -0.4997998 1.601774
-0.1399261 -0.8109639 1.840294
0.06309106 -0.7978762 1.762275
-0.1662364 -0.8731137 1.715458
-0.005235642 -0.8624279 1.680227
9
0.02618832 -0.5754803 2.028282
-0.05851674 -0.5826854 2.009636
0.1099961 -0.5465876 1.970634
-0.2247029 -0.4976213 1.668686
-0.009000484 -0.4997998 1.601774
-0.1399261 -0.8109639 1.840294
0.06309106 -0.7978762 1.762275
-0.1662364 -0.8731137 1.715458
-0.005235642 -0.8624279 1.680227
9
0.02618832 -0.5754803 2.028282
-0.05851674 -0.5826854 2.009636
0.1099961 -0.5465876 1.970634
-0.2247029 -0.4976213 1.668686
-0.009000484 -0.4997998 1.601774
-0.1399261 -0.8109639 1.840294
0.06309106 -0.7978762 1.762275
-0.1662364 -0.8731137 1.715458
-0.005235642 -0.8624279 1.680227
9
0.01418397 -0.5406579 2.010423
-0.07121618 -0.5452244 1.990776
0.09911562 -0.5154003 1.953552
-0.2317659 -0.4847709 1.641888
-0.01580157 -0.4927658 1.581285
-0.1647408 -0.8002365 1.816882
0.06431407 -0.8000151 1.76256
-0.1897085 -0.8825788 1.728781
-0.0315854 -0.8469675 1.70623
9
0.01418397 -0.5406579 2.010423
-0.07121618 -0.5452244 1.990776
0.09911562 -0.5154003 1.953552
-0.2317659 -0.4847709 1.641888
-0.01580157 -0.4927658 1.581285
-0.1647408 -0.8002365 1.816882
0.06431407 -0.8000151 1.76256
-0.1897085 -0.8825788 1.728781
-0.0315854 -0.8469675 1.70623
9
0.01418397 -0.5406579 2.010423
-0.07121618 -0.5452244 1.990776
0.09911562 -0.5154003 1.953552
-0.2317659 -0.4847709 1.641888
-0.01580157 -0.4927658 1.581285
-0.1647408 -0.8002365 1.816882
0.06431407 -0.8000151 1.76256
-0.1897085 -0.8825788 1.728781
-0.0315854 -0.8469675 1.70623
9
0.01418397 -0.5406579 2.010423
-0.07121618 -0.5452244 1.990776
0.09911562 -0.5154003 1.953552
-0.2317659 -0.4847709 1.641888
-0.01580157 -0.4927658 1.581285
-0.1647408 -0.8002365 1.816882
0.06431407 -0.8000151 1.76256
-0.1897085 -0.8825788 1.728781
-0.0315854 -0.8469675 1.70623
9
0.01418397 -0.5406579 2.010423
-0.07121618 -0.5452244 1.990776
0.09911562 -0.5154003 1.953552
-0.2317659 -0.4847709 1.641888
-0.01580157 -0.4927658 1.581285
-0.1647408 -0.8002365 1.816882
0.06431407 -0.8000151 1.76256
-0.1897085 -0.8825788 1.728781
-0.0315854 -0.8469675 1.70623
9
0.01418397 -0.5406579 2.010423
-0.07121618 -0.5452244 1.990776
0.09911562 -0.5154003 1.953552
-0.2317659 -0.4847709 1.641888
-0.01580157 -0.4927658 1.581285
-0.1647408 -0.8002365 1.816882
0.06431407 -0.8000151 1.76256
-0.1897085 -0.8825788 1.728781
-0.0315854 -0.8469675 1.70623
9
-0.002838415 -0.4884946 1.983028
-0.08464935 -0.4919561 1.958834
0.07915232 -0.4660728 1.930287
-0.2382137 -0.4769985 1.602157
-0.02212163 -0.4829426 1.554042
-0.1804332 -0.7964189 1.773533
0.06425807 -0.8023468 1.760658
-0.1992146 -0.8926619 1.74921
-0.03226072 -0.846968 1.705344
9
-0.002838415 -0.4884946 1.983028
-0.08464935 -0.4919561 1.958834
0.07915232 -0.4660728 1.930287
-0.2382137 -0.4769985 1.602157
-0.02212163 -0.4829426 1.554042
-0.1804332 -0.7964189 1.773533
0.06425807 -0.8023468 1.760658
-0.1992146 -0.8926619 1.74921
-0.03226072 -0.846968 1.705344
9
-0.004293077 -0.4818952 1.980561
-0.08521447 -0.4843144 1.955669
0.07696063 -0.4605159 1.928352
-0.2368004 -0.4727765 1.597981
-0.02493469 -0.4823966 1.552613
-0.1811238 -0.7931443 1.768405
0.06449175 -0.8026677 1.760368
-0.1968097 -0.8889475 1.751568
-0.03242785 -0.8467299 1.705615
9
-0.004293077 -0.4818952 1.980561
-0.08521447 -0.4843144 1.955669
0.07696063 -0.4605159 1.928352
-0.2368004 -0.4727765 1.597981
-0.02493469 -0.4823966 1.552613
-0.1811238 -0.7931443 1.768405
0.06449175 -0.8026677 1.760368
-0.1968097 -0.8889475 1.751568
-0.03242785 -0.8467299 1.705615
