40
9
0.2387742 -0.770421 2.148942
0.1493875 -0.7657627 2.105802
0.3205234 -0.750582 2.12375
0.02538693 -0.7451213 1.761487
0.5459408 -0.747887 1.845968
0.09115377 -1.015835 2.056518
0.3792937 -1.057833 2.060206
0.01482229 -1.050993 1.97521
0.4386379 -1.112693 2.024076
9
0.2387742 -0.770421 2.148942
0.1493875 -0.7657627 2.105802
0.3205234 -0.750582 2.12375
0.02538693 -0.7451213 1.761487
0.5459408 -0.747887 1.845968
0.09115377 -1.015835 2.056518
0.3792937 -1.057833 2.060206
0.01482229 -1.050993 1.97521
0.4386379 -1.112693 2.024076
9
0.238439 -0.7913231 2.14222
0.1492709 -0.7875317 2.098319
0.3199959 -0.7700134 2.117981
0.02475483 -0.7509452 1.755277
0.543873 -0.7482723 1.838971
0.08985833 -1.02303 2.049191
0.3773594 -1.050536 2.063416
0.01535673 -1.051565 1.973042
0.429345 -1.110835 2.020046
9
0.238439 -0.7913231 2.14222
0.1492709 -0.7875317 2.098319
0.3199959 -0.7700134 2.117981
0.02475483 -0.7509452 1.755277
0.543873 -0.7482723 1.838971
0.08985833 -1.02303 2.049191
0.3773594 -1.050536 2.063416
0.01535673 -1.051565 1.973042
0.429345 -1.110835 2.020046
9
0.2395548 -0.8083913 2.134504
0.1504194 -0.803815 2.09085
0.3210278 -0.7872586 2.110271
0.02355977 -0.7587341 1.749621
0.5443717 -0.7472655 1.832316
0.08785169 -1.02443 2.049242
0.3795131 -1.045551 2.062842
0.01327427 -1.053256 1.97359
0.4325955 -1.102206 2.055326
9
0.2395548 -0.8083913 2.134504
0.1504194 -0.803815 2.09085
0.3210278 -0.7872586 2.110271
0.02355977 -0.7587341 1.749621
0.5443717 -0.7472655 1.832316
0.08785169 -1.02443 2.049242
0.3795131 -1.045551 2.062842
0.01327427 -1.053256 1.97359
0.4325955 -1.102206 2.055326
9
0.2395548 -0.8083913 2.134504
0.1504194 -0.803815 2.09085
0.3210278 -0.7872586 2.110271
0.02355977 -0.7587341 1.749621
0.5443717 -0.7472655 1.832316
0.08785169 -1.02443 2.049242
0.3795131 -1.045551 2.062842
0.01327427 -1.053256 1.97359
0.4325955 -1.102206 2.055326
9
0.2395548 -0.8083913 2.134504
0.1504194 -0.803815 2.09085
0.3210278 -0.7872586 2.110271
0.02355977 -0.7587341 1.749621
0.5443717 -0.7472655 1.832316
0.08785169 -1.02443 2.049242
0.3795131 -1.045551 2.062842
0.01327427 -1.053256 1.97359
0.4325955 -1.102206 2.055326
9
0.2423874 -0.8303696 2.125076
0.1531367 -0.826316 2.081218
0.3238786 -0.8080343 2.101324
0.02612003 -0.7730663 1.741142
0.5456703 -0.7447318 1.825865
0.08792281 -1.031882 2.046926
0.3806819 -1.037808 2.062601
0.01319376 -1.058662 1.969367
0.4277203 -1.098751 2.055995
9
0.2423874 -0.8303696 2.125076
0.1531367 -0.826316 2.081218
0.3238786 -0.8080343 2.101324
0.02612003 -0.7730663 1.741142
0.5456703 -0.7447318 1.825865
0.08792281 -1.031882 2.046926
0.3806819 -1.037808 2.062601
0.01319376 -1.058662 1.969367
0.4277203 -1.098751 2.055995
9
0.2423874 -0.8303696 2.125076
0.1531367 -0.826316 2.081218
0.3238786 -0.8080343 2.101324
0.02612003 -0.7730663 1.741142
0.5456703 -0.7447318 1.825865
0.08792281 -1.031882 2.046926
0.3806819 -1.037808 2.062601
0.01319376 -1.058662 1.969367
0.4277203 -1.098751 2.055995
9
0.2423874 -0.8303696 2.125076
0.1531367 -0.826316 2.081218
0.3238786 -0.8080343 2.101324
0.02612003 -0.7730663 1.741142
0.5456703 -0.7447318 1.825865
0.08792281 -1.031882 2.046926
0.3806819 -1.037808 2.062601
0.01319376 -1.058662 1.969367
0.4277203 -1.098751 2.055995
9
0.2423874 -0.8303696 2.125076
0.1531367 -0.826316 2.081218
0.3238786 -0.8080343 2.101324
0.02612003 -0.7730663 1.741142
0.5456703 -0.7447318 1.825865
0.08792281 -1.031882 2.046926
0.3806819 -1.037808 2.062601
0.01319376 -1.058662 1.969367
0.4277203 -1.098751 2.055995
9
0.2423874 -0.8303696 2.125076
0.1531367 -0.826316 2.081218
0.3238786 -0.8080343 2.101324
0.02612003 -0.7730663 1.741142
0.5456703 -0.7447318 1.825865
0.08792281 -1.031882 2.046926
0.3806819 -1.037808 2.062601
0.01319376 -1.058662 1.969367
0.4277203 -1.098751 2.055995
9
0.2431812 -0.8335764 2.12281
0.1538852 -0.8292471 2.078546
0.3246996 -0.8114414 2.099477
0.02998426 -0.7766393 1.737175
0.5440733 -0.7471513 1.822048
0.09053248 -1.035535 2.043101
0.3577819 -1.00015 2.087049
0.1638323 -1.058666 2.110806
0.4213801 -1.048661 2.076875
9
0.2431812 -0.8335764 2.12281
0.1538852 -0.8292471 2.078546
0.3246996 -0.8114414 2.099477
0.02998426 -0.7766393 1.737175
0.5440733 -0.7471513 1.822048
0.09053248 -1.035535 2.043101
0.3577819 -1.00015 2.087049
0.1638323 -1.058666 2.110806
0.4213801 -1.048661 2.076875
9
0.2431812 -0.8335764 2.12281
0.1538852 -0.8292471 2.078546
0.3246996 -0.8114414 2.099477
0.02998426 -0.7766393 1.737175
0.5440733 -0.7471513 1.822048
0.09053248 -1.035535 2.043101
0.3577819 -1.00015 2.087049
0.1638323 -1.058666 2.110806
0.4213801 -1.048661 2.076875
9
0.2431812 -0.8335764 2.12281
0.1538852 -0.8292471 2.078546
0.3246996 -0.8114414 2.099477
0.02998426 -0.7766393 1.737175
0.5440733 -0.7471513 1.822048
0.09053248 -1.035535 2.043101
0.3577819 -1.00015 2.087049
0.1638323 -1.058666 2.110806
0.4213801 -1.048661 2.076875
9
0.2443601 -0.8335334 2.122238
0.155699 -0.8293254 2.077443
0.3253674 -0.8113241 2.099278
0.03244632 -0.7774217 1.735724
0.5429429 -0.7480043 1.820045
0.09238801 -1.036367 2.041791
0.3576208 -0.9869683 2.097995
0.1647663 -1.058708 2.11046
0.3723164 -1.04776 2.122251
9
0.2443601 -0.8335334 2.122238
0.155699 -0.8293254 2.077443
0.3253674 -0.8113241 2.099278
0.03244632 -0.7774217 1.735724
0.5429429 -0.7480043 1.820045
0.09238801 -1.036367 2.041791
0.3576208 -0.9869683 2.097995
0.1647663 -1.058708 2.11046
0.3723164 -1.04776 2.122251
9
0.244636 -0.8332865 2.122162
0.1560981 -0.8288014 2.077351
0.3255275 -0.8112513 2.09923
0.03438071 -0.777689 1.734944
0.5421832 -0.7536259 1.818071
0.09393355 -1.036756 2.041114
0.3574808 -0.9903527 2.098357
0.1658013 -1.058394 2.1104
0.3728294 -1.049263 2.124806
9
0.244636 -0.8332865 2.122162
0.1560981 -0.8288014 2.077351
0.3255275 -0.8112513 2.09923
0.03438071 -0.777689 1.734944
0.5421832 -0.7536259 1.818071
0.09393355 -1.036756 2.041114
0.3574808 -0.9903527 2.098357
0.1658013 -1.058394 2.1104
0.3728294 -1.049263 2.124806
9
0.2448922 -0.8328487 2.122352
0.1564251 -0.8279712 2.077661
0.325696 -0.8110847 2.099344
0.03796513 -0.775808 1.734188
0.5413125 -0.7552693 1.816954
0.09702192 -1.035184 2.040319
0.3495491 -1.012191 2.075032
0.1178708 -1.077187 1.913913
0.3948766 -1.066922 2.001051
9
0.2448922 -0.8328487 2.122352
0.1564251 -0.8279712 2.077661
0.325696 -0.8110847 2.099344
0.03796513 -0.775808 1.734188
0.5413125 -0.7552693 1.816954
0.09702192 -1.035184 2.040319
0.3495491 -1.012191 2.075032
0.1178708 -1.077187 1.913913
0.3948766 -1.066922 2.001051
9
0.246429 -0.8314075 2.12213
0.1579795 -0.8266827 2.077564
0.3271028 -0.8095797 2.09902
0.04049278 -0.7741183 1.733786
0.5415491 -0.7561094 1.815233
0.09935018 -1.03361 2.039859
0.3718635 -1.047412 2.051396
0.1210259 -1.076102 1.913946
0.4525591 -1.033917 1.922544
9
0.246429 -0.8314075 2.12213
0.1579795 -0.8266827 2.077564
0.3271028 -0.8095797 2.09902
0.04049278 -0.7741183 1.733786
0.5415491 -0.7561094 1.815233
0.09935018 -1.03361 2.039859
0.3718635 -1.047412 2.051396
0.1210259 -1.076102 1.913946
0.4525591 -1.033917 1.922544
9
0.246429 -0.8314075 2.12213
0.1579795 -0.8266827 2.077564
0.3271028 -0.8095797 2.09902
0.04049278 -0.7741183 1.733786
0.5415491 -0.7561094 1.815233
0.09935018 -1.03361 2.039859
0.3718635 -1.047412 2.051396
0.1210259 -1.076102 1.913946
0.4525591 -1.033917 1.922544
9
0.246429 -0.8314075 2.12213
0.1579795 -0.8266827 2.077564
0.3271028 -0.8095797 2.09902
0.04049278 -0.7741183 1.733786
0.5415491 -0.7561094 1.815233
0.09935018 -1.03361 2.039859
0.3718635 -1.047412 2.051396
0.1210259 -1.076102 1.913946
0.4525591 -1.033917 1.922544
9
0.246429 -0.8314075 2.12213
0.1579795 -0.8266827 2.077564
0.3271028 -0.8095797 2.09902
0.04049278 -0.7741183 1.733786
0.5415491 -0.7561094 1.815233
0.09935018 -1.03361 2.039859
0.3718635 -1.047412 2.051396
0.1210259 -1.076102 1.913946
0.4525591 -1.033917 1.922544
9
0.246429 -0.8314075 2.12213
0.1579795 -0.8266827 2.077564
0.3271028 -0.8095797 2.09902
0.04049278 -0.7741183 1.733786
0.5415491 -0.7561094 1.815233
0.09935018 -1.03361 2.039859
0.3718635 -1.047412 2.051396
0.1210259 -1.076102 1.913946
0.4525591 -1.033917 1.922544
9
0.2492177 -0.8312497 2.123234
0.1617115 -0.8272137 2.078812
0.3290885 -0.8089302 2.100048
0.0418428 -0.7737543 1.736014
0.5412558 -0.7568009 1.814129
0.1006525 -1.033277 2.042073
0.3070711 -1.036877 2.120882
0.1261951 -1.077453 1.918212
0.3885451 -1.015963 1.991408
9
0.2492177 -0.8312497 2.123234
0.1617115 -0.8272137 2.078812
0.3290885 -0.8089302 2.100048
0.0418428 -0.7737543 1.736014
0.5412558 -0.7568009 1.814129
0.1006525 -1.033277 2.042073
0.3070711 -1.036877 2.120882
0.1261951 -1.077453 1.918212
0.3885451 -1.015963 1.991408
9
0.2492177 -0.8312497 2.123234
0.1617115 -0.8272137 2.078812
0.3290885 -0.8089302 2.100048
0.0418428 -0.7737543 1.736014
0.5412558 -0.7568009 1.814129
0.1006525 -1.033277 2.042073
0.3070711 -1.036877 2.120882
0.1261951 -1.077453 1.918212
0.3885451 -1.015963 1.991408
9
0.2492177 -0.8312497 2.123234
0.1617115 -0.8272137 2.078812
0.3290885 -0.8089302 2.100048
0.0418428 -0.7737543 1.736014
0.5412558 -0.7568009 1.814129
0.1006525 -1.033277 2.042073
0.3070711 -1.036877 2.120882
0.1261951 -1.077453 1.918212
0.3885451 -1.015963 1.991408
9
0.2515464 -0.8367074 2.124536
0.1631319 -0.8305355 2.079958
0.3323136 -0.8168093 2.101534
0.04272185 -0.7736977 1.737853
0.5396694 -0.7543384 1.813542
0.1015091 -1.033235 2.043905
0.3001938 -1.023211 2.112051
0.1190933 -1.07899 1.919087
0.4002053 -1.051747 2.015904
9
0.2515464 -0.8367074 2.124536
0.1631319 -0.8305355 2.079958
0.3323136 -0.8168093 2.101534
0.04272185 -0.7736977 1.737853
0.5396694 -0.7543384 1.813542
0.1015091 -1.033235 2.043905
0.3001938 -1.023211 2.112051
0.1190933 -1.07899 1.919087
0.4002053 -1.051747 2.015904
9
0.2521988 -0.8406309 2.125833
0.163532 -0.833256 2.081126
0.3331086 -0.8217458 2.10297
0.04381556 -0.7729936 1.739303
0.5349292 -0.7489678 1.812802
0.1025592 -1.032539 2.045308
0.3509227 -1.03813 2.041669
0.1218504 -1.078934 1.921246
0.407959 -1.114746 2.021484
9
0.2521988 -0.8406309 2.125833
0.163532 -0.833256 2.081126
0.3331086 -0.8217458 2.10297
0.04381556 -0.7729936 1.739303
0.5349292 -0.7489678 1.812802
0.1025592 -1.032539 2.045308
0.3509227 -1.03813 2.041669
0.1218504 -1.078934 1.921246
0.407959 -1.114746 2.021484
9
0.2531753 -0.8427812 2.127162
0.1642549 -0.8347879 2.082306
0.3342449 -0.8243954 2.104459
0.0445414 -0.7722878 1.740851
0.5293156 -0.744476 1.810894
0.1032654 -1.031855 2.046846
0.3150695 -1.049075 2.078318
0.122499 -1.078935 1.923209
0.4158893 -1.083737 1.989357
9
0.2531753 -0.8427812 2.127162
0.1642549 -0.8347879 2.082306
0.3342449 -0.8243954 2.104459
0.0445414 -0.7722878 1.740851
0.5293156 -0.744476 1.810894
0.1032654 -1.031855 2.046846
0.3150695 -1.049075 2.078318
0.122499 -1.078935 1.923209
0.4158893 -1.083737 1.989357
