40
9
-0.0924023 -0.3158554 2.151282
-0.1604059 -0.3176013 2.134644
-0.0213523 -0.3039213 2.098175
-0.2138984 -0.6325099 1.981228
-0.04031188 -0.4692305 1.833048
-0.1903611 -0.9326432 2.057372
0.02038351 -0.8259298 1.938986
-0.195064 -0.8997834 1.910106
-0.0551801 -0.8914726 1.84297
9
-0.0924023 -0.3158554 2.151282
-0.1604059 -0.3176013 2.134644
-0.0213523 -0.3039213 2.098175
-0.2138984 -0.6325099 1.981228
-0.04031188 -0.4692305 1.833048
-0.1903611 -0.9326432 2.057372
0.02038351 -0.8259298 1.938986
-0.195064 -0.8997834 1.910106
-0.0551801 -0.8914726 1.84297
9
-0.0924023 -0.3158554 2.151282
-0.1604059 -0.3176013 2.134644
-0.0213523 -0.3039213 2.098175
-0.2138984 -0.6325099 1.981228
-0.04031188 -0.4692305 1.833048
-0.1903611 -0.9326432 2.057372
0.02038351 -0.8259298 1.938986
-0.195064 -0.8997834 1.910106
-0.0551801 -0.8914726 1.84297
9
-0.0924023 -0.3158554 2.151282
-0.1604059 -0.3176013 2.134644
-0.0213523 -0.3039213 2.098175
-0.2138984 -0.6325099 1.981228
-0.04031188 -0.4692305 1.833048
-0.1903611 -0.9326432 2.057372
0.02038351 -0.8259298 1.938986
-0.195064 -0.8997834 1.910106
-0.0551801 -0.8914726 1.84297
9
-0.09218962 -0.3253471 2.151082
-0.1601798 -0.328271 2.133806
-0.02115987 -0.3120231 2.098593
-0.2679624 -0.470542 1.921437
-0.04232679 -0.4728821 1.830743
-0.2050608 -0.8772911 2.022664
0.01990828 -0.8295982 1.937254
-0.1937966 -0.9006681 1.905629
-0.05659551 -0.8935586 1.840509
9
-0.09218962 -0.3253471 2.151082
-0.1601798 -0.328271 2.133806
-0.02115987 -0.3120231 2.098593
-0.2679624 -0.470542 1.921437
-0.04232679 -0.4728821 1.830743
-0.2050608 -0.8772911 2.022664
0.01990828 -0.8295982 1.937254
-0.1937966 -0.9006681 1.905629
-0.05659551 -0.8935586 1.840509
9
-0.09218962 -0.3253471 2.151082
-0.1601798 -0.328271 2.133806
-0.02115987 -0.3120231 2.098593
-0.2679624 -0.470542 1.921437
-0.04232679 -0.4728821 1.830743
-0.2050608 -0.8772911 2.022664
0.01990828 -0.8295982 1.937254
-0.1937966 -0.9006681 1.905629
-0.05659551 -0.8935586 1.840509
9
-0.09218962 -0.3253471 2.151082
-0.1601798 -0.328271 2.133806
-0.02115987 -0.3120231 2.098593
-0.2679624 -0.470542 1.921437
-0.04232679 -0.4728821 1.830743
-0.2050608 -0.8772911 2.022664
0.01990828 -0.8295982 1.937254
-0.1937966 -0.9006681 1.905629
-0.05659551 -0.8935586 1.840509
9
-0.09218962 -0.3253471 2.151082
-0.1601798 -0.328271 2.133806
-0.02115987 -0.3120231 2.098593
-0.2679624 -0.470542 1.921437
-0.04232679 -0.4728821 1.830743
-0.2050608 -0.8772911 2.022664
0.01990828 -0.8295982 1.937254
-0.1937966 -0.9006681 1.905629
-0.05659551 -0.8935586 1.840509
9
-0.1019376 -0.3810928 2.143033
-0.1711136 -0.3816469 2.126375
-0.02940361 -0.368205 2.09035
-0.2854531 -0.4952449 1.89845
-0.04919836 -0.482656 1.818626
-0.1974187 -0.8881716 2.027709
0.01728426 -0.8372641 1.933329
-0.2048772 -0.9004071 1.896497
-0.05917578 -0.8962821 1.838214
9
-0.1019376 -0.3810928 2.143033
-0.1711136 -0.3816469 2.126375
-0.02940361 -0.368205 2.09035
-0.2854531 -0.4952449 1.89845
-0.04919836 -0.482656 1.818626
-0.1974187 -0.8881716 2.027709
0.01728426 -0.8372641 1.933329
-0.2048772 -0.9004071 1.896497
-0.05917578 -0.8962821 1.838214
9
-0.1023471 -0.3875913 2.141563
-0.1715786 -0.3875353 2.124859
-0.02973857 -0.3751294 2.088972
-0.2870229 -0.4999867 1.896975
-0.05106843 -0.4864641 1.813712
-0.1853898 -0.8762783 2.04677
0.01788147 -0.837902 1.931448
-0.2061442 -0.9002946 1.896594
-0.05945856 -0.8966597 1.833105
9
-0.1023471 -0.3875913 2.141563
-0.1715786 -0.3875353 2.124859
-0.02973857 -0.3751294 2.088972
-0.2870229 -0.4999867 1.896975
-0.05106843 -0.4864641 1.813712
-0.1853898 -0.8762783 2.04677
0.01788147 -0.837902 1.931448
-0.2061442 -0.9002946 1.896594
-0.05945856 -0.8966597 1.833105
9
-0.1029771 -0.4037511 2.140582
-0.1727821 -0.4040435 2.124259
-0.02980109 -0.390439 2.087714
-0.2911893 -0.5038915 1.891253
-0.05214963 -0.4891805 1.809259
-0.1852832 -0.8775435 2.046502
0.01791461 -0.8383385 1.929994
-0.2167318 -0.8979434 1.89787
-0.05950578 -0.8966357 1.833066
9
-0.1029771 -0.4037511 2.140582
-0.1727821 -0.4040435 2.124259
-0.02980109 -0.390439 2.087714
-0.2911893 -0.5038915 1.891253
-0.05214963 -0.4891805 1.809259
-0.1852832 -0.8775435 2.046502
0.01791461 -0.8383385 1.929994
-0.2167318 -0.8979434 1.89787
-0.05950578 -0.8966357 1.833066
9
-0.1013759 -0.4220921 2.139694
-0.1715804 -0.4229248 2.123421
-0.0278626 -0.4076502 2.086876
-0.2946451 -0.5096483 1.887005
-0.05278536 -0.492574 1.801384
-0.183963 -0.8793726 2.045307
0.02204736 -0.849069 1.914915
-0.2173112 -0.8984253 1.896879
-0.05930528 -0.8966239 1.833289
9
-0.1013759 -0.4220921 2.139694
-0.1715804 -0.4229248 2.123421
-0.0278626 -0.4076502 2.086876
-0.2946451 -0.5096483 1.887005
-0.05278536 -0.492574 1.801384
-0.183963 -0.8793726 2.045307
0.02204736 -0.849069 1.914915
-0.2173112 -0.8984253 1.896879
-0.05930528 -0.8966239 1.833289
9
-0.1014383 -0.4370866 2.138646
-0.1724142 -0.4367492 2.123911
-0.02707566 -0.4235555 2.084252
-0.2968895 -0.5175421 1.885906
-0.05220873 -0.4952166 1.794438
-0.1845455 -0.8810478 2.042858
0.02121265 -0.8478179 1.915895
-0.2196525 -0.8991802 1.894763
-0.05791733 -0.8962343 1.832327
9
-0.1014383 -0.4370866 2.138646
-0.1724142 -0.4367492 2.123911
-0.02707566 -0.4235555 2.084252
-0.2968895 -0.5175421 1.885906
-0.05220873 -0.4952166 1.794438
-0.1845455 -0.8810478 2.042858
0.02121265 -0.8478179 1.915895
-0.2196525 -0.8991802 1.894763
-0.05791733 -0.8962343 1.832327
9
-0.1058095 -0.4633561 2.130311
-0.1770371 -0.4617423 2.115634
-0.03104991 -0.4499102 2.076192
-0.3074008 -0.5182759 1.872841
-0.05049203 -0.4979194 1.789192
-0.1822374 -0.88397 2.041846
0.02261296 -0.8456254 1.916891
-0.2198994 -0.8996926 1.893996
-0.0568985 -0.8963064 1.828302
9
-0.1058095 -0.4633561 2.130311
-0.1770371 -0.4617423 2.115634
-0.03104991 -0.4499102 2.076192
-0.3074008 -0.5182759 1.872841
-0.05049203 -0.4979194 1.789192
-0.1822374 -0.88397 2.041846
0.02261296 -0.8456254 1.916891
-0.2198994 -0.8996926 1.893996
-0.0568985 -0.8963064 1.828302
9
-0.1018669 -0.4689746 2.133298
-0.1739995 -0.468484 2.117726
-0.02613901 -0.4545535 2.080262
-0.3069306 -0.5180268 1.874723
-0.04887186 -0.4990217 1.780563
-0.182315 -0.8849171 2.041141
0.02476589 -0.843963 1.916509
-0.2556639 -0.8971938 1.911834
-0.05414556 -0.8962334 1.82803
9
-0.1018669 -0.4689746 2.133298
-0.1739995 -0.468484 2.117726
-0.02613901 -0.4545535 2.080262
-0.3069306 -0.5180268 1.874723
-0.04887186 -0.4990217 1.780563
-0.182315 -0.8849171 2.041141
0.02476589 -0.843963 1.916509
-0.2556639 -0.8971938 1.911834
-0.05414556 -0.8962334 1.82803
9
-0.06901076 -0.4899188 2.128498
-0.139325 -0.494932 2.11255
0.003716685 -0.4697163 2.075779
-0.3055922 -0.5197169 1.878532
-0.04627723 -0.5002486 1.773056
-0.1843206 -0.8906201 2.033953
0.0229386 -0.8508785 1.90524
-0.2507942 -0.9009623 1.899301
-0.05257871 -0.8967749 1.826871
9
-0.06901076 -0.4899188 2.128498
-0.139325 -0.494932 2.11255
0.003716685 -0.4697163 2.075779
-0.3055922 -0.5197169 1.878532
-0.04627723 -0.5002486 1.773056
-0.1843206 -0.8906201 2.033953
0.0229386 -0.8508785 1.90524
-0.2507942 -0.9009623 1.899301
-0.05257871 -0.8967749 1.826871
9
-0.07342678 -0.495268 2.129137
-0.1455324 -0.4996713 2.112356
0.0008542417 -0.4754786 2.077247
-0.3119023 -0.5270374 1.87246
-0.04430625 -0.5046773 1.768636
-0.1796795 -0.9042241 2.012564
0.02148305 -0.8498559 1.908048
-0.2590006 -0.9044637 1.885859
-0.05432941 -0.8959442 1.828464
9
-0.07342678 -0.495268 2.129137
-0.1455324 -0.4996713 2.112356
0.0008542417 -0.4754786 2.077247
-0.3119023 -0.5270374 1.87246
-0.04430625 -0.5046773 1.768636
-0.1796795 -0.9042241 2.012564
0.02148305 -0.8498559 1.908048
-0.2590006 -0.9044637 1.885859
-0.05432941 -0.8959442 1.828464
9
-0.07859789 -0.5040903 2.130596
-0.1515401 -0.5069098 2.113663
-0.003111597 -0.4854092 2.078941
-0.3169061 -0.5295123 1.866641
-0.04229292 -0.5052448 1.764932
-0.1919401 -0.8926666 2.028167
0.02069589 -0.8519591 1.905931
-0.2521286 -0.9032577 1.889706
-0.04928069 -0.896116 1.828667
9
-0.07859789 -0.5040903 2.130596
-0.1515401 -0.5069098 2.113663
-0.003111597 -0.4854092 2.078941
-0.3169061 -0.5295123 1.866641
-0.04229292 -0.5052448 1.764932
-0.1919401 -0.8926666 2.028167
0.02069589 -0.8519591 1.905931
-0.2521286 -0.9032577 1.889706
-0.04928069 -0.896116 1.828667
9
-0.07859789 -0.5040903 2.130596
-0.1515401 -0.5069098 2.113663
-0.003111597 -0.4854092 2.078941
-0.3169061 -0.5295123 1.866641
-0.04229292 -0.5052448 1.764932
-0.1919401 -0.8926666 2.028167
0.02069589 -0.8519591 1.905931
-0.2521286 -0.9032577 1.889706
-0.04928069 -0.896116 1.828667
9
-0.07859789 -0.5040903 2.130596
-0.1515401 -0.5069098 2.113663
-0.003111597 -0.4854092 2.078941
-0.3169061 -0.5295123 1.866641
-0.04229292 -0.5052448 1.764932
-0.1919401 -0.8926666 2.028167
0.02069589 -0.8519591 1.905931
-0.2521286 -0.9032577 1.889706
-0.04928069 -0.896116 1.828667
9
-0.08259167 -0.5203347 2.131806
-0.1565009 -0.5215345 2.114653
-0.005896424 -0.5025404 2.080505
-0.3212253 -0.5324716 1.861405
-0.04031298 -0.5045779 1.762372
-0.193861 -0.8922747 2.028601
0.01930862 -0.8531511 1.914896
-0.2335767 -0.9022044 1.880337
-0.03917439 -0.8931197 1.830678
9
-0.08259167 -0.5203347 2.131806
-0.1565009 -0.5215345 2.114653
-0.005896424 -0.5025404 2.080505
-0.3212253 -0.5324716 1.861405
-0.04031298 -0.5045779 1.762372
-0.193861 -0.8922747 2.028601
0.01930862 -0.8531511 1.914896
-0.2335767 -0.9022044 1.880337
-0.03917439 -0.8931197 1.830678
9
-0.08221041 -0.5269726 2.132908
-0.1563592 -0.5282758 2.115892
-0.005326735 -0.5088099 2.081512
-0.3263798 -0.5322034 1.854154
-0.03744566 -0.5063925 1.762966
-0.1980384 -0.8900265 2.026332
0.01332198 -0.858892 1.918725
-0.2475744 -0.9025177 1.882732
-0.03531636 -0.8951759 1.82494
9
-0.08221041 -0.5269726 2.132908
-0.1563592 -0.5282758 2.115892
-0.005326735 -0.5088099 2.081512
-0.3263798 -0.5322034 1.854154
-0.03744566 -0.5063925 1.762966
-0.1980384 -0.8900265 2.026332
0.01332198 -0.858892 1.918725
-0.2475744 -0.9025177 1.882732
-0.03531636 -0.8951759 1.82494
9
-0.08298983 -0.533658 2.133101
-0.1574493 -0.5348207 2.116061
-0.005785814 -0.5154193 2.081779
-0.3274221 -0.5341427 1.852761
-0.03691185 -0.5067927 1.760471
-0.1989796 -0.8906488 2.026197
0.01311412 -0.8588661 1.919773
-0.2236814 -0.9059033 1.874653
-0.03752542 -0.8963079 1.828533
9
-0.08298983 -0.533658 2.133101
-0.1574493 -0.5348207 2.116061
-0.005785814 -0.5154193 2.081779
-0.3274221 -0.5341427 1.852761
-0.03691185 -0.5067927 1.760471
-0.1989796 -0.8906488 2.026197
0.01311412 -0.8588661 1.919773
-0.2236814 -0.9059033 1.874653
-0.03752542 -0.8963079 1.828533
9
-0.08298983 -0.533658 2.133101
-0.1574493 -0.5348207 2.116061
-0.005785814 -0.5154193 2.081779
-0.3274221 -0.5341427 1.852761
-0.03691185 -0.5067927 1.760471
-0.1989796 -0.8906488 2.026197
0.01311412 -0.8588661 1.919773
-0.2236814 -0.9059033 1.874653
-0.03752542 -0.8963079 1.828533
9
-0.08298983 -0.533658 2.133101
-0.1574493 -0.5348207 2.116061
-0.005785814 -0.5154193 2.081779
-0.3274221 -0.5341427 1.852761
-0.03691185 -0.5067927 1.760471
-0.1989796 -0.8906488 2.026197
0.01311412 -0.8588661 1.919773
-0.2236814 -0.9059033 1.874653
-0.03752542 -0.8963079 1.828533
9
-0.08263069 -0.5414008 2.13385
-0.1573092 -0.5429546 2.117081
-0.005244897 -0.5225475 2.082329
-0.3295258 -0.5339387 1.85033
-0.03522033 -0.5061632 1.759562
-0.2014 -0.8897214 2.024845
0.01001099 -0.8624865 1.919227
-0.2316633 -0.9053099 1.874787
-0.03177674 -0.899933 1.821607
