40
9
-0.2279412 -0.5770169 1.934748
-0.2985253 -0.5691845 1.886423
-0.1486021 -0.5632496 1.910044
-0.2500389 -0.5309492 1.508638
-0.05511231 -0.4735629 1.561506
-0.3221991 -0.8150151 1.787509
-0.05549806 -0.7573487 1.763372
-0.3406534 -0.88546 1.712913
-0.0005093403 -0.8246031 1.731553
9
-0.2279412 -0.5770169 1.934748
-0.2985253 -0.5691845 1.886423
-0.1486021 -0.5632496 1.910044
-0.2500389 -0.5309492 1.508638
-0.05511231 -0.4735629 1.561506
-0.3221991 -0.8150151 1.787509
-0.05549806 -0.7573487 1.763372
-0.3406534 -0.88546 1.712913
-0.0005093403 -0.8246031 1.731553
9
-0.2279412 -0.5770169 1.934748
-0.2985253 -0.5691845 1.886423
-0.1486021 -0.5632496 1.910044
-0.2500389 -0.5309492 1.508638
-0.05511231 -0.4735629 1.561506
-0.3221991 -0.8150151 1.787509
-0.05549806 -0.7573487 1.763372
-0.3406534 -0.88546 1.712913
-0.0005093403 -0.8246031 1.731553
9
-0.2279412 -0.5770169 1.934748
-0.2985253 -0.5691845 1.886423
-0.1486021 -0.5632496 1.910044
-0.2500389 -0.5309492 1.508638
-0.05511231 -0.4735629 1.561506
-0.3221991 -0.8150151 1.787509
-0.05549806 -0.7573487 1.763372
-0.3406534 -0.88546 1.712913
-0.0005093403 -0.8246031 1.731553
9
-0.2279072 -0.5779172 1.935346
-0.298457 -0.5699869 1.887224
-0.1486255 -0.5641938 1.910449
-0.2494558 -0.5306329 1.509442
-0.05292128 -0.4726221 1.563026
-0.3222466 -0.815128 1.787743
-0.05614939 -0.7565905 1.764052
-0.3388946 -0.8817118 1.705024
-0.00110082 -0.8238512 1.731456
9
-0.2278521 -0.5784099 1.935647
-0.2983541 -0.5704428 1.887731
-0.1486259 -0.5647073 1.910579
-0.2490514 -0.530056 1.510298
-0.05142423 -0.4718407 1.563931
-0.322376 -0.8152831 1.78776
-0.0558144 -0.7569246 1.765026
-0.3465129 -0.8912582 1.734375
-0.001007147 -0.8243533 1.731637
9
-0.2278521 -0.5784099 1.935647
-0.2983541 -0.5704428 1.887731
-0.1486259 -0.5647073 1.910579
-0.2490514 -0.530056 1.510298
-0.05142423 -0.4718407 1.563931
-0.322376 -0.8152831 1.78776
-0.0558144 -0.7569246 1.765026
-0.3465129 -0.8912582 1.734375
-0.001007147 -0.8243533 1.731637
9
-0.2277907 -0.5787753 1.935843
-0.2982542 -0.5707715 1.888101
-0.1486079 -0.5651067 1.910627
-0.2494013 -0.5302519 1.510297
-0.04992396 -0.4716415 1.564577
-0.3224551 -0.8154661 1.787838
-0.0557044 -0.7570343 1.765684
-0.3481313 -0.892568 1.744788
-0.001480013 -0.8248232 1.733355
9
-0.2277907 -0.5787753 1.935843
-0.2982542 -0.5707715 1.888101
-0.1486079 -0.5651067 1.910627
-0.2494013 -0.5302519 1.510297
-0.04992396 -0.4716415 1.564577
-0.3224551 -0.8154661 1.787838
-0.0557044 -0.7570343 1.765684
-0.3481313 -0.892568 1.744788
-0.001480013 -0.8248232 1.733355
9
-0.2277667 -0.5791203 1.935994
-0.2982005 -0.5710803 1.888385
-0.1486221 -0.5654814 1.910655
-0.2496196 -0.5306262 1.510385
-0.04759211 -0.471987 1.56532
-0.319199 -0.8158903 1.788741
-0.05057724 -0.7603163 1.76938
-0.3130986 -0.844403 1.667321
0.0004785433 -0.8299983 1.734848
9
-0.2277667 -0.5791203 1.935994
-0.2982005 -0.5710803 1.888385
-0.1486221 -0.5654814 1.910655
-0.2496196 -0.5306262 1.510385
-0.04759211 -0.471987 1.56532
-0.319199 -0.8158903 1.788741
-0.05057724 -0.7603163 1.76938
-0.3130986 -0.844403 1.667321
0.0004785433 -0.8299983 1.734848
9
-0.2278001 -0.5797603 1.936439
-0.298117 -0.5715715 1.888558
-0.148849 -0.5662651 1.911472
-0.2502809 -0.5313418 1.510229
-0.04269876 -0.4740773 1.567394
-0.318328 -0.816524 1.789025
-0.04470438 -0.7679365 1.777278
-0.3144767 -0.8423983 1.666367
0.004239079 -0.8382751 1.734434
9
-0.2278165 -0.5799407 1.936556
-0.2980819 -0.5717357 1.888544
-0.1489545 -0.5664803 1.911798
-0.2517057 -0.5317543 1.510231
-0.04010852 -0.4756186 1.56825
-0.3183688 -0.8168547 1.789428
-0.0434672 -0.7689446 1.778252
-0.3160082 -0.8405232 1.66583
0.004169803 -0.8399956 1.735503
9
-0.2278165 -0.5799407 1.936556
-0.2980819 -0.5717357 1.888544
-0.1489545 -0.5664803 1.911798
-0.2517057 -0.5317543 1.510231
-0.04010852 -0.4756186 1.56825
-0.3183688 -0.8168547 1.789428
-0.0434672 -0.7689446 1.778252
-0.3160082 -0.8405232 1.66583
0.004169803 -0.8399956 1.735503
9
-0.2278165 -0.5799407 1.936556
-0.2980819 -0.5717357 1.888544
-0.1489545 -0.5664803 1.911798
-0.2517057 -0.5317543 1.510231
-0.04010852 -0.4756186 1.56825
-0.3183688 -0.8168547 1.789428
-0.0434672 -0.7689446 1.778252
-0.3160082 -0.8405232 1.66583
0.004169803 -0.8399956 1.735503
9
-0.2278165 -0.5799407 1.936556
-0.2980819 -0.5717357 1.888544
-0.1489545 -0.5664803 1.911798
-0.2517057 -0.5317543 1.510231
-0.04010852 -0.4756186 1.56825
-0.3183688 -0.8168547 1.789428
-0.0434672 -0.7689446 1.778252
-0.3160082 -0.8405232 1.66583
0.004169803 -0.8399956 1.735503
9
-0.2278304 -0.5800131 1.936573
-0.2980691 -0.5719305 1.888336
-0.1490206 -0.5665464 1.912046
-0.2522403 -0.5322697 1.509858
-0.03862155 -0.4762369 1.568872
-0.3179599 -0.8172771 1.789357
-0.04091865 -0.7710438 1.778539
-0.3168473 -0.8393772 1.665157
0.004070055 -0.8432896 1.73446
9
-0.2278304 -0.5800131 1.936573
-0.2980691 -0.5719305 1.888336
-0.1490206 -0.5665464 1.912046
-0.2522403 -0.5322697 1.509858
-0.03862155 -0.4762369 1.568872
-0.3179599 -0.8172771 1.789357
-0.04091865 -0.7710438 1.778539
-0.3168473 -0.8393772 1.665157
0.004070055 -0.8432896 1.73446
9
-0.2278425 -0.580016 1.936559
-0.2980683 -0.5719879 1.88806
-0.1490801 -0.5665078 1.912136
-0.2526688 -0.5329524 1.509377
-0.03798277 -0.4765924 1.569095
-0.3175165 -0.817862 1.789163
-0.04049032 -0.7744898 1.780101
-0.3174324 -0.838716 1.664524
0.006908011 -0.844981 1.732739
9
-0.2278425 -0.580016 1.936559
-0.2980683 -0.5719879 1.88806
-0.1490801 -0.5665078 1.912136
-0.2526688 -0.5329524 1.509377
-0.03798277 -0.4765924 1.569095
-0.3175165 -0.817862 1.789163
-0.04049032 -0.7744898 1.780101
-0.3174324 -0.838716 1.664524
0.006908011 -0.844981 1.732739
9
-0.2278589 -0.5799839 1.936509
-0.2980558 -0.571945 1.887707
-0.1491241 -0.5664359 1.912185
-0.2528626 -0.534062 1.508334
-0.03731078 -0.4778378 1.569047
-0.3166605 -0.8189475 1.788366
-0.04015915 -0.774856 1.780224
-0.3177353 -0.8384058 1.663281
0.007769898 -0.845131 1.733413
9
-0.2278589 -0.5799839 1.936509
-0.2980558 -0.571945 1.887707
-0.1491241 -0.5664359 1.912185
-0.2528626 -0.534062 1.508334
-0.03731078 -0.4778378 1.569047
-0.3166605 -0.8189475 1.788366
-0.04015915 -0.774856 1.780224
-0.3177353 -0.8384058 1.663281
0.007769898 -0.845131 1.733413
9
-0.2279092 -0.5798999 1.936431
-0.2981263 -0.5718339 1.887284
-0.1491947 -0.5662895 1.912266
-0.2529447 -0.5346482 1.507845
-0.03674297 -0.4783845 1.56917
-0.3161094 -0.8195246 1.78802
-0.03993769 -0.7750792 1.780156
-0.3179044 -0.8381736 1.662695
0.007937621 -0.845441 1.733777
9
-0.2279092 -0.5798999 1.936431
-0.2981263 -0.5718339 1.887284
-0.1491947 -0.5662895 1.912266
-0.2529447 -0.5346482 1.507845
-0.03674297 -0.4783845 1.56917
-0.3161094 -0.8195246 1.78802
-0.03993769 -0.7750792 1.780156
-0.3179044 -0.8381736 1.662695
0.007937621 -0.845441 1.733777
9
-0.2279651 -0.5797024 1.936252
-0.2981752 -0.5715801 1.886774
-0.1492546 -0.5660884 1.912271
-0.2528689 -0.5353194 1.507068
-0.03631167 -0.4786925 1.569215
-0.3153657 -0.820216 1.787363
-0.03958965 -0.7750888 1.780005
-0.3178825 -0.8379994 1.661794
0.007773325 -0.8457649 1.733888
9
-0.2279651 -0.5797024 1.936252
-0.2981752 -0.5715801 1.886774
-0.1492546 -0.5660884 1.912271
-0.2528689 -0.5353194 1.507068
-0.03631167 -0.4786925 1.569215
-0.3153657 -0.820216 1.787363
-0.03958965 -0.7750888 1.780005
-0.3178825 -0.8379994 1.661794
0.007773325 -0.8457649 1.733888
9
-0.2280531 -0.5794308 1.936063
-0.2982528 -0.5712453 1.886319
-0.1493483 -0.565829 1.912271
-0.2529511 -0.5358148 1.506494
-0.03588896 -0.4788008 1.569299
-0.315029 -0.8206491 1.786934
-0.03841599 -0.7765288 1.780064
-0.3179859 -0.8379099 1.661225
0.008374132 -0.847433 1.73362
9
-0.2280531 -0.5794308 1.936063
-0.2982528 -0.5712453 1.886319
-0.1493483 -0.565829 1.912271
-0.2529511 -0.5358148 1.506494
-0.03588896 -0.4788008 1.569299
-0.315029 -0.8206491 1.786934
-0.03841599 -0.7765288 1.780064
-0.3179859 -0.8379099 1.661225
0.008374132 -0.847433 1.73362
9
-0.228137 -0.5791698 1.935822
-0.2983162 -0.5709642 1.885838
-0.1494395 -0.565571 1.912217
-0.2529589 -0.5361437 1.506203
-0.03506579 -0.4790358 1.56944
-0.3147426 -0.8209498 1.78673
-0.03793008 -0.7774888 1.780724
-0.3180266 -0.8378527 1.66093
0.008219868 -0.8485913 1.733418
9
-0.228137 -0.5791698 1.935822
-0.2983162 -0.5709642 1.885838
-0.1494395 -0.565571 1.912217
-0.2529589 -0.5361437 1.506203
-0.03506579 -0.4790358 1.56944
-0.3147426 -0.8209498 1.78673
-0.03793008 -0.7774888 1.780724
-0.3180266 -0.8378527 1.66093
0.008219868 -0.8485913 1.733418
9
-0.228172 -0.5790469 1.93571
-0.2983638 -0.5708413 1.885336
-0.1494823 -0.5653669 1.912319
-0.253063 -0.5366595 1.50589
-0.03424167 -0.4794903 1.569682
-0.3145848 -0.8213603 1.786569
-0.03780308 -0.7774724 1.780706
-0.3181236 -0.8379545 1.660692
0.008092992 -0.8487234 1.733501
9
-0.228172 -0.5790469 1.93571
-0.2983638 -0.5708413 1.885336
-0.1494823 -0.5653669 1.912319
-0.253063 -0.5366595 1.50589
-0.03424167 -0.4794903 1.569682
-0.3145848 -0.8213603 1.786569
-0.03780308 -0.7774724 1.780706
-0.3181236 -0.8379545 1.660692
0.008092992 -0.8487234 1.733501
9
-0.2281916 -0.5788435 1.935561
-0.2983944 -0.5706207 1.884827
-0.1494932 -0.5651072 1.912408
-0.2528736 -0.537491 1.505547
-0.03318154 -0.4799366 1.569975
-0.3140757 -0.8221344 1.786342
-0.03766106 -0.7776517 1.780681
-0.3180004 -0.8383036 1.660367
0.008167226 -0.8489619 1.73366
9
-0.2281916 -0.5788435 1.935561
-0.2983944 -0.5706207 1.884827
-0.1494932 -0.5651072 1.912408
-0.2528736 -0.537491 1.505547
-0.03318154 -0.4799366 1.569975
-0.3140757 -0.8221344 1.786342
-0.03766106 -0.7776517 1.780681
-0.3180004 -0.8383036 1.660367
0.008167226 -0.8489619 1.73366
9
-0.2282144 -0.5787207 1.935451
-0.2984264 -0.5704823 1.884392
-0.1495132 -0.5649477 1.912495
-0.2526549 -0.5381753 1.505141
-0.03229831 -0.4804115 1.57023
-0.3135775 -0.8227893 1.786017
-0.03735078 -0.778459 1.781029
-0.3178246 -0.8386196 1.659969
0.008592736 -0.8496289 1.73357
9
-0.2282144 -0.5787207 1.935451
-0.2984264 -0.5704823 1.884392
-0.1495132 -0.5649477 1.912495
-0.2526549 -0.5381753 1.505141
-0.03229831 -0.4804115 1.57023
-0.3135775 -0.8227893 1.786017
-0.03735078 -0.778459 1.781029
-0.3178246 -0.8386196 1.659969
0.008592736 -0.8496289 1.73357
9
-0.2282256 -0.5785179 1.935274
-0.2984937 -0.5701752 1.883963
-0.1494915 -0.5648383 1.912505
-0.2523337 -0.539009 1.504896
-0.03040508 -0.4811883 1.570701
-0.3130093 -0.8235812 1.785857
-0.03704756 -0.7788872 1.781158
-0.3175684 -0.8390768 1.659737
0.008604061 -0.8501467 1.733346
9
-0.2282256 -0.5785179 1.935274
-0.2984937 -0.5701752 1.883963
-0.1494915 -0.5648383 1.912505
-0.2523337 -0.539009 1.504896
-0.03040508 -0.4811883 1.570701
-0.3130093 -0.8235812 1.785857
-0.03704756 -0.7788872 1.781158
-0.3175684 -0.8390768 1.659737
0.008604061 -0.8501467 1.733346
9
-0.2282511 -0.578397 1.935135
-0.2985429 -0.570071 1.883728
-0.1494914 -0.5647324 1.912488
-0.2519863 -0.5401783 1.504488
-0.0283871 -0.4816557 1.571006
-0.3124327 -0.8246791 1.785555
-0.03630734 -0.7802847 1.781713
-0.3172512 -0.8398619 1.659372
0.009148035 -0.8512925 1.731963
9
-0.2282511 -0.578397 1.935135
-0.2985429 -0.570071 1.883728
-0.1494914 -0.5647324 1.912488
-0.2519863 -0.5401783 1.504488
-0.0283871 -0.4816557 1.571006
-0.3124327 -0.8246791 1.785555
-0.03630734 -0.7802847 1.781713
-0.3172512 -0.8398619 1.659372
0.009148035 -0.8512925 1.731963
