40
9
-0.117809 -0.1181082 2.188557
-0.1836741 -0.1218513 2.182106
-0.04808513 -0.1106301 2.124876
-0.2142164 -0.4629379 2.139929
-0.04169697 -0.4472835 2.018283
-0.1480724 -0.7635536 2.160084
-0.01136362 -0.8212577 2.010263
-0.2136474 -0.8310656 2.053411
-0.08236752 -0.8848505 1.907565
9
-0.117809 -0.1181082 2.188557
-0.1836741 -0.1218513 2.182106
-0.04808513 -0.1106301 2.124876
-0.2142164 -0.4629379 2.139929
-0.04169697 -0.4472835 2.018283
-0.1480724 -0.7635536 2.160084
-0.01136362 -0.8212577 2.010263
-0.2136474 -0.8310656 2.053411
-0.08236752 -0.8848505 1.907565
9
-0.1250889 -0.1633322 2.196075
-0.1917831 -0.1660837 2.189857
-0.05431668 -0.1553404 2.132243
-0.2285326 -0.5052318 2.132202
-0.05070715 -0.4844227 1.998051
-0.1631761 -0.8054627 2.154824
-0.01311628 -0.82235 2.007779
-0.2296991 -0.8602633 2.038245
-0.06620323 -0.885394 1.898431
9
-0.1250889 -0.1633322 2.196075
-0.1917831 -0.1660837 2.189857
-0.05431668 -0.1553404 2.132243
-0.2285326 -0.5052318 2.132202
-0.05070715 -0.4844227 1.998051
-0.1631761 -0.8054627 2.154824
-0.01311628 -0.82235 2.007779
-0.2296991 -0.8602633 2.038245
-0.06620323 -0.885394 1.898431
9
-0.1242357 -0.1726712 2.198299
-0.1910991 -0.1765271 2.191253
-0.05333564 -0.1634977 2.135267
-0.236275 -0.5138999 2.125698
-0.05716126 -0.4896764 1.992172
-0.1787888 -0.8167125 2.137978
-0.01422342 -0.8233609 2.005323
-0.2445218 -0.8729152 2.022363
-0.06880004 -0.8868226 1.897457
9
-0.1242357 -0.1726712 2.198299
-0.1910991 -0.1765271 2.191253
-0.05333564 -0.1634977 2.135267
-0.236275 -0.5138999 2.125698
-0.05716126 -0.4896764 1.992172
-0.1787888 -0.8167125 2.137978
-0.01422342 -0.8233609 2.005323
-0.2445218 -0.8729152 2.022363
-0.06880004 -0.8868226 1.897457
9
-0.1242357 -0.1726712 2.198299
-0.1910991 -0.1765271 2.191253
-0.05333564 -0.1634977 2.135267
-0.236275 -0.5138999 2.125698
-0.05716126 -0.4896764 1.992172
-0.1787888 -0.8167125 2.137978
-0.01422342 -0.8233609 2.005323
-0.2445218 -0.8729152 2.022363
-0.06880004 -0.8868226 1.897457
9
-0.1242357 -0.1726712 2.198299
-0.1910991 -0.1765271 2.191253
-0.05333564 -0.1634977 2.135267
-0.236275 -0.5138999 2.125698
-0.05716126 -0.4896764 1.992172
-0.1787888 -0.8167125 2.137978
-0.01422342 -0.8233609 2.005323
-0.2445218 -0.8729152 2.022363
-0.06880004 -0.8868226 1.897457
9
-0.1182328 -0.2386453 2.196888
-0.1850646 -0.2424414 2.187755
-0.04756683 -0.227257 2.136179
-0.2567879 -0.5710658 2.098098
-0.07605012 -0.5374975 1.958085
-0.18367 -0.8677295 2.130987
-0.01443235 -0.8352517 1.998867
-0.2585241 -0.8950415 2.005924
-0.08080223 -0.8934116 1.897459
9
-0.1182328 -0.2386453 2.196888
-0.1850646 -0.2424414 2.187755
-0.04756683 -0.227257 2.136179
-0.2567879 -0.5710658 2.098098
-0.07605012 -0.5374975 1.958085
-0.18367 -0.8677295 2.130987
-0.01443235 -0.8352517 1.998867
-0.2585241 -0.8950415 2.005924
-0.08080223 -0.8934116 1.897459
9
-0.120757 -0.2612504 2.227923
-0.1880121 -0.2622769 2.217342
-0.04961389 -0.2521878 2.168798
-0.2605406 -0.5774778 2.089078
-0.08148591 -0.5395254 1.950636
-0.1879601 -0.8720807 2.133947
-0.01592193 -0.835907 1.99424
-0.2610442 -0.8959335 2.00613
-0.08720993 -0.8956217 1.89746
9
-0.120757 -0.2612504 2.227923
-0.1880121 -0.2622769 2.217342
-0.04961389 -0.2521878 2.168798
-0.2605406 -0.5774778 2.089078
-0.08148591 -0.5395254 1.950636
-0.1879601 -0.8720807 2.133947
-0.01592193 -0.835907 1.99424
-0.2610442 -0.8959335 2.00613
-0.08720993 -0.8956217 1.89746
9
-0.1144965 -0.2996025 2.237689
-0.1788915 -0.3006566 2.230735
-0.04628353 -0.28951 2.175247
-0.263248 -0.5661008 2.086054
-0.09797767 -0.4434489 1.914564
-0.2042565 -0.8623849 2.137088
-0.01760149 -0.8295203 1.992737
-0.2652532 -0.8952651 2.004538
-0.08872154 -0.8962339 1.891222
9
-0.1144965 -0.2996025 2.237689
-0.1788915 -0.3006566 2.230735
-0.04628353 -0.28951 2.175247
-0.263248 -0.5661008 2.086054
-0.09797767 -0.4434489 1.914564
-0.2042565 -0.8623849 2.137088
-0.01760149 -0.8295203 1.992737
-0.2652532 -0.8952651 2.004538
-0.08872154 -0.8962339 1.891222
9
-0.1144965 -0.2996025 2.237689
-0.1788915 -0.3006566 2.230735
-0.04628353 -0.28951 2.175247
-0.263248 -0.5661008 2.086054
-0.09797767 -0.4434489 1.914564
-0.2042565 -0.8623849 2.137088
-0.01760149 -0.8295203 1.992737
-0.2652532 -0.8952651 2.004538
-0.08872154 -0.8962339 1.891222
9
-0.1144965 -0.2996025 2.237689
-0.1788915 -0.3006566 2.230735
-0.04628353 -0.28951 2.175247
-0.263248 -0.5661008 2.086054
-0.09797767 -0.4434489 1.914564
-0.2042565 -0.8623849 2.137088
-0.01760149 -0.8295203 1.992737
-0.2652532 -0.8952651 2.004538
-0.08872154 -0.8962339 1.891222
9
-0.07016299 -0.3545816 2.235127
-0.1366691 -0.3600414 2.228601
-0.001401955 -0.3380973 2.172206
-0.3204081 -0.4709301 2.033244
-0.1072879 -0.4602637 1.902769
-0.1696667 -0.8420216 2.145293
-0.02019149 -0.8326638 1.987271
-0.2435606 -0.88148 2.025015
-0.0940779 -0.8973534 1.886514
9
-0.07016299 -0.3545816 2.235127
-0.1366691 -0.3600414 2.228601
-0.001401955 -0.3380973 2.172206
-0.3204081 -0.4709301 2.033244
-0.1072879 -0.4602637 1.902769
-0.1696667 -0.8420216 2.145293
-0.02019149 -0.8326638 1.987271
-0.2435606 -0.88148 2.025015
-0.0940779 -0.8973534 1.886514
9
-0.07075564 -0.3704021 2.237952
-0.1378619 -0.3759414 2.232509
-0.00140012 -0.3534553 2.174067
-0.321727 -0.4846382 2.02956
-0.1161851 -0.4709947 1.894403
-0.2545506 -0.889316 2.089942
-0.02189011 -0.8356005 1.981242
-0.2672287 -0.9071881 1.970896
-0.09902673 -0.8980971 1.881783
9
-0.07075564 -0.3704021 2.237952
-0.1378619 -0.3759414 2.232509
-0.00140012 -0.3534553 2.174067
-0.321727 -0.4846382 2.02956
-0.1161851 -0.4709947 1.894403
-0.2545506 -0.889316 2.089942
-0.02189011 -0.8356005 1.981242
-0.2672287 -0.9071881 1.970896
-0.09902673 -0.8980971 1.881783
9
-0.07075564 -0.3704021 2.237952
-0.1378619 -0.3759414 2.232509
-0.00140012 -0.3534553 2.174067
-0.321727 -0.4846382 2.02956
-0.1161851 -0.4709947 1.894403
-0.2545506 -0.889316 2.089942
-0.02189011 -0.8356005 1.981242
-0.2672287 -0.9071881 1.970896
-0.09902673 -0.8980971 1.881783
9
-0.08058673 -0.4422387 2.238755
-0.1505919 -0.4477454 2.234587
-0.00801385 -0.4230984 2.173944
-0.3301885 -0.5036429 2.012963
-0.1315124 -0.4973173 1.879452
-0.2593119 -0.8993124 2.086118
-0.03818248 -0.8729551 1.939459
-0.2486362 -0.9054692 1.928638
-0.1076455 -0.9064089 1.866158
9
-0.08058673 -0.4422387 2.238755
-0.1505919 -0.4477454 2.234587
-0.00801385 -0.4230984 2.173944
-0.3301885 -0.5036429 2.012963
-0.1315124 -0.4973173 1.879452
-0.2593119 -0.8993124 2.086118
-0.03818248 -0.8729551 1.939459
-0.2486362 -0.9054692 1.928638
-0.1076455 -0.9064089 1.866158
9
-0.0812986 -0.4641309 2.23664
-0.1515953 -0.4699749 2.232125
-0.008424837 -0.4440123 2.172297
-0.3342385 -0.5091688 2.007451
-0.1343965 -0.5008374 1.876011
-0.239527 -0.8803545 2.09982
-0.0382152 -0.8728638 1.939504
-0.2927246 -0.8999023 1.960938
-0.1073175 -0.9064678 1.865778
9
-0.0812986 -0.4641309 2.23664
-0.1515953 -0.4699749 2.232125
-0.008424837 -0.4440123 2.172297
-0.3342385 -0.5091688 2.007451
-0.1343965 -0.5008374 1.876011
-0.239527 -0.8803545 2.09982
-0.0382152 -0.8728638 1.939504
-0.2927246 -0.8999023 1.960938
-0.1073175 -0.9064678 1.865778
9
-0.0812986 -0.4641309 2.23664
-0.1515953 -0.4699749 2.232125
-0.008424837 -0.4440123 2.172297
-0.3342385 -0.5091688 2.007451
-0.1343965 -0.5008374 1.876011
-0.239527 -0.8803545 2.09982
-0.0382152 -0.8728638 1.939504
-0.2927246 -0.8999023 1.960938
-0.1073175 -0.9064678 1.865778
9
-0.0812986 -0.4641309 2.23664
-0.1515953 -0.4699749 2.232125
-0.008424837 -0.4440123 2.172297
-0.3342385 -0.5091688 2.007451
-0.1343965 -0.5008374 1.876011
-0.239527 -0.8803545 2.09982
-0.0382152 -0.8728638 1.939504
-0.2927246 -0.8999023 1.960938
-0.1073175 -0.9064678 1.865778
9
-0.09639261 -0.5348206 2.222906
-0.1701979 -0.5394574 2.220791
-0.01952774 -0.5137326 2.156671
-0.3517819 -0.5252459 1.98851
-0.1504065 -0.5081517 1.856179
-0.2421746 -0.8799005 2.099361
-0.04612032 -0.8744245 1.930318
-0.2872508 -0.9017715 1.95496
-0.1214533 -0.911221 1.838555
9
-0.09639261 -0.5348206 2.222906
-0.1701979 -0.5394574 2.220791
-0.01952774 -0.5137326 2.156671
-0.3517819 -0.5252459 1.98851
-0.1504065 -0.5081517 1.856179
-0.2421746 -0.8799005 2.099361
-0.04612032 -0.8744245 1.930318
-0.2872508 -0.9017715 1.95496
-0.1214533 -0.911221 1.838555
9
-0.09639261 -0.5348206 2.222906
-0.1701979 -0.5394574 2.220791
-0.01952774 -0.5137326 2.156671
-0.3517819 -0.5252459 1.98851
-0.1504065 -0.5081517 1.856179
-0.2421746 -0.8799005 2.099361
-0.04612032 -0.8744245 1.930318
-0.2872508 -0.9017715 1.95496
-0.1214533 -0.911221 1.838555
9
-0.09817687 -0.5521544 2.218535
-0.1717352 -0.5568534 2.216542
-0.02150053 -0.5304785 2.152313
-0.3544227 -0.529201 1.986055
-0.1561582 -0.5071803 1.847314
-0.2453277 -0.8814898 2.098415
-0.04849915 -0.8759105 1.92804
-0.2405699 -0.9021926 1.943662
-0.1201653 -0.9106138 1.839993
9
-0.09817687 -0.5521544 2.218535
-0.1717352 -0.5568534 2.216542
-0.02150053 -0.5304785 2.152313
-0.3544227 -0.529201 1.986055
-0.1561582 -0.5071803 1.847314
-0.2453277 -0.8814898 2.098415
-0.04849915 -0.8759105 1.92804
-0.2405699 -0.9021926 1.943662
-0.1201653 -0.9106138 1.839993
9
-0.09817687 -0.5521544 2.218535
-0.1717352 -0.5568534 2.216542
-0.02150053 -0.5304785 2.152313
-0.3544227 -0.529201 1.986055
-0.1561582 -0.5071803 1.847314
-0.2453277 -0.8814898 2.098415
-0.04849915 -0.8759105 1.92804
-0.2405699 -0.9021926 1.943662
-0.1201653 -0.9106138 1.839993
9
-0.09817687 -0.5521544 2.218535
-0.1717352 -0.5568534 2.216542
-0.02150053 -0.5304785 2.152313
-0.3544227 -0.529201 1.986055
-0.1561582 -0.5071803 1.847314
-0.2453277 -0.8814898 2.098415
-0.04849915 -0.8759105 1.92804
-0.2405699 -0.9021926 1.943662
-0.1201653 -0.9106138 1.839993
9
-0.09817687 -0.5521544 2.218535
-0.1717352 -0.5568534 2.216542
-0.02150053 -0.5304785 2.152313
-0.3544227 -0.529201 1.986055
-0.1561582 -0.5071803 1.847314
-0.2453277 -0.8814898 2.098415
-0.04849915 -0.8759105 1.92804
-0.2405699 -0.9021926 1.943662
-0.1201653 -0.9106138 1.839993
9
-0.09817687 -0.5521544 2.218535
-0.1717352 -0.5568534 2.216542
-0.02150053 -0.5304785 2.152313
-0.3544227 -0.529201 1.986055
-0.1561582 -0.5071803 1.847314
-0.2453277 -0.8814898 2.098415
-0.04849915 -0.8759105 1.92804
-0.2405699 -0.9021926 1.943662
-0.1201653 -0.9106138 1.839993
9
-0.09817687 -0.5521544 2.218535
-0.1717352 -0.5568534 2.216542
-0.02150053 -0.5304785 2.152313
-0.3544227 -0.529201 1.986055
-0.1561582 -0.5071803 1.847314
-0.2453277 -0.8814898 2.098415
-0.04849915 -0.8759105 1.92804
-0.2405699 -0.9021926 1.943662
-0.1201653 -0.9106138 1.839993
9
-0.1009608 -0.6186152 2.212939
-0.1758043 -0.6217563 2.215569
-0.02292112 -0.5965455 2.142608
-0.3662901 -0.5590776 1.985712
-0.1656266 -0.5610171 1.826707
-0.2588571 -0.906673 2.100029
-0.05619498 -0.8933004 1.899367
-0.3002378 -0.9033505 1.949558
-0.1247397 -0.9224933 1.821507
9
-0.1009608 -0.6186152 2.212939
-0.1758043 -0.6217563 2.215569
-0.02292112 -0.5965455 2.142608
-0.3662901 -0.5590776 1.985712
-0.1656266 -0.5610171 1.826707
-0.2588571 -0.906673 2.100029
-0.05619498 -0.8933004 1.899367
-0.3002378 -0.9033505 1.949558
-0.1247397 -0.9224933 1.821507
9
-0.09624495 -0.6186062 2.212887
-0.1701001 -0.6222213 2.215892
-0.019167 -0.5961493 2.142247
-0.3686487 -0.5630725 1.985966
-0.1643969 -0.5622277 1.827895
-0.2618568 -0.9111683 2.100511
-0.05690031 -0.8839253 1.906981
-0.2562167 -0.9108612 1.942067
-0.1164425 -0.9209573 1.824571
