40
9
-0.1317092 -0.5891527 1.876657
-0.2062185 -0.579507 1.857485
-0.05195354 -0.5758305 1.822705
-0.4387615 -0.518275 1.583476
-0.009620946 -0.4981704 1.460788
-0.2698825 -0.7524321 1.870909
-0.003443624 -0.8003303 1.726527
-0.2903166 -0.7965103 1.737857
-0.02876969 -0.842512 1.593936
9
-0.1317092 -0.5891527 1.876657
-0.2062185 -0.579507 1.857485
-0.05195354 -0.5758305 1.822705
-0.4387615 -0.518275 1.583476
-0.009620946 -0.4981704 1.460788
-0.2698825 -0.7524321 1.870909
-0.003443624 -0.8003303 1.726527
-0.2903166 -0.7965103 1.737857
-0.02876969 -0.842512 1.593936
9
-0.1317092 -0.5891527 1.876657
-0.2062185 -0.579507 1.857485
-0.05195354 -0.5758305 1.822705
-0.4387615 -0.518275 1.583476
-0.009620946 -0.4981704 1.460788
-0.2698825 -0.7524321 1.870909
-0.003443624 -0.8003303 1.726527
-0.2903166 -0.7965103 1.737857
-0.02876969 -0.842512 1.593936
9
-0.1317092 -0.5891527 1.876657
-0.2062185 -0.579507 1.857485
-0.05195354 -0.5758305 1.822705
-0.4387615 -0.518275 1.583476
-0.009620946 -0.4981704 1.460788
-0.2698825 -0.7524321 1.870909
-0.003443624 -0.8003303 1.726527
-0.2903166 -0.7965103 1.737857
-0.02876969 -0.842512 1.593936
9
-0.1259923 -0.5877242 1.873213
-0.2005294 -0.5776926 1.854171
-0.04642431 -0.5747983 1.819122
-0.4346697 -0.514304 1.58207
-0.00813087 -0.4988587 1.456387
-0.2801705 -0.7631656 1.864874
-0.003504656 -0.8006802 1.725187
-0.3013007 -0.8078924 1.732665
-0.02971504 -0.843693 1.593338
9
-0.1259923 -0.5877242 1.873213
-0.2005294 -0.5776926 1.854171
-0.04642431 -0.5747983 1.819122
-0.4346697 -0.514304 1.58207
-0.00813087 -0.4988587 1.456387
-0.2801705 -0.7631656 1.864874
-0.003504656 -0.8006802 1.725187
-0.3013007 -0.8078924 1.732665
-0.02971504 -0.843693 1.593338
9
-0.1233204 -0.5871936 1.871828
-0.1976499 -0.5769248 1.853199
-0.04399061 -0.574496 1.817286
-0.4324195 -0.5125195 1.58189
-0.00712967 -0.4997082 1.454165
-0.280565 -0.7628406 1.864733
-0.004486417 -0.8014768 1.723918
-0.3019348 -0.807817 1.732735
-0.03092483 -0.8447121 1.59229
9
-0.1233204 -0.5871936 1.871828
-0.1976499 -0.5769248 1.853199
-0.04399061 -0.574496 1.817286
-0.4324195 -0.5125195 1.58189
-0.00712967 -0.4997082 1.454165
-0.280565 -0.7628406 1.864733
-0.004486417 -0.8014768 1.723918
-0.3019348 -0.807817 1.732735
-0.03092483 -0.8447121 1.59229
9
-0.1208574 -0.5871362 1.869797
-0.1953727 -0.5766903 1.851592
-0.04145405 -0.5746241 1.814803
-0.430251 -0.5102247 1.580822
-0.00621438 -0.5003385 1.451418
-0.2821287 -0.7627866 1.863527
-0.005367596 -0.8019921 1.723387
-0.3037937 -0.8079568 1.731742
-0.03211485 -0.8454143 1.591972
9
-0.1208574 -0.5871362 1.869797
-0.1953727 -0.5766903 1.851592
-0.04145405 -0.5746241 1.814803
-0.430251 -0.5102247 1.580822
-0.00621438 -0.5003385 1.451418
-0.2821287 -0.7627866 1.863527
-0.005367596 -0.8019921 1.723387
-0.3037937 -0.8079568 1.731742
-0.03211485 -0.8454143 1.591972
9
-0.1191878 -0.5873421 1.868596
-0.1935184 -0.5767192 1.850687
-0.04000512 -0.5749947 1.813288
-0.4279769 -0.5075964 1.580113
-0.005954898 -0.5012978 1.44967
-0.2883082 -0.7671997 1.860553
-0.01251601 -0.804246 1.716752
-0.3102619 -0.812501 1.72906
-0.03952488 -0.8477954 1.585617
9
-0.1191878 -0.5873421 1.868596
-0.1935184 -0.5767192 1.850687
-0.04000512 -0.5749947 1.813288
-0.4279769 -0.5075964 1.580113
-0.005954898 -0.5012978 1.44967
-0.2883082 -0.7671997 1.860553
-0.01251601 -0.804246 1.716752
-0.3102619 -0.812501 1.72906
-0.03952488 -0.8477954 1.585617
9
-0.11794 -0.5875357 1.867494
-0.1922051 -0.5767087 1.849584
-0.03888475 -0.575364 1.81221
-0.4264718 -0.5064286 1.579085
-0.005943663 -0.5020182 1.448418
-0.2957979 -0.7717001 1.85831
-0.015734 -0.8067234 1.713509
-0.3179281 -0.8171572 1.727099
-0.04299145 -0.8504418 1.582635
9
-0.11794 -0.5875357 1.867494
-0.1922051 -0.5767087 1.849584
-0.03888475 -0.575364 1.81221
-0.4264718 -0.5064286 1.579085
-0.005943663 -0.5020182 1.448418
-0.2957979 -0.7717001 1.85831
-0.015734 -0.8067234 1.713509
-0.3179281 -0.8171572 1.727099
-0.04299145 -0.8504418 1.582635
9
-0.1163056 -0.5877325 1.866865
-0.1903668 -0.5767887 1.848832
-0.03752324 -0.5756447 1.81171
-0.4242424 -0.5056746 1.578126
-0.006592269 -0.5029172 1.447616
-0.3243305 -0.7994184 1.840977
-0.0168701 -0.8074138 1.712902
-0.3461307 -0.8446274 1.710291
0.04341957 -0.8466918 1.736359
9
-0.1163056 -0.5877325 1.866865
-0.1903668 -0.5767887 1.848832
-0.03752324 -0.5756447 1.81171
-0.4242424 -0.5056746 1.578126
-0.006592269 -0.5029172 1.447616
-0.3243305 -0.7994184 1.840977
-0.0168701 -0.8074138 1.712902
-0.3461307 -0.8446274 1.710291
0.04341957 -0.8466918 1.736359
9
-0.1152806 -0.5878747 1.866271
-0.1892782 -0.5767462 1.848246
-0.03659822 -0.5759563 1.811114
-0.4223608 -0.5047044 1.576982
-0.007287998 -0.5035139 1.446828
-0.2616976 -0.7348726 1.871573
-0.01494466 -0.8095527 1.725775
-0.2848084 -0.781487 1.740438
0.05027035 -0.8692366 1.692368
9
-0.1152806 -0.5878747 1.866271
-0.1892782 -0.5767462 1.848246
-0.03659822 -0.5759563 1.811114
-0.4223608 -0.5047044 1.576982
-0.007287998 -0.5035139 1.446828
-0.2616976 -0.7348726 1.871573
-0.01494466 -0.8095527 1.725775
-0.2848084 -0.781487 1.740438
0.05027035 -0.8692366 1.692368
9
-0.1144535 -0.5879453 1.865895
-0.188353 -0.576658 1.847907
-0.03588806 -0.5761711 1.810707
-0.4209163 -0.5035993 1.576386
-0.007884256 -0.5045353 1.44616
-0.2619367 -0.734785 1.871025
-0.01401837 -0.8091829 1.72468
-0.2536781 -0.8043615 1.891313
0.0542537 -0.8628429 1.669261
9
-0.1144535 -0.5879453 1.865895
-0.188353 -0.576658 1.847907
-0.03588806 -0.5761711 1.810707
-0.4209163 -0.5035993 1.576386
-0.007884256 -0.5045353 1.44616
-0.2619367 -0.734785 1.871025
-0.01401837 -0.8091829 1.72468
-0.2536781 -0.8043615 1.891313
0.0542537 -0.8628429 1.669261
9
-0.1139607 -0.5879738 1.865507
-0.1878088 -0.5765174 1.847459
-0.03545174 -0.5763494 1.810367
-0.4200974 -0.5033789 1.575682
-0.008359809 -0.5054302 1.445613
-0.2715715 -0.7460352 1.866333
-0.01309456 -0.8083126 1.722997
-0.2947289 -0.7927769 1.735574
0.05637567 -0.8605186 1.666812
9
-0.1139607 -0.5879738 1.865507
-0.1878088 -0.5765174 1.847459
-0.03545174 -0.5763494 1.810367
-0.4200974 -0.5033789 1.575682
-0.008359809 -0.5054302 1.445613
-0.2715715 -0.7460352 1.866333
-0.01309456 -0.8083126 1.722997
-0.2947289 -0.7927769 1.735574
0.05637567 -0.8605186 1.666812
9
-0.1139607 -0.5879738 1.865507
-0.1878088 -0.5765174 1.847459
-0.03545174 -0.5763494 1.810367
-0.4200974 -0.5033789 1.575682
-0.008359809 -0.5054302 1.445613
-0.2715715 -0.7460352 1.866333
-0.01309456 -0.8083126 1.722997
-0.2947289 -0.7927769 1.735574
0.05637567 -0.8605186 1.666812
9
-0.1139607 -0.5879738 1.865507
-0.1878088 -0.5765174 1.847459
-0.03545174 -0.5763494 1.810367
-0.4200974 -0.5033789 1.575682
-0.008359809 -0.5054302 1.445613
-0.2715715 -0.7460352 1.866333
-0.01309456 -0.8083126 1.722997
-0.2947289 -0.7927769 1.735574
0.05637567 -0.8605186 1.666812
9
-0.1131702 -0.5877943 1.8646
-0.1869392 -0.5759917 1.846257
-0.03476197 -0.5764406 1.809696
-0.4195191 -0.503261 1.574634
-0.00851688 -0.5065346 1.44469
-0.2660342 -0.7394217 1.868089
-0.01143278 -0.8085375 1.721644
-0.2574835 -0.8090494 1.888198
0.06041633 -0.8562159 1.660349
9
-0.1131702 -0.5877943 1.8646
-0.1869392 -0.5759917 1.846257
-0.03476197 -0.5764406 1.809696
-0.4195191 -0.503261 1.574634
-0.00851688 -0.5065346 1.44469
-0.2660342 -0.7394217 1.868089
-0.01143278 -0.8085375 1.721644
-0.2574835 -0.8090494 1.888198
0.06041633 -0.8562159 1.660349
9
-0.1131702 -0.5877943 1.8646
-0.1869392 -0.5759917 1.846257
-0.03476197 -0.5764406 1.809696
-0.4195191 -0.503261 1.574634
-0.00851688 -0.5065346 1.44469
-0.2660342 -0.7394217 1.868089
-0.01143278 -0.8085375 1.721644
-0.2574835 -0.8090494 1.888198
0.06041633 -0.8562159 1.660349
9
-0.1131702 -0.5877943 1.8646
-0.1869392 -0.5759917 1.846257
-0.03476197 -0.5764406 1.809696
-0.4195191 -0.503261 1.574634
-0.00851688 -0.5065346 1.44469
-0.2660342 -0.7394217 1.868089
-0.01143278 -0.8085375 1.721644
-0.2574835 -0.8090494 1.888198
0.06041633 -0.8562159 1.660349
9
-0.1118338 -0.58697 1.863639
-0.1854719 -0.5745254 1.844792
-0.03360732 -0.5761257 1.809128
-0.4179124 -0.503753 1.572496
-0.008807821 -0.5071075 1.443854
-0.2740485 -0.7459476 1.865578
-0.01185086 -0.8091335 1.721359
-0.2961865 -0.7930759 1.734786
0.0659157 -0.8476359 1.656638
9
-0.1118338 -0.58697 1.863639
-0.1854719 -0.5745254 1.844792
-0.03360732 -0.5761257 1.809128
-0.4179124 -0.503753 1.572496
-0.008807821 -0.5071075 1.443854
-0.2740485 -0.7459476 1.865578
-0.01185086 -0.8091335 1.721359
-0.2961865 -0.7930759 1.734786
0.0659157 -0.8476359 1.656638
9
-0.1107548 -0.5862262 1.86292
-0.1843745 -0.5732651 1.84358
-0.03260098 -0.5758135 1.808798
-0.4160432 -0.5047829 1.569945
-0.00945037 -0.5086337 1.443081
-0.2878301 -0.7600815 1.8588
-0.0118775 -0.8103894 1.722645
-0.3090537 -0.8070301 1.72801
0.02612461 -0.8844193 1.709042
9
-0.1107548 -0.5862262 1.86292
-0.1843745 -0.5732651 1.84358
-0.03260098 -0.5758135 1.808798
-0.4160432 -0.5047829 1.569945
-0.00945037 -0.5086337 1.443081
-0.2878301 -0.7600815 1.8588
-0.0118775 -0.8103894 1.722645
-0.3090537 -0.8070301 1.72801
0.02612461 -0.8844193 1.709042
9
-0.1084508 -0.5844409 1.861606
-0.1822878 -0.5710265 1.841928
-0.03023176 -0.5745822 1.807856
-0.4136052 -0.5054323 1.567228
-0.01037177 -0.5099875 1.441491
-0.2685348 -0.7384687 1.866777
-0.01284666 -0.8114843 1.722914
-0.2894092 -0.7858452 1.735628
-0.03842588 -0.8565618 1.592401
9
-0.1084508 -0.5844409 1.861606
-0.1822878 -0.5710265 1.841928
-0.03023176 -0.5745822 1.807856
-0.4136052 -0.5054323 1.567228
-0.01037177 -0.5099875 1.441491
-0.2685348 -0.7384687 1.866777
-0.01284666 -0.8114843 1.722914
-0.2894092 -0.7858452 1.735628
-0.03842588 -0.8565618 1.592401
9
-0.1075816 -0.5824094 1.860014
-0.181631 -0.5680056 1.839465
-0.02931955 -0.5734442 1.806984
-0.4119086 -0.5065081 1.562846
-0.01107213 -0.5108789 1.440193
-0.2641534 -0.7358067 1.863973
-0.01146034 -0.8120083 1.722081
-0.2840526 -0.7830944 1.732463
-0.03602062 -0.8569609 1.591232
9
-0.1075816 -0.5824094 1.860014
-0.181631 -0.5680056 1.839465
-0.02931955 -0.5734442 1.806984
-0.4119086 -0.5065081 1.562846
-0.01107213 -0.5108789 1.440193
-0.2641534 -0.7358067 1.863973
-0.01146034 -0.8120083 1.722081
-0.2840526 -0.7830944 1.732463
-0.03602062 -0.8569609 1.591232
9
-0.1054444 -0.5783216 1.85826
-0.1798139 -0.5631236 1.836937
-0.02700996 -0.5703418 1.805979
-0.4083924 -0.5062883 1.557741
-0.01124467 -0.5121398 1.438381
-0.2637153 -0.7346519 1.860857
-0.006665469 -0.8108664 1.709799
-0.2823185 -0.7818998 1.729
-0.0300231 -0.855705 1.578638
9
-0.1054444 -0.5783216 1.85826
-0.1798139 -0.5631236 1.836937
-0.02700996 -0.5703418 1.805979
-0.4083924 -0.5062883 1.557741
-0.01124467 -0.5121398 1.438381
-0.2637153 -0.7346519 1.860857
-0.006665469 -0.8108664 1.709799
-0.2823185 -0.7818998 1.729
-0.0300231 -0.855705 1.578638
9
-0.1054444 -0.5783216 1.85826
-0.1798139 -0.5631236 1.836937
-0.02700996 -0.5703418 1.805979
-0.4083924 -0.5062883 1.557741
-0.01124467 -0.5121398 1.438381
-0.2637153 -0.7346519 1.860857
-0.006665469 -0.8108664 1.709799
-0.2823185 -0.7818998 1.729
-0.0300231 -0.855705 1.578638
9
-0.1054444 -0.5783216 1.85826
-0.1798139 -0.5631236 1.836937
-0.02700996 -0.5703418 1.805979
-0.4083924 -0.5062883 1.557741
-0.01124467 -0.5121398 1.438381
-0.2637153 -0.7346519 1.860857
-0.006665469 -0.8108664 1.709799
-0.2823185 -0.7818998 1.729
-0.0300231 -0.855705 1.578638
