40
9
0.09908884 -0.3547243 2.211221
0.03632415 -0.3426732 2.138879
0.1585557 -0.3552978 2.211669
0.02237804 -0.6800311 1.987809
0.2294939 -0.7096449 2.226599
-0.06810462 -1.012609 2.072988
0.1237425 -1.004619 2.263608
-0.03451678 -1.065692 1.981797
0.2386238 -1.04842 2.233751
9
0.09908884 -0.3547243 2.211221
0.03632415 -0.3426732 2.138879
0.1585557 -0.3552978 2.211669
0.02237804 -0.6800311 1.987809
0.2294939 -0.7096449 2.226599
-0.06810462 -1.012609 2.072988
0.1237425 -1.004619 2.263608
-0.03451678 -1.065692 1.981797
0.2386238 -1.04842 2.233751
9
0.1194176 -0.5064905 2.219658
0.0546945 -0.4944045 2.152498
0.1802436 -0.502381 2.215825
0.07510583 -0.7552084 1.916027
0.323939 -0.790745 2.214262
-0.06462976 -1.019435 2.065789
0.2012959 -1.070021 2.251022
-0.01957383 -1.07076 1.980527
0.2939081 -1.065878 2.211898
9
0.1194176 -0.5064905 2.219658
0.0546945 -0.4944045 2.152498
0.1802436 -0.502381 2.215825
0.07510583 -0.7552084 1.916027
0.323939 -0.790745 2.214262
-0.06462976 -1.019435 2.065789
0.2012959 -1.070021 2.251022
-0.01957383 -1.07076 1.980527
0.2939081 -1.065878 2.211898
9
0.1194176 -0.5064905 2.219658
0.0546945 -0.4944045 2.152498
0.1802436 -0.502381 2.215825
0.07510583 -0.7552084 1.916027
0.323939 -0.790745 2.214262
-0.06462976 -1.019435 2.065789
0.2012959 -1.070021 2.251022
-0.01957383 -1.07076 1.980527
0.2939081 -1.065878 2.211898
9
0.1194176 -0.5064905 2.219658
0.0546945 -0.4944045 2.152498
0.1802436 -0.502381 2.215825
0.07510583 -0.7552084 1.916027
0.323939 -0.790745 2.214262
-0.06462976 -1.019435 2.065789
0.2012959 -1.070021 2.251022
-0.01957383 -1.07076 1.980527
0.2939081 -1.065878 2.211898
9
0.129884 -0.5916122 2.214306
0.06343892 -0.5796632 2.148132
0.1921266 -0.5847755 2.210143
0.09876128 -0.8018003 1.872007
0.3355126 -0.7854527 2.203501
-0.06493814 -1.029049 2.067127
0.2223199 -1.046234 2.244747
-0.02361975 -1.068669 1.967591
0.3423237 -1.066103 2.18785
9
0.129884 -0.5916122 2.214306
0.06343892 -0.5796632 2.148132
0.1921266 -0.5847755 2.210143
0.09876128 -0.8018003 1.872007
0.3355126 -0.7854527 2.203501
-0.06493814 -1.029049 2.067127
0.2223199 -1.046234 2.244747
-0.02361975 -1.068669 1.967591
0.3423237 -1.066103 2.18785
9
0.132196 -0.6250291 2.243972
0.06668906 -0.6176248 2.17643
0.1935601 -0.6134029 2.241518
0.1026051 -0.8029828 1.870828
0.3478244 -0.785378 2.198917
-0.06347119 -1.032622 2.063989
0.2311599 -1.045811 2.242342
-0.0213342 -1.067877 1.96166
0.3323039 -1.071286 2.180346
9
0.132196 -0.6250291 2.243972
0.06668906 -0.6176248 2.17643
0.1935601 -0.6134029 2.241518
0.1026051 -0.8029828 1.870828
0.3478244 -0.785378 2.198917
-0.06347119 -1.032622 2.063989
0.2311599 -1.045811 2.242342
-0.0213342 -1.067877 1.96166
0.3323039 -1.071286 2.180346
9
0.132196 -0.6250291 2.243972
0.06668906 -0.6176248 2.17643
0.1935601 -0.6134029 2.241518
0.1026051 -0.8029828 1.870828
0.3478244 -0.785378 2.198917
-0.06347119 -1.032622 2.063989
0.2311599 -1.045811 2.242342
-0.0213342 -1.067877 1.96166
0.3323039 -1.071286 2.180346
9
0.132196 -0.6250291 2.243972
0.06668906 -0.6176248 2.17643
0.1935601 -0.6134029 2.241518
0.1026051 -0.8029828 1.870828
0.3478244 -0.785378 2.198917
-0.06347119 -1.032622 2.063989
0.2311599 -1.045811 2.242342
-0.0213342 -1.067877 1.96166
0.3323039 -1.071286 2.180346
9
0.1409974 -0.7044517 2.24104
0.07393296 -0.6937258 2.171466
0.203614 -0.6933636 2.241174
0.1208357 -0.8016898 1.827776
0.5098363 -0.8015511 2.162894
-0.06499584 -1.05432 2.066437
0.3949883 -1.084447 2.199737
-0.02586219 -1.050935 1.9472
0.2954877 -1.072063 2.146534
9
0.1409974 -0.7044517 2.24104
0.07393296 -0.6937258 2.171466
0.203614 -0.6933636 2.241174
0.1208357 -0.8016898 1.827776
0.5098363 -0.8015511 2.162894
-0.06499584 -1.05432 2.066437
0.3949883 -1.084447 2.199737
-0.02586219 -1.050935 1.9472
0.2954877 -1.072063 2.146534
9
0.1409974 -0.7044517 2.24104
0.07393296 -0.6937258 2.171466
0.203614 -0.6933636 2.241174
0.1208357 -0.8016898 1.827776
0.5098363 -0.8015511 2.162894
-0.06499584 -1.05432 2.066437
0.3949883 -1.084447 2.199737
-0.02586219 -1.050935 1.9472
0.2954877 -1.072063 2.146534
9
0.1409974 -0.7044517 2.24104
0.07393296 -0.6937258 2.171466
0.203614 -0.6933636 2.241174
0.1208357 -0.8016898 1.827776
0.5098363 -0.8015511 2.162894
-0.06499584 -1.05432 2.066437
0.3949883 -1.084447 2.199737
-0.02586219 -1.050935 1.9472
0.2954877 -1.072063 2.146534
9
0.1392107 -0.7734218 2.222179
0.07035795 -0.7596922 2.150442
0.2036698 -0.7632375 2.225164
0.1479131 -0.8122846 1.79796
0.5335361 -0.764115 2.161759
-0.05397409 -1.086302 2.057598
0.4197258 -1.04754 2.199569
-0.03096103 -1.031948 1.940322
0.4730571 -1.104164 2.142906
9
0.1392107 -0.7734218 2.222179
0.07035795 -0.7596922 2.150442
0.2036698 -0.7632375 2.225164
0.1479131 -0.8122846 1.79796
0.5335361 -0.764115 2.161759
-0.05397409 -1.086302 2.057598
0.4197258 -1.04754 2.199569
-0.03096103 -1.031948 1.940322
0.4730571 -1.104164 2.142906
9
0.1392107 -0.7734218 2.222179
0.07035795 -0.7596922 2.150442
0.2036698 -0.7632375 2.225164
0.1479131 -0.8122846 1.79796
0.5335361 -0.764115 2.161759
-0.05397409 -1.086302 2.057598
0.4197258 -1.04754 2.199569
-0.03096103 -1.031948 1.940322
0.4730571 -1.104164 2.142906
9
0.1392107 -0.7734218 2.222179
0.07035795 -0.7596922 2.150442
0.2036698 -0.7632375 2.225164
0.1479131 -0.8122846 1.79796
0.5335361 -0.764115 2.161759
-0.05397409 -1.086302 2.057598
0.4197258 -1.04754 2.199569
-0.03096103 -1.031948 1.940322
0.4730571 -1.104164 2.142906
9
0.1392107 -0.7734218 2.222179
0.07035795 -0.7596922 2.150442
0.2036698 -0.7632375 2.225164
0.1479131 -0.8122846 1.79796
0.5335361 -0.764115 2.161759
-0.05397409 -1.086302 2.057598
0.4197258 -1.04754 2.199569
-0.03096103 -1.031948 1.940322
0.4730571 -1.104164 2.142906
9
0.1392107 -0.7734218 2.222179
0.07035795 -0.7596922 2.150442
0.2036698 -0.7632375 2.225164
0.1479131 -0.8122846 1.79796
0.5335361 -0.764115 2.161759
-0.05397409 -1.086302 2.057598
0.4197258 -1.04754 2.199569
-0.03096103 -1.031948 1.940322
0.4730571 -1.104164 2.142906
9
0.1421516 -0.8418978 2.198566
0.07607127 -0.8261499 2.127008
0.203754 -0.8316322 2.202151
0.1977855 -0.7898636 1.783889
0.5275262 -0.7477458 2.160563
-0.006844959 -1.083724 2.015677
0.4042453 -1.026149 2.204643
0.01161264 -1.026115 1.898993
0.4544246 -1.086493 2.150332
9
0.1421516 -0.8418978 2.198566
0.07607127 -0.8261499 2.127008
0.203754 -0.8316322 2.202151
0.1977855 -0.7898636 1.783889
0.5275262 -0.7477458 2.160563
-0.006844959 -1.083724 2.015677
0.4042453 -1.026149 2.204643
0.01161264 -1.026115 1.898993
0.4544246 -1.086493 2.150332
9
0.1426682 -0.8429537 2.198452
0.07681151 -0.8275104 2.126272
0.2041487 -0.832565 2.20253
0.1977814 -0.7903427 1.783084
0.5280468 -0.7499865 2.15937
-0.007153177 -1.084398 2.015916
0.4048474 -1.028329 2.203468
0.01130918 -1.026783 1.899235
0.4549263 -1.089079 2.150446
9
0.1426682 -0.8429537 2.198452
0.07681151 -0.8275104 2.126272
0.2041487 -0.832565 2.20253
0.1977814 -0.7903427 1.783084
0.5280468 -0.7499865 2.15937
-0.007153177 -1.084398 2.015916
0.4048474 -1.028329 2.203468
0.01130918 -1.026783 1.899235
0.4549263 -1.089079 2.150446
9
0.1426682 -0.8429537 2.198452
0.07681151 -0.8275104 2.126272
0.2041487 -0.832565 2.20253
0.1977814 -0.7903427 1.783084
0.5280468 -0.7499865 2.15937
-0.007153177 -1.084398 2.015916
0.4048474 -1.028329 2.203468
0.01130918 -1.026783 1.899235
0.4549263 -1.089079 2.150446
9
0.1435602 -0.8434722 2.199675
0.07695851 -0.8277227 2.126325
0.2065213 -0.8333827 2.206586
0.2017678 -0.7859319 1.785192
0.5297146 -0.7489464 2.156938
-0.003269671 -1.080606 2.016504
0.4062612 -1.027112 2.201065
0.01513242 -1.02304 1.899796
0.3979473 -1.095805 2.121248
9
0.1435602 -0.8434722 2.199675
0.07695851 -0.8277227 2.126325
0.2065213 -0.8333827 2.206586
0.2017678 -0.7859319 1.785192
0.5297146 -0.7489464 2.156938
-0.003269671 -1.080606 2.016504
0.4062612 -1.027112 2.201065
0.01513242 -1.02304 1.899796
0.3979473 -1.095805 2.121248
9
0.1435602 -0.8434722 2.199675
0.07695851 -0.8277227 2.126325
0.2065213 -0.8333827 2.206586
0.2017678 -0.7859319 1.785192
0.5297146 -0.7489464 2.156938
-0.003269671 -1.080606 2.016504
0.4062612 -1.027112 2.201065
0.01513242 -1.02304 1.899796
0.3979473 -1.095805 2.121248
9
0.1435602 -0.8434722 2.199675
0.07695851 -0.8277227 2.126325
0.2065213 -0.8333827 2.206586
0.2017678 -0.7859319 1.785192
0.5297146 -0.7489464 2.156938
-0.003269671 -1.080606 2.016504
0.4062612 -1.027112 2.201065
0.01513242 -1.02304 1.899796
0.3979473 -1.095805 2.121248
9
0.1435602 -0.8434722 2.199675
0.07695851 -0.8277227 2.126325
0.2065213 -0.8333827 2.206586
0.2017678 -0.7859319 1.785192
0.5297146 -0.7489464 2.156938
-0.003269671 -1.080606 2.016504
0.4062612 -1.027112 2.201065
0.01513242 -1.02304 1.899796
0.3979473 -1.095805 2.121248
9
0.1435602 -0.8434722 2.199675
0.07695851 -0.8277227 2.126325
0.2065213 -0.8333827 2.206586
0.2017678 -0.7859319 1.785192
0.5297146 -0.7489464 2.156938
-0.003269671 -1.080606 2.016504
0.4062612 -1.027112 2.201065
0.01513242 -1.02304 1.899796
0.3979473 -1.095805 2.121248
9
0.1435602 -0.8434722 2.199675
0.07695851 -0.8277227 2.126325
0.2065213 -0.8333827 2.206586
0.2017678 -0.7859319 1.785192
0.5297146 -0.7489464 2.156938
-0.003269671 -1.080606 2.016504
0.4062612 -1.027112 2.201065
0.01513242 -1.02304 1.899796
0.3979473 -1.095805 2.121248
9
0.1365521 -0.840883 2.223861
0.07426856 -0.8251925 2.146795
0.1942081 -0.8309845 2.23317
0.1879124 -0.7832783 1.801454
0.5155295 -0.754421 2.144998
-0.01202556 -1.07723 2.024308
0.392073 -1.032436 2.189128
0.00651212 -1.019755 1.907553
0.4033634 -1.10462 2.119889
9
0.1365521 -0.840883 2.223861
0.07426856 -0.8251925 2.146795
0.1942081 -0.8309845 2.23317
0.1879124 -0.7832783 1.801454
0.5155295 -0.754421 2.144998
-0.01202556 -1.07723 2.024308
0.392073 -1.032436 2.189128
0.00651212 -1.019755 1.907553
0.4033634 -1.10462 2.119889
9
0.1372315 -0.838762 2.228135
0.07507528 -0.8233686 2.150194
0.1948201 -0.8286308 2.238222
0.1847849 -0.7821591 1.803406
0.5154901 -0.7551939 2.142785
-0.01446567 -1.075995 2.025834
0.3919997 -1.033125 2.186885
0.004109768 -1.018545 1.909065
0.3385292 -1.082226 2.101318
9
0.1372315 -0.838762 2.228135
0.07507528 -0.8233686 2.150194
0.1948201 -0.8286308 2.238222
0.1847849 -0.7821591 1.803406
0.5154901 -0.7551939 2.142785
-0.01446567 -1.075995 2.025834
0.3919997 -1.033125 2.186885
0.004109768 -1.018545 1.909065
0.3385292 -1.082226 2.101318
9
0.1376766 -0.836484 2.231509
0.07550389 -0.8207366 2.153692
0.1953433 -0.8267636 2.241342
0.1831245 -0.774982 1.806675
0.5155707 -0.7557584 2.141273
-0.01391554 -1.06883 2.023483
0.391983 -1.033577 2.185366
0.004651917 -1.011452 1.906676
0.3379299 -1.083048 2.100791
9
0.1378734 -0.8362442 2.231719
0.07577407 -0.8204674 2.153802
0.1954985 -0.8265322 2.241659
0.1822651 -0.7696148 1.807029
0.5156857 -0.7558692 2.141092
-0.0136624 -1.063649 2.020898
0.3921041 -1.033619 2.185198
0.004901562 -1.006317 1.904067
0.3380067 -1.083156 2.100746
