40
9
0.06896109 -0.5412849 1.542051
-0.009637347 -0.5266891 1.52802
0.1454851 -0.5327641 1.489674
-0.1323686 -0.4912525 1.231837
0.1468511 -0.5302569 1.191966
-0.02233639 -0.7575904 1.386729
0.1534847 -0.5428433 0.7740499
-0.05375974 -0.8240377 1.383698
0.1217864 -0.5390943 0.6416596
9
0.06896109 -0.5412849 1.542051
-0.009637347 -0.5266891 1.52802
0.1454851 -0.5327641 1.489674
-0.1323686 -0.4912525 1.231837
0.1468511 -0.5302569 1.191966
-0.02233639 -0.7575904 1.386729
0.1534847 -0.5428433 0.7740499
-0.05375974 -0.8240377 1.383698
0.1217864 -0.5390943 0.6416596
9
0.06885261 -0.5421835 1.540937
-0.009643348 -0.5274705 1.527126
0.1451163 -0.5337111 1.488369
-0.1341929 -0.4920436 1.231371
0.1474884 -0.5304397 1.191049
-0.0223358 -0.7590998 1.386137
0.1557059 -0.5419182 0.7727324
-0.02413614 -0.8375797 1.302469
0.1237893 -0.5380042 0.6404397
9
0.06874488 -0.5426453 1.540515
-0.009773776 -0.5280679 1.526556
0.1449737 -0.5340244 1.488097
-0.1358258 -0.4930944 1.230594
0.1485903 -0.5306032 1.190369
-0.02223577 -0.7599223 1.386164
0.1587171 -0.541813 0.7724823
-0.02345331 -0.83846 1.302763
0.1268918 -0.5380042 0.6402491
9
0.06874488 -0.5426453 1.540515
-0.009773776 -0.5280679 1.526556
0.1449737 -0.5340244 1.488097
-0.1358258 -0.4930944 1.230594
0.1485903 -0.5306032 1.190369
-0.02223577 -0.7599223 1.386164
0.1587171 -0.541813 0.7724823
-0.02345331 -0.83846 1.302763
0.1268918 -0.5380042 0.6402491
9
0.06874488 -0.5426453 1.540515
-0.009773776 -0.5280679 1.526556
0.1449737 -0.5340244 1.488097
-0.1358258 -0.4930944 1.230594
0.1485903 -0.5306032 1.190369
-0.02223577 -0.7599223 1.386164
0.1587171 -0.541813 0.7724823
-0.02345331 -0.83846 1.302763
0.1268918 -0.5380042 0.6402491
9
0.06874941 -0.5435453 1.539329
-0.009711795 -0.5291935 1.525123
0.1448452 -0.5346509 1.487191
-0.1367265 -0.4938775 1.229295
0.150062 -0.5306661 1.189735
-0.02229241 -0.759774 1.385512
0.1627018 -0.5410464 0.7716254
-0.02267903 -0.8383266 1.30228
0.1313125 -0.5373346 0.6393569
9
0.06851141 -0.5437426 1.539123
-0.01003764 -0.5294358 1.524811
0.1446408 -0.5347992 1.487077
-0.137123 -0.4946392 1.22764
0.1524811 -0.5303956 1.188852
-0.02227881 -0.7594325 1.38523
0.1691134 -0.5400459 0.7716644
-0.09944541 -0.79224 1.344506
0.138376 -0.5366524 0.6392414
9
0.06851141 -0.5437426 1.539123
-0.01003764 -0.5294358 1.524811
0.1446408 -0.5347992 1.487077
-0.137123 -0.4946392 1.22764
0.1524811 -0.5303956 1.188852
-0.02227881 -0.7594325 1.38523
0.1691134 -0.5400459 0.7716644
-0.09944541 -0.79224 1.344506
0.138376 -0.5366524 0.6392414
9
0.06818446 -0.5442543 1.538531
-0.01035773 -0.5299594 1.523976
0.1442616 -0.5352698 1.486703
-0.1372101 -0.4944412 1.223828
0.1540899 -0.5298544 1.188836
-0.02189254 -0.7592088 1.385061
0.1738392 -0.5379782 0.7714258
-0.09894338 -0.7922952 1.344718
0.1429597 -0.5349092 0.6390295
9
0.06818446 -0.5442543 1.538531
-0.01035773 -0.5299594 1.523976
0.1442616 -0.5352698 1.486703
-0.1372101 -0.4944412 1.223828
0.1540899 -0.5298544 1.188836
-0.02189254 -0.7592088 1.385061
0.1738392 -0.5379782 0.7714258
-0.09894338 -0.7922952 1.344718
0.1429597 -0.5349092 0.6390295
9
0.0678586 -0.5446959 1.53818
-0.0108549 -0.5305297 1.52336
0.1440389 -0.535577 1.486564
-0.1363734 -0.4938493 1.22125
0.1560691 -0.5284293 1.188177
-0.02203475 -0.7589289 1.384171
0.1791497 -0.5338426 0.7714876
-0.09677357 -0.7923827 1.333489
0.1495184 -0.5313454 0.6387532
9
0.0678586 -0.5446959 1.53818
-0.0108549 -0.5305297 1.52336
0.1440389 -0.535577 1.486564
-0.1363734 -0.4938493 1.22125
0.1560691 -0.5284293 1.188177
-0.02203475 -0.7589289 1.384171
0.1791497 -0.5338426 0.7714876
-0.09677357 -0.7923827 1.333489
0.1495184 -0.5313454 0.6387532
9
0.06711267 -0.5451666 1.537838
-0.01190297 -0.531038 1.52268
0.1434909 -0.53599 1.486495
-0.1355651 -0.4925586 1.219443
0.157481 -0.5266275 1.188112
-0.02204746 -0.7585094 1.383451
0.1835742 -0.528636 0.7716684
-0.09654786 -0.7925979 1.333309
0.1549851 -0.5266537 0.6386315
9
0.06711267 -0.5451666 1.537838
-0.01190297 -0.531038 1.52268
0.1434909 -0.53599 1.486495
-0.1355651 -0.4925586 1.219443
0.157481 -0.5266275 1.188112
-0.02204746 -0.7585094 1.383451
0.1835742 -0.528636 0.7716684
-0.09654786 -0.7925979 1.333309
0.1549851 -0.5266537 0.6386315
9
0.06575065 -0.5452108 1.538257
-0.0137149 -0.530966 1.522752
0.1423849 -0.5361216 1.487323
-0.133612 -0.4925418 1.216361
0.158704 -0.5243065 1.188289
-0.02209654 -0.7579139 1.382974
0.1882227 -0.5225179 0.7728856
-0.0930464 -0.7999018 1.344471
0.1605683 -0.521341 0.6395987
9
0.06575065 -0.5452108 1.538257
-0.0137149 -0.530966 1.522752
0.1423849 -0.5361216 1.487323
-0.133612 -0.4925418 1.216361
0.158704 -0.5243065 1.188289
-0.02209654 -0.7579139 1.382974
0.1882227 -0.5225179 0.7728856
-0.0930464 -0.7999018 1.344471
0.1605683 -0.521341 0.6395987
9
0.06318299 -0.5447025 1.539725
-0.01672729 -0.5301113 1.523802
0.1402149 -0.5359238 1.489324
-0.1323254 -0.4917335 1.215103
0.1593018 -0.5224531 1.188604
-0.02222421 -0.7570835 1.382657
0.19261 -0.5180945 0.7753747
-0.09260806 -0.8002372 1.347973
0.1660204 -0.51793 0.6418869
9
0.06318299 -0.5447025 1.539725
-0.01672729 -0.5301113 1.523802
0.1402149 -0.5359238 1.489324
-0.1323254 -0.4917335 1.215103
0.1593018 -0.5224531 1.188604
-0.02222421 -0.7570835 1.382657
0.19261 -0.5180945 0.7753747
-0.09260806 -0.8002372 1.347973
0.1660204 -0.51793 0.6418869
9
0.06090413 -0.5436885 1.541517
-0.01923217 -0.5287635 1.52509
0.1382141 -0.5352553 1.491722
-0.1302086 -0.4912125 1.213465
0.1596397 -0.5192192 1.189453
-0.02242038 -0.7562541 1.382645
0.1960376 -0.5109749 0.7783279
-0.09172887 -0.8008639 1.350621
0.1699397 -0.5118664 0.64471
9
0.06090413 -0.5436885 1.541517
-0.01923217 -0.5287635 1.52509
0.1382141 -0.5352553 1.491722
-0.1302086 -0.4912125 1.213465
0.1596397 -0.5192192 1.189453
-0.02242038 -0.7562541 1.382645
0.1960376 -0.5109749 0.7783279
-0.09172887 -0.8008639 1.350621
0.1699397 -0.5118664 0.64471
9
0.05842969 -0.5423449 1.543155
-0.02160051 -0.5273077 1.52607
0.1357553 -0.5340887 1.494097
-0.1291581 -0.4900101 1.213381
0.1599867 -0.5155469 1.191273
-0.0239013 -0.755568 1.381675
0.200322 -0.5035324 0.7814673
-0.09009086 -0.8034889 1.355824
0.173944 -0.505412 0.6478397
9
0.05842969 -0.5423449 1.543155
-0.02160051 -0.5273077 1.52607
0.1357553 -0.5340887 1.494097
-0.1291581 -0.4900101 1.213381
0.1599867 -0.5155469 1.191273
-0.0239013 -0.755568 1.381675
0.200322 -0.5035324 0.7814673
-0.09009086 -0.8034889 1.355824
0.173944 -0.505412 0.6478397
9
0.05582077 -0.540414 1.54532
-0.02463519 -0.525187 1.527751
0.1336947 -0.5324154 1.49669
-0.1280655 -0.4891719 1.213478
0.1599837 -0.5114034 1.193931
-0.02692126 -0.7542177 1.379444
0.2032574 -0.4956612 0.7850765
-0.08743402 -0.8066413 1.361211
0.1796825 -0.4988074 0.6509882
9
0.05582077 -0.540414 1.54532
-0.02463519 -0.525187 1.527751
0.1336947 -0.5324154 1.49669
-0.1280655 -0.4891719 1.213478
0.1599837 -0.5114034 1.193931
-0.02692126 -0.7542177 1.379444
0.2032574 -0.4956612 0.7850765
-0.08743402 -0.8066413 1.361211
0.1796825 -0.4988074 0.6509882
9
0.0530422 -0.5387983 1.547153
-0.02749854 -0.5232023 1.529339
0.1311851 -0.5312504 1.498695
-0.127115 -0.4888492 1.213122
0.1600282 -0.50517 1.197255
-0.02732981 -0.7536989 1.379578
0.1367894 -0.7685992 1.425586
-0.09345664 -0.8011273 1.358705
0.1862819 -0.7705078 1.296984
9
0.0530422 -0.5387983 1.547153
-0.02749854 -0.5232023 1.529339
0.1311851 -0.5312504 1.498695
-0.127115 -0.4888492 1.213122
0.1600282 -0.50517 1.197255
-0.02732981 -0.7536989 1.379578
0.1367894 -0.7685992 1.425586
-0.09345664 -0.8011273 1.358705
0.1862819 -0.7705078 1.296984
9
0.0530422 -0.5387983 1.547153
-0.02749854 -0.5232023 1.529339
0.1311851 -0.5312504 1.498695
-0.127115 -0.4888492 1.213122
0.1600282 -0.50517 1.197255
-0.02732981 -0.7536989 1.379578
0.1367894 -0.7685992 1.425586
-0.09345664 -0.8011273 1.358705
0.1862819 -0.7705078 1.296984
9
0.0530422 -0.5387983 1.547153
-0.02749854 -0.5232023 1.529339
0.1311851 -0.5312504 1.498695
-0.127115 -0.4888492 1.213122
0.1600282 -0.50517 1.197255
-0.02732981 -0.7536989 1.379578
0.1367894 -0.7685992 1.425586
-0.09345664 -0.8011273 1.358705
0.1862819 -0.7705078 1.296984
9
0.04979717 -0.5356127 1.549323
-0.03076288 -0.5191163 1.531072
0.1280841 -0.5289913 1.501238
-0.1261069 -0.4873571 1.213107
0.1589391 -0.4974148 1.200383
-0.02817136 -0.7528603 1.379437
0.1364025 -0.7674602 1.426219
-0.09268818 -0.801725 1.36007
0.1859031 -0.7693925 1.297603
9
0.04979717 -0.5356127 1.549323
-0.03076288 -0.5191163 1.531072
0.1280841 -0.5289913 1.501238
-0.1261069 -0.4873571 1.213107
0.1589391 -0.4974148 1.200383
-0.02817136 -0.7528603 1.379437
0.1364025 -0.7674602 1.426219
-0.09268818 -0.801725 1.36007
0.1859031 -0.7693925 1.297603
9
0.04624521 -0.532322 1.552016
-0.0341865 -0.5151159 1.533388
0.1245935 -0.5265663 1.504242
-0.1258248 -0.4859148 1.212932
0.1573342 -0.4931584 1.203507
-0.02914375 -0.7529044 1.380234
0.1373146 -0.766845 1.426886
-0.09169494 -0.8031556 1.363851
0.1867968 -0.768794 1.298263
9
0.04624521 -0.532322 1.552016
-0.0341865 -0.5151159 1.533388
0.1245935 -0.5265663 1.504242
-0.1258248 -0.4859148 1.212932
0.1573342 -0.4931584 1.203507
-0.02914375 -0.7529044 1.380234
0.1373146 -0.766845 1.426886
-0.09169494 -0.8031556 1.363851
0.1867968 -0.768794 1.298263
9
0.04624521 -0.532322 1.552016
-0.0341865 -0.5151159 1.533388
0.1245935 -0.5265663 1.504242
-0.1258248 -0.4859148 1.212932
0.1573342 -0.4931584 1.203507
-0.02914375 -0.7529044 1.380234
0.1373146 -0.766845 1.426886
-0.09169494 -0.8031556 1.363851
0.1867968 -0.768794 1.298263
9
0.04624521 -0.532322 1.552016
-0.0341865 -0.5151159 1.533388
0.1245935 -0.5265663 1.504242
-0.1258248 -0.4859148 1.212932
0.1573342 -0.4931584 1.203507
-0.02914375 -0.7529044 1.380234
0.1373146 -0.766845 1.426886
-0.09169494 -0.8031556 1.363851
0.1867968 -0.768794 1.298263
9
0.04442976 -0.5288554 1.553403
-0.0358788 -0.511097 1.534636
0.1228002 -0.5238152 1.505679
-0.1262743 -0.4840806 1.212959
0.1588682 -0.4880341 1.202422
-0.02942353 -0.7521804 1.380832
0.1369183 -0.7654129 1.427341
-0.09101257 -0.8034391 1.364134
0.1864083 -0.7673889 1.298703
9
0.04442976 -0.5288554 1.553403
-0.0358788 -0.511097 1.534636
0.1228002 -0.5238152 1.505679
-0.1262743 -0.4840806 1.212959
0.1588682 -0.4880341 1.202422
-0.02942353 -0.7521804 1.380832
0.1369183 -0.7654129 1.427341
-0.09101257 -0.8034391 1.364134
0.1864083 -0.7673889 1.298703
9
0.04278979 -0.5256101 1.553976
-0.0374116 -0.507535 1.534946
0.1211596 -0.5210506 1.506448
-0.1266304 -0.4825469 1.212809
0.159672 -0.4852141 1.20164
-0.02953889 -0.7518893 1.38119
0.1378106 -0.764787 1.427363
-0.09062158 -0.8035033 1.365055
0.1872814 -0.7667743 1.298721
9
0.04278979 -0.5256101 1.553976
-0.0374116 -0.507535 1.534946
0.1211596 -0.5210506 1.506448
-0.1266304 -0.4825469 1.212809
0.159672 -0.4852141 1.20164
-0.02953889 -0.7518893 1.38119
0.1378106 -0.764787 1.427363
-0.09062158 -0.8035033 1.365055
0.1872814 -0.7667743 1.298721
9
0.04115654 -0.5229278 1.554231
-0.03899701 -0.5047071 1.535099
0.1195765 -0.5186674 1.506765
-0.1269706 -0.480651 1.212486
0.1603548 -0.4816003 1.200727
-0.03014642 -0.7505968 1.380934
0.1377816 -0.7626438 1.426569
-0.08977062 -0.8034555 1.365084
0.18725 -0.7646593 1.297913
