40
9
-0.03957807 -0.7281018 2.037103
-0.1145552 -0.7266638 2.031078
0.03687001 -0.7043942 1.972722
-0.3821027 -0.7492553 1.787307
-0.06778564 -0.7139313 1.614613
-0.1217344 -1.039405 1.947479
0.05123967 -1.018476 1.860993
-0.1885078 -1.092813 1.889113
0.04345154 -1.096486 1.793983
9
-0.03916318 -0.7515154 2.033042
-0.114751 -0.7508028 2.028796
0.03786685 -0.7264707 1.967174
-0.3848383 -0.7513522 1.78599
-0.06883842 -0.7147239 1.609322
-0.1523363 -1.060357 1.968642
0.05493043 -1.023379 1.862719
-0.1765749 -1.080753 1.845716
0.03672287 -1.096222 1.786865
9
-0.03916318 -0.7515154 2.033042
-0.114751 -0.7508028 2.028796
0.03786685 -0.7264707 1.967174
-0.3848383 -0.7513522 1.78599
-0.06883842 -0.7147239 1.609322
-0.1523363 -1.060357 1.968642
0.05493043 -1.023379 1.862719
-0.1765749 -1.080753 1.845716
0.03672287 -1.096222 1.786865
9
-0.03583135 -0.7770957 2.027672
-0.1125097 -0.7767756 2.025511
0.04219284 -0.7508148 1.960004
-0.3860621 -0.7537277 1.787281
-0.06858995 -0.7162378 1.604566
-0.1552303 -1.058085 1.966957
0.05527843 -1.024111 1.85997
-0.1889021 -1.089861 1.853199
0.02872829 -1.091383 1.777662
9
-0.03583135 -0.7770957 2.027672
-0.1125097 -0.7767756 2.025511
0.04219284 -0.7508148 1.960004
-0.3860621 -0.7537277 1.787281
-0.06858995 -0.7162378 1.604566
-0.1552303 -1.058085 1.966957
0.05527843 -1.024111 1.85997
-0.1889021 -1.089861 1.853199
0.02872829 -1.091383 1.777662
9
-0.04382931 -0.804487 2.026052
-0.1204275 -0.801582 2.024788
0.03443758 -0.7798379 1.957762
-0.3892619 -0.7561304 1.783045
-0.064672 -0.7176324 1.602101
-0.1478645 -1.057721 1.95392
0.05830866 -1.025767 1.86102
-0.09671603 -1.117235 1.875931
0.02642153 -1.090696 1.777825
9
-0.04382931 -0.804487 2.026052
-0.1204275 -0.801582 2.024788
0.03443758 -0.7798379 1.957762
-0.3892619 -0.7561304 1.783045
-0.064672 -0.7176324 1.602101
-0.1478645 -1.057721 1.95392
0.05830866 -1.025767 1.86102
-0.09671603 -1.117235 1.875931
0.02642153 -1.090696 1.777825
9
-0.04382931 -0.804487 2.026052
-0.1204275 -0.801582 2.024788
0.03443758 -0.7798379 1.957762
-0.3892619 -0.7561304 1.783045
-0.064672 -0.7176324 1.602101
-0.1478645 -1.057721 1.95392
0.05830866 -1.025767 1.86102
-0.09671603 -1.117235 1.875931
0.02642153 -1.090696 1.777825
9
-0.04382931 -0.804487 2.026052
-0.1204275 -0.801582 2.024788
0.03443758 -0.7798379 1.957762
-0.3892619 -0.7561304 1.783045
-0.064672 -0.7176324 1.602101
-0.1478645 -1.057721 1.95392
0.05830866 -1.025767 1.86102
-0.09671603 -1.117235 1.875931
0.02642153 -1.090696 1.777825
9
-0.04605329 -0.8465362 2.020515
-0.122939 -0.8486477 2.018058
0.03250678 -0.8158708 1.953852
-0.3876228 -0.7550288 1.784382
-0.05737247 -0.7191509 1.603037
-0.1477255 -1.057896 1.953386
0.05868418 -1.024204 1.858324
-0.1571827 -1.110749 1.848425
0.03059185 -1.089946 1.77431
9
-0.04605329 -0.8465362 2.020515
-0.122939 -0.8486477 2.018058
0.03250678 -0.8158708 1.953852
-0.3876228 -0.7550288 1.784382
-0.05737247 -0.7191509 1.603037
-0.1477255 -1.057896 1.953386
0.05868418 -1.024204 1.858324
-0.1571827 -1.110749 1.848425
0.03059185 -1.089946 1.77431
9
-0.02615769 -0.8476472 2.021604
-0.1041081 -0.8508986 2.020095
0.05295668 -0.815565 1.954053
-0.3768326 -0.7623492 1.794961
-0.05339351 -0.7230729 1.606964
-0.1470442 -1.057284 1.953186
0.05722579 -1.021703 1.853741
-0.02678037 -1.033598 1.849861
0.0349863 -1.093292 1.777242
9
-0.02615769 -0.8476472 2.021604
-0.1041081 -0.8508986 2.020095
0.05295668 -0.815565 1.954053
-0.3768326 -0.7623492 1.794961
-0.05339351 -0.7230729 1.606964
-0.1470442 -1.057284 1.953186
0.05722579 -1.021703 1.853741
-0.02678037 -1.033598 1.849861
0.0349863 -1.093292 1.777242
9
-0.03239045 -0.8539997 2.020777
-0.1095541 -0.8562633 2.019368
0.04603275 -0.8227484 1.953244
-0.3796272 -0.762678 1.792671
-0.04976019 -0.7227378 1.604961
-0.1467095 -1.045278 1.941066
0.0724018 -0.9920136 1.863241
-0.02322245 -1.029023 1.842998
0.04151244 -1.066852 1.798563
9
-0.03239045 -0.8539997 2.020777
-0.1095541 -0.8562633 2.019368
0.04603275 -0.8227484 1.953244
-0.3796272 -0.762678 1.792671
-0.04976019 -0.7227378 1.604961
-0.1467095 -1.045278 1.941066
0.0724018 -0.9920136 1.863241
-0.02322245 -1.029023 1.842998
0.04151244 -1.066852 1.798563
9
-0.03363709 -0.8550491 2.021221
-0.1106885 -0.8572727 2.019761
0.0447097 -0.8237855 1.953761
-0.3843489 -0.7655503 1.79739
-0.04622515 -0.7225181 1.604462
-0.1468121 -1.044489 1.942239
0.07570923 -0.9837029 1.870652
-0.02406709 -1.028682 1.842826
0.07328124 -1.068051 1.84984
9
-0.03363709 -0.8550491 2.021221
-0.1106885 -0.8572727 2.019761
0.0447097 -0.8237855 1.953761
-0.3843489 -0.7655503 1.79739
-0.04622515 -0.7225181 1.604462
-0.1468121 -1.044489 1.942239
0.07570923 -0.9837029 1.870652
-0.02406709 -1.028682 1.842826
0.07328124 -1.068051 1.84984
9
-0.03363709 -0.8550491 2.021221
-0.1106885 -0.8572727 2.019761
0.0447097 -0.8237855 1.953761
-0.3843489 -0.7655503 1.79739
-0.04622515 -0.7225181 1.604462
-0.1468121 -1.044489 1.942239
0.07570923 -0.9837029 1.870652
-0.02406709 -1.028682 1.842826
0.07328124 -1.068051 1.84984
9
-0.03389138 -0.8552054 2.021304
-0.1109405 -0.8574417 2.019881
0.0444579 -0.8239195 1.953813
-0.3858388 -0.7660964 1.799153
-0.04127221 -0.7209303 1.603619
-0.1443312 -1.043407 1.944918
0.07670194 -0.9830307 1.870563
-0.02278262 -1.027814 1.843448
0.0469385 -1.050245 1.7883
9
-0.03398185 -0.854996 2.021383
-0.1110164 -0.8572685 2.019893
0.04434438 -0.8236508 1.953984
-0.3876153 -0.7664254 1.801462
-0.03692524 -0.7196676 1.602956
-0.143879 -1.037799 1.946015
0.07831508 -0.9823261 1.870454
-0.02322406 -1.026298 1.843184
0.050093 -1.054969 1.797598
9
-0.03398185 -0.854996 2.021383
-0.1110164 -0.8572685 2.019893
0.04434438 -0.8236508 1.953984
-0.3876153 -0.7664254 1.801462
-0.03692524 -0.7196676 1.602956
-0.143879 -1.037799 1.946015
0.07831508 -0.9823261 1.870454
-0.02322406 -1.026298 1.843184
0.050093 -1.054969 1.797598
9
-0.03744109 -0.8515084 2.024791
-0.1144871 -0.8533075 2.023012
0.04096594 -0.8207039 1.957656
-0.3922464 -0.7674231 1.804407
-0.03346284 -0.7196585 1.604206
-0.1444248 -1.034882 1.947868
0.06819084 -1.020503 1.852207
-0.02271168 -1.026598 1.847126
0.05466025 -1.102995 1.835459
9
-0.03744109 -0.8515084 2.024791
-0.1144871 -0.8533075 2.023012
0.04096594 -0.8207039 1.957656
-0.3922464 -0.7674231 1.804407
-0.03346284 -0.7196585 1.604206
-0.1444248 -1.034882 1.947868
0.06819084 -1.020503 1.852207
-0.02271168 -1.026598 1.847126
0.05466025 -1.102995 1.835459
9
-0.03744109 -0.8515084 2.024791
-0.1144871 -0.8533075 2.023012
0.04096594 -0.8207039 1.957656
-0.3922464 -0.7674231 1.804407
-0.03346284 -0.7196585 1.604206
-0.1444248 -1.034882 1.947868
0.06819084 -1.020503 1.852207
-0.02271168 -1.026598 1.847126
0.05466025 -1.102995 1.835459
9
-0.03744109 -0.8515084 2.024791
-0.1144871 -0.8533075 2.023012
0.04096594 -0.8207039 1.957656
-0.3922464 -0.7674231 1.804407
-0.03346284 -0.7196585 1.604206
-0.1444248 -1.034882 1.947868
0.06819084 -1.020503 1.852207
-0.02271168 -1.026598 1.847126
0.05466025 -1.102995 1.835459
9
-0.0385148 -0.8475472 2.024544
-0.1158788 -0.8491938 2.022058
0.04020645 -0.8168992 1.958008
-0.3950232 -0.7673326 1.804028
-0.03184229 -0.7188783 1.60321
-0.1438928 -1.034376 1.947903
0.06804848 -1.01912 1.849181
-0.02277785 -1.026824 1.846237
0.04819049 -1.101548 1.810559
9
-0.0385148 -0.8475472 2.024544
-0.1158788 -0.8491938 2.022058
0.04020645 -0.8168992 1.958008
-0.3950232 -0.7673326 1.804028
-0.03184229 -0.7188783 1.60321
-0.1438928 -1.034376 1.947903
0.06804848 -1.01912 1.849181
-0.02277785 -1.026824 1.846237
0.04819049 -1.101548 1.810559
9
-0.03993769 -0.8461479 2.02403
-0.1176553 -0.8471961 2.021296
0.03916571 -0.8160488 1.957692
-0.3973262 -0.7674501 1.803328
-0.03158378 -0.7188516 1.6024
-0.1461321 -1.031138 1.947712
0.06813956 -1.019138 1.849185
-0.08877043 -1.098204 1.898086
0.04942661 -1.101994 1.817638
9
-0.03993769 -0.8461479 2.02403
-0.1176553 -0.8471961 2.021296
0.03916571 -0.8160488 1.957692
-0.3973262 -0.7674501 1.803328
-0.03158378 -0.7188516 1.6024
-0.1461321 -1.031138 1.947712
0.06813956 -1.019138 1.849185
-0.08877043 -1.098204 1.898086
0.04942661 -1.101994 1.817638
9
-0.03993769 -0.8461479 2.02403
-0.1176553 -0.8471961 2.021296
0.03916571 -0.8160488 1.957692
-0.3973262 -0.7674501 1.803328
-0.03158378 -0.7188516 1.6024
-0.1461321 -1.031138 1.947712
0.06813956 -1.019138 1.849185
-0.08877043 -1.098204 1.898086
0.04942661 -1.101994 1.817638
9
-0.04118637 -0.8455498 2.023312
-0.1190592 -0.8460562 2.020432
0.03807931 -0.8159114 1.957089
-0.3986419 -0.7675714 1.801915
-0.03212574 -0.719158 1.601568
-0.139898 -1.04405 1.94734
0.06762408 -1.019705 1.848812
-0.02077207 -1.031351 1.842091
0.0490998 -1.102578 1.816035
9
-0.04224097 -0.8453497 2.022452
-0.1202176 -0.8454133 2.019676
0.03709912 -0.8161684 1.956078
-0.3995956 -0.7689371 1.800186
-0.03334895 -0.7200795 1.600436
-0.1426716 -1.044392 1.947737
0.06769091 -1.020384 1.848977
-0.02404492 -1.029159 1.841521
0.04013675 -1.100832 1.807832
9
-0.04224097 -0.8453497 2.022452
-0.1202176 -0.8454133 2.019676
0.03709912 -0.8161684 1.956078
-0.3995956 -0.7689371 1.800186
-0.03334895 -0.7200795 1.600436
-0.1426716 -1.044392 1.947737
0.06769091 -1.020384 1.848977
-0.02404492 -1.029159 1.841521
0.04013675 -1.100832 1.807832
9
-0.04364848 -0.8464465 2.021066
-0.1217195 -0.8460689 2.018608
0.03586223 -0.8178236 1.954336
-0.3987433 -0.7699505 1.795561
-0.03560639 -0.7214921 1.598977
-0.1438658 -1.048979 1.948104
0.06714238 -1.020826 1.847058
-0.0253883 -1.030998 1.841637
0.03377072 -1.095165 1.785165
9
-0.04364848 -0.8464465 2.021066
-0.1217195 -0.8460689 2.018608
0.03586223 -0.8178236 1.954336
-0.3987433 -0.7699505 1.795561
-0.03560639 -0.7214921 1.598977
-0.1438658 -1.048979 1.948104
0.06714238 -1.020826 1.847058
-0.0253883 -1.030998 1.841637
0.03377072 -1.095165 1.785165
9
-0.04364848 -0.8464465 2.021066
-0.1217195 -0.8460689 2.018608
0.03586223 -0.8178236 1.954336
-0.3987433 -0.7699505 1.795561
-0.03560639 -0.7214921 1.598977
-0.1438658 -1.048979 1.948104
0.06714238 -1.020826 1.847058
-0.0253883 -1.030998 1.841637
0.03377072 -1.095165 1.785165
9
-0.04364848 -0.8464465 2.021066
-0.1217195 -0.8460689 2.018608
0.03586223 -0.8178236 1.954336
-0.3987433 -0.7699505 1.795561
-0.03560639 -0.7214921 1.598977
-0.1438658 -1.048979 1.948104
0.06714238 -1.020826 1.847058
-0.0253883 -1.030998 1.841637
0.03377072 -1.095165 1.785165
9
-0.04364848 -0.8464465 2.021066
-0.1217195 -0.8460689 2.018608
0.03586223 -0.8178236 1.954336
-0.3987433 -0.7699505 1.795561
-0.03560639 -0.7214921 1.598977
-0.1438658 -1.048979 1.948104
0.06714238 -1.020826 1.847058
-0.0253883 -1.030998 1.841637
0.03377072 -1.095165 1.785165
9
-0.04421841 -0.8492907 2.018425
-0.1222275 -0.8482444 2.016883
0.035315 -0.8213248 1.950717
-0.3947133 -0.7713692 1.787656
-0.03765909 -0.7225717 1.596332
-0.1472546 -1.05666 1.94922
0.04774257 -1.033096 1.826541
-0.02888104 -1.034075 1.842747
0.00644812 -1.084749 1.705914
9
-0.04421841 -0.8492907 2.018425
-0.1222275 -0.8482444 2.016883
0.035315 -0.8213248 1.950717
-0.3947133 -0.7713692 1.787656
-0.03765909 -0.7225717 1.596332
-0.1472546 -1.05666 1.94922
0.04774257 -1.033096 1.826541
-0.02888104 -1.034075 1.842747
0.00644812 -1.084749 1.705914
