40
9
0.01888117 -0.1023691 1.932834
-0.06625414 -0.09088396 1.883042
0.1031163 -0.1102005 1.902841
-0.03637823 -0.3882702 1.64944
0.1699868 -0.4265521 1.715371
-0.08483047 -0.7523462 1.714069
0.09529389 -0.7922648 1.747224
-0.09165476 -0.8415737 1.633391
0.1053391 -0.8851619 1.678702
9
0.01888117 -0.1023691 1.932834
-0.06625414 -0.09088396 1.883042
0.1031163 -0.1102005 1.902841
-0.03637823 -0.3882702 1.64944
0.1699868 -0.4265521 1.715371
-0.08483047 -0.7523462 1.714069
0.09529389 -0.7922648 1.747224
-0.09165476 -0.8415737 1.633391
0.1053391 -0.8851619 1.678702
9
0.02025876 -0.1445685 1.938059
-0.06587484 -0.1240474 1.888625
0.1056829 -0.1597424 1.908251
-0.02347598 -0.3953506 1.623282
0.185392 -0.4509663 1.682732
-0.07583347 -0.7560897 1.699
0.09276196 -0.8093781 1.733436
-0.08876248 -0.8468875 1.624369
0.1240703 -0.8995165 1.672634
9
0.02025876 -0.1445685 1.938059
-0.06587484 -0.1240474 1.888625
0.1056829 -0.1597424 1.908251
-0.02347598 -0.3953506 1.623282
0.185392 -0.4509663 1.682732
-0.07583347 -0.7560897 1.699
0.09276196 -0.8093781 1.733436
-0.08876248 -0.8468875 1.624369
0.1240703 -0.8995165 1.672634
9
0.01645629 -0.169222 1.935601
-0.07286155 -0.1660972 1.878927
0.1040672 -0.1710045 1.910027
-0.01438841 -0.4169593 1.595401
0.1894139 -0.4563269 1.678371
-0.06859969 -0.7756488 1.676741
0.09219563 -0.8134835 1.729276
-0.08160668 -0.8695354 1.613894
0.04890032 -0.8886868 1.639729
9
0.01645629 -0.169222 1.935601
-0.07286155 -0.1660972 1.878927
0.1040672 -0.1710045 1.910027
-0.01438841 -0.4169593 1.595401
0.1894139 -0.4563269 1.678371
-0.06859969 -0.7756488 1.676741
0.09219563 -0.8134835 1.729276
-0.08160668 -0.8695354 1.613894
0.04890032 -0.8886868 1.639729
9
0.01270856 -0.1963396 1.938943
-0.07671428 -0.1828127 1.881711
0.102074 -0.2013753 1.91613
-0.01083282 -0.4208202 1.587904
0.2004164 -0.4653244 1.662461
-0.07115363 -0.7743092 1.683067
0.09223474 -0.8169891 1.724614
-0.07868414 -0.8661945 1.611232
0.05124006 -0.8942301 1.63706
9
0.01270856 -0.1963396 1.938943
-0.07671428 -0.1828127 1.881711
0.102074 -0.2013753 1.91613
-0.01083282 -0.4208202 1.587904
0.2004164 -0.4653244 1.662461
-0.07115363 -0.7743092 1.683067
0.09223474 -0.8169891 1.724614
-0.07868414 -0.8661945 1.611232
0.05124006 -0.8942301 1.63706
9
0.01270856 -0.1963396 1.938943
-0.07671428 -0.1828127 1.881711
0.102074 -0.2013753 1.91613
-0.01083282 -0.4208202 1.587904
0.2004164 -0.4653244 1.662461
-0.07115363 -0.7743092 1.683067
0.09223474 -0.8169891 1.724614
-0.07868414 -0.8661945 1.611232
0.05124006 -0.8942301 1.63706
9
0.01270856 -0.1963396 1.938943
-0.07671428 -0.1828127 1.881711
0.102074 -0.2013753 1.91613
-0.01083282 -0.4208202 1.587904
0.2004164 -0.4653244 1.662461
-0.07115363 -0.7743092 1.683067
0.09223474 -0.8169891 1.724614
-0.07868414 -0.8661945 1.611232
0.05124006 -0.8942301 1.63706
9
0.0002441151 -0.2673092 1.955262
-0.08863388 -0.2507747 1.900436
0.08903173 -0.2731039 1.931591
-0.004969766 -0.4562292 1.575707
0.2107559 -0.4815024 1.634863
-0.08205515 -0.7787392 1.703218
0.08513407 -0.818303 1.729185
-0.06099264 -0.8556896 1.604308
0.0413754 -0.8870038 1.630525
9
0.0002441151 -0.2673092 1.955262
-0.08863388 -0.2507747 1.900436
0.08903173 -0.2731039 1.931591
-0.004969766 -0.4562292 1.575707
0.2107559 -0.4815024 1.634863
-0.08205515 -0.7787392 1.703218
0.08513407 -0.818303 1.729185
-0.06099264 -0.8556896 1.604308
0.0413754 -0.8870038 1.630525
9
0.02703552 -0.3606347 1.892615
-0.06000057 -0.3549666 1.833212
0.1128582 -0.3514815 1.874202
0.02368685 -0.4959835 1.482218
0.2468232 -0.5276948 1.561256
-0.08194157 -0.7806699 1.699906
0.1212416 -0.8639451 1.656288
-0.06270915 -0.8592344 1.60298
0.1297714 -0.9480631 1.534869
9
0.02703552 -0.3606347 1.892615
-0.06000057 -0.3549666 1.833212
0.1128582 -0.3514815 1.874202
0.02368685 -0.4959835 1.482218
0.2468232 -0.5276948 1.561256
-0.08194157 -0.7806699 1.699906
0.1212416 -0.8639451 1.656288
-0.06270915 -0.8592344 1.60298
0.1297714 -0.9480631 1.534869
9
0.0262064 -0.4121563 1.881752
-0.05906991 -0.4047454 1.821566
0.1102805 -0.4027159 1.864556
0.03996967 -0.4916926 1.455906
0.2345408 -0.5011187 1.511466
-0.0806113 -0.7792954 1.69717
0.1228361 -0.8335298 1.629954
-0.15059 -0.8508891 1.645388
0.1322551 -0.9207429 1.51193
9
0.0262064 -0.4121563 1.881752
-0.05906991 -0.4047454 1.821566
0.1102805 -0.4027159 1.864556
0.03996967 -0.4916926 1.455906
0.2345408 -0.5011187 1.511466
-0.0806113 -0.7792954 1.69717
0.1228361 -0.8335298 1.629954
-0.15059 -0.8508891 1.645388
0.1322551 -0.9207429 1.51193
9
0.01069028 -0.4533507 1.872321
-0.07196806 -0.4387659 1.811692
0.09259737 -0.4498707 1.856176
0.05375279 -0.4970042 1.448356
0.2495324 -0.4888372 1.503923
-0.05769048 -0.7989005 1.692435
0.1348452 -0.819257 1.625423
-0.04955338 -0.8619146 1.575514
0.06353959 -0.8489559 1.669855
9
0.01069028 -0.4533507 1.872321
-0.07196806 -0.4387659 1.811692
0.09259737 -0.4498707 1.856176
0.05375279 -0.4970042 1.448356
0.2495324 -0.4888372 1.503923
-0.05769048 -0.7989005 1.692435
0.1348452 -0.819257 1.625423
-0.04955338 -0.8619146 1.575514
0.06353959 -0.8489559 1.669855
9
0.003911842 -0.4994501 1.861557
-0.07984057 -0.4847974 1.799312
0.08738966 -0.4932134 1.847343
0.06009298 -0.5000703 1.436342
0.2379563 -0.4843073 1.489236
-0.08154446 -0.8146121 1.674444
0.1271073 -0.8075663 1.629143
-0.09380659 -0.843841 1.535979
0.1172074 -0.8594641 1.685735
9
0.003911842 -0.4994501 1.861557
-0.07984057 -0.4847974 1.799312
0.08738966 -0.4932134 1.847343
0.06009298 -0.5000703 1.436342
0.2379563 -0.4843073 1.489236
-0.08154446 -0.8146121 1.674444
0.1271073 -0.8075663 1.629143
-0.09380659 -0.843841 1.535979
0.1172074 -0.8594641 1.685735
9
-0.003223804 -0.5170362 1.865121
-0.08652595 -0.4997109 1.801695
0.08002461 -0.5134972 1.852442
0.04565802 -0.5865428 1.44782
0.221315 -0.4834972 1.491172
-0.08767565 -0.8805701 1.657051
0.1205523 -0.8053758 1.639848
-0.09546273 -0.7898727 1.535112
0.1303643 -0.8979403 1.527973
9
-0.003223804 -0.5170362 1.865121
-0.08652595 -0.4997109 1.801695
0.08002461 -0.5134972 1.852442
0.04565802 -0.5865428 1.44782
0.221315 -0.4834972 1.491172
-0.08767565 -0.8805701 1.657051
0.1205523 -0.8053758 1.639848
-0.09546273 -0.7898727 1.535112
0.1303643 -0.8979403 1.527973
9
-0.009996319 -0.5287724 1.884847
-0.09365875 -0.5093197 1.824184
0.0738923 -0.5268226 1.869538
0.04108339 -0.5734355 1.465805
0.2044233 -0.4882241 1.504701
-0.07904226 -0.8801281 1.643045
0.1079405 -0.8052589 1.664385
-0.1075369 -0.7787496 1.536496
0.1407739 -0.8836302 1.682832
9
-0.009996319 -0.5287724 1.884847
-0.09365875 -0.5093197 1.824184
0.0738923 -0.5268226 1.869538
0.04108339 -0.5734355 1.465805
0.2044233 -0.4882241 1.504701
-0.07904226 -0.8801281 1.643045
0.1079405 -0.8052589 1.664385
-0.1075369 -0.7787496 1.536496
0.1407739 -0.8836302 1.682832
9
-0.0129988 -0.5351121 1.891835
-0.09650361 -0.5153222 1.829941
0.07090581 -0.5332927 1.877726
0.03744719 -0.5689043 1.469245
0.1936815 -0.4935245 1.510151
-0.07480246 -0.8805823 1.627781
0.1190562 -0.8138936 1.710522
-0.1224249 -0.770977 1.545438
0.1536678 -0.8921982 1.623491
9
-0.0129988 -0.5351121 1.891835
-0.09650361 -0.5153222 1.829941
0.07090581 -0.5332927 1.877726
0.03744719 -0.5689043 1.469245
0.1936815 -0.4935245 1.510151
-0.07480246 -0.8805823 1.627781
0.1190562 -0.8138936 1.710522
-0.1224249 -0.770977 1.545438
0.1536678 -0.8921982 1.623491
9
-0.01804065 -0.5440984 1.900712
-0.1006856 -0.5231854 1.838646
0.06517547 -0.5432267 1.886712
0.03241706 -0.5648566 1.47577
0.2465555 -0.4916567 1.547592
-0.07495968 -0.8790773 1.622578
0.1162449 -0.8210368 1.710088
-0.1244757 -0.7663856 1.548846
0.1651052 -0.8896649 1.618807
9
-0.01804065 -0.5440984 1.900712
-0.1006856 -0.5231854 1.838646
0.06517547 -0.5432267 1.886712
0.03241706 -0.5648566 1.47577
0.2465555 -0.4916567 1.547592
-0.07495968 -0.8790773 1.622578
0.1162449 -0.8210368 1.710088
-0.1244757 -0.7663856 1.548846
0.1651052 -0.8896649 1.618807
9
-0.01804065 -0.5440984 1.900712
-0.1006856 -0.5231854 1.838646
0.06517547 -0.5432267 1.886712
0.03241706 -0.5648566 1.47577
0.2465555 -0.4916567 1.547592
-0.07495968 -0.8790773 1.622578
0.1162449 -0.8210368 1.710088
-0.1244757 -0.7663856 1.548846
0.1651052 -0.8896649 1.618807
9
-0.01804065 -0.5440984 1.900712
-0.1006856 -0.5231854 1.838646
0.06517547 -0.5432267 1.886712
0.03241706 -0.5648566 1.47577
0.2465555 -0.4916567 1.547592
-0.07495968 -0.8790773 1.622578
0.1162449 -0.8210368 1.710088
-0.1244757 -0.7663856 1.548846
0.1651052 -0.8896649 1.618807
9
-0.02271553 -0.5488571 1.907305
-0.1044395 -0.5273468 1.845162
0.05972547 -0.5485068 1.893382
0.04114235 -0.5211659 1.441845
0.2425845 -0.4956307 1.555293
-0.101231 -0.8100168 1.616675
0.1305924 -0.8231722 1.685095
-0.09144034 -0.9006996 1.544938
0.1729944 -0.9112241 1.65805
9
-0.02271553 -0.5488571 1.907305
-0.1044395 -0.5273468 1.845162
0.05972547 -0.5485068 1.893382
0.04114235 -0.5211659 1.441845
0.2425845 -0.4956307 1.555293
-0.101231 -0.8100168 1.616675
0.1305924 -0.8231722 1.685095
-0.09144034 -0.9006996 1.544938
0.1729944 -0.9112241 1.65805
9
-0.02349695 -0.5492105 1.908379
-0.1051094 -0.5277092 1.846573
0.0588829 -0.5488479 1.894172
0.004294678 -0.5034958 1.401859
0.2430499 -0.5576075 1.553921
-0.1376932 -0.7924575 1.576564
0.1227275 -0.8288274 1.700861
-0.07054847 -0.8592268 1.586083
0.1898268 -0.8913782 1.622109
9
-0.02349695 -0.5492105 1.908379
-0.1051094 -0.5277092 1.846573
0.0588829 -0.5488479 1.894172
0.004294678 -0.5034958 1.401859
0.2430499 -0.5576075 1.553921
-0.1376932 -0.7924575 1.576564
0.1227275 -0.8288274 1.700861
-0.07054847 -0.8592268 1.586083
0.1898268 -0.8913782 1.622109
9
-0.02318812 -0.548412 1.908541
-0.1049058 -0.5272108 1.846896
0.05935467 -0.547609 1.894082
0.004173579 -0.5228822 1.396127
0.2425592 -0.5553418 1.553213
-0.1378063 -0.8115713 1.570878
0.1247209 -0.8290803 1.703978
-0.05493926 -0.8525677 1.594017
0.1887031 -0.8878392 1.61497
9
-0.02318812 -0.548412 1.908541
-0.1049058 -0.5272108 1.846896
0.05935467 -0.547609 1.894082
0.004173579 -0.5228822 1.396127
0.2425592 -0.5553418 1.553213
-0.1378063 -0.8115713 1.570878
0.1247209 -0.8290803 1.703978
-0.05493926 -0.8525677 1.594017
0.1887031 -0.8878392 1.61497
9
-0.02318812 -0.548412 1.908541
-0.1049058 -0.5272108 1.846896
0.05935467 -0.547609 1.894082
0.004173579 -0.5228822 1.396127
0.2425592 -0.5553418 1.553213
-0.1378063 -0.8115713 1.570878
0.1247209 -0.8290803 1.703978
-0.05493926 -0.8525677 1.594017
0.1887031 -0.8878392 1.61497
9
-0.02318812 -0.548412 1.908541
-0.1049058 -0.5272108 1.846896
0.05935467 -0.547609 1.894082
0.004173579 -0.5228822 1.396127
0.2425592 -0.5553418 1.553213
-0.1378063 -0.8115713 1.570878
0.1247209 -0.8290803 1.703978
-0.05493926 -0.8525677 1.594017
0.1887031 -0.8878392 1.61497
9
-0.01476054 -0.5314532 1.901237
-0.09852531 -0.5131243 1.842242
0.0697699 -0.5281515 1.883469
-0.004645951 -0.4439109 1.388772
0.2343748 -0.4944921 1.533257
-0.07583775 -0.7568085 1.565276
0.1387207 -0.817827 1.681871
-0.08875598 -0.8466741 1.491665
0.1611775 -0.9118878 1.660182
9
-0.01476054 -0.5314532 1.901237
-0.09852531 -0.5131243 1.842242
0.0697699 -0.5281515 1.883469
-0.004645951 -0.4439109 1.388772
0.2343748 -0.4944921 1.533257
-0.07583775 -0.7568085 1.565276
0.1387207 -0.817827 1.681871
-0.08875598 -0.8466741 1.491665
0.1611775 -0.9118878 1.660182
