40
9
0.0545601 -0.347027 2.132627
-0.0290516 -0.3415924 2.110328
0.1363192 -0.3404507 2.081033
-0.1198522 -0.6692147 2.036793
0.1526476 -0.6637218 1.929747
-0.0606524 -1.001258 2.116431
0.1799737 -1.002974 2.024222
-0.119063 -1.063678 2.062872
0.1533265 -1.043517 1.891101
9
0.0545601 -0.347027 2.132627
-0.0290516 -0.3415924 2.110328
0.1363192 -0.3404507 2.081033
-0.1198522 -0.6692147 2.036793
0.1526476 -0.6637218 1.929747
-0.0606524 -1.001258 2.116431
0.1799737 -1.002974 2.024222
-0.119063 -1.063678 2.062872
0.1533265 -1.043517 1.891101
9
0.05385789 -0.3710113 2.136135
-0.03009616 -0.3651704 2.114299
0.1359934 -0.3640456 2.084202
-0.1324686 -0.6877121 2.029551
0.1509427 -0.6789627 1.911679
-0.05956833 -1.007021 2.120242
0.1788663 -1.008981 2.024373
-0.1179964 -1.069631 2.067666
0.151739 -1.05091 1.892256
9
0.05385789 -0.3710113 2.136135
-0.03009616 -0.3651704 2.114299
0.1359934 -0.3640456 2.084202
-0.1324686 -0.6877121 2.029551
0.1509427 -0.6789627 1.911679
-0.05956833 -1.007021 2.120242
0.1788663 -1.008981 2.024373
-0.1179964 -1.069631 2.067666
0.151739 -1.05091 1.892256
9
0.05090537 -0.3993249 2.141812
-0.03345962 -0.3924312 2.120527
0.1335715 -0.3925197 2.089479
-0.1493704 -0.7073381 2.019434
0.1482124 -0.6944582 1.890313
-0.06003036 -1.007481 2.118444
0.1786794 -1.008005 2.018988
-0.08405592 -1.051276 1.986898
0.1508421 -1.051218 1.887839
9
0.05090537 -0.3993249 2.141812
-0.03345962 -0.3924312 2.120527
0.1335715 -0.3925197 2.089479
-0.1493704 -0.7073381 2.019434
0.1482124 -0.6944582 1.890313
-0.06003036 -1.007481 2.118444
0.1786794 -1.008005 2.018988
-0.08405592 -1.051276 1.986898
0.1508421 -1.051218 1.887839
9
0.05153717 -0.4350538 2.141661
-0.03221506 -0.4296535 2.120629
0.1336053 -0.4256034 2.089319
-0.1692152 -0.7328177 2.007132
0.1460503 -0.7133123 1.866337
-0.06057047 -1.009246 2.116182
0.1789187 -1.016178 2.017694
-0.1058409 -1.082227 2.088849
0.2348447 -1.065688 2.032488
9
0.05153717 -0.4350538 2.141661
-0.03221506 -0.4296535 2.120629
0.1336053 -0.4256034 2.089319
-0.1692152 -0.7328177 2.007132
0.1460503 -0.7133123 1.866337
-0.06057047 -1.009246 2.116182
0.1789187 -1.016178 2.017694
-0.1058409 -1.082227 2.088849
0.2348447 -1.065688 2.032488
9
0.04674029 -0.4744188 2.180626
-0.03429967 -0.4649951 2.161072
0.1262582 -0.4679288 2.12702
-0.1808864 -0.7442662 1.991946
0.1429013 -0.7165675 1.854731
-0.06528498 -1.013979 2.108589
0.1786862 -1.017785 2.010701
-0.1411647 -1.060795 2.061792
0.2309148 -1.077768 2.012232
9
0.04674029 -0.4744188 2.180626
-0.03429967 -0.4649951 2.161072
0.1262582 -0.4679288 2.12702
-0.1808864 -0.7442662 1.991946
0.1429013 -0.7165675 1.854731
-0.06528498 -1.013979 2.108589
0.1786862 -1.017785 2.010701
-0.1411647 -1.060795 2.061792
0.2309148 -1.077768 2.012232
9
0.04849611 -0.5225713 2.174411
-0.03159629 -0.5107394 2.157853
0.1269812 -0.5171222 2.118037
-0.2443997 -0.7113023 1.940902
0.137518 -0.6862787 1.783072
-0.08129869 -1.013251 2.080768
0.1784579 -1.043759 1.94937
-0.1624455 -1.059559 2.089826
0.1523381 -1.091547 1.821802
9
0.04849611 -0.5225713 2.174411
-0.03159629 -0.5107394 2.157853
0.1269812 -0.5171222 2.118037
-0.2443997 -0.7113023 1.940902
0.137518 -0.6862787 1.783072
-0.08129869 -1.013251 2.080768
0.1784579 -1.043759 1.94937
-0.1624455 -1.059559 2.089826
0.1523381 -1.091547 1.821802
9
0.04840974 -0.5531433 2.170474
-0.03199982 -0.5446762 2.1529
0.1272029 -0.5432776 2.115367
-0.2575082 -0.723576 1.928558
0.1346727 -0.6905068 1.769006
-0.0836592 -1.013857 2.081385
0.1801352 -1.047418 1.935212
-0.1599741 -1.057686 2.087686
0.1532337 -1.095402 1.808135
9
0.04840974 -0.5531433 2.170474
-0.03199982 -0.5446762 2.1529
0.1272029 -0.5432776 2.115367
-0.2575082 -0.723576 1.928558
0.1346727 -0.6905068 1.769006
-0.0836592 -1.013857 2.081385
0.1801352 -1.047418 1.935212
-0.1599741 -1.057686 2.087686
0.1532337 -1.095402 1.808135
9
0.04000877 -0.5983308 2.162349
-0.04007022 -0.5856487 2.145908
0.1188433 -0.5910327 2.106603
-0.2771324 -0.7355918 1.910409
0.135392 -0.6983503 1.744638
-0.08451086 -1.014203 2.080476
0.1780041 -1.018315 1.993646
-0.156093 -1.066866 2.048138
0.223868 -1.085724 1.985826
9
0.04000877 -0.5983308 2.162349
-0.04007022 -0.5856487 2.145908
0.1188433 -0.5910327 2.106603
-0.2771324 -0.7355918 1.910409
0.135392 -0.6983503 1.744638
-0.08451086 -1.014203 2.080476
0.1780041 -1.018315 1.993646
-0.156093 -1.066866 2.048138
0.223868 -1.085724 1.985826
9
0.03616259 -0.6339781 2.157915
-0.04437717 -0.6240221 2.141292
0.1155266 -0.6229924 2.102679
-0.2913563 -0.7471044 1.899042
0.1362389 -0.7021479 1.73287
-0.06925514 -1.025601 2.09999
0.1787354 -1.02249 1.990701
-0.1521895 -1.057151 2.040656
0.2153211 -1.097493 1.9498
9
0.03616259 -0.6339781 2.157915
-0.04437717 -0.6240221 2.141292
0.1155266 -0.6229924 2.102679
-0.2913563 -0.7471044 1.899042
0.1362389 -0.7021479 1.73287
-0.06925514 -1.025601 2.09999
0.1787354 -1.02249 1.990701
-0.1521895 -1.057151 2.040656
0.2153211 -1.097493 1.9498
9
0.03184719 -0.6756958 2.14923
-0.04801766 -0.6642781 2.13249
0.1107081 -0.6645514 2.094573
-0.3110548 -0.7450699 1.887806
0.1405194 -0.7031728 1.717997
-0.07834141 -1.021714 2.085699
0.185348 -1.037749 1.922322
-0.1526212 -1.06821 2.032657
0.1580237 -1.08416 1.79426
9
0.03184719 -0.6756958 2.14923
-0.04801766 -0.6642781 2.13249
0.1107081 -0.6645514 2.094573
-0.3110548 -0.7450699 1.887806
0.1405194 -0.7031728 1.717997
-0.07834141 -1.021714 2.085699
0.185348 -1.037749 1.922322
-0.1526212 -1.06821 2.032657
0.1580237 -1.08416 1.79426
9
0.03184719 -0.6756958 2.14923
-0.04801766 -0.6642781 2.13249
0.1107081 -0.6645514 2.094573
-0.3110548 -0.7450699 1.887806
0.1405194 -0.7031728 1.717997
-0.07834141 -1.021714 2.085699
0.185348 -1.037749 1.922322
-0.1526212 -1.06821 2.032657
0.1580237 -1.08416 1.79426
9
0.01870338 -0.7481327 2.136878
-0.0625089 -0.736021 2.120298
0.09934964 -0.7355041 2.082781
-0.3364702 -0.7838796 1.878912
0.1486767 -0.71393 1.705983
-0.07971007 -1.020754 2.084463
0.1880735 -1.03481 1.930694
-0.1516528 -1.070246 2.03244
0.161483 -1.079916 1.801489
9
0.01870338 -0.7481327 2.136878
-0.0625089 -0.736021 2.120298
0.09934964 -0.7355041 2.082781
-0.3364702 -0.7838796 1.878912
0.1486767 -0.71393 1.705983
-0.07971007 -1.020754 2.084463
0.1880735 -1.03481 1.930694
-0.1516528 -1.070246 2.03244
0.161483 -1.079916 1.801489
9
0.01731453 -0.7657621 2.131497
-0.06379986 -0.7541342 2.114924
0.09791344 -0.7520942 2.077598
-0.3425258 -0.7812724 1.875196
0.1506198 -0.7178707 1.702064
-0.0794386 -1.021067 2.08476
0.1861204 -1.038271 1.927983
-0.1537672 -1.056224 2.010927
0.1595441 -1.082597 1.79837
9
0.01731453 -0.7657621 2.131497
-0.06379986 -0.7541342 2.114924
0.09791344 -0.7520942 2.077598
-0.3425258 -0.7812724 1.875196
0.1506198 -0.7178707 1.702064
-0.0794386 -1.021067 2.08476
0.1861204 -1.038271 1.927983
-0.1537672 -1.056224 2.010927
0.1595441 -1.082597 1.79837
9
0.01731453 -0.7657621 2.131497
-0.06379986 -0.7541342 2.114924
0.09791344 -0.7520942 2.077598
-0.3425258 -0.7812724 1.875196
0.1506198 -0.7178707 1.702064
-0.0794386 -1.021067 2.08476
0.1861204 -1.038271 1.927983
-0.1537672 -1.056224 2.010927
0.1595441 -1.082597 1.79837
9
0.01731453 -0.7657621 2.131497
-0.06379986 -0.7541342 2.114924
0.09791344 -0.7520942 2.077598
-0.3425258 -0.7812724 1.875196
0.1506198 -0.7178707 1.702064
-0.0794386 -1.021067 2.08476
0.1861204 -1.038271 1.927983
-0.1537672 -1.056224 2.010927
0.1595441 -1.082597 1.79837
9
0.007896069 -0.8188185 2.120525
-0.07290066 -0.8054493 2.103952
0.08848389 -0.8052179 2.067242
-0.3481582 -0.7777147 1.857185
0.1466631 -0.7331033 1.697571
-0.05505127 -1.026686 2.095295
0.1719745 -1.023587 1.960039
-0.1326243 -1.054566 2.018506
0.1464711 -1.066876 1.829109
9
0.007896069 -0.8188185 2.120525
-0.07290066 -0.8054493 2.103952
0.08848389 -0.8052179 2.067242
-0.3481582 -0.7777147 1.857185
0.1466631 -0.7331033 1.697571
-0.05505127 -1.026686 2.095295
0.1719745 -1.023587 1.960039
-0.1326243 -1.054566 2.018506
0.1464711 -1.066876 1.829109
9
0.007278003 -0.8234016 2.119922
-0.07346413 -0.8105882 2.103661
0.0878381 -0.8091751 2.066413
-0.3453376 -0.7842894 1.852565
0.143651 -0.7375488 1.696267
-0.07890852 -1.036743 2.080111
0.1693295 -1.022002 1.964932
-0.1547769 -1.065722 2.002439
0.1437702 -1.065217 1.833918
9
0.007278003 -0.8234016 2.119922
-0.07346413 -0.8105882 2.103661
0.0878381 -0.8091751 2.066413
-0.3453376 -0.7842894 1.852565
0.143651 -0.7375488 1.696267
-0.07890852 -1.036743 2.080111
0.1693295 -1.022002 1.964932
-0.1547769 -1.065722 2.002439
0.1437702 -1.065217 1.833918
9
0.005716742 -0.8302724 2.118636
-0.07558689 -0.8179053 2.102354
0.08684132 -0.8153901 2.065217
-0.3457045 -0.7853568 1.849665
0.1414633 -0.7390084 1.695787
-0.02822179 -1.038487 2.122601
0.1680364 -1.022175 1.96569
-0.1044582 -1.067973 2.044332
0.142492 -1.065086 1.83449
9
0.005716742 -0.8302724 2.118636
-0.07558689 -0.8179053 2.102354
0.08684132 -0.8153901 2.065217
-0.3457045 -0.7853568 1.849665
0.1414633 -0.7390084 1.695787
-0.02822179 -1.038487 2.122601
0.1680364 -1.022175 1.96569
-0.1044582 -1.067973 2.044332
0.142492 -1.065086 1.83449
9
0.003654824 -0.8378001 2.118732
-0.07716762 -0.8253424 2.103012
0.08437218 -0.8227987 2.064823
-0.342596 -0.7814856 1.84609
0.1398783 -0.7409669 1.696653
-0.1107024 -1.028693 2.055562
0.1442302 -1.037878 1.953449
-0.09660538 -1.103341 2.062937
0.1190398 -1.080248 1.822242
9
0.003654824 -0.8378001 2.118732
-0.07716762 -0.8253424 2.103012
0.08437218 -0.8227987 2.064823
-0.342596 -0.7814856 1.84609
0.1398783 -0.7409669 1.696653
-0.1107024 -1.028693 2.055562
0.1442302 -1.037878 1.953449
-0.09660538 -1.103341 2.062937
0.1190398 -1.080248 1.822242
9
0.003853555 -0.8399422 2.117731
-0.07699726 -0.8278477 2.101879
0.0845927 -0.8245175 2.063976
-0.3416455 -0.7786664 1.84486
0.1390438 -0.7421681 1.69575
-0.1137267 -1.018249 2.066355
0.1452317 -1.03903 1.952542
-0.1348027 -1.061422 1.934528
0.1199679 -1.081209 1.821263
9
0.003853555 -0.8399422 2.117731
-0.07699726 -0.8278477 2.101879
0.0845927 -0.8245175 2.063976
-0.3416455 -0.7786664 1.84486
0.1390438 -0.7421681 1.69575
-0.1137267 -1.018249 2.066355
0.1452317 -1.03903 1.952542
-0.1348027 -1.061422 1.934528
0.1199679 -1.081209 1.821263
9
0.003617494 -0.84014 2.117832
-0.07716501 -0.8280287 2.102008
0.08428902 -0.8247234 2.064047
-0.341591 -0.7769226 1.845057
0.1390326 -0.7423402 1.695875
-0.04761844 -1.011396 2.105132
0.1506013 -1.036582 1.955318
-0.1554496 -1.041903 2.005892
0.2214166 -1.067931 1.971177
9
0.003617494 -0.84014 2.117832
-0.07716501 -0.8280287 2.102008
0.08428902 -0.8247234 2.064047
-0.341591 -0.7769226 1.845057
0.1390326 -0.7423402 1.695875
-0.04761844 -1.011396 2.105132
0.1506013 -1.036582 1.955318
-0.1554496 -1.041903 2.005892
0.2214166 -1.067931 1.971177
9
0.003601677 -0.8371246 2.117664
-0.07716717 -0.8246339 2.101845
0.08427215 -0.8221068 2.063844
-0.3451408 -0.7792974 1.848163
0.1394146 -0.7423345 1.695184
-0.1192796 -1.028992 2.060813
0.1958264 -1.054335 1.957767
-0.1875119 -1.073872 1.991331
0.1696147 -1.096318 1.826638
