40
9
-0.2136972 -0.1760846 2.183839
-0.2771427 -0.1722028 2.131147
-0.1428575 -0.1740748 2.160451
-0.377661 -0.357324 1.83353
0.004803 -0.4260604 1.953633
-0.367123 -0.7639415 1.91707
-0.04807789 -0.8378776 1.987329
-0.3499333 -0.8134466 1.957357
-0.01929963 -0.9070578 1.878289
9
-0.2136972 -0.1760846 2.183839
-0.2771427 -0.1722028 2.131147
-0.1428575 -0.1740748 2.160451
-0.377661 -0.357324 1.83353
0.004803 -0.4260604 1.953633
-0.367123 -0.7639415 1.91707
-0.04807789 -0.8378776 1.987329
-0.3499333 -0.8134466 1.957357
-0.01929963 -0.9070578 1.878289
9
-0.2136972 -0.1760846 2.183839
-0.2771427 -0.1722028 2.131147
-0.1428575 -0.1740748 2.160451
-0.377661 -0.357324 1.83353
0.004803 -0.4260604 1.953633
-0.367123 -0.7639415 1.91707
-0.04807789 -0.8378776 1.987329
-0.3499333 -0.8134466 1.957357
-0.01929963 -0.9070578 1.878289
9
-0.2160137 -0.1958041 2.184519
-0.2814881 -0.1907366 2.131034
-0.1430011 -0.1942884 2.161983
-0.3804149 -0.3609678 1.823203
0.01329136 -0.4271736 1.936859
-0.3646016 -0.7652625 1.915075
-0.08978376 -0.7661664 2.034049
-0.3501399 -0.8129706 1.957156
-0.0484315 -0.8362175 1.965379
9
-0.2160137 -0.1958041 2.184519
-0.2814881 -0.1907366 2.131034
-0.1430011 -0.1942884 2.161983
-0.3804149 -0.3609678 1.823203
0.01329136 -0.4271736 1.936859
-0.3646016 -0.7652625 1.915075
-0.08978376 -0.7661664 2.034049
-0.3501399 -0.8129706 1.957156
-0.0484315 -0.8362175 1.965379
9
-0.2170386 -0.215459 2.185694
-0.2852184 -0.2105221 2.130982
-0.1413981 -0.2132927 2.164402
-0.3745034 -0.3794606 1.8192
0.01851731 -0.4279965 1.921818
-0.3422624 -0.7550849 1.970309
-0.09062555 -0.7674019 2.032896
-0.3105463 -0.8267993 1.861838
-0.04744853 -0.8369451 1.965255
9
-0.2170386 -0.215459 2.185694
-0.2852184 -0.2105221 2.130982
-0.1413981 -0.2132927 2.164402
-0.3745034 -0.3794606 1.8192
0.01851731 -0.4279965 1.921818
-0.3422624 -0.7550849 1.970309
-0.09062555 -0.7674019 2.032896
-0.3105463 -0.8267993 1.861838
-0.04744853 -0.8369451 1.965255
9
-0.2198789 -0.2374128 2.187402
-0.289086 -0.2266403 2.133479
-0.1426859 -0.2408665 2.165127
-0.3711932 -0.3932861 1.818236
0.02440637 -0.4313219 1.905373
-0.342655 -0.7587113 1.965913
-0.09141877 -0.7684598 2.030712
-0.3168675 -0.8313463 1.856804
-0.04589164 -0.8375066 1.965011
9
-0.2198789 -0.2374128 2.187402
-0.289086 -0.2266403 2.133479
-0.1426859 -0.2408665 2.165127
-0.3711932 -0.3932861 1.818236
0.02440637 -0.4313219 1.905373
-0.342655 -0.7587113 1.965913
-0.09141877 -0.7684598 2.030712
-0.3168675 -0.8313463 1.856804
-0.04589164 -0.8375066 1.965011
9
-0.221382 -0.2739493 2.191456
-0.2924646 -0.2701561 2.13637
-0.1428889 -0.268753 2.170302
-0.3728949 -0.4065167 1.805107
0.02725737 -0.43173 1.89216
-0.3419745 -0.7632901 1.961851
-0.09180908 -0.7700009 2.027325
-0.3105047 -0.8360641 1.854797
-0.0432767 -0.8384339 1.964698
9
-0.221382 -0.2739493 2.191456
-0.2924646 -0.2701561 2.13637
-0.1428889 -0.268753 2.170302
-0.3728949 -0.4065167 1.805107
0.02725737 -0.43173 1.89216
-0.3419745 -0.7632901 1.961851
-0.09180908 -0.7700009 2.027325
-0.3105047 -0.8360641 1.854797
-0.0432767 -0.8384339 1.964698
9
-0.2232531 -0.298886 2.195229
-0.2942031 -0.2899237 2.139751
-0.1446543 -0.2978747 2.174891
-0.3714872 -0.4135948 1.802259
0.02510657 -0.4408917 1.88445
-0.3411351 -0.767651 1.958321
-0.09243058 -0.7724027 2.02424
-0.3116795 -0.8411776 1.851626
-0.04051621 -0.8399578 1.965385
9
-0.2232531 -0.298886 2.195229
-0.2942031 -0.2899237 2.139751
-0.1446543 -0.2978747 2.174891
-0.3714872 -0.4135948 1.802259
0.02510657 -0.4408917 1.88445
-0.3411351 -0.767651 1.958321
-0.09243058 -0.7724027 2.02424
-0.3116795 -0.8411776 1.851626
-0.04051621 -0.8399578 1.965385
9
-0.2420778 -0.3758131 2.15771
-0.3089809 -0.3633631 2.103648
-0.1667708 -0.3751717 2.136616
-0.3812427 -0.4324214 1.748251
0.05413321 -0.4481478 1.854289
-0.3403973 -0.7666823 1.948014
-0.09240507 -0.7757356 2.018524
-0.3098748 -0.8349821 1.835852
-0.03857191 -0.8433543 1.964851
9
-0.2420778 -0.3758131 2.15771
-0.3089809 -0.3633631 2.103648
-0.1667708 -0.3751717 2.136616
-0.3812427 -0.4324214 1.748251
0.05413321 -0.4481478 1.854289
-0.3403973 -0.7666823 1.948014
-0.09240507 -0.7757356 2.018524
-0.3098748 -0.8349821 1.835852
-0.03857191 -0.8433543 1.964851
9
-0.2420778 -0.3758131 2.15771
-0.3089809 -0.3633631 2.103648
-0.1667708 -0.3751717 2.136616
-0.3812427 -0.4324214 1.748251
0.05413321 -0.4481478 1.854289
-0.3403973 -0.7666823 1.948014
-0.09240507 -0.7757356 2.018524
-0.3098748 -0.8349821 1.835852
-0.03857191 -0.8433543 1.964851
9
-0.2420778 -0.3758131 2.15771
-0.3089809 -0.3633631 2.103648
-0.1667708 -0.3751717 2.136616
-0.3812427 -0.4324214 1.748251
0.05413321 -0.4481478 1.854289
-0.3403973 -0.7666823 1.948014
-0.09240507 -0.7757356 2.018524
-0.3098748 -0.8349821 1.835852
-0.03857191 -0.8433543 1.964851
9
-0.2438972 -0.4507073 2.145574
-0.3108723 -0.4357858 2.089829
-0.1684705 -0.4499452 2.126665
-0.3728144 -0.4713664 1.726843
0.05236759 -0.4593988 1.833184
-0.3379595 -0.78123 1.951912
-0.09381128 -0.7818975 2.013263
-0.3669949 -0.8486591 1.960524
-0.03120819 -0.8435006 1.961594
9
-0.2438972 -0.4507073 2.145574
-0.3108723 -0.4357858 2.089829
-0.1684705 -0.4499452 2.126665
-0.3728144 -0.4713664 1.726843
0.05236759 -0.4593988 1.833184
-0.3379595 -0.78123 1.951912
-0.09381128 -0.7818975 2.013263
-0.3669949 -0.8486591 1.960524
-0.03120819 -0.8435006 1.961594
9
-0.24367 -0.4773415 2.139886
-0.3109042 -0.4624388 2.083479
-0.1679998 -0.4756567 2.121818
-0.3714592 -0.4829808 1.718851
0.05346151 -0.4591046 1.828691
-0.338267 -0.7838088 1.950296
-0.09423841 -0.7839869 2.009578
-0.3722414 -0.8511466 1.954453
-0.02780102 -0.8427641 1.960239
9
-0.24367 -0.4773415 2.139886
-0.3109042 -0.4624388 2.083479
-0.1679998 -0.4756567 2.121818
-0.3714592 -0.4829808 1.718851
0.05346151 -0.4591046 1.828691
-0.338267 -0.7838088 1.950296
-0.09423841 -0.7839869 2.009578
-0.3722414 -0.8511466 1.954453
-0.02780102 -0.8427641 1.960239
9
-0.2235956 -0.5298777 2.126153
-0.2919076 -0.5139257 2.071885
-0.1475249 -0.5273632 2.106326
-0.3743683 -0.4852042 1.711949
0.05878783 -0.4550489 1.809382
-0.3409699 -0.7890535 1.945275
-0.09513732 -0.7867463 2.007099
-0.3753821 -0.8529983 1.955319
-0.0244826 -0.841987 1.960483
9
-0.2235956 -0.5298777 2.126153
-0.2919076 -0.5139257 2.071885
-0.1475249 -0.5273632 2.106326
-0.3743683 -0.4852042 1.711949
0.05878783 -0.4550489 1.809382
-0.3409699 -0.7890535 1.945275
-0.09513732 -0.7867463 2.007099
-0.3753821 -0.8529983 1.955319
-0.0244826 -0.841987 1.960483
9
-0.224778 -0.5464997 2.122447
-0.2932172 -0.5293884 2.069047
-0.1485294 -0.5446206 2.101853
-0.3708107 -0.4911472 1.708721
0.05523674 -0.4603398 1.806155
-0.3420998 -0.7910733 1.940528
-0.0949657 -0.7884843 2.004846
-0.3731821 -0.859647 1.944591
-0.02286913 -0.8425632 1.960486
9
-0.224778 -0.5464997 2.122447
-0.2932172 -0.5293884 2.069047
-0.1485294 -0.5446206 2.101853
-0.3708107 -0.4911472 1.708721
0.05523674 -0.4603398 1.806155
-0.3420998 -0.7910733 1.940528
-0.0949657 -0.7884843 2.004846
-0.3731821 -0.859647 1.944591
-0.02286913 -0.8425632 1.960486
9
-0.224778 -0.5464997 2.122447
-0.2932172 -0.5293884 2.069047
-0.1485294 -0.5446206 2.101853
-0.3708107 -0.4911472 1.708721
0.05523674 -0.4603398 1.806155
-0.3420998 -0.7910733 1.940528
-0.0949657 -0.7884843 2.004846
-0.3731821 -0.859647 1.944591
-0.02286913 -0.8425632 1.960486
9
-0.224778 -0.5464997 2.122447
-0.2932172 -0.5293884 2.069047
-0.1485294 -0.5446206 2.101853
-0.3708107 -0.4911472 1.708721
0.05523674 -0.4603398 1.806155
-0.3420998 -0.7910733 1.940528
-0.0949657 -0.7884843 2.004846
-0.3731821 -0.859647 1.944591
-0.02286913 -0.8425632 1.960486
9
-0.224778 -0.5464997 2.122447
-0.2932172 -0.5293884 2.069047
-0.1485294 -0.5446206 2.101853
-0.3708107 -0.4911472 1.708721
0.05523674 -0.4603398 1.806155
-0.3420998 -0.7910733 1.940528
-0.0949657 -0.7884843 2.004846
-0.3731821 -0.859647 1.944591
-0.02286913 -0.8425632 1.960486
9
-0.224778 -0.5464997 2.122447
-0.2932172 -0.5293884 2.069047
-0.1485294 -0.5446206 2.101853
-0.3708107 -0.4911472 1.708721
0.05523674 -0.4603398 1.806155
-0.3420998 -0.7910733 1.940528
-0.0949657 -0.7884843 2.004846
-0.3731821 -0.859647 1.944591
-0.02286913 -0.8425632 1.960486
9
-0.2343825 -0.5726188 2.144866
-0.3037037 -0.556118 2.089644
-0.1570644 -0.5695373 2.126451
-0.3273863 -0.566538 1.719788
0.0251268 -0.4881675 1.815128
-0.3460742 -0.8155088 1.949488
-0.09358149 -0.7889951 1.995999
-0.4060635 -0.8644159 1.951474
-0.02006186 -0.8421152 1.958437
9
-0.2343825 -0.5726188 2.144866
-0.3037037 -0.556118 2.089644
-0.1570644 -0.5695373 2.126451
-0.3273863 -0.566538 1.719788
0.0251268 -0.4881675 1.815128
-0.3460742 -0.8155088 1.949488
-0.09358149 -0.7889951 1.995999
-0.4060635 -0.8644159 1.951474
-0.02006186 -0.8421152 1.958437
9
-0.2367781 -0.6063852 2.122289
-0.3059537 -0.5858303 2.069864
-0.1594429 -0.6061502 2.101188
-0.3288085 -0.5633392 1.70002
0.02857097 -0.4839457 1.807592
-0.3468378 -0.8160664 1.945925
-0.09501207 -0.79553 1.995485
-0.4099927 -0.8682052 1.932966
-0.01487102 -0.84033 1.953965
9
-0.2367781 -0.6063852 2.122289
-0.3059537 -0.5858303 2.069864
-0.1594429 -0.6061502 2.101188
-0.3288085 -0.5633392 1.70002
0.02857097 -0.4839457 1.807592
-0.3468378 -0.8160664 1.945925
-0.09501207 -0.79553 1.995485
-0.4099927 -0.8682052 1.932966
-0.01487102 -0.84033 1.953965
9
-0.2370677 -0.6074513 2.121718
-0.3062907 -0.5874986 2.068896
-0.15966 -0.6066859 2.100942
-0.3285097 -0.5633903 1.699088
0.02670525 -0.4864356 1.805383
-0.3473366 -0.8164146 1.945122
-0.09602756 -0.7971917 1.995312
-0.4114995 -0.8693882 1.924827
-0.01253078 -0.8368983 1.951719
9
-0.2370677 -0.6074513 2.121718
-0.3062907 -0.5874986 2.068896
-0.15966 -0.6066859 2.100942
-0.3285097 -0.5633903 1.699088
0.02670525 -0.4864356 1.805383
-0.3473366 -0.8164146 1.945122
-0.09602756 -0.7971917 1.995312
-0.4114995 -0.8693882 1.924827
-0.01253078 -0.8368983 1.951719
9
-0.2376492 -0.607979 2.121133
-0.3068258 -0.5881492 2.068263
-0.1602508 -0.6070333 2.100451
-0.3446662 -0.575755 1.699566
0.02549818 -0.4876169 1.80412
-0.348445 -0.8186339 1.945329
-0.09189153 -0.7904204 1.986447
-0.4117571 -0.8728923 1.922545
-0.01505436 -0.8395833 1.956037
9
-0.2376492 -0.607979 2.121133
-0.3068258 -0.5881492 2.068263
-0.1602508 -0.6070333 2.100451
-0.3446662 -0.575755 1.699566
0.02549818 -0.4876169 1.80412
-0.348445 -0.8186339 1.945329
-0.09189153 -0.7904204 1.986447
-0.4117571 -0.8728923 1.922545
-0.01505436 -0.8395833 1.956037
9
-0.2378956 -0.6073107 2.120728
-0.3070035 -0.5877491 2.067936
-0.1605778 -0.6059873 2.099976
-0.3512722 -0.5783767 1.689957
0.02545444 -0.4889689 1.802855
-0.3485534 -0.821211 1.948269
-0.0914465 -0.7897433 1.985406
-0.4128505 -0.8740141 1.927835
-0.01517972 -0.8394335 1.956744
9
-0.2378956 -0.6073107 2.120728
-0.3070035 -0.5877491 2.067936
-0.1605778 -0.6059873 2.099976
-0.3512722 -0.5783767 1.689957
0.02545444 -0.4889689 1.802855
-0.3485534 -0.821211 1.948269
-0.0914465 -0.7897433 1.985406
-0.4128505 -0.8740141 1.927835
-0.01517972 -0.8394335 1.956744
9
-0.238283 -0.6028296 2.119795
-0.3072368 -0.5843974 2.066941
-0.1611338 -0.6002696 2.099161
-0.3515793 -0.5723239 1.683865
0.02623055 -0.4884758 1.800886
-0.3479934 -0.8191025 1.94444
-0.09591813 -0.7951421 1.98995
-0.4088643 -0.8720564 1.935639
-0.01265149 -0.8359122 1.953964
