40
9
-0.1548873 -0.1400506 2.122639
-0.2176692 -0.1469791 2.114503
-0.08686388 -0.1285578 2.060711
-0.2463976 -0.4837919 2.03104
-0.1054471 -0.4602366 1.9412
-0.1962502 -0.8650509 2.038195
-0.07154842 -0.7729179 1.946067
-0.262909 -0.8940073 1.918823
-0.1220983 -0.855121 1.847829
9
-0.1548873 -0.1400506 2.122639
-0.2176692 -0.1469791 2.114503
-0.08686388 -0.1285578 2.060711
-0.2463976 -0.4837919 2.03104
-0.1054471 -0.4602366 1.9412
-0.1962502 -0.8650509 2.038195
-0.07154842 -0.7729179 1.946067
-0.262909 -0.8940073 1.918823
-0.1220983 -0.855121 1.847829
9
-0.1548873 -0.1400506 2.122639
-0.2176692 -0.1469791 2.114503
-0.08686388 -0.1285578 2.060711
-0.2463976 -0.4837919 2.03104
-0.1054471 -0.4602366 1.9412
-0.1962502 -0.8650509 2.038195
-0.07154842 -0.7729179 1.946067
-0.262909 -0.8940073 1.918823
-0.1220983 -0.855121 1.847829
9
-0.1548873 -0.1400506 2.122639
-0.2176692 -0.1469791 2.114503
-0.08686388 -0.1285578 2.060711
-0.2463976 -0.4837919 2.03104
-0.1054471 -0.4602366 1.9412
-0.1962502 -0.8650509 2.038195
-0.07154842 -0.7729179 1.946067
-0.262909 -0.8940073 1.918823
-0.1220983 -0.855121 1.847829
9
-0.1489225 -0.18291 2.117509
-0.2126667 -0.1921564 2.109883
-0.0802406 -0.1677059 2.055258
-0.2655858 -0.5232482 2.015094
-0.1237625 -0.4937198 1.926143
-0.1964887 -0.8633253 2.038776
-0.07145935 -0.8025136 1.944887
-0.3005145 -0.8903282 1.952621
-0.1221027 -0.8706266 1.830721
9
-0.1489225 -0.18291 2.117509
-0.2126667 -0.1921564 2.109883
-0.0802406 -0.1677059 2.055258
-0.2655858 -0.5232482 2.015094
-0.1237625 -0.4937198 1.926143
-0.1964887 -0.8633253 2.038776
-0.07145935 -0.8025136 1.944887
-0.3005145 -0.8903282 1.952621
-0.1221027 -0.8706266 1.830721
9
-0.1489225 -0.18291 2.117509
-0.2126667 -0.1921564 2.109883
-0.0802406 -0.1677059 2.055258
-0.2655858 -0.5232482 2.015094
-0.1237625 -0.4937198 1.926143
-0.1964887 -0.8633253 2.038776
-0.07145935 -0.8025136 1.944887
-0.3005145 -0.8903282 1.952621
-0.1221027 -0.8706266 1.830721
9
-0.1489225 -0.18291 2.117509
-0.2126667 -0.1921564 2.109883
-0.0802406 -0.1677059 2.055258
-0.2655858 -0.5232482 2.015094
-0.1237625 -0.4937198 1.926143
-0.1964887 -0.8633253 2.038776
-0.07145935 -0.8025136 1.944887
-0.3005145 -0.8903282 1.952621
-0.1221027 -0.8706266 1.830721
9
-0.1496617 -0.2297495 2.141088
-0.2122939 -0.2330664 2.134977
-0.0820793 -0.2175603 2.076584
-0.2860315 -0.5281772 1.993856
-0.1355149 -0.5269519 1.90709
-0.2114638 -0.8793091 2.027398
-0.0749513 -0.8316889 1.942912
-0.2822611 -0.8895098 1.943831
-0.138547 -0.8824528 1.823401
9
-0.1496617 -0.2297495 2.141088
-0.2122939 -0.2330664 2.134977
-0.0820793 -0.2175603 2.076584
-0.2860315 -0.5281772 1.993856
-0.1355149 -0.5269519 1.90709
-0.2114638 -0.8793091 2.027398
-0.0749513 -0.8316889 1.942912
-0.2822611 -0.8895098 1.943831
-0.138547 -0.8824528 1.823401
9
-0.1496617 -0.2297495 2.141088
-0.2122939 -0.2330664 2.134977
-0.0820793 -0.2175603 2.076584
-0.2860315 -0.5281772 1.993856
-0.1355149 -0.5269519 1.90709
-0.2114638 -0.8793091 2.027398
-0.0749513 -0.8316889 1.942912
-0.2822611 -0.8895098 1.943831
-0.138547 -0.8824528 1.823401
9
-0.1496617 -0.2297495 2.141088
-0.2122939 -0.2330664 2.134977
-0.0820793 -0.2175603 2.076584
-0.2860315 -0.5281772 1.993856
-0.1355149 -0.5269519 1.90709
-0.2114638 -0.8793091 2.027398
-0.0749513 -0.8316889 1.942912
-0.2822611 -0.8895098 1.943831
-0.138547 -0.8824528 1.823401
9
-0.1496617 -0.2297495 2.141088
-0.2122939 -0.2330664 2.134977
-0.0820793 -0.2175603 2.076584
-0.2860315 -0.5281772 1.993856
-0.1355149 -0.5269519 1.90709
-0.2114638 -0.8793091 2.027398
-0.0749513 -0.8316889 1.942912
-0.2822611 -0.8895098 1.943831
-0.138547 -0.8824528 1.823401
9
-0.1496617 -0.2297495 2.141088
-0.2122939 -0.2330664 2.134977
-0.0820793 -0.2175603 2.076584
-0.2860315 -0.5281772 1.993856
-0.1355149 -0.5269519 1.90709
-0.2114638 -0.8793091 2.027398
-0.0749513 -0.8316889 1.942912
-0.2822611 -0.8895098 1.943831
-0.138547 -0.8824528 1.823401
9
-0.1359304 -0.3151374 2.124626
-0.2007921 -0.3215299 2.117416
-0.06654057 -0.2984347 2.062392
-0.2882019 -0.6322719 1.979858
-0.1572334 -0.4548635 1.832263
-0.215679 -0.9960898 2.013004
-0.08542264 -0.8312815 1.931918
-0.2577488 -0.8981707 1.897775
-0.1344128 -0.882695 1.803927
9
-0.1359304 -0.3151374 2.124626
-0.2007921 -0.3215299 2.117416
-0.06654057 -0.2984347 2.062392
-0.2882019 -0.6322719 1.979858
-0.1572334 -0.4548635 1.832263
-0.215679 -0.9960898 2.013004
-0.08542264 -0.8312815 1.931918
-0.2577488 -0.8981707 1.897775
-0.1344128 -0.882695 1.803927
9
-0.1359304 -0.3151374 2.124626
-0.2007921 -0.3215299 2.117416
-0.06654057 -0.2984347 2.062392
-0.2882019 -0.6322719 1.979858
-0.1572334 -0.4548635 1.832263
-0.215679 -0.9960898 2.013004
-0.08542264 -0.8312815 1.931918
-0.2577488 -0.8981707 1.897775
-0.1344128 -0.882695 1.803927
9
-0.1359304 -0.3151374 2.124626
-0.2007921 -0.3215299 2.117416
-0.06654057 -0.2984347 2.062392
-0.2882019 -0.6322719 1.979858
-0.1572334 -0.4548635 1.832263
-0.215679 -0.9960898 2.013004
-0.08542264 -0.8312815 1.931918
-0.2577488 -0.8981707 1.897775
-0.1344128 -0.882695 1.803927
9
-0.1303668 -0.3705301 2.114748
-0.1959127 -0.3771251 2.110326
-0.06046383 -0.3518065 2.050007
-0.3133008 -0.6322087 1.933627
-0.1662015 -0.4665745 1.809148
-0.2282756 -0.9156736 2.025677
-0.08813493 -0.8461912 1.892198
-0.2479643 -0.891651 1.872368
-0.1468967 -0.8976806 1.780589
9
-0.1303668 -0.3705301 2.114748
-0.1959127 -0.3771251 2.110326
-0.06046383 -0.3518065 2.050007
-0.3133008 -0.6322087 1.933627
-0.1662015 -0.4665745 1.809148
-0.2282756 -0.9156736 2.025677
-0.08813493 -0.8461912 1.892198
-0.2479643 -0.891651 1.872368
-0.1468967 -0.8976806 1.780589
9
-0.1299951 -0.3788398 2.112774
-0.1953143 -0.3854153 2.108273
-0.06032618 -0.3598684 2.048159
-0.3630307 -0.490004 1.90385
-0.1698773 -0.4766079 1.801395
-0.2395386 -0.8805555 2.010952
-0.08598956 -0.8456136 1.889063
-0.2474698 -0.8918937 1.857077
-0.1461843 -0.8974119 1.773427
9
-0.1299951 -0.3788398 2.112774
-0.1953143 -0.3854153 2.108273
-0.06032618 -0.3598684 2.048159
-0.3630307 -0.490004 1.90385
-0.1698773 -0.4766079 1.801395
-0.2395386 -0.8805555 2.010952
-0.08598956 -0.8456136 1.889063
-0.2474698 -0.8918937 1.857077
-0.1461843 -0.8974119 1.773427
9
-0.1299951 -0.3788398 2.112774
-0.1953143 -0.3854153 2.108273
-0.06032618 -0.3598684 2.048159
-0.3630307 -0.490004 1.90385
-0.1698773 -0.4766079 1.801395
-0.2395386 -0.8805555 2.010952
-0.08598956 -0.8456136 1.889063
-0.2474698 -0.8918937 1.857077
-0.1461843 -0.8974119 1.773427
9
-0.1299951 -0.3788398 2.112774
-0.1953143 -0.3854153 2.108273
-0.06032618 -0.3598684 2.048159
-0.3630307 -0.490004 1.90385
-0.1698773 -0.4766079 1.801395
-0.2395386 -0.8805555 2.010952
-0.08598956 -0.8456136 1.889063
-0.2474698 -0.8918937 1.857077
-0.1461843 -0.8974119 1.773427
9
-0.1345991 -0.4438296 2.094098
-0.2008369 -0.4484575 2.096803
-0.06383419 -0.4246385 2.022713
-0.3735918 -0.5044549 1.882807
-0.1798308 -0.4934954 1.775427
-0.2403497 -0.8816664 2.010251
-0.08457445 -0.8480289 1.887184
-0.2563659 -0.8900033 1.855743
-0.1439552 -0.8963373 1.770437
9
-0.1345991 -0.4438296 2.094098
-0.2008369 -0.4484575 2.096803
-0.06383419 -0.4246385 2.022713
-0.3735918 -0.5044549 1.882807
-0.1798308 -0.4934954 1.775427
-0.2403497 -0.8816664 2.010251
-0.08457445 -0.8480289 1.887184
-0.2563659 -0.8900033 1.855743
-0.1439552 -0.8963373 1.770437
9
-0.1264211 -0.4527076 2.094783
-0.1911567 -0.4605295 2.094373
-0.0567851 -0.4310547 2.02597
-0.3775343 -0.5114378 1.87455
-0.1834458 -0.4954007 1.76983
-0.2402025 -0.8829873 2.006529
-0.08692192 -0.8544022 1.873355
-0.239899 -0.8879635 1.849973
-0.1405499 -0.8960127 1.763585
9
-0.1264211 -0.4527076 2.094783
-0.1911567 -0.4605295 2.094373
-0.0567851 -0.4310547 2.02597
-0.3775343 -0.5114378 1.87455
-0.1834458 -0.4954007 1.76983
-0.2402025 -0.8829873 2.006529
-0.08692192 -0.8544022 1.873355
-0.239899 -0.8879635 1.849973
-0.1405499 -0.8960127 1.763585
9
-0.1251687 -0.4722447 2.089336
-0.1903684 -0.4780003 2.0883
-0.05553871 -0.450815 2.021865
-0.3848712 -0.5166345 1.859302
-0.1876355 -0.4980231 1.762107
-0.2407674 -0.8828232 2.005523
-0.08582775 -0.8556958 1.873275
-0.2389178 -0.8866225 1.848768
-0.1411468 -0.8939501 1.754988
9
-0.1251687 -0.4722447 2.089336
-0.1903684 -0.4780003 2.0883
-0.05553871 -0.450815 2.021865
-0.3848712 -0.5166345 1.859302
-0.1876355 -0.4980231 1.762107
-0.2407674 -0.8828232 2.005523
-0.08582775 -0.8556958 1.873275
-0.2389178 -0.8866225 1.848768
-0.1411468 -0.8939501 1.754988
9
-0.1251687 -0.4722447 2.089336
-0.1903684 -0.4780003 2.0883
-0.05553871 -0.450815 2.021865
-0.3848712 -0.5166345 1.859302
-0.1876355 -0.4980231 1.762107
-0.2407674 -0.8828232 2.005523
-0.08582775 -0.8556958 1.873275
-0.2389178 -0.8866225 1.848768
-0.1411468 -0.8939501 1.754988
9
-0.1251687 -0.4722447 2.089336
-0.1903684 -0.4780003 2.0883
-0.05553871 -0.450815 2.021865
-0.3848712 -0.5166345 1.859302
-0.1876355 -0.4980231 1.762107
-0.2407674 -0.8828232 2.005523
-0.08582775 -0.8556958 1.873275
-0.2389178 -0.8866225 1.848768
-0.1411468 -0.8939501 1.754988
9
-0.1255989 -0.4889948 2.0878
-0.1915275 -0.4969565 2.08444
-0.05545373 -0.4654501 2.022451
-0.399148 -0.5234931 1.839251
-0.1934981 -0.4997199 1.755705
-0.2473348 -0.8824087 2.000168
-0.08700048 -0.859634 1.868702
-0.2379717 -0.8866449 1.843607
-0.1419707 -0.8930753 1.754323
9
-0.1255989 -0.4889948 2.0878
-0.1915275 -0.4969565 2.08444
-0.05545373 -0.4654501 2.022451
-0.399148 -0.5234931 1.839251
-0.1934981 -0.4997199 1.755705
-0.2473348 -0.8824087 2.000168
-0.08700048 -0.859634 1.868702
-0.2379717 -0.8866449 1.843607
-0.1419707 -0.8930753 1.754323
9
-0.1252856 -0.4941102 2.08753
-0.19142 -0.5008748 2.085279
-0.05489253 -0.4717333 2.020936
-0.4021497 -0.523443 1.83594
-0.1978277 -0.4998588 1.751191
-0.2531089 -0.8888838 1.985416
-0.08098546 -0.8524813 1.877859
-0.236812 -0.8884004 1.828856
-0.1411558 -0.8915927 1.750053
9
-0.1252856 -0.4941102 2.08753
-0.19142 -0.5008748 2.085279
-0.05489253 -0.4717333 2.020936
-0.4021497 -0.523443 1.83594
-0.1978277 -0.4998588 1.751191
-0.2531089 -0.8888838 1.985416
-0.08098546 -0.8524813 1.877859
-0.236812 -0.8884004 1.828856
-0.1411558 -0.8915927 1.750053
9
-0.1241545 -0.4952371 2.088368
-0.1904274 -0.5023584 2.08679
-0.05365179 -0.4724934 2.021362
-0.4046758 -0.5239515 1.833289
-0.1999806 -0.5011126 1.749654
-0.254032 -0.8873804 1.985801
-0.08214417 -0.8404561 1.884006
-0.2379374 -0.888142 1.829348
-0.1350704 -0.887047 1.755435
9
-0.1241545 -0.4952371 2.088368
-0.1904274 -0.5023584 2.08679
-0.05365179 -0.4724934 2.021362
-0.4046758 -0.5239515 1.833289
-0.1999806 -0.5011126 1.749654
-0.254032 -0.8873804 1.985801
-0.08214417 -0.8404561 1.884006
-0.2379374 -0.888142 1.829348
-0.1350704 -0.887047 1.755435
9
-0.1239653 -0.4954318 2.088758
-0.1903595 -0.5027406 2.087528
-0.05338747 -0.4725285 2.02157
-0.4070727 -0.5217362 1.832463
-0.2047097 -0.5006048 1.745959
-0.2554027 -0.8843639 1.985884
-0.08081917 -0.8432403 1.884931
-0.2384168 -0.8879248 1.829857
-0.1350795 -0.8872039 1.755538
9
-0.1239653 -0.4954318 2.088758
-0.1903595 -0.5027406 2.087528
-0.05338747 -0.4725285 2.02157
-0.4070727 -0.5217362 1.832463
-0.2047097 -0.5006048 1.745959
-0.2554027 -0.8843639 1.985884
-0.08081917 -0.8432403 1.884931
-0.2384168 -0.8879248 1.829857
-0.1350795 -0.8872039 1.755538
