40
9
-0.2535412 -0.1664736 2.178775
-0.3250952 -0.158876 2.119325
-0.1732386 -0.1684264 2.162086
-0.3695658 -0.3678552 1.823229
0.003931802 -0.3976638 1.949536
-0.360635 -0.7675062 1.927933
-0.09191909 -0.7638364 2.024509
-0.3213935 -0.8285286 1.811874
-0.04715081 -0.8349285 1.963555
9
-0.2535412 -0.1664736 2.178775
-0.3250952 -0.158876 2.119325
-0.1732386 -0.1684264 2.162086
-0.3695658 -0.3678552 1.823229
0.003931802 -0.3976638 1.949536
-0.360635 -0.7675062 1.927933
-0.09191909 -0.7638364 2.024509
-0.3213935 -0.8285286 1.811874
-0.04715081 -0.8349285 1.963555
9
-0.2535412 -0.1664736 2.178775
-0.3250952 -0.158876 2.119325
-0.1732386 -0.1684264 2.162086
-0.3695658 -0.3678552 1.823229
0.003931802 -0.3976638 1.949536
-0.360635 -0.7675062 1.927933
-0.09191909 -0.7638364 2.024509
-0.3213935 -0.8285286 1.811874
-0.04715081 -0.8349285 1.963555
9
-0.2558793 -0.186984 2.179281
-0.3278459 -0.1765803 2.120428
-0.1749737 -0.1910271 2.162052
-0.3665045 -0.3743024 1.815009
0.01056457 -0.4040263 1.93826
-0.3577312 -0.7716029 1.926903
-0.09242758 -0.7647784 2.022921
-0.3217138 -0.8335832 1.810596
-0.0462898 -0.8356226 1.963589
9
-0.240391 -0.2516782 2.149726
-0.308868 -0.2445568 2.092743
-0.1634757 -0.2499281 2.130934
-0.3752705 -0.4011495 1.767522
0.04617822 -0.435699 1.903953
-0.3525734 -0.7587026 1.949189
-0.09274048 -0.7670124 2.020119
-0.31179 -0.8164639 1.830619
-0.04506361 -0.8375998 1.96306
9
-0.240391 -0.2516782 2.149726
-0.308868 -0.2445568 2.092743
-0.1634757 -0.2499281 2.130934
-0.3752705 -0.4011495 1.767522
0.04617822 -0.435699 1.903953
-0.3525734 -0.7587026 1.949189
-0.09274048 -0.7670124 2.020119
-0.31179 -0.8164639 1.830619
-0.04506361 -0.8375998 1.96306
9
-0.240391 -0.2516782 2.149726
-0.308868 -0.2445568 2.092743
-0.1634757 -0.2499281 2.130934
-0.3752705 -0.4011495 1.767522
0.04617822 -0.435699 1.903953
-0.3525734 -0.7587026 1.949189
-0.09274048 -0.7670124 2.020119
-0.31179 -0.8164639 1.830619
-0.04506361 -0.8375998 1.96306
9
-0.2402954 -0.2653077 2.148087
-0.3090448 -0.25848 2.090724
-0.163123 -0.2628078 2.129715
-0.3657786 -0.4172614 1.764676
0.04613746 -0.4408968 1.895275
-0.3526103 -0.7599211 1.94428
-0.09249535 -0.7704841 2.015998
-0.3138617 -0.8186588 1.825791
-0.04242662 -0.8405561 1.962761
9
-0.2402954 -0.2653077 2.148087
-0.3090448 -0.25848 2.090724
-0.163123 -0.2628078 2.129715
-0.3657786 -0.4172614 1.764676
0.04613746 -0.4408968 1.895275
-0.3526103 -0.7599211 1.94428
-0.09249535 -0.7704841 2.015998
-0.3138617 -0.8186588 1.825791
-0.04242662 -0.8405561 1.962761
9
-0.2374025 -0.3018962 2.142468
-0.306675 -0.2945263 2.085928
-0.1597928 -0.2986248 2.123445
-0.3654656 -0.4246191 1.746641
0.05853606 -0.4495313 1.876664
-0.3517888 -0.7630345 1.93931
-0.09199305 -0.7739496 2.013165
-0.3116779 -0.8214556 1.821187
-0.03955157 -0.8430566 1.962524
9
-0.2374025 -0.3018962 2.142468
-0.306675 -0.2945263 2.085928
-0.1597928 -0.2986248 2.123445
-0.3654656 -0.4246191 1.746641
0.05853606 -0.4495313 1.876664
-0.3517888 -0.7630345 1.93931
-0.09199305 -0.7739496 2.013165
-0.3116779 -0.8214556 1.821187
-0.03955157 -0.8430566 1.962524
9
-0.2322144 -0.3333935 2.137241
-0.3014137 -0.3263513 2.0822
-0.1548374 -0.3287579 2.116884
-0.3633479 -0.4346631 1.735263
0.06614413 -0.4605833 1.860437
-0.3507018 -0.7634574 1.931783
-0.09199294 -0.7765771 2.009373
-0.3113972 -0.8214007 1.813001
-0.0376453 -0.8450284 1.96234
9
-0.2322144 -0.3333935 2.137241
-0.3014137 -0.3263513 2.0822
-0.1548374 -0.3287579 2.116884
-0.3633479 -0.4346631 1.735263
0.06614413 -0.4605833 1.860437
-0.3507018 -0.7634574 1.931783
-0.09199294 -0.7765771 2.009373
-0.3113972 -0.8214007 1.813001
-0.0376453 -0.8450284 1.96234
9
-0.2331764 -0.3629698 2.133826
-0.3014572 -0.3551376 2.079195
-0.1567073 -0.3579964 2.113223
-0.3601083 -0.4444716 1.725746
0.0732905 -0.4623887 1.851042
-0.3495383 -0.7649254 1.927129
-0.09113835 -0.7780589 2.006277
-0.3105431 -0.82318 1.808556
-0.0364381 -0.8465402 1.961533
9
-0.231318 -0.3937886 2.127264
-0.2982062 -0.3853646 2.073571
-0.1563001 -0.3884133 2.105888
-0.3601181 -0.4602421 1.717102
0.08080511 -0.4695382 1.841205
-0.3454904 -0.7734004 1.930905
-0.09091567 -0.7798515 2.003607
-0.3070711 -0.8309269 1.811657
-0.03380272 -0.8469439 1.961419
9
-0.231318 -0.3937886 2.127264
-0.2982062 -0.3853646 2.073571
-0.1563001 -0.3884133 2.105888
-0.3601181 -0.4602421 1.717102
0.08080511 -0.4695382 1.841205
-0.3454904 -0.7734004 1.930905
-0.09091567 -0.7798515 2.003607
-0.3070711 -0.8309269 1.811657
-0.03380272 -0.8469439 1.961419
9
-0.2284278 -0.4217807 2.124249
-0.2944467 -0.4134173 2.071291
-0.1543667 -0.4152874 2.10235
-0.3633953 -0.475076 1.713498
0.08510423 -0.4698762 1.831996
-0.345 -0.7753823 1.929567
-0.09071484 -0.782213 2.002937
-0.3792163 -0.8450561 1.927819
-0.03104362 -0.8474498 1.960854
9
-0.2284278 -0.4217807 2.124249
-0.2944467 -0.4134173 2.071291
-0.1543667 -0.4152874 2.10235
-0.3633953 -0.475076 1.713498
0.08510423 -0.4698762 1.831996
-0.345 -0.7753823 1.929567
-0.09071484 -0.782213 2.002937
-0.3792163 -0.8450561 1.927819
-0.03104362 -0.8474498 1.960854
9
-0.2305811 -0.4477153 2.121294
-0.2966368 -0.4382892 2.067103
-0.1564366 -0.4414693 2.10083
-0.3631493 -0.481474 1.705736
0.08519241 -0.4693193 1.827508
-0.3449349 -0.7782151 1.929589
-0.09113277 -0.7846248 2.001161
-0.3837769 -0.8480928 1.92027
-0.02898594 -0.8481566 1.962009
9
-0.2305811 -0.4477153 2.121294
-0.2966368 -0.4382892 2.067103
-0.1564366 -0.4414693 2.10083
-0.3631493 -0.481474 1.705736
0.08519241 -0.4693193 1.827508
-0.3449349 -0.7782151 1.929589
-0.09113277 -0.7846248 2.001161
-0.3837769 -0.8480928 1.92027
-0.02898594 -0.8481566 1.962009
9
-0.2300607 -0.4715545 2.116951
-0.2957547 -0.4619644 2.061893
-0.1562948 -0.4645662 2.097504
-0.3643907 -0.4907818 1.699305
0.0832433 -0.4733472 1.820354
-0.3450617 -0.7805648 1.928248
-0.09140605 -0.7870646 1.999872
-0.3870592 -0.8469301 1.923959
-0.02648073 -0.8483089 1.961004
9
-0.2300607 -0.4715545 2.116951
-0.2957547 -0.4619644 2.061893
-0.1562948 -0.4645662 2.097504
-0.3643907 -0.4907818 1.699305
0.0832433 -0.4733472 1.820354
-0.3450617 -0.7805648 1.928248
-0.09140605 -0.7870646 1.999872
-0.3870592 -0.8469301 1.923959
-0.02648073 -0.8483089 1.961004
9
-0.230991 -0.4929415 2.114346
-0.2968973 -0.4824175 2.05932
-0.1569866 -0.4861446 2.095045
-0.3642994 -0.4987411 1.695515
0.0796831 -0.479057 1.814795
-0.3451017 -0.7829336 1.926994
-0.09179948 -0.7889383 1.998786
-0.3929443 -0.8445991 1.924801
-0.02315045 -0.8469544 1.963141
9
-0.230991 -0.4929415 2.114346
-0.2968973 -0.4824175 2.05932
-0.1569866 -0.4861446 2.095045
-0.3642994 -0.4987411 1.695515
0.0796831 -0.479057 1.814795
-0.3451017 -0.7829336 1.926994
-0.09179948 -0.7889383 1.998786
-0.3929443 -0.8445991 1.924801
-0.02315045 -0.8469544 1.963141
9
-0.2289547 -0.5126206 2.111791
-0.2950337 -0.5021282 2.056512
-0.1548652 -0.5051159 2.092889
-0.3638296 -0.5031137 1.692409
0.07635473 -0.4817344 1.808301
-0.3457617 -0.785556 1.924197
-0.09352738 -0.7932842 1.997496
-0.3932656 -0.8472825 1.922297
-0.01958805 -0.8459159 1.964058
9
-0.2289547 -0.5126206 2.111791
-0.2950337 -0.5021282 2.056512
-0.1548652 -0.5051159 2.092889
-0.3638296 -0.5031137 1.692409
0.07635473 -0.4817344 1.808301
-0.3457617 -0.785556 1.924197
-0.09352738 -0.7932842 1.997496
-0.3932656 -0.8472825 1.922297
-0.01958805 -0.8459159 1.964058
9
-0.2283224 -0.5246958 2.112094
-0.2947689 -0.514207 2.056757
-0.1539039 -0.5167962 2.093343
-0.3610798 -0.5089597 1.692103
0.07124608 -0.4861506 1.804074
-0.3530836 -0.8075327 1.93981
-0.09380425 -0.7945793 1.9962
-0.4188142 -0.8601725 1.903437
-0.0162878 -0.8428174 1.967272
9
-0.2283224 -0.5246958 2.112094
-0.2947689 -0.514207 2.056757
-0.1539039 -0.5167962 2.093343
-0.3610798 -0.5089597 1.692103
0.07124608 -0.4861506 1.804074
-0.3530836 -0.8075327 1.93981
-0.09380425 -0.7945793 1.9962
-0.4188142 -0.8601725 1.903437
-0.0162878 -0.8428174 1.967272
9
-0.2293552 -0.5384733 2.112036
-0.2962325 -0.5268151 2.057105
-0.1544473 -0.5313399 2.092975
-0.3573345 -0.521243 1.688331
0.06700819 -0.4872243 1.802191
-0.3532063 -0.8100756 1.941339
-0.09435307 -0.7965039 1.994504
-0.4222775 -0.8582031 1.897634
-0.0157938 -0.8435084 1.964573
9
-0.2293552 -0.5384733 2.112036
-0.2962325 -0.5268151 2.057105
-0.1544473 -0.5313399 2.092975
-0.3573345 -0.521243 1.688331
0.06700819 -0.4872243 1.802191
-0.3532063 -0.8100756 1.941339
-0.09435307 -0.7965039 1.994504
-0.4222775 -0.8582031 1.897634
-0.0157938 -0.8435084 1.964573
9
-0.2277277 -0.5502018 2.112006
-0.2952123 -0.538458 2.057299
-0.1522953 -0.5427358 2.092824
-0.3563646 -0.5261104 1.684504
0.06333975 -0.4887507 1.798902
-0.3543771 -0.8106253 1.935616
-0.09486332 -0.7972715 1.993777
-0.4225069 -0.8605078 1.903138
-0.0148154 -0.8425106 1.960819
9
-0.2277277 -0.5502018 2.112006
-0.2952123 -0.538458 2.057299
-0.1522953 -0.5427358 2.092824
-0.3563646 -0.5261104 1.684504
0.06333975 -0.4887507 1.798902
-0.3543771 -0.8106253 1.935616
-0.09486332 -0.7972715 1.993777
-0.4225069 -0.8605078 1.903138
-0.0148154 -0.8425106 1.960819
9
-0.2267731 -0.5584118 2.112212
-0.2945615 -0.5464866 2.057318
-0.1510807 -0.5508476 2.09329
-0.356393 -0.5261399 1.684527
0.05956278 -0.4901422 1.796732
-0.3543758 -0.8116245 1.935293
-0.0950627 -0.7982801 1.992259
-0.4247932 -0.8587421 1.902727
-0.01331619 -0.8411989 1.956692
9
-0.2267731 -0.5584118 2.112212
-0.2945615 -0.5464866 2.057318
-0.1510807 -0.5508476 2.09329
-0.356393 -0.5261399 1.684527
0.05956278 -0.4901422 1.796732
-0.3543758 -0.8116245 1.935293
-0.0950627 -0.7982801 1.992259
-0.4247932 -0.8587421 1.902727
-0.01331619 -0.8411989 1.956692
9
-0.2255774 -0.5650324 2.111213
-0.2934821 -0.5535673 2.055942
-0.1498276 -0.5568094 2.092695
-0.3562902 -0.5264029 1.684434
0.05772415 -0.4912083 1.794805
-0.3539792 -0.8109233 1.933909
-0.09502573 -0.7988737 1.990751
-0.4230929 -0.8587034 1.888993
-0.01177481 -0.8395822 1.95463
9
-0.2255774 -0.5650324 2.111213
-0.2934821 -0.5535673 2.055942
-0.1498276 -0.5568094 2.092695
-0.3562902 -0.5264029 1.684434
0.05772415 -0.4912083 1.794805
-0.3539792 -0.8109233 1.933909
-0.09502573 -0.7988737 1.990751
-0.4230929 -0.8587034 1.888993
-0.01177481 -0.8395822 1.95463
9
-0.225782 -0.569324 2.111758
-0.2938238 -0.5574217 2.056411
-0.1498798 -0.5613996 2.093367
-0.3571132 -0.5280828 1.683391
0.0555903 -0.4918675 1.794794
-0.3541697 -0.8111856 1.931773
-0.09496666 -0.7991179 1.989775
-0.4251254 -0.8560923 1.884256
-0.01151334 -0.8395279 1.954626
9
-0.225782 -0.569324 2.111758
-0.2938238 -0.5574217 2.056411
-0.1498798 -0.5613996 2.093367
-0.3571132 -0.5280828 1.683391
0.0555903 -0.4918675 1.794794
-0.3541697 -0.8111856 1.931773
-0.09496666 -0.7991179 1.989775
-0.4251254 -0.8560923 1.884256
-0.01151334 -0.8395279 1.954626
9
-0.225782 -0.569324 2.111758
-0.2938238 -0.5574217 2.056411
-0.1498798 -0.5613996 2.093367
-0.3571132 -0.5280828 1.683391
0.0555903 -0.4918675 1.794794
-0.3541697 -0.8111856 1.931773
-0.09496666 -0.7991179 1.989775
-0.4251254 -0.8560923 1.884256
-0.01151334 -0.8395279 1.954626
9
-0.225782 -0.569324 2.111758
-0.2938238 -0.5574217 2.056411
-0.1498798 -0.5613996 2.093367
-0.3571132 -0.5280828 1.683391
0.0555903 -0.4918675 1.794794
-0.3541697 -0.8111856 1.931773
-0.09496666 -0.7991179 1.989775
-0.4251254 -0.8560923 1.884256
-0.01151334 -0.8395279 1.954626
