40
9
-0.06300083 -0.2878329 2.076981
-0.1331385 -0.2801445 2.015177
0.009123825 -0.2859749 2.069304
-0.07087784 -0.4371266 1.754515
0.1100099 -0.4720452 1.864071
-0.1337255 -0.8388191 1.870146
0.00644701 -0.862582 1.945683
-0.1239902 -0.8835469 1.76101
-0.004100109 -0.8833809 1.824577
9
-0.06300083 -0.2878329 2.076981
-0.1331385 -0.2801445 2.015177
0.009123825 -0.2859749 2.069304
-0.07087784 -0.4371266 1.754515
0.1100099 -0.4720452 1.864071
-0.1337255 -0.8388191 1.870146
0.00644701 -0.862582 1.945683
-0.1239902 -0.8835469 1.76101
-0.004100109 -0.8833809 1.824577
9
-0.06300083 -0.2878329 2.076981
-0.1331385 -0.2801445 2.015177
0.009123825 -0.2859749 2.069304
-0.07087784 -0.4371266 1.754515
0.1100099 -0.4720452 1.864071
-0.1337255 -0.8388191 1.870146
0.00644701 -0.862582 1.945683
-0.1239902 -0.8835469 1.76101
-0.004100109 -0.8833809 1.824577
9
-0.07077537 -0.3265177 2.06646
-0.1410954 -0.3147907 2.005258
0.001903549 -0.3274075 2.058192
-0.06322253 -0.4496084 1.740771
0.1169812 -0.4771703 1.852147
-0.1332359 -0.8392238 1.872104
0.006194538 -0.8632001 1.944957
-0.1192135 -0.8856034 1.752662
0.001500484 -0.8843869 1.822037
9
-0.07077537 -0.3265177 2.06646
-0.1410954 -0.3147907 2.005258
0.001903549 -0.3274075 2.058192
-0.06322253 -0.4496084 1.740771
0.1169812 -0.4771703 1.852147
-0.1332359 -0.8392238 1.872104
0.006194538 -0.8632001 1.944957
-0.1192135 -0.8856034 1.752662
0.001500484 -0.8843869 1.822037
9
-0.07247549 -0.3334607 2.064164
-0.1433303 -0.3219588 2.00264
0.0007423852 -0.333827 2.056237
-0.06012865 -0.4527835 1.735131
0.1217387 -0.4784105 1.84451
-0.131045 -0.8371268 1.87283
0.006622334 -0.8621265 1.945031
-0.1194172 -0.8864082 1.751323
-0.003563408 -0.8841904 1.820188
9
-0.07247549 -0.3334607 2.064164
-0.1433303 -0.3219588 2.00264
0.0007423852 -0.333827 2.056237
-0.06012865 -0.4527835 1.735131
0.1217387 -0.4784105 1.84451
-0.131045 -0.8371268 1.87283
0.006622334 -0.8621265 1.945031
-0.1194172 -0.8864082 1.751323
-0.003563408 -0.8841904 1.820188
9
-0.07247549 -0.3334607 2.064164
-0.1433303 -0.3219588 2.00264
0.0007423852 -0.333827 2.056237
-0.06012865 -0.4527835 1.735131
0.1217387 -0.4784105 1.84451
-0.131045 -0.8371268 1.87283
0.006622334 -0.8621265 1.945031
-0.1194172 -0.8864082 1.751323
-0.003563408 -0.8841904 1.820188
9
-0.07247549 -0.3334607 2.064164
-0.1433303 -0.3219588 2.00264
0.0007423852 -0.333827 2.056237
-0.06012865 -0.4527835 1.735131
0.1217387 -0.4784105 1.84451
-0.131045 -0.8371268 1.87283
0.006622334 -0.8621265 1.945031
-0.1194172 -0.8864082 1.751323
-0.003563408 -0.8841904 1.820188
9
-0.07418603 -0.3738138 2.048461
-0.1450431 -0.3594739 1.98821
-0.0008898429 -0.3755211 2.039493
-0.05093254 -0.4617505 1.719225
0.1351078 -0.485307 1.82296
-0.1322571 -0.8352793 1.868206
0.00824756 -0.862116 1.943712
-0.120731 -0.8862772 1.74991
0.003418736 -0.8834896 1.819501
9
-0.07418603 -0.3738138 2.048461
-0.1450431 -0.3594739 1.98821
-0.0008898429 -0.3755211 2.039493
-0.05093254 -0.4617505 1.719225
0.1351078 -0.485307 1.82296
-0.1322571 -0.8352793 1.868206
0.00824756 -0.862116 1.943712
-0.120731 -0.8862772 1.74991
0.003418736 -0.8834896 1.819501
9
-0.07552692 -0.38073 2.046358
-0.1465568 -0.3662345 1.986144
-0.00201486 -0.3823586 2.037403
-0.04469031 -0.4713819 1.710721
0.1355641 -0.4842765 1.817498
-0.132569 -0.833508 1.865432
0.01022393 -0.8627661 1.942348
-0.1221543 -0.8866968 1.747995
0.009551087 -0.8832515 1.818756
9
-0.07552692 -0.38073 2.046358
-0.1465568 -0.3662345 1.986144
-0.00201486 -0.3823586 2.037403
-0.04469031 -0.4713819 1.710721
0.1355641 -0.4842765 1.817498
-0.132569 -0.833508 1.865432
0.01022393 -0.8627661 1.942348
-0.1221543 -0.8866968 1.747995
0.009551087 -0.8832515 1.818756
9
-0.07742118 -0.3964818 2.042387
-0.1490404 -0.3815283 1.981877
-0.003260245 -0.398058 2.033828
-0.0414772 -0.4740591 1.704945
0.1350629 -0.4859026 1.807336
-0.1372077 -0.8243454 1.859704
0.01183286 -0.8619896 1.940917
-0.1278747 -0.8860329 1.74667
0.01122751 -0.8824052 1.818489
9
-0.07742118 -0.3964818 2.042387
-0.1490404 -0.3815283 1.981877
-0.003260245 -0.398058 2.033828
-0.0414772 -0.4740591 1.704945
0.1350629 -0.4859026 1.807336
-0.1372077 -0.8243454 1.859704
0.01183286 -0.8619896 1.940917
-0.1278747 -0.8860329 1.74667
0.01122751 -0.8824052 1.818489
9
-0.07910673 -0.4115287 2.038021
-0.1511601 -0.394704 1.978029
-0.00439155 -0.4145433 2.029025
-0.0393702 -0.4755279 1.700202
0.1341125 -0.4896191 1.79728
-0.1383872 -0.8213764 1.856356
0.01332645 -0.8626097 1.939648
-0.1231473 -0.8860964 1.744603
0.009541019 -0.881688 1.817461
9
-0.07910673 -0.4115287 2.038021
-0.1511601 -0.394704 1.978029
-0.00439155 -0.4145433 2.029025
-0.0393702 -0.4755279 1.700202
0.1341125 -0.4896191 1.79728
-0.1383872 -0.8213764 1.856356
0.01332645 -0.8626097 1.939648
-0.1231473 -0.8860964 1.744603
0.009541019 -0.881688 1.817461
9
-0.07121582 -0.4323122 2.0367
-0.1442962 -0.4162691 1.976815
0.004174411 -0.4337943 2.027752
-0.03748373 -0.4776469 1.694734
0.1141418 -0.4959607 1.771343
-0.1388559 -0.8203004 1.852509
0.04563013 -0.8622617 1.919103
-0.1763916 -0.8867188 1.745117
0.008320976 -0.8825557 1.80865
9
-0.07121582 -0.4323122 2.0367
-0.1442962 -0.4162691 1.976815
0.004174411 -0.4337943 2.027752
-0.03748373 -0.4776469 1.694734
0.1141418 -0.4959607 1.771343
-0.1388559 -0.8203004 1.852509
0.04563013 -0.8622617 1.919103
-0.1763916 -0.8867188 1.745117
0.008320976 -0.8825557 1.80865
9
-0.06670945 -0.4506868 2.032167
-0.1397474 -0.4356012 1.972183
0.008491028 -0.450577 2.023458
-0.03684249 -0.481467 1.689223
0.1046778 -0.4990989 1.759483
-0.1397511 -0.8214481 1.848022
0.0394886 -0.8614682 1.922742
-0.1513767 -0.8887961 1.743732
0.00942271 -0.8805151 1.808846
9
-0.06670945 -0.4506868 2.032167
-0.1397474 -0.4356012 1.972183
0.008491028 -0.450577 2.023458
-0.03684249 -0.481467 1.689223
0.1046778 -0.4990989 1.759483
-0.1397511 -0.8214481 1.848022
0.0394886 -0.8614682 1.922742
-0.1513767 -0.8887961 1.743732
0.00942271 -0.8805151 1.808846
9
-0.06670945 -0.4506868 2.032167
-0.1397474 -0.4356012 1.972183
0.008491028 -0.450577 2.023458
-0.03684249 -0.481467 1.689223
0.1046778 -0.4990989 1.759483
-0.1397511 -0.8214481 1.848022
0.0394886 -0.8614682 1.922742
-0.1513767 -0.8887961 1.743732
0.00942271 -0.8805151 1.808846
9
-0.06670945 -0.4506868 2.032167
-0.1397474 -0.4356012 1.972183
0.008491028 -0.450577 2.023458
-0.03684249 -0.481467 1.689223
0.1046778 -0.4990989 1.759483
-0.1397511 -0.8214481 1.848022
0.0394886 -0.8614682 1.922742
-0.1513767 -0.8887961 1.743732
0.00942271 -0.8805151 1.808846
9
-0.06553809 -0.4997666 2.029844
-0.1394625 -0.4786564 1.971881
0.01057737 -0.503415 2.019352
-0.03616345 -0.4919837 1.68131
0.1187098 -0.500415 1.75625
-0.1405779 -0.8289794 1.840659
0.03719956 -0.8676516 1.916565
-0.1506638 -0.8885175 1.740623
-0.01116648 -0.8802572 1.792297
9
-0.06553809 -0.4997666 2.029844
-0.1394625 -0.4786564 1.971881
0.01057737 -0.503415 2.019352
-0.03616345 -0.4919837 1.68131
0.1187098 -0.500415 1.75625
-0.1405779 -0.8289794 1.840659
0.03719956 -0.8676516 1.916565
-0.1506638 -0.8885175 1.740623
-0.01116648 -0.8802572 1.792297
9
-0.06501689 -0.5044398 2.027928
-0.1388029 -0.4834011 1.970321
0.0109402 -0.5082251 2.01708
-0.02998265 -0.4979658 1.671455
0.08875269 -0.5088136 1.730495
-0.1353552 -0.8342614 1.830375
0.04521894 -0.8670633 1.915948
-0.1525933 -0.8899287 1.739933
-0.01764107 -0.8790101 1.789602
9
-0.06501689 -0.5044398 2.027928
-0.1388029 -0.4834011 1.970321
0.0109402 -0.5082251 2.01708
-0.02998265 -0.4979658 1.671455
0.08875269 -0.5088136 1.730495
-0.1353552 -0.8342614 1.830375
0.04521894 -0.8670633 1.915948
-0.1525933 -0.8899287 1.739933
-0.01764107 -0.8790101 1.789602
9
-0.06501689 -0.5044398 2.027928
-0.1388029 -0.4834011 1.970321
0.0109402 -0.5082251 2.01708
-0.02998265 -0.4979658 1.671455
0.08875269 -0.5088136 1.730495
-0.1353552 -0.8342614 1.830375
0.04521894 -0.8670633 1.915948
-0.1525933 -0.8899287 1.739933
-0.01764107 -0.8790101 1.789602
9
-0.06501689 -0.5044398 2.027928
-0.1388029 -0.4834011 1.970321
0.0109402 -0.5082251 2.01708
-0.02998265 -0.4979658 1.671455
0.08875269 -0.5088136 1.730495
-0.1353552 -0.8342614 1.830375
0.04521894 -0.8670633 1.915948
-0.1525933 -0.8899287 1.739933
-0.01764107 -0.8790101 1.789602
9
-0.1128375 -0.5324983 2.016711
-0.1856109 -0.5076514 1.959059
-0.03633385 -0.5393893 2.006395
-0.02449814 -0.5046189 1.66229
0.09088194 -0.5156235 1.725996
-0.1303039 -0.8405882 1.820896
0.05616169 -0.8748703 1.911255
-0.1044563 -0.8805367 1.717216
0.07157068 -0.8879529 1.791977
9
-0.1128375 -0.5324983 2.016711
-0.1856109 -0.5076514 1.959059
-0.03633385 -0.5393893 2.006395
-0.02449814 -0.5046189 1.66229
0.09088194 -0.5156235 1.725996
-0.1303039 -0.8405882 1.820896
0.05616169 -0.8748703 1.911255
-0.1044563 -0.8805367 1.717216
0.07157068 -0.8879529 1.791977
9
-0.1128375 -0.5324983 2.016711
-0.1856109 -0.5076514 1.959059
-0.03633385 -0.5393893 2.006395
-0.02449814 -0.5046189 1.66229
0.09088194 -0.5156235 1.725996
-0.1303039 -0.8405882 1.820896
0.05616169 -0.8748703 1.911255
-0.1044563 -0.8805367 1.717216
0.07157068 -0.8879529 1.791977
9
-0.1128375 -0.5324983 2.016711
-0.1856109 -0.5076514 1.959059
-0.03633385 -0.5393893 2.006395
-0.02449814 -0.5046189 1.66229
0.09088194 -0.5156235 1.725996
-0.1303039 -0.8405882 1.820896
0.05616169 -0.8748703 1.911255
-0.1044563 -0.8805367 1.717216
0.07157068 -0.8879529 1.791977
9
-0.114426 -0.5362065 2.017735
-0.1871493 -0.5111108 1.959426
-0.03795854 -0.5433328 2.0082
-0.01916006 -0.5071175 1.654914
0.09068859 -0.5152664 1.726042
-0.1251704 -0.8429599 1.813357
0.05693458 -0.8736889 1.911756
-0.1749738 -0.8925685 1.737824
0.07177734 -0.8880026 1.792752
9
-0.1175797 -0.5439062 2.0203
-0.1907962 -0.517831 1.962919
-0.04054251 -0.5519269 2.009876
-0.01646853 -0.5635965 1.649673
0.09052821 -0.5149701 1.726081
-0.1227004 -0.8987285 1.807987
0.05746486 -0.8728782 1.9121
-0.1060899 -0.8746509 1.685206
0.07189183 -0.8895512 1.793818
9
-0.1175797 -0.5439062 2.0203
-0.1907962 -0.517831 1.962919
-0.04054251 -0.5519269 2.009876
-0.01646853 -0.5635965 1.649673
0.09052821 -0.5149701 1.726081
-0.1227004 -0.8987285 1.807987
0.05746486 -0.8728782 1.9121
-0.1060899 -0.8746509 1.685206
0.07189183 -0.8895512 1.793818
9
-0.1175797 -0.5439062 2.0203
-0.1907962 -0.517831 1.962919
-0.04054251 -0.5519269 2.009876
-0.01646853 -0.5635965 1.649673
0.09052821 -0.5149701 1.726081
-0.1227004 -0.8987285 1.807987
0.05746486 -0.8728782 1.9121
-0.1060899 -0.8746509 1.685206
0.07189183 -0.8895512 1.793818
9
-0.1175797 -0.5439062 2.0203
-0.1907962 -0.517831 1.962919
-0.04054251 -0.5519269 2.009876
-0.01646853 -0.5635965 1.649673
0.09052821 -0.5149701 1.726081
-0.1227004 -0.8987285 1.807987
0.05746486 -0.8728782 1.9121
-0.1060899 -0.8746509 1.685206
0.07189183 -0.8895512 1.793818
9
-0.1175797 -0.5439062 2.0203
-0.1907962 -0.517831 1.962919
-0.04054251 -0.5519269 2.009876
-0.01646853 -0.5635965 1.649673
0.09052821 -0.5149701 1.726081
-0.1227004 -0.8987285 1.807987
0.05746486 -0.8728782 1.9121
-0.1060899 -0.8746509 1.685206
0.07189183 -0.8895512 1.793818
9
-0.117792 -0.5458354 2.021499
-0.1908879 -0.5195737 1.963823
-0.04087089 -0.5539203 2.011383
-0.0165226 -0.5635958 1.649762
0.09039287 -0.5147202 1.726114
-0.1227539 -0.898728 1.808076
0.05785504 -0.8722818 1.912354
-0.1063289 -0.8746662 1.685268
0.07534385 -0.88829 1.79443
