40
9
-0.1925181 -0.6217151 2.089321
-0.2639143 -0.5999724 2.053262
-0.1143874 -0.6220074 2.052033
-0.3705405 -0.5127338 1.709803
0.07627818 -0.4818929 1.769058
-0.3425484 -0.8196032 1.967958
-0.02239744 -0.7917143 2.014107
-0.4147437 -0.8210613 1.876452
-0.0253616 -0.8417795 1.882991
9
-0.1925181 -0.6217151 2.089321
-0.2639143 -0.5999724 2.053262
-0.1143874 -0.6220074 2.052033
-0.3705405 -0.5127338 1.709803
0.07627818 -0.4818929 1.769058
-0.3425484 -0.8196032 1.967958
-0.02239744 -0.7917143 2.014107
-0.4147437 -0.8210613 1.876452
-0.0253616 -0.8417795 1.882991
9
-0.1925181 -0.6217151 2.089321
-0.2639143 -0.5999724 2.053262
-0.1143874 -0.6220074 2.052033
-0.3705405 -0.5127338 1.709803
0.07627818 -0.4818929 1.769058
-0.3425484 -0.8196032 1.967958
-0.02239744 -0.7917143 2.014107
-0.4147437 -0.8210613 1.876452
-0.0253616 -0.8417795 1.882991
9
-0.1925181 -0.6217151 2.089321
-0.2639143 -0.5999724 2.053262
-0.1143874 -0.6220074 2.052033
-0.3705405 -0.5127338 1.709803
0.07627818 -0.4818929 1.769058
-0.3425484 -0.8196032 1.967958
-0.02239744 -0.7917143 2.014107
-0.4147437 -0.8210613 1.876452
-0.0253616 -0.8417795 1.882991
9
-0.1925181 -0.6217151 2.089321
-0.2639143 -0.5999724 2.053262
-0.1143874 -0.6220074 2.052033
-0.3705405 -0.5127338 1.709803
0.07627818 -0.4818929 1.769058
-0.3425484 -0.8196032 1.967958
-0.02239744 -0.7917143 2.014107
-0.4147437 -0.8210613 1.876452
-0.0253616 -0.8417795 1.882991
9
-0.1925181 -0.6217151 2.089321
-0.2639143 -0.5999724 2.053262
-0.1143874 -0.6220074 2.052033
-0.3705405 -0.5127338 1.709803
0.07627818 -0.4818929 1.769058
-0.3425484 -0.8196032 1.967958
-0.02239744 -0.7917143 2.014107
-0.4147437 -0.8210613 1.876452
-0.0253616 -0.8417795 1.882991
9
-0.1925274 -0.6218716 2.089425
-0.2639096 -0.6001387 2.053324
-0.1144098 -0.6221267 2.052186
-0.3704644 -0.5127029 1.70989
0.0775691 -0.4824777 1.769941
-0.3424868 -0.8200972 1.968703
-0.0222639 -0.79242 2.014423
-0.4099023 -0.8131821 1.869707
-0.02450979 -0.8425472 1.883336
9
-0.1925274 -0.6218716 2.089425
-0.2639096 -0.6001387 2.053324
-0.1144098 -0.6221267 2.052186
-0.3704644 -0.5127029 1.70989
0.0775691 -0.4824777 1.769941
-0.3424868 -0.8200972 1.968703
-0.0222639 -0.79242 2.014423
-0.4099023 -0.8131821 1.869707
-0.02450979 -0.8425472 1.883336
9
-0.1925417 -0.6219666 2.089452
-0.2639163 -0.6002104 2.053358
-0.1144289 -0.6222184 2.052205
-0.3703241 -0.512748 1.709881
0.07833753 -0.4831675 1.77024
-0.3430341 -0.8207129 1.970398
-0.02246461 -0.7927746 2.014755
-0.4100065 -0.8188804 1.871677
-0.02433757 -0.842944 1.883689
9
-0.1925417 -0.6219666 2.089452
-0.2639163 -0.6002104 2.053358
-0.1144289 -0.6222184 2.052205
-0.3703241 -0.512748 1.709881
0.07833753 -0.4831675 1.77024
-0.3430341 -0.8207129 1.970398
-0.02246461 -0.7927746 2.014755
-0.4100065 -0.8188804 1.871677
-0.02433757 -0.842944 1.883689
9
-0.1925265 -0.6221504 2.089468
-0.2639003 -0.6003279 2.053479
-0.1144091 -0.6225116 2.05209
-0.370012 -0.5127687 1.709925
0.07885715 -0.4832382 1.770612
-0.3420172 -0.8202939 1.970289
-0.02267594 -0.7928137 2.014893
-0.4094107 -0.8189912 1.872126
-0.02620116 -0.8428703 1.883806
9
-0.1925265 -0.6221504 2.089468
-0.2639003 -0.6003279 2.053479
-0.1144091 -0.6225116 2.05209
-0.370012 -0.5127687 1.709925
0.07885715 -0.4832382 1.770612
-0.3420172 -0.8202939 1.970289
-0.02267594 -0.7928137 2.014893
-0.4094107 -0.8189912 1.872126
-0.02620116 -0.8428703 1.883806
9
-0.1925217 -0.6221917 2.089478
-0.2638856 -0.6003782 2.053476
-0.114412 -0.6225343 2.052113
-0.3698786 -0.5127663 1.709895
0.0791505 -0.4835442 1.770712
-0.3430873 -0.8202209 1.969132
-0.02269173 -0.7930379 2.01497
-0.4092532 -0.8181699 1.869482
-0.02524829 -0.8431666 1.883904
9
-0.1925217 -0.6221917 2.089478
-0.2638856 -0.6003782 2.053476
-0.114412 -0.6225343 2.052113
-0.3698786 -0.5127663 1.709895
0.0791505 -0.4835442 1.770712
-0.3430873 -0.8202209 1.969132
-0.02269173 -0.7930379 2.01497
-0.4092532 -0.8181699 1.869482
-0.02524829 -0.8431666 1.883904
9
-0.1925217 -0.6221917 2.089478
-0.2638856 -0.6003782 2.053476
-0.114412 -0.6225343 2.052113
-0.3698786 -0.5127663 1.709895
0.0791505 -0.4835442 1.770712
-0.3430873 -0.8202209 1.969132
-0.02269173 -0.7930379 2.01497
-0.4092532 -0.8181699 1.869482
-0.02524829 -0.8431666 1.883904
9
-0.1925217 -0.6221917 2.089478
-0.2638856 -0.6003782 2.053476
-0.114412 -0.6225343 2.052113
-0.3698786 -0.5127663 1.709895
0.0791505 -0.4835442 1.770712
-0.3430873 -0.8202209 1.969132
-0.02269173 -0.7930379 2.01497
-0.4092532 -0.8181699 1.869482
-0.02524829 -0.8431666 1.883904
9
-0.1925479 -0.6222669 2.089504
-0.2638942 -0.6003867 2.053508
-0.1144688 -0.6227181 2.052125
-0.3697906 -0.5127921 1.70989
0.07907218 -0.4836017 1.770772
-0.3438697 -0.8204335 1.968808
-0.0229212 -0.7931648 2.014891
-0.4094307 -0.8183718 1.868521
-0.02672521 -0.8432015 1.883816
9
-0.1925479 -0.6222669 2.089504
-0.2638942 -0.6003867 2.053508
-0.1144688 -0.6227181 2.052125
-0.3697906 -0.5127921 1.70989
0.07907218 -0.4836017 1.770772
-0.3438697 -0.8204335 1.968808
-0.0229212 -0.7931648 2.014891
-0.4094307 -0.8183718 1.868521
-0.02672521 -0.8432015 1.883816
9
-0.1925479 -0.6222971 2.089491
-0.2638828 -0.6004143 2.053496
-0.1144779 -0.6227362 2.052114
-0.3696192 -0.5127819 1.709833
0.07908309 -0.4836369 1.770767
-0.3413893 -0.8204036 1.97072
-0.02301296 -0.7933744 2.01464
-0.4077519 -0.8173236 1.871068
-0.02571054 -0.8434929 1.883587
9
-0.1925479 -0.6222971 2.089491
-0.2638828 -0.6004143 2.053496
-0.1144779 -0.6227362 2.052114
-0.3696192 -0.5127819 1.709833
0.07908309 -0.4836369 1.770767
-0.3413893 -0.8204036 1.97072
-0.02301296 -0.7933744 2.01464
-0.4077519 -0.8173236 1.871068
-0.02571054 -0.8434929 1.883587
9
-0.1925429 -0.6223571 2.089454
-0.2638668 -0.6004719 2.053461
-0.114482 -0.622775 2.052086
-0.3695917 -0.5127971 1.709804
0.07914371 -0.483666 1.770792
-0.3463975 -0.8213495 1.965439
-0.0231401 -0.7933338 2.014676
-0.4135567 -0.8171343 1.866643
-0.02525751 -0.8435047 1.883642
9
-0.1925429 -0.6223571 2.089454
-0.2638668 -0.6004719 2.053461
-0.114482 -0.622775 2.052086
-0.3695917 -0.5127971 1.709804
0.07914371 -0.483666 1.770792
-0.3463975 -0.8213495 1.965439
-0.0231401 -0.7933338 2.014676
-0.4135567 -0.8171343 1.866643
-0.02525751 -0.8435047 1.883642
9
-0.1925371 -0.6224114 2.089406
-0.2638477 -0.6005269 2.053411
-0.1144868 -0.6228083 2.05205
-0.3695147 -0.5127986 1.709748
0.07915021 -0.4836839 1.770773
-0.3447386 -0.8206022 1.96531
-0.02326901 -0.7933491 2.014608
-0.4135231 -0.8190562 1.868843
-0.02498939 -0.8435445 1.883584
9
-0.1925371 -0.6224114 2.089406
-0.2638477 -0.6005269 2.053411
-0.1144868 -0.6228083 2.05205
-0.3695147 -0.5127986 1.709748
0.07915021 -0.4836839 1.770773
-0.3447386 -0.8206022 1.96531
-0.02326901 -0.7933491 2.014608
-0.4135231 -0.8190562 1.868843
-0.02498939 -0.8435445 1.883584
9
-0.1925371 -0.6224114 2.089406
-0.2638477 -0.6005269 2.053411
-0.1144868 -0.6228083 2.05205
-0.3695147 -0.5127986 1.709748
0.07915021 -0.4836839 1.770773
-0.3447386 -0.8206022 1.96531
-0.02326901 -0.7933491 2.014608
-0.4135231 -0.8190562 1.868843
-0.02498939 -0.8435445 1.883584
9
-0.1925371 -0.6224114 2.089406
-0.2638477 -0.6005269 2.053411
-0.1144868 -0.6228083 2.05205
-0.3695147 -0.5127986 1.709748
0.07915021 -0.4836839 1.770773
-0.3447386 -0.8206022 1.96531
-0.02326901 -0.7933491 2.014608
-0.4135231 -0.8190562 1.868843
-0.02498939 -0.8435445 1.883584
9
-0.1925371 -0.6224114 2.089406
-0.2638477 -0.6005269 2.053411
-0.1144868 -0.6228083 2.05205
-0.3695147 -0.5127986 1.709748
0.07915021 -0.4836839 1.770773
-0.3447386 -0.8206022 1.96531
-0.02326901 -0.7933491 2.014608
-0.4135231 -0.8190562 1.868843
-0.02498939 -0.8435445 1.883584
9
-0.1925371 -0.6224114 2.089406
-0.2638477 -0.6005269 2.053411
-0.1144868 -0.6228083 2.05205
-0.3695147 -0.5127986 1.709748
0.07915021 -0.4836839 1.770773
-0.3447386 -0.8206022 1.96531
-0.02326901 -0.7933491 2.014608
-0.4135231 -0.8190562 1.868843
-0.02498939 -0.8435445 1.883584
9
-0.1926963 -0.6225948 2.089513
-0.2639719 -0.6006024 2.053499
-0.1146731 -0.6230971 2.052181
-0.369238 -0.512872 1.709701
0.07928769 -0.483917 1.771175
-0.3460517 -0.8204447 1.962871
-0.0234785 -0.7935578 2.014906
-0.4124472 -0.8156034 1.86314
-0.02667427 -0.843644 1.883859
9
-0.1926963 -0.6225948 2.089513
-0.2639719 -0.6006024 2.053499
-0.1146731 -0.6230971 2.052181
-0.369238 -0.512872 1.709701
0.07928769 -0.483917 1.771175
-0.3460517 -0.8204447 1.962871
-0.0234785 -0.7935578 2.014906
-0.4124472 -0.8156034 1.86314
-0.02667427 -0.843644 1.883859
9
-0.1926963 -0.6225948 2.089513
-0.2639719 -0.6006024 2.053499
-0.1146731 -0.6230971 2.052181
-0.369238 -0.512872 1.709701
0.07928769 -0.483917 1.771175
-0.3460517 -0.8204447 1.962871
-0.0234785 -0.7935578 2.014906
-0.4124472 -0.8156034 1.86314
-0.02667427 -0.843644 1.883859
9
-0.1926963 -0.6225948 2.089513
-0.2639719 -0.6006024 2.053499
-0.1146731 -0.6230971 2.052181
-0.369238 -0.512872 1.709701
0.07928769 -0.483917 1.771175
-0.3460517 -0.8204447 1.962871
-0.0234785 -0.7935578 2.014906
-0.4124472 -0.8156034 1.86314
-0.02667427 -0.843644 1.883859
9
-0.1927636 -0.6229202 2.089477
-0.2640125 -0.6007367 2.053518
-0.1147621 -0.6236258 2.05206
-0.3692085 -0.5128884 1.709727
0.07927892 -0.4840642 1.771309
-0.3456253 -0.8216802 1.966756
-0.02346333 -0.7937633 2.014978
-0.4138097 -0.8202551 1.869627
-0.02742836 -0.8437582 1.883909
9
-0.1927636 -0.6229202 2.089477
-0.2640125 -0.6007367 2.053518
-0.1147621 -0.6236258 2.05206
-0.3692085 -0.5128884 1.709727
0.07927892 -0.4840642 1.771309
-0.3456253 -0.8216802 1.966756
-0.02346333 -0.7937633 2.014978
-0.4138097 -0.8202551 1.869627
-0.02742836 -0.8437582 1.883909
9
-0.1927636 -0.6229202 2.089477
-0.2640125 -0.6007367 2.053518
-0.1147621 -0.6236258 2.05206
-0.3692085 -0.5128884 1.709727
0.07927892 -0.4840642 1.771309
-0.3456253 -0.8216802 1.966756
-0.02346333 -0.7937633 2.014978
-0.4138097 -0.8202551 1.869627
-0.02742836 -0.8437582 1.883909
9
-0.1927636 -0.6229202 2.089477
-0.2640125 -0.6007367 2.053518
-0.1147621 -0.6236258 2.05206
-0.3692085 -0.5128884 1.709727
0.07927892 -0.4840642 1.771309
-0.3456253 -0.8216802 1.966756
-0.02346333 -0.7937633 2.014978
-0.4138097 -0.8202551 1.869627
-0.02742836 -0.8437582 1.883909
9
-0.1927027 -0.623068 2.089576
-0.2639296 -0.6008499 2.053734
-0.1147137 -0.6237931 2.052083
-0.3690933 -0.5129544 1.709943
0.07965974 -0.4841442 1.771628
-0.3543601 -0.816099 1.948268
-0.02354715 -0.7937783 2.015198
-0.4194104 -0.8143477 1.847834
-0.009201681 -0.8678857 2.022106
9
-0.1927027 -0.623068 2.089576
-0.2639296 -0.6008499 2.053734
-0.1147137 -0.6237931 2.052083
-0.3690933 -0.5129544 1.709943
0.07965974 -0.4841442 1.771628
-0.3543601 -0.816099 1.948268
-0.02354715 -0.7937783 2.015198
-0.4194104 -0.8143477 1.847834
-0.009201681 -0.8678857 2.022106
9
-0.1927027 -0.623068 2.089576
-0.2639296 -0.6008499 2.053734
-0.1147137 -0.6237931 2.052083
-0.3690933 -0.5129544 1.709943
0.07965974 -0.4841442 1.771628
-0.3543601 -0.816099 1.948268
-0.02354715 -0.7937783 2.015198
-0.4194104 -0.8143477 1.847834
-0.009201681 -0.8678857 2.022106
9
-0.1927027 -0.623068 2.089576
-0.2639296 -0.6008499 2.053734
-0.1147137 -0.6237931 2.052083
-0.3690933 -0.5129544 1.709943
0.07965974 -0.4841442 1.771628
-0.3543601 -0.816099 1.948268
-0.02354715 -0.7937783 2.015198
-0.4194104 -0.8143477 1.847834
-0.009201681 -0.8678857 2.022106
