40
9
-0.0017863 -0.05477669 2.054013
-0.07301781 -0.05410069 2.006055
0.06944474 -0.05361527 2.03138
-0.09712276 -0.3939088 1.912935
0.07578322 -0.3981157 1.980483
-0.1119728 -0.8096974 1.904874
0.05741918 -0.831956 1.984317
-0.1275146 -0.8624579 1.778142
0.08672455 -0.8762726 1.885884
9
-0.0017863 -0.05477669 2.054013
-0.07301781 -0.05410069 2.006055
0.06944474 -0.05361527 2.03138
-0.09712276 -0.3939088 1.912935
0.07578322 -0.3981157 1.980483
-0.1119728 -0.8096974 1.904874
0.05741918 -0.831956 1.984317
-0.1275146 -0.8624579 1.778142
0.08672455 -0.8762726 1.885884
9
-0.0017863 -0.05477669 2.054013
-0.07301781 -0.05410069 2.006055
0.06944474 -0.05361527 2.03138
-0.09712276 -0.3939088 1.912935
0.07578322 -0.3981157 1.980483
-0.1119728 -0.8096974 1.904874
0.05741918 -0.831956 1.984317
-0.1275146 -0.8624579 1.778142
0.08672455 -0.8762726 1.885884
9
-0.0017863 -0.05477669 2.054013
-0.07301781 -0.05410069 2.006055
0.06944474 -0.05361527 2.03138
-0.09712276 -0.3939088 1.912935
0.07578322 -0.3981157 1.980483
-0.1119728 -0.8096974 1.904874
0.05741918 -0.831956 1.984317
-0.1275146 -0.8624579 1.778142
0.08672455 -0.8762726 1.885884
9
-0.003095533 -0.1106207 2.049202
-0.07632869 -0.1125184 2.000683
0.07019247 -0.1042313 2.027328
-0.08617587 -0.4409534 1.860329
0.09139907 -0.4446033 1.944272
-0.1101266 -0.810873 1.901469
0.05818216 -0.8334183 1.981411
-0.1263195 -0.8636422 1.775497
0.08556516 -0.8793872 1.883665
9
-0.003095533 -0.1106207 2.049202
-0.07632869 -0.1125184 2.000683
0.07019247 -0.1042313 2.027328
-0.08617587 -0.4409534 1.860329
0.09139907 -0.4446033 1.944272
-0.1101266 -0.810873 1.901469
0.05818216 -0.8334183 1.981411
-0.1263195 -0.8636422 1.775497
0.08556516 -0.8793872 1.883665
9
-0.003095533 -0.1106207 2.049202
-0.07632869 -0.1125184 2.000683
0.07019247 -0.1042313 2.027328
-0.08617587 -0.4409534 1.860329
0.09139907 -0.4446033 1.944272
-0.1101266 -0.810873 1.901469
0.05818216 -0.8334183 1.981411
-0.1263195 -0.8636422 1.775497
0.08556516 -0.8793872 1.883665
9
-0.003095533 -0.1106207 2.049202
-0.07632869 -0.1125184 2.000683
0.07019247 -0.1042313 2.027328
-0.08617587 -0.4409534 1.860329
0.09139907 -0.4446033 1.944272
-0.1101266 -0.810873 1.901469
0.05818216 -0.8334183 1.981411
-0.1263195 -0.8636422 1.775497
0.08556516 -0.8793872 1.883665
9
-0.003095533 -0.1106207 2.049202
-0.07632869 -0.1125184 2.000683
0.07019247 -0.1042313 2.027328
-0.08617587 -0.4409534 1.860329
0.09139907 -0.4446033 1.944272
-0.1101266 -0.810873 1.901469
0.05818216 -0.8334183 1.981411
-0.1263195 -0.8636422 1.775497
0.08556516 -0.8793872 1.883665
9
-0.003095533 -0.1106207 2.049202
-0.07632869 -0.1125184 2.000683
0.07019247 -0.1042313 2.027328
-0.08617587 -0.4409534 1.860329
0.09139907 -0.4446033 1.944272
-0.1101266 -0.810873 1.901469
0.05818216 -0.8334183 1.981411
-0.1263195 -0.8636422 1.775497
0.08556516 -0.8793872 1.883665
9
-0.003095533 -0.1106207 2.049202
-0.07632869 -0.1125184 2.000683
0.07019247 -0.1042313 2.027328
-0.08617587 -0.4409534 1.860329
0.09139907 -0.4446033 1.944272
-0.1101266 -0.810873 1.901469
0.05818216 -0.8334183 1.981411
-0.1263195 -0.8636422 1.775497
0.08556516 -0.8793872 1.883665
9
-0.00617229 -0.1908486 2.039172
-0.07935476 -0.1923472 1.99009
0.06718037 -0.1827792 2.018008
-0.0717096 -0.493929 1.808376
0.109902 -0.5123508 1.895892
-0.10287 -0.8378594 1.854515
0.05870578 -0.841677 1.974873
-0.1045804 -0.8819149 1.750534
0.08296157 -0.8837681 1.872833
9
-0.007394704 -0.2107915 2.0567
-0.07947551 -0.2115057 2.006373
0.06483861 -0.2029283 2.036926
-0.06842998 -0.5027122 1.798381
0.1127259 -0.5207341 1.889628
-0.1028554 -0.8378305 1.854487
0.0579321 -0.8460482 1.972398
-0.1039014 -0.8816369 1.750278
0.08306517 -0.8853594 1.868642
9
-0.007394704 -0.2107915 2.0567
-0.07947551 -0.2115057 2.006373
0.06483861 -0.2029283 2.036926
-0.06842998 -0.5027122 1.798381
0.1127259 -0.5207341 1.889628
-0.1028554 -0.8378305 1.854487
0.0579321 -0.8460482 1.972398
-0.1039014 -0.8816369 1.750278
0.08306517 -0.8853594 1.868642
9
-0.007394704 -0.2107915 2.0567
-0.07947551 -0.2115057 2.006373
0.06483861 -0.2029283 2.036926
-0.06842998 -0.5027122 1.798381
0.1127259 -0.5207341 1.889628
-0.1028554 -0.8378305 1.854487
0.0579321 -0.8460482 1.972398
-0.1039014 -0.8816369 1.750278
0.08306517 -0.8853594 1.868642
9
-0.02645472 -0.2546675 2.070538
-0.09844065 -0.2523807 2.017621
0.04641788 -0.2484099 2.053571
-0.06047988 -0.4270405 1.770069
0.1301847 -0.453758 1.857852
-0.1012955 -0.8284222 1.867996
0.05951576 -0.8476288 1.969707
-0.1037888 -0.8730423 1.756083
0.09067567 -0.8843618 1.866593
9
-0.02645472 -0.2546675 2.070538
-0.09844065 -0.2523807 2.017621
0.04641788 -0.2484099 2.053571
-0.06047988 -0.4270405 1.770069
0.1301847 -0.453758 1.857852
-0.1012955 -0.8284222 1.867996
0.05951576 -0.8476288 1.969707
-0.1037888 -0.8730423 1.756083
0.09067567 -0.8843618 1.866593
9
-0.02645472 -0.2546675 2.070538
-0.09844065 -0.2523807 2.017621
0.04641788 -0.2484099 2.053571
-0.06047988 -0.4270405 1.770069
0.1301847 -0.453758 1.857852
-0.1012955 -0.8284222 1.867996
0.05951576 -0.8476288 1.969707
-0.1037888 -0.8730423 1.756083
0.09067567 -0.8843618 1.866593
9
-0.03012439 -0.3233048 2.060666
-0.1046795 -0.3196888 2.007122
0.04539538 -0.3159895 2.044516
-0.04734276 -0.4484308 1.74339
0.1323751 -0.4796847 1.837876
-0.1004666 -0.827557 1.868892
0.05871154 -0.8472151 1.967743
-0.1041582 -0.873962 1.752611
0.09131713 -0.8844098 1.865626
9
-0.03012439 -0.3233048 2.060666
-0.1046795 -0.3196888 2.007122
0.04539538 -0.3159895 2.044516
-0.04734276 -0.4484308 1.74339
0.1323751 -0.4796847 1.837876
-0.1004666 -0.827557 1.868892
0.05871154 -0.8472151 1.967743
-0.1041582 -0.873962 1.752611
0.09131713 -0.8844098 1.865626
9
-0.03012439 -0.3233048 2.060666
-0.1046795 -0.3196888 2.007122
0.04539538 -0.3159895 2.044516
-0.04734276 -0.4484308 1.74339
0.1323751 -0.4796847 1.837876
-0.1004666 -0.827557 1.868892
0.05871154 -0.8472151 1.967743
-0.1041582 -0.873962 1.752611
0.09131713 -0.8844098 1.865626
9
-0.03012439 -0.3233048 2.060666
-0.1046795 -0.3196888 2.007122
0.04539538 -0.3159895 2.044516
-0.04734276 -0.4484308 1.74339
0.1323751 -0.4796847 1.837876
-0.1004666 -0.827557 1.868892
0.05871154 -0.8472151 1.967743
-0.1041582 -0.873962 1.752611
0.09131713 -0.8844098 1.865626
9
-0.03012439 -0.3233048 2.060666
-0.1046795 -0.3196888 2.007122
0.04539538 -0.3159895 2.044516
-0.04734276 -0.4484308 1.74339
0.1323751 -0.4796847 1.837876
-0.1004666 -0.827557 1.868892
0.05871154 -0.8472151 1.967743
-0.1041582 -0.873962 1.752611
0.09131713 -0.8844098 1.865626
9
-0.02790914 -0.3847798 2.049074
-0.1041654 -0.3796202 1.99633
0.0492381 -0.3769216 2.032476
-0.0344418 -0.4686381 1.712498
0.1446703 -0.5003949 1.799216
-0.09960987 -0.8263348 1.868798
0.06362088 -0.8493873 1.961554
-0.1063531 -0.8751794 1.752683
0.06566877 -0.8791945 1.839092
9
-0.02790914 -0.3847798 2.049074
-0.1041654 -0.3796202 1.99633
0.0492381 -0.3769216 2.032476
-0.0344418 -0.4686381 1.712498
0.1446703 -0.5003949 1.799216
-0.09960987 -0.8263348 1.868798
0.06362088 -0.8493873 1.961554
-0.1063531 -0.8751794 1.752683
0.06566877 -0.8791945 1.839092
9
-0.02907849 -0.4014678 2.044743
-0.1054355 -0.3958094 1.991088
0.04820217 -0.3935969 2.02915
-0.03170465 -0.4699676 1.705482
0.1466309 -0.5040178 1.789716
-0.09599972 -0.8299804 1.868307
0.07004582 -0.8617536 1.947078
-0.1109395 -0.8761747 1.752159
0.06495594 -0.8818893 1.829032
9
-0.0314098 -0.4286781 2.039356
-0.1087086 -0.4214424 1.985237
0.04692451 -0.4214625 2.024441
-0.02887398 -0.4725869 1.695404
0.1508288 -0.507871 1.776173
-0.09424391 -0.8296675 1.868869
0.07030836 -0.8616652 1.947031
-0.1104779 -0.8774105 1.753687
0.06516407 -0.8812373 1.828796
9
-0.0314098 -0.4286781 2.039356
-0.1087086 -0.4214424 1.985237
0.04692451 -0.4214625 2.024441
-0.02887398 -0.4725869 1.695404
0.1508288 -0.507871 1.776173
-0.09424391 -0.8296675 1.868869
0.07030836 -0.8616652 1.947031
-0.1104779 -0.8774105 1.753687
0.06516407 -0.8812373 1.828796
9
-0.0314098 -0.4286781 2.039356
-0.1087086 -0.4214424 1.985237
0.04692451 -0.4214625 2.024441
-0.02887398 -0.4725869 1.695404
0.1508288 -0.507871 1.776173
-0.09424391 -0.8296675 1.868869
0.07030836 -0.8616652 1.947031
-0.1104779 -0.8774105 1.753687
0.06516407 -0.8812373 1.828796
9
-0.03570769 -0.4534972 2.032698
-0.1129271 -0.4441983 1.978922
0.04268428 -0.4474797 2.017621
-0.0249311 -0.47763 1.683105
0.1536888 -0.5096635 1.764201
-0.09341112 -0.8296229 1.867814
0.07186109 -0.8620047 1.946568
-0.1383031 -0.880363 1.750922
0.06147752 -0.8811415 1.821792
9
-0.03570769 -0.4534972 2.032698
-0.1129271 -0.4441983 1.978922
0.04268428 -0.4474797 2.017621
-0.0249311 -0.47763 1.683105
0.1536888 -0.5096635 1.764201
-0.09341112 -0.8296229 1.867814
0.07186109 -0.8620047 1.946568
-0.1383031 -0.880363 1.750922
0.06147752 -0.8811415 1.821792
9
-0.03570769 -0.4534972 2.032698
-0.1129271 -0.4441983 1.978922
0.04268428 -0.4474797 2.017621
-0.0249311 -0.47763 1.683105
0.1536888 -0.5096635 1.764201
-0.09341112 -0.8296229 1.867814
0.07186109 -0.8620047 1.946568
-0.1383031 -0.880363 1.750922
0.06147752 -0.8811415 1.821792
9
-0.03570769 -0.4534972 2.032698
-0.1129271 -0.4441983 1.978922
0.04268428 -0.4474797 2.017621
-0.0249311 -0.47763 1.683105
0.1536888 -0.5096635 1.764201
-0.09341112 -0.8296229 1.867814
0.07186109 -0.8620047 1.946568
-0.1383031 -0.880363 1.750922
0.06147752 -0.8811415 1.821792
9
-0.04049186 -0.5095 2.01649
-0.1173855 -0.4979626 1.96241
0.03771431 -0.5037565 2.00217
-0.02019049 -0.489719 1.663402
0.1572633 -0.5126436 1.743633
-0.08928596 -0.8365569 1.855258
0.07383568 -0.8683981 1.945041
-0.05404663 -0.8745117 1.739258
0.04057527 -0.8796234 1.812165
9
-0.04049186 -0.5095 2.01649
-0.1173855 -0.4979626 1.96241
0.03771431 -0.5037565 2.00217
-0.02019049 -0.489719 1.663402
0.1572633 -0.5126436 1.743633
-0.08928596 -0.8365569 1.855258
0.07383568 -0.8683981 1.945041
-0.05404663 -0.8745117 1.739258
0.04057527 -0.8796234 1.812165
9
-0.04479661 -0.5150214 2.013274
-0.120988 -0.5022417 1.959985
0.03280571 -0.5104615 1.998111
-0.01635689 -0.4921161 1.653805
0.1598012 -0.5142389 1.74329
-0.08457371 -0.8392262 1.844256
0.07618059 -0.8692092 1.944233
-0.0639584 -0.8722033 1.734641
0.1094941 -0.8836616 1.831211
9
-0.04639358 -0.5288028 2.00855
-0.1225242 -0.5155112 1.955293
0.03123947 -0.5241187 1.993566
-0.0150241 -0.5000135 1.650722
0.1589424 -0.5140121 1.73894
-0.0831065 -0.8470165 1.841196
0.07969172 -0.8700166 1.942023
-0.135376 -0.8779297 1.739258
0.1099837 -0.8845562 1.827861
9
-0.04639358 -0.5288028 2.00855
-0.1225242 -0.5155112 1.955293
0.03123947 -0.5241187 1.993566
-0.0150241 -0.5000135 1.650722
0.1589424 -0.5140121 1.73894
-0.0831065 -0.8470165 1.841196
0.07969172 -0.8700166 1.942023
-0.135376 -0.8779297 1.739258
0.1099837 -0.8845562 1.827861
9
-0.05752728 -0.5375232 2.007308
-0.1331157 -0.5222441 1.954316
0.019877 -0.5347863 1.992128
-0.0133982 -0.5035309 1.647851
0.1586893 -0.5154191 1.744456
-0.08142752 -0.8504939 1.838327
0.08929378 -0.8731009 1.943516
-0.1365707 -0.8778539 1.739106
0.1074305 -0.8845673 1.824799
9
-0.05752728 -0.5375232 2.007308
-0.1331157 -0.5222441 1.954316
0.019877 -0.5347863 1.992128
-0.0133982 -0.5035309 1.647851
0.1586893 -0.5154191 1.744456
-0.08142752 -0.8504939 1.838327
0.08929378 -0.8731009 1.943516
-0.1365707 -0.8778539 1.739106
0.1074305 -0.8845673 1.824799
