40
9
-0.09429975 -0.3339308 2.220463
-0.186098 -0.32947 2.197587
0.0007976106 -0.3263324 2.165442
-0.2173616 -0.6201638 1.959527
-0.0171157 -0.5954907 1.896696
-0.1412241 -0.8685198 2.103554
0.02152997 -0.8356519 2.01765
-0.2214996 -0.8976232 1.967654
-0.04929461 -0.8923544 1.920179
9
-0.09429975 -0.3339308 2.220463
-0.186098 -0.32947 2.197587
0.0007976106 -0.3263324 2.165442
-0.2173616 -0.6201638 1.959527
-0.0171157 -0.5954907 1.896696
-0.1412241 -0.8685198 2.103554
0.02152997 -0.8356519 2.01765
-0.2214996 -0.8976232 1.967654
-0.04929461 -0.8923544 1.920179
9
-0.09429975 -0.3339308 2.220463
-0.186098 -0.32947 2.197587
0.0007976106 -0.3263324 2.165442
-0.2173616 -0.6201638 1.959527
-0.0171157 -0.5954907 1.896696
-0.1412241 -0.8685198 2.103554
0.02152997 -0.8356519 2.01765
-0.2214996 -0.8976232 1.967654
-0.04929461 -0.8923544 1.920179
9
-0.09048026 -0.3357002 2.2249
-0.1820775 -0.331893 2.201126
0.004358379 -0.3274999 2.170754
-0.2168384 -0.6481379 1.993963
-0.01736397 -0.5212228 1.836019
-0.1116593 -0.8833435 2.143064
0.0144859 -0.8693856 1.95437
-0.1978146 -0.8943141 1.976735
-0.08510979 -0.9153441 1.935066
9
-0.09048026 -0.3357002 2.2249
-0.1820775 -0.331893 2.201126
0.004358379 -0.3274999 2.170754
-0.2168384 -0.6481379 1.993963
-0.01736397 -0.5212228 1.836019
-0.1116593 -0.8833435 2.143064
0.0144859 -0.8693856 1.95437
-0.1978146 -0.8943141 1.976735
-0.08510979 -0.9153441 1.935066
9
-0.08881434 -0.3365431 2.22686
-0.1799759 -0.3331167 2.202922
0.00558409 -0.3280267 2.172784
-0.2237567 -0.6463164 1.989119
-0.0174273 -0.5183706 1.835981
-0.1182084 -0.8666918 2.130194
0.01283075 -0.8666331 1.954504
-0.1809853 -0.8987437 1.956255
-0.08308494 -0.918079 1.935328
9
-0.08755454 -0.3373133 2.227857
-0.1786078 -0.3340928 2.203545
0.006726155 -0.3286131 2.17415
-0.2217245 -0.6478591 1.990777
-0.01759722 -0.517031 1.836242
-0.1195244 -0.8722694 2.131927
0.0120762 -0.8646197 1.956622
-0.1868311 -0.8954083 1.957256
-0.08236196 -0.9200215 1.927507
9
-0.08755454 -0.3373133 2.227857
-0.1786078 -0.3340928 2.203545
0.006726155 -0.3286131 2.17415
-0.2217245 -0.6478591 1.990777
-0.01759722 -0.517031 1.836242
-0.1195244 -0.8722694 2.131927
0.0120762 -0.8646197 1.956622
-0.1868311 -0.8954083 1.957256
-0.08236196 -0.9200215 1.927507
9
-0.08604859 -0.3387294 2.229102
-0.1769248 -0.3358752 2.204422
0.008030781 -0.3296893 2.175715
-0.210774 -0.6596556 2.004891
-0.01785303 -0.5162091 1.836767
-0.1102646 -0.8667669 2.142643
0.01091028 -0.8633097 1.958225
-0.1833773 -0.8898187 1.970806
-0.08047456 -0.9228462 1.922007
9
-0.08604859 -0.3387294 2.229102
-0.1769248 -0.3358752 2.204422
0.008030781 -0.3296893 2.175715
-0.210774 -0.6596556 2.004891
-0.01785303 -0.5162091 1.836767
-0.1102646 -0.8667669 2.142643
0.01091028 -0.8633097 1.958225
-0.1833773 -0.8898187 1.970806
-0.08047456 -0.9228462 1.922007
9
-0.08512945 -0.3404028 2.229967
-0.1758213 -0.3378345 2.205052
0.008733957 -0.331061 2.176753
-0.2157373 -0.6545104 1.998941
-0.01708304 -0.5187353 1.83853
-0.1118671 -0.8577694 2.139714
0.0109671 -0.8655556 1.960602
-0.1840038 -0.8881946 1.969522
-0.0807382 -0.9243763 1.918458
9
-0.08512945 -0.3404028 2.229967
-0.1758213 -0.3378345 2.205052
0.008733957 -0.331061 2.176753
-0.2157373 -0.6545104 1.998941
-0.01708304 -0.5187353 1.83853
-0.1118671 -0.8577694 2.139714
0.0109671 -0.8655556 1.960602
-0.1840038 -0.8881946 1.969522
-0.0807382 -0.9243763 1.918458
9
-0.08437748 -0.3437437 2.230392
-0.1748181 -0.3416563 2.205137
0.009212448 -0.33386 2.177439
-0.2159475 -0.6551503 1.998922
-0.0169077 -0.51995 1.838292
-0.1127951 -0.8594217 2.138759
0.01625264 -0.8272341 2.021114
-0.1847139 -0.8887243 1.968109
-0.04494289 -0.8953559 1.920874
9
-0.08437748 -0.3437437 2.230392
-0.1748181 -0.3416563 2.205137
0.009212448 -0.33386 2.177439
-0.2159475 -0.6551503 1.998922
-0.0169077 -0.51995 1.838292
-0.1127951 -0.8594217 2.138759
0.01625264 -0.8272341 2.021114
-0.1847139 -0.8887243 1.968109
-0.04494289 -0.8953559 1.920874
9
-0.08437748 -0.3437437 2.230392
-0.1748181 -0.3416563 2.205137
0.009212448 -0.33386 2.177439
-0.2159475 -0.6551503 1.998922
-0.0169077 -0.51995 1.838292
-0.1127951 -0.8594217 2.138759
0.01625264 -0.8272341 2.021114
-0.1847139 -0.8887243 1.968109
-0.04494289 -0.8953559 1.920874
9
-0.08357539 -0.3476008 2.230664
-0.1739652 -0.3453206 2.205482
0.009893512 -0.3377241 2.177629
-0.2219989 -0.6470166 1.989325
-0.0162932 -0.5213387 1.837018
-0.1205536 -0.8710911 2.134856
0.01657616 -0.8281075 2.021373
-0.1913349 -0.8922998 1.961074
-0.04470427 -0.8957011 1.919597
9
-0.08306341 -0.3550124 2.229385
-0.1733598 -0.3526223 2.204512
0.01026469 -0.3449702 2.176058
-0.2372724 -0.6412312 1.972345
-0.0167693 -0.5223761 1.831921
-0.1210741 -0.8612018 2.135108
0.0161397 -0.8281058 2.021636
-0.1911478 -0.8904083 1.962788
-0.04842537 -0.8946275 1.921726
9
-0.08306341 -0.3550124 2.229385
-0.1733598 -0.3526223 2.204512
0.01026469 -0.3449702 2.176058
-0.2372724 -0.6412312 1.972345
-0.0167693 -0.5223761 1.831921
-0.1210741 -0.8612018 2.135108
0.0161397 -0.8281058 2.021636
-0.1911478 -0.8904083 1.962788
-0.04842537 -0.8946275 1.921726
9
-0.08306341 -0.3550124 2.229385
-0.1733598 -0.3526223 2.204512
0.01026469 -0.3449702 2.176058
-0.2372724 -0.6412312 1.972345
-0.0167693 -0.5223761 1.831921
-0.1210741 -0.8612018 2.135108
0.0161397 -0.8281058 2.021636
-0.1911478 -0.8904083 1.962788
-0.04842537 -0.8946275 1.921726
9
-0.0829904 -0.3628403 2.228649
-0.1731657 -0.3598571 2.204499
0.01018718 -0.3531828 2.174573
-0.2829251 -0.5384212 1.880884
-0.01395452 -0.5269621 1.828218
-0.1922857 -0.87931 1.992665
0.01617528 -0.8281044 2.021862
-0.236377 -0.9532314 1.896005
-0.05056747 -0.89483 1.920188
9
-0.0829904 -0.3628403 2.228649
-0.1731657 -0.3598571 2.204499
0.01018718 -0.3531828 2.174573
-0.2829251 -0.5384212 1.880884
-0.01395452 -0.5269621 1.828218
-0.1922857 -0.87931 1.992665
0.01617528 -0.8281044 2.021862
-0.236377 -0.9532314 1.896005
-0.05056747 -0.89483 1.920188
9
-0.08230804 -0.3703361 2.22726
-0.1724052 -0.3676389 2.202711
0.01076112 -0.3600867 2.173615
-0.284565 -0.5407807 1.876759
-0.01176387 -0.5040582 1.812257
-0.1941313 -0.8815109 1.989049
0.01345223 -0.8431544 1.952681
-0.2369032 -0.9607428 1.900296
-0.06546514 -0.9162005 1.915693
9
-0.08048179 -0.379985 2.224698
-0.1702808 -0.3776587 2.199976
0.012232 -0.3689948 2.171297
-0.2432626 -0.6499952 1.948735
-0.01282257 -0.500876 1.805071
-0.1441485 -0.8842499 2.091624
0.01411732 -0.8387128 1.947938
-0.2058535 -0.8981336 1.937265
-0.06439093 -0.911746 1.919433
9
-0.08048179 -0.379985 2.224698
-0.1702808 -0.3776587 2.199976
0.012232 -0.3689948 2.171297
-0.2432626 -0.6499952 1.948735
-0.01282257 -0.500876 1.805071
-0.1441485 -0.8842499 2.091624
0.01411732 -0.8387128 1.947938
-0.2058535 -0.8981336 1.937265
-0.06439093 -0.911746 1.919433
9
-0.08048179 -0.379985 2.224698
-0.1702808 -0.3776587 2.199976
0.012232 -0.3689948 2.171297
-0.2432626 -0.6499952 1.948735
-0.01282257 -0.500876 1.805071
-0.1441485 -0.8842499 2.091624
0.01411732 -0.8387128 1.947938
-0.2058535 -0.8981336 1.937265
-0.06439093 -0.911746 1.919433
9
-0.08048179 -0.379985 2.224698
-0.1702808 -0.3776587 2.199976
0.012232 -0.3689948 2.171297
-0.2432626 -0.6499952 1.948735
-0.01282257 -0.500876 1.805071
-0.1441485 -0.8842499 2.091624
0.01411732 -0.8387128 1.947938
-0.2058535 -0.8981336 1.937265
-0.06439093 -0.911746 1.919433
9
-0.08933474 -0.4065955 2.21735
-0.1774618 -0.3999631 2.193572
0.001866214 -0.3992385 2.163162
-0.2856319 -0.5651337 1.861813
-0.01200805 -0.4960583 1.784483
-0.1827539 -0.8925579 1.996944
0.01599154 -0.8309314 1.933299
-0.2553153 -0.9362279 1.893454
-0.05807856 -0.905063 1.920448
9
-0.08933474 -0.4065955 2.21735
-0.1774618 -0.3999631 2.193572
0.001866214 -0.3992385 2.163162
-0.2856319 -0.5651337 1.861813
-0.01200805 -0.4960583 1.784483
-0.1827539 -0.8925579 1.996944
0.01599154 -0.8309314 1.933299
-0.2553153 -0.9362279 1.893454
-0.05807856 -0.905063 1.920448
9
-0.09122382 -0.4148438 2.216495
-0.17973 -0.4092331 2.192067
0.0004480347 -0.4060667 2.162948
-0.288224 -0.5614293 1.853531
-0.01127924 -0.4927565 1.781482
-0.1951232 -0.8915092 1.989002
0.01664007 -0.8257872 1.934005
-0.2489022 -0.9665973 1.905277
-0.05196761 -0.9046159 1.918234
9
-0.09122382 -0.4148438 2.216495
-0.17973 -0.4092331 2.192067
0.0004480347 -0.4060667 2.162948
-0.288224 -0.5614293 1.853531
-0.01127924 -0.4927565 1.781482
-0.1951232 -0.8915092 1.989002
0.01664007 -0.8257872 1.934005
-0.2489022 -0.9665973 1.905277
-0.05196761 -0.9046159 1.918234
9
-0.09236835 -0.425873 2.215062
-0.1815911 -0.4212109 2.190024
3.177532E-05 -0.415705 2.162189
-0.2915588 -0.5589879 1.845136
-0.01195812 -0.4874976 1.777271
-0.2011541 -0.8908329 1.978377
0.01588897 -0.8187484 1.933322
-0.260855 -0.963668 1.898779
-0.0506166 -0.8991233 1.916485
9
-0.09236835 -0.425873 2.215062
-0.1815911 -0.4212109 2.190024
3.177532E-05 -0.415705 2.162189
-0.2915588 -0.5589879 1.845136
-0.01195812 -0.4874976 1.777271
-0.2011541 -0.8908329 1.978377
0.01588897 -0.8187484 1.933322
-0.260855 -0.963668 1.898779
-0.0506166 -0.8991233 1.916485
9
-0.0916613 -0.436698 2.214265
-0.181111 -0.432644 2.188851
0.0009750221 -0.4254916 2.161868
-0.2991583 -0.5559899 1.840863
-0.0105368 -0.5018992 1.778028
-0.2042751 -0.8855089 1.976701
0.01885728 -0.8306876 1.938159
-0.2445365 -0.972347 1.904784
-0.05937493 -0.9029576 1.911728
9
-0.0916613 -0.436698 2.214265
-0.181111 -0.432644 2.188851
0.0009750221 -0.4254916 2.161868
-0.2991583 -0.5559899 1.840863
-0.0105368 -0.5018992 1.778028
-0.2042751 -0.8855089 1.976701
0.01885728 -0.8306876 1.938159
-0.2445365 -0.972347 1.904784
-0.05937493 -0.9029576 1.911728
9
-0.09245156 -0.450472 2.212321
-0.1821187 -0.4452362 2.186821
0.0004966282 -0.4399384 2.160174
-0.2986511 -0.5544969 1.833081
-0.01015476 -0.5051988 1.774085
-0.2016858 -0.8795738 1.976983
0.02451944 -0.8337366 1.933681
-0.242546 -0.9679643 1.910693
-0.05594315 -0.9039032 1.906139
9
-0.09245156 -0.450472 2.212321
-0.1821187 -0.4452362 2.186821
0.0004966282 -0.4399384 2.160174
-0.2986511 -0.5544969 1.833081
-0.01015476 -0.5051988 1.774085
-0.2016858 -0.8795738 1.976983
0.02451944 -0.8337366 1.933681
-0.242546 -0.9679643 1.910693
-0.05594315 -0.9039032 1.906139
9
-0.09252272 -0.4634032 2.211296
-0.1825889 -0.4590597 2.185001
0.0008011543 -0.4516009 2.159977
-0.300399 -0.5525848 1.826675
-0.009863521 -0.5060218 1.772008
-0.2029506 -0.8762229 1.973223
0.02523622 -0.833471 1.933496
-0.2407645 -0.9668011 1.91075
-0.05517 -0.9035664 1.905647
9
-0.09252272 -0.4634032 2.211296
-0.1825889 -0.4590597 2.185001
0.0008011543 -0.4516009 2.159977
-0.300399 -0.5525848 1.826675
-0.009863521 -0.5060218 1.772008
-0.2029506 -0.8762229 1.973223
0.02523622 -0.833471 1.933496
-0.2407645 -0.9668011 1.91075
-0.05517 -0.9035664 1.905647
9
-0.09383318 -0.475914 2.210718
-0.1842203 -0.4714377 2.184193
-0.0001238581 -0.4637361 2.159759
-0.3090369 -0.5470535 1.823678
-0.009418037 -0.5057685 1.769998
-0.2079867 -0.8685229 1.972586
0.02593665 -0.8323035 1.933092
-0.3027229 -0.9148251 1.921578
-0.05475122 -0.9023073 1.905073
9
-0.09383318 -0.475914 2.210718
-0.1842203 -0.4714377 2.184193
-0.0001238581 -0.4637361 2.159759
-0.3090369 -0.5470535 1.823678
-0.009418037 -0.5057685 1.769998
-0.2079867 -0.8685229 1.972586
0.02593665 -0.8323035 1.933092
-0.3027229 -0.9148251 1.921578
-0.05475122 -0.9023073 1.905073
