40
9
0.05874319 -0.832581 2.075386
-0.02245154 -0.8263752 2.07044
0.1380557 -0.8110565 2.01127
-0.2740924 -0.7807667 1.80746
0.1258261 -0.723928 1.644076
-0.04991918 -1.038926 2.016776
0.206973 -1.037797 1.875142
-0.1560615 -1.059722 1.95002
0.201796 -1.116297 1.819019
9
0.05874319 -0.832581 2.075386
-0.02245154 -0.8263752 2.07044
0.1380557 -0.8110565 2.01127
-0.2740924 -0.7807667 1.80746
0.1258261 -0.723928 1.644076
-0.04991918 -1.038926 2.016776
0.206973 -1.037797 1.875142
-0.1560615 -1.059722 1.95002
0.201796 -1.116297 1.819019
9
0.05874319 -0.832581 2.075386
-0.02245154 -0.8263752 2.07044
0.1380557 -0.8110565 2.01127
-0.2740924 -0.7807667 1.80746
0.1258261 -0.723928 1.644076
-0.04991918 -1.038926 2.016776
0.206973 -1.037797 1.875142
-0.1560615 -1.059722 1.95002
0.201796 -1.116297 1.819019
9
0.05783385 -0.8325491 2.077797
-0.02295653 -0.8265401 2.072005
0.1366699 -0.8107685 2.014681
-0.279468 -0.7745023 1.815448
0.1232908 -0.72331 1.645162
-0.05276939 -1.038956 2.01769
0.2060304 -1.038061 1.874582
-0.1591135 -1.059684 1.950799
0.2041968 -1.117049 1.820504
9
0.05783385 -0.8325491 2.077797
-0.02295653 -0.8265401 2.072005
0.1366699 -0.8107685 2.014681
-0.279468 -0.7745023 1.815448
0.1232908 -0.72331 1.645162
-0.05276939 -1.038956 2.01769
0.2060304 -1.038061 1.874582
-0.1591135 -1.059684 1.950799
0.2041968 -1.117049 1.820504
9
0.05697892 -0.8313491 2.079331
-0.02358877 -0.8257218 2.073157
0.1356409 -0.8092304 2.016533
-0.2860216 -0.7677548 1.82466
0.1222512 -0.7230549 1.646074
-0.04965224 -1.04045 2.023927
0.2056949 -1.03792 1.875117
-0.156288 -1.061063 1.956617
0.2025079 -1.117414 1.82324
9
0.05697892 -0.8313491 2.079331
-0.02358877 -0.8257218 2.073157
0.1356409 -0.8092304 2.016533
-0.2860216 -0.7677548 1.82466
0.1222512 -0.7230549 1.646074
-0.04965224 -1.04045 2.023927
0.2056949 -1.03792 1.875117
-0.156288 -1.061063 1.956617
0.2025079 -1.117414 1.82324
9
0.06018187 -0.8271334 2.079968
-0.02034732 -0.822738 2.07317
0.1387572 -0.8036317 2.017816
-0.287988 -0.7525246 1.834051
0.1192586 -0.7219334 1.64754
-0.05692738 -1.039914 2.02225
0.2038485 -1.03882 1.873576
-0.1338899 -1.077539 1.961448
0.1735747 -1.090958 1.752448
9
0.06018187 -0.8271334 2.079968
-0.02034732 -0.822738 2.07317
0.1387572 -0.8036317 2.017816
-0.287988 -0.7525246 1.834051
0.1192586 -0.7219334 1.64754
-0.05692738 -1.039914 2.02225
0.2038485 -1.03882 1.873576
-0.1338899 -1.077539 1.961448
0.1735747 -1.090958 1.752448
9
0.06063728 -0.8219781 2.080216
-0.01972903 -0.8186318 2.073211
0.1389946 -0.7977108 2.018148
-0.2817582 -0.7039045 1.844377
0.1160892 -0.7226964 1.649452
-0.07835071 -1.010143 2.01163
0.2054632 -1.037611 1.876377
-0.09967589 -1.090291 1.97604
0.242831 -1.108136 1.824624
9
0.06063728 -0.8219781 2.080216
-0.01972903 -0.8186318 2.073211
0.1389946 -0.7977108 2.018148
-0.2817582 -0.7039045 1.844377
0.1160892 -0.7226964 1.649452
-0.07835071 -1.010143 2.01163
0.2054632 -1.037611 1.876377
-0.09967589 -1.090291 1.97604
0.242831 -1.108136 1.824624
9
0.06146091 -0.8165302 2.08135
-0.01877625 -0.8141739 2.074133
0.1396414 -0.7915179 2.01936
-0.2814878 -0.7046549 1.843565
0.1114347 -0.723179 1.651371
-0.08487716 -1.017579 2.006576
0.2048989 -1.038404 1.876374
-0.106447 -1.097456 1.978937
0.245677 -1.106856 1.82297
9
0.06146091 -0.8165302 2.08135
-0.01877625 -0.8141739 2.074133
0.1396414 -0.7915179 2.01936
-0.2814878 -0.7046549 1.843565
0.1114347 -0.723179 1.651371
-0.08487716 -1.017579 2.006576
0.2048989 -1.038404 1.876374
-0.106447 -1.097456 1.978937
0.245677 -1.106856 1.82297
9
0.06187054 -0.8147357 2.081303
-0.01837089 -0.8129115 2.074229
0.1400416 -0.7891918 2.019074
-0.2839423 -0.7184131 1.840681
0.1034064 -0.7240928 1.651808
-0.06239698 -1.025666 2.020665
0.2044069 -1.038521 1.874861
-0.1214775 -1.0776 1.949126
0.2413464 -1.106513 1.813643
9
0.06187054 -0.8147357 2.081303
-0.01837089 -0.8129115 2.074229
0.1400416 -0.7891918 2.019074
-0.2839423 -0.7184131 1.840681
0.1034064 -0.7240928 1.651808
-0.06239698 -1.025666 2.020665
0.2044069 -1.038521 1.874861
-0.1214775 -1.0776 1.949126
0.2413464 -1.106513 1.813643
9
0.06157901 -0.8144004 2.081205
-0.0185374 -0.8127353 2.074244
0.1396106 -0.7886784 2.018785
-0.2850555 -0.722648 1.840191
0.09581281 -0.7243906 1.652188
-0.06281624 -1.026831 2.018792
0.2032082 -1.03708 1.874903
-0.1200102 -1.079146 1.945211
0.2442645 -1.108011 1.83876
9
0.06157901 -0.8144004 2.081205
-0.0185374 -0.8127353 2.074244
0.1396106 -0.7886784 2.018785
-0.2850555 -0.722648 1.840191
0.09581281 -0.7243906 1.652188
-0.06281624 -1.026831 2.018792
0.2032082 -1.03708 1.874903
-0.1200102 -1.079146 1.945211
0.2442645 -1.108011 1.83876
9
0.06125264 -0.8146452 2.08077
-0.01870688 -0.8130499 2.074083
0.1390384 -0.7888359 2.017877
-0.2870611 -0.7266437 1.841065
0.09166691 -0.7245604 1.651735
-0.06328408 -1.027793 2.016605
0.2010069 -1.034643 1.871433
-0.1235187 -1.079142 1.946008
0.2415716 -1.105941 1.838398
9
0.06125264 -0.8146452 2.08077
-0.01870688 -0.8130499 2.074083
0.1390384 -0.7888359 2.017877
-0.2870611 -0.7266437 1.841065
0.09166691 -0.7245604 1.651735
-0.06328408 -1.027793 2.016605
0.2010069 -1.034643 1.871433
-0.1235187 -1.079142 1.946008
0.2415716 -1.105941 1.838398
9
0.06116731 -0.8156481 2.080136
-0.01863836 -0.8146576 2.073843
0.1388364 -0.7895148 2.016807
-0.2881474 -0.7276739 1.842577
0.0892965 -0.7245429 1.651076
-0.06707513 -1.027623 2.012354
0.1989687 -1.031404 1.868411
-0.1339889 -1.074616 1.945957
0.241513 -1.101719 1.838582
9
0.06116731 -0.8156481 2.080136
-0.01863836 -0.8146576 2.073843
0.1388364 -0.7895148 2.016807
-0.2881474 -0.7276739 1.842577
0.0892965 -0.7245429 1.651076
-0.06707513 -1.027623 2.012354
0.1989687 -1.031404 1.868411
-0.1339889 -1.074616 1.945957
0.241513 -1.101719 1.838582
9
0.05678477 -0.8213008 2.077992
-0.02251362 -0.8206711 2.072768
0.1340932 -0.7946601 2.013713
-0.2910995 -0.7286175 1.842307
0.08732431 -0.7252397 1.648385
-0.06919348 -1.027762 2.011155
0.1988102 -1.028472 1.868701
-0.1424442 -1.070768 1.95157
0.2373743 -1.098961 1.818897
9
0.05678477 -0.8213008 2.077992
-0.02251362 -0.8206711 2.072768
0.1340932 -0.7946601 2.013713
-0.2910995 -0.7286175 1.842307
0.08732431 -0.7252397 1.648385
-0.06919348 -1.027762 2.011155
0.1988102 -1.028472 1.868701
-0.1424442 -1.070768 1.95157
0.2373743 -1.098961 1.818897
9
0.0590901 -0.8258415 2.075157
-0.01996045 -0.8265782 2.07072
0.1362516 -0.7979631 2.010216
-0.2966786 -0.7554359 1.844074
0.08501016 -0.7259104 1.645993
-0.07180665 -1.034183 2.010257
0.1990267 -1.028023 1.869482
-0.1451038 -1.078539 1.95437
0.2310863 -1.096808 1.804189
9
0.0590901 -0.8258415 2.075157
-0.01996045 -0.8265782 2.07072
0.1362516 -0.7979631 2.010216
-0.2966786 -0.7554359 1.844074
0.08501016 -0.7259104 1.645993
-0.07180665 -1.034183 2.010257
0.1990267 -1.028023 1.869482
-0.1451038 -1.078539 1.95437
0.2310863 -1.096808 1.804189
9
0.0596243 -0.8291366 2.073634
-0.01945595 -0.830709 2.06912
0.136771 -0.8002583 2.008907
-0.2993184 -0.7656202 1.845238
0.08407144 -0.7254068 1.645436
-0.07235939 -1.034459 2.009513
0.1987271 -1.027328 1.8702
-0.1458529 -1.078746 1.954127
0.2298724 -1.095526 1.802496
9
0.0596243 -0.8291366 2.073634
-0.01945595 -0.830709 2.06912
0.136771 -0.8002583 2.008907
-0.2993184 -0.7656202 1.845238
0.08407144 -0.7254068 1.645436
-0.07235939 -1.034459 2.009513
0.1987271 -1.027328 1.8702
-0.1458529 -1.078746 1.954127
0.2298724 -1.095526 1.802496
9
0.0595825 -0.8314421 2.072073
-0.01949831 -0.8332778 2.067705
0.1367412 -0.8021218 2.007291
-0.3003604 -0.7680151 1.845335
0.08304071 -0.7249536 1.644435
-0.07338534 -1.03619 2.009163
0.1984785 -1.026251 1.871297
-0.1470994 -1.08041 1.954453
0.2322657 -1.09423 1.805691
9
0.0595825 -0.8314421 2.072073
-0.01949831 -0.8332778 2.067705
0.1367412 -0.8021218 2.007291
-0.3003604 -0.7680151 1.845335
0.08304071 -0.7249536 1.644435
-0.07338534 -1.03619 2.009163
0.1984785 -1.026251 1.871297
-0.1470994 -1.08041 1.954453
0.2322657 -1.09423 1.805691
9
0.05890508 -0.8337544 2.071037
-0.02004502 -0.8356147 2.066984
0.1359631 -0.8042638 2.005975
-0.3004012 -0.7691472 1.844225
0.08266465 -0.7250636 1.643478
-0.07358306 -1.036013 2.008871
0.2003042 -1.016284 1.875575
-0.147375 -1.080214 1.954377
0.2198709 -1.088138 1.806985
9
0.05890508 -0.8337544 2.071037
-0.02004502 -0.8356147 2.066984
0.1359631 -0.8042638 2.005975
-0.3004012 -0.7691472 1.844225
0.08266465 -0.7250636 1.643478
-0.07358306 -1.036013 2.008871
0.2003042 -1.016284 1.875575
-0.147375 -1.080214 1.954377
0.2198709 -1.088138 1.806985
9
0.058571 -0.8348297 2.070504
-0.02054835 -0.837153 2.066103
0.1357794 -0.804891 2.005725
-0.3001921 -0.7700623 1.842494
0.08243233 -0.7249777 1.643386
-0.07386395 -1.036036 2.008118
0.1996873 -1.016555 1.87489
-0.1530987 -1.074053 1.956844
0.2151278 -1.088485 1.804219
9
0.058571 -0.8348297 2.070504
-0.02054835 -0.837153 2.066103
0.1357794 -0.804891 2.005725
-0.3001921 -0.7700623 1.842494
0.08243233 -0.7249777 1.643386
-0.07386395 -1.036036 2.008118
0.1996873 -1.016555 1.87489
-0.1530987 -1.074053 1.956844
0.2151278 -1.088485 1.804219
9
0.05841116 -0.8351309 2.070251
-0.02071552 -0.8375205 2.065816
0.1356447 -0.8050907 2.005528
-0.299302 -0.770846 1.840568
0.08263034 -0.7251044 1.643155
-0.07874557 -1.035428 2.00503
0.1977887 -1.017694 1.872896
-0.1515639 -1.081251 1.952167
0.2199392 -1.089442 1.805865
9
0.05841116 -0.8351309 2.070251
-0.02071552 -0.8375205 2.065816
0.1356447 -0.8050907 2.005528
-0.299302 -0.770846 1.840568
0.08263034 -0.7251044 1.643155
-0.07874557 -1.035428 2.00503
0.1977887 -1.017694 1.872896
-0.1515639 -1.081251 1.952167
0.2199392 -1.089442 1.805865
9
0.05829958 -0.8349615 2.070034
-0.02083881 -0.8373559 2.065453
0.1355421 -0.8048953 2.005416
-0.2969029 -0.7744859 1.835637
0.0826696 -0.7246568 1.643074
-0.07940659 -1.035935 2.004607
0.196871 -1.017356 1.872717
-0.1486204 -1.085148 1.94982
0.2216846 -1.088471 1.806103
9
0.05829958 -0.8349615 2.070034
-0.02083881 -0.8373559 2.065453
0.1355421 -0.8048953 2.005416
-0.2969029 -0.7744859 1.835637
0.0826696 -0.7246568 1.643074
-0.07940659 -1.035935 2.004607
0.196871 -1.017356 1.872717
-0.1486204 -1.085148 1.94982
0.2216846 -1.088471 1.806103
9
0.05805039 -0.8325278 2.069737
-0.02107385 -0.8350971 2.064974
0.1352908 -0.8022494 2.005308
-0.2941867 -0.7751554 1.830417
0.08287418 -0.7236487 1.642552
-0.078958 -1.036088 2.004049
0.1965695 -1.018394 1.873916
-0.1371437 -1.09246 1.941041
0.2190995 -1.088997 1.804371
9
0.05805039 -0.8325278 2.069737
-0.02107385 -0.8350971 2.064974
0.1352908 -0.8022494 2.005308
-0.2941867 -0.7751554 1.830417
0.08287418 -0.7236487 1.642552
-0.078958 -1.036088 2.004049
0.1965695 -1.018394 1.873916
-0.1371437 -1.09246 1.941041
0.2190995 -1.088997 1.804371
9
0.05074028 -0.8249227 2.070562
-0.02908531 -0.8256824 2.064915
0.1288117 -0.7963462 2.006829
-0.2982672 -0.7759541 1.823241
0.08484085 -0.7191106 1.642636
-0.07990266 -1.035373 2.002738
0.1960279 -1.019203 1.874134
-0.1356228 -1.093273 1.938773
0.2130294 -1.090501 1.802894
