40
9
-0.02988111 -0.5582835 1.907447
-0.1074304 -0.5473296 1.876768
0.04889404 -0.5497676 1.870427
-0.2144604 -0.5245052 1.554881
0.1358702 -0.5055051 1.574803
-0.116846 -0.8524486 1.79285
0.1412196 -0.8189014 1.765098
-0.195701 -0.8745433 1.718148
0.1541227 -0.8513291 1.654482
9
-0.02988111 -0.5582835 1.907447
-0.1074304 -0.5473296 1.876768
0.04889404 -0.5497676 1.870427
-0.2144604 -0.5245052 1.554881
0.1358702 -0.5055051 1.574803
-0.116846 -0.8524486 1.79285
0.1412196 -0.8189014 1.765098
-0.195701 -0.8745433 1.718148
0.1541227 -0.8513291 1.654482
9
-0.02988111 -0.5582835 1.907447
-0.1074304 -0.5473296 1.876768
0.04889404 -0.5497676 1.870427
-0.2144604 -0.5245052 1.554881
0.1358702 -0.5055051 1.574803
-0.116846 -0.8524486 1.79285
0.1412196 -0.8189014 1.765098
-0.195701 -0.8745433 1.718148
0.1541227 -0.8513291 1.654482
9
-0.0289559 -0.558372 1.907345
-0.1066717 -0.5475265 1.876625
0.04994681 -0.549692 1.870423
-0.2146222 -0.5244747 1.554799
0.1371925 -0.5043029 1.573971
-0.1169747 -0.8525525 1.792857
0.1416628 -0.8186347 1.765954
-0.1975446 -0.8751621 1.72081
0.1544503 -0.8504993 1.65498
9
-0.0289559 -0.558372 1.907345
-0.1066717 -0.5475265 1.876625
0.04994681 -0.549692 1.870423
-0.2146222 -0.5244747 1.554799
0.1371925 -0.5043029 1.573971
-0.1169747 -0.8525525 1.792857
0.1416628 -0.8186347 1.765954
-0.1975446 -0.8751621 1.72081
0.1544503 -0.8504993 1.65498
9
-0.02859608 -0.5584361 1.90733
-0.1063026 -0.5476567 1.876595
0.05027187 -0.5496783 1.870445
-0.2145066 -0.5244997 1.554832
0.1374554 -0.5038109 1.57452
-0.1168269 -0.8527082 1.792981
0.1423471 -0.8182729 1.766542
-0.1976863 -0.8751795 1.720805
0.1541481 -0.8504849 1.65558
9
-0.02835667 -0.558596 1.90727
-0.106001 -0.5478941 1.87651
0.05042897 -0.5497539 1.870426
-0.2144631 -0.5245389 1.55478
0.1376423 -0.5036245 1.574885
-0.1167463 -0.8528779 1.793019
0.1425029 -0.8182281 1.767695
-0.1993298 -0.8753693 1.723105
0.1540313 -0.8497273 1.656266
9
-0.02835667 -0.558596 1.90727
-0.106001 -0.5478941 1.87651
0.05042897 -0.5497539 1.870426
-0.2144631 -0.5245389 1.55478
0.1376423 -0.5036245 1.574885
-0.1167463 -0.8528779 1.793019
0.1425029 -0.8182281 1.767695
-0.1993298 -0.8753693 1.723105
0.1540313 -0.8497273 1.656266
9
-0.02817796 -0.5586887 1.907294
-0.1057872 -0.5480295 1.87653
0.05055942 -0.5497977 1.870465
-0.214212 -0.5246097 1.554906
0.1382362 -0.5033637 1.575062
-0.1768606 -0.8420753 1.797421
0.142753 -0.818082 1.768339
-0.2080352 -0.8922584 1.708031
0.1538332 -0.8492643 1.656647
9
-0.02817796 -0.5586887 1.907294
-0.1057872 -0.5480295 1.87653
0.05055942 -0.5497977 1.870465
-0.214212 -0.5246097 1.554906
0.1382362 -0.5033637 1.575062
-0.1768606 -0.8420753 1.797421
0.142753 -0.818082 1.768339
-0.2080352 -0.8922584 1.708031
0.1538332 -0.8492643 1.656647
9
-0.02796733 -0.5588156 1.907429
-0.1055896 -0.5482205 1.876654
0.05077732 -0.5498528 1.870638
-0.213312 -0.5248783 1.555414
0.1389109 -0.5028835 1.575515
-0.1766274 -0.8421488 1.797568
0.142522 -0.8171459 1.769088
-0.2080752 -0.8920836 1.708059
0.1535841 -0.8488798 1.657683
9
-0.02796733 -0.5588156 1.907429
-0.1055896 -0.5482205 1.876654
0.05077732 -0.5498528 1.870638
-0.213312 -0.5248783 1.555414
0.1389109 -0.5028835 1.575515
-0.1766274 -0.8421488 1.797568
0.142522 -0.8171459 1.769088
-0.2080752 -0.8920836 1.708059
0.1535841 -0.8488798 1.657683
9
-0.02796733 -0.5588156 1.907429
-0.1055896 -0.5482205 1.876654
0.05077732 -0.5498528 1.870638
-0.213312 -0.5248783 1.555414
0.1389109 -0.5028835 1.575515
-0.1766274 -0.8421488 1.797568
0.142522 -0.8171459 1.769088
-0.2080752 -0.8920836 1.708059
0.1535841 -0.8488798 1.657683
9
-0.02786235 -0.5589415 1.907576
-0.1054632 -0.5483831 1.87676
0.05085741 -0.5499378 1.870859
-0.2131307 -0.524788 1.555482
0.1392958 -0.5026746 1.576285
-0.1766114 -0.8420638 1.797562
0.1424402 -0.8168727 1.769855
-0.2120572 -0.8940905 1.71308
0.1540468 -0.848053 1.658218
9
-0.02786235 -0.5589415 1.907576
-0.1054632 -0.5483831 1.87676
0.05085741 -0.5499378 1.870859
-0.2131307 -0.524788 1.555482
0.1392958 -0.5026746 1.576285
-0.1766114 -0.8420638 1.797562
0.1424402 -0.8168727 1.769855
-0.2120572 -0.8940905 1.71308
0.1540468 -0.848053 1.658218
9
-0.02786235 -0.5589415 1.907576
-0.1054632 -0.5483831 1.87676
0.05085741 -0.5499378 1.870859
-0.2131307 -0.524788 1.555482
0.1392958 -0.5026746 1.576285
-0.1766114 -0.8420638 1.797562
0.1424402 -0.8168727 1.769855
-0.2120572 -0.8940905 1.71308
0.1540468 -0.848053 1.658218
9
-0.02786235 -0.5589415 1.907576
-0.1054632 -0.5483831 1.87676
0.05085741 -0.5499378 1.870859
-0.2131307 -0.524788 1.555482
0.1392958 -0.5026746 1.576285
-0.1766114 -0.8420638 1.797562
0.1424402 -0.8168727 1.769855
-0.2120572 -0.8940905 1.71308
0.1540468 -0.848053 1.658218
9
-0.02761782 -0.5590701 1.907599
-0.105149 -0.5485922 1.876737
0.05103015 -0.5499911 1.870926
-0.2135036 -0.5244284 1.555162
0.1400838 -0.5028511 1.577225
-0.177491 -0.8414466 1.796927
0.1423656 -0.8164676 1.771246
-0.2124215 -0.8951377 1.714198
0.1532728 -0.8471702 1.659207
9
-0.02761677 -0.5590872 1.907591
-0.105139 -0.5486157 1.876709
0.05102289 -0.550005 1.870935
-0.2134988 -0.5244095 1.555168
0.1408046 -0.5029795 1.577772
-0.1775512 -0.8413919 1.796908
0.1424434 -0.8153496 1.773044
-0.2138153 -0.8950797 1.715172
0.1517847 -0.8473548 1.661464
9
-0.02761677 -0.5590872 1.907591
-0.105139 -0.5486157 1.876709
0.05102289 -0.550005 1.870935
-0.2134988 -0.5244095 1.555168
0.1408046 -0.5029795 1.577772
-0.1775512 -0.8413919 1.796908
0.1424434 -0.8153496 1.773044
-0.2138153 -0.8950797 1.715172
0.1517847 -0.8473548 1.661464
9
-0.02761677 -0.5590872 1.907591
-0.105139 -0.5486157 1.876709
0.05102289 -0.550005 1.870935
-0.2134988 -0.5244095 1.555168
0.1408046 -0.5029795 1.577772
-0.1775512 -0.8413919 1.796908
0.1424434 -0.8153496 1.773044
-0.2138153 -0.8950797 1.715172
0.1517847 -0.8473548 1.661464
9
-0.02753497 -0.5591246 1.907647
-0.1050517 -0.5486745 1.876714
0.05111043 -0.5500138 1.871087
-0.2136755 -0.5245102 1.555124
0.1406753 -0.5035474 1.58087
-0.1779657 -0.8415038 1.796771
0.1424496 -0.8153639 1.773758
-0.2137996 -0.8945071 1.713814
0.15183 -0.8470351 1.661985
9
-0.02753497 -0.5591246 1.907647
-0.1050517 -0.5486745 1.876714
0.05111043 -0.5500138 1.871087
-0.2136755 -0.5245102 1.555124
0.1406753 -0.5035474 1.58087
-0.1779657 -0.8415038 1.796771
0.1424496 -0.8153639 1.773758
-0.2137996 -0.8945071 1.713814
0.15183 -0.8470351 1.661985
9
-0.02753497 -0.5591246 1.907647
-0.1050517 -0.5486745 1.876714
0.05111043 -0.5500138 1.871087
-0.2136755 -0.5245102 1.555124
0.1406753 -0.5035474 1.58087
-0.1779657 -0.8415038 1.796771
0.1424496 -0.8153639 1.773758
-0.2137996 -0.8945071 1.713814
0.15183 -0.8470351 1.661985
9
-0.02753497 -0.5591246 1.907647
-0.1050517 -0.5486745 1.876714
0.05111043 -0.5500138 1.871087
-0.2136755 -0.5245102 1.555124
0.1406753 -0.5035474 1.58087
-0.1779657 -0.8415038 1.796771
0.1424496 -0.8153639 1.773758
-0.2137996 -0.8945071 1.713814
0.15183 -0.8470351 1.661985
9
-0.02750287 -0.5591465 1.907629
-0.1049916 -0.5487213 1.876661
0.05111893 -0.5500167 1.871088
-0.2141861 -0.5244034 1.55526
0.1408883 -0.50361 1.581155
-0.1787813 -0.8413221 1.796855
0.1426895 -0.8150476 1.77398
-0.2200547 -0.8943469 1.718449
0.1524277 -0.8468062 1.66229
9
-0.02750287 -0.5591465 1.907629
-0.1049916 -0.5487213 1.876661
0.05111893 -0.5500167 1.871088
-0.2141861 -0.5244034 1.55526
0.1408883 -0.50361 1.581155
-0.1787813 -0.8413221 1.796855
0.1426895 -0.8150476 1.77398
-0.2200547 -0.8943469 1.718449
0.1524277 -0.8468062 1.66229
9
-0.02750287 -0.5591465 1.907629
-0.1049916 -0.5487213 1.876661
0.05111893 -0.5500167 1.871088
-0.2141861 -0.5244034 1.55526
0.1408883 -0.50361 1.581155
-0.1787813 -0.8413221 1.796855
0.1426895 -0.8150476 1.77398
-0.2200547 -0.8943469 1.718449
0.1524277 -0.8468062 1.66229
9
-0.02750287 -0.5591465 1.907629
-0.1049916 -0.5487213 1.876661
0.05111893 -0.5500167 1.871088
-0.2141861 -0.5244034 1.55526
0.1408883 -0.50361 1.581155
-0.1787813 -0.8413221 1.796855
0.1426895 -0.8150476 1.77398
-0.2200547 -0.8943469 1.718449
0.1524277 -0.8468062 1.66229
9
-0.0275968 -0.559225 1.907518
-0.10512 -0.5488189 1.876444
0.0510485 -0.5500675 1.871056
-0.2146531 -0.5244596 1.555185
0.1407192 -0.5035197 1.581302
-0.1794868 -0.8413538 1.796687
0.1428494 -0.8152168 1.774058
-0.2185587 -0.8927464 1.714167
0.1527434 -0.8468529 1.662312
9
-0.0275968 -0.559225 1.907518
-0.10512 -0.5488189 1.876444
0.0510485 -0.5500675 1.871056
-0.2146531 -0.5244596 1.555185
0.1407192 -0.5035197 1.581302
-0.1794868 -0.8413538 1.796687
0.1428494 -0.8152168 1.774058
-0.2185587 -0.8927464 1.714167
0.1527434 -0.8468529 1.662312
9
-0.02762596 -0.5592501 1.907437
-0.1051724 -0.5488496 1.876311
0.0510344 -0.5500785 1.871025
-0.2177557 -0.5239542 1.553725
0.1403356 -0.5033165 1.581305
-0.1830387 -0.8407323 1.794968
0.1432965 -0.8151188 1.773051
-0.2186134 -0.895142 1.7137
0.1529568 -0.8475639 1.661734
9
-0.02762596 -0.5592501 1.907437
-0.1051724 -0.5488496 1.876311
0.0510344 -0.5500785 1.871025
-0.2177557 -0.5239542 1.553725
0.1403356 -0.5033165 1.581305
-0.1830387 -0.8407323 1.794968
0.1432965 -0.8151188 1.773051
-0.2186134 -0.895142 1.7137
0.1529568 -0.8475639 1.661734
9
-0.0277796 -0.5594324 1.907117
-0.1053733 -0.5490538 1.875817
0.05092099 -0.550211 1.870862
-0.2178429 -0.5245239 1.554029
0.139752 -0.5029612 1.581078
-0.183164 -0.8412575 1.795233
0.1434594 -0.8152682 1.772826
-0.2161415 -0.8948541 1.711019
0.1526216 -0.8474554 1.66128
9
-0.0277796 -0.5594324 1.907117
-0.1053733 -0.5490538 1.875817
0.05092099 -0.550211 1.870862
-0.2178429 -0.5245239 1.554029
0.139752 -0.5029612 1.581078
-0.183164 -0.8412575 1.795233
0.1434594 -0.8152682 1.772826
-0.2161415 -0.8948541 1.711019
0.1526216 -0.8474554 1.66128
9
-0.02820436 -0.559671 1.906566
-0.1057088 -0.5492309 1.875266
0.05040741 -0.5504805 1.87035
-0.217976 -0.5250253 1.554407
0.1391471 -0.5022653 1.579963
-0.1833304 -0.8417265 1.795577
0.1434327 -0.8153699 1.77284
-0.2179844 -0.8954544 1.712708
0.154468 -0.8469846 1.661256
9
-0.02820436 -0.559671 1.906566
-0.1057088 -0.5492309 1.875266
0.05040741 -0.5504805 1.87035
-0.217976 -0.5250253 1.554407
0.1391471 -0.5022653 1.579963
-0.1833304 -0.8417265 1.795577
0.1434327 -0.8153699 1.77284
-0.2179844 -0.8954544 1.712708
0.154468 -0.8469846 1.661256
9
-0.02849893 -0.5598048 1.906233
-0.1059722 -0.5493426 1.874905
0.05008652 -0.5506147 1.870066
-0.218196 -0.525556 1.554515
0.1382947 -0.5022089 1.579623
-0.1835813 -0.8422406 1.795665
0.1434061 -0.8157184 1.772947
-0.2177789 -0.8961622 1.712728
0.1542575 -0.847034 1.661163
9
-0.02849893 -0.5598048 1.906233
-0.1059722 -0.5493426 1.874905
0.05008652 -0.5506147 1.870066
-0.218196 -0.525556 1.554515
0.1382947 -0.5022089 1.579623
-0.1835813 -0.8422406 1.795665
0.1434061 -0.8157184 1.772947
-0.2177789 -0.8961622 1.712728
0.1542575 -0.847034 1.661163
9
-0.02952763 -0.5604055 1.905346
-0.1067936 -0.5498229 1.874142
0.04886056 -0.5512915 1.869094
-0.2185949 -0.5259772 1.55461
0.137378 -0.5023663 1.579318
-0.1840135 -0.8426551 1.795745
0.1427395 -0.8164541 1.772834
-0.1895777 -0.8869432 1.69241
0.1540401 -0.8475623 1.661012
