40
9
0.002218412 -0.5140834 2.122042
-0.07274904 -0.5121388 2.114052
0.0771986 -0.4984593 2.057512
-0.205666 -0.8100913 2.026923
0.07272797 -0.7502128 1.802001
-0.06936962 -1.036363 2.136207
0.1532841 -1.018098 2.005103
-0.1445645 -1.084211 2.096807
0.1029614 -1.059626 1.882878
9
0.002218412 -0.5140834 2.122042
-0.07274904 -0.5121388 2.114052
0.0771986 -0.4984593 2.057512
-0.205666 -0.8100913 2.026923
0.07272797 -0.7502128 1.802001
-0.06936962 -1.036363 2.136207
0.1532841 -1.018098 2.005103
-0.1445645 -1.084211 2.096807
0.1029614 -1.059626 1.882878
9
0.005062211 -0.5384696 2.119446
-0.069947 -0.5377417 2.113097
0.08000151 -0.5209923 2.053552
-0.216196 -0.8282784 2.021081
0.07120166 -0.7627649 1.787415
-0.06718048 -1.035043 2.133565
0.1539008 -1.023314 1.999229
-0.1448134 -1.078387 2.08587
0.1043759 -1.065061 1.876845
9
0.005062211 -0.5384696 2.119446
-0.069947 -0.5377417 2.113097
0.08000151 -0.5209923 2.053552
-0.216196 -0.8282784 2.021081
0.07120166 -0.7627649 1.787415
-0.06718048 -1.035043 2.133565
0.1539008 -1.023314 1.999229
-0.1448134 -1.078387 2.08587
0.1043759 -1.065061 1.876845
9
0.001962133 -0.5872391 2.154646
-0.07037415 -0.5810696 2.150061
0.07432057 -0.5737962 2.087248
-0.2335329 -0.8465927 2.002299
0.06761851 -0.7598413 1.773869
-0.08746481 -1.085865 2.098598
0.1459681 -0.9979454 1.953193
-0.132169 -1.130468 1.977745
0.09750608 -1.04274 1.832303
9
0.001962133 -0.5872391 2.154646
-0.07037415 -0.5810696 2.150061
0.07432057 -0.5737962 2.087248
-0.2335329 -0.8465927 2.002299
0.06761851 -0.7598413 1.773869
-0.08746481 -1.085865 2.098598
0.1459681 -0.9979454 1.953193
-0.132169 -1.130468 1.977745
0.09750608 -1.04274 1.832303
9
0.007784239 -0.6313674 2.152453
-0.06379201 -0.6245281 2.145646
0.07920375 -0.6173714 2.087657
-0.3116888 -0.786682 1.95521
0.05951554 -0.7227822 1.734581
-0.0538146 -1.02898 2.117446
0.1620017 -1.035768 1.974553
-0.12222 -1.084191 2.093115
0.114585 -1.080102 1.853126
9
0.007784239 -0.6313674 2.152453
-0.06379201 -0.6245281 2.145646
0.07920375 -0.6173714 2.087657
-0.3116888 -0.786682 1.95521
0.05951554 -0.7227822 1.734581
-0.0538146 -1.02898 2.117446
0.1620017 -1.035768 1.974553
-0.12222 -1.084191 2.093115
0.114585 -1.080102 1.853126
9
0.009078978 -0.6641102 2.148005
-0.063275 -0.6590583 2.140284
0.08115277 -0.6471635 2.084391
-0.3300632 -0.7831289 1.944098
0.05679848 -0.7229181 1.722968
-0.07191987 -1.026175 2.105318
0.1622331 -1.035424 1.973523
-0.141307 -1.072779 2.04038
0.1143537 -1.079429 1.852073
9
0.009078978 -0.6641102 2.148005
-0.063275 -0.6590583 2.140284
0.08115277 -0.6471635 2.084391
-0.3300632 -0.7831289 1.944098
0.05679848 -0.7229181 1.722968
-0.07191987 -1.026175 2.105318
0.1622331 -1.035424 1.973523
-0.141307 -1.072779 2.04038
0.1143537 -1.079429 1.852073
9
0.005587397 -0.6984566 2.141404
-0.06722603 -0.6896514 2.135169
0.07835757 -0.684296 2.076599
-0.3439597 -0.783965 1.93427
0.05157641 -0.7291199 1.709399
-0.07636207 -1.040997 2.100576
0.1593942 -1.038654 1.970312
-0.155247 -1.074712 2.035991
0.1112914 -1.081623 1.848372
9
0.005587397 -0.6984566 2.141404
-0.06722603 -0.6896514 2.135169
0.07835757 -0.684296 2.076599
-0.3439597 -0.783965 1.93427
0.05157641 -0.7291199 1.709399
-0.07636207 -1.040997 2.100576
0.1593942 -1.038654 1.970312
-0.155247 -1.074712 2.035991
0.1112914 -1.081623 1.848372
9
0.005587397 -0.6984566 2.141404
-0.06722603 -0.6896514 2.135169
0.07835757 -0.684296 2.076599
-0.3439597 -0.783965 1.93427
0.05157641 -0.7291199 1.709399
-0.07636207 -1.040997 2.100576
0.1593942 -1.038654 1.970312
-0.155247 -1.074712 2.035991
0.1112914 -1.081623 1.848372
9
0.005587397 -0.6984566 2.141404
-0.06722603 -0.6896514 2.135169
0.07835757 -0.684296 2.076599
-0.3439597 -0.783965 1.93427
0.05157641 -0.7291199 1.709399
-0.07636207 -1.040997 2.100576
0.1593942 -1.038654 1.970312
-0.155247 -1.074712 2.035991
0.1112914 -1.081623 1.848372
9
0.005587397 -0.6984566 2.141404
-0.06722603 -0.6896514 2.135169
0.07835757 -0.684296 2.076599
-0.3439597 -0.783965 1.93427
0.05157641 -0.7291199 1.709399
-0.07636207 -1.040997 2.100576
0.1593942 -1.038654 1.970312
-0.155247 -1.074712 2.035991
0.1112914 -1.081623 1.848372
9
0.005587397 -0.6984566 2.141404
-0.06722603 -0.6896514 2.135169
0.07835757 -0.684296 2.076599
-0.3439597 -0.783965 1.93427
0.05157641 -0.7291199 1.709399
-0.07636207 -1.040997 2.100576
0.1593942 -1.038654 1.970312
-0.155247 -1.074712 2.035991
0.1112914 -1.081623 1.848372
9
0.001109108 -0.7907028 2.123667
-0.07215241 -0.7828297 2.121545
0.07442398 -0.7725514 2.05587
-0.3605418 -0.7899213 1.909167
0.03324513 -0.755402 1.686476
-0.08622719 -1.059187 2.079865
0.1528904 -1.040351 1.954336
-0.1701663 -1.085422 2.018734
0.1037399 -1.080866 1.831505
9
0.001109108 -0.7907028 2.123667
-0.07215241 -0.7828297 2.121545
0.07442398 -0.7725514 2.05587
-0.3605418 -0.7899213 1.909167
0.03324513 -0.755402 1.686476
-0.08622719 -1.059187 2.079865
0.1528904 -1.040351 1.954336
-0.1701663 -1.085422 2.018734
0.1037399 -1.080866 1.831505
9
0.0009631708 -0.7948052 2.123035
-0.07240352 -0.7863517 2.121401
0.07440627 -0.7771965 2.05472
-0.3599121 -0.791208 1.907292
0.03293949 -0.7559965 1.685441
-0.09014645 -1.066501 2.079564
0.153408 -1.041042 1.952091
-0.1728048 -1.093186 2.015758
0.1040146 -1.0815 1.829345
9
0.0009631708 -0.7948052 2.123035
-0.07240352 -0.7863517 2.121401
0.07440627 -0.7771965 2.05472
-0.3599121 -0.791208 1.907292
0.03293949 -0.7559965 1.685441
-0.09014645 -1.066501 2.079564
0.153408 -1.041042 1.952091
-0.1728048 -1.093186 2.015758
0.1040146 -1.0815 1.829345
9
0.0008050147 -0.8090311 2.121841
-0.07305828 -0.801448 2.121214
0.07470904 -0.7901622 2.05278
-0.3588594 -0.7885813 1.903597
0.03230241 -0.7558629 1.684325
-0.08714435 -1.068801 2.076372
0.1534686 -1.041805 1.951148
-0.1687734 -1.095927 2.010488
0.1048016 -1.082068 1.827926
9
0.0008050147 -0.8090311 2.121841
-0.07305828 -0.801448 2.121214
0.07470904 -0.7901622 2.05278
-0.3588594 -0.7885813 1.903597
0.03230241 -0.7558629 1.684325
-0.08714435 -1.068801 2.076372
0.1534686 -1.041805 1.951148
-0.1687734 -1.095927 2.010488
0.1048016 -1.082068 1.827926
9
0.0008050147 -0.8090311 2.121841
-0.07305828 -0.801448 2.121214
0.07470904 -0.7901622 2.05278
-0.3588594 -0.7885813 1.903597
0.03230241 -0.7558629 1.684325
-0.08714435 -1.068801 2.076372
0.1534686 -1.041805 1.951148
-0.1687734 -1.095927 2.010488
0.1048016 -1.082068 1.827926
9
0.0008050147 -0.8090311 2.121841
-0.07305828 -0.801448 2.121214
0.07470904 -0.7901622 2.05278
-0.3588594 -0.7885813 1.903597
0.03230241 -0.7558629 1.684325
-0.08714435 -1.068801 2.076372
0.1534686 -1.041805 1.951148
-0.1687734 -1.095927 2.010488
0.1048016 -1.082068 1.827926
9
0.0008050147 -0.8090311 2.121841
-0.07305828 -0.801448 2.121214
0.07470904 -0.7901622 2.05278
-0.3588594 -0.7885813 1.903597
0.03230241 -0.7558629 1.684325
-0.08714435 -1.068801 2.076372
0.1534686 -1.041805 1.951148
-0.1687734 -1.095927 2.010488
0.1048016 -1.082068 1.827926
9
0.0008050147 -0.8090311 2.121841
-0.07305828 -0.801448 2.121214
0.07470904 -0.7901622 2.05278
-0.3588594 -0.7885813 1.903597
0.03230241 -0.7558629 1.684325
-0.08714435 -1.068801 2.076372
0.1534686 -1.041805 1.951148
-0.1687734 -1.095927 2.010488
0.1048016 -1.082068 1.827926
9
0.001893802 -0.8227311 2.11994
-0.07267598 -0.8162552 2.118695
0.07641298 -0.8023471 2.051585
-0.3591434 -0.7887109 1.902717
0.0330461 -0.7555458 1.684398
-0.1225229 -1.069218 2.083674
0.1553576 -1.05063 1.94846
-0.2031516 -1.095915 2.016084
0.1074402 -1.090222 1.824584
9
0.001893802 -0.8227311 2.11994
-0.07267598 -0.8162552 2.118695
0.07641298 -0.8023471 2.051585
-0.3591434 -0.7887109 1.902717
0.0330461 -0.7555458 1.684398
-0.1225229 -1.069218 2.083674
0.1553576 -1.05063 1.94846
-0.2031516 -1.095915 2.016084
0.1074402 -1.090222 1.824584
9
0.002422701 -0.8233981 2.119768
-0.07252321 -0.8167384 2.118598
0.07752189 -0.8032226 2.051317
-0.3593007 -0.793084 1.902831
0.03470698 -0.755289 1.684191
-0.1223525 -1.068812 2.08275
0.1573646 -1.052545 1.94832
-0.2029786 -1.095468 2.015101
0.1096663 -1.092072 1.82431
9
0.002422701 -0.8233981 2.119768
-0.07252321 -0.8167384 2.118598
0.07752189 -0.8032226 2.051317
-0.3593007 -0.793084 1.902831
0.03470698 -0.755289 1.684191
-0.1223525 -1.068812 2.08275
0.1573646 -1.052545 1.94832
-0.2029786 -1.095468 2.015101
0.1096663 -1.092072 1.82431
9
0.002422701 -0.8233981 2.119768
-0.07252321 -0.8167384 2.118598
0.07752189 -0.8032226 2.051317
-0.3593007 -0.793084 1.902831
0.03470698 -0.755289 1.684191
-0.1223525 -1.068812 2.08275
0.1573646 -1.052545 1.94832
-0.2029786 -1.095468 2.015101
0.1096663 -1.092072 1.82431
9
0.002422701 -0.8233981 2.119768
-0.07252321 -0.8167384 2.118598
0.07752189 -0.8032226 2.051317
-0.3593007 -0.793084 1.902831
0.03470698 -0.755289 1.684191
-0.1223525 -1.068812 2.08275
0.1573646 -1.052545 1.94832
-0.2029786 -1.095468 2.015101
0.1096663 -1.092072 1.82431
9
0.002359426 -0.8229353 2.119935
-0.07282419 -0.8160338 2.118798
0.07760781 -0.8028957 2.051472
-0.3591887 -0.7934394 1.902325
0.03847863 -0.753477 1.68409
-0.1100709 -1.054666 2.084237
0.1601093 -1.052739 1.947991
-0.190892 -1.081452 2.016425
0.1125973 -1.092161 1.8238
9
0.002359426 -0.8229353 2.119935
-0.07282419 -0.8160338 2.118798
0.07760781 -0.8028957 2.051472
-0.3591887 -0.7934394 1.902325
0.03847863 -0.753477 1.68409
-0.1100709 -1.054666 2.084237
0.1601093 -1.052739 1.947991
-0.190892 -1.081452 2.016425
0.1125973 -1.092161 1.8238
9
0.0006395679 -0.8192242 2.121406
-0.07484401 -0.8110259 2.120016
0.07615984 -0.8002965 2.05311
-0.3629319 -0.7982591 1.906024
0.0419172 -0.7525168 1.685025
-0.1115363 -1.054965 2.086853
0.15816 -1.05008 1.921689
-0.1923444 -1.081749 2.019
0.1106152 -1.089333 1.797564
9
0.0006395679 -0.8192242 2.121406
-0.07484401 -0.8110259 2.120016
0.07615984 -0.8002965 2.05311
-0.3629319 -0.7982591 1.906024
0.0419172 -0.7525168 1.685025
-0.1115363 -1.054965 2.086853
0.15816 -1.05008 1.921689
-0.1923444 -1.081749 2.019
0.1106152 -1.089333 1.797564
9
0.0005953438 -0.810951 2.124892
-0.07461229 -0.802402 2.122761
0.07585964 -0.7927318 2.057253
-0.3602674 -0.7897832 1.904876
0.04658712 -0.7503686 1.688128
-0.09246698 -1.055866 2.088206
0.1586318 -1.049413 1.924893
-0.1740685 -1.080752 2.019256
0.1115068 -1.088965 1.800704
9
0.0005953438 -0.810951 2.124892
-0.07461229 -0.802402 2.122761
0.07585964 -0.7927318 2.057253
-0.3602674 -0.7897832 1.904876
0.04658712 -0.7503686 1.688128
-0.09246698 -1.055866 2.088206
0.1586318 -1.049413 1.924893
-0.1740685 -1.080752 2.019256
0.1115068 -1.088965 1.800704
9
0.004095681 -0.7972834 2.129159
-0.07076422 -0.7896112 2.126807
0.07887621 -0.7787535 2.061595
-0.3560352 -0.7896171 1.908566
0.04989593 -0.7468857 1.691529
-0.0806914 -1.056613 2.091512
0.163726 -1.040755 1.933608
-0.1610688 -1.089561 2.030152
0.1170836 -1.081016 1.809393
9
0.004095681 -0.7972834 2.129159
-0.07076422 -0.7896112 2.126807
0.07887621 -0.7787535 2.061595
-0.3560352 -0.7896171 1.908566
0.04989593 -0.7468857 1.691529
-0.0806914 -1.056613 2.091512
0.163726 -1.040755 1.933608
-0.1610688 -1.089561 2.030152
0.1170836 -1.081016 1.809393
