40
9
-0.2677927 -0.2041313 2.155166
-0.3367333 -0.1980444 2.096939
-0.1894556 -0.2030473 2.137531
-0.3844877 -0.3815239 1.783402
0.001351098 -0.4154929 1.918098
-0.3693154 -0.7769075 1.900048
-0.09500354 -0.762304 2.018055
-0.3616354 -0.8144326 1.949659
-0.04049927 -0.8280564 1.958176
9
-0.2687131 -0.231644 2.154825
-0.3378697 -0.2242542 2.096247
-0.1901385 -0.2309074 2.137665
-0.3843098 -0.3938202 1.774101
0.01111409 -0.4229156 1.907277
-0.3675985 -0.7861736 1.898832
-0.09513088 -0.765192 2.017153
-0.3613737 -0.81627 1.952561
-0.03889825 -0.8298044 1.957592
9
-0.2687131 -0.231644 2.154825
-0.3378697 -0.2242542 2.096247
-0.1901385 -0.2309074 2.137665
-0.3843098 -0.3938202 1.774101
0.01111409 -0.4229156 1.907277
-0.3675985 -0.7861736 1.898832
-0.09513088 -0.765192 2.017153
-0.3613737 -0.81627 1.952561
-0.03889825 -0.8298044 1.957592
9
-0.2678659 -0.2558241 2.155787
-0.3373047 -0.2491884 2.096716
-0.1890746 -0.2535216 2.139177
-0.3825361 -0.4065721 1.76776
0.01859544 -0.428126 1.899445
-0.3652923 -0.7938056 1.905411
-0.0952274 -0.7687776 2.014933
-0.364684 -0.8230437 1.959347
-0.03674568 -0.8322214 1.957094
9
-0.2678659 -0.2558241 2.155787
-0.3373047 -0.2491884 2.096716
-0.1890746 -0.2535216 2.139177
-0.3825361 -0.4065721 1.76776
0.01859544 -0.428126 1.899445
-0.3652923 -0.7938056 1.905411
-0.0952274 -0.7687776 2.014933
-0.364684 -0.8230437 1.959347
-0.03674568 -0.8322214 1.957094
9
-0.2649036 -0.2875805 2.153432
-0.3346995 -0.2804008 2.094207
-0.1858607 -0.2846563 2.137121
-0.3809403 -0.4186283 1.756182
0.02885191 -0.436836 1.887074
-0.3549518 -0.7666925 1.953573
-0.09445667 -0.7714191 2.012011
-0.3135713 -0.8245756 1.835427
-0.03456791 -0.8344815 1.956827
9
-0.2649036 -0.2875805 2.153432
-0.3346995 -0.2804008 2.094207
-0.1858607 -0.2846563 2.137121
-0.3809403 -0.4186283 1.756182
0.02885191 -0.436836 1.887074
-0.3549518 -0.7666925 1.953573
-0.09445667 -0.7714191 2.012011
-0.3135713 -0.8245756 1.835427
-0.03456791 -0.8344815 1.956827
9
-0.2650127 -0.3162173 2.151759
-0.3347982 -0.3084685 2.093499
-0.1859799 -0.3129255 2.134617
-0.3769488 -0.4323393 1.748891
0.035554 -0.4430248 1.877031
-0.3519965 -0.7687523 1.948193
-0.09493515 -0.7733236 2.010592
-0.3104753 -0.8271869 1.830675
-0.03356656 -0.8355928 1.956928
9
-0.2650127 -0.3162173 2.151759
-0.3347982 -0.3084685 2.093499
-0.1859799 -0.3129255 2.134617
-0.3769488 -0.4323393 1.748891
0.035554 -0.4430248 1.877031
-0.3519965 -0.7687523 1.948193
-0.09493515 -0.7733236 2.010592
-0.3104753 -0.8271869 1.830675
-0.03356656 -0.8355928 1.956928
9
-0.263338 -0.345794 2.149232
-0.3322976 -0.337626 2.091888
-0.1851908 -0.3418878 2.131335
-0.3756405 -0.438106 1.739198
0.04136244 -0.4493648 1.866716
-0.3510275 -0.7721233 1.944506
-0.09452666 -0.7750246 2.008507
-0.3106103 -0.8306758 1.826729
-0.03032321 -0.8363032 1.961453
9
-0.263338 -0.345794 2.149232
-0.3322976 -0.337626 2.091888
-0.1851908 -0.3418878 2.131335
-0.3756405 -0.438106 1.739198
0.04136244 -0.4493648 1.866716
-0.3510275 -0.7721233 1.944506
-0.09452666 -0.7750246 2.008507
-0.3106103 -0.8306758 1.826729
-0.03032321 -0.8363032 1.961453
9
-0.2624776 -0.3783273 2.14297
-0.3303331 -0.36966 2.085492
-0.1854591 -0.3737681 2.125397
-0.369573 -0.4558967 1.728188
0.04851647 -0.4544491 1.856927
-0.3491462 -0.7774031 1.943134
-0.09372871 -0.776908 2.005653
-0.3083899 -0.8355696 1.825291
-0.02997961 -0.8388895 1.961274
9
-0.2624776 -0.3783273 2.14297
-0.3303331 -0.36966 2.085492
-0.1854591 -0.3737681 2.125397
-0.369573 -0.4558967 1.728188
0.04851647 -0.4544491 1.856927
-0.3491462 -0.7774031 1.943134
-0.09372871 -0.776908 2.005653
-0.3083899 -0.8355696 1.825291
-0.02997961 -0.8388895 1.961274
9
-0.2590278 -0.4027347 2.139786
-0.3260697 -0.3946383 2.081821
-0.1829143 -0.3967735 2.122819
-0.3673171 -0.4603461 1.719952
0.05207826 -0.4566374 1.84898
-0.3485203 -0.7805457 1.942444
-0.09281153 -0.7784946 2.003549
-0.378335 -0.8498251 1.946428
-0.0290414 -0.8406563 1.961386
9
-0.2590278 -0.4027347 2.139786
-0.3260697 -0.3946383 2.081821
-0.1829143 -0.3967735 2.122819
-0.3673171 -0.4603461 1.719952
0.05207826 -0.4566374 1.84898
-0.3485203 -0.7805457 1.942444
-0.09281153 -0.7784946 2.003549
-0.378335 -0.8498251 1.946428
-0.0290414 -0.8406563 1.961386
9
-0.2596628 -0.4338899 2.136303
-0.3263029 -0.4234904 2.078064
-0.183995 -0.4291667 2.119874
-0.3604219 -0.4721502 1.712339
0.05472516 -0.4545602 1.842979
-0.3481377 -0.783659 1.93959
-0.0932267 -0.7795224 2.002303
-0.3823867 -0.8551447 1.93258
-0.02842864 -0.8409274 1.961441
9
-0.2596628 -0.4338899 2.136303
-0.3263029 -0.4234904 2.078064
-0.183995 -0.4291667 2.119874
-0.3604219 -0.4721502 1.712339
0.05472516 -0.4545602 1.842979
-0.3481377 -0.783659 1.93959
-0.0932267 -0.7795224 2.002303
-0.3823867 -0.8551447 1.93258
-0.02842864 -0.8409274 1.961441
9
-0.2586715 -0.4563427 2.13514
-0.3251037 -0.4461687 2.07723
-0.1832457 -0.4505878 2.118529
-0.3524698 -0.4862079 1.709672
0.05501008 -0.4576446 1.839662
-0.3476563 -0.7851733 1.938396
-0.0935263 -0.7814853 2.000571
-0.3844017 -0.8560146 1.929432
-0.02714817 -0.8416313 1.961709
9
-0.2586715 -0.4563427 2.13514
-0.3251037 -0.4461687 2.07723
-0.1832457 -0.4505878 2.118529
-0.3524698 -0.4862079 1.709672
0.05501008 -0.4576446 1.839662
-0.3476563 -0.7851733 1.938396
-0.0935263 -0.7814853 2.000571
-0.3844017 -0.8560146 1.929432
-0.02714817 -0.8416313 1.961709
9
-0.2586715 -0.4563427 2.13514
-0.3251037 -0.4461687 2.07723
-0.1832457 -0.4505878 2.118529
-0.3524698 -0.4862079 1.709672
0.05501008 -0.4576446 1.839662
-0.3476563 -0.7851733 1.938396
-0.0935263 -0.7814853 2.000571
-0.3844017 -0.8560146 1.929432
-0.02714817 -0.8416313 1.961709
9
-0.2586715 -0.4563427 2.13514
-0.3251037 -0.4461687 2.07723
-0.1832457 -0.4505878 2.118529
-0.3524698 -0.4862079 1.709672
0.05501008 -0.4576446 1.839662
-0.3476563 -0.7851733 1.938396
-0.0935263 -0.7814853 2.000571
-0.3844017 -0.8560146 1.929432
-0.02714817 -0.8416313 1.961709
9
-0.2555394 -0.5083157 2.127089
-0.3214873 -0.4976256 2.067356
-0.1807308 -0.5011052 2.112677
-0.3494416 -0.4905082 1.697043
0.0546298 -0.4625519 1.832983
-0.3474847 -0.7863119 1.929954
-0.0941538 -0.7854871 1.998831
-0.384498 -0.8518127 1.934224
-0.0244543 -0.8425097 1.959885
9
-0.2547924 -0.5133921 2.125944
-0.3207971 -0.501815 2.066573
-0.1799457 -0.5070903 2.111146
-0.3448069 -0.5669372 1.703246
0.05380744 -0.4666161 1.83024
-0.3475296 -0.7887501 1.930527
-0.09459955 -0.7870846 1.997344
-0.3917132 -0.854459 1.924097
-0.02336157 -0.8426582 1.960339
9
-0.2547924 -0.5133921 2.125944
-0.3207971 -0.501815 2.066573
-0.1799457 -0.5070903 2.111146
-0.3448069 -0.5669372 1.703246
0.05380744 -0.4666161 1.83024
-0.3475296 -0.7887501 1.930527
-0.09459955 -0.7870846 1.997344
-0.3917132 -0.854459 1.924097
-0.02336157 -0.8426582 1.960339
9
-0.2529471 -0.5260197 2.122627
-0.3191121 -0.5128015 2.064284
-0.177998 -0.5210084 2.106822
-0.3544493 -0.5655662 1.69976
0.05381385 -0.468365 1.826097
-0.3477145 -0.7898476 1.927175
-0.09495933 -0.7880258 1.99662
-0.3929495 -0.8534945 1.92433
-0.02276823 -0.8426489 1.961042
9
-0.2529471 -0.5260197 2.122627
-0.3191121 -0.5128015 2.064284
-0.177998 -0.5210084 2.106822
-0.3544493 -0.5655662 1.69976
0.05381385 -0.468365 1.826097
-0.3477145 -0.7898476 1.927175
-0.09495933 -0.7880258 1.99662
-0.3929495 -0.8534945 1.92433
-0.02276823 -0.8426489 1.961042
9
-0.2433964 -0.547608 2.115041
-0.3086786 -0.5372487 2.055897
-0.1696379 -0.5390474 2.100268
-0.3879118 -0.5446332 1.675176
0.05584743 -0.4667953 1.81828
-0.3492748 -0.7913476 1.922181
-0.09611642 -0.7898514 1.995781
-0.3921207 -0.8525759 1.927788
-0.02178672 -0.8421907 1.961035
9
-0.2433964 -0.547608 2.115041
-0.3086786 -0.5372487 2.055897
-0.1696379 -0.5390474 2.100268
-0.3879118 -0.5446332 1.675176
0.05584743 -0.4667953 1.81828
-0.3492748 -0.7913476 1.922181
-0.09611642 -0.7898514 1.995781
-0.3921207 -0.8525759 1.927788
-0.02178672 -0.8421907 1.961035
9
-0.2433964 -0.547608 2.115041
-0.3086786 -0.5372487 2.055897
-0.1696379 -0.5390474 2.100268
-0.3879118 -0.5446332 1.675176
0.05584743 -0.4667953 1.81828
-0.3492748 -0.7913476 1.922181
-0.09611642 -0.7898514 1.995781
-0.3921207 -0.8525759 1.927788
-0.02178672 -0.8421907 1.961035
9
-0.2410062 -0.5536812 2.112864
-0.3067963 -0.542671 2.053936
-0.1668143 -0.545445 2.09796
-0.3877785 -0.5441472 1.674862
0.05487279 -0.4676812 1.814177
-0.3498318 -0.7913812 1.918177
-0.09688347 -0.7918608 1.994676
-0.3894211 -0.8541449 1.924666
-0.02054562 -0.8419008 1.960139
9
-0.2382986 -0.5595627 2.110526
-0.3044192 -0.5486696 2.051638
-0.1638868 -0.5509506 2.095644
-0.3871245 -0.5418352 1.673595
0.05439809 -0.4691201 1.810159
-0.3507363 -0.802635 1.931116
-0.09716949 -0.7932072 1.992769
-0.4069919 -0.8625774 1.913117
-0.01978205 -0.8419085 1.960989
9
-0.2382986 -0.5595627 2.110526
-0.3044192 -0.5486696 2.051638
-0.1638868 -0.5509506 2.095644
-0.3871245 -0.5418352 1.673595
0.05439809 -0.4691201 1.810159
-0.3507363 -0.802635 1.931116
-0.09716949 -0.7932072 1.992769
-0.4069919 -0.8625774 1.913117
-0.01978205 -0.8419085 1.960989
9
-0.2368484 -0.561654 2.109641
-0.3030775 -0.5509418 2.050616
-0.162383 -0.5527883 2.094905
-0.3864069 -0.5398176 1.674151
0.05315978 -0.4704508 1.807312
-0.351622 -0.8047985 1.932309
-0.0976031 -0.7942737 1.991934
-0.4124138 -0.8616654 1.908872
-0.01939832 -0.8418853 1.961494
9
-0.2368484 -0.561654 2.109641
-0.3030775 -0.5509418 2.050616
-0.162383 -0.5527883 2.094905
-0.3864069 -0.5398176 1.674151
0.05315978 -0.4704508 1.807312
-0.351622 -0.8047985 1.932309
-0.0976031 -0.7942737 1.991934
-0.4124138 -0.8616654 1.908872
-0.01939832 -0.8418853 1.961494
9
-0.2368484 -0.561654 2.109641
-0.3030775 -0.5509418 2.050616
-0.162383 -0.5527883 2.094905
-0.3864069 -0.5398176 1.674151
0.05315978 -0.4704508 1.807312
-0.351622 -0.8047985 1.932309
-0.0976031 -0.7942737 1.991934
-0.4124138 -0.8616654 1.908872
-0.01939832 -0.8418853 1.961494
9
-0.2354082 -0.5618669 2.109058
-0.3018179 -0.5511421 2.050121
-0.1608027 -0.55299 2.09423
-0.3843923 -0.5377586 1.6742
0.05312935 -0.4712898 1.805159
-0.3516231 -0.8057303 1.933534
-0.09774849 -0.7943807 1.991175
-0.4149806 -0.8605577 1.906402
-0.01921622 -0.8415666 1.960956
9
-0.2389876 -0.5557004 2.11026
-0.3060883 -0.5430695 2.052118
-0.1636523 -0.5486057 2.094771
-0.3816632 -0.5311871 1.679613
0.05231152 -0.4734863 1.805529
-0.3518516 -0.8066257 1.934955
-0.0976261 -0.7950845 1.990584
-0.4162665 -0.8606776 1.903282
-0.01834945 -0.8413484 1.959765
9
-0.2389876 -0.5557004 2.11026
-0.3060883 -0.5430695 2.052118
-0.1636523 -0.5486057 2.094771
-0.3816632 -0.5311871 1.679613
0.05231152 -0.4734863 1.805529
-0.3518516 -0.8066257 1.934955
-0.0976261 -0.7950845 1.990584
-0.4162665 -0.8606776 1.903282
-0.01834945 -0.8413484 1.959765
9
-0.2350157 -0.5477383 2.110057
-0.3023734 -0.5367237 2.051492
-0.1595564 -0.5393026 2.094912
-0.3789711 -0.5240777 1.684939
0.05394214 -0.4755711 1.801032
-0.3536896 -0.7977413 1.922883
-0.09740362 -0.7953079 1.990062
-0.4009013 -0.8594184 1.921115
-0.0176423 -0.8409525 1.958905
9
-0.2350157 -0.5477383 2.110057
-0.3023734 -0.5367237 2.051492
-0.1595564 -0.5393026 2.094912
-0.3789711 -0.5240777 1.684939
0.05394214 -0.4755711 1.801032
-0.3536896 -0.7977413 1.922883
-0.09740362 -0.7953079 1.990062
-0.4009013 -0.8594184 1.921115
-0.0176423 -0.8409525 1.958905
