40
9
-0.1411037 -0.1349748 2.578126
-0.2127454 -0.1391345 2.555211
-0.06543824 -0.1273134 2.530984
-0.2293409 -0.4799317 2.50324
-0.05658389 -0.4612352 2.418536
-0.2034427 -0.8749439 2.480632
-0.04337658 -0.7686887 2.436918
-0.1914063 -0.8979492 2.332031
-0.09667256 -0.8390119 2.320695
9
-0.1411037 -0.1349748 2.578126
-0.2127454 -0.1391345 2.555211
-0.06543824 -0.1273134 2.530984
-0.2293409 -0.4799317 2.50324
-0.05658389 -0.4612352 2.418536
-0.2034427 -0.8749439 2.480632
-0.04337658 -0.7686887 2.436918
-0.1914063 -0.8979492 2.332031
-0.09667256 -0.8390119 2.320695
9
-0.1450497 -0.1559115 2.583434
-0.2183491 -0.1605006 2.561023
-0.06780621 -0.1471565 2.535784
-0.2399357 -0.4994608 2.490339
-0.06161827 -0.4768921 2.407427
-0.2043328 -0.8749766 2.479859
-0.06873924 -0.8122491 2.401604
-0.2325691 -0.8904315 2.326351
-0.1274745 -0.8546641 2.269286
9
-0.1450497 -0.1559115 2.583434
-0.2183491 -0.1605006 2.561023
-0.06780621 -0.1471565 2.535784
-0.2399357 -0.4994608 2.490339
-0.06161827 -0.4768921 2.407427
-0.2043328 -0.8749766 2.479859
-0.06873924 -0.8122491 2.401604
-0.2325691 -0.8904315 2.326351
-0.1274745 -0.8546641 2.269286
9
-0.1450497 -0.1559115 2.583434
-0.2183491 -0.1605006 2.561023
-0.06780621 -0.1471565 2.535784
-0.2399357 -0.4994608 2.490339
-0.06161827 -0.4768921 2.407427
-0.2043328 -0.8749766 2.479859
-0.06873924 -0.8122491 2.401604
-0.2325691 -0.8904315 2.326351
-0.1274745 -0.8546641 2.269286
9
-0.1450497 -0.1559115 2.583434
-0.2183491 -0.1605006 2.561023
-0.06780621 -0.1471565 2.535784
-0.2399357 -0.4994608 2.490339
-0.06161827 -0.4768921 2.407427
-0.2043328 -0.8749766 2.479859
-0.06873924 -0.8122491 2.401604
-0.2325691 -0.8904315 2.326351
-0.1274745 -0.8546641 2.269286
9
-0.140308 -0.2227546 2.583147
-0.2203258 -0.2273791 2.562084
-0.05644708 -0.2120906 2.534211
-0.2693494 -0.554268 2.443666
-0.08324215 -0.5186148 2.353177
-0.2106785 -0.8753521 2.468848
-0.07315791 -0.8213356 2.400862
-0.228319 -0.9021119 2.352521
-0.1316915 -0.8608375 2.267055
9
-0.140308 -0.2227546 2.583147
-0.2203258 -0.2273791 2.562084
-0.05644708 -0.2120906 2.534211
-0.2693494 -0.554268 2.443666
-0.08324215 -0.5186148 2.353177
-0.2106785 -0.8753521 2.468848
-0.07315791 -0.8213356 2.400862
-0.228319 -0.9021119 2.352521
-0.1316915 -0.8608375 2.267055
9
-0.1599846 -0.2568115 2.623557
-0.2350446 -0.2560182 2.602658
-0.08062587 -0.2507635 2.574571
-0.2725001 -0.5649426 2.437532
-0.08719765 -0.525881 2.344616
-0.2127751 -0.874954 2.466647
-0.07737672 -0.826692 2.40084
-0.2282267 -0.9034249 2.350625
-0.1393651 -0.8690275 2.270732
9
-0.1599846 -0.2568115 2.623557
-0.2350446 -0.2560182 2.602658
-0.08062587 -0.2507635 2.574571
-0.2725001 -0.5649426 2.437532
-0.08719765 -0.525881 2.344616
-0.2127751 -0.874954 2.466647
-0.07737672 -0.826692 2.40084
-0.2282267 -0.9034249 2.350625
-0.1393651 -0.8690275 2.270732
9
-0.1422574 -0.3030464 2.623861
-0.2173787 -0.3025624 2.606575
-0.06321439 -0.2957269 2.571425
-0.3022345 -0.4689369 2.403395
-0.1030033 -0.4633467 2.316235
-0.2264805 -0.8598918 2.457686
-0.08421491 -0.8218935 2.400734
-0.2354425 -0.8946133 2.343651
-0.1441938 -0.8658596 2.270266
9
-0.1422574 -0.3030464 2.623861
-0.2173787 -0.3025624 2.606575
-0.06321439 -0.2957269 2.571425
-0.3022345 -0.4689369 2.403395
-0.1030033 -0.4633467 2.316235
-0.2264805 -0.8598918 2.457686
-0.08421491 -0.8218935 2.400734
-0.2354425 -0.8946133 2.343651
-0.1441938 -0.8658596 2.270266
9
-0.1439483 -0.3343832 2.619671
-0.2192637 -0.3326219 2.602552
-0.06472503 -0.3271315 2.567147
-0.3126456 -0.4809113 2.387607
-0.1083831 -0.469653 2.307674
-0.2106045 -0.8285927 2.485804
-0.1072356 -0.8410277 2.408956
-0.2275225 -0.8850923 2.371274
-0.155326 -0.8836945 2.271657
9
-0.1439483 -0.3343832 2.619671
-0.2192637 -0.3326219 2.602552
-0.06472503 -0.3271315 2.567147
-0.3126456 -0.4809113 2.387607
-0.1083831 -0.469653 2.307674
-0.2106045 -0.8285927 2.485804
-0.1072356 -0.8410277 2.408956
-0.2275225 -0.8850923 2.371274
-0.155326 -0.8836945 2.271657
9
-0.1529612 -0.3843149 2.615777
-0.2290533 -0.3827227 2.598654
-0.07279821 -0.3758327 2.563405
-0.3242867 -0.5026827 2.364744
-0.1196352 -0.4838708 2.291972
-0.2146962 -0.8369036 2.481232
-0.107289 -0.84086 2.407822
-0.2257304 -0.8872029 2.37269
-0.1551884 -0.8839593 2.27066
9
-0.1529612 -0.3843149 2.615777
-0.2290533 -0.3827227 2.598654
-0.07279821 -0.3758327 2.563405
-0.3242867 -0.5026827 2.364744
-0.1196352 -0.4838708 2.291972
-0.2146962 -0.8369036 2.481232
-0.107289 -0.84086 2.407822
-0.2257304 -0.8872029 2.37269
-0.1551884 -0.8839593 2.27066
9
-0.1521284 -0.4096066 2.615843
-0.2296274 -0.4086855 2.598348
-0.07061625 -0.3997189 2.563928
-0.3317387 -0.509245 2.357185
-0.1268687 -0.491363 2.283189
-0.2067282 -0.8585207 2.477416
-0.1052347 -0.8420715 2.408581
-0.2503513 -0.896413 2.37883
-0.1545974 -0.8840197 2.271521
9
-0.1521284 -0.4096066 2.615843
-0.2296274 -0.4086855 2.598348
-0.07061625 -0.3997189 2.563928
-0.3317387 -0.509245 2.357185
-0.1268687 -0.491363 2.283189
-0.2067282 -0.8585207 2.477416
-0.1052347 -0.8420715 2.408581
-0.2503513 -0.896413 2.37883
-0.1545974 -0.8840197 2.271521
9
-0.1591969 -0.4598477 2.609004
-0.238452 -0.4570594 2.595824
-0.0756138 -0.450411 2.552929
-0.3395156 -0.515126 2.338049
-0.1324974 -0.5000063 2.273745
-0.2089987 -0.8607631 2.476449
-0.103741 -0.8431094 2.407029
-0.2441681 -0.8778909 2.325244
-0.1552279 -0.8843027 2.27064
9
-0.1591969 -0.4598477 2.609004
-0.238452 -0.4570594 2.595824
-0.0756138 -0.450411 2.552929
-0.3395156 -0.515126 2.338049
-0.1324974 -0.5000063 2.273745
-0.2089987 -0.8607631 2.476449
-0.103741 -0.8431094 2.407029
-0.2441681 -0.8778909 2.325244
-0.1552279 -0.8843027 2.27064
9
-0.1608787 -0.4890776 2.608707
-0.2395053 -0.4880003 2.595472
-0.07788557 -0.4773236 2.552888
-0.3426941 -0.5159839 2.332447
-0.1380582 -0.5072804 2.264427
-0.2136531 -0.8691331 2.463932
-0.1030463 -0.8442358 2.406013
-0.2598291 -0.8940818 2.359367
-0.1526664 -0.8825751 2.267327
9
-0.1608787 -0.4890776 2.608707
-0.2395053 -0.4880003 2.595472
-0.07788557 -0.4773236 2.552888
-0.3426941 -0.5159839 2.332447
-0.1380582 -0.5072804 2.264427
-0.2136531 -0.8691331 2.463932
-0.1030463 -0.8442358 2.406013
-0.2598291 -0.8940818 2.359367
-0.1526664 -0.8825751 2.267327
9
-0.1730819 -0.5410758 2.601542
-0.2525255 -0.5378855 2.588161
-0.08901119 -0.529971 2.546188
-0.3485258 -0.5193323 2.320117
-0.1433581 -0.5150316 2.256001
-0.214722 -0.8746966 2.454869
-0.09971149 -0.8467377 2.397038
-0.2866211 -0.887207 2.341797
-0.1521058 -0.8833385 2.258957
9
-0.1730819 -0.5410758 2.601542
-0.2525255 -0.5378855 2.588161
-0.08901119 -0.529971 2.546188
-0.3485258 -0.5193323 2.320117
-0.1433581 -0.5150316 2.256001
-0.214722 -0.8746966 2.454869
-0.09971149 -0.8467377 2.397038
-0.2866211 -0.887207 2.341797
-0.1521058 -0.8833385 2.258957
9
-0.1697269 -0.5672762 2.595802
-0.2484297 -0.5650015 2.583667
-0.08644485 -0.5546778 2.539376
-0.3476479 -0.5322383 2.318161
-0.1484359 -0.5222852 2.243926
-0.2143917 -0.8764991 2.455081
-0.1014626 -0.8458888 2.397138
-0.2872483 -0.8870189 2.342299
-0.1523477 -0.882526 2.258325
9
-0.1697269 -0.5672762 2.595802
-0.2484297 -0.5650015 2.583667
-0.08644485 -0.5546778 2.539376
-0.3476479 -0.5322383 2.318161
-0.1484359 -0.5222852 2.243926
-0.2143917 -0.8764991 2.455081
-0.1014626 -0.8458888 2.397138
-0.2872483 -0.8870189 2.342299
-0.1523477 -0.882526 2.258325
9
-0.1809503 -0.61441 2.57387
-0.2578982 -0.6098359 2.559007
-0.0991533 -0.6026886 2.520466
-0.3561605 -0.535607 2.301512
-0.1517776 -0.5273789 2.238225
-0.2128265 -0.8770662 2.452354
-0.1041869 -0.8473973 2.39369
-0.3019711 -0.8854393 2.333378
-0.1373291 -0.8837077 2.24778
9
-0.1809503 -0.61441 2.57387
-0.2578982 -0.6098359 2.559007
-0.0991533 -0.6026886 2.520466
-0.3561605 -0.535607 2.301512
-0.1517776 -0.5273789 2.238225
-0.2128265 -0.8770662 2.452354
-0.1041869 -0.8473973 2.39369
-0.3019711 -0.8854393 2.333378
-0.1373291 -0.8837077 2.24778
9
-0.1809503 -0.61441 2.57387
-0.2578982 -0.6098359 2.559007
-0.0991533 -0.6026886 2.520466
-0.3561605 -0.535607 2.301512
-0.1517776 -0.5273789 2.238225
-0.2128265 -0.8770662 2.452354
-0.1041869 -0.8473973 2.39369
-0.3019711 -0.8854393 2.333378
-0.1373291 -0.8837077 2.24778
9
-0.1809503 -0.61441 2.57387
-0.2578982 -0.6098359 2.559007
-0.0991533 -0.6026886 2.520466
-0.3561605 -0.535607 2.301512
-0.1517776 -0.5273789 2.238225
-0.2128265 -0.8770662 2.452354
-0.1041869 -0.8473973 2.39369
-0.3019711 -0.8854393 2.333378
-0.1373291 -0.8837077 2.24778
9
-0.1444996 -0.6526273 2.565337
-0.2219057 -0.6535898 2.553487
-0.06490676 -0.6328428 2.509651
-0.3667862 -0.5548497 2.293803
-0.1535061 -0.5440655 2.228139
-0.231467 -0.8920287 2.409546
-0.106811 -0.8480408 2.389268
-0.3228523 -0.8806167 2.327093
-0.1421739 -0.8848525 2.244304
9
-0.1444996 -0.6526273 2.565337
-0.2219057 -0.6535898 2.553487
-0.06490676 -0.6328428 2.509651
-0.3667862 -0.5548497 2.293803
-0.1535061 -0.5440655 2.228139
-0.231467 -0.8920287 2.409546
-0.106811 -0.8480408 2.389268
-0.3228523 -0.8806167 2.327093
-0.1421739 -0.8848525 2.244304
9
-0.1443762 -0.654734 2.567399
-0.2219249 -0.6555617 2.555761
-0.06418136 -0.6356443 2.511552
-0.3686621 -0.559315 2.293195
-0.1567098 -0.5413777 2.219459
-0.2292817 -0.8884597 2.413282
-0.1087717 -0.8493677 2.385211
-0.3140296 -0.8835788 2.323168
-0.1453955 -0.8867019 2.24093
9
-0.1443762 -0.654734 2.567399
-0.2219249 -0.6555617 2.555761
-0.06418136 -0.6356443 2.511552
-0.3686621 -0.559315 2.293195
-0.1567098 -0.5413777 2.219459
-0.2292817 -0.8884597 2.413282
-0.1087717 -0.8493677 2.385211
-0.3140296 -0.8835788 2.323168
-0.1453955 -0.8867019 2.24093
9
-0.1455792 -0.6585148 2.57024
-0.2233927 -0.6588954 2.558721
-0.06470723 -0.640205 2.514173
-0.3753614 -0.5574012 2.286674
-0.1573394 -0.5411257 2.215975
-0.2240153 -0.8765609 2.429378
-0.124619 -0.8616765 2.372077
-0.2999533 -0.8851346 2.332952
-0.1559819 -0.8941973 2.224416
9
-0.1455792 -0.6585148 2.57024
-0.2233927 -0.6588954 2.558721
-0.06470723 -0.640205 2.514173
-0.3753614 -0.5574012 2.286674
-0.1573394 -0.5411257 2.215975
-0.2240153 -0.8765609 2.429378
-0.124619 -0.8616765 2.372077
-0.2999533 -0.8851346 2.332952
-0.1559819 -0.8941973 2.224416
9
-0.1517434 -0.6580062 2.589296
-0.2290239 -0.6557396 2.581875
-0.07058666 -0.6422909 2.529214
-0.3801611 -0.5574002 2.28307
-0.1577175 -0.5408484 2.213266
-0.2285755 -0.8855617 2.424359
-0.129731 -0.8628315 2.37142
-0.2992143 -0.8854938 2.334067
-0.1587961 -0.8959113 2.223365
9
-0.1517434 -0.6580062 2.589296
-0.2290239 -0.6557396 2.581875
-0.07058666 -0.6422909 2.529214
-0.3801611 -0.5574002 2.28307
-0.1577175 -0.5408484 2.213266
-0.2285755 -0.8855617 2.424359
-0.129731 -0.8628315 2.37142
-0.2992143 -0.8854938 2.334067
-0.1587961 -0.8959113 2.223365
9
-0.151522 -0.6585047 2.589606
-0.228651 -0.6567819 2.581958
-0.07041789 -0.642559 2.529696
-0.3802434 -0.5575027 2.282866
-0.1576598 -0.5404139 2.212237
-0.2300252 -0.8887047 2.422208
-0.1428116 -0.8707583 2.368454
-0.3039807 -0.8862191 2.335963
-0.1646699 -0.8974311 2.216588
9
-0.151522 -0.6585047 2.589606
-0.228651 -0.6567819 2.581958
-0.07041789 -0.642559 2.529696
-0.3802434 -0.5575027 2.282866
-0.1576598 -0.5404139 2.212237
-0.2300252 -0.8887047 2.422208
-0.1428116 -0.8707583 2.368454
-0.3039807 -0.8862191 2.335963
-0.1646699 -0.8974311 2.216588
