40
9
0.1079333 -0.3901072 2.143853
0.02730267 -0.3820602 2.104325
0.1848429 -0.3849439 2.110038
-0.01567267 -0.695181 1.957499
0.2603018 -0.7053778 2.026733
0.01588485 -1.011288 2.107398
0.1855264 -1.009341 2.115514
-0.013477 -1.090676 2.083672
0.2597937 -1.057175 2.081476
9
0.1079333 -0.3901072 2.143853
0.02730267 -0.3820602 2.104325
0.1848429 -0.3849439 2.110038
-0.01567267 -0.695181 1.957499
0.2603018 -0.7053778 2.026733
0.01588485 -1.011288 2.107398
0.1855264 -1.009341 2.115514
-0.013477 -1.090676 2.083672
0.2597937 -1.057175 2.081476
9
0.1111301 -0.425844 2.145527
0.02868284 -0.4154622 2.104637
0.1898624 -0.4218159 2.113398
-0.0163676 -0.7215461 1.941064
0.2742438 -0.737116 2.015929
0.02070908 -1.01492 2.100537
0.1881238 -1.01346 2.112604
-0.0188349 -1.087498 2.092786
0.2526378 -1.070586 2.068569
9
0.1111301 -0.425844 2.145527
0.02868284 -0.4154622 2.104637
0.1898624 -0.4218159 2.113398
-0.0163676 -0.7215461 1.941064
0.2742438 -0.737116 2.015929
0.02070908 -1.01492 2.100537
0.1881238 -1.01346 2.112604
-0.0188349 -1.087498 2.092786
0.2526378 -1.070586 2.068569
9
0.1153307 -0.4654559 2.147187
0.03232531 -0.4568312 2.106661
0.1943662 -0.4582963 2.114902
-0.0155477 -0.7474997 1.912098
0.2903952 -0.7669183 2.004445
0.02108667 -1.016157 2.095809
0.1950154 -1.01855 2.110161
-0.02240538 -1.08731 2.086335
0.2517159 -1.081565 2.063256
9
0.1153307 -0.4654559 2.147187
0.03232531 -0.4568312 2.106661
0.1943662 -0.4582963 2.114902
-0.0155477 -0.7474997 1.912098
0.2903952 -0.7669183 2.004445
0.02108667 -1.016157 2.095809
0.1950154 -1.01855 2.110161
-0.02240538 -1.08731 2.086335
0.2517159 -1.081565 2.063256
9
0.1153307 -0.4654559 2.147187
0.03232531 -0.4568312 2.106661
0.1943662 -0.4582963 2.114902
-0.0155477 -0.7474997 1.912098
0.2903952 -0.7669183 2.004445
0.02108667 -1.016157 2.095809
0.1950154 -1.01855 2.110161
-0.02240538 -1.08731 2.086335
0.2517159 -1.081565 2.063256
9
0.1153307 -0.4654559 2.147187
0.03232531 -0.4568312 2.106661
0.1943662 -0.4582963 2.114902
-0.0155477 -0.7474997 1.912098
0.2903952 -0.7669183 2.004445
0.02108667 -1.016157 2.095809
0.1950154 -1.01855 2.110161
-0.02240538 -1.08731 2.086335
0.2517159 -1.081565 2.063256
9
0.1246333 -0.5500631 2.148433
0.04122605 -0.5407585 2.108463
0.203827 -0.5408887 2.116226
-0.004555428 -0.7922427 1.857046
0.3312889 -0.8241771 1.965622
0.002461475 -1.025447 2.072037
0.2026816 -1.02428 2.10388
-0.05008355 -1.0862 2.075553
0.2524081 -1.091248 2.053566
9
0.1246333 -0.5500631 2.148433
0.04122605 -0.5407585 2.108463
0.203827 -0.5408887 2.116226
-0.004555428 -0.7922427 1.857046
0.3312889 -0.8241771 1.965622
0.002461475 -1.025447 2.072037
0.2026816 -1.02428 2.10388
-0.05008355 -1.0862 2.075553
0.2524081 -1.091248 2.053566
9
0.1300751 -0.5857258 2.187509
0.0475872 -0.5793592 2.144992
0.208254 -0.5728273 2.158069
-0.006332704 -0.7823288 1.848364
0.3355354 -0.8249289 1.947208
0.05195575 -1.023739 2.099062
0.2023354 -1.025756 2.103342
-0.03611185 -1.054314 2.052554
0.2759979 -1.054731 2.025409
9
0.1300751 -0.5857258 2.187509
0.0475872 -0.5793592 2.144992
0.208254 -0.5728273 2.158069
-0.006332704 -0.7823288 1.848364
0.3355354 -0.8249289 1.947208
0.05195575 -1.023739 2.099062
0.2023354 -1.025756 2.103342
-0.03611185 -1.054314 2.052554
0.2759979 -1.054731 2.025409
9
0.1209029 -0.6311387 2.188451
0.03752493 -0.6206748 2.148628
0.2003519 -0.62133 2.156502
-0.0175105 -0.7248392 1.798359
0.3905149 -0.7587271 1.882341
0.007480067 -1.028885 2.067692
0.2034058 -1.025134 2.101641
0.0261559 -1.075072 1.937416
0.3222381 -1.059333 2.039773
9
0.1209029 -0.6311387 2.188451
0.03752493 -0.6206748 2.148628
0.2003519 -0.62133 2.156502
-0.0175105 -0.7248392 1.798359
0.3905149 -0.7587271 1.882341
0.007480067 -1.028885 2.067692
0.2034058 -1.025134 2.101641
0.0261559 -1.075072 1.937416
0.3222381 -1.059333 2.039773
9
0.1206025 -0.6609654 2.185127
0.03703523 -0.651794 2.145863
0.2002153 -0.6484466 2.153085
-0.0203827 -0.7309288 1.788648
0.3984193 -0.7574409 1.870374
0.006751765 -1.033882 2.067661
0.2026297 -1.024927 2.100972
-0.06211157 -1.081401 2.000894
0.2805808 -1.055783 2.03366
9
0.1206025 -0.6609654 2.185127
0.03703523 -0.651794 2.145863
0.2002153 -0.6484466 2.153085
-0.0203827 -0.7309288 1.788648
0.3984193 -0.7574409 1.870374
0.006751765 -1.033882 2.067661
0.2026297 -1.024927 2.100972
-0.06211157 -1.081401 2.000894
0.2805808 -1.055783 2.03366
9
0.1238081 -0.6968656 2.181576
0.03957028 -0.6872532 2.141802
0.2040055 -0.6839083 2.150366
-0.02753643 -0.7393754 1.780671
0.4023964 -0.7626513 1.856025
0.003638112 -1.04121 2.064388
0.2021481 -1.026508 2.100591
-0.06614265 -1.096303 2.032145
0.2455648 -1.088634 2.026667
9
0.1282471 -0.7264206 2.177332
0.04371928 -0.7169027 2.137397
0.2085745 -0.7123221 2.146598
-0.03402639 -0.7539559 1.776327
0.40803 -0.7604297 1.844931
0.004045128 -1.05532 2.068144
0.2030766 -1.031068 2.101251
-0.07895669 -1.066651 1.987666
0.2641707 -1.080583 2.02929
9
0.1282471 -0.7264206 2.177332
0.04371928 -0.7169027 2.137397
0.2085745 -0.7123221 2.146598
-0.03402639 -0.7539559 1.776327
0.40803 -0.7604297 1.844931
0.004045128 -1.05532 2.068144
0.2030766 -1.031068 2.101251
-0.07895669 -1.066651 1.987666
0.2641707 -1.080583 2.02929
9
0.1282471 -0.7264206 2.177332
0.04371928 -0.7169027 2.137397
0.2085745 -0.7123221 2.146598
-0.03402639 -0.7539559 1.776327
0.40803 -0.7604297 1.844931
0.004045128 -1.05532 2.068144
0.2030766 -1.031068 2.101251
-0.07895669 -1.066651 1.987666
0.2641707 -1.080583 2.02929
9
0.1295859 -0.7489748 2.173578
0.04479113 -0.7398916 2.132698
0.2101435 -0.7338555 2.143975
-0.03698966 -0.7606691 1.770906
0.4112128 -0.7573987 1.839562
-0.008933749 -1.070916 2.018167
0.203969 -1.034927 2.104173
-0.09902693 -1.065381 2.027224
0.3098145 -1.05957 2.072266
9
0.1295859 -0.7489748 2.173578
0.04479113 -0.7398916 2.132698
0.2101435 -0.7338555 2.143975
-0.03698966 -0.7606691 1.770906
0.4112128 -0.7573987 1.839562
-0.008933749 -1.070916 2.018167
0.203969 -1.034927 2.104173
-0.09902693 -1.065381 2.027224
0.3098145 -1.05957 2.072266
9
0.129061 -0.7725554 2.167812
0.04422516 -0.7625197 2.126415
0.2096877 -0.7575877 2.139034
-0.04185913 -0.7718726 1.765
0.415987 -0.7487142 1.836617
-0.01251546 -1.080121 2.01439
0.2017706 -1.037494 2.111448
0.00793156 -1.121414 1.882519
0.30777 -1.059025 2.075537
9
0.129061 -0.7725554 2.167812
0.04422516 -0.7625197 2.126415
0.2096877 -0.7575877 2.139034
-0.04185913 -0.7718726 1.765
0.415987 -0.7487142 1.836617
-0.01251546 -1.080121 2.01439
0.2017706 -1.037494 2.111448
0.00793156 -1.121414 1.882519
0.30777 -1.059025 2.075537
9
0.1296817 -0.7898709 2.164904
0.04475062 -0.7792268 2.123479
0.2103915 -0.7749872 2.136346
-0.04383107 -0.7764791 1.762351
0.4173759 -0.7432421 1.835376
-0.01441223 -1.08476 2.011657
0.2335473 -1.009827 2.073129
0.005690917 -1.125346 1.879384
0.2248231 -1.092895 2.027919
9
0.1296817 -0.7898709 2.164904
0.04475062 -0.7792268 2.123479
0.2103915 -0.7749872 2.136346
-0.04383107 -0.7764791 1.762351
0.4173759 -0.7432421 1.835376
-0.01441223 -1.08476 2.011657
0.2335473 -1.009827 2.073129
0.005690917 -1.125346 1.879384
0.2248231 -1.092895 2.027919
9
0.1296817 -0.7898709 2.164904
0.04475062 -0.7792268 2.123479
0.2103915 -0.7749872 2.136346
-0.04383107 -0.7764791 1.762351
0.4173759 -0.7432421 1.835376
-0.01441223 -1.08476 2.011657
0.2335473 -1.009827 2.073129
0.005690917 -1.125346 1.879384
0.2248231 -1.092895 2.027919
9
0.1328007 -0.8110793 2.15985
0.04786201 -0.8009428 2.117722
0.2134212 -0.7950618 2.132206
-0.03395642 -0.7837887 1.793815
0.4158624 -0.741011 1.830539
-0.004180583 -1.096258 2.046601
0.2334886 -1.002659 2.074457
0.01561794 -1.135418 1.913393
0.2224312 -1.086468 2.039698
9
0.1328007 -0.8110793 2.15985
0.04786201 -0.8009428 2.117722
0.2134212 -0.7950618 2.132206
-0.03395642 -0.7837887 1.793815
0.4158624 -0.741011 1.830539
-0.004180583 -1.096258 2.046601
0.2334886 -1.002659 2.074457
0.01561794 -1.135418 1.913393
0.2224312 -1.086468 2.039698
9
0.1327996 -0.8150648 2.15843
0.04771836 -0.8046203 2.116349
0.2135706 -0.7992203 2.130797
-0.0337095 -0.7865956 1.790522
0.4125427 -0.7433748 1.826866
-0.003896735 -1.099145 2.043482
0.2386893 -1.000983 2.080287
0.01576933 -1.137826 1.910045
0.2348198 -1.082338 2.02418
9
0.1329152 -0.8169028 2.157577
0.04773849 -0.8062074 2.115614
0.2137873 -0.8012542 2.12985
-0.03396043 -0.7867148 1.789521
0.410029 -0.7444583 1.82411
-0.004120695 -1.099301 2.042572
0.2387542 -0.9991607 2.081866
0.01558021 -1.137646 1.908965
0.2410539 -1.081132 2.029179
9
0.1329152 -0.8169028 2.157577
0.04773849 -0.8062074 2.115614
0.2137873 -0.8012542 2.12985
-0.03396043 -0.7867148 1.789521
0.410029 -0.7444583 1.82411
-0.004120695 -1.099301 2.042572
0.2387542 -0.9991607 2.081866
0.01558021 -1.137646 1.908965
0.2410539 -1.081132 2.029179
9
0.1329071 -0.8169815 2.157316
0.04771559 -0.8062327 2.115495
0.2138088 -0.801404 2.129395
-0.0346332 -0.786401 1.788114
0.4084895 -0.7481359 1.821981
-0.004750715 -1.099046 2.041256
0.2396815 -1.000887 2.082997
0.0145195 -1.137142 1.907435
0.2418947 -1.08257 2.029015
9
0.1329071 -0.8169815 2.157316
0.04771559 -0.8062327 2.115495
0.2138088 -0.801404 2.129395
-0.0346332 -0.786401 1.788114
0.4084895 -0.7481359 1.821981
-0.004750715 -1.099046 2.041256
0.2396815 -1.000887 2.082997
0.0145195 -1.137142 1.907435
0.2418947 -1.08257 2.029015
9
0.1327747 -0.815806 2.157435
0.04749002 -0.8045745 2.115922
0.2137425 -0.8006074 2.129299
-0.03586797 -0.7847812 1.788595
0.406886 -0.7469466 1.820864
-0.005946923 -1.097513 2.041758
0.2426285 -0.9904692 2.092711
0.01282233 -1.135383 1.90769
0.2235308 -1.071518 2.080542
9
0.1327747 -0.815806 2.157435
0.04749002 -0.8045745 2.115922
0.2137425 -0.8006074 2.129299
-0.03586797 -0.7847812 1.788595
0.406886 -0.7469466 1.820864
-0.005946923 -1.097513 2.041758
0.2426285 -0.9904692 2.092711
0.01282233 -1.135383 1.90769
0.2235308 -1.071518 2.080542
9
0.1327747 -0.815806 2.157435
0.04749002 -0.8045745 2.115922
0.2137425 -0.8006074 2.129299
-0.03586797 -0.7847812 1.788595
0.406886 -0.7469466 1.820864
-0.005946923 -1.097513 2.041758
0.2426285 -0.9904692 2.092711
0.01282233 -1.135383 1.90769
0.2235308 -1.071518 2.080542
9
0.1327747 -0.815806 2.157435
0.04749002 -0.8045745 2.115922
0.2137425 -0.8006074 2.129299
-0.03586797 -0.7847812 1.788595
0.406886 -0.7469466 1.820864
-0.005946923 -1.097513 2.041758
0.2426285 -0.9904692 2.092711
0.01282233 -1.135383 1.90769
0.2235308 -1.071518 2.080542
9
0.1319444 -0.7867799 2.16966
0.04619108 -0.7707964 2.132903
0.2133376 -0.7768179 2.13712
-0.0564123 -0.7676927 1.775701
0.4028854 -0.7517347 1.823199
-0.008860561 -1.0661 2.056589
0.2130919 -1.053187 2.124225
0.00711669 -1.105147 1.922135
0.248534 -1.056003 2.00169
9
0.1319444 -0.7867799 2.16966
0.04619108 -0.7707964 2.132903
0.2133376 -0.7768179 2.13712
-0.0564123 -0.7676927 1.775701
0.4028854 -0.7517347 1.823199
-0.008860561 -1.0661 2.056589
0.2130919 -1.053187 2.124225
0.00711669 -1.105147 1.922135
0.248534 -1.056003 2.00169
