40
9
-0.08478384 -0.091103 2.580822
-0.1602728 -0.08713747 2.531833
-0.006943614 -0.09362546 2.559311
-0.1980556 -0.4261258 2.463672
-0.02828852 -0.4353104 2.519049
-0.2141761 -0.8356768 2.388246
-0.05564239 -0.7431225 2.483259
-0.2161091 -0.8744973 2.238259
-0.07744008 -0.8298276 2.369361
9
-0.08478384 -0.091103 2.580822
-0.1602728 -0.08713747 2.531833
-0.006943614 -0.09362546 2.559311
-0.1980556 -0.4261258 2.463672
-0.02828852 -0.4353104 2.519049
-0.2141761 -0.8356768 2.388246
-0.05564239 -0.7431225 2.483259
-0.2161091 -0.8744973 2.238259
-0.07744008 -0.8298276 2.369361
9
-0.09179147 -0.09535927 2.583927
-0.1677917 -0.09164055 2.533097
-0.01354978 -0.09724552 2.564529
-0.2010605 -0.4307615 2.461711
-0.02697929 -0.4391941 2.51697
-0.2137304 -0.8372557 2.388498
-0.05648668 -0.7470056 2.484302
-0.2153133 -0.8785356 2.23958
-0.03124679 -0.7993017 2.362398
9
-0.09179147 -0.09535927 2.583927
-0.1677917 -0.09164055 2.533097
-0.01354978 -0.09724552 2.564529
-0.2010605 -0.4307615 2.461711
-0.02697929 -0.4391941 2.51697
-0.2137304 -0.8372557 2.388498
-0.05648668 -0.7470056 2.484302
-0.2153133 -0.8785356 2.23958
-0.03124679 -0.7993017 2.362398
9
-0.09701052 -0.102783 2.586683
-0.1732925 -0.09810574 2.534819
-0.01813119 -0.1050148 2.568327
-0.2040827 -0.4363379 2.453893
-0.02537862 -0.4468541 2.514993
-0.2135455 -0.8376952 2.388208
-0.05604432 -0.754669 2.484912
-0.2141197 -0.8795174 2.239512
-0.009535991 -0.825228 2.43262
9
-0.09701052 -0.102783 2.586683
-0.1732925 -0.09810574 2.534819
-0.01813119 -0.1050148 2.568327
-0.2040827 -0.4363379 2.453893
-0.02537862 -0.4468541 2.514993
-0.2135455 -0.8376952 2.388208
-0.05604432 -0.754669 2.484912
-0.2141197 -0.8795174 2.239512
-0.009535991 -0.825228 2.43262
9
-0.09701052 -0.102783 2.586683
-0.1732925 -0.09810574 2.534819
-0.01813119 -0.1050148 2.568327
-0.2040827 -0.4363379 2.453893
-0.02537862 -0.4468541 2.514993
-0.2135455 -0.8376952 2.388208
-0.05604432 -0.754669 2.484912
-0.2141197 -0.8795174 2.239512
-0.009535991 -0.825228 2.43262
9
-0.09701052 -0.102783 2.586683
-0.1732925 -0.09810574 2.534819
-0.01813119 -0.1050148 2.568327
-0.2040827 -0.4363379 2.453893
-0.02537862 -0.4468541 2.514993
-0.2135455 -0.8376952 2.388208
-0.05604432 -0.754669 2.484912
-0.2141197 -0.8795174 2.239512
-0.009535991 -0.825228 2.43262
9
-0.09701052 -0.102783 2.586683
-0.1732925 -0.09810574 2.534819
-0.01813119 -0.1050148 2.568327
-0.2040827 -0.4363379 2.453893
-0.02537862 -0.4468541 2.514993
-0.2135455 -0.8376952 2.388208
-0.05604432 -0.754669 2.484912
-0.2141197 -0.8795174 2.239512
-0.009535991 -0.825228 2.43262
9
-0.09701052 -0.102783 2.586683
-0.1732925 -0.09810574 2.534819
-0.01813119 -0.1050148 2.568327
-0.2040827 -0.4363379 2.453893
-0.02537862 -0.4468541 2.514993
-0.2135455 -0.8376952 2.388208
-0.05604432 -0.754669 2.484912
-0.2141197 -0.8795174 2.239512
-0.009535991 -0.825228 2.43262
9
-0.09667219 -0.1714658 2.590505
-0.1737214 -0.1668203 2.538531
-0.01703442 -0.1714671 2.572319
-0.1920091 -0.48616 2.380852
0.02347691 -0.505387 2.475178
-0.2133089 -0.8375738 2.387757
-0.05746764 -0.8034645 2.483338
-0.214053 -0.8796919 2.239214
0.03202837 -0.7964873 2.418034
9
-0.09667219 -0.1714658 2.590505
-0.1737214 -0.1668203 2.538531
-0.01703442 -0.1714671 2.572319
-0.1920091 -0.48616 2.380852
0.02347691 -0.505387 2.475178
-0.2133089 -0.8375738 2.387757
-0.05746764 -0.8034645 2.483338
-0.214053 -0.8796919 2.239214
0.03202837 -0.7964873 2.418034
9
-0.09790659 -0.1907457 2.621864
-0.1727809 -0.1877743 2.568594
-0.02047678 -0.1887283 2.605246
-0.1880807 -0.490538 2.374224
0.02897513 -0.5112725 2.46701
-0.2105312 -0.8374368 2.387748
-0.05609765 -0.8077134 2.480892
-0.2392442 -0.8673745 2.23847
-0.1240234 -0.8808594 2.382813
9
-0.09790659 -0.1907457 2.621864
-0.1727809 -0.1877743 2.568594
-0.02047678 -0.1887283 2.605246
-0.1880807 -0.490538 2.374224
0.02897513 -0.5112725 2.46701
-0.2105312 -0.8374368 2.387748
-0.05609765 -0.8077134 2.480892
-0.2392442 -0.8673745 2.23847
-0.1240234 -0.8808594 2.382813
9
-0.1162489 -0.2428118 2.627613
-0.1896564 -0.2410258 2.570408
-0.0397816 -0.2381318 2.614828
-0.2037762 -0.534972 2.36137
0.05375743 -0.4325965 2.435594
-0.2084952 -0.8388458 2.405088
-0.05265445 -0.7972875 2.476707
-0.2040797 -0.874109 2.253542
-0.07552438 -0.8705953 2.406969
9
-0.1162489 -0.2428118 2.627613
-0.1896564 -0.2410258 2.570408
-0.0397816 -0.2381318 2.614828
-0.2037762 -0.534972 2.36137
0.05375743 -0.4325965 2.435594
-0.2084952 -0.8388458 2.405088
-0.05265445 -0.7972875 2.476707
-0.2040797 -0.874109 2.253542
-0.07552438 -0.8705953 2.406969
9
-0.1209772 -0.2695152 2.626218
-0.1940491 -0.2645305 2.568767
-0.04472601 -0.2674989 2.613796
-0.1611961 -0.4444281 2.316244
0.05951075 -0.4410604 2.427182
-0.2083205 -0.8341299 2.389171
-0.05624634 -0.8089721 2.474365
-0.2110176 -0.8767691 2.2409
-0.09724171 -0.8786652 2.414228
9
-0.126328 -0.3122518 2.627869
-0.2012534 -0.3067416 2.567885
-0.04810954 -0.3095767 2.618063
-0.1581917 -0.4496772 2.307124
0.06555629 -0.4596692 2.41358
-0.2041938 -0.8333179 2.386218
-0.05653059 -0.8155584 2.471225
-0.1936119 -0.8871539 2.243981
-0.0924017 -0.877117 2.33955
9
-0.126328 -0.3122518 2.627869
-0.2012534 -0.3067416 2.567885
-0.04810954 -0.3095767 2.618063
-0.1581917 -0.4496772 2.307124
0.06555629 -0.4596692 2.41358
-0.2041938 -0.8333179 2.386218
-0.05653059 -0.8155584 2.471225
-0.1936119 -0.8871539 2.243981
-0.0924017 -0.877117 2.33955
9
-0.126328 -0.3122518 2.627869
-0.2012534 -0.3067416 2.567885
-0.04810954 -0.3095767 2.618063
-0.1581917 -0.4496772 2.307124
0.06555629 -0.4596692 2.41358
-0.2041938 -0.8333179 2.386218
-0.05653059 -0.8155584 2.471225
-0.1936119 -0.8871539 2.243981
-0.0924017 -0.877117 2.33955
9
-0.1292758 -0.3427306 2.623971
-0.2066473 -0.3331162 2.563995
-0.04821149 -0.3437351 2.614263
-0.150728 -0.4647792 2.284744
0.07359856 -0.4792285 2.396684
-0.2035092 -0.8330007 2.384699
-0.05971227 -0.8234323 2.468222
-0.1934752 -0.8877535 2.24298
-0.08348161 -0.8736287 2.325875
9
-0.1292758 -0.3427306 2.623971
-0.2066473 -0.3331162 2.563995
-0.04821149 -0.3437351 2.614263
-0.150728 -0.4647792 2.284744
0.07359856 -0.4792285 2.396684
-0.2035092 -0.8330007 2.384699
-0.05971227 -0.8234323 2.468222
-0.1934752 -0.8877535 2.24298
-0.08348161 -0.8736287 2.325875
9
-0.1204198 -0.4018252 2.619839
-0.197649 -0.3932641 2.558985
-0.04004348 -0.3997306 2.611215
-0.1409074 -0.4853306 2.263304
0.08402956 -0.4945385 2.377461
-0.2017665 -0.8368241 2.383267
-0.07383213 -0.8357697 2.465679
-0.1862727 -0.8899856 2.241153
-0.1121166 -0.8702895 2.320178
9
-0.1204198 -0.4018252 2.619839
-0.197649 -0.3932641 2.558985
-0.04004348 -0.3997306 2.611215
-0.1409074 -0.4853306 2.263304
0.08402956 -0.4945385 2.377461
-0.2017665 -0.8368241 2.383267
-0.07383213 -0.8357697 2.465679
-0.1862727 -0.8899856 2.241153
-0.1121166 -0.8702895 2.320178
9
-0.1204198 -0.4018252 2.619839
-0.197649 -0.3932641 2.558985
-0.04004348 -0.3997306 2.611215
-0.1409074 -0.4853306 2.263304
0.08402956 -0.4945385 2.377461
-0.2017665 -0.8368241 2.383267
-0.07383213 -0.8357697 2.465679
-0.1862727 -0.8899856 2.241153
-0.1121166 -0.8702895 2.320178
9
-0.1204198 -0.4018252 2.619839
-0.197649 -0.3932641 2.558985
-0.04004348 -0.3997306 2.611215
-0.1409074 -0.4853306 2.263304
0.08402956 -0.4945385 2.377461
-0.2017665 -0.8368241 2.383267
-0.07383213 -0.8357697 2.465679
-0.1862727 -0.8899856 2.241153
-0.1121166 -0.8702895 2.320178
9
-0.1204198 -0.4018252 2.619839
-0.197649 -0.3932641 2.558985
-0.04004348 -0.3997306 2.611215
-0.1409074 -0.4853306 2.263304
0.08402956 -0.4945385 2.377461
-0.2017665 -0.8368241 2.383267
-0.07383213 -0.8357697 2.465679
-0.1862727 -0.8899856 2.241153
-0.1121166 -0.8702895 2.320178
9
-0.1204198 -0.4018252 2.619839
-0.197649 -0.3932641 2.558985
-0.04004348 -0.3997306 2.611215
-0.1409074 -0.4853306 2.263304
0.08402956 -0.4945385 2.377461
-0.2017665 -0.8368241 2.383267
-0.07383213 -0.8357697 2.465679
-0.1862727 -0.8899856 2.241153
-0.1121166 -0.8702895 2.320178
9
-0.1204198 -0.4018252 2.619839
-0.197649 -0.3932641 2.558985
-0.04004348 -0.3997306 2.611215
-0.1409074 -0.4853306 2.263304
0.08402956 -0.4945385 2.377461
-0.2017665 -0.8368241 2.383267
-0.07383213 -0.8357697 2.465679
-0.1862727 -0.8899856 2.241153
-0.1121166 -0.8702895 2.320178
9
-0.1324663 -0.5617079 2.57493
-0.2086395 -0.5470097 2.512815
-0.05281176 -0.5614279 2.568386
-0.1133298 -0.5246442 2.179123
0.09251488 -0.5367469 2.325503
-0.1964296 -0.8425445 2.375196
-0.07662407 -0.8471627 2.45485
-0.1600352 -0.8873473 2.257107
-0.1116955 -0.8832549 2.309072
9
-0.1324663 -0.5617079 2.57493
-0.2086395 -0.5470097 2.512815
-0.05281176 -0.5614279 2.568386
-0.1133298 -0.5246442 2.179123
0.09251488 -0.5367469 2.325503
-0.1964296 -0.8425445 2.375196
-0.07662407 -0.8471627 2.45485
-0.1600352 -0.8873473 2.257107
-0.1116955 -0.8832549 2.309072
9
-0.1331873 -0.5737634 2.572284
-0.2093057 -0.5557376 2.511653
-0.05354848 -0.5770543 2.563933
-0.1131251 -0.5274113 2.176406
0.09278473 -0.5386729 2.323381
-0.196989 -0.841469 2.372558
-0.07411627 -0.8464088 2.447814
-0.1600174 -0.8873148 2.257128
-0.1123644 -0.884577 2.303997
9
-0.1331873 -0.5737634 2.572284
-0.2093057 -0.5557376 2.511653
-0.05354848 -0.5770543 2.563933
-0.1131251 -0.5274113 2.176406
0.09278473 -0.5386729 2.323381
-0.196989 -0.841469 2.372558
-0.07411627 -0.8464088 2.447814
-0.1600174 -0.8873148 2.257128
-0.1123644 -0.884577 2.303997
9
-0.1476152 -0.5975557 2.562831
-0.2229552 -0.5781227 2.501319
-0.06821026 -0.6008955 2.555962
-0.1138575 -0.5406382 2.171598
0.0913749 -0.540754 2.322645
-0.1962901 -0.8475653 2.35983
-0.07397025 -0.8469574 2.447424
-0.1715387 -0.8870988 2.251128
-0.1121678 -0.8774325 2.300501
9
-0.1476152 -0.5975557 2.562831
-0.2229552 -0.5781227 2.501319
-0.06821026 -0.6008955 2.555962
-0.1138575 -0.5406382 2.171598
0.0913749 -0.540754 2.322645
-0.1962901 -0.8475653 2.35983
-0.07397025 -0.8469574 2.447424
-0.1715387 -0.8870988 2.251128
-0.1121678 -0.8774325 2.300501
9
-0.1798758 -0.6163119 2.548059
-0.2519138 -0.5924857 2.489452
-0.1034453 -0.6242293 2.538027
-0.1134033 -0.5455603 2.166245
0.09570235 -0.5446563 2.315625
-0.1957466 -0.849288 2.35821
-0.05505186 -0.8340281 2.432321
-0.1755957 -0.8869085 2.247133
-0.123201 -0.8809116 2.370817
9
-0.1798758 -0.6163119 2.548059
-0.2519138 -0.5924857 2.489452
-0.1034453 -0.6242293 2.538027
-0.1134033 -0.5455603 2.166245
0.09570235 -0.5446563 2.315625
-0.1957466 -0.849288 2.35821
-0.05505186 -0.8340281 2.432321
-0.1755957 -0.8869085 2.247133
-0.123201 -0.8809116 2.370817
9
-0.1813466 -0.6241492 2.543745
-0.2546872 -0.6014552 2.48349
-0.1036669 -0.630447 2.535374
-0.1136696 -0.5491091 2.16109
0.09551246 -0.5459355 2.313523
-0.1986883 -0.8498992 2.35273
-0.05811262 -0.8366368 2.436454
-0.1759654 -0.888366 2.242822
-0.1136955 -0.8841769 2.305172
9
-0.1813466 -0.6241492 2.543745
-0.2546872 -0.6014552 2.48349
-0.1036669 -0.630447 2.535374
-0.1136696 -0.5491091 2.16109
0.09551246 -0.5459355 2.313523
-0.1986883 -0.8498992 2.35273
-0.05811262 -0.8366368 2.436454
-0.1759654 -0.888366 2.242822
-0.1136955 -0.8841769 2.305172
9
-0.1824455 -0.6273938 2.543296
-0.2560729 -0.6050838 2.482879
-0.104343 -0.6330713 2.535206
-0.1139313 -0.5497096 2.158412
0.09549045 -0.5476161 2.312439
-0.1949377 -0.8517866 2.350204
-0.06095976 -0.8384564 2.439456
-0.1749268 -0.8901979 2.239655
-0.1136742 -0.8740022 2.300516
