40
9
0.0817949 -0.2543227 2.109818
-0.00322063 -0.2504104 2.080804
0.1639036 -0.2493714 2.064673
-0.0396362 -0.6359631 2.035402
0.1920144 -0.6393434 2.005307
-0.03929878 -0.9963166 2.140483
0.2050964 -1.002749 2.102928
-0.05187771 -1.073638 2.082504
0.1940159 -1.032574 1.965956
9
0.0817949 -0.2543227 2.109818
-0.00322063 -0.2504104 2.080804
0.1639036 -0.2493714 2.064673
-0.0396362 -0.6359631 2.035402
0.1920144 -0.6393434 2.005307
-0.03929878 -0.9963166 2.140483
0.2050964 -1.002749 2.102928
-0.05187771 -1.073638 2.082504
0.1940159 -1.032574 1.965956
9
0.08122795 -0.2744239 2.112372
-0.004323468 -0.2691214 2.08278
0.1639606 -0.2701421 2.067916
-0.0452373 -0.6410093 2.018084
0.192113 -0.6388346 1.992058
-0.03959873 -1.003197 2.137393
0.2046459 -1.004816 2.097719
-0.04492787 -1.07977 2.074668
0.1942634 -1.035339 1.961024
9
0.08122795 -0.2744239 2.112372
-0.004323468 -0.2691214 2.08278
0.1639606 -0.2701421 2.067916
-0.0452373 -0.6410093 2.018084
0.192113 -0.6388346 1.992058
-0.03959873 -1.003197 2.137393
0.2046459 -1.004816 2.097719
-0.04492787 -1.07977 2.074668
0.1942634 -1.035339 1.961024
9
0.08004067 -0.2988002 2.116127
-0.006461908 -0.2916246 2.086193
0.1638256 -0.2956081 2.072118
-0.05075064 -0.6406096 2.000991
0.1940972 -0.643437 1.976574
-0.0409041 -1.003573 2.123429
0.2039718 -1.007176 2.090723
-0.04729994 -1.035071 1.986858
0.1937555 -1.038489 1.954389
9
0.08004067 -0.2988002 2.116127
-0.006461908 -0.2916246 2.086193
0.1638256 -0.2956081 2.072118
-0.05075064 -0.6406096 2.000991
0.1940972 -0.643437 1.976574
-0.0409041 -1.003573 2.123429
0.2039718 -1.007176 2.090723
-0.04729994 -1.035071 1.986858
0.1937555 -1.038489 1.954389
9
0.07671988 -0.3259858 2.119181
-0.01054742 -0.3183841 2.089725
0.1613431 -0.3222281 2.0748
-0.05765687 -0.6524233 1.981708
0.1978173 -0.6519933 1.957537
-0.04069464 -1.004067 2.121178
0.2043736 -1.008335 2.084774
-0.04658392 -1.036349 1.984907
0.1946537 -1.0404 1.948757
9
0.07671988 -0.3259858 2.119181
-0.01054742 -0.3183841 2.089725
0.1613431 -0.3222281 2.0748
-0.05765687 -0.6524233 1.981708
0.1978173 -0.6519933 1.957537
-0.04069464 -1.004067 2.121178
0.2043736 -1.008335 2.084774
-0.04658392 -1.036349 1.984907
0.1946537 -1.0404 1.948757
9
0.07561947 -0.3583491 2.123954
-0.01180313 -0.3511823 2.094244
0.160431 -0.3531081 2.079981
-0.06189688 -0.6757408 1.963989
0.2014296 -0.6754447 1.939101
-0.04120916 -1.005295 2.11457
0.2066254 -1.008569 2.079805
-0.04650119 -1.038805 1.978848
0.1974523 -1.041886 1.94433
9
0.07561947 -0.3583491 2.123954
-0.01180313 -0.3511823 2.094244
0.160431 -0.3531081 2.079981
-0.06189688 -0.6757408 1.963989
0.2014296 -0.6754447 1.939101
-0.04120916 -1.005295 2.11457
0.2066254 -1.008569 2.079805
-0.04650119 -1.038805 1.978848
0.1974523 -1.041886 1.94433
9
0.07561947 -0.3583491 2.123954
-0.01180313 -0.3511823 2.094244
0.160431 -0.3531081 2.079981
-0.06189688 -0.6757408 1.963989
0.2014296 -0.6754447 1.939101
-0.04120916 -1.005295 2.11457
0.2066254 -1.008569 2.079805
-0.04650119 -1.038805 1.978848
0.1974523 -1.041886 1.94433
9
0.07561947 -0.3583491 2.123954
-0.01180313 -0.3511823 2.094244
0.160431 -0.3531081 2.079981
-0.06189688 -0.6757408 1.963989
0.2014296 -0.6754447 1.939101
-0.04120916 -1.005295 2.11457
0.2066254 -1.008569 2.079805
-0.04650119 -1.038805 1.978848
0.1974523 -1.041886 1.94433
9
0.07561947 -0.3583491 2.123954
-0.01180313 -0.3511823 2.094244
0.160431 -0.3531081 2.079981
-0.06189688 -0.6757408 1.963989
0.2014296 -0.6754447 1.939101
-0.04120916 -1.005295 2.11457
0.2066254 -1.008569 2.079805
-0.04650119 -1.038805 1.978848
0.1974523 -1.041886 1.94433
9
0.07561947 -0.3583491 2.123954
-0.01180313 -0.3511823 2.094244
0.160431 -0.3531081 2.079981
-0.06189688 -0.6757408 1.963989
0.2014296 -0.6754447 1.939101
-0.04120916 -1.005295 2.11457
0.2066254 -1.008569 2.079805
-0.04650119 -1.038805 1.978848
0.1974523 -1.041886 1.94433
9
0.07561947 -0.3583491 2.123954
-0.01180313 -0.3511823 2.094244
0.160431 -0.3531081 2.079981
-0.06189688 -0.6757408 1.963989
0.2014296 -0.6754447 1.939101
-0.04120916 -1.005295 2.11457
0.2066254 -1.008569 2.079805
-0.04650119 -1.038805 1.978848
0.1974523 -1.041886 1.94433
9
0.07561947 -0.3583491 2.123954
-0.01180313 -0.3511823 2.094244
0.160431 -0.3531081 2.079981
-0.06189688 -0.6757408 1.963989
0.2014296 -0.6754447 1.939101
-0.04120916 -1.005295 2.11457
0.2066254 -1.008569 2.079805
-0.04650119 -1.038805 1.978848
0.1974523 -1.041886 1.94433
9
0.07619597 -0.5046875 2.11749
-0.01317951 -0.4956597 2.088419
0.1629701 -0.496392 2.073878
-0.08121981 -0.7731019 1.866302
0.2189324 -0.7687067 1.841123
-0.003036015 -1.036624 2.099039
0.2027028 -1.020059 2.06143
-0.09100091 -1.055197 2.044726
0.2401919 -1.091896 2.023017
9
0.07619597 -0.5046875 2.11749
-0.01317951 -0.4956597 2.088419
0.1629701 -0.496392 2.073878
-0.08121981 -0.7731019 1.866302
0.2189324 -0.7687067 1.841123
-0.003036015 -1.036624 2.099039
0.2027028 -1.020059 2.06143
-0.09100091 -1.055197 2.044726
0.2401919 -1.091896 2.023017
9
0.07768817 -0.5417809 2.158643
-0.01123013 -0.5327194 2.129099
0.1640103 -0.5326555 2.115722
-0.08251062 -0.7677578 1.856035
0.2194996 -0.7606537 1.832314
0.01944976 -1.060127 2.099026
0.1957726 -1.021679 2.049125
-0.1043612 -1.058267 2.085932
0.2524492 -1.081675 2.010402
9
0.07768817 -0.5417809 2.158643
-0.01123013 -0.5327194 2.129099
0.1640103 -0.5326555 2.115722
-0.08251062 -0.7677578 1.856035
0.2194996 -0.7606537 1.832314
0.01944976 -1.060127 2.099026
0.1957726 -1.021679 2.049125
-0.1043612 -1.058267 2.085932
0.2524492 -1.081675 2.010402
9
0.07558068 -0.5869856 2.160336
-0.01267094 -0.5770034 2.133142
0.1613209 -0.5775011 2.115431
-0.1083739 -0.7163478 1.799649
0.2401564 -0.7145247 1.776648
-0.04648024 -1.022007 2.063859
0.2129441 -1.050379 1.982543
-0.1056761 -1.082207 2.03125
0.2065156 -1.090126 1.851461
9
0.07558068 -0.5869856 2.160336
-0.01267094 -0.5770034 2.133142
0.1613209 -0.5775011 2.115431
-0.1083739 -0.7163478 1.799649
0.2401564 -0.7145247 1.776648
-0.04648024 -1.022007 2.063859
0.2129441 -1.050379 1.982543
-0.1056761 -1.082207 2.03125
0.2065156 -1.090126 1.851461
9
0.07615714 -0.6145545 2.154346
-0.01179515 -0.6053296 2.126462
0.1615977 -0.6032761 2.110368
-0.1147763 -0.7214636 1.78549
0.2436472 -0.7177288 1.763187
-0.05373243 -1.021449 2.038115
0.2199172 -1.052094 1.971609
-0.1140996 -1.078433 2.023082
0.2138764 -1.091632 1.840471
9
0.07615714 -0.6145545 2.154346
-0.01179515 -0.6053296 2.126462
0.1615977 -0.6032761 2.110368
-0.1147763 -0.7214636 1.78549
0.2436472 -0.7177288 1.763187
-0.05373243 -1.021449 2.038115
0.2199172 -1.052094 1.971609
-0.1140996 -1.078433 2.023082
0.2138764 -1.091632 1.840471
9
0.07615714 -0.6145545 2.154346
-0.01179515 -0.6053296 2.126462
0.1615977 -0.6032761 2.110368
-0.1147763 -0.7214636 1.78549
0.2436472 -0.7177288 1.763187
-0.05373243 -1.021449 2.038115
0.2199172 -1.052094 1.971609
-0.1140996 -1.078433 2.023082
0.2138764 -1.091632 1.840471
9
0.07615714 -0.6145545 2.154346
-0.01179515 -0.6053296 2.126462
0.1615977 -0.6032761 2.110368
-0.1147763 -0.7214636 1.78549
0.2436472 -0.7177288 1.763187
-0.05373243 -1.021449 2.038115
0.2199172 -1.052094 1.971609
-0.1140996 -1.078433 2.023082
0.2138764 -1.091632 1.840471
9
0.07502077 -0.6924457 2.142317
-0.01204615 -0.6827412 2.11469
0.1596155 -0.6791739 2.098859
-0.138122 -0.7496314 1.767295
0.2494279 -0.7261875 1.736173
-0.06439596 -1.038777 2.045909
0.2024209 -1.0307 2.044559
-0.1274072 -1.095162 2.018156
0.2695563 -1.079234 1.995563
9
0.07502077 -0.6924457 2.142317
-0.01204615 -0.6827412 2.11469
0.1596155 -0.6791739 2.098859
-0.138122 -0.7496314 1.767295
0.2494279 -0.7261875 1.736173
-0.06439596 -1.038777 2.045909
0.2024209 -1.0307 2.044559
-0.1274072 -1.095162 2.018156
0.2695563 -1.079234 1.995563
9
0.07402744 -0.7061389 2.141989
-0.01348553 -0.6961749 2.114384
0.159105 -0.6927291 2.098643
-0.1395246 -0.7502373 1.764328
0.249466 -0.7316552 1.734958
-0.06581353 -1.039997 2.04673
0.2023865 -1.034253 2.042116
-0.127235 -1.097885 2.01331
0.2672264 -1.079982 1.979018
9
0.07402744 -0.7061389 2.141989
-0.01348553 -0.6961749 2.114384
0.159105 -0.6927291 2.098643
-0.1395246 -0.7502373 1.764328
0.249466 -0.7316552 1.734958
-0.06581353 -1.039997 2.04673
0.2023865 -1.034253 2.042116
-0.127235 -1.097885 2.01331
0.2672264 -1.079982 1.979018
9
0.07207108 -0.7417874 2.138026
-0.01522126 -0.7317123 2.110189
0.1570034 -0.7273716 2.095276
-0.1456234 -0.7502022 1.75726
0.2505256 -0.7281656 1.729559
-0.07261026 -1.048212 2.04457
0.2090924 -1.040431 2.041232
-0.12249 -1.113629 2.022588
0.265973 -1.0847 1.962817
9
0.07207108 -0.7417874 2.138026
-0.01522126 -0.7317123 2.110189
0.1570034 -0.7273716 2.095276
-0.1456234 -0.7502022 1.75726
0.2505256 -0.7281656 1.729559
-0.07261026 -1.048212 2.04457
0.2090924 -1.040431 2.041232
-0.12249 -1.113629 2.022588
0.265973 -1.0847 1.962817
9
0.07212552 -0.7592756 2.134377
-0.01582393 -0.7501348 2.106516
0.157672 -0.7434402 2.091841
-0.1511081 -0.7610729 1.755223
0.2502594 -0.7304111 1.725939
-0.0721289 -1.052567 2.04322
0.2094234 -1.041956 2.038868
-0.07382073 -1.091575 1.911101
0.2670348 -1.081967 1.956264
9
0.07212552 -0.7592756 2.134377
-0.01582393 -0.7501348 2.106516
0.157672 -0.7434402 2.091841
-0.1511081 -0.7610729 1.755223
0.2502594 -0.7304111 1.725939
-0.0721289 -1.052567 2.04322
0.2094234 -1.041956 2.038868
-0.07382073 -1.091575 1.911101
0.2670348 -1.081967 1.956264
9
0.06926568 -0.781462 2.130004
-0.01782001 -0.7714326 2.10281
0.1540525 -0.7657741 2.087042
-0.156013 -0.7662107 1.752265
0.2521772 -0.7349365 1.723484
-0.07123489 -1.064066 2.048487
0.2382638 -1.05614 2.014485
-0.07342352 -1.102357 1.916036
0.2907566 -1.113701 1.95506
9
0.06926568 -0.781462 2.130004
-0.01782001 -0.7714326 2.10281
0.1540525 -0.7657741 2.087042
-0.156013 -0.7662107 1.752265
0.2521772 -0.7349365 1.723484
-0.07123489 -1.064066 2.048487
0.2382638 -1.05614 2.014485
-0.07342352 -1.102357 1.916036
0.2907566 -1.113701 1.95506
9
0.06926568 -0.781462 2.130004
-0.01782001 -0.7714326 2.10281
0.1540525 -0.7657741 2.087042
-0.156013 -0.7662107 1.752265
0.2521772 -0.7349365 1.723484
-0.07123489 -1.064066 2.048487
0.2382638 -1.05614 2.014485
-0.07342352 -1.102357 1.916036
0.2907566 -1.113701 1.95506
9
0.06926568 -0.781462 2.130004
-0.01782001 -0.7714326 2.10281
0.1540525 -0.7657741 2.087042
-0.156013 -0.7662107 1.752265
0.2521772 -0.7349365 1.723484
-0.07123489 -1.064066 2.048487
0.2382638 -1.05614 2.014485
-0.07342352 -1.102357 1.916036
0.2907566 -1.113701 1.95506
9
0.06817483 -0.810276 2.122216
-0.01966087 -0.8016446 2.095226
0.153735 -0.7923301 2.079416
-0.1627255 -0.770474 1.747652
0.260798 -0.7412677 1.720629
-0.07421347 -1.069027 2.046907
0.2784993 -1.058065 1.95306
-0.07738747 -1.105731 1.913735
0.2696284 -1.094408 1.820379
9
0.06817483 -0.810276 2.122216
-0.01966087 -0.8016446 2.095226
0.153735 -0.7923301 2.079416
-0.1627255 -0.770474 1.747652
0.260798 -0.7412677 1.720629
-0.07421347 -1.069027 2.046907
0.2784993 -1.058065 1.95306
-0.07738747 -1.105731 1.913735
0.2696284 -1.094408 1.820379
