40
9
-0.09733739 -0.1590488 2.109872
-0.1762457 -0.1582353 2.081583
-0.01520258 -0.1546359 2.068042
-0.2309873 -0.4838485 1.956262
0.008418496 -0.4689393 1.896791
-0.2156051 -0.8579063 2.023823
0.0123424 -0.7994663 1.976389
-0.2779419 -0.9013562 1.921118
0.01020472 -0.8671031 1.864245
9
-0.09733739 -0.1590488 2.109872
-0.1762457 -0.1582353 2.081583
-0.01520258 -0.1546359 2.068042
-0.2309873 -0.4838485 1.956262
0.008418496 -0.4689393 1.896791
-0.2156051 -0.8579063 2.023823
0.0123424 -0.7994663 1.976389
-0.2779419 -0.9013562 1.921118
0.01020472 -0.8671031 1.864245
9
-0.09977771 -0.1945748 2.152281
-0.1774412 -0.1920725 2.123399
-0.01883758 -0.1907462 2.111135
-0.2341073 -0.496023 1.941878
0.007599688 -0.4734161 1.883898
-0.2140892 -0.8585568 2.023782
0.01158223 -0.8026003 1.973773
-0.2793747 -0.9011922 1.921081
0.006673858 -0.8707105 1.860842
9
-0.09977771 -0.1945748 2.152281
-0.1774412 -0.1920725 2.123399
-0.01883758 -0.1907462 2.111135
-0.2341073 -0.496023 1.941878
0.007599688 -0.4734161 1.883898
-0.2140892 -0.8585568 2.023782
0.01158223 -0.8026003 1.973773
-0.2793747 -0.9011922 1.921081
0.006673858 -0.8707105 1.860842
9
-0.09401728 -0.2320967 2.164468
-0.1729902 -0.2301867 2.136869
-0.01200693 -0.2265882 2.122195
-0.2520766 -0.401223 1.906634
0.005968878 -0.4163314 1.84925
-0.2110832 -0.8037564 2.01484
0.01241902 -0.8033377 1.972835
-0.2290601 -0.8781751 1.893474
0.01057794 -0.8715999 1.85792
9
-0.09401728 -0.2320967 2.164468
-0.1729902 -0.2301867 2.136869
-0.01200693 -0.2265882 2.122195
-0.2520766 -0.401223 1.906634
0.005968878 -0.4163314 1.84925
-0.2110832 -0.8037564 2.01484
0.01241902 -0.8033377 1.972835
-0.2290601 -0.8781751 1.893474
0.01057794 -0.8715999 1.85792
9
-0.09363268 -0.259569 2.165549
-0.1732669 -0.2568574 2.138135
-0.01094727 -0.2538934 2.123148
-0.2563202 -0.4067159 1.894929
0.00638315 -0.4218054 1.842266
-0.2114321 -0.8054277 2.013561
0.01221606 -0.8049173 1.969879
-0.255043 -0.8779208 1.900527
0.0062197 -0.8739074 1.853466
9
-0.09363268 -0.259569 2.165549
-0.1732669 -0.2568574 2.138135
-0.01094727 -0.2538934 2.123148
-0.2563202 -0.4067159 1.894929
0.00638315 -0.4218054 1.842266
-0.2114321 -0.8054277 2.013561
0.01221606 -0.8049173 1.969879
-0.255043 -0.8779208 1.900527
0.0062197 -0.8739074 1.853466
9
-0.08793268 -0.3045245 2.165619
-0.1676794 -0.3024536 2.138569
-0.005324161 -0.2968383 2.123032
-0.2636872 -0.4419996 1.870238
0.006866502 -0.4398047 1.826923
-0.2120262 -0.8297115 2.015084
0.01220716 -0.8074377 1.967356
-0.2632759 -0.8881202 1.894097
0.004043059 -0.8749788 1.850878
9
-0.08793268 -0.3045245 2.165619
-0.1676794 -0.3024536 2.138569
-0.005324161 -0.2968383 2.123032
-0.2636872 -0.4419996 1.870238
0.006866502 -0.4398047 1.826923
-0.2120262 -0.8297115 2.015084
0.01220716 -0.8074377 1.967356
-0.2632759 -0.8881202 1.894097
0.004043059 -0.8749788 1.850878
9
-0.08660417 -0.3388186 2.164588
-0.1669559 -0.3367372 2.137378
-0.003448167 -0.3300166 2.122309
-0.2648831 -0.4525361 1.862768
0.00428777 -0.4529284 1.815835
-0.2125322 -0.8378975 2.012717
0.01234139 -0.8133215 1.963665
-0.2696896 -0.8913267 1.89184
0.001314578 -0.8762872 1.846226
9
-0.08660417 -0.3388186 2.164588
-0.1669559 -0.3367372 2.137378
-0.003448167 -0.3300166 2.122309
-0.2648831 -0.4525361 1.862768
0.00428777 -0.4529284 1.815835
-0.2125322 -0.8378975 2.012717
0.01234139 -0.8133215 1.963665
-0.2696896 -0.8913267 1.89184
0.001314578 -0.8762872 1.846226
9
-0.08953802 -0.3876501 2.158736
-0.1702089 -0.382152 2.132861
-0.005933814 -0.3808223 2.115324
-0.2664353 -0.4794734 1.84517
0.0004935059 -0.4652026 1.805095
-0.2137226 -0.8562614 2.012621
0.01198121 -0.8158513 1.960078
-0.2806652 -0.8950001 1.889456
-0.05466473 -0.8770851 1.850186
9
-0.08953802 -0.3876501 2.158736
-0.1702089 -0.382152 2.132861
-0.005933814 -0.3808223 2.115324
-0.2664353 -0.4794734 1.84517
0.0004935059 -0.4652026 1.805095
-0.2137226 -0.8562614 2.012621
0.01198121 -0.8158513 1.960078
-0.2806652 -0.8950001 1.889456
-0.05466473 -0.8770851 1.850186
9
-0.08953802 -0.3876501 2.158736
-0.1702089 -0.382152 2.132861
-0.005933814 -0.3808223 2.115324
-0.2664353 -0.4794734 1.84517
0.0004935059 -0.4652026 1.805095
-0.2137226 -0.8562614 2.012621
0.01198121 -0.8158513 1.960078
-0.2806652 -0.8950001 1.889456
-0.05466473 -0.8770851 1.850186
9
-0.08953802 -0.3876501 2.158736
-0.1702089 -0.382152 2.132861
-0.005933814 -0.3808223 2.115324
-0.2664353 -0.4794734 1.84517
0.0004935059 -0.4652026 1.805095
-0.2137226 -0.8562614 2.012621
0.01198121 -0.8158513 1.960078
-0.2806652 -0.8950001 1.889456
-0.05466473 -0.8770851 1.850186
9
-0.09189287 -0.4616047 2.151893
-0.1747311 -0.4569507 2.124561
-0.00608345 -0.4515069 2.110459
-0.2727364 -0.5005187 1.822096
-0.008732354 -0.4849988 1.779364
-0.2154167 -0.8623201 2.008527
0.01064646 -0.8257062 1.947509
-0.2875338 -0.8945634 1.886137
-0.04689571 -0.8821415 1.836707
9
-0.09189287 -0.4616047 2.151893
-0.1747311 -0.4569507 2.124561
-0.00608345 -0.4515069 2.110459
-0.2727364 -0.5005187 1.822096
-0.008732354 -0.4849988 1.779364
-0.2154167 -0.8623201 2.008527
0.01064646 -0.8257062 1.947509
-0.2875338 -0.8945634 1.886137
-0.04689571 -0.8821415 1.836707
9
-0.09602419 -0.4915898 2.143116
-0.1794913 -0.4853896 2.116406
-0.009425572 -0.4821098 2.101259
-0.274003 -0.5078601 1.81368
-0.01041417 -0.4873714 1.77443
-0.2119138 -0.8652176 2.008917
0.01140041 -0.8266252 1.946876
-0.2839727 -0.8941325 1.884865
-0.04667873 -0.8826357 1.827636
9
-0.09602419 -0.4915898 2.143116
-0.1794913 -0.4853896 2.116406
-0.009425572 -0.4821098 2.101259
-0.274003 -0.5078601 1.81368
-0.01041417 -0.4873714 1.77443
-0.2119138 -0.8652176 2.008917
0.01140041 -0.8266252 1.946876
-0.2839727 -0.8941325 1.884865
-0.04667873 -0.8826357 1.827636
9
-0.09693712 -0.5302327 2.133959
-0.1799917 -0.5249385 2.106613
-0.01072529 -0.5185758 2.093033
-0.2755604 -0.5168744 1.79606
-0.01428801 -0.4926453 1.766514
-0.208911 -0.8639895 2.003813
0.01457444 -0.8268915 1.942661
-0.2871131 -0.89201 1.884657
-0.04751674 -0.8826743 1.825392
9
-0.09693712 -0.5302327 2.133959
-0.1799917 -0.5249385 2.106613
-0.01072529 -0.5185758 2.093033
-0.2755604 -0.5168744 1.79606
-0.01428801 -0.4926453 1.766514
-0.208911 -0.8639895 2.003813
0.01457444 -0.8268915 1.942661
-0.2871131 -0.89201 1.884657
-0.04751674 -0.8826743 1.825392
9
-0.09768568 -0.5569919 2.129364
-0.1801564 -0.5502343 2.103078
-0.01207775 -0.5460044 2.087567
-0.2779224 -0.5234569 1.783744
-0.01803605 -0.497173 1.755282
-0.2079249 -0.8661317 1.993597
0.01721185 -0.8276808 1.938734
-0.2279667 -0.8901438 1.843486
-0.04498326 -0.8818641 1.823895
9
-0.09768568 -0.5569919 2.129364
-0.1801564 -0.5502343 2.103078
-0.01207775 -0.5460044 2.087567
-0.2779224 -0.5234569 1.783744
-0.01803605 -0.497173 1.755282
-0.2079249 -0.8661317 1.993597
0.01721185 -0.8276808 1.938734
-0.2279667 -0.8901438 1.843486
-0.04498326 -0.8818641 1.823895
9
-0.05520422 -0.5876541 2.121411
-0.1360005 -0.5857443 2.09743
0.02407861 -0.5686947 2.078424
-0.2803623 -0.5319566 1.768618
-0.02137767 -0.5032097 1.749788
-0.2084017 -0.8725035 1.978085
0.01680784 -0.8284907 1.937559
-0.2317918 -0.8922838 1.827547
-0.04654039 -0.8814079 1.819518
9
-0.05520422 -0.5876541 2.121411
-0.1360005 -0.5857443 2.09743
0.02407861 -0.5686947 2.078424
-0.2803623 -0.5319566 1.768618
-0.02137767 -0.5032097 1.749788
-0.2084017 -0.8725035 1.978085
0.01680784 -0.8284907 1.937559
-0.2317918 -0.8922838 1.827547
-0.04654039 -0.8814079 1.819518
9
-0.05520422 -0.5876541 2.121411
-0.1360005 -0.5857443 2.09743
0.02407861 -0.5686947 2.078424
-0.2803623 -0.5319566 1.768618
-0.02137767 -0.5032097 1.749788
-0.2084017 -0.8725035 1.978085
0.01680784 -0.8284907 1.937559
-0.2317918 -0.8922838 1.827547
-0.04654039 -0.8814079 1.819518
9
-0.05520422 -0.5876541 2.121411
-0.1360005 -0.5857443 2.09743
0.02407861 -0.5686947 2.078424
-0.2803623 -0.5319566 1.768618
-0.02137767 -0.5032097 1.749788
-0.2084017 -0.8725035 1.978085
0.01680784 -0.8284907 1.937559
-0.2317918 -0.8922838 1.827547
-0.04654039 -0.8814079 1.819518
9
-0.05861949 -0.6117566 2.115559
-0.1400074 -0.6089765 2.091911
0.02365719 -0.5958126 2.071496
-0.2846973 -0.5358608 1.761018
-0.0285521 -0.5097359 1.741501
-0.2120498 -0.8757828 1.970285
0.01616989 -0.8285623 1.936525
-0.2440085 -0.8946667 1.821828
0.000507766 -0.8717735 1.817424
9
-0.05861949 -0.6117566 2.115559
-0.1400074 -0.6089765 2.091911
0.02365719 -0.5958126 2.071496
-0.2846973 -0.5358608 1.761018
-0.0285521 -0.5097359 1.741501
-0.2120498 -0.8757828 1.970285
0.01616989 -0.8285623 1.936525
-0.2440085 -0.8946667 1.821828
0.000507766 -0.8717735 1.817424
9
-0.05950657 -0.6160572 2.116937
-0.1408146 -0.6132733 2.093562
0.02305742 -0.5995319 2.072609
-0.2849325 -0.5359319 1.760278
-0.02973837 -0.5093335 1.739826
-0.2122044 -0.875773 1.969426
0.01585307 -0.8287351 1.935821
-0.2422481 -0.8938068 1.820181
-0.01554122 -0.873075 1.812881
9
-0.05950657 -0.6160572 2.116937
-0.1408146 -0.6132733 2.093562
0.02305742 -0.5995319 2.072609
-0.2849325 -0.5359319 1.760278
-0.02973837 -0.5093335 1.739826
-0.2122044 -0.875773 1.969426
0.01585307 -0.8287351 1.935821
-0.2422481 -0.8938068 1.820181
-0.01554122 -0.873075 1.812881
9
-0.05950657 -0.6160572 2.116937
-0.1408146 -0.6132733 2.093562
0.02305742 -0.5995319 2.072609
-0.2849325 -0.5359319 1.760278
-0.02973837 -0.5093335 1.739826
-0.2122044 -0.875773 1.969426
0.01585307 -0.8287351 1.935821
-0.2422481 -0.8938068 1.820181
-0.01554122 -0.873075 1.812881
9
-0.05950657 -0.6160572 2.116937
-0.1408146 -0.6132733 2.093562
0.02305742 -0.5995319 2.072609
-0.2849325 -0.5359319 1.760278
-0.02973837 -0.5093335 1.739826
-0.2122044 -0.875773 1.969426
0.01585307 -0.8287351 1.935821
-0.2422481 -0.8938068 1.820181
-0.01554122 -0.873075 1.812881
9
-0.06219444 -0.6267971 2.109185
-0.1427328 -0.6229405 2.088755
0.01996172 -0.6108082 2.061596
-0.2847103 -0.5356314 1.759655
-0.03310007 -0.5050949 1.734699
-0.2118685 -0.8753579 1.968655
0.01590706 -0.8287442 1.93573
-0.240216 -0.8937183 1.819029
-0.03568482 -0.8781137 1.810106
9
-0.06219444 -0.6267971 2.109185
-0.1427328 -0.6229405 2.088755
0.01996172 -0.6108082 2.061596
-0.2847103 -0.5356314 1.759655
-0.03310007 -0.5050949 1.734699
-0.2118685 -0.8753579 1.968655
0.01590706 -0.8287442 1.93573
-0.240216 -0.8937183 1.819029
-0.03568482 -0.8781137 1.810106
9
-0.06219444 -0.6267971 2.109185
-0.1427328 -0.6229405 2.088755
0.01996172 -0.6108082 2.061596
-0.2847103 -0.5356314 1.759655
-0.03310007 -0.5050949 1.734699
-0.2118685 -0.8753579 1.968655
0.01590706 -0.8287442 1.93573
-0.240216 -0.8937183 1.819029
-0.03568482 -0.8781137 1.810106
9
-0.06219444 -0.6267971 2.109185
-0.1427328 -0.6229405 2.088755
0.01996172 -0.6108082 2.061596
-0.2847103 -0.5356314 1.759655
-0.03310007 -0.5050949 1.734699
-0.2118685 -0.8753579 1.968655
0.01590706 -0.8287442 1.93573
-0.240216 -0.8937183 1.819029
-0.03568482 -0.8781137 1.810106
9
-0.06219444 -0.6267971 2.109185
-0.1427328 -0.6229405 2.088755
0.01996172 -0.6108082 2.061596
-0.2847103 -0.5356314 1.759655
-0.03310007 -0.5050949 1.734699
-0.2118685 -0.8753579 1.968655
0.01590706 -0.8287442 1.93573
-0.240216 -0.8937183 1.819029
-0.03568482 -0.8781137 1.810106
9
-0.063214 -0.6234262 2.109074
-0.1433726 -0.6200166 2.088536
0.01865686 -0.6069748 2.061743
-0.2801329 -0.5326015 1.758829
-0.03563945 -0.5007556 1.734901
-0.2069639 -0.872076 1.967676
0.01619197 -0.8288877 1.933822
-0.3015732 -0.893293 1.863927
-0.03805747 -0.8778001 1.812864
