40
9
-0.05792091 -0.4809939 2.26371
-0.1251585 -0.4793749 2.265633
0.01128807 -0.4670661 2.188605
-0.2486062 -0.7727536 2.130577
-0.03843911 -0.7379321 1.960426
-0.1233877 -1.028058 2.190032
0.02370045 -1.01662 2.063788
-0.2038335 -1.072671 2.151052
0.01224313 -1.088063 1.979774
9
-0.04543299 -0.5230564 2.258397
-0.113337 -0.5262759 2.255515
0.02402208 -0.5037345 2.187809
-0.3259245 -0.7453595 2.082401
-0.07552022 -0.6912828 1.890277
-0.1285812 -1.027765 2.186242
0.01787073 -1.014234 2.056013
-0.2070374 -1.075182 2.153028
0.0151583 -1.090892 1.980828
9
-0.04543299 -0.5230564 2.258397
-0.113337 -0.5262759 2.255515
0.02402208 -0.5037345 2.187809
-0.3259245 -0.7453595 2.082401
-0.07552022 -0.6912828 1.890277
-0.1285812 -1.027765 2.186242
0.01787073 -1.014234 2.056013
-0.2070374 -1.075182 2.153028
0.0151583 -1.090892 1.980828
9
-0.04543299 -0.5230564 2.258397
-0.113337 -0.5262759 2.255515
0.02402208 -0.5037345 2.187809
-0.3259245 -0.7453595 2.082401
-0.07552022 -0.6912828 1.890277
-0.1285812 -1.027765 2.186242
0.01787073 -1.014234 2.056013
-0.2070374 -1.075182 2.153028
0.0151583 -1.090892 1.980828
9
-0.04543299 -0.5230564 2.258397
-0.113337 -0.5262759 2.255515
0.02402208 -0.5037345 2.187809
-0.3259245 -0.7453595 2.082401
-0.07552022 -0.6912828 1.890277
-0.1285812 -1.027765 2.186242
0.01787073 -1.014234 2.056013
-0.2070374 -1.075182 2.153028
0.0151583 -1.090892 1.980828
9
-0.04543299 -0.5230564 2.258397
-0.113337 -0.5262759 2.255515
0.02402208 -0.5037345 2.187809
-0.3259245 -0.7453595 2.082401
-0.07552022 -0.6912828 1.890277
-0.1285812 -1.027765 2.186242
0.01787073 -1.014234 2.056013
-0.2070374 -1.075182 2.153028
0.0151583 -1.090892 1.980828
9
-0.04543299 -0.5230564 2.258397
-0.113337 -0.5262759 2.255515
0.02402208 -0.5037345 2.187809
-0.3259245 -0.7453595 2.082401
-0.07552022 -0.6912828 1.890277
-0.1285812 -1.027765 2.186242
0.01787073 -1.014234 2.056013
-0.2070374 -1.075182 2.153028
0.0151583 -1.090892 1.980828
9
-0.06093726 -0.6376331 2.24069
-0.1315767 -0.6358551 2.23856
0.01175173 -0.6189367 2.170866
-0.3915276 -0.7652391 2.034039
-0.09546337 -0.7206113 1.832076
-0.1669687 -1.049865 2.173998
0.01885953 -1.033713 2.049747
-0.2471158 -1.077543 2.182417
0.009685943 -1.10066 1.958948
9
-0.06093726 -0.6376331 2.24069
-0.1315767 -0.6358551 2.23856
0.01175173 -0.6189367 2.170866
-0.3915276 -0.7652391 2.034039
-0.09546337 -0.7206113 1.832076
-0.1669687 -1.049865 2.173998
0.01885953 -1.033713 2.049747
-0.2471158 -1.077543 2.182417
0.009685943 -1.10066 1.958948
9
-0.06449652 -0.6600782 2.238273
-0.1353658 -0.657418 2.237442
0.00853415 -0.6416578 2.167312
-0.3976928 -0.7762436 2.028419
-0.1012756 -0.7234154 1.823127
-0.1663106 -1.052144 2.171865
0.01890872 -1.034254 2.047118
-0.2518372 -1.082061 2.115139
-7.847883E-05 -1.101848 1.959714
9
-0.06449652 -0.6600782 2.238273
-0.1353658 -0.657418 2.237442
0.00853415 -0.6416578 2.167312
-0.3976928 -0.7762436 2.028419
-0.1012756 -0.7234154 1.823127
-0.1663106 -1.052144 2.171865
0.01890872 -1.034254 2.047118
-0.2518372 -1.082061 2.115139
-7.847883E-05 -1.101848 1.959714
9
-0.06449652 -0.6600782 2.238273
-0.1353658 -0.657418 2.237442
0.00853415 -0.6416578 2.167312
-0.3976928 -0.7762436 2.028419
-0.1012756 -0.7234154 1.823127
-0.1663106 -1.052144 2.171865
0.01890872 -1.034254 2.047118
-0.2518372 -1.082061 2.115139
-7.847883E-05 -1.101848 1.959714
9
-0.06449652 -0.6600782 2.238273
-0.1353658 -0.657418 2.237442
0.00853415 -0.6416578 2.167312
-0.3976928 -0.7762436 2.028419
-0.1012756 -0.7234154 1.823127
-0.1663106 -1.052144 2.171865
0.01890872 -1.034254 2.047118
-0.2518372 -1.082061 2.115139
-7.847883E-05 -1.101848 1.959714
9
-0.07920969 -0.7357324 2.22092
-0.1522467 -0.7306281 2.224443
-0.003532816 -0.7173238 2.146393
-0.4303761 -0.7713494 2.001053
-0.1164549 -0.7472505 1.793347
-0.1711464 -1.069345 2.16354
0.02383217 -1.038437 2.046063
-0.2683169 -1.074307 2.136074
-0.04287291 -1.070944 1.953384
9
-0.07920969 -0.7357324 2.22092
-0.1522467 -0.7306281 2.224443
-0.003532816 -0.7173238 2.146393
-0.4303761 -0.7713494 2.001053
-0.1164549 -0.7472505 1.793347
-0.1711464 -1.069345 2.16354
0.02383217 -1.038437 2.046063
-0.2683169 -1.074307 2.136074
-0.04287291 -1.070944 1.953384
9
-0.07985615 -0.7518812 2.216011
-0.153927 -0.7481086 2.218255
-0.003235835 -0.7317849 2.142792
-0.4364412 -0.7727749 1.997789
-0.1230563 -0.7515709 1.791182
-0.2019092 -1.068921 2.166512
0.02544669 -1.038577 2.043783
-0.2905509 -1.090987 2.110269
0.00123143 -1.076365 1.92819
9
-0.07985615 -0.7518812 2.216011
-0.153927 -0.7481086 2.218255
-0.003235835 -0.7317849 2.142792
-0.4364412 -0.7727749 1.997789
-0.1230563 -0.7515709 1.791182
-0.2019092 -1.068921 2.166512
0.02544669 -1.038577 2.043783
-0.2905509 -1.090987 2.110269
0.00123143 -1.076365 1.92819
9
-0.08037152 -0.7780455 2.209336
-0.1555559 -0.7724314 2.213185
-0.002464985 -0.7588723 2.134819
-0.4386889 -0.7743027 1.99086
-0.1294588 -0.7532762 1.784836
-0.2098751 -1.069773 2.160829
0.02813455 -1.034857 2.037376
-0.09394094 -1.049929 2.048642
-0.005816747 -1.082053 1.93249
9
-0.08037152 -0.7780455 2.209336
-0.1555559 -0.7724314 2.213185
-0.002464985 -0.7588723 2.134819
-0.4386889 -0.7743027 1.99086
-0.1294588 -0.7532762 1.784836
-0.2098751 -1.069773 2.160829
0.02813455 -1.034857 2.037376
-0.09394094 -1.049929 2.048642
-0.005816747 -1.082053 1.93249
9
-0.08416393 -0.8011966 2.20252
-0.1603785 -0.7966371 2.205299
-0.005207852 -0.7802541 2.129337
-0.4438225 -0.776697 1.983354
-0.1345153 -0.7566822 1.78068
-0.2160929 -1.076885 2.159353
0.03177064 -1.031879 2.038302
-0.100132 -1.054226 2.047305
-0.004065845 -1.078468 1.933694
9
-0.08416393 -0.8011966 2.20252
-0.1603785 -0.7966371 2.205299
-0.005207852 -0.7802541 2.129337
-0.4438225 -0.776697 1.983354
-0.1345153 -0.7566822 1.78068
-0.2160929 -1.076885 2.159353
0.03177064 -1.031879 2.038302
-0.100132 -1.054226 2.047305
-0.004065845 -1.078468 1.933694
9
-0.08442914 -0.8162919 2.198161
-0.1614592 -0.8123735 2.200258
-0.00467596 -0.7942393 2.125844
-0.3662448 -0.7836697 2.029469
-0.1354652 -0.7607887 1.778367
-0.2304654 -1.192327 2.244963
0.03894047 -1.040337 2.044156
-0.1354851 -1.127782 2.1212
0.002669767 -1.087523 1.940338
9
-0.08442914 -0.8162919 2.198161
-0.1614592 -0.8123735 2.200258
-0.00467596 -0.7942393 2.125844
-0.3662448 -0.7836697 2.029469
-0.1354652 -0.7607887 1.778367
-0.2304654 -1.192327 2.244963
0.03894047 -1.040337 2.044156
-0.1354851 -1.127782 2.1212
0.002669767 -1.087523 1.940338
9
-0.08705664 -0.8285155 2.194098
-0.1642232 -0.823789 2.196453
-0.007023439 -0.8068302 2.121727
-0.3674343 -0.7871751 2.025887
-0.137136 -0.7609135 1.775217
-0.2298981 -1.101528 2.147534
0.03343758 -1.037923 2.035074
-0.1087209 -1.067892 2.045078
-0.03633835 -1.072419 1.947666
9
-0.08705664 -0.8285155 2.194098
-0.1642232 -0.823789 2.196453
-0.007023439 -0.8068302 2.121727
-0.3674343 -0.7871751 2.025887
-0.137136 -0.7609135 1.775217
-0.2298981 -1.101528 2.147534
0.03343758 -1.037923 2.035074
-0.1087209 -1.067892 2.045078
-0.03633835 -1.072419 1.947666
9
-0.08783309 -0.8343779 2.192702
-0.1652722 -0.8298393 2.195137
-0.007509645 -0.812338 2.120333
-0.3683343 -0.7891929 2.024063
-0.1368813 -0.7600878 1.774316
-0.228782 -1.099307 2.145581
0.03316315 -1.039929 2.034932
-0.1083022 -1.067439 2.041648
-0.02365667 -1.075748 1.935397
9
-0.08783309 -0.8343779 2.192702
-0.1652722 -0.8298393 2.195137
-0.007509645 -0.812338 2.120333
-0.3683343 -0.7891929 2.024063
-0.1368813 -0.7600878 1.774316
-0.228782 -1.099307 2.145581
0.03316315 -1.039929 2.034932
-0.1083022 -1.067439 2.041648
-0.02365667 -1.075748 1.935397
9
-0.08800921 -0.838107 2.192376
-0.1655004 -0.8337061 2.194712
-0.007624973 -0.8158215 2.120146
-0.3684196 -0.7897823 2.023425
-0.1357879 -0.7594552 1.774234
-0.2275302 -1.09737 2.144493
0.03767838 -1.029889 2.039492
-0.1072354 -1.066514 2.040126
-0.01138489 -1.078874 1.918747
9
-0.08800921 -0.838107 2.192376
-0.1655004 -0.8337061 2.194712
-0.007624973 -0.8158215 2.120146
-0.3684196 -0.7897823 2.023425
-0.1357879 -0.7594552 1.774234
-0.2275302 -1.09737 2.144493
0.03767838 -1.029889 2.039492
-0.1072354 -1.066514 2.040126
-0.01138489 -1.078874 1.918747
9
-0.08014087 -0.837834 2.192976
-0.1577909 -0.8353049 2.195052
0.0006183104 -0.813582 2.12105
-0.3682089 -0.7891796 2.02251
-0.13382 -0.7599993 1.777262
-0.2251368 -1.095003 2.144797
0.03856162 -1.022573 2.038368
-0.1051969 -1.065234 2.039743
-0.009708304 -1.072195 1.91758
9
-0.08014087 -0.837834 2.192976
-0.1577909 -0.8353049 2.195052
0.0006183104 -0.813582 2.12105
-0.3682089 -0.7891796 2.02251
-0.13382 -0.7599993 1.777262
-0.2251368 -1.095003 2.144797
0.03856162 -1.022573 2.038368
-0.1051969 -1.065234 2.039743
-0.009708304 -1.072195 1.91758
9
-0.07898298 -0.8373818 2.194577
-0.1569729 -0.8350216 2.196312
0.001996705 -0.8129945 2.122963
-0.3680652 -0.7874352 2.021231
-0.1293822 -0.7561661 1.778367
-0.2225212 -1.095168 2.148611
0.04462786 -1.02368 2.046262
-0.1040908 -1.065913 2.041192
-0.003254429 -1.073681 1.925477
9
-0.07898298 -0.8373818 2.194577
-0.1569729 -0.8350216 2.196312
0.001996705 -0.8129945 2.122963
-0.3680652 -0.7874352 2.021231
-0.1293822 -0.7561661 1.778367
-0.2225212 -1.095168 2.148611
0.04462786 -1.02368 2.046262
-0.1040908 -1.065913 2.041192
-0.003254429 -1.073681 1.925477
9
-0.07786976 -0.8349499 2.195987
-0.1560714 -0.8335408 2.197061
0.003163117 -0.8095067 2.12518
-0.4367069 -0.7772599 1.975778
-0.1244406 -0.7509102 1.779318
-0.2236677 -1.074448 2.160082
0.0372104 -1.028877 2.040882
-0.1068632 -1.056096 2.049054
-0.009863075 -1.079118 1.92005
9
-0.07786976 -0.8349499 2.195987
-0.1560714 -0.8335408 2.197061
0.003163117 -0.8095067 2.12518
-0.4367069 -0.7772599 1.975778
-0.1244406 -0.7509102 1.779318
-0.2236677 -1.074448 2.160082
0.0372104 -1.028877 2.040882
-0.1068632 -1.056096 2.049054
-0.009863075 -1.079118 1.92005
9
-0.07786976 -0.8349499 2.195987
-0.1560714 -0.8335408 2.197061
0.003163117 -0.8095067 2.12518
-0.4367069 -0.7772599 1.975778
-0.1244406 -0.7509102 1.779318
-0.2236677 -1.074448 2.160082
0.0372104 -1.028877 2.040882
-0.1068632 -1.056096 2.049054
-0.009863075 -1.079118 1.92005
9
-0.07786976 -0.8349499 2.195987
-0.1560714 -0.8335408 2.197061
0.003163117 -0.8095067 2.12518
-0.4367069 -0.7772599 1.975778
-0.1244406 -0.7509102 1.779318
-0.2236677 -1.074448 2.160082
0.0372104 -1.028877 2.040882
-0.1068632 -1.056096 2.049054
-0.009863075 -1.079118 1.92005
9
-0.07557581 -0.8265597 2.199236
-0.1537577 -0.8249897 2.200274
0.005229484 -0.8017836 2.128226
-0.3637475 -0.7866712 2.021106
-0.1207557 -0.7501314 1.780708
-0.2191202 -1.133628 2.233564
0.04040943 -1.029534 2.044328
-0.1193112 -1.090736 2.106298
-0.006404772 -1.080636 1.923972
9
-0.07557581 -0.8265597 2.199236
-0.1537577 -0.8249897 2.200274
0.005229484 -0.8017836 2.128226
-0.3637475 -0.7866712 2.021106
-0.1207557 -0.7501314 1.780708
-0.2191202 -1.133628 2.233564
0.04040943 -1.029534 2.044328
-0.1193112 -1.090736 2.106298
-0.006404772 -1.080636 1.923972
9
-0.07531615 -0.8218185 2.200344
-0.153724 -0.8209102 2.200836
0.005706843 -0.7964647 2.129885
-0.4321383 -0.777936 1.973601
-0.1193699 -0.7481403 1.781576
-0.2177684 -1.050048 2.161572
0.04407257 -1.029696 2.05008
-0.1150277 -1.006341 2.037435
-0.001292005 -1.081175 1.92922
