40
9
-0.2524272 -0.3166753 2.136064
-0.3212164 -0.3064029 2.08159
-0.1747536 -0.3158173 2.115129
-0.3502907 -0.3980331 1.724694
0.02886707 -0.4471497 1.842861
-0.3469278 -0.7662637 1.905835
-0.09765825 -0.7813364 2.010131
-0.3147107 -0.830227 1.790211
-0.03374511 -0.8409445 1.954817
9
-0.2524272 -0.3166753 2.136064
-0.3212164 -0.3064029 2.08159
-0.1747536 -0.3158173 2.115129
-0.3502907 -0.3980331 1.724694
0.02886707 -0.4471497 1.842861
-0.3469278 -0.7662637 1.905835
-0.09765825 -0.7813364 2.010131
-0.3147107 -0.830227 1.790211
-0.03374511 -0.8409445 1.954817
9
-0.2524272 -0.3166753 2.136064
-0.3212164 -0.3064029 2.08159
-0.1747536 -0.3158173 2.115129
-0.3502907 -0.3980331 1.724694
0.02886707 -0.4471497 1.842861
-0.3469278 -0.7662637 1.905835
-0.09765825 -0.7813364 2.010131
-0.3147107 -0.830227 1.790211
-0.03374511 -0.8409445 1.954817
9
-0.2541336 -0.3484929 2.13638
-0.3225331 -0.3370833 2.082293
-0.1768151 -0.3476113 2.11522
-0.3525354 -0.4058954 1.719919
0.03501491 -0.4530401 1.837094
-0.3459899 -0.7713712 1.905891
-0.09726189 -0.7813922 2.008626
-0.3144744 -0.8352531 1.79008
-0.03332599 -0.8416942 1.956116
9
-0.2488592 -0.3882916 2.132275
-0.3160679 -0.3779267 2.078054
-0.1728643 -0.3850689 2.111463
-0.3584228 -0.4239251 1.713142
0.04410088 -0.4572373 1.825601
-0.3476935 -0.7855137 1.905498
-0.09725394 -0.7818034 2.007567
-0.3745564 -0.8305416 1.942523
-0.03288635 -0.8421377 1.956861
9
-0.2488592 -0.3882916 2.132275
-0.3160679 -0.3779267 2.078054
-0.1728643 -0.3850689 2.111463
-0.3584228 -0.4239251 1.713142
0.04410088 -0.4572373 1.825601
-0.3476935 -0.7855137 1.905498
-0.09725394 -0.7818034 2.007567
-0.3745564 -0.8305416 1.942523
-0.03288635 -0.8421377 1.956861
9
-0.2488592 -0.3882916 2.132275
-0.3160679 -0.3779267 2.078054
-0.1728643 -0.3850689 2.111463
-0.3584228 -0.4239251 1.713142
0.04410088 -0.4572373 1.825601
-0.3476935 -0.7855137 1.905498
-0.09725394 -0.7818034 2.007567
-0.3745564 -0.8305416 1.942523
-0.03288635 -0.8421377 1.956861
9
-0.2488592 -0.3882916 2.132275
-0.3160679 -0.3779267 2.078054
-0.1728643 -0.3850689 2.111463
-0.3584228 -0.4239251 1.713142
0.04410088 -0.4572373 1.825601
-0.3476935 -0.7855137 1.905498
-0.09725394 -0.7818034 2.007567
-0.3745564 -0.8305416 1.942523
-0.03288635 -0.8421377 1.956861
9
-0.2488592 -0.3882916 2.132275
-0.3160679 -0.3779267 2.078054
-0.1728643 -0.3850689 2.111463
-0.3584228 -0.4239251 1.713142
0.04410088 -0.4572373 1.825601
-0.3476935 -0.7855137 1.905498
-0.09725394 -0.7818034 2.007567
-0.3745564 -0.8305416 1.942523
-0.03288635 -0.8421377 1.956861
9
-0.247351 -0.4651222 2.133873
-0.3149776 -0.4521717 2.078684
-0.1711181 -0.4618294 2.114542
-0.3591635 -0.4684921 1.711165
0.04600808 -0.4612095 1.817775
-0.3400132 -0.7832853 1.945573
-0.09753583 -0.7844587 2.006601
-0.3883532 -0.8482279 1.933525
-0.03079308 -0.842886 1.956931
9
-0.2460522 -0.4897155 2.132422
-0.3137184 -0.4766833 2.075918
-0.1698397 -0.4857608 2.11456
-0.3584163 -0.4727621 1.707867
0.0445694 -0.4659323 1.816031
-0.3387836 -0.7859718 1.94479
-0.09819043 -0.7863733 2.006366
-0.3905196 -0.8478552 1.93464
-0.02911533 -0.8425706 1.956558
9
-0.2460522 -0.4897155 2.132422
-0.3137184 -0.4766833 2.075918
-0.1698397 -0.4857608 2.11456
-0.3584163 -0.4727621 1.707867
0.0445694 -0.4659323 1.816031
-0.3387836 -0.7859718 1.94479
-0.09819043 -0.7863733 2.006366
-0.3905196 -0.8478552 1.93464
-0.02911533 -0.8425706 1.956558
9
-0.2460522 -0.4897155 2.132422
-0.3137184 -0.4766833 2.075918
-0.1698397 -0.4857608 2.11456
-0.3584163 -0.4727621 1.707867
0.0445694 -0.4659323 1.816031
-0.3387836 -0.7859718 1.94479
-0.09819043 -0.7863733 2.006366
-0.3905196 -0.8478552 1.93464
-0.02911533 -0.8425706 1.956558
9
-0.2460522 -0.4897155 2.132422
-0.3137184 -0.4766833 2.075918
-0.1698397 -0.4857608 2.11456
-0.3584163 -0.4727621 1.707867
0.0445694 -0.4659323 1.816031
-0.3387836 -0.7859718 1.94479
-0.09819043 -0.7863733 2.006366
-0.3905196 -0.8478552 1.93464
-0.02911533 -0.8425706 1.956558
9
-0.2680298 -0.5546823 2.129149
-0.3357749 -0.5368024 2.074199
-0.1910353 -0.5533519 2.110367
-0.3484719 -0.5057163 1.704302
0.03266106 -0.4703243 1.830206
-0.336252 -0.814619 1.960932
-0.09683139 -0.7873068 2.003699
-0.4185756 -0.8423776 1.91639
-0.02760274 -0.8439253 1.957141
9
-0.2680298 -0.5546823 2.129149
-0.3357749 -0.5368024 2.074199
-0.1910353 -0.5533519 2.110367
-0.3484719 -0.5057163 1.704302
0.03266106 -0.4703243 1.830206
-0.336252 -0.814619 1.960932
-0.09683139 -0.7873068 2.003699
-0.4185756 -0.8423776 1.91639
-0.02760274 -0.8439253 1.957141
9
-0.2680298 -0.5546823 2.129149
-0.3357749 -0.5368024 2.074199
-0.1910353 -0.5533519 2.110367
-0.3484719 -0.5057163 1.704302
0.03266106 -0.4703243 1.830206
-0.336252 -0.814619 1.960932
-0.09683139 -0.7873068 2.003699
-0.4185756 -0.8423776 1.91639
-0.02760274 -0.8439253 1.957141
9
-0.2680298 -0.5546823 2.129149
-0.3357749 -0.5368024 2.074199
-0.1910353 -0.5533519 2.110367
-0.3484719 -0.5057163 1.704302
0.03266106 -0.4703243 1.830206
-0.336252 -0.814619 1.960932
-0.09683139 -0.7873068 2.003699
-0.4185756 -0.8423776 1.91639
-0.02760274 -0.8439253 1.957141
9
-0.2680298 -0.5546823 2.129149
-0.3357749 -0.5368024 2.074199
-0.1910353 -0.5533519 2.110367
-0.3484719 -0.5057163 1.704302
0.03266106 -0.4703243 1.830206
-0.336252 -0.814619 1.960932
-0.09683139 -0.7873068 2.003699
-0.4185756 -0.8423776 1.91639
-0.02760274 -0.8439253 1.957141
9
-0.2680298 -0.5546823 2.129149
-0.3357749 -0.5368024 2.074199
-0.1910353 -0.5533519 2.110367
-0.3484719 -0.5057163 1.704302
0.03266106 -0.4703243 1.830206
-0.336252 -0.814619 1.960932
-0.09683139 -0.7873068 2.003699
-0.4185756 -0.8423776 1.91639
-0.02760274 -0.8439253 1.957141
9
-0.2660116 -0.6177433 2.122337
-0.3334164 -0.5959895 2.06784
-0.1894703 -0.6181971 2.103665
-0.3484764 -0.5168961 1.694307
0.01904314 -0.4686204 1.839735
-0.341239 -0.8222631 1.954396
-0.09572419 -0.7883195 2.00135
-0.4201316 -0.8490444 1.892887
-0.0261729 -0.8449973 1.957619
9
-0.2660116 -0.6177433 2.122337
-0.3334164 -0.5959895 2.06784
-0.1894703 -0.6181971 2.103665
-0.3484764 -0.5168961 1.694307
0.01904314 -0.4686204 1.839735
-0.341239 -0.8222631 1.954396
-0.09572419 -0.7883195 2.00135
-0.4201316 -0.8490444 1.892887
-0.0261729 -0.8449973 1.957619
9
-0.2535437 -0.6256019 2.12344
-0.3213074 -0.6048757 2.068172
-0.1769899 -0.624864 2.105549
-0.3508746 -0.5165167 1.690894
0.01924324 -0.466887 1.836594
-0.3406556 -0.8230504 1.953725
-0.09503958 -0.7900024 2.000812
-0.4224562 -0.8388482 1.887516
-0.02441188 -0.8456169 1.957348
9
-0.2535437 -0.6256019 2.12344
-0.3213074 -0.6048757 2.068172
-0.1769899 -0.624864 2.105549
-0.3508746 -0.5165167 1.690894
0.01924324 -0.466887 1.836594
-0.3406556 -0.8230504 1.953725
-0.09503958 -0.7900024 2.000812
-0.4224562 -0.8388482 1.887516
-0.02441188 -0.8456169 1.957348
9
-0.2360656 -0.6530148 2.101883
-0.3047159 -0.6302928 2.047354
-0.1592867 -0.6530766 2.08357
-0.3515868 -0.5175988 1.687622
0.02389576 -0.4572754 1.831374
-0.3178076 -0.8086486 1.967818
-0.09449344 -0.7916833 2.000756
-0.3953518 -0.8465138 1.940346
-0.02220708 -0.8455502 1.957117
9
-0.2360656 -0.6530148 2.101883
-0.3047159 -0.6302928 2.047354
-0.1592867 -0.6530766 2.08357
-0.3515868 -0.5175988 1.687622
0.02389576 -0.4572754 1.831374
-0.3178076 -0.8086486 1.967818
-0.09449344 -0.7916833 2.000756
-0.3953518 -0.8465138 1.940346
-0.02220708 -0.8455502 1.957117
9
-0.2360656 -0.6530148 2.101883
-0.3047159 -0.6302928 2.047354
-0.1592867 -0.6530766 2.08357
-0.3515868 -0.5175988 1.687622
0.02389576 -0.4572754 1.831374
-0.3178076 -0.8086486 1.967818
-0.09449344 -0.7916833 2.000756
-0.3953518 -0.8465138 1.940346
-0.02220708 -0.8455502 1.957117
9
-0.2360656 -0.6530148 2.101883
-0.3047159 -0.6302928 2.047354
-0.1592867 -0.6530766 2.08357
-0.3515868 -0.5175988 1.687622
0.02389576 -0.4572754 1.831374
-0.3178076 -0.8086486 1.967818
-0.09449344 -0.7916833 2.000756
-0.3953518 -0.8465138 1.940346
-0.02220708 -0.8455502 1.957117
9
-0.243023 -0.641045 2.116648
-0.3114569 -0.6200344 2.06105
-0.1662359 -0.6398512 2.099271
-0.3516738 -0.5177328 1.687241
0.01908245 -0.4640995 1.833511
-0.318499 -0.8095052 1.96678
-0.09378321 -0.79229 2.000453
-0.3960859 -0.8470676 1.940677
-0.02149048 -0.8462126 1.957499
9
-0.243023 -0.641045 2.116648
-0.3114569 -0.6200344 2.06105
-0.1662359 -0.6398512 2.099271
-0.3516738 -0.5177328 1.687241
0.01908245 -0.4640995 1.833511
-0.318499 -0.8095052 1.96678
-0.09378321 -0.79229 2.000453
-0.3960859 -0.8470676 1.940677
-0.02149048 -0.8462126 1.957499
9
-0.243023 -0.641045 2.116648
-0.3114569 -0.6200344 2.06105
-0.1662359 -0.6398512 2.099271
-0.3516738 -0.5177328 1.687241
0.01908245 -0.4640995 1.833511
-0.318499 -0.8095052 1.96678
-0.09378321 -0.79229 2.000453
-0.3960859 -0.8470676 1.940677
-0.02149048 -0.8462126 1.957499
9
-0.243023 -0.641045 2.116648
-0.3114569 -0.6200344 2.06105
-0.1662359 -0.6398512 2.099271
-0.3516738 -0.5177328 1.687241
0.01908245 -0.4640995 1.833511
-0.318499 -0.8095052 1.96678
-0.09378321 -0.79229 2.000453
-0.3960859 -0.8470676 1.940677
-0.02149048 -0.8462126 1.957499
9
-0.243023 -0.641045 2.116648
-0.3114569 -0.6200344 2.06105
-0.1662359 -0.6398512 2.099271
-0.3516738 -0.5177328 1.687241
0.01908245 -0.4640995 1.833511
-0.318499 -0.8095052 1.96678
-0.09378321 -0.79229 2.000453
-0.3960859 -0.8470676 1.940677
-0.02149048 -0.8462126 1.957499
9
-0.243023 -0.641045 2.116648
-0.3114569 -0.6200344 2.06105
-0.1662359 -0.6398512 2.099271
-0.3516738 -0.5177328 1.687241
0.01908245 -0.4640995 1.833511
-0.318499 -0.8095052 1.96678
-0.09378321 -0.79229 2.000453
-0.3960859 -0.8470676 1.940677
-0.02149048 -0.8462126 1.957499
9
-0.2391489 -0.6385569 2.112387
-0.309438 -0.6190608 2.059741
-0.1600089 -0.6351469 2.090232
-0.3522148 -0.5174564 1.687739
0.02382877 -0.4599801 1.822971
-0.3297262 -0.8149081 1.962394
-0.09254627 -0.7909169 1.998726
-0.4088772 -0.8308371 1.889149
-0.02271844 -0.8476236 1.95903
9
-0.2391489 -0.6385569 2.112387
-0.309438 -0.6190608 2.059741
-0.1600089 -0.6351469 2.090232
-0.3522148 -0.5174564 1.687739
0.02382877 -0.4599801 1.822971
-0.3297262 -0.8149081 1.962394
-0.09254627 -0.7909169 1.998726
-0.4088772 -0.8308371 1.889149
-0.02271844 -0.8476236 1.95903
9
-0.2583326 -0.6110852 2.123557
-0.3273649 -0.5925923 2.070728
-0.180485 -0.608139 2.102911
-0.3532045 -0.5156182 1.689458
0.02005309 -0.4746545 1.82372
-0.3303882 -0.8158271 1.961269
-0.09101799 -0.7890658 1.996443
-0.405624 -0.8382843 1.885434
-0.02425798 -0.8487782 1.961393
9
-0.2583326 -0.6110852 2.123557
-0.3273649 -0.5925923 2.070728
-0.180485 -0.608139 2.102911
-0.3532045 -0.5156182 1.689458
0.02005309 -0.4746545 1.82372
-0.3303882 -0.8158271 1.961269
-0.09101799 -0.7890658 1.996443
-0.405624 -0.8382843 1.885434
-0.02425798 -0.8487782 1.961393
9
-0.2586206 -0.6093711 2.123995
-0.327615 -0.590966 2.071338
-0.1807811 -0.6064969 2.103193
-0.3537316 -0.5151171 1.689679
0.0226395 -0.4895554 1.818643
-0.3314741 -0.816237 1.96059
-0.09080125 -0.7892712 1.996301
-0.4046853 -0.8339578 1.877643
-0.02389713 -0.8488483 1.961308
9
-0.2586206 -0.6093711 2.123995
-0.327615 -0.590966 2.071338
-0.1807811 -0.6064969 2.103193
-0.3537316 -0.5151171 1.689679
0.0226395 -0.4895554 1.818643
-0.3314741 -0.816237 1.96059
-0.09080125 -0.7892712 1.996301
-0.4046853 -0.8339578 1.877643
-0.02389713 -0.8488483 1.961308
