40
9
-0.06347904 -0.1631274 2.170272
-0.1441187 -0.1603238 2.12978
0.01921259 -0.1606692 2.140601
-0.1591308 -0.486578 1.987698
0.05467632 -0.481784 2.014188
-0.1790941 -0.8376549 2.058582
0.01339295 -0.7982765 2.084692
-0.2586329 -0.8926045 1.957727
0.03953061 -0.8648078 1.987483
9
-0.06347904 -0.1631274 2.170272
-0.1441187 -0.1603238 2.12978
0.01921259 -0.1606692 2.140601
-0.1591308 -0.486578 1.987698
0.05467632 -0.481784 2.014188
-0.1790941 -0.8376549 2.058582
0.01339295 -0.7982765 2.084692
-0.2586329 -0.8926045 1.957727
0.03953061 -0.8648078 1.987483
9
-0.06347904 -0.1631274 2.170272
-0.1441187 -0.1603238 2.12978
0.01921259 -0.1606692 2.140601
-0.1591308 -0.486578 1.987698
0.05467632 -0.481784 2.014188
-0.1790941 -0.8376549 2.058582
0.01339295 -0.7982765 2.084692
-0.2586329 -0.8926045 1.957727
0.03953061 -0.8648078 1.987483
9
-0.06347904 -0.1631274 2.170272
-0.1441187 -0.1603238 2.12978
0.01921259 -0.1606692 2.140601
-0.1591308 -0.486578 1.987698
0.05467632 -0.481784 2.014188
-0.1790941 -0.8376549 2.058582
0.01339295 -0.7982765 2.084692
-0.2586329 -0.8926045 1.957727
0.03953061 -0.8648078 1.987483
9
-0.06144789 -0.2274771 2.21835
-0.1410606 -0.2247288 2.178463
0.02009619 -0.2230479 2.188241
-0.1532708 -0.51041 1.953758
0.063535 -0.502044 1.982386
-0.1810758 -0.8388594 2.054529
0.01285858 -0.8040268 2.079268
-0.2563803 -0.8929417 1.95619
0.03871626 -0.8656255 1.986624
9
-0.06144789 -0.2274771 2.21835
-0.1410606 -0.2247288 2.178463
0.02009619 -0.2230479 2.188241
-0.1532708 -0.51041 1.953758
0.063535 -0.502044 1.982386
-0.1810758 -0.8388594 2.054529
0.01285858 -0.8040268 2.079268
-0.2563803 -0.8929417 1.95619
0.03871626 -0.8656255 1.986624
9
-0.0689427 -0.2665308 2.232474
-0.1487987 -0.2617719 2.192736
0.01307518 -0.2629916 2.202351
-0.1565777 -0.423672 1.92142
0.07482265 -0.4337465 1.958629
-0.1797495 -0.8176264 2.044076
0.01248307 -0.804091 2.077862
-0.2081838 -0.8898729 1.922386
0.03843582 -0.8653743 1.986511
9
-0.0689427 -0.2665308 2.232474
-0.1487987 -0.2617719 2.192736
0.01307518 -0.2629916 2.202351
-0.1565777 -0.423672 1.92142
0.07482265 -0.4337465 1.958629
-0.1797495 -0.8176264 2.044076
0.01248307 -0.804091 2.077862
-0.2081838 -0.8898729 1.922386
0.03843582 -0.8653743 1.986511
9
-0.07280955 -0.2963782 2.234513
-0.1528862 -0.2909046 2.195012
0.009541369 -0.2925873 2.204268
-0.1587731 -0.4326832 1.913773
0.07593592 -0.4362787 1.95514
-0.1794363 -0.8245254 2.042424
0.01148778 -0.8040591 2.076657
-0.2027452 -0.8924385 1.915402
0.03856503 -0.8662965 1.984355
9
-0.07280955 -0.2963782 2.234513
-0.1528862 -0.2909046 2.195012
0.009541369 -0.2925873 2.204268
-0.1587731 -0.4326832 1.913773
0.07593592 -0.4362787 1.95514
-0.1794363 -0.8245254 2.042424
0.01148778 -0.8040591 2.076657
-0.2027452 -0.8924385 1.915402
0.03856503 -0.8662965 1.984355
9
-0.07396749 -0.3303987 2.238624
-0.1546383 -0.3251233 2.197255
0.008981856 -0.3255508 2.210389
-0.1615748 -0.4573106 1.895174
0.07927734 -0.4452205 1.946519
-0.1791292 -0.838685 2.04622
0.01054421 -0.8045142 2.07384
-0.2563477 -0.8930664 1.944336
0.03670648 -0.8671396 1.981889
9
-0.07396749 -0.3303987 2.238624
-0.1546383 -0.3251233 2.197255
0.008981856 -0.3255508 2.210389
-0.1615748 -0.4573106 1.895174
0.07927734 -0.4452205 1.946519
-0.1791292 -0.838685 2.04622
0.01054421 -0.8045142 2.07384
-0.2563477 -0.8930664 1.944336
0.03670648 -0.8671396 1.981889
9
-0.07404947 -0.3652543 2.239678
-0.1556253 -0.3588949 2.19779
0.009820444 -0.3602353 2.212132
-0.1609424 -0.4652742 1.886487
0.08167507 -0.4560803 1.937249
-0.1786642 -0.8389454 2.04297
0.01084402 -0.8060895 2.071195
-0.2564798 -0.8929343 1.944204
0.03732285 -0.8680176 1.980258
9
-0.07404947 -0.3652543 2.239678
-0.1556253 -0.3588949 2.19779
0.009820444 -0.3602353 2.212132
-0.1609424 -0.4652742 1.886487
0.08167507 -0.4560803 1.937249
-0.1786642 -0.8389454 2.04297
0.01084402 -0.8060895 2.071195
-0.2564798 -0.8929343 1.944204
0.03732285 -0.8680176 1.980258
9
-0.07699706 -0.3928025 2.238701
-0.1593123 -0.3863913 2.195934
0.007668463 -0.3871346 2.212158
-0.1622338 -0.4818067 1.871903
0.08285857 -0.4667107 1.927728
-0.1776726 -0.8392742 2.039764
0.01335681 -0.808995 2.06631
-0.2561121 -0.892651 1.935457
0.03952596 -0.8698864 1.976373
9
-0.07699706 -0.3928025 2.238701
-0.1593123 -0.3863913 2.195934
0.007668463 -0.3871346 2.212158
-0.1622338 -0.4818067 1.871903
0.08285857 -0.4667107 1.927728
-0.1776726 -0.8392742 2.039764
0.01335681 -0.808995 2.06631
-0.2561121 -0.892651 1.935457
0.03952596 -0.8698864 1.976373
9
-0.08124074 -0.433141 2.236871
-0.1648103 -0.4252335 2.192942
0.004837072 -0.4277183 2.211747
-0.1605849 -0.4910418 1.857051
0.08320542 -0.474819 1.91747
-0.1773789 -0.840556 2.037763
0.01308068 -0.8120177 2.063776
-0.256364 -0.8912695 1.931738
-0.01794434 -0.8793945 1.951172
9
-0.08124074 -0.433141 2.236871
-0.1648103 -0.4252335 2.192942
0.004837072 -0.4277183 2.211747
-0.1605849 -0.4910418 1.857051
0.08320542 -0.474819 1.91747
-0.1773789 -0.840556 2.037763
0.01308068 -0.8120177 2.063776
-0.256364 -0.8912695 1.931738
-0.01794434 -0.8793945 1.951172
9
-0.08163647 -0.4655709 2.232497
-0.1657018 -0.4564406 2.188036
0.004939821 -0.4603482 2.208103
-0.1609024 -0.5032008 1.849433
0.08257858 -0.4887331 1.90484
-0.1764611 -0.8400413 2.036456
0.01663865 -0.8178864 2.059602
-0.2504453 -0.8880892 1.92321
-0.02444481 -0.8828369 1.940845
9
-0.08289042 -0.4980842 2.229728
-0.1668812 -0.4869691 2.185195
0.003631846 -0.4938957 2.205615
-0.1616641 -0.5135931 1.835811
0.0822539 -0.4954323 1.898954
-0.175106 -0.838181 2.039398
0.01908058 -0.8279825 2.053651
-0.2430875 -0.8818965 1.917951
-0.03013368 -0.88441 1.935136
9
-0.08289042 -0.4980842 2.229728
-0.1668812 -0.4869691 2.185195
0.003631846 -0.4938957 2.205615
-0.1616641 -0.5135931 1.835811
0.0822539 -0.4954323 1.898954
-0.175106 -0.838181 2.039398
0.01908058 -0.8279825 2.053651
-0.2430875 -0.8818965 1.917951
-0.03013368 -0.88441 1.935136
9
-0.1007483 -0.5294138 2.225828
-0.1830066 -0.5138618 2.18154
-0.0154647 -0.528961 2.20171
-0.1648562 -0.5218161 1.817951
0.08197908 -0.5010415 1.891111
-0.1746094 -0.8368728 2.044486
0.01938363 -0.8289633 2.053305
-0.2220337 -0.8793421 1.909404
-0.05411315 -0.8782097 1.937408
9
-0.1007483 -0.5294138 2.225828
-0.1830066 -0.5138618 2.18154
-0.0154647 -0.528961 2.20171
-0.1648562 -0.5218161 1.817951
0.08197908 -0.5010415 1.891111
-0.1746094 -0.8368728 2.044486
0.01938363 -0.8289633 2.053305
-0.2220337 -0.8793421 1.909404
-0.05411315 -0.8782097 1.937408
9
-0.1007483 -0.5294138 2.225828
-0.1830066 -0.5138618 2.18154
-0.0154647 -0.528961 2.20171
-0.1648562 -0.5218161 1.817951
0.08197908 -0.5010415 1.891111
-0.1746094 -0.8368728 2.044486
0.01938363 -0.8289633 2.053305
-0.2220337 -0.8793421 1.909404
-0.05411315 -0.8782097 1.937408
9
-0.1007483 -0.5294138 2.225828
-0.1830066 -0.5138618 2.18154
-0.0154647 -0.528961 2.20171
-0.1648562 -0.5218161 1.817951
0.08197908 -0.5010415 1.891111
-0.1746094 -0.8368728 2.044486
0.01938363 -0.8289633 2.053305
-0.2220337 -0.8793421 1.909404
-0.05411315 -0.8782097 1.937408
9
-0.1007483 -0.5294138 2.225828
-0.1830066 -0.5138618 2.18154
-0.0154647 -0.528961 2.20171
-0.1648562 -0.5218161 1.817951
0.08197908 -0.5010415 1.891111
-0.1746094 -0.8368728 2.044486
0.01938363 -0.8289633 2.053305
-0.2220337 -0.8793421 1.909404
-0.05411315 -0.8782097 1.937408
9
-0.1007483 -0.5294138 2.225828
-0.1830066 -0.5138618 2.18154
-0.0154647 -0.528961 2.20171
-0.1648562 -0.5218161 1.817951
0.08197908 -0.5010415 1.891111
-0.1746094 -0.8368728 2.044486
0.01938363 -0.8289633 2.053305
-0.2220337 -0.8793421 1.909404
-0.05411315 -0.8782097 1.937408
9
-0.1052125 -0.6048286 2.215299
-0.1878877 -0.588969 2.169458
-0.01934273 -0.6021653 2.1933
-0.1796711 -0.5485427 1.794956
0.08388765 -0.5015845 1.87227
-0.181985 -0.847723 2.027838
0.02488595 -0.8303451 2.049723
-0.2446384 -0.890287 1.902023
-0.03527606 -0.8822492 1.925661
9
-0.1052125 -0.6048286 2.215299
-0.1878877 -0.588969 2.169458
-0.01934273 -0.6021653 2.1933
-0.1796711 -0.5485427 1.794956
0.08388765 -0.5015845 1.87227
-0.181985 -0.847723 2.027838
0.02488595 -0.8303451 2.049723
-0.2446384 -0.890287 1.902023
-0.03527606 -0.8822492 1.925661
9
-0.1052125 -0.6048286 2.215299
-0.1878877 -0.588969 2.169458
-0.01934273 -0.6021653 2.1933
-0.1796711 -0.5485427 1.794956
0.08388765 -0.5015845 1.87227
-0.181985 -0.847723 2.027838
0.02488595 -0.8303451 2.049723
-0.2446384 -0.890287 1.902023
-0.03527606 -0.8822492 1.925661
9
-0.1052125 -0.6048286 2.215299
-0.1878877 -0.588969 2.169458
-0.01934273 -0.6021653 2.1933
-0.1796711 -0.5485427 1.794956
0.08388765 -0.5015845 1.87227
-0.181985 -0.847723 2.027838
0.02488595 -0.8303451 2.049723
-0.2446384 -0.890287 1.902023
-0.03527606 -0.8822492 1.925661
9
-0.1052125 -0.6048286 2.215299
-0.1878877 -0.588969 2.169458
-0.01934273 -0.6021653 2.1933
-0.1796711 -0.5485427 1.794956
0.08388765 -0.5015845 1.87227
-0.181985 -0.847723 2.027838
0.02488595 -0.8303451 2.049723
-0.2446384 -0.890287 1.902023
-0.03527606 -0.8822492 1.925661
9
-0.1051766 -0.6095045 2.225427
-0.1872332 -0.5934291 2.17911
-0.01997366 -0.6070215 2.203963
-0.1819552 -0.5499971 1.804879
0.08472557 -0.502637 1.87176
-0.1881295 -0.8505235 2.018974
0.02941656 -0.8349841 2.048142
-0.2637894 -0.8932393 1.903973
0.04891968 -0.887207 1.941406
9
-0.1051766 -0.6095045 2.225427
-0.1872332 -0.5934291 2.17911
-0.01997366 -0.6070215 2.203963
-0.1819552 -0.5499971 1.804879
0.08472557 -0.502637 1.87176
-0.1881295 -0.8505235 2.018974
0.02941656 -0.8349841 2.048142
-0.2637894 -0.8932393 1.903973
0.04891968 -0.887207 1.941406
9
-0.1051766 -0.6095045 2.225427
-0.1872332 -0.5934291 2.17911
-0.01997366 -0.6070215 2.203963
-0.1819552 -0.5499971 1.804879
0.08472557 -0.502637 1.87176
-0.1881295 -0.8505235 2.018974
0.02941656 -0.8349841 2.048142
-0.2637894 -0.8932393 1.903973
0.04891968 -0.887207 1.941406
9
-0.1051766 -0.6095045 2.225427
-0.1872332 -0.5934291 2.17911
-0.01997366 -0.6070215 2.203963
-0.1819552 -0.5499971 1.804879
0.08472557 -0.502637 1.87176
-0.1881295 -0.8505235 2.018974
0.02941656 -0.8349841 2.048142
-0.2637894 -0.8932393 1.903973
0.04891968 -0.887207 1.941406
9
-0.1038678 -0.6093984 2.236125
-0.1861965 -0.5935024 2.188645
-0.01841464 -0.6067968 2.215829
-0.1869164 -0.5498829 1.814422
0.08885 -0.5114188 1.879736
-0.1946 -0.8498481 2.0046
0.03080193 -0.8355809 2.047268
-0.2836035 -0.8976116 1.909269
0.05376523 -0.8864301 1.942649
9
-0.1038678 -0.6093984 2.236125
-0.1861965 -0.5935024 2.188645
-0.01841464 -0.6067968 2.215829
-0.1869164 -0.5498829 1.814422
0.08885 -0.5114188 1.879736
-0.1946 -0.8498481 2.0046
0.03080193 -0.8355809 2.047268
-0.2836035 -0.8976116 1.909269
0.05376523 -0.8864301 1.942649
9
-0.1038678 -0.6093984 2.236125
-0.1861965 -0.5935024 2.188645
-0.01841464 -0.6067968 2.215829
-0.1869164 -0.5498829 1.814422
0.08885 -0.5114188 1.879736
-0.1946 -0.8498481 2.0046
0.03080193 -0.8355809 2.047268
-0.2836035 -0.8976116 1.909269
0.05376523 -0.8864301 1.942649
9
-0.1038678 -0.6093984 2.236125
-0.1861965 -0.5935024 2.188645
-0.01841464 -0.6067968 2.215829
-0.1869164 -0.5498829 1.814422
0.08885 -0.5114188 1.879736
-0.1946 -0.8498481 2.0046
0.03080193 -0.8355809 2.047268
-0.2836035 -0.8976116 1.909269
0.05376523 -0.8864301 1.942649
