40
9
-0.1258713 -0.2953547 2.016714
-0.2023876 -0.2898369 1.980714
-0.04458561 -0.2897418 1.976708
-0.3364476 -0.4501269 1.68331
0.06822287 -0.4511947 1.668439
-0.2185006 -0.7604218 1.90795
0.01103345 -0.7617159 1.871346
-0.2361962 -0.8386403 1.904776
0.0368489 -0.8429732 1.824424
9
-0.1258713 -0.2953547 2.016714
-0.2023876 -0.2898369 1.980714
-0.04458561 -0.2897418 1.976708
-0.3364476 -0.4501269 1.68331
0.06822287 -0.4511947 1.668439
-0.2185006 -0.7604218 1.90795
0.01103345 -0.7617159 1.871346
-0.2361962 -0.8386403 1.904776
0.0368489 -0.8429732 1.824424
9
-0.1258713 -0.2953547 2.016714
-0.2023876 -0.2898369 1.980714
-0.04458561 -0.2897418 1.976708
-0.3364476 -0.4501269 1.68331
0.06822287 -0.4511947 1.668439
-0.2185006 -0.7604218 1.90795
0.01103345 -0.7617159 1.871346
-0.2361962 -0.8386403 1.904776
0.0368489 -0.8429732 1.824424
9
-0.1258713 -0.2953547 2.016714
-0.2023876 -0.2898369 1.980714
-0.04458561 -0.2897418 1.976708
-0.3364476 -0.4501269 1.68331
0.06822287 -0.4511947 1.668439
-0.2185006 -0.7604218 1.90795
0.01103345 -0.7617159 1.871346
-0.2361962 -0.8386403 1.904776
0.0368489 -0.8429732 1.824424
9
-0.1258713 -0.2953547 2.016714
-0.2023876 -0.2898369 1.980714
-0.04458561 -0.2897418 1.976708
-0.3364476 -0.4501269 1.68331
0.06822287 -0.4511947 1.668439
-0.2185006 -0.7604218 1.90795
0.01103345 -0.7617159 1.871346
-0.2361962 -0.8386403 1.904776
0.0368489 -0.8429732 1.824424
9
-0.1258713 -0.2953547 2.016714
-0.2023876 -0.2898369 1.980714
-0.04458561 -0.2897418 1.976708
-0.3364476 -0.4501269 1.68331
0.06822287 -0.4511947 1.668439
-0.2185006 -0.7604218 1.90795
0.01103345 -0.7617159 1.871346
-0.2361962 -0.8386403 1.904776
0.0368489 -0.8429732 1.824424
9
-0.1306272 -0.4250626 2.007447
-0.206818 -0.4182905 1.971335
-0.04952195 -0.415924 1.968418
-0.3385991 -0.5002659 1.639415
0.06388255 -0.479656 1.623174
-0.2159195 -0.7699383 1.905582
0.006901879 -0.7684168 1.864845
-0.2533874 -0.8429694 1.896396
0.04363459 -0.8464069 1.822982
9
-0.1306272 -0.4250626 2.007447
-0.206818 -0.4182905 1.971335
-0.04952195 -0.415924 1.968418
-0.3385991 -0.5002659 1.639415
0.06388255 -0.479656 1.623174
-0.2159195 -0.7699383 1.905582
0.006901879 -0.7684168 1.864845
-0.2533874 -0.8429694 1.896396
0.04363459 -0.8464069 1.822982
9
-0.1317327 -0.4547867 2.003868
-0.2075423 -0.4490204 1.966815
-0.05095749 -0.4436257 1.965968
-0.34009 -0.4970677 1.627639
0.06601 -0.475498 1.616904
-0.2149158 -0.7799219 1.907756
0.00582691 -0.771458 1.861129
-0.269547 -0.8454241 1.885993
0.04522904 -0.848411 1.821355
9
-0.1317327 -0.4547867 2.003868
-0.2075423 -0.4490204 1.966815
-0.05095749 -0.4436257 1.965968
-0.34009 -0.4970677 1.627639
0.06601 -0.475498 1.616904
-0.2149158 -0.7799219 1.907756
0.00582691 -0.771458 1.861129
-0.269547 -0.8454241 1.885993
0.04522904 -0.848411 1.821355
9
-0.1302819 -0.4982862 1.998094
-0.2061665 -0.4913034 1.960999
-0.04951733 -0.4866236 1.960671
-0.3361908 -0.501785 1.616732
0.06609034 -0.4692194 1.609382
-0.2152125 -0.7874495 1.90994
0.004943603 -0.7737081 1.8576
-0.2832528 -0.8374271 1.850367
0.04608196 -0.8499668 1.824682
9
-0.1302819 -0.4982862 1.998094
-0.2061665 -0.4913034 1.960999
-0.04951733 -0.4866236 1.960671
-0.3361908 -0.501785 1.616732
0.06609034 -0.4692194 1.609382
-0.2152125 -0.7874495 1.90994
0.004943603 -0.7737081 1.8576
-0.2832528 -0.8374271 1.850367
0.04608196 -0.8499668 1.824682
9
-0.1277859 -0.5245308 1.995594
-0.203776 -0.5187994 1.95674
-0.04701754 -0.5109239 1.96003
-0.3339886 -0.5055574 1.61226
0.062481 -0.4705049 1.608362
-0.2140576 -0.7958187 1.915885
0.001571379 -0.7818813 1.862473
-0.2849148 -0.8267789 1.833561
0.05256426 -0.8526473 1.820934
9
-0.1277859 -0.5245308 1.995594
-0.203776 -0.5187994 1.95674
-0.04701754 -0.5109239 1.96003
-0.3339886 -0.5055574 1.61226
0.062481 -0.4705049 1.608362
-0.2140576 -0.7958187 1.915885
0.001571379 -0.7818813 1.862473
-0.2849148 -0.8267789 1.833561
0.05256426 -0.8526473 1.820934
9
-0.1297294 -0.5591357 1.988795
-0.2056212 -0.5515627 1.949064
-0.04899681 -0.5458586 1.954612
-0.3310759 -0.5105448 1.604524
0.05901676 -0.4701015 1.608136
-0.2152794 -0.7959111 1.911637
0.003192574 -0.7837391 1.858734
-0.2857183 -0.8272695 1.829127
0.05529623 -0.8535159 1.814736
9
-0.1297294 -0.5591357 1.988795
-0.2056212 -0.5515627 1.949064
-0.04899681 -0.5458586 1.954612
-0.3310759 -0.5105448 1.604524
0.05901676 -0.4701015 1.608136
-0.2152794 -0.7959111 1.911637
0.003192574 -0.7837391 1.858734
-0.2857183 -0.8272695 1.829127
0.05529623 -0.8535159 1.814736
9
-0.1349893 -0.5831219 1.981105
-0.2107608 -0.5759456 1.940503
-0.05419523 -0.5686709 1.947992
-0.3298608 -0.5102351 1.597149
0.05719234 -0.4699326 1.608449
-0.215275 -0.7958539 1.911709
0.003964747 -0.7846174 1.852444
-0.2849225 -0.826803 1.827621
0.05691819 -0.8541806 1.812916
9
-0.1349893 -0.5831219 1.981105
-0.2107608 -0.5759456 1.940503
-0.05419523 -0.5686709 1.947992
-0.3298608 -0.5102351 1.597149
0.05719234 -0.4699326 1.608449
-0.215275 -0.7958539 1.911709
0.003964747 -0.7846174 1.852444
-0.2849225 -0.826803 1.827621
0.05691819 -0.8541806 1.812916
9
-0.134823 -0.5918404 1.98231
-0.210763 -0.5854169 1.941776
-0.05388898 -0.5763586 1.949223
-0.3247037 -0.5207855 1.596331
0.05306271 -0.4737243 1.609329
-0.2161908 -0.7971039 1.911639
0.004210703 -0.7848877 1.849402
-0.2841366 -0.8257297 1.823233
0.06009064 -0.8524681 1.809261
9
-0.134823 -0.5918404 1.98231
-0.210763 -0.5854169 1.941776
-0.05388898 -0.5763586 1.949223
-0.3247037 -0.5207855 1.596331
0.05306271 -0.4737243 1.609329
-0.2161908 -0.7971039 1.911639
0.004210703 -0.7848877 1.849402
-0.2841366 -0.8257297 1.823233
0.06009064 -0.8524681 1.809261
9
-0.134823 -0.5918404 1.98231
-0.210763 -0.5854169 1.941776
-0.05388898 -0.5763586 1.949223
-0.3247037 -0.5207855 1.596331
0.05306271 -0.4737243 1.609329
-0.2161908 -0.7971039 1.911639
0.004210703 -0.7848877 1.849402
-0.2841366 -0.8257297 1.823233
0.06009064 -0.8524681 1.809261
9
-0.134823 -0.5918404 1.98231
-0.210763 -0.5854169 1.941776
-0.05388898 -0.5763586 1.949223
-0.3247037 -0.5207855 1.596331
0.05306271 -0.4737243 1.609329
-0.2161908 -0.7971039 1.911639
0.004210703 -0.7848877 1.849402
-0.2841366 -0.8257297 1.823233
0.06009064 -0.8524681 1.809261
9
-0.132414 -0.6148079 1.981412
-0.2085948 -0.6105849 1.940394
-0.0513651 -0.5964151 1.949005
-0.3191474 -0.5248533 1.598239
0.04977912 -0.4784377 1.612254
-0.2244322 -0.7902619 1.892597
0.005816105 -0.7861167 1.846769
-0.2834752 -0.8508117 1.840065
0.06346031 -0.8523061 1.805258
9
-0.132414 -0.6148079 1.981412
-0.2085948 -0.6105849 1.940394
-0.0513651 -0.5964151 1.949005
-0.3191474 -0.5248533 1.598239
0.04977912 -0.4784377 1.612254
-0.2244322 -0.7902619 1.892597
0.005816105 -0.7861167 1.846769
-0.2834752 -0.8508117 1.840065
0.06346031 -0.8523061 1.805258
9
-0.1323435 -0.6172723 1.981765
-0.2085547 -0.6125565 1.94082
-0.0512552 -0.5992827 1.949302
-0.3186022 -0.5243137 1.596094
0.04839528 -0.4790504 1.612883
-0.2250767 -0.7908213 1.88984
0.006393352 -0.7862995 1.84549
-0.2836572 -0.8522918 1.839861
0.06509908 -0.8514367 1.801401
9
-0.1323435 -0.6172723 1.981765
-0.2085547 -0.6125565 1.94082
-0.0512552 -0.5992827 1.949302
-0.3186022 -0.5243137 1.596094
0.04839528 -0.4790504 1.612883
-0.2250767 -0.7908213 1.88984
0.006393352 -0.7862995 1.84549
-0.2836572 -0.8522918 1.839861
0.06509908 -0.8514367 1.801401
9
-0.1323435 -0.6172723 1.981765
-0.2085547 -0.6125565 1.94082
-0.0512552 -0.5992827 1.949302
-0.3186022 -0.5243137 1.596094
0.04839528 -0.4790504 1.612883
-0.2250767 -0.7908213 1.88984
0.006393352 -0.7862995 1.84549
-0.2836572 -0.8522918 1.839861
0.06509908 -0.8514367 1.801401
9
-0.1323435 -0.6172723 1.981765
-0.2085547 -0.6125565 1.94082
-0.0512552 -0.5992827 1.949302
-0.3186022 -0.5243137 1.596094
0.04839528 -0.4790504 1.612883
-0.2250767 -0.7908213 1.88984
0.006393352 -0.7862995 1.84549
-0.2836572 -0.8522918 1.839861
0.06509908 -0.8514367 1.801401
9
-0.1318405 -0.6130675 1.98429
-0.2079892 -0.6079811 1.943331
-0.05081806 -0.5955073 1.951836
-0.3167019 -0.5225442 1.597355
0.04703186 -0.4784874 1.613723
-0.2243206 -0.7904887 1.890174
0.006141042 -0.786254 1.845384
-0.2832529 -0.851318 1.838486
0.0650747 -0.8511345 1.800528
9
-0.131881 -0.5951651 1.986689
-0.2079936 -0.5886918 1.946627
-0.05087477 -0.5794832 1.95325
-0.3143156 -0.501943 1.603241
0.04798235 -0.4750523 1.611329
-0.2279172 -0.7897273 1.879483
0.00433789 -0.7847243 1.844888
-0.2803618 -0.8558254 1.860559
0.06152587 -0.8512785 1.803368
9
-0.131881 -0.5951651 1.986689
-0.2079936 -0.5886918 1.946627
-0.05087477 -0.5794832 1.95325
-0.3143156 -0.501943 1.603241
0.04798235 -0.4750523 1.611329
-0.2279172 -0.7897273 1.879483
0.00433789 -0.7847243 1.844888
-0.2803618 -0.8558254 1.860559
0.06152587 -0.8512785 1.803368
9
-0.1306304 -0.5686967 1.991757
-0.2061008 -0.5632071 1.952461
-0.05030999 -0.5530913 1.957207
-0.313307 -0.4942468 1.605416
0.05094444 -0.4700043 1.61023
-0.2195992 -0.7977247 1.904494
0.003267096 -0.7848817 1.845923
-0.2909518 -0.8369569 1.833027
0.05987456 -0.8517935 1.803773
9
-0.1306304 -0.5686967 1.991757
-0.2061008 -0.5632071 1.952461
-0.05030999 -0.5530913 1.957207
-0.313307 -0.4942468 1.605416
0.05094444 -0.4700043 1.61023
-0.2195992 -0.7977247 1.904494
0.003267096 -0.7848817 1.845923
-0.2909518 -0.8369569 1.833027
0.05987456 -0.8517935 1.803773
9
-0.1268294 -0.5402803 1.994222
-0.201581 -0.5340465 1.955027
-0.04731784 -0.5263897 1.959289
-0.3157564 -0.4774788 1.608195
0.0536172 -0.4647484 1.607848
-0.2199635 -0.7950463 1.904054
-0.0001848011 -0.7815942 1.84688
-0.2867929 -0.8506877 1.872935
0.05789983 -0.8474387 1.80354
9
-0.1268294 -0.5402803 1.994222
-0.201581 -0.5340465 1.955027
-0.04731784 -0.5263897 1.959289
-0.3157564 -0.4774788 1.608195
0.0536172 -0.4647484 1.607848
-0.2199635 -0.7950463 1.904054
-0.0001848011 -0.7815942 1.84688
-0.2867929 -0.8506877 1.872935
0.05789983 -0.8474387 1.80354
9
-0.1302217 -0.5096406 1.994554
-0.2042438 -0.5039117 1.955575
-0.05131934 -0.4963525 1.959126
-0.3186787 -0.4774361 1.605467
0.05766244 -0.4605099 1.606744
-0.2196096 -0.7878118 1.90078
-0.001982504 -0.7791557 1.847657
-0.2744363 -0.8526478 1.880801
0.05414129 -0.8464984 1.804764
9
-0.1302217 -0.5096406 1.994554
-0.2042438 -0.5039117 1.955575
-0.05131934 -0.4963525 1.959126
-0.3186787 -0.4774361 1.605467
0.05766244 -0.4605099 1.606744
-0.2196096 -0.7878118 1.90078
-0.001982504 -0.7791557 1.847657
-0.2744363 -0.8526478 1.880801
0.05414129 -0.8464984 1.804764
9
-0.1318592 -0.4713183 1.995073
-0.2049636 -0.4654298 1.957574
-0.05378128 -0.4594465 1.95787
-0.3223797 -0.4634713 1.607877
0.06191957 -0.4573203 1.606323
-0.2195619 -0.783946 1.901035
-0.002974204 -0.777968 1.848454
-0.2705805 -0.8517498 1.879739
0.05180198 -0.8462998 1.806059
9
-0.1318592 -0.4713183 1.995073
-0.2049636 -0.4654298 1.957574
-0.05378128 -0.4594465 1.95787
-0.3223797 -0.4634713 1.607877
0.06191957 -0.4573203 1.606323
-0.2195619 -0.783946 1.901035
-0.002974204 -0.777968 1.848454
-0.2705805 -0.8517498 1.879739
0.05180198 -0.8462998 1.806059
9
-0.1317837 -0.4447634 1.99424
-0.2039267 -0.439807 1.956882
-0.05467919 -0.4330028 1.956657
-0.3226907 -0.4532994 1.608143
0.06328851 -0.4622222 1.607616
-0.2160549 -0.7827953 1.906081
-0.004790405 -0.7756597 1.85183
-0.2698032 -0.8495193 1.879143
0.0492765 -0.8441344 1.805934
