40
9
-0.2017993 -0.5803757 1.916802
-0.2646615 -0.5682424 1.842896
-0.1321579 -0.5700483 1.9178
-0.1899657 -0.5453569 1.47905
0.1533198 -0.516274 1.699379
-0.34886 -0.8046731 1.748157
-0.08378403 -0.7874709 1.907539
-0.3340243 -0.8599036 1.646505
-0.04044258 -0.8605558 1.854811
9
-0.2017993 -0.5803757 1.916802
-0.2646615 -0.5682424 1.842896
-0.1321579 -0.5700483 1.9178
-0.1899657 -0.5453569 1.47905
0.1533198 -0.516274 1.699379
-0.34886 -0.8046731 1.748157
-0.08378403 -0.7874709 1.907539
-0.3340243 -0.8599036 1.646505
-0.04044258 -0.8605558 1.854811
9
-0.2033568 -0.5790191 1.916046
-0.2668481 -0.5667493 1.842703
-0.1330356 -0.5688294 1.916447
-0.1907393 -0.5454812 1.479073
0.1512591 -0.5181416 1.695517
-0.3499053 -0.8061208 1.748348
-0.08507608 -0.7889926 1.90773
-0.3330261 -0.8512434 1.637859
-0.04171107 -0.8620571 1.855013
9
-0.2033568 -0.5790191 1.916046
-0.2668481 -0.5667493 1.842703
-0.1330356 -0.5688294 1.916447
-0.1907393 -0.5454812 1.479073
0.1512591 -0.5181416 1.695517
-0.3499053 -0.8061208 1.748348
-0.08507608 -0.7889926 1.90773
-0.3330261 -0.8512434 1.637859
-0.04171107 -0.8620571 1.855013
9
-0.2009581 -0.5779546 1.915281
-0.2651142 -0.5663346 1.842297
-0.1295462 -0.5669399 1.915078
-0.1915875 -0.5454969 1.478109
0.1527889 -0.5191902 1.69072
-0.3492688 -0.8046216 1.74426
-0.08616874 -0.7905898 1.908073
-0.3248257 -0.809662 1.616112
-0.04278259 -0.8636367 1.855364
9
-0.2009581 -0.5779546 1.915281
-0.2651142 -0.5663346 1.842297
-0.1295462 -0.5669399 1.915078
-0.1915875 -0.5454969 1.478109
0.1527889 -0.5191902 1.69072
-0.3492688 -0.8046216 1.74426
-0.08616874 -0.7905898 1.908073
-0.3248257 -0.809662 1.616112
-0.04278259 -0.8636367 1.855364
9
-0.1986954 -0.5771804 1.914078
-0.2632253 -0.5660458 1.841427
-0.1268348 -0.5657165 1.913457
-0.1926803 -0.5455806 1.476625
0.1548351 -0.5199012 1.687808
-0.3518238 -0.8085929 1.74937
-0.08717248 -0.7926834 1.909539
-0.3326379 -0.7949949 1.618251
-0.04376924 -0.8657097 1.85684
9
-0.1986954 -0.5771804 1.914078
-0.2632253 -0.5660458 1.841427
-0.1268348 -0.5657165 1.913457
-0.1926803 -0.5455806 1.476625
0.1548351 -0.5199012 1.687808
-0.3518238 -0.8085929 1.74937
-0.08717248 -0.7926834 1.909539
-0.3326379 -0.7949949 1.618251
-0.04376924 -0.8657097 1.85684
9
-0.1972526 -0.5765694 1.913297
-0.2620809 -0.5657745 1.840903
-0.1250838 -0.5648122 1.912385
-0.1940201 -0.545691 1.475607
0.1561921 -0.520349 1.685949
-0.3506903 -0.7967303 1.739585
-0.08831283 -0.7953752 1.911927
-0.3715767 -0.8747126 1.721742
-0.04489189 -0.8683758 1.859239
9
-0.1972526 -0.5765694 1.913297
-0.2620809 -0.5657745 1.840903
-0.1250838 -0.5648122 1.912385
-0.1940201 -0.545691 1.475607
0.1561921 -0.520349 1.685949
-0.3506903 -0.7967303 1.739585
-0.08831283 -0.7953752 1.911927
-0.3715767 -0.8747126 1.721742
-0.04489189 -0.8683758 1.859239
9
-0.200879 -0.5757521 1.912669
-0.266529 -0.5644903 1.840634
-0.1278418 -0.5645247 1.911523
-0.1954288 -0.5453869 1.47588
0.1555263 -0.5214483 1.68779
-0.349186 -0.7992221 1.738054
-0.08914003 -0.7970061 1.913825
-0.2862204 -0.833155 1.616059
-0.0457054 -0.8699964 1.861143
9
-0.200879 -0.5757521 1.912669
-0.266529 -0.5644903 1.840634
-0.1278418 -0.5645247 1.911523
-0.1954288 -0.5453869 1.47588
0.1555263 -0.5214483 1.68779
-0.349186 -0.7992221 1.738054
-0.08914003 -0.7970061 1.913825
-0.2862204 -0.833155 1.616059
-0.0457054 -0.8699964 1.861143
9
-0.1988122 -0.5748843 1.912128
-0.264618 -0.5641079 1.84029
-0.1255926 -0.5632061 1.910729
-0.1972726 -0.545266 1.474805
0.1580762 -0.5219061 1.687169
-0.3531601 -0.804219 1.741527
-0.08981842 -0.7982304 1.915913
-0.2905904 -0.8376742 1.619041
-0.03913114 -0.8671728 1.862372
9
-0.1988122 -0.5748843 1.912128
-0.264618 -0.5641079 1.84029
-0.1255926 -0.5632061 1.910729
-0.1972726 -0.545266 1.474805
0.1580762 -0.5219061 1.687169
-0.3531601 -0.804219 1.741527
-0.08981842 -0.7982304 1.915913
-0.2905904 -0.8376742 1.619041
-0.03913114 -0.8671728 1.862372
9
-0.2018706 -0.5737366 1.91184
-0.2682628 -0.5626791 1.840393
-0.1279839 -0.5624498 1.910142
-0.1991951 -0.5452668 1.475177
0.1576101 -0.5226488 1.689118
-0.3514598 -0.8078624 1.740343
-0.09168829 -0.80091 1.920203
-0.2894114 -0.8411363 1.617513
-0.03526379 -0.8652366 1.862998
9
-0.2018706 -0.5737366 1.91184
-0.2682628 -0.5626791 1.840393
-0.1279839 -0.5624498 1.910142
-0.1991951 -0.5452668 1.475177
0.1576101 -0.5226488 1.689118
-0.3514598 -0.8078624 1.740343
-0.09168829 -0.80091 1.920203
-0.2894114 -0.8411363 1.617513
-0.03526379 -0.8652366 1.862998
9
-0.2038913 -0.5728546 1.912177
-0.2706827 -0.5616724 1.840969
-0.1295107 -0.561807 1.910269
-0.2008564 -0.5451661 1.475865
0.1571146 -0.523365 1.690541
-0.3518239 -0.8084801 1.740583
-0.09297883 -0.8025708 1.923467
-0.2904208 -0.8416059 1.617279
-0.03302418 -0.8639003 1.864862
9
-0.2038913 -0.5728546 1.912177
-0.2706827 -0.5616724 1.840969
-0.1295107 -0.561807 1.910269
-0.2008564 -0.5451661 1.475865
0.1571146 -0.523365 1.690541
-0.3518239 -0.8084801 1.740583
-0.09297883 -0.8025708 1.923467
-0.2904208 -0.8416059 1.617279
-0.03302418 -0.8639003 1.864862
9
-0.2048999 -0.5721219 1.912748
-0.271876 -0.5609512 1.841809
-0.1302868 -0.5611642 1.91059
-0.2021413 -0.5449336 1.47667
0.1566427 -0.5237761 1.691143
-0.3503861 -0.8096841 1.739032
-0.09313983 -0.8032156 1.924732
-0.2893503 -0.842655 1.615461
-0.03146346 -0.863233 1.866257
9
-0.2048999 -0.5721219 1.912748
-0.271876 -0.5609512 1.841809
-0.1302868 -0.5611642 1.91059
-0.2021413 -0.5449336 1.47667
0.1566427 -0.5237761 1.691143
-0.3503861 -0.8096841 1.739032
-0.09313983 -0.8032156 1.924732
-0.2893503 -0.842655 1.615461
-0.03146346 -0.863233 1.866257
9
-0.2051576 -0.5717753 1.912915
-0.2721962 -0.5606807 1.842073
-0.130473 -0.5607743 1.910658
-0.2027405 -0.5447788 1.476876
0.1567896 -0.5240949 1.691606
-0.3506948 -0.8094921 1.73915
-0.05987372 -0.7910242 1.911819
-0.2900627 -0.8422825 1.615228
-0.004883833 -0.8250462 1.786708
9
-0.2051576 -0.5717753 1.912915
-0.2721962 -0.5606807 1.842073
-0.130473 -0.5607743 1.910658
-0.2027405 -0.5447788 1.476876
0.1567896 -0.5240949 1.691606
-0.3506948 -0.8094921 1.73915
-0.05987372 -0.7910242 1.911819
-0.2900627 -0.8422825 1.615228
-0.004883833 -0.8250462 1.786708
9
-0.2051576 -0.5717753 1.912915
-0.2721962 -0.5606807 1.842073
-0.130473 -0.5607743 1.910658
-0.2027405 -0.5447788 1.476876
0.1567896 -0.5240949 1.691606
-0.3506948 -0.8094921 1.73915
-0.05987372 -0.7910242 1.911819
-0.2900627 -0.8422825 1.615228
-0.004883833 -0.8250462 1.786708
9
-0.2051576 -0.5717753 1.912915
-0.2721962 -0.5606807 1.842073
-0.130473 -0.5607743 1.910658
-0.2027405 -0.5447788 1.476876
0.1567896 -0.5240949 1.691606
-0.3506948 -0.8094921 1.73915
-0.05987372 -0.7910242 1.911819
-0.2900627 -0.8422825 1.615228
-0.004883833 -0.8250462 1.786708
9
-0.1990014 -0.5702006 1.913708
-0.2658892 -0.560562 1.842647
-0.1243603 -0.5577437 1.911645
-0.2030789 -0.5446983 1.476236
0.1603594 -0.5244353 1.688464
-0.3503855 -0.8091274 1.738871
-0.05631325 -0.7914079 1.908665
-0.2899971 -0.8415011 1.614576
-0.001625493 -0.8249831 1.783192
9
-0.1990014 -0.5702006 1.913708
-0.2658892 -0.560562 1.842647
-0.1243603 -0.5577437 1.911645
-0.2030789 -0.5446983 1.476236
0.1603594 -0.5244353 1.688464
-0.3503855 -0.8091274 1.738871
-0.05631325 -0.7914079 1.908665
-0.2899971 -0.8415011 1.614576
-0.001625493 -0.8249831 1.783192
9
-0.1990014 -0.5702006 1.913708
-0.2658892 -0.560562 1.842647
-0.1243603 -0.5577437 1.911645
-0.2030789 -0.5446983 1.476236
0.1603594 -0.5244353 1.688464
-0.3503855 -0.8091274 1.738871
-0.05631325 -0.7914079 1.908665
-0.2899971 -0.8415011 1.614576
-0.001625493 -0.8249831 1.783192
9
-0.1990014 -0.5702006 1.913708
-0.2658892 -0.560562 1.842647
-0.1243603 -0.5577437 1.911645
-0.2030789 -0.5446983 1.476236
0.1603594 -0.5244353 1.688464
-0.3503855 -0.8091274 1.738871
-0.05631325 -0.7914079 1.908665
-0.2899971 -0.8415011 1.614576
-0.001625493 -0.8249831 1.783192
9
-0.1990014 -0.5702006 1.913708
-0.2658892 -0.560562 1.842647
-0.1243603 -0.5577437 1.911645
-0.2030789 -0.5446983 1.476236
0.1603594 -0.5244353 1.688464
-0.3503855 -0.8091274 1.738871
-0.05631325 -0.7914079 1.908665
-0.2899971 -0.8415011 1.614576
-0.001625493 -0.8249831 1.783192
9
-0.1990014 -0.5702006 1.913708
-0.2658892 -0.560562 1.842647
-0.1243603 -0.5577437 1.911645
-0.2030789 -0.5446983 1.476236
0.1603594 -0.5244353 1.688464
-0.3503855 -0.8091274 1.738871
-0.05631325 -0.7914079 1.908665
-0.2899971 -0.8415011 1.614576
-0.001625493 -0.8249831 1.783192
9
-0.1960816 -0.5694416 1.914457
-0.2631426 -0.5605541 1.843202
-0.1213625 -0.5562391 1.912577
-0.2037501 -0.5445458 1.476223
0.1618364 -0.5247241 1.687027
-0.3501336 -0.8093237 1.73841
-0.05388632 -0.7920204 1.907717
-0.2902249 -0.8414012 1.613679
0.0002816655 -0.8252902 1.781811
9
-0.1960816 -0.5694416 1.914457
-0.2631426 -0.5605541 1.843202
-0.1213625 -0.5562391 1.912577
-0.2037501 -0.5445458 1.476223
0.1618364 -0.5247241 1.687027
-0.3501336 -0.8093237 1.73841
-0.05388632 -0.7920204 1.907717
-0.2902249 -0.8414012 1.613679
0.0002816655 -0.8252902 1.781811
9
-0.1943216 -0.5690715 1.914919
-0.2613803 -0.5606426 1.843759
-0.119677 -0.5554742 1.912921
-0.2048754 -0.5439892 1.476342
0.1627524 -0.5249587 1.686185
-0.3499207 -0.809094 1.738022
-0.05705716 -0.7910258 1.904629
-0.2905722 -0.8409765 1.612863
-0.00338795 -0.8240961 1.7783
9
-0.1943216 -0.5690715 1.914919
-0.2613803 -0.5606426 1.843759
-0.119677 -0.5554742 1.912921
-0.2048754 -0.5439892 1.476342
0.1627524 -0.5249587 1.686185
-0.3499207 -0.809094 1.738022
-0.05705716 -0.7910258 1.904629
-0.2905722 -0.8409765 1.612863
-0.00338795 -0.8240961 1.7783
9
-0.1927001 -0.5689082 1.914752
-0.2597688 -0.5608136 1.843662
-0.118129 -0.5550231 1.912654
-0.206717 -0.5431434 1.475763
0.1639095 -0.5250482 1.685331
-0.3498582 -0.8091779 1.737606
-0.05656316 -0.7907565 1.903595
-0.293292 -0.8545246 1.644889
-0.003230426 -0.823665 1.776994
9
-0.1927001 -0.5689082 1.914752
-0.2597688 -0.5608136 1.843662
-0.118129 -0.5550231 1.912654
-0.206717 -0.5431434 1.475763
0.1639095 -0.5250482 1.685331
-0.3498582 -0.8091779 1.737606
-0.05656316 -0.7907565 1.903595
-0.293292 -0.8545246 1.644889
-0.003230426 -0.823665 1.776994
9
-0.1918041 -0.5686742 1.914993
-0.2589388 -0.5608095 1.843905
-0.1172235 -0.5545788 1.912876
-0.2085473 -0.5422215 1.475664
0.1643474 -0.5251731 1.684846
-0.3498527 -0.8091478 1.737512
-0.05644715 -0.7905034 1.903251
-0.2931658 -0.854627 1.645029
-0.003423002 -0.823325 1.776427
9
-0.1918041 -0.5686742 1.914993
-0.2589388 -0.5608095 1.843905
-0.1172235 -0.5545788 1.912876
-0.2085473 -0.5422215 1.475664
0.1643474 -0.5251731 1.684846
-0.3498527 -0.8091478 1.737512
-0.05644715 -0.7905034 1.903251
-0.2931658 -0.854627 1.645029
-0.003423002 -0.823325 1.776427
9
-0.1918041 -0.5686742 1.914993
-0.2589388 -0.5608095 1.843905
-0.1172235 -0.5545788 1.912876
-0.2085473 -0.5422215 1.475664
0.1643474 -0.5251731 1.684846
-0.3498527 -0.8091478 1.737512
-0.05644715 -0.7905034 1.903251
-0.2931658 -0.854627 1.645029
-0.003423002 -0.823325 1.776427
9
-0.1918041 -0.5686742 1.914993
-0.2589388 -0.5608095 1.843905
-0.1172235 -0.5545788 1.912876
-0.2085473 -0.5422215 1.475664
0.1643474 -0.5251731 1.684846
-0.3498527 -0.8091478 1.737512
-0.05644715 -0.7905034 1.903251
-0.2931658 -0.854627 1.645029
-0.003423002 -0.823325 1.776427
