40
9
0.01327871 0.001239985 2.155933
-0.06302199 0.001549483 2.113089
0.0892302 0.001233449 2.123331
-0.1239369 -0.3946461 1.956964
0.05659898 -0.421519 2.14284
-0.1858405 -0.7607537 1.962754
0.002801078 -0.7559808 2.16359
-0.1639797 -0.7841705 1.846372
0.01132703 -0.8146424 2.096763
9
0.01327871 0.001239985 2.155933
-0.06302199 0.001549483 2.113089
0.0892302 0.001233449 2.123331
-0.1239369 -0.3946461 1.956964
0.05659898 -0.421519 2.14284
-0.1858405 -0.7607537 1.962754
0.002801078 -0.7559808 2.16359
-0.1639797 -0.7841705 1.846372
0.01132703 -0.8146424 2.096763
9
0.01480082 0.002049229 2.157459
-0.06170562 0.002740851 2.114861
0.09091145 0.001609181 2.124712
-0.121161 -0.3678697 1.921056
0.05691743 -0.421042 2.142924
-0.1824392 -0.7444714 1.92587
0.002791045 -0.7558023 2.163713
-0.1941474 -0.7961067 1.850636
0.0112688 -0.8144147 2.096758
9
0.01475358 0.002520368 2.158388
-0.06197647 0.003776646 2.115894
0.09102417 0.001617227 2.125692
-0.1229298 -0.3459917 1.880846
0.05693955 -0.4209384 2.142379
-0.1773293 -0.720758 1.852383
0.002738917 -0.7557753 2.163607
-0.1850657 -0.7745027 1.779499
0.01142881 -0.8139586 2.095785
9
0.01475358 0.002520368 2.158388
-0.06197647 0.003776646 2.115894
0.09102417 0.001617227 2.125692
-0.1229298 -0.3459917 1.880846
0.05693955 -0.4209384 2.142379
-0.1773293 -0.720758 1.852383
0.002738917 -0.7557753 2.163607
-0.1850657 -0.7745027 1.779499
0.01142881 -0.8139586 2.095785
9
0.01475358 0.002520368 2.158388
-0.06197647 0.003776646 2.115894
0.09102417 0.001617227 2.125692
-0.1229298 -0.3459917 1.880846
0.05693955 -0.4209384 2.142379
-0.1773293 -0.720758 1.852383
0.002738917 -0.7557753 2.163607
-0.1850657 -0.7745027 1.779499
0.01142881 -0.8139586 2.095785
9
0.01307346 0.003478674 2.15977
-0.06498033 0.005768647 2.118069
0.09030256 0.001819444 2.126446
-0.1242245 -0.3156381 1.83416
0.05610181 -0.4184527 2.137664
-0.1667932 -0.6507426 1.776472
0.002594116 -0.7558371 2.163477
-0.1679688 -0.6948242 1.679688
0.0113988 -0.8148272 2.092788
9
0.01307346 0.003478674 2.15977
-0.06498033 0.005768647 2.118069
0.09030256 0.001819444 2.126446
-0.1242245 -0.3156381 1.83416
0.05610181 -0.4184527 2.137664
-0.1667932 -0.6507426 1.776472
0.002594116 -0.7558371 2.163477
-0.1679688 -0.6948242 1.679688
0.0113988 -0.8148272 2.092788
9
0.003003317 0.003992875 2.20551
-0.07921765 0.00815862 2.161265
0.08519058 -0.0003620635 2.174858
-0.1266983 -0.2641849 1.792343
0.05135603 -0.4198042 2.131521
-0.1581424 -0.5563024 1.695825
0.002485335 -0.7558587 2.163588
-0.1627888 -0.6142799 1.581589
0.01152669 -0.8148074 2.092839
9
-0.009260346 0.008402922 2.191296
-0.09197131 0.01534752 2.153497
0.07276229 0.0007386632 2.150496
-0.1287772 -0.1231793 1.771252
0.04219817 -0.3799967 2.121366
-0.151599 -0.4683973 1.619052
0.004457075 -0.7354671 2.159873
-0.1500244 -0.5053711 1.503906
0.01024704 -0.8120797 2.093062
9
-0.009260346 0.008402922 2.191296
-0.09197131 0.01534752 2.153497
0.07276229 0.0007386632 2.150496
-0.1287772 -0.1231793 1.771252
0.04219817 -0.3799967 2.121366
-0.151599 -0.4683973 1.619052
0.004457075 -0.7354671 2.159873
-0.1500244 -0.5053711 1.503906
0.01024704 -0.8120797 2.093062
9
-0.009260346 0.008402922 2.191296
-0.09197131 0.01534752 2.153497
0.07276229 0.0007386632 2.150496
-0.1287772 -0.1231793 1.771252
0.04219817 -0.3799967 2.121366
-0.151599 -0.4683973 1.619052
0.004457075 -0.7354671 2.159873
-0.1500244 -0.5053711 1.503906
0.01024704 -0.8120797 2.093062
9
-0.01171576 0.01148266 2.183529
-0.09623044 0.01981344 2.141244
0.07214337 0.002355537 2.147835
-0.1322746 -0.1474743 1.71844
0.03157498 -0.4165983 2.120325
-0.162725 -0.4153457 1.483342
-0.0005538471 -0.7433071 2.159758
-0.1356957 -0.3733355 1.380813
0.01030636 -0.8129348 2.095391
9
-0.01337582 0.01227985 2.175943
-0.09871643 0.01980657 2.132247
0.07168821 0.003719677 2.1432
-0.1272134 -0.09861553 1.681429
0.03300219 -0.3981108 2.111619
-0.1696775 -0.3353449 1.364438
-0.003036187 -0.745932 2.157439
-0.1935532 -0.3235191 1.256228
0.01066809 -0.813544 2.095671
9
-0.01337582 0.01227985 2.175943
-0.09871643 0.01980657 2.132247
0.07168821 0.003719677 2.1432
-0.1272134 -0.09861553 1.681429
0.03300219 -0.3981108 2.111619
-0.1696775 -0.3353449 1.364438
-0.003036187 -0.745932 2.157439
-0.1935532 -0.3235191 1.256228
0.01066809 -0.813544 2.095671
9
-0.03756381 0.01310251 2.182976
-0.1251706 0.02269498 2.139733
0.05098824 0.003065213 2.150526
-0.117111 -0.02935633 1.676643
0.03511488 -0.396599 2.108541
-0.1596513 -0.266399 1.359951
-0.00378564 -0.7459316 2.153757
-0.1849918 -0.2303648 1.257854
0.01118157 -0.8138871 2.094829
9
-0.03756381 0.01310251 2.182976
-0.1251706 0.02269498 2.139733
0.05098824 0.003065213 2.150526
-0.117111 -0.02935633 1.676643
0.03511488 -0.396599 2.108541
-0.1596513 -0.266399 1.359951
-0.00378564 -0.7459316 2.153757
-0.1849918 -0.2303648 1.257854
0.01118157 -0.8138871 2.094829
9
-0.03796851 0.01331421 2.183084
-0.1259498 0.02320596 2.139849
0.05085347 0.003100659 2.150633
-0.1012893 0.03653828 1.702062
0.04017743 -0.3857231 2.095948
-0.1391315 -0.1729581 1.362347
-0.004133247 -0.7479249 2.14853
-0.171931 -0.1308124 1.23418
0.01133025 -0.8141039 2.094568
9
-0.03796851 0.01331421 2.183084
-0.1259498 0.02320596 2.139849
0.05085347 0.003100659 2.150633
-0.1012893 0.03653828 1.702062
0.04017743 -0.3857231 2.095948
-0.1391315 -0.1729581 1.362347
-0.004133247 -0.7479249 2.14853
-0.171931 -0.1308124 1.23418
0.01133025 -0.8141039 2.094568
9
0.07639103 -0.01197906 2.14043
-0.004268017 -0.02799303 2.085139
0.154297 0.00444164 2.120505
-0.09847177 0.006432379 1.59213
0.0385965 -0.3935074 2.091323
-0.1474455 -0.1664886 1.218399
-0.003402264 -0.7500094 2.142853
-0.1627851 -0.05756307 1.183075
0.01064915 -0.8151771 2.094749
9
0.07639103 -0.01197906 2.14043
-0.004268017 -0.02799303 2.085139
0.154297 0.00444164 2.120505
-0.09847177 0.006432379 1.59213
0.0385965 -0.3935074 2.091323
-0.1474455 -0.1664886 1.218399
-0.003402264 -0.7500094 2.142853
-0.1627851 -0.05756307 1.183075
0.01064915 -0.8151771 2.094749
9
0.07149462 -0.01348175 2.1387
-0.01031116 -0.03044473 2.083169
0.1505301 0.003751862 2.118983
-0.08635598 0.112596 1.738464
0.03897885 -0.390267 2.085494
-0.1351712 -0.05995409 1.365184
-0.002339229 -0.7512175 2.138377
-0.1572894 0.0002921931 1.244464
0.009198854 -0.7750524 2.019861
9
0.07149462 -0.01348175 2.1387
-0.01031116 -0.03044473 2.083169
0.1505301 0.003751862 2.118983
-0.08635598 0.112596 1.738464
0.03897885 -0.390267 2.085494
-0.1351712 -0.05995409 1.365184
-0.002339229 -0.7512175 2.138377
-0.1572894 0.0002921931 1.244464
0.009198854 -0.7750524 2.019861
9
0.06515174 -0.01477685 2.135664
-0.01706435 -0.0318966 2.079398
0.1449066 0.002721694 2.116638
-0.1007849 0.1321584 1.662856
0.03772077 -0.3931944 2.081693
-0.1496886 -0.04064827 1.289607
-0.003190289 -0.7543173 2.136721
-0.1641291 0.05093452 1.201471
0.007993644 -0.7780915 2.01817
9
0.06515174 -0.01477685 2.135664
-0.01706435 -0.0318966 2.079398
0.1449066 0.002721694 2.116638
-0.1007849 0.1321584 1.662856
0.03772077 -0.3931944 2.081693
-0.1496886 -0.04064827 1.289607
-0.003190289 -0.7543173 2.136721
-0.1641291 0.05093452 1.201471
0.007993644 -0.7780915 2.01817
9
0.06533603 -0.0148733 2.13537
-0.01691251 -0.03197248 2.079214
0.1451264 0.002618903 2.116211
-0.08533513 0.1462511 1.668559
0.03674974 -0.3937277 2.080039
-0.134253 -0.02655229 1.295375
-0.003579354 -0.7547851 2.136425
-0.1591243 0.05900253 1.202432
0.01311344 -0.8183141 2.091471
9
0.06533603 -0.0148733 2.13537
-0.01691251 -0.03197248 2.079214
0.1451264 0.002618903 2.116211
-0.08533513 0.1462511 1.668559
0.03674974 -0.3937277 2.080039
-0.134253 -0.02655229 1.295375
-0.003579354 -0.7547851 2.136425
-0.1591243 0.05900253 1.202432
0.01311344 -0.8183141 2.091471
9
0.06533603 -0.0148733 2.13537
-0.01691251 -0.03197248 2.079214
0.1451264 0.002618903 2.116211
-0.08533513 0.1462511 1.668559
0.03674974 -0.3937277 2.080039
-0.134253 -0.02655229 1.295375
-0.003579354 -0.7547851 2.136425
-0.1591243 0.05900253 1.202432
0.01311344 -0.8183141 2.091471
9
0.06528156 -0.01472203 2.135155
-0.01697499 -0.03167104 2.079096
0.1450727 0.002656934 2.115821
-0.08098262 0.1595923 1.673062
0.03623203 -0.3944118 2.079341
-0.1299016 -0.01320793 1.299926
-0.003258742 -0.7553373 2.134306
-0.1584155 0.06725137 1.202168
0.007553645 -0.7790883 2.015717
9
0.06544931 -0.01477019 2.135057
-0.01674592 -0.03167859 2.079047
0.1452033 0.0025698 2.115674
-0.07840508 0.1575156 1.673448
0.03588125 -0.3952616 2.079054
-0.1273264 -0.01528247 1.300309
-0.003959317 -0.7567412 2.134274
-0.1570441 0.06519812 1.203103
0.01403461 -0.8200599 2.090285
9
0.06544931 -0.01477019 2.135057
-0.01674592 -0.03167859 2.079047
0.1452033 0.0025698 2.115674
-0.07840508 0.1575156 1.673448
0.03588125 -0.3952616 2.079054
-0.1273264 -0.01528247 1.300309
-0.003959317 -0.7567412 2.134274
-0.1570441 0.06519812 1.203103
0.01403461 -0.8200599 2.090285
9
0.06366751 -0.01519156 2.134338
-0.0182589 -0.03204386 2.078601
0.1432215 0.00212268 2.114676
-0.0857283 0.1433543 1.670249
0.03586121 -0.3955111 2.07892
-0.1346428 -0.02944146 1.297056
-0.003669979 -0.7575616 2.133311
-0.1637559 0.04417297 1.191111
0.0173147 -0.8192112 2.081713
9
0.06366751 -0.01519156 2.134338
-0.0182589 -0.03204386 2.078601
0.1432215 0.00212268 2.114676
-0.0857283 0.1433543 1.670249
0.03586121 -0.3955111 2.07892
-0.1346428 -0.02944146 1.297056
-0.003669979 -0.7575616 2.133311
-0.1637559 0.04417297 1.191111
0.0173147 -0.8192112 2.081713
9
0.05841147 -0.01733785 2.133688
-0.02169604 -0.03316509 2.078741
0.1359228 -0.00127038 2.112946
-0.08212679 0.08438889 1.700094
0.03644226 -0.3964929 2.079598
-0.1309919 -0.08824796 1.326723
-0.003517348 -0.7585638 2.132852
-0.1540058 -0.01421673 1.217018
0.01655948 -0.8202685 2.082533
9
0.05841147 -0.01733785 2.133688
-0.02169604 -0.03316509 2.078741
0.1359228 -0.00127038 2.112946
-0.08212679 0.08438889 1.700094
0.03644226 -0.3964929 2.079598
-0.1309919 -0.08824796 1.326723
-0.003517348 -0.7585638 2.132852
-0.1540058 -0.01421673 1.217018
0.01655948 -0.8202685 2.082533
9
0.05841147 -0.01733785 2.133688
-0.02169604 -0.03316509 2.078741
0.1359228 -0.00127038 2.112946
-0.08212679 0.08438889 1.700094
0.03644226 -0.3964929 2.079598
-0.1309919 -0.08824796 1.326723
-0.003517348 -0.7585638 2.132852
-0.1540058 -0.01421673 1.217018
0.01655948 -0.8202685 2.082533
9
0.05841147 -0.01733785 2.133688
-0.02169604 -0.03316509 2.078741
0.1359228 -0.00127038 2.112946
-0.08212679 0.08438889 1.700094
0.03644226 -0.3964929 2.079598
-0.1309919 -0.08824796 1.326723
-0.003517348 -0.7585638 2.132852
-0.1540058 -0.01421673 1.217018
0.01655948 -0.8202685 2.082533
9
0.04820688 -0.01455951 2.124372
-0.02949434 -0.03018559 2.072877
0.1237789 0.001184918 2.099802
-0.1047072 -0.01257744 1.65519
0.03883652 -0.3935272 2.083277
-0.1469835 -0.2095643 1.351445
-0.004056634 -0.7594192 2.134144
-0.1739502 -0.1850586 1.243164
0.01471885 -0.8216054 2.084528
9
0.04820688 -0.01455951 2.124372
-0.02949434 -0.03018559 2.072877
0.1237789 0.001184918 2.099802
-0.1047072 -0.01257744 1.65519
0.03883652 -0.3935272 2.083277
-0.1469835 -0.2095643 1.351445
-0.004056634 -0.7594192 2.134144
-0.1739502 -0.1850586 1.243164
0.01471885 -0.8216054 2.084528
9
0.04820688 -0.01455951 2.124372
-0.02949434 -0.03018559 2.072877
0.1237789 0.001184918 2.099802
-0.1047072 -0.01257744 1.65519
0.03883652 -0.3935272 2.083277
-0.1469835 -0.2095643 1.351445
-0.004056634 -0.7594192 2.134144
-0.1739502 -0.1850586 1.243164
0.01471885 -0.8216054 2.084528
