40
9
0.2393462 -0.02857403 1.656446
0.1492528 -0.02537514 1.620575
0.3183592 -0.0303973 1.616937
0.144249 -0.4439485 1.559282
0.2551021 -0.4812042 1.653079
0.1137225 -0.7713099 1.55937
0.201808 -0.800312 1.627102
0.05546658 -0.8395814 1.512621
0.2407272 -0.8482623 1.533106
9
0.239297 -0.02794925 1.654826
0.1489869 -0.02424698 1.618726
0.3185029 -0.03021444 1.615513
0.1365945 -0.4222353 1.51679
0.2636566 -0.4739358 1.650386
0.1093896 -0.7651517 1.540889
0.2019306 -0.7999723 1.627242
0.1090976 -0.7961307 1.402185
0.2407783 -0.8479834 1.533251
9
0.239297 -0.02794925 1.654826
0.1489869 -0.02424698 1.618726
0.3185029 -0.03021444 1.615513
0.1365945 -0.4222353 1.51679
0.2636566 -0.4739358 1.650386
0.1093896 -0.7651517 1.540889
0.2019306 -0.7999723 1.627242
0.1090976 -0.7961307 1.402185
0.2407783 -0.8479834 1.533251
9
0.239297 -0.02794925 1.654826
0.1489869 -0.02424698 1.618726
0.3185029 -0.03021444 1.615513
0.1365945 -0.4222353 1.51679
0.2636566 -0.4739358 1.650386
0.1093896 -0.7651517 1.540889
0.2019306 -0.7999723 1.627242
0.1090976 -0.7961307 1.402185
0.2407783 -0.8479834 1.533251
9
0.239297 -0.02794925 1.654826
0.1489869 -0.02424698 1.618726
0.3185029 -0.03021444 1.615513
0.1365945 -0.4222353 1.51679
0.2636566 -0.4739358 1.650386
0.1093896 -0.7651517 1.540889
0.2019306 -0.7999723 1.627242
0.1090976 -0.7961307 1.402185
0.2407783 -0.8479834 1.533251
9
0.2416698 -0.02695977 1.652508
0.1507111 -0.0225656 1.616197
0.3216333 -0.02996196 1.61331
0.1270187 -0.3755008 1.430287
0.2740017 -0.4657348 1.648371
0.1000106 -0.71363 1.442252
0.2041717 -0.7989945 1.625437
0.09738863 -0.7440417 1.303199
0.1210938 -0.8476563 1.542969
9
0.2416698 -0.02695977 1.652508
0.1507111 -0.0225656 1.616197
0.3216333 -0.02996196 1.61331
0.1270187 -0.3755008 1.430287
0.2740017 -0.4657348 1.648371
0.1000106 -0.71363 1.442252
0.2041717 -0.7989945 1.625437
0.09738863 -0.7440417 1.303199
0.1210938 -0.8476563 1.542969
9
0.2416698 -0.02695977 1.652508
0.1507111 -0.0225656 1.616197
0.3216333 -0.02996196 1.61331
0.1270187 -0.3755008 1.430287
0.2740017 -0.4657348 1.648371
0.1000106 -0.71363 1.442252
0.2041717 -0.7989945 1.625437
0.09738863 -0.7440417 1.303199
0.1210938 -0.8476563 1.542969
9
0.2416698 -0.02695977 1.652508
0.1507111 -0.0225656 1.616197
0.3216333 -0.02996196 1.61331
0.1270187 -0.3755008 1.430287
0.2740017 -0.4657348 1.648371
0.1000106 -0.71363 1.442252
0.2041717 -0.7989945 1.625437
0.09738863 -0.7440417 1.303199
0.1210938 -0.8476563 1.542969
9
0.2433448 -0.02540531 1.650982
0.1514911 -0.02059676 1.614567
0.3243399 -0.02882943 1.61183
0.1241217 -0.3322564 1.353318
0.2836698 -0.4519081 1.639445
0.1045126 -0.6194 1.296683
0.2277928 -0.7759824 1.630574
0.09873939 -0.6498139 1.157261
0.1300981 -0.8368756 1.540776
9
0.2454327 -0.02374534 1.64935
0.1523679 -0.01941984 1.613616
0.3278368 -0.02681594 1.609476
0.1228142 -0.2984531 1.315423
0.2883137 -0.4409772 1.63124
0.09779887 -0.5726655 1.205311
0.2305041 -0.7744087 1.632181
0.08675159 -0.6076506 1.088066
0.130965 -0.8345614 1.54432
9
0.2454327 -0.02374534 1.64935
0.1523679 -0.01941984 1.613616
0.3278368 -0.02681594 1.609476
0.1228142 -0.2984531 1.315423
0.2883137 -0.4409772 1.63124
0.09779887 -0.5726655 1.205311
0.2305041 -0.7744087 1.632181
0.08675159 -0.6076506 1.088066
0.130965 -0.8345614 1.54432
9
0.2454327 -0.02374534 1.64935
0.1523679 -0.01941984 1.613616
0.3278368 -0.02681594 1.609476
0.1228142 -0.2984531 1.315423
0.2883137 -0.4409772 1.63124
0.09779887 -0.5726655 1.205311
0.2305041 -0.7744087 1.632181
0.08675159 -0.6076506 1.088066
0.130965 -0.8345614 1.54432
9
0.2454327 -0.02374534 1.64935
0.1523679 -0.01941984 1.613616
0.3278368 -0.02681594 1.609476
0.1228142 -0.2984531 1.315423
0.2883137 -0.4409772 1.63124
0.09779887 -0.5726655 1.205311
0.2305041 -0.7744087 1.632181
0.08675159 -0.6076506 1.088066
0.130965 -0.8345614 1.54432
9
0.2452114 -0.02189137 1.645454
0.1507147 -0.0172239 1.609629
0.3287549 -0.02532577 1.605591
0.1210453 -0.2177038 1.240683
0.2910459 -0.4307915 1.619615
0.05804253 -0.4359922 1.043832
0.2393722 -0.7813425 1.637769
0.06549823 -0.4469472 0.8792683
0.2220459 -0.8349609 1.519531
9
0.2452114 -0.02189137 1.645454
0.1507147 -0.0172239 1.609629
0.3287549 -0.02532577 1.605591
0.1210453 -0.2177038 1.240683
0.2910459 -0.4307915 1.619615
0.05804253 -0.4359922 1.043832
0.2393722 -0.7813425 1.637769
0.06549823 -0.4469472 0.8792683
0.2220459 -0.8349609 1.519531
9
0.2423135 -0.02067983 1.642611
0.1448589 -0.01451523 1.605519
0.3277595 -0.02512555 1.603829
0.115796 -0.1658408 1.209722
0.291022 -0.4253428 1.613568
0.04950947 -0.4714465 0.9535156
0.231203 -0.7956575 1.614852
0.0578181 -0.3642017 0.8235021
0.1367188 -0.8466797 1.53418
9
0.2423135 -0.02067983 1.642611
0.1448589 -0.01451523 1.605519
0.3277595 -0.02512555 1.603829
0.115796 -0.1658408 1.209722
0.291022 -0.4253428 1.613568
0.04950947 -0.4714465 0.9535156
0.231203 -0.7956575 1.614852
0.0578181 -0.3642017 0.8235021
0.1367188 -0.8466797 1.53418
9
0.239644 -0.0199132 1.639501
0.1412016 -0.01315261 1.603096
0.3262835 -0.02515031 1.600136
0.1116493 -0.1047747 1.187531
0.29139 -0.4238437 1.609443
0.04534561 -0.4112771 0.9317383
0.2158609 -0.7940468 1.623624
0.05470356 -0.3002838 0.806308
0.142764 -0.8459632 1.537046
9
0.239644 -0.0199132 1.639501
0.1412016 -0.01315261 1.603096
0.3262835 -0.02515031 1.600136
0.1116493 -0.1047747 1.187531
0.29139 -0.4238437 1.609443
0.04534561 -0.4112771 0.9317383
0.2158609 -0.7940468 1.623624
0.05470356 -0.3002838 0.806308
0.142764 -0.8459632 1.537046
9
0.2135375 -0.02125088 1.637005
0.1133102 -0.01238742 1.603742
0.3033935 -0.02878593 1.594882
0.1121096 -0.04226406 1.172055
0.2898083 -0.428811 1.604189
0.04579086 -0.3495517 0.916832
0.2116425 -0.7921679 1.625219
0.05616753 -0.2374278 0.7939541
0.1446146 -0.8462988 1.536478
9
0.2135375 -0.02125088 1.637005
0.1133102 -0.01238742 1.603742
0.3033935 -0.02878593 1.594882
0.1121096 -0.04226406 1.172055
0.2898083 -0.428811 1.604189
0.04579086 -0.3495517 0.916832
0.2116425 -0.7921679 1.625219
0.05616753 -0.2374278 0.7939541
0.1446146 -0.8462988 1.536478
9
0.2098783 -0.01750266 1.660513
0.1043561 0.0005314588 1.64394
0.3034261 -0.03062758 1.606869
0.116298 0.03793849 1.190607
0.2796702 -0.4265427 1.598224
0.05005327 -0.2697421 0.9363579
0.2092547 -0.7922342 1.625133
0.05879822 -0.1722405 0.8007727
0.1479872 -0.8460003 1.534769
9
0.2098783 -0.01750266 1.660513
0.1043561 0.0005314588 1.64394
0.3034261 -0.03062758 1.606869
0.116298 0.03793849 1.190607
0.2796702 -0.4265427 1.598224
0.05005327 -0.2697421 0.9363579
0.2092547 -0.7922342 1.625133
0.05879822 -0.1722405 0.8007727
0.1479872 -0.8460003 1.534769
9
0.2107716 -0.01978875 1.664702
0.1054793 -0.002915277 1.646779
0.3047217 -0.03268712 1.610468
0.1161705 0.03775686 1.190746
0.2728403 -0.4259039 1.594183
0.04992631 -0.2699209 0.9364954
0.2047148 -0.795052 1.624696
0.05556669 -0.159509 0.8134944
0.1435688 -0.8471044 1.533692
9
0.2107716 -0.01978875 1.664702
0.1054793 -0.002915277 1.646779
0.3047217 -0.03268712 1.610468
0.1161705 0.03775686 1.190746
0.2728403 -0.4259039 1.594183
0.04992631 -0.2699209 0.9364954
0.2047148 -0.795052 1.624696
0.05556669 -0.159509 0.8134944
0.1435688 -0.8471044 1.533692
9
0.2105798 -0.01735868 1.667588
0.1059753 -0.002047489 1.647888
0.3040109 -0.02993098 1.613835
0.1162932 0.03768457 1.19079
0.2691222 -0.4244027 1.590978
0.05148496 -0.03931681 0.8030787
0.1988666 -0.7991694 1.626582
0.0662378 0.007429313 0.6802749
0.1440229 -0.8473735 1.534409
9
0.2105798 -0.01735868 1.667588
0.1059753 -0.002047489 1.647888
0.3040109 -0.02993098 1.613835
0.1162932 0.03768457 1.19079
0.2691222 -0.4244027 1.590978
0.05148496 -0.03931681 0.8030787
0.1988666 -0.7991694 1.626582
0.0662378 0.007429313 0.6802749
0.1440229 -0.8473735 1.534409
9
0.2072119 -0.01115634 1.670799
0.1052503 0.002717852 1.651734
0.2985944 -0.02345161 1.615296
0.1159866 0.0371715 1.191045
0.2671165 -0.4233084 1.588425
0.05042104 -0.03573866 0.8027174
0.1977083 -0.7989029 1.626306
0.06399627 0.02584188 0.6893354
0.1412048 -0.8473223 1.533137
9
0.2072119 -0.01115634 1.670799
0.1052503 0.002717852 1.651734
0.2985944 -0.02345161 1.615296
0.1159866 0.0371715 1.191045
0.2671165 -0.4233084 1.588425
0.05042104 -0.03573866 0.8027174
0.1977083 -0.7989029 1.626306
0.06399627 0.02584188 0.6893354
0.1412048 -0.8473223 1.533137
9
0.2859894 -0.02914008 1.631675
0.2036868 -0.04524145 1.604361
0.3551574 -0.0117055 1.584144
0.2698933 -0.1959834 1.136055
0.2644983 -0.4227673 1.586294
0.04712772 -0.02735522 0.8453234
0.1983376 -0.7978247 1.623512
0.05753832 0.01603003 0.7125697
0.1362645 -0.8474298 1.531587
9
0.2859894 -0.02914008 1.631675
0.2036868 -0.04524145 1.604361
0.3551574 -0.0117055 1.584144
0.2698933 -0.1959834 1.136055
0.2644983 -0.4227673 1.586294
0.04712772 -0.02735522 0.8453234
0.1983376 -0.7978247 1.623512
0.05753832 0.01603003 0.7125697
0.1362645 -0.8474298 1.531587
9
0.2859484 -0.02905685 1.631807
0.2035695 -0.04501823 1.604633
0.3551565 -0.01169703 1.58419
0.2703195 -0.1953006 1.136257
0.262344 -0.4228194 1.584668
0.0456603 -0.02501252 0.8478424
0.1982749 -0.79748 1.621678
0.05619487 0.01990391 0.7138069
0.1366464 -0.8474496 1.531558
9
0.2838004 -0.0332682 1.63527
0.2011361 -0.04956282 1.607118
0.3533668 -0.01553975 1.588771
0.2557823 -0.2375999 1.151087
0.2605862 -0.421437 1.582931
0.05627088 -0.03310223 0.8665316
0.1908345 -0.801073 1.633193
0.05545794 0.02033048 0.7142941
0.1377688 -0.8476453 1.532314
9
0.2838004 -0.0332682 1.63527
0.2011361 -0.04956282 1.607118
0.3533668 -0.01553975 1.588771
0.2557823 -0.2375999 1.151087
0.2605862 -0.421437 1.582931
0.05627088 -0.03310223 0.8665316
0.1908345 -0.801073 1.633193
0.05545794 0.02033048 0.7142941
0.1377688 -0.8476453 1.532314
9
0.2838004 -0.0332682 1.63527
0.2011361 -0.04956282 1.607118
0.3533668 -0.01553975 1.588771
0.2557823 -0.2375999 1.151087
0.2605862 -0.421437 1.582931
0.05627088 -0.03310223 0.8665316
0.1908345 -0.801073 1.633193
0.05545794 0.02033048 0.7142941
0.1377688 -0.8476453 1.532314
9
0.2838004 -0.0332682 1.63527
0.2011361 -0.04956282 1.607118
0.3533668 -0.01553975 1.588771
0.2557823 -0.2375999 1.151087
0.2605862 -0.421437 1.582931
0.05627088 -0.03310223 0.8665316
0.1908345 -0.801073 1.633193
0.05545794 0.02033048 0.7142941
0.1377688 -0.8476453 1.532314
9
0.2838004 -0.0332682 1.63527
0.2011361 -0.04956282 1.607118
0.3533668 -0.01553975 1.588771
0.2557823 -0.2375999 1.151087
0.2605862 -0.421437 1.582931
0.05627088 -0.03310223 0.8665316
0.1908345 -0.801073 1.633193
0.05545794 0.02033048 0.7142941
0.1377688 -0.8476453 1.532314
9
0.2910437 -0.04518286 1.634602
0.2073615 -0.06087311 1.601949
0.3622491 -0.02889759 1.592908
0.1250087 0.06431466 1.251103
0.2593112 -0.4241285 1.585082
0.05239497 -0.03034431 0.8686079
0.1905881 -0.8014467 1.633427
-0.00739491 -0.1293632 0.7655354
0.1663772 -0.8461608 1.525744
9
0.2910437 -0.04518286 1.634602
0.2073615 -0.06087311 1.601949
0.3622491 -0.02889759 1.592908
0.1250087 0.06431466 1.251103
0.2593112 -0.4241285 1.585082
0.05239497 -0.03034431 0.8686079
0.1905881 -0.8014467 1.633427
-0.00739491 -0.1293632 0.7655354
0.1663772 -0.8461608 1.525744
