40
9
0.120295 -0.2147374 2.042587
0.03232353 -0.209783 2.025786
0.2048552 -0.2125645 1.984997
-0.02864903 -0.3301438 1.567261
0.1728077 -0.6046546 1.964185
-0.1051145 -0.4887355 1.214936
0.1498741 -0.9563633 2.023458
-0.1266482 -0.4009892 1.115056
0.1253508 -0.9832482 1.879895
9
0.120295 -0.2147374 2.042587
0.03232353 -0.209783 2.025786
0.2048552 -0.2125645 1.984997
-0.02864903 -0.3301438 1.567261
0.1728077 -0.6046546 1.964185
-0.1051145 -0.4887355 1.214936
0.1498741 -0.9563633 2.023458
-0.1266482 -0.4009892 1.115056
0.1253508 -0.9832482 1.879895
9
0.1392899 -0.219309 2.014261
0.05379067 -0.2188573 1.995649
0.2199063 -0.2123699 1.959682
-0.02861683 -0.2658498 1.526686
0.173727 -0.5997393 1.955758
-0.09939418 -0.376956 1.171858
0.146458 -0.9583915 2.0177
-0.1220315 -0.2866987 1.077539
0.1217816 -0.9845017 1.873959
9
0.1373477 -0.2206131 2.015738
0.0506185 -0.2211736 1.999069
0.2189063 -0.212859 1.959971
-0.01919289 -0.2075034 1.525715
0.1735641 -0.5982448 1.94947
-0.09412038 -0.3067721 1.161657
0.1451786 -0.9608033 2.003609
-0.1168408 -0.2183478 1.066804
0.119671 -0.9867715 1.860102
9
0.1373477 -0.2206131 2.015738
0.0506185 -0.2211736 1.999069
0.2189063 -0.212859 1.959971
-0.01919289 -0.2075034 1.525715
0.1735641 -0.5982448 1.94947
-0.09412038 -0.3067721 1.161657
0.1451786 -0.9608033 2.003609
-0.1168408 -0.2183478 1.066804
0.119671 -0.9867715 1.860102
9
0.1373477 -0.2206131 2.015738
0.0506185 -0.2211736 1.999069
0.2189063 -0.212859 1.959971
-0.01919289 -0.2075034 1.525715
0.1735641 -0.5982448 1.94947
-0.09412038 -0.3067721 1.161657
0.1451786 -0.9608033 2.003609
-0.1168408 -0.2183478 1.066804
0.119671 -0.9867715 1.860102
9
0.1373477 -0.2206131 2.015738
0.0506185 -0.2211736 1.999069
0.2189063 -0.212859 1.959971
-0.01919289 -0.2075034 1.525715
0.1735641 -0.5982448 1.94947
-0.09412038 -0.3067721 1.161657
0.1451786 -0.9608033 2.003609
-0.1168408 -0.2183478 1.066804
0.119671 -0.9867715 1.860102
9
0.1673237 -0.2300898 2.001629
0.08429491 -0.2384592 1.982587
0.2456446 -0.2149483 1.946921
0.002649548 -0.1005962 1.542013
0.1724231 -0.5787414 1.927549
-0.05058292 -0.1612249 1.24908
0.1430895 -0.9592047 1.986736
-0.07407673 -0.1979753 1.10262
0.1158206 -0.9849395 1.8436
9
0.1673237 -0.2300898 2.001629
0.08429491 -0.2384592 1.982587
0.2456446 -0.2149483 1.946921
0.002649548 -0.1005962 1.542013
0.1724231 -0.5787414 1.927549
-0.05058292 -0.1612249 1.24908
0.1430895 -0.9592047 1.986736
-0.07407673 -0.1979753 1.10262
0.1158206 -0.9849395 1.8436
9
0.1673237 -0.2300898 2.001629
0.08429491 -0.2384592 1.982587
0.2456446 -0.2149483 1.946921
0.002649548 -0.1005962 1.542013
0.1724231 -0.5787414 1.927549
-0.05058292 -0.1612249 1.24908
0.1430895 -0.9592047 1.986736
-0.07407673 -0.1979753 1.10262
0.1158206 -0.9849395 1.8436
9
0.1673237 -0.2300898 2.001629
0.08429491 -0.2384592 1.982587
0.2456446 -0.2149483 1.946921
0.002649548 -0.1005962 1.542013
0.1724231 -0.5787414 1.927549
-0.05058292 -0.1612249 1.24908
0.1430895 -0.9592047 1.986736
-0.07407673 -0.1979753 1.10262
0.1158206 -0.9849395 1.8436
9
0.1673237 -0.2300898 2.001629
0.08429491 -0.2384592 1.982587
0.2456446 -0.2149483 1.946921
0.002649548 -0.1005962 1.542013
0.1724231 -0.5787414 1.927549
-0.05058292 -0.1612249 1.24908
0.1430895 -0.9592047 1.986736
-0.07407673 -0.1979753 1.10262
0.1158206 -0.9849395 1.8436
9
0.1673237 -0.2300898 2.001629
0.08429491 -0.2384592 1.982587
0.2456446 -0.2149483 1.946921
0.002649548 -0.1005962 1.542013
0.1724231 -0.5787414 1.927549
-0.05058292 -0.1612249 1.24908
0.1430895 -0.9592047 1.986736
-0.07407673 -0.1979753 1.10262
0.1158206 -0.9849395 1.8436
9
0.1521405 -0.2339647 1.988483
0.06770204 -0.2404243 1.969813
0.2312427 -0.2195302 1.933483
0.02671629 -0.0292652 1.587999
0.1690924 -0.5682146 1.915333
-0.02652378 -0.09001487 1.295251
0.1432255 -0.9499153 1.977001
-0.05131501 -0.1287322 1.14864
0.1153529 -0.9755687 1.833918
9
0.1521405 -0.2339647 1.988483
0.06770204 -0.2404243 1.969813
0.2312427 -0.2195302 1.933483
0.02671629 -0.0292652 1.587999
0.1690924 -0.5682146 1.915333
-0.02652378 -0.09001487 1.295251
0.1432255 -0.9499153 1.977001
-0.05131501 -0.1287322 1.14864
0.1153529 -0.9755687 1.833918
9
0.1521661 -0.2345382 1.987891
0.06767428 -0.2407891 1.969575
0.2313152 -0.2201775 1.932523
0.0269531 -0.0294546 1.588258
0.1682612 -0.567939 1.913484
-0.02627928 -0.09019419 1.295552
0.1423521 -0.9487067 1.975278
-0.05134534 -0.1289169 1.148972
0.1142237 -0.9743747 1.832221
9
0.1521671 -0.2358362 1.987837
0.06760082 -0.2417634 1.969516
0.2313716 -0.2216145 1.932559
0.02706222 -0.03070099 1.589044
0.1667236 -0.5669707 1.912155
-0.02616188 -0.09142739 1.296376
0.1418883 -0.9484798 1.974889
-0.05139758 -0.1301296 1.149803
0.1136011 -0.97416 1.831837
9
0.1521671 -0.2358362 1.987837
0.06760082 -0.2417634 1.969516
0.2313716 -0.2216145 1.932559
0.02706222 -0.03070099 1.589044
0.1667236 -0.5669707 1.912155
-0.02616188 -0.09142739 1.296376
0.1418883 -0.9484798 1.974889
-0.05139758 -0.1301296 1.149803
0.1136011 -0.97416 1.831837
9
0.1521671 -0.2358362 1.987837
0.06760082 -0.2417634 1.969516
0.2313716 -0.2216145 1.932559
0.02706222 -0.03070099 1.589044
0.1667236 -0.5669707 1.912155
-0.02616188 -0.09142739 1.296376
0.1418883 -0.9484798 1.974889
-0.05139758 -0.1301296 1.149803
0.1136011 -0.97416 1.831837
9
0.1521671 -0.2358362 1.987837
0.06760082 -0.2417634 1.969516
0.2313716 -0.2216145 1.932559
0.02706222 -0.03070099 1.589044
0.1667236 -0.5669707 1.912155
-0.02616188 -0.09142739 1.296376
0.1418883 -0.9484798 1.974889
-0.05139758 -0.1301296 1.149803
0.1136011 -0.97416 1.831837
9
0.1520483 -0.2366339 1.988474
0.06739123 -0.2423804 1.970169
0.2313307 -0.2225308 1.933238
0.01155616 -0.1061151 1.552745
0.1661829 -0.5654139 1.912323
-0.048367 -0.1645138 1.260848
0.1407613 -0.9475815 1.975209
-0.08651555 -0.1238989 1.096778
0.1125046 -0.97328 1.832136
9
0.1520483 -0.2366339 1.988474
0.06739123 -0.2423804 1.970169
0.2313307 -0.2225308 1.933238
0.01155616 -0.1061151 1.552745
0.1661829 -0.5654139 1.912323
-0.048367 -0.1645138 1.260848
0.1407613 -0.9475815 1.975209
-0.08651555 -0.1238989 1.096778
0.1125046 -0.97328 1.832136
9
0.1445825 -0.2456965 2.003763
0.05999128 -0.2509701 1.986663
0.2239715 -0.2316171 1.947644
0.000719029 -0.1212291 1.549761
0.1655436 -0.5663351 1.913757
-0.07494333 -0.226638 1.200351
0.1397139 -0.9451523 1.97681
-0.1063388 -0.1953709 1.071062
0.1123059 -0.9710051 1.833565
9
0.1445825 -0.2456965 2.003763
0.05999128 -0.2509701 1.986663
0.2239715 -0.2316171 1.947644
0.000719029 -0.1212291 1.549761
0.1655436 -0.5663351 1.913757
-0.07494333 -0.226638 1.200351
0.1397139 -0.9451523 1.97681
-0.1063388 -0.1953709 1.071062
0.1123059 -0.9710051 1.833565
9
0.1447434 -0.2469384 2.010386
0.06035467 -0.2518049 1.992949
0.2239192 -0.2332061 1.954614
-0.0173115 -0.196309 1.52389
0.1645054 -0.5681466 1.918056
-0.09827813 -0.289033 1.183299
0.1396074 -0.9443554 1.978202
-0.1382489 -0.3703617 1.122908
0.1123265 -0.9703313 1.834987
9
0.1451787 -0.2458982 2.011255
0.06089704 -0.2486951 1.992565
0.2246531 -0.2332338 1.957599
-0.03110676 -0.2422179 1.525873
0.1632275 -0.5693555 1.92373
-0.08762652 -0.4443423 1.257506
0.1390555 -0.9414803 1.979322
-0.1531878 -0.4122194 1.149219
0.1123854 -0.9675099 1.83598
9
0.1451787 -0.2458982 2.011255
0.06089704 -0.2486951 1.992565
0.2246531 -0.2332338 1.957599
-0.03110676 -0.2422179 1.525873
0.1632275 -0.5693555 1.92373
-0.08762652 -0.4443423 1.257506
0.1390555 -0.9414803 1.979322
-0.1531878 -0.4122194 1.149219
0.1123854 -0.9675099 1.83598
9
0.1451787 -0.2458982 2.011255
0.06089704 -0.2486951 1.992565
0.2246531 -0.2332338 1.957599
-0.03110676 -0.2422179 1.525873
0.1632275 -0.5693555 1.92373
-0.08762652 -0.4443423 1.257506
0.1390555 -0.9414803 1.979322
-0.1531878 -0.4122194 1.149219
0.1123854 -0.9675099 1.83598
9
0.1451787 -0.2458982 2.011255
0.06089704 -0.2486951 1.992565
0.2246531 -0.2332338 1.957599
-0.03110676 -0.2422179 1.525873
0.1632275 -0.5693555 1.92373
-0.08762652 -0.4443423 1.257506
0.1390555 -0.9414803 1.979322
-0.1531878 -0.4122194 1.149219
0.1123854 -0.9675099 1.83598
9
0.1498465 -0.2363369 2.015196
0.06761772 -0.2345587 1.998584
0.2271779 -0.2283167 1.95943
-0.04441344 -0.3485134 1.572211
0.1649112 -0.5694621 1.937812
-0.1208153 -0.5375994 1.34735
0.1380985 -0.9432718 1.986778
-0.1450892 -0.5475059 1.217717
0.1124015 -0.9694246 1.843257
9
0.1498465 -0.2363369 2.015196
0.06761772 -0.2345587 1.998584
0.2271779 -0.2283167 1.95943
-0.04441344 -0.3485134 1.572211
0.1649112 -0.5694621 1.937812
-0.1208153 -0.5375994 1.34735
0.1380985 -0.9432718 1.986778
-0.1450892 -0.5475059 1.217717
0.1124015 -0.9694246 1.843257
9
0.1498465 -0.2363369 2.015196
0.06761772 -0.2345587 1.998584
0.2271779 -0.2283167 1.95943
-0.04441344 -0.3485134 1.572211
0.1649112 -0.5694621 1.937812
-0.1208153 -0.5375994 1.34735
0.1380985 -0.9432718 1.986778
-0.1450892 -0.5475059 1.217717
0.1124015 -0.9694246 1.843257
9
0.1450062 -0.2295735 2.029769
0.06202675 -0.2267841 2.009966
0.223146 -0.2238101 1.976828
-0.04940167 -0.3957161 1.611022
0.1663051 -0.5778425 1.949741
-0.1263738 -0.6164942 1.401987
0.1384523 -0.9452296 1.991327
-0.142324 -0.6182601 1.269483
0.1134127 -0.9717306 1.847828
9
0.1296872 -0.2194302 2.041655
0.03977792 -0.2089491 2.021099
0.212999 -0.2196879 1.989052
-0.05061119 -0.4428165 1.654722
0.1684911 -0.5857683 1.959872
-0.1296937 -0.6865404 1.47394
0.1388573 -0.9472234 1.996075
-0.1496198 -0.7037707 1.346653
0.1144289 -0.9740276 1.8526
9
0.1296872 -0.2194302 2.041655
0.03977792 -0.2089491 2.021099
0.212999 -0.2196879 1.989052
-0.05061119 -0.4428165 1.654722
0.1684911 -0.5857683 1.959872
-0.1296937 -0.6865404 1.47394
0.1388573 -0.9472234 1.996075
-0.1496198 -0.7037707 1.346653
0.1144289 -0.9740276 1.8526
9
0.1296872 -0.2194302 2.041655
0.03977792 -0.2089491 2.021099
0.212999 -0.2196879 1.989052
-0.05061119 -0.4428165 1.654722
0.1684911 -0.5857683 1.959872
-0.1296937 -0.6865404 1.47394
0.1388573 -0.9472234 1.996075
-0.1496198 -0.7037707 1.346653
0.1144289 -0.9740276 1.8526
9
0.1296872 -0.2194302 2.041655
0.03977792 -0.2089491 2.021099
0.212999 -0.2196879 1.989052
-0.05061119 -0.4428165 1.654722
0.1684911 -0.5857683 1.959872
-0.1296937 -0.6865404 1.47394
0.1388573 -0.9472234 1.996075
-0.1496198 -0.7037707 1.346653
0.1144289 -0.9740276 1.8526
9
0.1296872 -0.2194302 2.041655
0.03977792 -0.2089491 2.021099
0.212999 -0.2196879 1.989052
-0.05061119 -0.4428165 1.654722
0.1684911 -0.5857683 1.959872
-0.1296937 -0.6865404 1.47394
0.1388573 -0.9472234 1.996075
-0.1496198 -0.7037707 1.346653
0.1144289 -0.9740276 1.8526
9
0.1277821 -0.2177995 2.046878
0.03942689 -0.2081596 2.023848
0.2098354 -0.2181127 1.997013
-0.05152582 -0.5195207 1.748117
0.1722558 -0.6016415 1.974655
-0.1251294 -0.8212476 1.641499
0.1395021 -0.960333 2.014663
-0.153175 -0.8741195 1.539674
0.1164613 -0.987425 1.871109
9
0.1252521 -0.2162067 2.054411
0.03811714 -0.2070885 2.030233
0.206916 -0.216749 2.005119
-0.04713061 -0.5501598 1.798792
0.1741548 -0.6089828 1.981021
-0.1240654 -0.8766041 1.728333
0.1419939 -0.962199 2.018806
-0.1524772 -0.9344166 1.632194
0.1199965 -0.9897707 1.875268
