40
9
0.05001536 0.006963429 2.100882
-0.02943758 0.01201483 2.060625
0.1265101 0.002714892 2.065674
-0.09487762 -0.2649792 1.722993
0.08784353 -0.4149171 2.047246
-0.1565824 -0.5354993 1.601008
0.04156733 -0.7546512 2.077501
-0.1380248 -0.5597535 1.485506
0.04996453 -0.8161743 2.001766
9
0.04653677 0.008296366 2.100526
-0.03510133 0.01423471 2.062545
0.1245623 0.003288823 2.063832
-0.09903125 -0.2308635 1.684034
0.08110667 -0.4141226 2.041306
-0.157467 -0.4758499 1.513799
0.04122855 -0.7544646 2.076712
-0.1467285 -0.4943848 1.390625
0.04986491 -0.815928 2.00163
9
0.04653677 0.008296366 2.100526
-0.03510133 0.01423471 2.062545
0.1245623 0.003288823 2.063832
-0.09903125 -0.2308635 1.684034
0.08110667 -0.4141226 2.041306
-0.157467 -0.4758499 1.513799
0.04122855 -0.7544646 2.076712
-0.1467285 -0.4943848 1.390625
0.04986491 -0.815928 2.00163
9
0.04653677 0.008296366 2.100526
-0.03510133 0.01423471 2.062545
0.1245623 0.003288823 2.063832
-0.09903125 -0.2308635 1.684034
0.08110667 -0.4141226 2.041306
-0.157467 -0.4758499 1.513799
0.04122855 -0.7544646 2.076712
-0.1467285 -0.4943848 1.390625
0.04986491 -0.815928 2.00163
9
0.04148194 0.01012053 2.098684
-0.04123892 0.01617295 2.061485
0.121423 0.004494922 2.061307
-0.09952436 -0.1788044 1.659787
0.07670912 -0.4126534 2.036602
-0.1634209 -0.3930368 1.452097
0.04026628 -0.754064 2.075417
-0.1504048 -0.4132721 1.318492
0.04935685 -0.8145121 2.000982
9
0.04148194 0.01012053 2.098684
-0.04123892 0.01617295 2.061485
0.121423 0.004494922 2.061307
-0.09952436 -0.1788044 1.659787
0.07670912 -0.4126534 2.036602
-0.1634209 -0.3930368 1.452097
0.04026628 -0.754064 2.075417
-0.1504048 -0.4132721 1.318492
0.04935685 -0.8145121 2.000982
9
0.04098987 0.01078252 2.096445
-0.04263049 0.0165445 2.058683
0.1219462 0.005297984 2.059127
-0.09691384 -0.1181078 1.648227
0.07512681 -0.406853 2.029161
-0.1676509 -0.4119549 1.369918
0.03892568 -0.7520134 2.073487
-0.1652832 -0.3774414 1.25
0.04857533 -0.8141142 2.001111
9
0.03864502 0.00718661 2.087307
-0.04435844 0.006811138 2.045488
0.1196441 0.005531171 2.052382
-0.09809572 -0.06289074 1.623896
0.07413938 -0.4014216 2.023915
-0.1688967 -0.3571864 1.34581
0.03787376 -0.7505022 2.0711
-0.1663818 -0.323822 1.225586
0.04864745 -0.8139762 2.000376
9
0.03864502 0.00718661 2.087307
-0.04435844 0.006811138 2.045488
0.1196441 0.005531171 2.052382
-0.09809572 -0.06289074 1.623896
0.07413938 -0.4014216 2.023915
-0.1688967 -0.3571864 1.34581
0.03787376 -0.7505022 2.0711
-0.1663818 -0.323822 1.225586
0.04864745 -0.8139762 2.000376
9
0.03351489 0.003952911 2.088016
-0.04922484 0.002152903 2.046856
0.1147118 0.004232441 2.052979
-0.08701282 -0.02527789 1.60987
0.07461716 -0.3983055 2.020527
-0.1579046 -0.3198628 1.331972
0.03720713 -0.7522461 2.068848
-0.1608129 -0.2411601 1.221265
0.0496945 -0.8148337 1.999623
9
0.03351489 0.003952911 2.088016
-0.04922484 0.002152903 2.046856
0.1147118 0.004232441 2.052979
-0.08701282 -0.02527789 1.60987
0.07461716 -0.3983055 2.020527
-0.1579046 -0.3198628 1.331972
0.03720713 -0.7522461 2.068848
-0.1608129 -0.2411601 1.221265
0.0496945 -0.8148337 1.999623
9
0.03351489 0.003952911 2.088016
-0.04922484 0.002152903 2.046856
0.1147118 0.004232441 2.052979
-0.08701282 -0.02527789 1.60987
0.07461716 -0.3983055 2.020527
-0.1579046 -0.3198628 1.331972
0.03720713 -0.7522461 2.068848
-0.1608129 -0.2411601 1.221265
0.0496945 -0.8148337 1.999623
9
0.03351489 0.003952911 2.088016
-0.04922484 0.002152903 2.046856
0.1147118 0.004232441 2.052979
-0.08701282 -0.02527789 1.60987
0.07461716 -0.3983055 2.020527
-0.1579046 -0.3198628 1.331972
0.03720713 -0.7522461 2.068848
-0.1608129 -0.2411601 1.221265
0.0496945 -0.8148337 1.999623
9
0.03351489 0.003952911 2.088016
-0.04922484 0.002152903 2.046856
0.1147118 0.004232441 2.052979
-0.08701282 -0.02527789 1.60987
0.07461716 -0.3983055 2.020527
-0.1579046 -0.3198628 1.331972
0.03720713 -0.7522461 2.068848
-0.1608129 -0.2411601 1.221265
0.0496945 -0.8148337 1.999623
9
0.03351489 0.003952911 2.088016
-0.04922484 0.002152903 2.046856
0.1147118 0.004232441 2.052979
-0.08701282 -0.02527789 1.60987
0.07461716 -0.3983055 2.020527
-0.1579046 -0.3198628 1.331972
0.03720713 -0.7522461 2.068848
-0.1608129 -0.2411601 1.221265
0.0496945 -0.8148337 1.999623
9
0.05372654 -0.01941629 2.068089
-0.02058146 -0.0358789 2.019882
0.1262544 -0.005089096 2.041073
-0.05855626 0.07736219 1.647374
0.07293163 -0.396081 2.015619
-0.1130212 -0.1777781 1.330292
0.03749286 -0.7556814 2.062413
-0.1163596 -0.1008409 1.22054
0.05013108 -0.8150187 2.000127
9
0.05372654 -0.01941629 2.068089
-0.02058146 -0.0358789 2.019882
0.1262544 -0.005089096 2.041073
-0.05855626 0.07736219 1.647374
0.07293163 -0.396081 2.015619
-0.1130212 -0.1777781 1.330292
0.03749286 -0.7556814 2.062413
-0.1163596 -0.1008409 1.22054
0.05013108 -0.8150187 2.000127
9
0.05422504 -0.02019562 2.067795
-0.02061073 -0.03598665 2.020044
0.1280324 -0.006687693 2.039426
-0.05464632 0.08165527 1.654429
0.07236841 -0.395897 2.013644
-0.1091142 -0.1734629 1.337376
0.03703479 -0.7559247 2.060174
-0.1125723 -0.0966645 1.227596
0.05099405 -0.8146628 1.998906
9
0.05422504 -0.02019562 2.067795
-0.02061073 -0.03598665 2.020044
0.1280324 -0.006687693 2.039426
-0.05464632 0.08165527 1.654429
0.07236841 -0.395897 2.013644
-0.1091142 -0.1734629 1.337376
0.03703479 -0.7559247 2.060174
-0.1125723 -0.0966645 1.227596
0.05099405 -0.8146628 1.998906
9
0.05457228 -0.02075379 2.067718
-0.020638 -0.0360854 2.02022
0.1289243 -0.007529584 2.038904
-0.05079558 0.08894321 1.658561
0.07131135 -0.3957222 2.01243
-0.1052707 -0.1661759 1.34155
0.03637695 -0.7562687 2.058675
-0.122313 -0.08514974 1.23898
0.05103698 -0.8144779 1.997707
9
0.05457228 -0.02075379 2.067718
-0.020638 -0.0360854 2.02022
0.1289243 -0.007529584 2.038904
-0.05079558 0.08894321 1.658561
0.07131135 -0.3957222 2.01243
-0.1052707 -0.1661759 1.34155
0.03637695 -0.7562687 2.058675
-0.122313 -0.08514974 1.23898
0.05103698 -0.8144779 1.997707
9
0.05476464 -0.02131333 2.067523
-0.02074206 -0.03628554 2.020486
0.1295063 -0.008316878 2.037976
-0.0505277 0.08907566 1.658916
0.07067975 -0.395626 2.01212
-0.1525212 -0.05046804 1.287547
0.03581451 -0.7566713 2.057605
-0.1721359 0.01309857 1.172338
0.0513745 -0.8146623 1.997459
9
0.05476464 -0.02131333 2.067523
-0.02074206 -0.03628554 2.020486
0.1295063 -0.008316878 2.037976
-0.0505277 0.08907566 1.658916
0.07067975 -0.395626 2.01212
-0.1525212 -0.05046804 1.287547
0.03581451 -0.7566713 2.057605
-0.1721359 0.01309857 1.172338
0.0513745 -0.8146623 1.997459
9
0.0571989 -0.02228755 2.068241
-0.01899277 -0.03660039 2.022182
0.1323681 -0.009344766 2.037968
-0.05214452 0.08737439 1.660417
0.06992154 -0.3917038 2.010913
-0.1547908 -0.05169291 1.289044
0.03583981 -0.7569064 2.057272
-0.1742207 0.01102011 1.173115
0.05231918 -0.815134 1.997689
9
0.0571989 -0.02228755 2.068241
-0.01899277 -0.03660039 2.022182
0.1323681 -0.009344766 2.037968
-0.05214452 0.08737439 1.660417
0.06992154 -0.3917038 2.010913
-0.1547908 -0.05169291 1.289044
0.03583981 -0.7569064 2.057272
-0.1742207 0.01102011 1.173115
0.05231918 -0.815134 1.997689
9
0.05701685 -0.02236577 2.068668
-0.0198127 -0.03682112 2.023197
0.1323924 -0.009184125 2.038271
-0.05407482 0.08480917 1.660702
0.06958234 -0.3891802 2.011116
-0.1615261 -0.05592028 1.291252
0.03575464 -0.7573031 2.056925
-0.1816381 0.00576508 1.174742
0.05317544 -0.8150038 1.996076
9
0.05701685 -0.02236577 2.068668
-0.0198127 -0.03682112 2.023197
0.1323924 -0.009184125 2.038271
-0.05407482 0.08480917 1.660702
0.06958234 -0.3891802 2.011116
-0.1615261 -0.05592028 1.291252
0.03575464 -0.7573031 2.056925
-0.1816381 0.00576508 1.174742
0.05317544 -0.8150038 1.996076
9
0.05701685 -0.02236577 2.068668
-0.0198127 -0.03682112 2.023197
0.1323924 -0.009184125 2.038271
-0.05407482 0.08480917 1.660702
0.06958234 -0.3891802 2.011116
-0.1615261 -0.05592028 1.291252
0.03575464 -0.7573031 2.056925
-0.1816381 0.00576508 1.174742
0.05317544 -0.8150038 1.996076
9
0.05701685 -0.02236577 2.068668
-0.0198127 -0.03682112 2.023197
0.1323924 -0.009184125 2.038271
-0.05407482 0.08480917 1.660702
0.06958234 -0.3891802 2.011116
-0.1615261 -0.05592028 1.291252
0.03575464 -0.7573031 2.056925
-0.1816381 0.00576508 1.174742
0.05317544 -0.8150038 1.996076
9
0.05756932 -0.02185609 2.068638
-0.01973201 -0.03657041 2.023422
0.1339581 -0.007628572 2.037723
-0.08829273 -0.002008887 1.618092
0.07078382 -0.3870933 2.012672
-0.2035911 -0.163207 1.258852
0.03562289 -0.7579106 2.056804
-0.1680566 -0.1137834 1.134881
0.05307186 -0.8151484 1.997315
9
0.05756932 -0.02185609 2.068638
-0.01973201 -0.03657041 2.023422
0.1339581 -0.007628572 2.037723
-0.08829273 -0.002008887 1.618092
0.07078382 -0.3870933 2.012672
-0.2035911 -0.163207 1.258852
0.03562289 -0.7579106 2.056804
-0.1680566 -0.1137834 1.134881
0.05307186 -0.8151484 1.997315
9
0.05870659 -0.01801476 2.07013
-0.01855751 -0.02620339 2.032447
0.1348818 -0.005996794 2.036468
-0.09766192 -0.04452357 1.617159
0.07161409 -0.3877377 2.015206
-0.2129136 -0.2056203 1.257743
0.03596443 -0.7583765 2.05691
-0.1811636 -0.2685334 1.201328
0.05379276 -0.8155582 1.996543
9
0.05870659 -0.01801476 2.07013
-0.01855751 -0.02620339 2.032447
0.1348818 -0.005996794 2.036468
-0.09766192 -0.04452357 1.617159
0.07161409 -0.3877377 2.015206
-0.2129136 -0.2056203 1.257743
0.03596443 -0.7583765 2.05691
-0.1811636 -0.2685334 1.201328
0.05379276 -0.8155582 1.996543
9
0.05870659 -0.01801476 2.07013
-0.01855751 -0.02620339 2.032447
0.1348818 -0.005996794 2.036468
-0.09766192 -0.04452357 1.617159
0.07161409 -0.3877377 2.015206
-0.2129136 -0.2056203 1.257743
0.03596443 -0.7583765 2.05691
-0.1811636 -0.2685334 1.201328
0.05379276 -0.8155582 1.996543
9
0.05870659 -0.01801476 2.07013
-0.01855751 -0.02620339 2.032447
0.1348818 -0.005996794 2.036468
-0.09766192 -0.04452357 1.617159
0.07161409 -0.3877377 2.015206
-0.2129136 -0.2056203 1.257743
0.03596443 -0.7583765 2.05691
-0.1811636 -0.2685334 1.201328
0.05379276 -0.8155582 1.996543
9
0.04583015 -0.007004126 2.099228
-0.03429058 -0.01008128 2.063745
0.1251442 -0.002604825 2.05846
-0.1118634 -0.1582059 1.652988
0.0731857 -0.3885232 2.020653
-0.1791207 -0.3802716 1.417945
0.03492885 -0.7574965 2.058785
-0.1906738 -0.3833008 1.304688
0.05314639 -0.8157 1.997774
9
0.04583015 -0.007004126 2.099228
-0.03429058 -0.01008128 2.063745
0.1251442 -0.002604825 2.05846
-0.1118634 -0.1582059 1.652988
0.0731857 -0.3885232 2.020653
-0.1791207 -0.3802716 1.417945
0.03492885 -0.7574965 2.058785
-0.1906738 -0.3833008 1.304688
0.05314639 -0.8157 1.997774
9
0.04642286 -0.006215725 2.099328
-0.0334911 -0.009268108 2.064067
0.1253939 -0.002096367 2.058496
-0.1132453 -0.2109053 1.679198
0.07455706 -0.3882426 2.024571
-0.1802098 -0.4346726 1.483494
0.03426611 -0.7563866 2.060666
-0.1864716 -0.4505726 1.349293
0.05316308 -0.815664 1.99788
9
0.04642286 -0.006215725 2.099328
-0.0334911 -0.009268108 2.064067
0.1253939 -0.002096367 2.058496
-0.1132453 -0.2109053 1.679198
0.07455706 -0.3882426 2.024571
-0.1802098 -0.4346726 1.483494
0.03426611 -0.7563866 2.060666
-0.1864716 -0.4505726 1.349293
0.05316308 -0.815664 1.99788
9
0.03950406 0.001448676 2.104171
-0.04459541 0.005154205 2.070323
0.1213071 0.0006357164 2.06248
-0.1122834 -0.2710376 1.714144
0.07805585 -0.3897337 2.030321
-0.1792256 -0.5103464 1.539382
0.03408185 -0.7561329 2.06304
-0.1861346 -0.5355537 1.408963
0.05304039 -0.8159108 1.999872
