40
9
0.2329511 -0.2264368 2.082855
0.1510381 -0.217724 2.022705
0.3066897 -0.2269751 2.068668
0.1754551 -0.5044178 1.747779
0.2600196 -0.6847223 1.984195
0.1898456 -0.8236185 1.682094
0.2356733 -0.9676095 2.01138
0.1920055 -0.880593 1.578218
0.2765505 -0.9966362 1.876487
9
0.2329511 -0.2264368 2.082855
0.1510381 -0.217724 2.022705
0.3066897 -0.2269751 2.068668
0.1754551 -0.5044178 1.747779
0.2600196 -0.6847223 1.984195
0.1898456 -0.8236185 1.682094
0.2356733 -0.9676095 2.01138
0.1920055 -0.880593 1.578218
0.2765505 -0.9966362 1.876487
9
0.2380942 -0.2231767 2.07637
0.1559422 -0.2127896 2.019541
0.3123842 -0.2257008 2.057159
0.1935344 -0.4260404 1.711963
0.2338488 -0.6710335 1.915809
0.2252363 -0.752865 1.585504
0.1498147 -0.9946304 2.09939
0.2337646 -0.8017578 1.469727
0.167269 -1.023022 1.976414
9
0.2380942 -0.2231767 2.07637
0.1559422 -0.2127896 2.019541
0.3123842 -0.2257008 2.057159
0.1935344 -0.4260404 1.711963
0.2338488 -0.6710335 1.915809
0.2252363 -0.752865 1.585504
0.1498147 -0.9946304 2.09939
0.2337646 -0.8017578 1.469727
0.167269 -1.023022 1.976414
9
0.2416775 -0.2199955 2.072814
0.1595997 -0.2086303 2.017575
0.3154824 -0.2235848 2.05266
0.2127798 -0.3813273 1.685333
0.2348088 -0.6679565 1.915081
0.2641932 -0.6954623 1.442336
0.1687642 -0.9901378 2.082631
0.2809776 -0.721876 1.319604
0.2049879 -1.020159 1.967045
9
0.2416775 -0.2199955 2.072814
0.1595997 -0.2086303 2.017575
0.3154824 -0.2235848 2.05266
0.2127798 -0.3813273 1.685333
0.2348088 -0.6679565 1.915081
0.2641932 -0.6954623 1.442336
0.1687642 -0.9901378 2.082631
0.2809776 -0.721876 1.319604
0.2049879 -1.020159 1.967045
9
0.241531 -0.2181088 2.070404
0.1586155 -0.2067528 2.016068
0.3162208 -0.2216851 2.049425
0.2239037 -0.3455304 1.661561
0.2369088 -0.6482714 1.911379
0.2938859 -0.6042793 1.375636
0.1819516 -1.001029 2.051576
0.3130669 -0.609423 1.246029
0.2180812 -1.038047 1.940733
9
0.241531 -0.2181088 2.070404
0.1586155 -0.2067528 2.016068
0.3162208 -0.2216851 2.049425
0.2239037 -0.3455304 1.661561
0.2369088 -0.6482714 1.911379
0.2938859 -0.6042793 1.375636
0.1819516 -1.001029 2.051576
0.3130669 -0.609423 1.246029
0.2180812 -1.038047 1.940733
9
0.2451853 -0.2133624 2.06359
0.1596806 -0.2030748 2.011317
0.3227692 -0.2159846 2.040833
0.2323033 -0.2723492 1.643781
0.2426343 -0.6217299 1.90628
0.3125058 -0.4908816 1.316038
0.1785299 -0.9722181 2.0488
0.346832 -0.5214767 1.178697
0.191103 -1.051636 1.981851
9
0.2451853 -0.2133624 2.06359
0.1596806 -0.2030748 2.011317
0.3227692 -0.2159846 2.040833
0.2323033 -0.2723492 1.643781
0.2426343 -0.6217299 1.90628
0.3125058 -0.4908816 1.316038
0.1785299 -0.9722181 2.0488
0.346832 -0.5214767 1.178697
0.191103 -1.051636 1.981851
9
0.2394554 -0.2105021 2.055595
0.1496163 -0.1988253 1.999438
0.3199993 -0.2142954 2.036236
0.2383582 -0.2550685 1.633239
0.2501116 -0.6064376 1.900593
0.334778 -0.4166611 1.278107
0.1844075 -0.9593148 2.03744
0.3676177 -0.4484276 1.14011
0.207767 -1.0407 2.022986
9
0.2394554 -0.2105021 2.055595
0.1496163 -0.1988253 1.999438
0.3199993 -0.2142954 2.036236
0.2383582 -0.2550685 1.633239
0.2501116 -0.6064376 1.900593
0.334778 -0.4166611 1.278107
0.1844075 -0.9593148 2.03744
0.3676177 -0.4484276 1.14011
0.207767 -1.0407 2.022986
9
0.2360359 -0.2087303 2.047584
0.1460865 -0.1970039 1.992802
0.3172429 -0.2128431 2.027794
0.2335849 -0.2282126 1.622951
0.2546696 -0.5806587 1.891324
0.313903 -0.3422346 1.313779
0.1910543 -0.9372638 2.020749
0.3471542 -0.3757776 1.174868
0.229419 -0.9644569 1.883264
9
0.2394758 -0.2072051 2.040708
0.1479041 -0.1963573 1.986983
0.3225236 -0.2102915 2.019868
0.2386326 -0.160507 1.618031
0.2556912 -0.55471 1.884085
0.3669086 -0.2670853 1.252541
0.1958114 -0.9142257 2.00835
0.398194 -0.3020493 1.113581
0.2339368 -0.9414286 1.870619
9
0.2394758 -0.2072051 2.040708
0.1479041 -0.1963573 1.986983
0.3225236 -0.2102915 2.019868
0.2386326 -0.160507 1.618031
0.2556912 -0.55471 1.884085
0.3669086 -0.2670853 1.252541
0.1958114 -0.9142257 2.00835
0.398194 -0.3020493 1.113581
0.2339368 -0.9414286 1.870619
9
0.2394758 -0.2072051 2.040708
0.1479041 -0.1963573 1.986983
0.3225236 -0.2102915 2.019868
0.2386326 -0.160507 1.618031
0.2556912 -0.55471 1.884085
0.3669086 -0.2670853 1.252541
0.1958114 -0.9142257 2.00835
0.398194 -0.3020493 1.113581
0.2339368 -0.9414286 1.870619
9
0.2333908 -0.2002017 2.017618
0.1403887 -0.1890617 1.963713
0.3177758 -0.2039316 1.997296
0.2464097 -0.1208229 1.603866
0.2711718 -0.6018264 1.998424
0.3823241 -0.2138694 1.237433
0.1885682 -0.9616123 2.025383
0.4122531 -0.2499429 1.097973
0.2260841 -0.9880136 1.887476
9
0.2333908 -0.2002017 2.017618
0.1403887 -0.1890617 1.963713
0.3177758 -0.2039316 1.997296
0.2464097 -0.1208229 1.603866
0.2711718 -0.6018264 1.998424
0.3823241 -0.2138694 1.237433
0.1885682 -0.9616123 2.025383
0.4122531 -0.2499429 1.097973
0.2260841 -0.9880136 1.887476
9
0.2198849 -0.262611 2.033445
0.1490463 -0.2433992 1.982146
0.2826501 -0.2722501 2.010725
0.2076253 -0.06472173 1.631315
0.2731125 -0.6139361 1.997699
0.3643727 -0.1953558 1.285062
0.1891517 -0.9613361 2.024842
0.3957042 -0.2325756 1.145699
0.2272797 -0.9882182 1.887373
9
0.221533 -0.2595094 2.033668
0.1492499 -0.2433493 1.981276
0.2883833 -0.2601452 2.014987
0.2087945 -0.06545229 1.630985
0.2752011 -0.6027428 1.993654
0.3691972 -0.182558 1.281622
0.1939517 -0.9597277 2.022317
0.4005866 -0.2200841 1.14233
0.2322146 -0.9865917 1.884926
9
0.221533 -0.2595094 2.033668
0.1492499 -0.2433493 1.981276
0.2883833 -0.2601452 2.014987
0.2087945 -0.06545229 1.630985
0.2752011 -0.6027428 1.993654
0.3691972 -0.182558 1.281622
0.1939517 -0.9597277 2.022317
0.4005866 -0.2200841 1.14233
0.2322146 -0.9865917 1.884926
9
0.221533 -0.2595094 2.033668
0.1492499 -0.2433493 1.981276
0.2883833 -0.2601452 2.014987
0.2087945 -0.06545229 1.630985
0.2752011 -0.6027428 1.993654
0.3691972 -0.182558 1.281622
0.1939517 -0.9597277 2.022317
0.4005866 -0.2200841 1.14233
0.2322146 -0.9865917 1.884926
9
0.221533 -0.2595094 2.033668
0.1492499 -0.2433493 1.981276
0.2883833 -0.2601452 2.014987
0.2087945 -0.06545229 1.630985
0.2752011 -0.6027428 1.993654
0.3691972 -0.182558 1.281622
0.1939517 -0.9597277 2.022317
0.4005866 -0.2200841 1.14233
0.2322146 -0.9865917 1.884926
9
0.221533 -0.2595094 2.033668
0.1492499 -0.2433493 1.981276
0.2883833 -0.2601452 2.014987
0.2087945 -0.06545229 1.630985
0.2752011 -0.6027428 1.993654
0.3691972 -0.182558 1.281622
0.1939517 -0.9597277 2.022317
0.4005866 -0.2200841 1.14233
0.2322146 -0.9865917 1.884926
9
0.221533 -0.2595094 2.033668
0.1492499 -0.2433493 1.981276
0.2883833 -0.2601452 2.014987
0.2087945 -0.06545229 1.630985
0.2752011 -0.6027428 1.993654
0.3691972 -0.182558 1.281622
0.1939517 -0.9597277 2.022317
0.4005866 -0.2200841 1.14233
0.2322146 -0.9865917 1.884926
9
0.221533 -0.2595094 2.033668
0.1492499 -0.2433493 1.981276
0.2883833 -0.2601452 2.014987
0.2087945 -0.06545229 1.630985
0.2752011 -0.6027428 1.993654
0.3691972 -0.182558 1.281622
0.1939517 -0.9597277 2.022317
0.4005866 -0.2200841 1.14233
0.2322146 -0.9865917 1.884926
9
0.221533 -0.2595094 2.033668
0.1492499 -0.2433493 1.981276
0.2883833 -0.2601452 2.014987
0.2087945 -0.06545229 1.630985
0.2752011 -0.6027428 1.993654
0.3691972 -0.182558 1.281622
0.1939517 -0.9597277 2.022317
0.4005866 -0.2200841 1.14233
0.2322146 -0.9865917 1.884926
9
0.221533 -0.2595094 2.033668
0.1492499 -0.2433493 1.981276
0.2883833 -0.2601452 2.014987
0.2087945 -0.06545229 1.630985
0.2752011 -0.6027428 1.993654
0.3691972 -0.182558 1.281622
0.1939517 -0.9597277 2.022317
0.4005866 -0.2200841 1.14233
0.2322146 -0.9865917 1.884926
9
0.2131006 -0.2556064 2.035832
0.1398683 -0.2403672 1.980049
0.2793286 -0.2578321 2.019425
0.247006 -0.1048616 1.640896
0.273267 -0.6007996 1.99406
0.3793634 -0.1955069 1.272767
0.1951973 -0.959842 2.022768
0.4107204 -0.2327713 1.133769
0.2337133 -0.986813 1.885529
9
0.2131006 -0.2556064 2.035832
0.1398683 -0.2403672 1.980049
0.2793286 -0.2578321 2.019425
0.247006 -0.1048616 1.640896
0.273267 -0.6007996 1.99406
0.3793634 -0.1955069 1.272767
0.1951973 -0.959842 2.022768
0.4107204 -0.2327713 1.133769
0.2337133 -0.986813 1.885529
9
0.1918131 -0.2502997 2.039417
0.1186884 -0.234893 1.981005
0.2580502 -0.2552615 2.024335
0.27861 -0.1401859 1.596659
0.2674364 -0.5980769 1.996662
0.3722363 -0.2555989 1.294299
0.1960635 -0.9588932 2.023154
0.4043581 -0.2916604 1.155708
0.2349262 -0.9861698 1.886173
9
0.1918131 -0.2502997 2.039417
0.1186884 -0.234893 1.981005
0.2580502 -0.2552615 2.024335
0.27861 -0.1401859 1.596659
0.2674364 -0.5980769 1.996662
0.3722363 -0.2555989 1.294299
0.1960635 -0.9588932 2.023154
0.4043581 -0.2916604 1.155708
0.2349262 -0.9861698 1.886173
9
0.1649018 -0.2538345 2.060905
0.09663188 -0.2355289 1.997202
0.226659 -0.2634725 2.051226
0.3163174 -0.2039621 1.623649
0.2634034 -0.6043138 2.000602
0.4096642 -0.3190106 1.32115
0.1966956 -0.9585217 2.023531
0.4425262 -0.3549505 1.184153
0.2369123 -0.9870838 1.887647
9
0.1649018 -0.2538345 2.060905
0.09663188 -0.2355289 1.997202
0.226659 -0.2634725 2.051226
0.3163174 -0.2039621 1.623649
0.2634034 -0.6043138 2.000602
0.4096642 -0.3190106 1.32115
0.1966956 -0.9585217 2.023531
0.4425262 -0.3549505 1.184153
0.2369123 -0.9870838 1.887647
9
0.1649018 -0.2538345 2.060905
0.09663188 -0.2355289 1.997202
0.226659 -0.2634725 2.051226
0.3163174 -0.2039621 1.623649
0.2634034 -0.6043138 2.000602
0.4096642 -0.3190106 1.32115
0.1966956 -0.9585217 2.023531
0.4425262 -0.3549505 1.184153
0.2369123 -0.9870838 1.887647
9
0.1649018 -0.2538345 2.060905
0.09663188 -0.2355289 1.997202
0.226659 -0.2634725 2.051226
0.3163174 -0.2039621 1.623649
0.2634034 -0.6043138 2.000602
0.4096642 -0.3190106 1.32115
0.1966956 -0.9585217 2.023531
0.4425262 -0.3549505 1.184153
0.2369123 -0.9870838 1.887647
9
0.1609634 -0.2534537 2.062664
0.09079871 -0.2340731 2.00001
0.2245364 -0.2636771 2.051951
0.295083 -0.2988597 1.550948
0.2477139 -0.6194834 2.014401
0.3416742 -0.4693084 1.309583
0.1914512 -0.9584723 2.028608
0.3774326 -0.501807 1.173784
0.2328238 -0.9873855 1.893296
9
0.1609634 -0.2534537 2.062664
0.09079871 -0.2340731 2.00001
0.2245364 -0.2636771 2.051951
0.295083 -0.2988597 1.550948
0.2477139 -0.6194834 2.014401
0.3416742 -0.4693084 1.309583
0.1914512 -0.9584723 2.028608
0.3774326 -0.501807 1.173784
0.2328238 -0.9873855 1.893296
9
0.231686 -0.2120287 2.069478
0.146798 -0.2045334 2.002714
0.308129 -0.2119166 2.062001
0.262306 -0.3229155 1.614578
0.216808 -0.5518295 2.021376
0.3201807 -0.5472361 1.334795
0.1913343 -0.940806 2.029307
0.3603516 -0.5629883 1.19043
0.2335464 -0.9688619 1.893784
9
0.231686 -0.2120287 2.069478
0.146798 -0.2045334 2.002714
0.308129 -0.2119166 2.062001
0.262306 -0.3229155 1.614578
0.216808 -0.5518295 2.021376
0.3201807 -0.5472361 1.334795
0.1913343 -0.940806 2.029307
0.3603516 -0.5629883 1.19043
0.2335464 -0.9688619 1.893784
