40
9
-0.02252888 0.01173614 2.015224
-0.1035087 0.01354566 1.976209
0.06180476 0.009144846 1.976934
-0.1512446 -0.1860019 1.573649
0.05796293 -0.4003076 1.916288
-0.2068302 -0.4279393 1.398718
0.04444568 -0.752345 1.960132
-0.2083629 -0.4500298 1.266685
0.06890483 -0.8165754 1.873923
9
-0.02252888 0.01173614 2.015224
-0.1035087 0.01354566 1.976209
0.06180476 0.009144846 1.976934
-0.1512446 -0.1860019 1.573649
0.05796293 -0.4003076 1.916288
-0.2068302 -0.4279393 1.398718
0.04444568 -0.752345 1.960132
-0.2083629 -0.4500298 1.266685
0.06890483 -0.8165754 1.873923
9
-0.02087686 0.01220175 2.012042
-0.1035352 0.01390433 1.974806
0.06504135 0.009690019 1.972462
-0.1531564 -0.1352566 1.530808
0.05691127 -0.3991373 1.912593
-0.2099978 -0.4230063 1.276546
0.04407069 -0.7530278 1.956737
-0.2327881 -0.3632813 1.165039
0.07025916 -0.8186793 1.874849
9
-0.02087686 0.01220175 2.012042
-0.1035352 0.01390433 1.974806
0.06504135 0.009690019 1.972462
-0.1531564 -0.1352566 1.530808
0.05691127 -0.3991373 1.912593
-0.2099978 -0.4230063 1.276546
0.04407069 -0.7530278 1.956737
-0.2327881 -0.3632813 1.165039
0.07025916 -0.8186793 1.874849
9
-0.02510855 0.01204647 2.014196
-0.1121257 0.01528347 1.978955
0.06257386 0.008755056 1.973979
-0.1364965 -0.05186364 1.544692
0.05918327 -0.3910132 1.906088
-0.2083251 -0.2070686 1.252463
0.0434201 -0.7530134 1.95484
-0.1982716 -0.2368044 1.134805
0.06947874 -0.8191288 1.874304
9
-0.02510855 0.01204647 2.014196
-0.1121257 0.01528347 1.978955
0.06257386 0.008755056 1.973979
-0.1364965 -0.05186364 1.544692
0.05918327 -0.3910132 1.906088
-0.2083251 -0.2070686 1.252463
0.0434201 -0.7530134 1.95484
-0.1982716 -0.2368044 1.134805
0.06947874 -0.8191288 1.874304
9
0.0409995 -0.01619053 1.956072
-0.03479759 -0.03924534 1.906423
0.1151681 0.00747076 1.930489
-0.01484882 -0.2714738 1.457465
0.06189349 -0.3826582 1.898729
-0.2072167 -0.1038598 1.234247
0.04288976 -0.7540512 1.951543
-0.2327884 -0.1757871 1.135201
0.06902062 -0.8194426 1.874734
9
0.0409995 -0.01619053 1.956072
-0.03479759 -0.03924534 1.906423
0.1151681 0.00747076 1.930489
-0.01484882 -0.2714738 1.457465
0.06189349 -0.3826582 1.898729
-0.2072167 -0.1038598 1.234247
0.04288976 -0.7540512 1.951543
-0.2327884 -0.1757871 1.135201
0.06902062 -0.8194426 1.874734
9
0.05402371 -0.01621896 1.955058
-0.02359657 -0.0392061 1.905002
0.1296446 0.007365976 1.929953
0.03029111 -0.2604245 1.453182
0.06310815 -0.3834065 1.89702
-0.2099593 -0.03273616 1.210257
0.04159287 -0.7541431 1.94954
-0.2341094 -0.09464671 1.098591
0.06865608 -0.8194883 1.875351
9
0.05402371 -0.01621896 1.955058
-0.02359657 -0.0392061 1.905002
0.1296446 0.007365976 1.929953
0.03029111 -0.2604245 1.453182
0.06310815 -0.3834065 1.89702
-0.2099593 -0.03273616 1.210257
0.04159287 -0.7541431 1.94954
-0.2341094 -0.09464671 1.098591
0.06865608 -0.8194883 1.875351
9
0.06101046 -0.01757613 1.955429
-0.01615444 -0.04150975 1.904938
0.1359492 0.006909865 1.930706
0.02766125 -0.2665426 1.453954
0.06370609 -0.3851171 1.894427
-0.186529 0.01386512 1.243921
0.04096264 -0.7533529 1.946475
-0.2175055 0.02769051 1.112488
0.0686394 -0.81994 1.87541
9
0.06101046 -0.01757613 1.955429
-0.01615444 -0.04150975 1.904938
0.1359492 0.006909865 1.930706
0.02766125 -0.2665426 1.453954
0.06370609 -0.3851171 1.894427
-0.186529 0.01386512 1.243921
0.04096264 -0.7533529 1.946475
-0.2175055 0.02769051 1.112488
0.0686394 -0.81994 1.87541
9
0.05925448 -0.01826197 1.955352
-0.01774873 -0.04177165 1.905035
0.1339597 0.005736851 1.930415
0.009591064 -0.2646627 1.451632
0.06350592 -0.3867796 1.891748
-0.2004735 0.0209137 1.244383
0.0396469 -0.7541384 1.94373
-0.2230005 0.04414635 1.112188
0.06951886 -0.8202372 1.873169
9
0.05925448 -0.01826197 1.955352
-0.01774873 -0.04177165 1.905035
0.1339597 0.005736851 1.930415
0.009591064 -0.2646627 1.451632
0.06350592 -0.3867796 1.891748
-0.2004735 0.0209137 1.244383
0.0396469 -0.7541384 1.94373
-0.2230005 0.04414635 1.112188
0.06951886 -0.8202372 1.873169
9
0.05925448 -0.01826197 1.955352
-0.01774873 -0.04177165 1.905035
0.1339597 0.005736851 1.930415
0.009591064 -0.2646627 1.451632
0.06350592 -0.3867796 1.891748
-0.2004735 0.0209137 1.244383
0.0396469 -0.7541384 1.94373
-0.2230005 0.04414635 1.112188
0.06951886 -0.8202372 1.873169
9
0.05925448 -0.01826197 1.955352
-0.01774873 -0.04177165 1.905035
0.1339597 0.005736851 1.930415
0.009591064 -0.2646627 1.451632
0.06350592 -0.3867796 1.891748
-0.2004735 0.0209137 1.244383
0.0396469 -0.7541384 1.94373
-0.2230005 0.04414635 1.112188
0.06951886 -0.8202372 1.873169
9
0.05707592 -0.01866486 1.954917
-0.01979373 -0.04183085 1.905125
0.1315641 0.00497071 1.929348
0.001405908 -0.2606966 1.449377
0.06017511 -0.3706858 1.885999
-0.1782155 0.07132041 1.28822
0.03895683 -0.7540003 1.941152
-0.2056236 0.07395025 1.154406
0.06994873 -0.8202474 1.872359
9
0.05707592 -0.01866486 1.954917
-0.01979373 -0.04183085 1.905125
0.1315641 0.00497071 1.929348
0.001405908 -0.2606966 1.449377
0.06017511 -0.3706858 1.885999
-0.1782155 0.07132041 1.28822
0.03895683 -0.7540003 1.941152
-0.2056236 0.07395025 1.154406
0.06994873 -0.8202474 1.872359
9
0.05524156 -0.01821945 1.954943
-0.02162889 -0.04148861 1.90587
0.129577 0.005617213 1.928652
-0.001199698 -0.2591649 1.449502
0.0584166 -0.3685392 1.885727
-0.1793085 0.07289252 1.286731
0.03900486 -0.7531464 1.9395
-0.206733 0.07522079 1.15293
0.07047556 -0.8206484 1.872326
9
0.05524156 -0.01821945 1.954943
-0.02162889 -0.04148861 1.90587
0.129577 0.005617213 1.928652
-0.001199698 -0.2591649 1.449502
0.0584166 -0.3685392 1.885727
-0.1793085 0.07289252 1.286731
0.03900486 -0.7531464 1.9395
-0.206733 0.07522079 1.15293
0.07047556 -0.8206484 1.872326
9
0.05524156 -0.01821945 1.954943
-0.02162889 -0.04148861 1.90587
0.129577 0.005617213 1.928652
-0.001199698 -0.2591649 1.449502
0.0584166 -0.3685392 1.885727
-0.1793085 0.07289252 1.286731
0.03900486 -0.7531464 1.9395
-0.206733 0.07522079 1.15293
0.07047556 -0.8206484 1.872326
9
0.05524156 -0.01821945 1.954943
-0.02162889 -0.04148861 1.90587
0.129577 0.005617213 1.928652
-0.001199698 -0.2591649 1.449502
0.0584166 -0.3685392 1.885727
-0.1793085 0.07289252 1.286731
0.03900486 -0.7531464 1.9395
-0.206733 0.07522079 1.15293
0.07047556 -0.8206484 1.872326
9
0.0551476 -0.0184807 1.957235
-0.02183864 -0.04217803 1.909801
0.1296174 0.005643172 1.929801
0.001102086 -0.261109 1.454188
0.05724089 -0.3659555 1.887504
-0.1747639 0.07221217 1.291642
0.03892589 -0.7527684 1.939313
-0.2094814 0.03363783 1.167709
0.07082333 -0.819836 1.870157
9
0.0551476 -0.0184807 1.957235
-0.02183864 -0.04217803 1.909801
0.1296174 0.005643172 1.929801
0.001102086 -0.261109 1.454188
0.05724089 -0.3659555 1.887504
-0.1747639 0.07221217 1.291642
0.03892589 -0.7527684 1.939313
-0.2094814 0.03363783 1.167709
0.07082333 -0.819836 1.870157
9
0.05508976 -0.01846831 1.958295
-0.02185035 -0.04217447 1.911227
0.1295776 0.005691051 1.930468
0.003778084 -0.2616944 1.456058
0.05682212 -0.3660071 1.890395
-0.2172147 -0.001732324 1.274393
0.03895016 -0.7525548 1.939092
-0.2463473 -0.06501116 1.165215
0.07024281 -0.8200984 1.870811
9
0.05508976 -0.01846831 1.958295
-0.02185035 -0.04217447 1.911227
0.1295776 0.005691051 1.930468
0.003778084 -0.2616944 1.456058
0.05682212 -0.3660071 1.890395
-0.2172147 -0.001732324 1.274393
0.03895016 -0.7525548 1.939092
-0.2463473 -0.06501116 1.165215
0.07024281 -0.8200984 1.870811
9
0.05508976 -0.01846831 1.958295
-0.02185035 -0.04217447 1.911227
0.1295776 0.005691051 1.930468
0.003778084 -0.2616944 1.456058
0.05682212 -0.3660071 1.890395
-0.2172147 -0.001732324 1.274393
0.03895016 -0.7525548 1.939092
-0.2463473 -0.06501116 1.165215
0.07024281 -0.8200984 1.870811
9
0.05508976 -0.01846831 1.958295
-0.02185035 -0.04217447 1.911227
0.1295776 0.005691051 1.930468
0.003778084 -0.2616944 1.456058
0.05682212 -0.3660071 1.890395
-0.2172147 -0.001732324 1.274393
0.03895016 -0.7525548 1.939092
-0.2463473 -0.06501116 1.165215
0.07024281 -0.8200984 1.870811
9
0.04727566 -0.01724949 1.972956
-0.03026075 -0.0406746 1.926308
0.1229011 0.006712334 1.944339
-0.01237374 -0.2640123 1.472721
0.06177537 -0.3775411 1.901844
-0.2520652 -0.127601 1.322935
0.03928693 -0.7527471 1.939418
-0.2688831 -0.1711126 1.198625
0.06852828 -0.8206629 1.873683
9
0.04727566 -0.01724949 1.972956
-0.03026075 -0.0406746 1.926308
0.1229011 0.006712334 1.944339
-0.01237374 -0.2640123 1.472721
0.06177537 -0.3775411 1.901844
-0.2520652 -0.127601 1.322935
0.03928693 -0.7527471 1.939418
-0.2688831 -0.1711126 1.198625
0.06852828 -0.8206629 1.873683
9
0.033442 -0.01090543 2.009189
-0.04757268 -0.02387889 1.984618
0.1156967 0.005320848 1.957277
-0.1545743 -0.05980778 1.565144
0.06350464 -0.3770503 1.905679
-0.2668508 -0.2284784 1.334254
0.03880129 -0.7532643 1.9401
-0.2653281 -0.2581571 1.216961
0.06802031 -0.821274 1.875502
9
0.033442 -0.01090543 2.009189
-0.04757268 -0.02387889 1.984618
0.1156967 0.005320848 1.957277
-0.1545743 -0.05980778 1.565144
0.06350464 -0.3770503 1.905679
-0.2668508 -0.2284784 1.334254
0.03880129 -0.7532643 1.9401
-0.2653281 -0.2581571 1.216961
0.06802031 -0.821274 1.875502
9
0.033442 -0.01090543 2.009189
-0.04757268 -0.02387889 1.984618
0.1156967 0.005320848 1.957277
-0.1545743 -0.05980778 1.565144
0.06350464 -0.3770503 1.905679
-0.2668508 -0.2284784 1.334254
0.03880129 -0.7532643 1.9401
-0.2653281 -0.2581571 1.216961
0.06802031 -0.821274 1.875502
9
0.033442 -0.01090543 2.009189
-0.04757268 -0.02387889 1.984618
0.1156967 0.005320848 1.957277
-0.1545743 -0.05980778 1.565144
0.06350464 -0.3770503 1.905679
-0.2668508 -0.2284784 1.334254
0.03880129 -0.7532643 1.9401
-0.2653281 -0.2581571 1.216961
0.06802031 -0.821274 1.875502
9
0.03263099 -0.008552033 2.014364
-0.04689006 -0.02176458 1.9899
0.1122054 0.00707018 1.963481
-0.1793112 -0.1810729 1.612668
0.06619944 -0.3770373 1.918447
-0.2670505 -0.4146212 1.440066
0.0392434 -0.7536384 1.942604
-0.2746582 -0.4243164 1.327148
0.06817043 -0.8213794 1.875327
9
0.03263099 -0.008552033 2.014364
-0.04689006 -0.02176458 1.9899
0.1122054 0.00707018 1.963481
-0.1793112 -0.1810729 1.612668
0.06619944 -0.3770373 1.918447
-0.2670505 -0.4146212 1.440066
0.0392434 -0.7536384 1.942604
-0.2746582 -0.4243164 1.327148
0.06817043 -0.8213794 1.875327
9
0.02141194 -0.001974343 2.036017
-0.05777837 -0.01185188 2.0098
0.09979857 0.008567476 1.98779
-0.1721029 -0.2294286 1.659428
0.06724367 -0.3775997 1.925817
-0.2663576 -0.4769474 1.514043
0.03977 -0.7537009 1.945288
-0.2782764 -0.5086372 1.387601
0.07045905 -0.8204911 1.873266
9
0.02141194 -0.001974343 2.036017
-0.05777837 -0.01185188 2.0098
0.09979857 0.008567476 1.98779
-0.1721029 -0.2294286 1.659428
0.06724367 -0.3775997 1.925817
-0.2663576 -0.4769474 1.514043
0.03977 -0.7537009 1.945288
-0.2782764 -0.5086372 1.387601
0.07045905 -0.8204911 1.873266
9
0.02141194 -0.001974343 2.036017
-0.05777837 -0.01185188 2.0098
0.09979857 0.008567476 1.98779
-0.1721029 -0.2294286 1.659428
0.06724367 -0.3775997 1.925817
-0.2663576 -0.4769474 1.514043
0.03977 -0.7537009 1.945288
-0.2782764 -0.5086372 1.387601
0.07045905 -0.8204911 1.873266
9
0.02141194 -0.001974343 2.036017
-0.05777837 -0.01185188 2.0098
0.09979857 0.008567476 1.98779
-0.1721029 -0.2294286 1.659428
0.06724367 -0.3775997 1.925817
-0.2663576 -0.4769474 1.514043
0.03977 -0.7537009 1.945288
-0.2782764 -0.5086372 1.387601
0.07045905 -0.8204911 1.873266
