40
9
0.04114164 0.009426435 2.079181
-0.03630778 0.008231006 2.035972
0.1172572 0.01059104 2.046629
-0.0967655 -0.3680576 1.843919
0.09509256 -0.4145888 2.070111
-0.1578902 -0.7441025 1.894141
0.04280091 -0.7547378 2.078215
-0.13574 -0.7671683 1.780714
0.05018182 -0.8119863 2.008789
9
0.04114164 0.009426435 2.079181
-0.03630778 0.008231006 2.035972
0.1172572 0.01059104 2.046629
-0.0967655 -0.3680576 1.843919
0.09509256 -0.4145888 2.070111
-0.1578902 -0.7441025 1.894141
0.04280091 -0.7547378 2.078215
-0.13574 -0.7671683 1.780714
0.05018182 -0.8119863 2.008789
9
0.04129193 0.009423428 2.07881
-0.03630005 0.008374209 2.035844
0.1176721 0.01021713 2.045844
-0.098088 -0.3513834 1.811154
0.09559554 -0.41404 2.06466
-0.1560914 -0.7313288 1.829814
0.04186653 -0.7550434 2.077477
-0.1649495 -0.7847558 1.76182
0.05222521 -0.8144389 2.004226
9
0.04129193 0.009423428 2.07881
-0.03630005 0.008374209 2.035844
0.1176721 0.01021713 2.045844
-0.098088 -0.3513834 1.811154
0.09559554 -0.41404 2.06466
-0.1560914 -0.7313288 1.829814
0.04186653 -0.7550434 2.077477
-0.1649495 -0.7847558 1.76182
0.05222521 -0.8144389 2.004226
9
0.04123678 0.00946235 2.078744
-0.03672872 0.008918019 2.035899
0.1177447 0.009968579 2.045609
-0.09856198 -0.3209695 1.766713
0.0937719 -0.4165503 2.052139
-0.1524982 -0.6851839 1.750804
0.04150771 -0.7548698 2.076687
-0.1538267 -0.7316822 1.669991
0.05127368 -0.8146454 2.004181
9
0.04123678 0.00946235 2.078744
-0.03672872 0.008918019 2.035899
0.1177447 0.009968579 2.045609
-0.09856198 -0.3209695 1.766713
0.0937719 -0.4165503 2.052139
-0.1524982 -0.6851839 1.750804
0.04150771 -0.7548698 2.076687
-0.1538267 -0.7316822 1.669991
0.05127368 -0.8146454 2.004181
9
0.04101282 0.009763023 2.078912
-0.03835711 0.01153207 2.038093
0.11784 0.009655904 2.045272
-0.09789593 -0.2947412 1.726797
0.08716153 -0.4164112 2.033417
-0.1468123 -0.6181573 1.668028
0.04090283 -0.7547147 2.075982
-0.1453857 -0.6669922 1.572266
0.05053166 -0.8144622 2.00322
9
0.04101282 0.009763023 2.078912
-0.03835711 0.01153207 2.038093
0.11784 0.009655904 2.045272
-0.09789593 -0.2947412 1.726797
0.08716153 -0.4164112 2.033417
-0.1468123 -0.6181573 1.668028
0.04090283 -0.7547147 2.075982
-0.1453857 -0.6669922 1.572266
0.05053166 -0.8144622 2.00322
9
0.03593544 0.007520981 2.115127
-0.04764728 0.01192584 2.078579
0.1175347 0.003568531 2.076908
-0.09808201 -0.2446709 1.68593
0.08165457 -0.4148822 2.021913
-0.1395094 -0.531084 1.592254
0.04000845 -0.7545048 2.073694
-0.1407071 -0.5830182 1.47673
0.04963133 -0.8143748 2.001967
9
0.03593544 0.007520981 2.115127
-0.04764728 0.01192584 2.078579
0.1175347 0.003568531 2.076908
-0.09808201 -0.2446709 1.68593
0.08165457 -0.4148822 2.021913
-0.1395094 -0.531084 1.592254
0.04000845 -0.7545048 2.073694
-0.1407071 -0.5830182 1.47673
0.04963133 -0.8143748 2.001967
9
0.03593544 0.007520981 2.115127
-0.04764728 0.01192584 2.078579
0.1175347 0.003568531 2.076908
-0.09808201 -0.2446709 1.68593
0.08165457 -0.4148822 2.021913
-0.1395094 -0.531084 1.592254
0.04000845 -0.7545048 2.073694
-0.1407071 -0.5830182 1.47673
0.04963133 -0.8143748 2.001967
9
0.03593544 0.007520981 2.115127
-0.04764728 0.01192584 2.078579
0.1175347 0.003568531 2.076908
-0.09808201 -0.2446709 1.68593
0.08165457 -0.4148822 2.021913
-0.1395094 -0.531084 1.592254
0.04000845 -0.7545048 2.073694
-0.1407071 -0.5830182 1.47673
0.04963133 -0.8143748 2.001967
9
0.03372629 0.01339753 2.099912
-0.05297779 0.01862886 2.068594
0.1200485 0.007940798 2.053172
-0.09955932 -0.08236615 1.614094
0.07327113 -0.3698318 2.009376
-0.1257213 -0.3496918 1.437816
0.03653868 -0.7250516 2.061182
-0.1289685 -0.392339 1.313339
0.04872223 -0.8119659 2.001875
9
0.03372629 0.01339753 2.099912
-0.05297779 0.01862886 2.068594
0.1200485 0.007940798 2.053172
-0.09955932 -0.08236615 1.614094
0.07327113 -0.3698318 2.009376
-0.1257213 -0.3496918 1.437816
0.03653868 -0.7250516 2.061182
-0.1289685 -0.392339 1.313339
0.04872223 -0.8119659 2.001875
9
0.03372629 0.01339753 2.099912
-0.05297779 0.01862886 2.068594
0.1200485 0.007940798 2.053172
-0.09955932 -0.08236615 1.614094
0.07327113 -0.3698318 2.009376
-0.1257213 -0.3496918 1.437816
0.03653868 -0.7250516 2.061182
-0.1289685 -0.392339 1.313339
0.04872223 -0.8119659 2.001875
9
0.03372629 0.01339753 2.099912
-0.05297779 0.01862886 2.068594
0.1200485 0.007940798 2.053172
-0.09955932 -0.08236615 1.614094
0.07327113 -0.3698318 2.009376
-0.1257213 -0.3496918 1.437816
0.03653868 -0.7250516 2.061182
-0.1289685 -0.392339 1.313339
0.04872223 -0.8119659 2.001875
9
0.01780524 0.01341272 2.09635
-0.06866405 0.02042396 2.067653
0.1034931 0.005936528 2.04835
-0.08383548 -0.02502152 1.573159
0.07473163 -0.3757951 2.003591
-0.1101178 -0.292924 1.39708
0.03474292 -0.7421008 2.059231
-0.1252614 -0.2558841 1.264396
0.04969954 -0.8139689 1.999573
9
0.01780524 0.01341272 2.09635
-0.06866405 0.02042396 2.067653
0.1034931 0.005936528 2.04835
-0.08383548 -0.02502152 1.573159
0.07473163 -0.3757951 2.003591
-0.1101178 -0.292924 1.39708
0.03474292 -0.7421008 2.059231
-0.1252614 -0.2558841 1.264396
0.04969954 -0.8139689 1.999573
9
0.01489211 0.01314439 2.094934
-0.07163817 0.02045256 2.067124
0.100803 0.005354752 2.046351
-0.07139532 0.009981561 1.566498
0.07573962 -0.3784143 2.000265
-0.08736549 -0.1831299 1.330234
0.03474817 -0.745292 2.057256
-0.1220514 -0.1547729 1.200896
0.05005485 -0.813763 1.997407
9
0.01489211 0.01314439 2.094934
-0.07163817 0.02045256 2.067124
0.100803 0.005354752 2.046351
-0.07139532 0.009981561 1.566498
0.07573962 -0.3784143 2.000265
-0.08736549 -0.1831299 1.330234
0.03474817 -0.745292 2.057256
-0.1220514 -0.1547729 1.200896
0.05005485 -0.813763 1.997407
9
0.0699252 -0.01549635 2.047253
-0.01044613 -0.03104077 2.007325
0.1477096 0.0006137016 2.011973
-0.05535243 0.08200593 1.613182
0.07572448 -0.3787358 1.997414
-0.07370403 -0.1159452 1.381316
0.03471441 -0.7487234 2.053789
-0.1002189 -0.08671781 1.249482
0.04982208 -0.8135749 1.996339
9
0.0699252 -0.01549635 2.047253
-0.01044613 -0.03104077 2.007325
0.1477096 0.0006137016 2.011973
-0.05535243 0.08200593 1.613182
0.07572448 -0.3787358 1.997414
-0.07370403 -0.1159452 1.381316
0.03471441 -0.7487234 2.053789
-0.1002189 -0.08671781 1.249482
0.04982208 -0.8135749 1.996339
9
0.07022429 -0.01523046 2.047548
-0.0103243 -0.03084356 2.00759
0.1482479 0.0009648203 2.012311
-0.05384905 0.09261728 1.609499
0.07624971 -0.3783769 1.994477
-0.07220971 -0.1053904 1.377672
0.03453511 -0.7521423 2.051603
-0.09875779 -0.07643247 1.245814
0.04962417 -0.8137188 1.995018
9
0.07022429 -0.01523046 2.047548
-0.0103243 -0.03084356 2.00759
0.1482479 0.0009648203 2.012311
-0.05384905 0.09261728 1.609499
0.07624971 -0.3783769 1.994477
-0.07220971 -0.1053904 1.377672
0.03453511 -0.7521423 2.051603
-0.09875779 -0.07643247 1.245814
0.04962417 -0.8137188 1.995018
9
0.06969584 -0.01461884 2.047006
-0.01126843 -0.029591 2.006819
0.1480025 0.001153071 2.011947
-0.0411935 0.1501833 1.647237
0.07594646 -0.3786357 1.992795
-0.0595965 -0.04789972 1.415622
0.03403706 -0.7543199 2.049822
-0.08310464 -0.0112979 1.285693
0.04954624 -0.814086 1.994465
9
0.06969584 -0.01461884 2.047006
-0.01126843 -0.029591 2.006819
0.1480025 0.001153071 2.011947
-0.0411935 0.1501833 1.647237
0.07594646 -0.3786357 1.992795
-0.0595965 -0.04789972 1.415622
0.03403706 -0.7543199 2.049822
-0.08310464 -0.0112979 1.285693
0.04954624 -0.814086 1.994465
9
0.0687563 -0.01404053 2.046278
-0.01250171 -0.0282286 2.005604
0.1473103 0.001187245 2.011544
-0.03920111 0.1525295 1.644062
0.07394735 -0.3855864 1.990688
-0.05761305 -0.04557363 1.412457
0.03445927 -0.7548286 2.049347
-0.08219352 -0.008398317 1.283047
0.04955264 -0.8141171 1.994106
9
0.0687563 -0.01404053 2.046278
-0.01250171 -0.0282286 2.005604
0.1473103 0.001187245 2.011544
-0.03920111 0.1525295 1.644062
0.07394735 -0.3855864 1.990688
-0.05761305 -0.04557363 1.412457
0.03445927 -0.7548286 2.049347
-0.08219352 -0.008398317 1.283047
0.04955264 -0.8141171 1.994106
9
0.06916746 -0.01372592 2.046257
-0.01192555 -0.02762197 2.00563
0.1475947 0.001257908 2.011512
-0.0372298 0.1556136 1.638986
0.07350169 -0.3852087 1.989764
-0.05565131 -0.04251907 1.407394
0.0343566 -0.7553557 2.048659
-0.08156154 -0.005055606 1.278492
0.04969424 -0.8144595 1.9937
9
0.06916746 -0.01372592 2.046257
-0.01192555 -0.02762197 2.00563
0.1475947 0.001257908 2.011512
-0.0372298 0.1556136 1.638986
0.07350169 -0.3852087 1.989764
-0.05565131 -0.04251907 1.407394
0.0343566 -0.7553557 2.048659
-0.08156154 -0.005055606 1.278492
0.04969424 -0.8144595 1.9937
9
0.07174467 -0.01297733 2.046125
-0.009215928 -0.02634781 2.005521
0.1500477 0.001395526 2.011395
-0.03634842 0.1558624 1.639462
0.07348572 -0.385199 1.989647
-0.05477311 -0.04226936 1.407871
0.03488385 -0.7549062 2.047105
-0.08096099 -0.004944224 1.278993
0.04967646 -0.8144591 1.993459
9
0.07174467 -0.01297733 2.046125
-0.009215928 -0.02634781 2.005521
0.1500477 0.001395526 2.011395
-0.03634842 0.1558624 1.639462
0.07348572 -0.385199 1.989647
-0.05477311 -0.04226936 1.407871
0.03488385 -0.7549062 2.047105
-0.08096099 -0.004944224 1.278993
0.04967646 -0.8144591 1.993459
9
0.07174467 -0.01297733 2.046125
-0.009215928 -0.02634781 2.005521
0.1500477 0.001395526 2.011395
-0.03634842 0.1558624 1.639462
0.07348572 -0.385199 1.989647
-0.05477311 -0.04226936 1.407871
0.03488385 -0.7549062 2.047105
-0.08096099 -0.004944224 1.278993
0.04967646 -0.8144591 1.993459
9
0.07174467 -0.01297733 2.046125
-0.009215928 -0.02634781 2.005521
0.1500477 0.001395526 2.011395
-0.03634842 0.1558624 1.639462
0.07348572 -0.385199 1.989647
-0.05477311 -0.04226936 1.407871
0.03488385 -0.7549062 2.047105
-0.08096099 -0.004944224 1.278993
0.04967646 -0.8144591 1.993459
9
0.07174467 -0.01297733 2.046125
-0.009215928 -0.02634781 2.005521
0.1500477 0.001395526 2.011395
-0.03634842 0.1558624 1.639462
0.07348572 -0.385199 1.989647
-0.05477311 -0.04226936 1.407871
0.03488385 -0.7549062 2.047105
-0.08096099 -0.004944224 1.278993
0.04967646 -0.8144591 1.993459
9
0.07174467 -0.01297733 2.046125
-0.009215928 -0.02634781 2.005521
0.1500477 0.001395526 2.011395
-0.03634842 0.1558624 1.639462
0.07348572 -0.385199 1.989647
-0.05477311 -0.04226936 1.407871
0.03488385 -0.7549062 2.047105
-0.08096099 -0.004944224 1.278993
0.04967646 -0.8144591 1.993459
9
0.07042406 -0.01372102 2.050252
-0.010387 -0.02687947 2.009424
0.1486028 0.0002759499 2.015862
-0.06416591 0.0636934 1.56241
0.07369017 -0.3838262 1.990267
-0.0824986 -0.1343821 1.330459
0.03477377 -0.7544838 2.047195
-0.1144472 -0.09739487 1.202908
0.0496297 -0.8142415 1.992884
9
0.07042406 -0.01372102 2.050252
-0.010387 -0.02687947 2.009424
0.1486028 0.0002759499 2.015862
-0.06416591 0.0636934 1.56241
0.07369017 -0.3838262 1.990267
-0.0824986 -0.1343821 1.330459
0.03477377 -0.7544838 2.047195
-0.1144472 -0.09739487 1.202908
0.0496297 -0.8142415 1.992884
9
0.07042406 -0.01372102 2.050252
-0.010387 -0.02687947 2.009424
0.1486028 0.0002759499 2.015862
-0.06416591 0.0636934 1.56241
0.07369017 -0.3838262 1.990267
-0.0824986 -0.1343821 1.330459
0.03477377 -0.7544838 2.047195
-0.1144472 -0.09739487 1.202908
0.0496297 -0.8142415 1.992884
9
0.07042406 -0.01372102 2.050252
-0.010387 -0.02687947 2.009424
0.1486028 0.0002759499 2.015862
-0.06416591 0.0636934 1.56241
0.07369017 -0.3838262 1.990267
-0.0824986 -0.1343821 1.330459
0.03477377 -0.7544838 2.047195
-0.1144472 -0.09739487 1.202908
0.0496297 -0.8142415 1.992884
