40
9
0.1291237 -0.2327497 2.167093
0.04297868 -0.2262601 2.129139
0.2109297 -0.2314156 2.131144
0.003891659 -0.5970592 2.036497
0.2005131 -0.6216674 2.087119
-0.004090486 -0.9574217 2.179609
0.202945 -0.9558479 2.098978
-0.004076354 -1.033339 2.100811
0.1539527 -1.028442 2.043613
9
0.1291237 -0.2327497 2.167093
0.04297868 -0.2262601 2.129139
0.2109297 -0.2314156 2.131144
0.003891659 -0.5970592 2.036497
0.2005131 -0.6216674 2.087119
-0.004090486 -0.9574217 2.179609
0.202945 -0.9558479 2.098978
-0.004076354 -1.033339 2.100811
0.1539527 -1.028442 2.043613
9
0.1439664 -0.2275447 2.152211
0.05657226 -0.2201231 2.117555
0.2265725 -0.227345 2.112627
0.003659189 -0.5609505 1.909534
0.2099686 -0.6214335 2.076747
-0.009474836 -0.9108259 1.94879
0.2040703 -0.9572977 2.096653
-0.04187126 -0.9743791 1.861365
0.1534718 -1.029315 2.042579
9
0.1439664 -0.2275447 2.152211
0.05657226 -0.2201231 2.117555
0.2265725 -0.227345 2.112627
0.003659189 -0.5609505 1.909534
0.2099686 -0.6214335 2.076747
-0.009474836 -0.9108259 1.94879
0.2040703 -0.9572977 2.096653
-0.04187126 -0.9743791 1.861365
0.1534718 -1.029315 2.042579
9
0.1483974 -0.226874 2.146483
0.06112034 -0.2190476 2.113519
0.230606 -0.2270877 2.105154
-0.006888847 -0.5492926 1.860685
0.2144577 -0.6176647 2.070503
-0.01654531 -0.8525881 1.84338
0.2032526 -0.9575995 2.093114
-0.03931803 -0.9114988 1.745432
0.1562017 -1.031459 2.039291
9
0.1483974 -0.226874 2.146483
0.06112034 -0.2190476 2.113519
0.230606 -0.2270877 2.105154
-0.006888847 -0.5492926 1.860685
0.2144577 -0.6176647 2.070503
-0.01654531 -0.8525881 1.84338
0.2032526 -0.9575995 2.093114
-0.03931803 -0.9114988 1.745432
0.1562017 -1.031459 2.039291
9
0.1483974 -0.226874 2.146483
0.06112034 -0.2190476 2.113519
0.230606 -0.2270877 2.105154
-0.006888847 -0.5492926 1.860685
0.2144577 -0.6176647 2.070503
-0.01654531 -0.8525881 1.84338
0.2032526 -0.9575995 2.093114
-0.03931803 -0.9114988 1.745432
0.1562017 -1.031459 2.039291
9
0.1483974 -0.226874 2.146483
0.06112034 -0.2190476 2.113519
0.230606 -0.2270877 2.105154
-0.006888847 -0.5492926 1.860685
0.2144577 -0.6176647 2.070503
-0.01654531 -0.8525881 1.84338
0.2032526 -0.9575995 2.093114
-0.03931803 -0.9114988 1.745432
0.1562017 -1.031459 2.039291
9
0.1486824 -0.224501 2.137215
0.06041601 -0.2162844 2.108717
0.2324517 -0.2256319 2.089962
-0.02448444 -0.4752677 1.751593
0.2100942 -0.613405 2.063258
-0.05937926 -0.7467282 1.609981
0.1993877 -0.9576819 2.092073
-0.08296183 -0.7358662 1.479057
0.1598541 -1.034645 2.037411
9
0.1486824 -0.224501 2.137215
0.06041601 -0.2162844 2.108717
0.2324517 -0.2256319 2.089962
-0.02448444 -0.4752677 1.751593
0.2100942 -0.613405 2.063258
-0.05937926 -0.7467282 1.609981
0.1993877 -0.9576819 2.092073
-0.08296183 -0.7358662 1.479057
0.1598541 -1.034645 2.037411
9
0.1491898 -0.2234235 2.132745
0.06035564 -0.2149365 2.106772
0.2335436 -0.225089 2.083083
-0.03580137 -0.4204542 1.707923
0.2069357 -0.6072466 2.05539
-0.07879167 -0.6527165 1.506101
0.1952578 -0.9568521 2.09008
-0.1031081 -0.6415921 1.375109
0.1868297 -0.9843166 1.946082
9
0.1491898 -0.2234235 2.132745
0.06035564 -0.2149365 2.106772
0.2335436 -0.225089 2.083083
-0.03580137 -0.4204542 1.707923
0.2069357 -0.6072466 2.05539
-0.07879167 -0.6527165 1.506101
0.1952578 -0.9568521 2.09008
-0.1031081 -0.6415921 1.375109
0.1868297 -0.9843166 1.946082
9
0.1498885 -0.2226078 2.123639
0.05998812 -0.2132905 2.099003
0.2350073 -0.2248362 2.074049
-0.04434041 -0.3739443 1.6536
0.2033456 -0.5893969 2.043557
-0.135665 -0.558179 1.351644
0.1921581 -0.9604788 2.083508
-0.1613449 -0.469261 1.256994
0.1815662 -0.9874231 1.939535
9
0.1498885 -0.2226078 2.123639
0.05998812 -0.2132905 2.099003
0.2350073 -0.2248362 2.074049
-0.04434041 -0.3739443 1.6536
0.2033456 -0.5893969 2.043557
-0.135665 -0.558179 1.351644
0.1921581 -0.9604788 2.083508
-0.1613449 -0.469261 1.256994
0.1815662 -0.9874231 1.939535
9
0.1498885 -0.2226078 2.123639
0.05998812 -0.2132905 2.099003
0.2350073 -0.2248362 2.074049
-0.04434041 -0.3739443 1.6536
0.2033456 -0.5893969 2.043557
-0.135665 -0.558179 1.351644
0.1921581 -0.9604788 2.083508
-0.1613449 -0.469261 1.256994
0.1815662 -0.9874231 1.939535
9
0.1498885 -0.2226078 2.123639
0.05998812 -0.2132905 2.099003
0.2350073 -0.2248362 2.074049
-0.04434041 -0.3739443 1.6536
0.2033456 -0.5893969 2.043557
-0.135665 -0.558179 1.351644
0.1921581 -0.9604788 2.083508
-0.1613449 -0.469261 1.256994
0.1815662 -0.9874231 1.939535
9
0.1498885 -0.2226078 2.123639
0.05998812 -0.2132905 2.099003
0.2350073 -0.2248362 2.074049
-0.04434041 -0.3739443 1.6536
0.2033456 -0.5893969 2.043557
-0.135665 -0.558179 1.351644
0.1921581 -0.9604788 2.083508
-0.1613449 -0.469261 1.256994
0.1815662 -0.9874231 1.939535
9
0.1535971 -0.2210829 2.111807
0.06094616 -0.2123025 2.091436
0.242077 -0.2222971 2.057376
-0.02899207 -0.219114 1.649326
0.2062826 -0.579424 2.02774
-0.1332346 -0.3307028 1.291698
0.1875909 -0.9600391 2.073372
-0.1869362 -0.3960519 1.218638
0.1739879 -0.9864843 1.929506
9
0.1944642 -0.2323405 2.084564
0.1052547 -0.2299993 2.062185
0.2733595 -0.2262871 2.035831
-0.02680292 -0.1533391 1.667123
0.2058816 -0.578546 2.019899
-0.123816 -0.2522758 1.289242
0.1834487 -0.9651659 2.065589
-0.1525865 -0.3401656 1.23853
0.1687191 -0.9909685 1.921695
9
0.1944642 -0.2323405 2.084564
0.1052547 -0.2299993 2.062185
0.2733595 -0.2262871 2.035831
-0.02680292 -0.1533391 1.667123
0.2058816 -0.578546 2.019899
-0.123816 -0.2522758 1.289242
0.1834487 -0.9651659 2.065589
-0.1525865 -0.3401656 1.23853
0.1687191 -0.9909685 1.921695
9
0.1944642 -0.2323405 2.084564
0.1052547 -0.2299993 2.062185
0.2733595 -0.2262871 2.035831
-0.02680292 -0.1533391 1.667123
0.2058816 -0.578546 2.019899
-0.123816 -0.2522758 1.289242
0.1834487 -0.9651659 2.065589
-0.1525865 -0.3401656 1.23853
0.1687191 -0.9909685 1.921695
9
0.1944642 -0.2323405 2.084564
0.1052547 -0.2299993 2.062185
0.2733595 -0.2262871 2.035831
-0.02680292 -0.1533391 1.667123
0.2058816 -0.578546 2.019899
-0.123816 -0.2522758 1.289242
0.1834487 -0.9651659 2.065589
-0.1525865 -0.3401656 1.23853
0.1687191 -0.9909685 1.921695
9
0.1944642 -0.2323405 2.084564
0.1052547 -0.2299993 2.062185
0.2733595 -0.2262871 2.035831
-0.02680292 -0.1533391 1.667123
0.2058816 -0.578546 2.019899
-0.123816 -0.2522758 1.289242
0.1834487 -0.9651659 2.065589
-0.1525865 -0.3401656 1.23853
0.1687191 -0.9909685 1.921695
9
0.1944642 -0.2323405 2.084564
0.1052547 -0.2299993 2.062185
0.2733595 -0.2262871 2.035831
-0.02680292 -0.1533391 1.667123
0.2058816 -0.578546 2.019899
-0.123816 -0.2522758 1.289242
0.1834487 -0.9651659 2.065589
-0.1525865 -0.3401656 1.23853
0.1687191 -0.9909685 1.921695
9
0.1970882 -0.2406534 2.080472
0.1075509 -0.2406097 2.059927
0.2784817 -0.233756 2.027789
-0.01492102 -0.05371254 1.660469
0.201449 -0.5638329 1.996456
-0.1120028 -0.152853 1.282848
0.1865421 -0.9627274 2.040881
-0.1892702 -0.2040717 1.220277
0.1679303 -0.9885908 1.897586
9
0.1970882 -0.2406534 2.080472
0.1075509 -0.2406097 2.059927
0.2784817 -0.233756 2.027789
-0.01492102 -0.05371254 1.660469
0.201449 -0.5638329 1.996456
-0.1120028 -0.152853 1.282848
0.1865421 -0.9627274 2.040881
-0.1892702 -0.2040717 1.220277
0.1679303 -0.9885908 1.897586
9
0.1970882 -0.2406534 2.080472
0.1075509 -0.2406097 2.059927
0.2784817 -0.233756 2.027789
-0.01492102 -0.05371254 1.660469
0.201449 -0.5638329 1.996456
-0.1120028 -0.152853 1.282848
0.1865421 -0.9627274 2.040881
-0.1892702 -0.2040717 1.220277
0.1679303 -0.9885908 1.897586
9
0.1970882 -0.2406534 2.080472
0.1075509 -0.2406097 2.059927
0.2784817 -0.233756 2.027789
-0.01492102 -0.05371254 1.660469
0.201449 -0.5638329 1.996456
-0.1120028 -0.152853 1.282848
0.1865421 -0.9627274 2.040881
-0.1892702 -0.2040717 1.220277
0.1679303 -0.9885908 1.897586
9
0.1956839 -0.2473377 2.07787
0.1061718 -0.2473351 2.058915
0.2775762 -0.2394662 2.023529
-0.01543791 -0.05229446 1.659953
0.2001877 -0.5640863 1.993842
-0.1125205 -0.1514382 1.282334
0.1849791 -0.9588044 2.036695
-0.1707764 -0.0617981 1.203125
0.1644622 -0.9848415 1.893712
9
0.1956839 -0.2473377 2.07787
0.1061718 -0.2473351 2.058915
0.2775762 -0.2394662 2.023529
-0.01543791 -0.05229446 1.659953
0.2001877 -0.5640863 1.993842
-0.1125205 -0.1514382 1.282334
0.1849791 -0.9588044 2.036695
-0.1707764 -0.0617981 1.203125
0.1644622 -0.9848415 1.893712
9
0.1956839 -0.2473377 2.07787
0.1061718 -0.2473351 2.058915
0.2775762 -0.2394662 2.023529
-0.01543791 -0.05229446 1.659953
0.2001877 -0.5640863 1.993842
-0.1125205 -0.1514382 1.282334
0.1849791 -0.9588044 2.036695
-0.1707764 -0.0617981 1.203125
0.1644622 -0.9848415 1.893712
9
0.1956839 -0.2473377 2.07787
0.1061718 -0.2473351 2.058915
0.2775762 -0.2394662 2.023529
-0.01543791 -0.05229446 1.659953
0.2001877 -0.5640863 1.993842
-0.1125205 -0.1514382 1.282334
0.1849791 -0.9588044 2.036695
-0.1707764 -0.0617981 1.203125
0.1644622 -0.9848415 1.893712
9
0.1954927 -0.249409 2.078159
0.1058508 -0.2499968 2.060002
0.277614 -0.2408254 2.023231
-0.03096381 -0.08042832 1.647537
0.1967015 -0.563866 1.992335
-0.1302488 -0.1489219 1.297209
0.1839136 -0.9589353 2.03667
-0.1838395 -0.1002372 1.190712
0.1623036 -0.9851428 1.893934
9
0.1954927 -0.249409 2.078159
0.1058508 -0.2499968 2.060002
0.277614 -0.2408254 2.023231
-0.03096381 -0.08042832 1.647537
0.1967015 -0.563866 1.992335
-0.1302488 -0.1489219 1.297209
0.1839136 -0.9589353 2.03667
-0.1838395 -0.1002372 1.190712
0.1623036 -0.9851428 1.893934
9
0.1954927 -0.249409 2.078159
0.1058508 -0.2499968 2.060002
0.277614 -0.2408254 2.023231
-0.03096381 -0.08042832 1.647537
0.1967015 -0.563866 1.992335
-0.1302488 -0.1489219 1.297209
0.1839136 -0.9589353 2.03667
-0.1838395 -0.1002372 1.190712
0.1623036 -0.9851428 1.893934
9
0.1954927 -0.249409 2.078159
0.1058508 -0.2499968 2.060002
0.277614 -0.2408254 2.023231
-0.03096381 -0.08042832 1.647537
0.1967015 -0.563866 1.992335
-0.1302488 -0.1489219 1.297209
0.1839136 -0.9589353 2.03667
-0.1838395 -0.1002372 1.190712
0.1623036 -0.9851428 1.893934
9
0.1934089 -0.251261 2.083075
0.1032757 -0.2518954 2.069283
0.2763276 -0.2421411 2.025051
-0.03725261 -0.1600669 1.687613
0.1947603 -0.5649726 1.994648
-0.1479732 -0.2844193 1.36822
0.1820715 -0.9552962 2.037781
-0.1634046 -0.3189678 1.223099
0.1599157 -0.9818633 1.895232
9
0.1934089 -0.251261 2.083075
0.1032757 -0.2518954 2.069283
0.2763276 -0.2421411 2.025051
-0.03725261 -0.1600669 1.687613
0.1947603 -0.5649726 1.994648
-0.1479732 -0.2844193 1.36822
0.1820715 -0.9552962 2.037781
-0.1634046 -0.3189678 1.223099
0.1599157 -0.9818633 1.895232
9
0.1846228 -0.2582741 2.098076
0.0948059 -0.260034 2.08548
0.2683375 -0.2473952 2.037241
-0.05538444 -0.2280721 1.670769
0.1928693 -0.5716584 1.997346
-0.1690404 -0.3698855 1.381373
0.1808968 -0.955741 2.039011
-0.1842666 -0.4032203 1.237102
0.1585292 -0.9830655 1.896792
9
0.1846228 -0.2582741 2.098076
0.0948059 -0.260034 2.08548
0.2683375 -0.2473952 2.037241
-0.05538444 -0.2280721 1.670769
0.1928693 -0.5716584 1.997346
-0.1690404 -0.3698855 1.381373
0.1808968 -0.955741 2.039011
-0.1842666 -0.4032203 1.237102
0.1585292 -0.9830655 1.896792
