40
9
0.1967411 -0.03363441 1.715692
0.1102031 -0.03056104 1.69127
0.2745254 -0.03491288 1.663534
0.08366951 -0.4702088 1.626369
0.2540051 -0.479506 1.702114
0.06260208 -0.7824476 1.641122
0.2184129 -0.7894995 1.696896
0.01908005 -0.8420174 1.547219
0.21347 -0.8359255 1.587221
9
0.1967411 -0.03363441 1.715692
0.1102031 -0.03056104 1.69127
0.2745254 -0.03491288 1.663534
0.08366951 -0.4702088 1.626369
0.2540051 -0.479506 1.702114
0.06260208 -0.7824476 1.641122
0.2184129 -0.7894995 1.696896
0.01908005 -0.8420174 1.547219
0.21347 -0.8359255 1.587221
9
0.1990633 -0.03365084 1.713922
0.1120174 -0.03018177 1.689308
0.27733 -0.03542629 1.66222
0.07988998 -0.4567983 1.587217
0.2567244 -0.478807 1.701902
0.05397438 -0.7798427 1.617044
0.2149481 -0.7909705 1.696484
0.02076544 -0.8460507 1.540504
0.2140866 -0.8363367 1.586061
9
0.1990633 -0.03365084 1.713922
0.1120174 -0.03018177 1.689308
0.27733 -0.03542629 1.66222
0.07988998 -0.4567983 1.587217
0.2567244 -0.478807 1.701902
0.05397438 -0.7798427 1.617044
0.2149481 -0.7909705 1.696484
0.02076544 -0.8460507 1.540504
0.2140866 -0.8363367 1.586061
9
0.1990633 -0.03365084 1.713922
0.1120174 -0.03018177 1.689308
0.27733 -0.03542629 1.66222
0.07988998 -0.4567983 1.587217
0.2567244 -0.478807 1.701902
0.05397438 -0.7798427 1.617044
0.2149481 -0.7909705 1.696484
0.02076544 -0.8460507 1.540504
0.2140866 -0.8363367 1.586061
9
0.20265 -0.0337309 1.711094
0.1151022 -0.02953899 1.685896
0.2813384 -0.03627603 1.660151
0.07192932 -0.4240177 1.531805
0.2569879 -0.4788065 1.701571
0.04782417 -0.7610992 1.573207
0.2122684 -0.7960227 1.695082
0.02646495 -0.7924453 1.436417
0.1184096 -0.8315948 1.577976
9
0.20265 -0.0337309 1.711094
0.1151022 -0.02953899 1.685896
0.2813384 -0.03627603 1.660151
0.07192932 -0.4240177 1.531805
0.2569879 -0.4788065 1.701571
0.04782417 -0.7610992 1.573207
0.2122684 -0.7960227 1.695082
0.02646495 -0.7924453 1.436417
0.1184096 -0.8315948 1.577976
9
0.2053232 -0.03373884 1.709812
0.1174179 -0.02871163 1.684071
0.2845215 -0.0371939 1.659476
0.07447219 -0.4087478 1.49831
0.2572799 -0.4783455 1.699458
0.04750512 -0.7301181 1.491199
0.207478 -0.8001596 1.690099
0.02680502 -0.7611188 1.354264
0.1154767 -0.8342294 1.570361
9
0.2053232 -0.03373884 1.709812
0.1174179 -0.02871163 1.684071
0.2845215 -0.0371939 1.659476
0.07447219 -0.4087478 1.49831
0.2572799 -0.4783455 1.699458
0.04750512 -0.7301181 1.491199
0.207478 -0.8001596 1.690099
0.02680502 -0.7611188 1.354264
0.1154767 -0.8342294 1.570361
9
0.2053232 -0.03373884 1.709812
0.1174179 -0.02871163 1.684071
0.2845215 -0.0371939 1.659476
0.07447219 -0.4087478 1.49831
0.2572799 -0.4783455 1.699458
0.04750512 -0.7301181 1.491199
0.207478 -0.8001596 1.690099
0.02680502 -0.7611188 1.354264
0.1154767 -0.8342294 1.570361
9
0.2053232 -0.03373884 1.709812
0.1174179 -0.02871163 1.684071
0.2845215 -0.0371939 1.659476
0.07447219 -0.4087478 1.49831
0.2572799 -0.4783455 1.699458
0.04750512 -0.7301181 1.491199
0.207478 -0.8001596 1.690099
0.02680502 -0.7611188 1.354264
0.1154767 -0.8342294 1.570361
9
0.2053232 -0.03373884 1.709812
0.1174179 -0.02871163 1.684071
0.2845215 -0.0371939 1.659476
0.07447219 -0.4087478 1.49831
0.2572799 -0.4783455 1.699458
0.04750512 -0.7301181 1.491199
0.207478 -0.8001596 1.690099
0.02680502 -0.7611188 1.354264
0.1154767 -0.8342294 1.570361
9
0.2052586 -0.03061419 1.705133
0.1162541 -0.02312015 1.678509
0.2851299 -0.03601574 1.655654
0.06785826 -0.298779 1.341973
0.2009893 -0.450528 1.597853
0.08218055 -0.6738772 1.4482
0.2089053 -0.8047518 1.682283
0.05739395 -0.7049906 1.311392
0.2039795 -0.8374023 1.554688
9
0.2052586 -0.03061419 1.705133
0.1162541 -0.02312015 1.678509
0.2851299 -0.03601574 1.655654
0.06785826 -0.298779 1.341973
0.2009893 -0.450528 1.597853
0.08218055 -0.6738772 1.4482
0.2089053 -0.8047518 1.682283
0.05739395 -0.7049906 1.311392
0.2039795 -0.8374023 1.554688
9
0.2048165 -0.0287513 1.701412
0.1148553 -0.02012531 1.674221
0.2854432 -0.03532682 1.652632
0.06764635 -0.2524534 1.295361
0.2446419 -0.4847627 1.673813
0.04172339 -0.5987387 1.46701
0.2085952 -0.8053438 1.680704
0.01711233 -0.6311368 1.329482
0.2018485 -0.8383858 1.555562
9
0.2048165 -0.0287513 1.701412
0.1148553 -0.02012531 1.674221
0.2854432 -0.03532682 1.652632
0.06764635 -0.2524534 1.295361
0.2446419 -0.4847627 1.673813
0.04172339 -0.5987387 1.46701
0.2085952 -0.8053438 1.680704
0.01711233 -0.6311368 1.329482
0.2018485 -0.8383858 1.555562
9
0.205217 -0.02665483 1.697757
0.1145904 -0.01718542 1.671699
0.2867052 -0.0344319 1.647527
0.06411145 -0.1936039 1.264456
0.2443784 -0.4848379 1.673437
0.07353532 -0.519724 1.470989
0.2069369 -0.8067541 1.679832
0.04754295 -0.5535851 1.332876
0.1328125 -0.8476563 1.553711
9
0.205217 -0.02665483 1.697757
0.1145904 -0.01718542 1.671699
0.2867052 -0.0344319 1.647527
0.06411145 -0.1936039 1.264456
0.2443784 -0.4848379 1.673437
0.07353532 -0.519724 1.470989
0.2069369 -0.8067541 1.679832
0.04754295 -0.5535851 1.332876
0.1328125 -0.8476563 1.553711
9
0.204977 -0.02543144 1.693525
0.1133275 -0.01526605 1.667659
0.2874449 -0.03406711 1.643293
0.06012357 -0.1435085 1.23247
0.2428245 -0.4724183 1.663906
0.03334861 -0.4869952 1.412379
0.2065299 -0.8059975 1.679241
0.007838089 -0.5208638 1.274137
0.1369622 -0.8476563 1.553711
9
0.204977 -0.02543144 1.693525
0.1133275 -0.01526605 1.667659
0.2874449 -0.03406711 1.643293
0.06012357 -0.1435085 1.23247
0.2428245 -0.4724183 1.663906
0.03334861 -0.4869952 1.412379
0.2065299 -0.8059975 1.679241
0.007838089 -0.5208638 1.274137
0.1369622 -0.8476563 1.553711
9
0.204977 -0.02543144 1.693525
0.1133275 -0.01526605 1.667659
0.2874449 -0.03406711 1.643293
0.06012357 -0.1435085 1.23247
0.2428245 -0.4724183 1.663906
0.03334861 -0.4869952 1.412379
0.2065299 -0.8059975 1.679241
0.007838089 -0.5208638 1.274137
0.1369622 -0.8476563 1.553711
9
0.2022071 -0.02333674 1.69152
0.1077916 -0.01074148 1.666476
0.2863351 -0.03353458 1.640713
0.06938861 -0.0711678 1.24442
0.2434768 -0.4643153 1.654945
0.04249281 -0.4158439 1.42463
0.2058535 -0.8059283 1.678635
0.01642727 -0.4512292 1.285889
0.1388852 -0.8477728 1.555809
9
0.2022071 -0.02333674 1.69152
0.1077916 -0.01074148 1.666476
0.2863351 -0.03353458 1.640713
0.06938861 -0.0711678 1.24442
0.2434768 -0.4643153 1.654945
0.04249281 -0.4158439 1.42463
0.2058535 -0.8059283 1.678635
0.01642727 -0.4512292 1.285889
0.1388852 -0.8477728 1.555809
9
0.2066336 -0.02552472 1.687373
0.1122848 -0.01415112 1.663483
0.2914307 -0.03501996 1.634987
0.08067796 -0.02190194 1.229814
0.2421246 -0.4551013 1.642006
0.05359666 -0.367472 1.410259
0.2057755 -0.8057035 1.677388
0.02677089 -0.4037458 1.271272
0.1381947 -0.8479648 1.555093
9
0.2426033 -0.03501195 1.649287
0.1538099 -0.03716894 1.622736
0.316603 -0.0317434 1.605059
0.09490218 0.03496898 1.254182
0.241658 -0.4294229 1.622401
0.06767285 -0.3113606 1.435012
0.2049454 -0.8042568 1.675148
0.04058049 -0.3485641 1.295424
0.1404561 -0.8481106 1.554366
9
0.2426033 -0.03501195 1.649287
0.1538099 -0.03716894 1.622736
0.316603 -0.0317434 1.605059
0.09490218 0.03496898 1.254182
0.241658 -0.4294229 1.622401
0.06767285 -0.3113606 1.435012
0.2049454 -0.8042568 1.675148
0.04058049 -0.3485641 1.295424
0.1404561 -0.8481106 1.554366
9
0.2433032 -0.03465848 1.647792
0.1541316 -0.03707211 1.621665
0.3195652 -0.03054943 1.600575
0.1059218 0.058066 1.260381
0.2418865 -0.4247207 1.615677
0.07055777 -0.3169848 1.381083
0.2037425 -0.8007024 1.670191
0.04304497 -0.3537372 1.241645
0.140464 -0.8481991 1.552929
9
0.2433032 -0.03465848 1.647792
0.1541316 -0.03707211 1.621665
0.3195652 -0.03054943 1.600575
0.1059218 0.058066 1.260381
0.2418865 -0.4247207 1.615677
0.07055777 -0.3169848 1.381083
0.2037425 -0.8007024 1.670191
0.04304497 -0.3537372 1.241645
0.140464 -0.8481991 1.552929
9
0.244196 -0.0347047 1.646619
0.1547196 -0.03783529 1.621473
0.3221771 -0.02889633 1.595786
0.1250305 0.09753983 1.272216
0.2419264 -0.4227333 1.60975
0.08166235 -0.2888848 1.357343
0.2042055 -0.8011676 1.668412
0.05372268 -0.3261914 1.21782
0.1393053 -0.8485725 1.553051
9
0.244196 -0.0347047 1.646619
0.1547196 -0.03783529 1.621473
0.3221771 -0.02889633 1.595786
0.1250305 0.09753983 1.272216
0.2419264 -0.4227333 1.60975
0.08166235 -0.2888848 1.357343
0.2042055 -0.8011676 1.668412
0.05372268 -0.3261914 1.21782
0.1393053 -0.8485725 1.553051
9
0.244196 -0.0347047 1.646619
0.1547196 -0.03783529 1.621473
0.3221771 -0.02889633 1.595786
0.1250305 0.09753983 1.272216
0.2419264 -0.4227333 1.60975
0.08166235 -0.2888848 1.357343
0.2042055 -0.8011676 1.668412
0.05372268 -0.3261914 1.21782
0.1393053 -0.8485725 1.553051
9
0.244196 -0.0347047 1.646619
0.1547196 -0.03783529 1.621473
0.3221771 -0.02889633 1.595786
0.1250305 0.09753983 1.272216
0.2419264 -0.4227333 1.60975
0.08166235 -0.2888848 1.357343
0.2042055 -0.8011676 1.668412
0.05372268 -0.3261914 1.21782
0.1393053 -0.8485725 1.553051
9
0.2447593 -0.03549057 1.648068
0.1560133 -0.04183627 1.625378
0.3224712 -0.0285935 1.596347
0.1204395 0.06447756 1.266373
0.2418667 -0.4188614 1.598084
0.07579074 -0.3209507 1.352899
0.2032049 -0.80224 1.663857
0.04741388 -0.3574396 1.213714
0.1402177 -0.848894 1.552221
9
0.2447593 -0.03549057 1.648068
0.1560133 -0.04183627 1.625378
0.3224712 -0.0285935 1.596347
0.1204395 0.06447756 1.266373
0.2418667 -0.4188614 1.598084
0.07579074 -0.3209507 1.352899
0.2032049 -0.80224 1.663857
0.04741388 -0.3574396 1.213714
0.1402177 -0.848894 1.552221
9
0.2450093 -0.03543542 1.649027
0.1563332 -0.04271439 1.626739
0.3227448 -0.02746886 1.597236
0.1204445 0.0639328 1.267867
0.2419342 -0.4166007 1.593261
0.07580584 -0.3214781 1.354385
0.2026807 -0.7992141 1.662326
0.04694056 -0.3579773 1.215335
0.139324 -0.8490062 1.551382
9
0.2450093 -0.03543542 1.649027
0.1563332 -0.04271439 1.626739
0.3227448 -0.02746886 1.597236
0.1204445 0.0639328 1.267867
0.2419342 -0.4166007 1.593261
0.07580584 -0.3214781 1.354385
0.2026807 -0.7992141 1.662326
0.04694056 -0.3579773 1.215335
0.139324 -0.8490062 1.551382
9
0.2433505 -0.03358478 1.643826
0.1542591 -0.04139993 1.62133
0.3213322 -0.02462078 1.59134
0.1125432 0.09498512 1.27257
0.2417402 -0.4160971 1.591882
0.0689263 -0.2915532 1.356967
0.2007344 -0.7983729 1.661712
0.03980001 -0.3287675 1.217833
0.1389812 -0.8490165 1.551591
9
0.2433505 -0.03358478 1.643826
0.1542591 -0.04139993 1.62133
0.3213322 -0.02462078 1.59134
0.1125432 0.09498512 1.27257
0.2417402 -0.4160971 1.591882
0.0689263 -0.2915532 1.356967
0.2007344 -0.7983729 1.661712
0.03980001 -0.3287675 1.217833
0.1389812 -0.8490165 1.551591
9
0.2433505 -0.03358478 1.643826
0.1542591 -0.04139993 1.62133
0.3213322 -0.02462078 1.59134
0.1125432 0.09498512 1.27257
0.2417402 -0.4160971 1.591882
0.0689263 -0.2915532 1.356967
0.2007344 -0.7983729 1.661712
0.03980001 -0.3287675 1.217833
0.1389812 -0.8490165 1.551591
9
0.2433505 -0.03358478 1.643826
0.1542591 -0.04139993 1.62133
0.3213322 -0.02462078 1.59134
0.1125432 0.09498512 1.27257
0.2417402 -0.4160971 1.591882
0.0689263 -0.2915532 1.356967
0.2007344 -0.7983729 1.661712
0.03980001 -0.3287675 1.217833
0.1389812 -0.8490165 1.551591
