40
9
0.01388582 0.002218775 2.140132
-0.06390517 0.00171205 2.09609
0.09079592 0.002387756 2.109004
-0.1174178 -0.4000881 1.977498
0.05497439 -0.4252425 2.133142
-0.156687 -0.749628 1.989251
-0.0009387974 -0.7604581 2.161229
-0.1664872 -0.8088536 1.913544
0.01302764 -0.8175707 2.091918
9
0.01465348 0.002444051 2.142986
-0.06295614 0.002202028 2.099129
0.09146056 0.002422184 2.11168
-0.1170982 -0.37877 1.93065
0.05548722 -0.4245398 2.133502
-0.166474 -0.7586563 1.943473
-0.0008452259 -0.7601489 2.161092
-0.1733387 -0.8151743 1.874332
0.01238314 -0.8175868 2.092137
9
0.01465348 0.002444051 2.142986
-0.06295614 0.002202028 2.099129
0.09146056 0.002422184 2.11168
-0.1170982 -0.37877 1.93065
0.05548722 -0.4245398 2.133502
-0.166474 -0.7586563 1.943473
-0.0008452259 -0.7601489 2.161092
-0.1733387 -0.8151743 1.874332
0.01238314 -0.8175868 2.092137
9
0.01560477 0.001988234 2.146515
-0.06211513 0.001966875 2.102471
0.09256695 0.001799255 2.115374
-0.1185502 -0.3522062 1.886783
0.05594044 -0.4238082 2.13381
-0.1751412 -0.7482969 1.891376
-0.0009460265 -0.7598145 2.160751
-0.1783544 -0.803886 1.820056
0.01228095 -0.817444 2.092178
9
0.01560477 0.001988234 2.146515
-0.06211513 0.001966875 2.102471
0.09256695 0.001799255 2.115374
-0.1185502 -0.3522062 1.886783
0.05594044 -0.4238082 2.13381
-0.1751412 -0.7482969 1.891376
-0.0009460265 -0.7598145 2.160751
-0.1783544 -0.803886 1.820056
0.01228095 -0.817444 2.092178
9
0.01431851 0.002079663 2.148981
-0.06375314 0.002336168 2.105392
0.09167608 0.001689873 2.1174
-0.1219374 -0.3234306 1.850184
0.0565805 -0.4228043 2.133512
-0.1772523 -0.7129897 1.825015
-0.0009760614 -0.7598361 2.160905
-0.1786031 -0.7626584 1.743939
0.01270475 -0.8177089 2.093017
9
0.01431851 0.002079663 2.148981
-0.06375314 0.002336168 2.105392
0.09167608 0.001689873 2.1174
-0.1219374 -0.3234306 1.850184
0.0565805 -0.4228043 2.133512
-0.1772523 -0.7129897 1.825015
-0.0009760614 -0.7598361 2.160905
-0.1786031 -0.7626584 1.743939
0.01270475 -0.8177089 2.093017
9
0.01074779 0.002416924 2.151806
-0.06843394 0.003122616 2.108301
0.08920515 0.001663922 2.120104
-0.1297685 -0.3097948 1.813021
0.0568681 -0.4189663 2.130606
-0.1773039 -0.6414815 1.747141
-0.0008308205 -0.7556257 2.161676
-0.1972398 -0.7045702 1.641638
0.01203 -0.8142427 2.094896
9
0.01074779 0.002416924 2.151806
-0.06843394 0.003122616 2.108301
0.08920515 0.001663922 2.120104
-0.1297685 -0.3097948 1.813021
0.0568681 -0.4189663 2.130606
-0.1773039 -0.6414815 1.747141
-0.0008308205 -0.7556257 2.161676
-0.1972398 -0.7045702 1.641638
0.01203 -0.8142427 2.094896
9
0.0005135151 0.005608401 2.157831
-0.0833756 0.01046747 2.118047
0.08308711 0.001991393 2.123348
-0.1336434 -0.2595066 1.769865
0.05399877 -0.4193076 2.124709
-0.1771389 -0.5559742 1.666427
-0.0009434585 -0.7555237 2.161669
-0.156647 -0.5812551 1.548507
0.01213547 -0.8140552 2.094785
9
0.0005135151 0.005608401 2.157831
-0.0833756 0.01046747 2.118047
0.08308711 0.001991393 2.123348
-0.1336434 -0.2595066 1.769865
0.05399877 -0.4193076 2.124709
-0.1771389 -0.5559742 1.666427
-0.0009434585 -0.7555237 2.161669
-0.156647 -0.5812551 1.548507
0.01213547 -0.8140552 2.094785
9
-0.003798787 0.007659617 2.159768
-0.08743318 0.01255989 2.119899
0.07955891 0.003293006 2.124848
-0.1378732 -0.2056796 1.735846
0.04511707 -0.4149609 2.115235
-0.1817724 -0.4712167 1.588232
-0.002142864 -0.7535109 2.160286
-0.1762695 -0.4963379 1.476563
0.01207268 -0.8136228 2.094923
9
-0.003798787 0.007659617 2.159768
-0.08743318 0.01255989 2.119899
0.07955891 0.003293006 2.124848
-0.1378732 -0.2056796 1.735846
0.04511707 -0.4149609 2.115235
-0.1817724 -0.4712167 1.588232
-0.002142864 -0.7535109 2.160286
-0.1762695 -0.4963379 1.476563
0.01207268 -0.8136228 2.094923
9
-0.007068368 0.008932197 2.159219
-0.0913121 0.01410322 2.118807
0.07713411 0.004068228 2.124644
-0.1404793 -0.1478928 1.70083
0.03959595 -0.4034066 2.106039
-0.1921667 -0.3726307 1.495528
-0.003620661 -0.7524374 2.158326
-0.1726395 -0.4004903 1.376544
0.01168673 -0.8128597 2.094152
9
-0.007068368 0.008932197 2.159219
-0.0913121 0.01410322 2.118807
0.07713411 0.004068228 2.124644
-0.1404793 -0.1478928 1.70083
0.03959595 -0.4034066 2.106039
-0.1921667 -0.3726307 1.495528
-0.003620661 -0.7524374 2.158326
-0.1726395 -0.4004903 1.376544
0.01168673 -0.8128597 2.094152
9
-0.01161061 0.01089279 2.159856
-0.09675293 0.01675847 2.119333
0.07373442 0.005167647 2.125257
-0.1408074 -0.08687313 1.673596
0.03802779 -0.3943387 2.101952
-0.2004358 -0.3813968 1.386106
-0.004160835 -0.7527933 2.155186
-0.2019709 -0.3231336 1.289584
0.01337423 -0.8145016 2.092676
9
-0.01161061 0.01089279 2.159856
-0.09675293 0.01675847 2.119333
0.07373442 0.005167647 2.125257
-0.1408074 -0.08687313 1.673596
0.03802779 -0.3943387 2.101952
-0.2004358 -0.3813968 1.386106
-0.004160835 -0.7527933 2.155186
-0.2019709 -0.3231336 1.289584
0.01337423 -0.8145016 2.092676
9
-0.01161061 0.01089279 2.159856
-0.09675293 0.01675847 2.119333
0.07373442 0.005167647 2.125257
-0.1408074 -0.08687313 1.673596
0.03802779 -0.3943387 2.101952
-0.2004358 -0.3813968 1.386106
-0.004160835 -0.7527933 2.155186
-0.2019709 -0.3231336 1.289584
0.01337423 -0.8145016 2.092676
9
-0.01161061 0.01089279 2.159856
-0.09675293 0.01675847 2.119333
0.07373442 0.005167647 2.125257
-0.1408074 -0.08687313 1.673596
0.03802779 -0.3943387 2.101952
-0.2004358 -0.3813968 1.386106
-0.004160835 -0.7527933 2.155186
-0.2019709 -0.3231336 1.289584
0.01337423 -0.8145016 2.092676
9
0.01767737 0.02158941 2.141425
-0.07093886 0.02388765 2.098645
0.1063029 0.01900626 2.10879
-0.1186511 0.03494175 1.691281
0.03980815 -0.3866235 2.095214
-0.1747764 -0.1602196 1.407232
-0.005765229 -0.7565684 2.148381
-0.1890508 -0.1595436 1.266335
0.01363932 -0.8178865 2.093312
9
0.01767737 0.02158941 2.141425
-0.07093886 0.02388765 2.098645
0.1063029 0.01900626 2.10879
-0.1186511 0.03494175 1.691281
0.03980815 -0.3866235 2.095214
-0.1747764 -0.1602196 1.407232
-0.005765229 -0.7565684 2.148381
-0.1890508 -0.1595436 1.266335
0.01363932 -0.8178865 2.093312
9
0.07169358 0.02496709 2.141047
-0.01700164 0.01745947 2.09843
0.1578397 0.03159497 2.108428
-0.1049565 0.08071162 1.722518
0.03875507 -0.384752 2.090863
-0.1697574 -0.134229 1.391317
-0.004788121 -0.7575469 2.144134
-0.1897859 -0.1125909 1.253069
0.01428846 -0.8198054 2.092611
9
0.07169358 0.02496709 2.141047
-0.01700164 0.01745947 2.09843
0.1578397 0.03159497 2.108428
-0.1049565 0.08071162 1.722518
0.03875507 -0.384752 2.090863
-0.1697574 -0.134229 1.391317
-0.004788121 -0.7575469 2.144134
-0.1897859 -0.1125909 1.253069
0.01428846 -0.8198054 2.092611
9
0.07169358 0.02496709 2.141047
-0.01700164 0.01745947 2.09843
0.1578397 0.03159497 2.108428
-0.1049565 0.08071162 1.722518
0.03875507 -0.384752 2.090863
-0.1697574 -0.134229 1.391317
-0.004788121 -0.7575469 2.144134
-0.1897859 -0.1125909 1.253069
0.01428846 -0.8198054 2.092611
9
0.07169358 0.02496709 2.141047
-0.01700164 0.01745947 2.09843
0.1578397 0.03159497 2.108428
-0.1049565 0.08071162 1.722518
0.03875507 -0.384752 2.090863
-0.1697574 -0.134229 1.391317
-0.004788121 -0.7575469 2.144134
-0.1897859 -0.1125909 1.253069
0.01428846 -0.8198054 2.092611
9
0.06702229 0.01094412 2.139052
-0.01946241 -0.01243387 2.093987
0.1526795 0.02691967 2.107804
-0.1277509 0.1436648 1.635413
0.03585438 -0.3864121 2.085286
-0.191241 -0.06438529 1.299886
-0.00421509 -0.757084 2.140211
-0.1971436 0.008644104 1.204102
0.014834 -0.8198767 2.091486
9
0.06702229 0.01094412 2.139052
-0.01946241 -0.01243387 2.093987
0.1526795 0.02691967 2.107804
-0.1277509 0.1436648 1.635413
0.03585438 -0.3864121 2.085286
-0.191241 -0.06438529 1.299886
-0.00421509 -0.757084 2.140211
-0.1971436 0.008644104 1.204102
0.014834 -0.8198767 2.091486
9
0.0665707 0.007450393 2.138183
-0.01899637 -0.01480482 2.093526
0.1511139 0.02508952 2.107044
-0.1253398 0.1498888 1.639631
0.03337189 -0.3874406 2.081758
-0.1534496 0.07191803 1.341924
-0.003625831 -0.7562946 2.137222
-0.1852303 0.09371792 1.208241
0.01456225 -0.8198439 2.091817
9
0.0665707 0.007450393 2.138183
-0.01899637 -0.01480482 2.093526
0.1511139 0.02508952 2.107044
-0.1253398 0.1498888 1.639631
0.03337189 -0.3874406 2.081758
-0.1534496 0.07191803 1.341924
-0.003625831 -0.7562946 2.137222
-0.1852303 0.09371792 1.208241
0.01456225 -0.8198439 2.091817
9
0.06340132 0.002195749 2.136175
-0.02072451 -0.01921642 2.092097
0.1462823 0.02121453 2.1048
-0.1229767 0.1508675 1.642897
0.03247573 -0.3889832 2.079179
-0.1524651 0.0714788 1.345693
-0.0034624 -0.7564306 2.134842
-0.1863136 0.0922296 1.212523
0.008861917 -0.7803614 2.015999
9
0.06340132 0.002195749 2.136175
-0.02072451 -0.01921642 2.092097
0.1462823 0.02121453 2.1048
-0.1229767 0.1508675 1.642897
0.03247573 -0.3889832 2.079179
-0.1524651 0.0714788 1.345693
-0.0034624 -0.7564306 2.134842
-0.1863136 0.0922296 1.212523
0.008861917 -0.7803614 2.015999
9
0.06340132 0.002195749 2.136175
-0.02072451 -0.01921642 2.092097
0.1462823 0.02121453 2.1048
-0.1229767 0.1508675 1.642897
0.03247573 -0.3889832 2.079179
-0.1524651 0.0714788 1.345693
-0.0034624 -0.7564306 2.134842
-0.1863136 0.0922296 1.212523
0.008861917 -0.7803614 2.015999
9
0.06340132 0.002195749 2.136175
-0.02072451 -0.01921642 2.092097
0.1462823 0.02121453 2.1048
-0.1229767 0.1508675 1.642897
0.03247573 -0.3889832 2.079179
-0.1524651 0.0714788 1.345693
-0.0034624 -0.7564306 2.134842
-0.1863136 0.0922296 1.212523
0.008861917 -0.7803614 2.015999
9
0.06122536 0.003313324 2.13672
-0.02570486 -0.009806442 2.095656
0.1438197 0.01927469 2.104197
-0.1230485 0.1489106 1.642384
0.03169317 -0.3871571 2.076767
-0.1531107 0.06565954 1.34628
-0.003466541 -0.7564739 2.134417
-0.1857594 0.08945231 1.213366
0.01730501 -0.8188589 2.086089
9
0.06122536 0.003313324 2.13672
-0.02570486 -0.009806442 2.095656
0.1438197 0.01927469 2.104197
-0.1230485 0.1489106 1.642384
0.03169317 -0.3871571 2.076767
-0.1531107 0.06565954 1.34628
-0.003466541 -0.7564739 2.134417
-0.1857594 0.08945231 1.213366
0.01730501 -0.8188589 2.086089
9
0.06019522 0.003690036 2.136953
-0.02686537 -0.007215948 2.096653
0.1423057 0.01738835 2.103628
-0.1278587 0.1378735 1.639457
0.03130342 -0.3881252 2.076558
-0.1591763 0.05177769 1.344271
-0.003202418 -0.7563366 2.133616
-0.1427468 0.01419442 1.22359
0.01653031 -0.819127 2.086004
9
0.06019522 0.003690036 2.136953
-0.02686537 -0.007215948 2.096653
0.1423057 0.01738835 2.103628
-0.1278587 0.1378735 1.639457
0.03130342 -0.3881252 2.076558
-0.1591763 0.05177769 1.344271
-0.003202418 -0.7563366 2.133616
-0.1427468 0.01419442 1.22359
0.01653031 -0.819127 2.086004
9
0.057259 0.003864151 2.137892
-0.02950322 -0.004770974 2.098925
0.1387515 0.01438832 2.103102
-0.1257178 0.09717988 1.675567
0.03098738 -0.3886029 2.07686
-0.1567905 0.01170253 1.380172
-0.003230278 -0.7573199 2.133411
-0.1406734 -0.0247901 1.259425
0.01656837 -0.8201252 2.086079
9
0.057259 0.003864151 2.137892
-0.02950322 -0.004770974 2.098925
0.1387515 0.01438832 2.103102
-0.1257178 0.09717988 1.675567
0.03098738 -0.3886029 2.07686
-0.1567905 0.01170253 1.380172
-0.003230278 -0.7573199 2.133411
-0.1406734 -0.0247901 1.259425
0.01656837 -0.8201252 2.086079
9
0.03103608 0.0005415321 2.143202
-0.0525409 -0.003735263 2.108416
0.1127341 0.005173067 2.102885
-0.1227052 0.05611287 1.682668
0.03126667 -0.3925387 2.079347
-0.1504733 -0.04534839 1.391957
-0.003918089 -0.7577148 2.133762
-0.1343796 -0.08031137 1.271217
0.01650765 -0.8202781 2.086009
