40
9
0.07198957 -0.2304969 2.04984
-0.005262212 -0.2250423 2.037975
0.1465025 -0.2275628 1.988373
-0.1003634 -0.5565279 1.884321
0.1550412 -0.5949698 1.943053
-0.06970576 -0.9057404 1.96641
0.1500112 -0.9468787 1.955685
-0.1244661 -0.9702539 1.905305
0.1062721 -1.022094 1.905944
9
0.07198957 -0.2304969 2.04984
-0.005262212 -0.2250423 2.037975
0.1465025 -0.2275628 1.988373
-0.1003634 -0.5565279 1.884321
0.1550412 -0.5949698 1.943053
-0.06970576 -0.9057404 1.96641
0.1500112 -0.9468787 1.955685
-0.1244661 -0.9702539 1.905305
0.1062721 -1.022094 1.905944
9
0.07337601 -0.2295086 2.044131
-0.003470888 -0.22427 2.033232
0.1474613 -0.2263488 1.981246
-0.1324783 -0.5389287 1.835163
0.1532965 -0.5882734 1.937985
-0.1267571 -0.8659251 1.843197
0.1497153 -0.946324 1.953129
-0.1641085 -0.934907 1.770665
0.1071603 -0.9741959 1.817207
9
0.07430303 -0.2264966 2.036813
-0.002759792 -0.2210746 2.027949
0.1486931 -0.2237773 1.971489
-0.1570339 -0.4789971 1.783644
0.1495224 -0.5819302 1.933849
-0.1775522 -0.7918307 1.729983
0.14892 -0.9480748 1.95215
-0.2138956 -0.8488539 1.638033
0.1049429 -0.9755601 1.816662
9
0.07430303 -0.2264966 2.036813
-0.002759792 -0.2210746 2.027949
0.1486931 -0.2237773 1.971489
-0.1570339 -0.4789971 1.783644
0.1495224 -0.5819302 1.933849
-0.1775522 -0.7918307 1.729983
0.14892 -0.9480748 1.95215
-0.2138956 -0.8488539 1.638033
0.1049429 -0.9755601 1.816662
9
0.07851992 -0.2234568 2.029049
0.0006629284 -0.2177864 2.022678
0.1536525 -0.2212307 1.96098
-0.1748412 -0.4384828 1.737877
0.1453623 -0.5750124 1.92921
-0.2260538 -0.7179452 1.622044
0.1479139 -0.9503272 1.951965
-0.2672653 -0.7587153 1.517731
0.1030221 -0.9774696 1.816741
9
0.07851992 -0.2234568 2.029049
0.0006629284 -0.2177864 2.022678
0.1536525 -0.2212307 1.96098
-0.1748412 -0.4384828 1.737877
0.1453623 -0.5750124 1.92921
-0.2260538 -0.7179452 1.622044
0.1479139 -0.9503272 1.951965
-0.2672653 -0.7587153 1.517731
0.1030221 -0.9774696 1.816741
9
0.07851992 -0.2234568 2.029049
0.0006629284 -0.2177864 2.022678
0.1536525 -0.2212307 1.96098
-0.1748412 -0.4384828 1.737877
0.1453623 -0.5750124 1.92921
-0.2260538 -0.7179452 1.622044
0.1479139 -0.9503272 1.951965
-0.2672653 -0.7587153 1.517731
0.1030221 -0.9774696 1.816741
9
0.08661903 -0.2217865 2.018988
0.007366444 -0.2167447 2.015527
0.1627562 -0.2187497 1.948144
-0.1880162 -0.3953611 1.700931
0.1440745 -0.5715464 1.926086
-0.278288 -0.638043 1.531946
0.1470501 -0.9509822 1.952016
-0.3151672 -0.6596576 1.414283
0.1008176 -0.9777944 1.817232
9
0.09027748 -0.2209431 2.010659
0.01108691 -0.2162441 2.006728
0.166154 -0.217601 1.940694
-0.1791765 -0.3402722 1.688554
0.1422549 -0.5691735 1.920465
-0.3243537 -0.5487524 1.436352
0.1448577 -0.9526684 1.950637
-0.3608392 -0.5784513 1.300897
0.1164073 -1.031485 1.893069
9
0.09027748 -0.2209431 2.010659
0.01108691 -0.2162441 2.006728
0.166154 -0.217601 1.940694
-0.1791765 -0.3402722 1.688554
0.1422549 -0.5691735 1.920465
-0.3243537 -0.5487524 1.436352
0.1448577 -0.9526684 1.950637
-0.3608392 -0.5784513 1.300897
0.1164073 -1.031485 1.893069
9
0.09491432 -0.2246829 1.998198
0.01596416 -0.2194875 1.995763
0.1703601 -0.2216394 1.926802
-0.183928 -0.2854401 1.663392
0.1406478 -0.5690851 1.913111
-0.3454702 -0.4337765 1.39589
0.1436056 -0.9539418 1.948809
-0.3826986 -0.4653335 1.260447
0.1189476 -1.033312 1.889873
9
0.09491432 -0.2246829 1.998198
0.01596416 -0.2194875 1.995763
0.1703601 -0.2216394 1.926802
-0.183928 -0.2854401 1.663392
0.1406478 -0.5690851 1.913111
-0.3454702 -0.4337765 1.39589
0.1436056 -0.9539418 1.948809
-0.3826986 -0.4653335 1.260447
0.1189476 -1.033312 1.889873
9
0.09491432 -0.2246829 1.998198
0.01596416 -0.2194875 1.995763
0.1703601 -0.2216394 1.926802
-0.183928 -0.2854401 1.663392
0.1406478 -0.5690851 1.913111
-0.3454702 -0.4337765 1.39589
0.1436056 -0.9539418 1.948809
-0.3826986 -0.4653335 1.260447
0.1189476 -1.033312 1.889873
9
0.09729456 -0.2277416 1.984568
0.01818869 -0.2237587 1.980382
0.1728077 -0.2234341 1.914921
-0.1803508 -0.2299944 1.650933
0.1383093 -0.5700108 1.90195
-0.3699385 -0.3566638 1.335485
0.1379143 -0.9595059 1.944927
-0.4372822 -0.3302275 1.237852
0.08950922 -0.98518 1.810833
9
0.09978741 -0.229137 1.977426
0.0203091 -0.2249908 1.97576
0.1755736 -0.2247927 1.904808
-0.1642563 -0.165513 1.662922
0.1372536 -0.5700516 1.891365
-0.3772195 -0.2795825 1.320011
0.1343351 -0.9644528 1.937403
-0.4445159 -0.2659069 1.220429
0.08561593 -0.9898651 1.803466
9
0.09978741 -0.229137 1.977426
0.0203091 -0.2249908 1.97576
0.1755736 -0.2247927 1.904808
-0.1642563 -0.165513 1.662922
0.1372536 -0.5700516 1.891365
-0.3772195 -0.2795825 1.320011
0.1343351 -0.9644528 1.937403
-0.4445159 -0.2659069 1.220429
0.08561593 -0.9898651 1.803466
9
0.09978741 -0.229137 1.977426
0.0203091 -0.2249908 1.97576
0.1755736 -0.2247927 1.904808
-0.1642563 -0.165513 1.662922
0.1372536 -0.5700516 1.891365
-0.3772195 -0.2795825 1.320011
0.1343351 -0.9644528 1.937403
-0.4445159 -0.2659069 1.220429
0.08561593 -0.9898651 1.803466
9
0.1006426 -0.2315037 1.971245
0.02095439 -0.2275595 1.971099
0.1766461 -0.2266822 1.897291
-0.1861228 -0.1336815 1.625808
0.1343897 -0.5623472 1.879531
-0.3940034 -0.2927823 1.297716
0.1332529 -0.961816 1.93079
-0.4401855 -0.182312 1.208984
0.0845872 -0.9871097 1.796792
9
0.1006426 -0.2315037 1.971245
0.02095439 -0.2275595 1.971099
0.1766461 -0.2266822 1.897291
-0.1861228 -0.1336815 1.625808
0.1343897 -0.5623472 1.879531
-0.3940034 -0.2927823 1.297716
0.1332529 -0.961816 1.93079
-0.4401855 -0.182312 1.208984
0.0845872 -0.9871097 1.796792
9
0.1003229 -0.2339786 1.96614
0.02065357 -0.2301904 1.967569
0.1763401 -0.2288049 1.890504
-0.1862863 -0.1202853 1.618943
0.1318094 -0.5577099 1.872653
-0.3670986 -0.1983436 1.305908
0.1299647 -0.956822 1.921635
-0.4380313 -0.1780981 1.208228
0.08153076 -0.9820191 1.787506
9
0.09944247 -0.2358749 1.962919
0.0197432 -0.2317746 1.965602
0.1756096 -0.2309661 1.88597
-0.1743111 -0.1056169 1.618452
0.1293665 -0.5595053 1.869374
-0.3805061 -0.1914943 1.287868
0.1297867 -0.9544642 1.917518
-0.4441671 -0.09568173 1.181982
0.08153561 -0.9796077 1.78328
9
0.09944247 -0.2358749 1.962919
0.0197432 -0.2317746 1.965602
0.1756096 -0.2309661 1.88597
-0.1743111 -0.1056169 1.618452
0.1293665 -0.5595053 1.869374
-0.3805061 -0.1914943 1.287868
0.1297867 -0.9544642 1.917518
-0.4441671 -0.09568173 1.181982
0.08153561 -0.9796077 1.78328
9
0.09860338 -0.2370217 1.961137
0.01874344 -0.2331062 1.964236
0.174963 -0.2318971 1.883901
-0.1722149 -0.1037242 1.617169
0.1279518 -0.5602794 1.867734
-0.3767939 -0.1739791 1.283461
0.1304964 -0.9513324 1.912723
-0.4457875 -0.09280326 1.179688
0.08240607 -0.976458 1.778389
9
0.09860338 -0.2370217 1.961137
0.01874344 -0.2331062 1.964236
0.174963 -0.2318971 1.883901
-0.1722149 -0.1037242 1.617169
0.1279518 -0.5602794 1.867734
-0.3767939 -0.1739791 1.283461
0.1304964 -0.9513324 1.912723
-0.4457875 -0.09280326 1.179688
0.08240607 -0.976458 1.778389
9
0.09822182 -0.2374802 1.960345
0.01830825 -0.2337351 1.963369
0.1746507 -0.2321916 1.883278
-0.1706121 -0.1045972 1.616597
0.127234 -0.560498 1.867295
-0.3794138 -0.1529675 1.280949
0.13138 -0.9512152 1.911408
-0.4452628 -0.093352 1.178985
0.0832565 -0.9763238 1.777082
9
0.09822182 -0.2374802 1.960345
0.01830825 -0.2337351 1.963369
0.1746507 -0.2321916 1.883278
-0.1706121 -0.1045972 1.616597
0.127234 -0.560498 1.867295
-0.3794138 -0.1529675 1.280949
0.13138 -0.9512152 1.911408
-0.4452628 -0.093352 1.178985
0.0832565 -0.9763238 1.777082
9
0.09761139 -0.2377958 1.960336
0.01770787 -0.2341119 1.963331
0.1740274 -0.2324591 1.883348
-0.169618 -0.1091244 1.616457
0.1266887 -0.5607558 1.867489
-0.3590972 -0.2036222 1.303984
0.1318685 -0.9513102 1.911182
-0.4277557 -0.1182095 1.19025
0.08375263 -0.9764132 1.77685
9
0.09761139 -0.2377958 1.960336
0.01770787 -0.2341119 1.963331
0.1740274 -0.2324591 1.883348
-0.169618 -0.1091244 1.616457
0.1266887 -0.5607558 1.867489
-0.3590972 -0.2036222 1.303984
0.1318685 -0.9513102 1.911182
-0.4277557 -0.1182095 1.19025
0.08375263 -0.9764132 1.77685
9
0.09716425 -0.2379328 1.961034
0.01726943 -0.2341598 1.964009
0.1735562 -0.2327145 1.884165
-0.1630102 -0.130588 1.627866
0.1260554 -0.5609645 1.868494
-0.3637745 -0.25923 1.305677
0.1324278 -0.9510015 1.911412
-0.4000048 -0.2936374 1.169392
0.0844337 -0.9761305 1.777026
9
0.09716425 -0.2379328 1.961034
0.01726943 -0.2341598 1.964009
0.1735562 -0.2327145 1.884165
-0.1630102 -0.130588 1.627866
0.1260554 -0.5609645 1.868494
-0.3637745 -0.25923 1.305677
0.1324278 -0.9510015 1.911412
-0.4000048 -0.2936374 1.169392
0.0844337 -0.9761305 1.777026
9
0.09663484 -0.2380202 1.963611
0.01693359 -0.2339202 1.965361
0.1727935 -0.2334066 1.888601
-0.1614745 -0.1537605 1.642075
0.1260167 -0.561924 1.870631
-0.3634299 -0.3065221 1.311108
0.1332587 -0.9506426 1.912119
-0.3991441 -0.339833 1.174797
0.08587643 -0.9758391 1.777485
9
0.09663484 -0.2380202 1.963611
0.01693359 -0.2339202 1.965361
0.1727935 -0.2334066 1.888601
-0.1614745 -0.1537605 1.642075
0.1260167 -0.561924 1.870631
-0.3634299 -0.3065221 1.311108
0.1332587 -0.9506426 1.912119
-0.3991441 -0.339833 1.174797
0.08587643 -0.9758391 1.777485
9
0.09532049 -0.236321 1.969988
0.01555455 -0.2316922 1.969966
0.1716705 -0.2324314 1.896955
-0.1832139 -0.2204351 1.621638
0.1256762 -0.5614046 1.874393
-0.3636009 -0.3906456 1.340215
0.1342274 -0.9510568 1.91427
-0.398662 -0.4222505 1.20394
0.08779263 -0.9764003 1.779269
9
0.09532049 -0.236321 1.969988
0.01555455 -0.2316922 1.969966
0.1716705 -0.2324314 1.896955
-0.1832139 -0.2204351 1.621638
0.1256762 -0.5614046 1.874393
-0.3636009 -0.3906456 1.340215
0.1342274 -0.9510568 1.91427
-0.398662 -0.4222505 1.20394
0.08779263 -0.9764003 1.779269
9
0.09532049 -0.236321 1.969988
0.01555455 -0.2316922 1.969966
0.1716705 -0.2324314 1.896955
-0.1832139 -0.2204351 1.621638
0.1256762 -0.5614046 1.874393
-0.3636009 -0.3906456 1.340215
0.1342274 -0.9510568 1.91427
-0.398662 -0.4222505 1.20394
0.08779263 -0.9764003 1.779269
9
0.09532049 -0.236321 1.969988
0.01555455 -0.2316922 1.969966
0.1716705 -0.2324314 1.896955
-0.1832139 -0.2204351 1.621638
0.1256762 -0.5614046 1.874393
-0.3636009 -0.3906456 1.340215
0.1342274 -0.9510568 1.91427
-0.398662 -0.4222505 1.20394
0.08779263 -0.9764003 1.779269
9
0.0919676 -0.2328232 1.980966
0.01280239 -0.2286199 1.976005
0.1679344 -0.2287271 1.913961
-0.1843152 -0.3213895 1.653435
0.125203 -0.5587297 1.879856
-0.3291704 -0.549867 1.419657
0.133955 -0.9506226 1.916583
-0.3636878 -0.5787694 1.283283
0.08954205 -0.9762561 1.780835
9
0.0919676 -0.2328232 1.980966
0.01280239 -0.2286199 1.976005
0.1679344 -0.2287271 1.913961
-0.1843152 -0.3213895 1.653435
0.125203 -0.5587297 1.879856
-0.3291704 -0.549867 1.419657
0.133955 -0.9506226 1.916583
-0.3636878 -0.5787694 1.283283
0.08954205 -0.9762561 1.780835
9
0.0919676 -0.2328232 1.980966
0.01280239 -0.2286199 1.976005
0.1679344 -0.2287271 1.913961
-0.1843152 -0.3213895 1.653435
0.125203 -0.5587297 1.879856
-0.3291704 -0.549867 1.419657
0.133955 -0.9506226 1.916583
-0.3636878 -0.5787694 1.283283
0.08954205 -0.9762561 1.780835
