40
9
0.09747069 -0.2223046 2.075381
0.009181737 -0.2176414 2.043724
0.1821829 -0.2191713 2.032592
-0.03903951 -0.463704 1.681084
0.1595454 -0.6161926 1.995005
-0.07560438 -0.6974091 1.489669
0.1392702 -0.9601169 2.037396
-0.07194084 -0.7063211 1.355983
0.1313518 -0.9889311 1.890958
9
0.09747069 -0.2223046 2.075381
0.009181737 -0.2176414 2.043724
0.1821829 -0.2191713 2.032592
-0.03903951 -0.463704 1.681084
0.1595454 -0.6161926 1.995005
-0.07560438 -0.6974091 1.489669
0.1392702 -0.9601169 2.037396
-0.07194084 -0.7063211 1.355983
0.1313518 -0.9889311 1.890958
9
0.09851484 -0.2222968 2.071971
0.009491833 -0.2173177 2.042781
0.1843482 -0.2199544 2.025641
-0.04630921 -0.3973669 1.629682
0.1589174 -0.6143863 1.994227
-0.08337779 -0.578744 1.385991
0.1369107 -0.956296 2.034575
-0.08943177 -0.608774 1.238929
0.1266651 -0.9848884 1.888164
9
0.09851484 -0.2222968 2.071971
0.009491833 -0.2173177 2.042781
0.1843482 -0.2199544 2.025641
-0.04630921 -0.3973669 1.629682
0.1589174 -0.6143863 1.994227
-0.08337779 -0.578744 1.385991
0.1369107 -0.956296 2.034575
-0.08943177 -0.608774 1.238929
0.1266651 -0.9848884 1.888164
9
0.09903673 -0.2226728 2.065819
0.008856698 -0.2169534 2.039316
0.1864211 -0.2211293 2.01731
-0.04766335 -0.3350279 1.584774
0.1583083 -0.6121668 1.991238
-0.09914316 -0.5106311 1.281466
0.1345032 -0.9514545 2.028183
-0.1527854 -0.5245015 1.165003
0.1226518 -0.979695 1.881767
9
0.09903673 -0.2226728 2.065819
0.008856698 -0.2169534 2.039316
0.1864211 -0.2211293 2.01731
-0.04766335 -0.3350279 1.584774
0.1583083 -0.6121668 1.991238
-0.09914316 -0.5106311 1.281466
0.1345032 -0.9514545 2.028183
-0.1527854 -0.5245015 1.165003
0.1226518 -0.979695 1.881767
9
0.09903673 -0.2226728 2.065819
0.008856698 -0.2169534 2.039316
0.1864211 -0.2211293 2.01731
-0.04766335 -0.3350279 1.584774
0.1583083 -0.6121668 1.991238
-0.09914316 -0.5106311 1.281466
0.1345032 -0.9514545 2.028183
-0.1527854 -0.5245015 1.165003
0.1226518 -0.979695 1.881767
9
0.09903673 -0.2226728 2.065819
0.008856698 -0.2169534 2.039316
0.1864211 -0.2211293 2.01731
-0.04766335 -0.3350279 1.584774
0.1583083 -0.6121668 1.991238
-0.09914316 -0.5106311 1.281466
0.1345032 -0.9514545 2.028183
-0.1527854 -0.5245015 1.165003
0.1226518 -0.979695 1.881767
9
0.09903673 -0.2226728 2.065819
0.008856698 -0.2169534 2.039316
0.1864211 -0.2211293 2.01731
-0.04766335 -0.3350279 1.584774
0.1583083 -0.6121668 1.991238
-0.09914316 -0.5106311 1.281466
0.1345032 -0.9514545 2.028183
-0.1527854 -0.5245015 1.165003
0.1226518 -0.979695 1.881767
9
0.09903673 -0.2226728 2.065819
0.008856698 -0.2169534 2.039316
0.1864211 -0.2211293 2.01731
-0.04766335 -0.3350279 1.584774
0.1583083 -0.6121668 1.991238
-0.09914316 -0.5106311 1.281466
0.1345032 -0.9514545 2.028183
-0.1527854 -0.5245015 1.165003
0.1226518 -0.979695 1.881767
9
0.1433448 -0.2450225 2.016466
0.05604431 -0.2582145 1.987868
0.225445 -0.2229099 1.971677
-0.03450396 -0.1042045 1.565523
0.1580313 -0.5581106 1.949386
-0.1021281 -0.2028719 1.178973
0.1272867 -0.9501453 2.007429
-0.1297833 -0.1088066 1.097645
0.112786 -0.9767786 1.860807
9
0.1433448 -0.2450225 2.016466
0.05604431 -0.2582145 1.987868
0.225445 -0.2229099 1.971677
-0.03450396 -0.1042045 1.565523
0.1580313 -0.5581106 1.949386
-0.1021281 -0.2028719 1.178973
0.1272867 -0.9501453 2.007429
-0.1297833 -0.1088066 1.097645
0.112786 -0.9767786 1.860807
9
0.1389878 -0.2459111 2.016258
0.05259488 -0.2585288 1.987204
0.2201208 -0.2244825 1.972037
-0.05379806 -0.1118722 1.565489
0.1577666 -0.5584465 1.948099
-0.1214023 -0.210521 1.17888
0.1256023 -0.9519273 1.997501
-0.1250022 -0.0996422 1.111957
0.1104049 -0.9784524 1.850991
9
0.1389878 -0.2459111 2.016258
0.05259488 -0.2585288 1.987204
0.2201208 -0.2244825 1.972037
-0.05379806 -0.1118722 1.565489
0.1577666 -0.5584465 1.948099
-0.1214023 -0.210521 1.17888
0.1256023 -0.9519273 1.997501
-0.1250022 -0.0996422 1.111957
0.1104049 -0.9784524 1.850991
9
0.1389878 -0.2459111 2.016258
0.05259488 -0.2585288 1.987204
0.2201208 -0.2244825 1.972037
-0.05379806 -0.1118722 1.565489
0.1577666 -0.5584465 1.948099
-0.1214023 -0.210521 1.17888
0.1256023 -0.9519273 1.997501
-0.1250022 -0.0996422 1.111957
0.1104049 -0.9784524 1.850991
9
0.1394477 -0.2454349 2.0109
0.05301579 -0.2569016 1.981869
0.2206842 -0.2250932 1.966378
-0.02065597 0.007370391 1.597857
0.1545736 -0.5552962 1.942235
-0.06816153 -0.0537621 1.226405
0.1295163 -0.9270636 1.973281
-0.1413912 -0.02805987 1.122983
0.1132146 -0.9536436 1.826767
9
0.1394477 -0.2454349 2.0109
0.05301579 -0.2569016 1.981869
0.2206842 -0.2250932 1.966378
-0.02065597 0.007370391 1.597857
0.1545736 -0.5552962 1.942235
-0.06816153 -0.0537621 1.226405
0.1295163 -0.9270636 1.973281
-0.1413912 -0.02805987 1.122983
0.1132146 -0.9536436 1.826767
9
0.1394417 -0.2452758 2.00822
0.05305791 -0.2562021 1.979731
0.2206455 -0.2255653 1.963051
-0.01901493 0.006792314 1.599564
0.1533442 -0.5550458 1.939793
-0.06919167 -0.05186215 1.2264
0.1291122 -0.930095 1.974711
-0.1419127 -0.01807547 1.125969
0.1118088 -0.9565856 1.828365
9
0.1394417 -0.2452758 2.00822
0.05305791 -0.2562021 1.979731
0.2206455 -0.2255653 1.963051
-0.01901493 0.006792314 1.599564
0.1533442 -0.5550458 1.939793
-0.06919167 -0.05186215 1.2264
0.1291122 -0.930095 1.974711
-0.1419127 -0.01807547 1.125969
0.1118088 -0.9565856 1.828365
9
0.1389181 -0.2459309 2.007754
0.05272025 -0.2566138 1.979598
0.2199406 -0.2264538 1.962166
-0.01876839 0.007305104 1.598789
0.1524045 -0.5543949 1.938226
-0.0723521 -0.05002766 1.225334
0.1290091 -0.930207 1.975082
-0.1441831 -0.01491414 1.124694
0.1114727 -0.9566862 1.828763
9
0.1389181 -0.2459309 2.007754
0.05272025 -0.2566138 1.979598
0.2199406 -0.2264538 1.962166
-0.01876839 0.007305104 1.598789
0.1524045 -0.5543949 1.938226
-0.0723521 -0.05002766 1.225334
0.1290091 -0.930207 1.975082
-0.1441831 -0.01491414 1.124694
0.1114727 -0.9566862 1.828763
9
0.1385763 -0.2464888 2.007657
0.05247666 -0.2569162 1.979637
0.2195215 -0.2272878 1.961921
-0.02470748 -0.007167565 1.585528
0.151339 -0.5531939 1.937173
-0.07466903 -0.05665137 1.240651
0.1273044 -0.9350127 1.979725
-0.1442649 -0.03655724 1.127201
0.1092718 -0.9614434 1.833489
9
0.1385763 -0.2464888 2.007657
0.05247666 -0.2569162 1.979637
0.2195215 -0.2272878 1.961921
-0.02470748 -0.007167565 1.585528
0.151339 -0.5531939 1.937173
-0.07466903 -0.05665137 1.240651
0.1273044 -0.9350127 1.979725
-0.1442649 -0.03655724 1.127201
0.1092718 -0.9614434 1.833489
9
0.1405221 -0.2457377 2.007956
0.0544317 -0.2552073 1.980204
0.2216973 -0.2272753 1.962102
0.004187983 0.02224714 1.600751
0.1512035 -0.5531101 1.937147
-0.0934747 -0.0698029 1.255985
0.1271719 -0.9349225 1.980452
-0.1612703 -0.0536139 1.134653
0.108767 -0.9613526 1.834264
9
0.1405221 -0.2457377 2.007956
0.0544317 -0.2552073 1.980204
0.2216973 -0.2272753 1.962102
0.004187983 0.02224714 1.600751
0.1512035 -0.5531101 1.937147
-0.0934747 -0.0698029 1.255985
0.1271719 -0.9349225 1.980452
-0.1612703 -0.0536139 1.134653
0.108767 -0.9613526 1.834264
9
0.1405221 -0.2457377 2.007956
0.0544317 -0.2552073 1.980204
0.2216973 -0.2272753 1.962102
0.004187983 0.02224714 1.600751
0.1512035 -0.5531101 1.937147
-0.0934747 -0.0698029 1.255985
0.1271719 -0.9349225 1.980452
-0.1612703 -0.0536139 1.134653
0.108767 -0.9613526 1.834264
9
0.1405221 -0.2457377 2.007956
0.0544317 -0.2552073 1.980204
0.2216973 -0.2272753 1.962102
0.004187983 0.02224714 1.600751
0.1512035 -0.5531101 1.937147
-0.0934747 -0.0698029 1.255985
0.1271719 -0.9349225 1.980452
-0.1612703 -0.0536139 1.134653
0.108767 -0.9613526 1.834264
9
0.1466905 -0.2426576 2.015613
0.06058079 -0.2492429 1.988948
0.2278755 -0.2267516 1.969248
-0.05494718 -0.1143631 1.582076
0.148601 -0.559137 1.944799
-0.1418166 -0.2024155 1.216002
0.1255422 -0.9359678 1.983809
-0.2085571 -0.1847229 1.092773
0.1068953 -0.9624905 1.837687
9
0.1466905 -0.2426576 2.015613
0.06058079 -0.2492429 1.988948
0.2278755 -0.2267516 1.969248
-0.05494718 -0.1143631 1.582076
0.148601 -0.559137 1.944799
-0.1418166 -0.2024155 1.216002
0.1255422 -0.9359678 1.983809
-0.2085571 -0.1847229 1.092773
0.1068953 -0.9624905 1.837687
9
0.1466905 -0.2426576 2.015613
0.06058079 -0.2492429 1.988948
0.2278755 -0.2267516 1.969248
-0.05494718 -0.1143631 1.582076
0.148601 -0.559137 1.944799
-0.1418166 -0.2024155 1.216002
0.1255422 -0.9359678 1.983809
-0.2085571 -0.1847229 1.092773
0.1068953 -0.9624905 1.837687
9
0.1466905 -0.2426576 2.015613
0.06058079 -0.2492429 1.988948
0.2278755 -0.2267516 1.969248
-0.05494718 -0.1143631 1.582076
0.148601 -0.559137 1.944799
-0.1418166 -0.2024155 1.216002
0.1255422 -0.9359678 1.983809
-0.2085571 -0.1847229 1.092773
0.1068953 -0.9624905 1.837687
9
0.1466905 -0.2426576 2.015613
0.06058079 -0.2492429 1.988948
0.2278755 -0.2267516 1.969248
-0.05494718 -0.1143631 1.582076
0.148601 -0.559137 1.944799
-0.1418166 -0.2024155 1.216002
0.1255422 -0.9359678 1.983809
-0.2085571 -0.1847229 1.092773
0.1068953 -0.9624905 1.837687
9
0.1449889 -0.237538 2.023634
0.05884043 -0.2416968 1.994992
0.225958 -0.2242608 1.979937
-0.08469182 -0.2771504 1.616627
0.1548288 -0.5596731 1.967267
-0.1876388 -0.472479 1.321739
0.1235489 -0.9404059 2.000457
-0.198346 -0.5024543 1.174467
0.1060521 -0.9670955 1.854258
9
0.1449889 -0.237538 2.023634
0.05884043 -0.2416968 1.994992
0.225958 -0.2242608 1.979937
-0.08469182 -0.2771504 1.616627
0.1548288 -0.5596731 1.967267
-0.1876388 -0.472479 1.321739
0.1235489 -0.9404059 2.000457
-0.198346 -0.5024543 1.174467
0.1060521 -0.9670955 1.854258
9
0.1209753 -0.2250709 2.075187
0.03471953 -0.2161395 2.055075
0.2043246 -0.225929 2.019345
-0.09884895 -0.345123 1.632861
0.156588 -0.5611539 1.974993
-0.1829586 -0.5327433 1.40064
0.1244343 -0.9439251 2.009444
-0.1928225 -0.5636545 1.254064
0.108183 -0.9722541 1.863737
9
0.1209753 -0.2250709 2.075187
0.03471953 -0.2161395 2.055075
0.2043246 -0.225929 2.019345
-0.09884895 -0.345123 1.632861
0.156588 -0.5611539 1.974993
-0.1829586 -0.5327433 1.40064
0.1244343 -0.9439251 2.009444
-0.1928225 -0.5636545 1.254064
0.108183 -0.9722541 1.863737
9
0.1154851 -0.2217371 2.075625
0.02497397 -0.2093528 2.05338
0.2007496 -0.2245697 2.021841
-0.09374496 -0.4078816 1.667693
0.1581938 -0.5602725 1.981963
-0.1904824 -0.6395211 1.440921
0.1262091 -0.9464704 2.016698
-0.2158791 -0.6345457 1.309275
0.1104879 -0.9748067 1.870957
9
0.1154851 -0.2217371 2.075625
0.02497397 -0.2093528 2.05338
0.2007496 -0.2245697 2.021841
-0.09374496 -0.4078816 1.667693
0.1581938 -0.5602725 1.981963
-0.1904824 -0.6395211 1.440921
0.1262091 -0.9464704 2.016698
-0.2158791 -0.6345457 1.309275
0.1104879 -0.9748067 1.870957
9
0.1145311 -0.2211344 2.075978
0.02404157 -0.2087819 2.052858
0.1994883 -0.2239739 2.024359
-0.0933499 -0.4612288 1.709407
0.1618647 -0.5648613 1.990777
-0.1893394 -0.7024768 1.52669
0.1275647 -0.9480368 2.021539
-0.2020803 -0.7322402 1.402104
0.1122856 -0.9764199 1.875799
9
0.1145311 -0.2211344 2.075978
0.02404157 -0.2087819 2.052858
0.1994883 -0.2239739 2.024359
-0.0933499 -0.4612288 1.709407
0.1618647 -0.5648613 1.990777
-0.1893394 -0.7024768 1.52669
0.1275647 -0.9480368 2.021539
-0.2020803 -0.7322402 1.402104
0.1122856 -0.9764199 1.875799
