40
9
0.05544364 0.007158207 2.099793
-0.0225746 0.01225207 2.058666
0.1312026 0.002592346 2.065107
-0.09214846 -0.3116128 1.7573
0.09065938 -0.4179592 2.060236
-0.137988 -0.6391285 1.729582
0.0441527 -0.7523965 2.08024
-0.1427002 -0.6860352 1.631836
0.04852672 -0.8133985 2.005404
9
0.05544364 0.007158207 2.099793
-0.0225746 0.01225207 2.058666
0.1312026 0.002592346 2.065107
-0.09214846 -0.3116128 1.7573
0.09065938 -0.4179592 2.060236
-0.137988 -0.6391285 1.729582
0.0441527 -0.7523965 2.08024
-0.1427002 -0.6860352 1.631836
0.04852672 -0.8133985 2.005404
9
0.0498024 0.01090336 2.094399
-0.03085637 0.01765323 2.053928
0.1279328 0.004612884 2.059374
-0.09470535 -0.2366691 1.677171
0.07829438 -0.4131894 2.035683
-0.1412113 -0.5156659 1.573756
0.04123946 -0.7512434 2.077807
-0.1198591 -0.5405029 1.459391
0.04915475 -0.8137977 2.004393
9
0.0498024 0.01090336 2.094399
-0.03085637 0.01765323 2.053928
0.1279328 0.004612884 2.059374
-0.09470535 -0.2366691 1.677171
0.07829438 -0.4131894 2.035683
-0.1412113 -0.5156659 1.573756
0.04123946 -0.7512434 2.077807
-0.1198591 -0.5405029 1.459391
0.04915475 -0.8137977 2.004393
9
0.0498024 0.01090336 2.094399
-0.03085637 0.01765323 2.053928
0.1279328 0.004612884 2.059374
-0.09470535 -0.2366691 1.677171
0.07829438 -0.4131894 2.035683
-0.1412113 -0.5156659 1.573756
0.04123946 -0.7512434 2.077807
-0.1198591 -0.5405029 1.459391
0.04915475 -0.8137977 2.004393
9
0.0498024 0.01090336 2.094399
-0.03085637 0.01765323 2.053928
0.1279328 0.004612884 2.059374
-0.09470535 -0.2366691 1.677171
0.07829438 -0.4131894 2.035683
-0.1412113 -0.5156659 1.573756
0.04123946 -0.7512434 2.077807
-0.1198591 -0.5405029 1.459391
0.04915475 -0.8137977 2.004393
9
0.0498024 0.01090336 2.094399
-0.03085637 0.01765323 2.053928
0.1279328 0.004612884 2.059374
-0.09470535 -0.2366691 1.677171
0.07829438 -0.4131894 2.035683
-0.1412113 -0.5156659 1.573756
0.04123946 -0.7512434 2.077807
-0.1198591 -0.5405029 1.459391
0.04915475 -0.8137977 2.004393
9
0.0498024 0.01090336 2.094399
-0.03085637 0.01765323 2.053928
0.1279328 0.004612884 2.059374
-0.09470535 -0.2366691 1.677171
0.07829438 -0.4131894 2.035683
-0.1412113 -0.5156659 1.573756
0.04123946 -0.7512434 2.077807
-0.1198591 -0.5405029 1.459391
0.04915475 -0.8137977 2.004393
9
0.02494732 0.01769646 2.085279
-0.0652957 0.0286613 2.042673
0.112612 0.007351632 2.052542
-0.0948365 -0.08299768 1.581868
0.07229224 -0.3807224 1.996166
-0.1694323 -0.390532 1.320417
0.0331887 -0.7505596 2.069063
-0.1643853 -0.3317769 1.227008
0.04867423 -0.8136556 2.002936
9
0.02494732 0.01769646 2.085279
-0.0652957 0.0286613 2.042673
0.112612 0.007351632 2.052542
-0.0948365 -0.08299768 1.581868
0.07229224 -0.3807224 1.996166
-0.1694323 -0.390532 1.320417
0.0331887 -0.7505596 2.069063
-0.1643853 -0.3317769 1.227008
0.04867423 -0.8136556 2.002936
9
0.021366 0.01750369 2.085357
-0.06817562 0.02816214 2.043869
0.1088076 0.007159752 2.051386
-0.08805859 -0.02529007 1.571197
0.07267999 -0.3815144 1.996034
-0.1627454 -0.3332472 1.310057
0.03308835 -0.7517068 2.066342
-0.165371 -0.2521135 1.201924
0.05096243 -0.8141146 1.997008
9
0.021366 0.01750369 2.085357
-0.06817562 0.02816214 2.043869
0.1088076 0.007159752 2.051386
-0.08805859 -0.02529007 1.571197
0.07267999 -0.3815144 1.996034
-0.1627454 -0.3332472 1.310057
0.03308835 -0.7517068 2.066342
-0.165371 -0.2521135 1.201924
0.05096243 -0.8141146 1.997008
9
0.021366 0.01750369 2.085357
-0.06817562 0.02816214 2.043869
0.1088076 0.007159752 2.051386
-0.08805859 -0.02529007 1.571197
0.07267999 -0.3815144 1.996034
-0.1627454 -0.3332472 1.310057
0.03308835 -0.7517068 2.066342
-0.165371 -0.2521135 1.201924
0.05096243 -0.8141146 1.997008
9
0.021366 0.01750369 2.085357
-0.06817562 0.02816214 2.043869
0.1088076 0.007159752 2.051386
-0.08805859 -0.02529007 1.571197
0.07267999 -0.3815144 1.996034
-0.1627454 -0.3332472 1.310057
0.03308835 -0.7517068 2.066342
-0.165371 -0.2521135 1.201924
0.05096243 -0.8141146 1.997008
9
0.021366 0.01750369 2.085357
-0.06817562 0.02816214 2.043869
0.1088076 0.007159752 2.051386
-0.08805859 -0.02529007 1.571197
0.07267999 -0.3815144 1.996034
-0.1627454 -0.3332472 1.310057
0.03308835 -0.7517068 2.066342
-0.165371 -0.2521135 1.201924
0.05096243 -0.8141146 1.997008
9
0.021366 0.01750369 2.085357
-0.06817562 0.02816214 2.043869
0.1088076 0.007159752 2.051386
-0.08805859 -0.02529007 1.571197
0.07267999 -0.3815144 1.996034
-0.1627454 -0.3332472 1.310057
0.03308835 -0.7517068 2.066342
-0.165371 -0.2521135 1.201924
0.05096243 -0.8141146 1.997008
9
0.09040938 -0.01247809 2.034072
0.0087352 -0.03128936 1.984444
0.1686838 0.006780361 2.00852
0.02440698 -0.2383736 1.523515
0.07283416 -0.3821373 1.99231
-0.1767432 0.008758703 1.264374
0.03330263 -0.7544522 2.052475
-0.1675713 -0.08018412 1.176266
0.0515722 -0.8142831 1.995031
9
0.09040938 -0.01247809 2.034072
0.0087352 -0.03128936 1.984444
0.1686838 0.006780361 2.00852
0.02440698 -0.2383736 1.523515
0.07283416 -0.3821373 1.99231
-0.1767432 0.008758703 1.264374
0.03330263 -0.7544522 2.052475
-0.1675713 -0.08018412 1.176266
0.0515722 -0.8142831 1.995031
9
0.09040938 -0.01247809 2.034072
0.0087352 -0.03128936 1.984444
0.1686838 0.006780361 2.00852
0.02440698 -0.2383736 1.523515
0.07283416 -0.3821373 1.99231
-0.1767432 0.008758703 1.264374
0.03330263 -0.7544522 2.052475
-0.1675713 -0.08018412 1.176266
0.0515722 -0.8142831 1.995031
9
0.09040938 -0.01247809 2.034072
0.0087352 -0.03128936 1.984444
0.1686838 0.006780361 2.00852
0.02440698 -0.2383736 1.523515
0.07283416 -0.3821373 1.99231
-0.1767432 0.008758703 1.264374
0.03330263 -0.7544522 2.052475
-0.1675713 -0.08018412 1.176266
0.0515722 -0.8142831 1.995031
9
0.09402763 -0.005441365 2.042403
0.01018719 -0.01406238 2.010923
0.1725735 0.008956707 2.009026
0.04142871 -0.2512426 1.716161
0.07024427 -0.3855455 1.986301
-0.1590174 -0.004961651 1.457093
0.03254962 -0.7548162 2.049373
-0.1564967 -0.002780726 1.317898
0.05160999 -0.8141421 1.993509
9
0.09402763 -0.005441365 2.042403
0.01018719 -0.01406238 2.010923
0.1725735 0.008956707 2.009026
0.04142871 -0.2512426 1.716161
0.07024427 -0.3855455 1.986301
-0.1590174 -0.004961651 1.457093
0.03254962 -0.7548162 2.049373
-0.1564967 -0.002780726 1.317898
0.05160999 -0.8141421 1.993509
9
0.09423257 -0.004034285 2.045429
0.009799493 -0.01334575 2.012415
0.1733956 0.009143572 2.009779
0.04116755 -0.2500489 1.717241
0.06887202 -0.386611 1.985121
-0.1592741 -0.003775452 1.458168
0.03240489 -0.7545557 2.047674
-0.1591745 0.0282222 1.324095
0.05127877 -0.8140032 1.99288
9
0.09423257 -0.004034285 2.045429
0.009799493 -0.01334575 2.012415
0.1733956 0.009143572 2.009779
0.04116755 -0.2500489 1.717241
0.06887202 -0.386611 1.985121
-0.1592741 -0.003775452 1.458168
0.03240489 -0.7545557 2.047674
-0.1591745 0.0282222 1.324095
0.05127877 -0.8140032 1.99288
9
0.09476575 -0.002856592 2.046925
0.00991698 -0.01264322 2.013478
0.1743363 0.009676781 2.010077
0.04101087 -0.2490806 1.718032
0.06798809 -0.3877751 1.984064
-0.1594276 -0.002812867 1.458954
0.03213261 -0.7537375 2.046356
-0.1598319 0.02822228 1.324601
0.0510294 -0.8143333 1.990233
9
0.09476575 -0.002856592 2.046925
0.00991698 -0.01264322 2.013478
0.1743363 0.009676781 2.010077
0.04101087 -0.2490806 1.718032
0.06798809 -0.3877751 1.984064
-0.1594276 -0.002812867 1.458954
0.03213261 -0.7537375 2.046356
-0.1598319 0.02822228 1.324601
0.0510294 -0.8143333 1.990233
9
0.09388614 -0.002331875 2.047957
0.008075435 -0.01158516 2.014709
0.1743347 0.009617672 2.010154
0.0355387 -0.2390294 1.711192
0.0672377 -0.388442 1.983973
-0.164905 0.007239716 1.452057
0.03257787 -0.7531511 2.045411
-0.1643772 0.03366167 1.316417
0.05157583 -0.8147835 1.98886
9
0.09388614 -0.002331875 2.047957
0.008075435 -0.01158516 2.014709
0.1743347 0.009617672 2.010154
0.0355387 -0.2390294 1.711192
0.0672377 -0.388442 1.983973
-0.164905 0.007239716 1.452057
0.03257787 -0.7531511 2.045411
-0.1643772 0.03366167 1.316417
0.05157583 -0.8147835 1.98886
9
0.07995749 -0.003241452 2.049967
-0.005322633 -0.01061843 2.017527
0.1616753 0.005597464 2.009214
0.01296715 -0.2389066 1.713931
0.06702847 -0.3886188 1.984079
-0.1873849 0.007351947 1.454719
0.0325941 -0.7528344 2.044807
-0.1819966 0.005219682 1.315599
0.05143687 -0.8146074 1.988665
9
0.07995749 -0.003241452 2.049967
-0.005322633 -0.01061843 2.017527
0.1616753 0.005597464 2.009214
0.01296715 -0.2389066 1.713931
0.06702847 -0.3886188 1.984079
-0.1873849 0.007351947 1.454719
0.0325941 -0.7528344 2.044807
-0.1819966 0.005219682 1.315599
0.05143687 -0.8146074 1.988665
9
0.06925614 -0.003106409 2.054011
-0.01446383 -0.00909497 2.021314
0.1503166 0.003565321 2.012439
-0.07730151 0.06559297 1.602433
0.06688851 -0.3888322 1.984669
-0.2388022 0.3298558 1.33311
0.03230758 -0.7526625 2.044573
-0.2242199 0.22375 1.266353
0.05145913 -0.8145498 1.988651
9
0.06925614 -0.003106409 2.054011
-0.01446383 -0.00909497 2.021314
0.1503166 0.003565321 2.012439
-0.07730151 0.06559297 1.602433
0.06688851 -0.3888322 1.984669
-0.2388022 0.3298558 1.33311
0.03230758 -0.7526625 2.044573
-0.2242199 0.22375 1.266353
0.05145913 -0.8145498 1.988651
9
0.06547803 -0.003304501 2.057946
-0.01784923 -0.008540704 2.025466
0.1463933 0.002454577 2.015796
-0.08650567 0.04862934 1.602437
0.06729123 -0.3889473 1.986176
-0.2552154 0.31503 1.33976
0.03180866 -0.753211 2.045027
-0.2390176 0.2080165 1.277802
0.05145638 -0.8145608 1.988613
9
0.06547803 -0.003304501 2.057946
-0.01784923 -0.008540704 2.025466
0.1463933 0.002454577 2.015796
-0.08650567 0.04862934 1.602437
0.06729123 -0.3889473 1.986176
-0.2552154 0.31503 1.33976
0.03180866 -0.753211 2.045027
-0.2390176 0.2080165 1.277802
0.05145638 -0.8145608 1.988613
9
0.05828358 -0.001774593 2.062562
-0.02390759 -0.006195216 2.029734
0.138288 0.00285238 2.02051
-0.1073116 -0.02807168 1.579949
0.06890415 -0.3852133 1.989363
-0.2721269 0.2663266 1.346285
0.03177517 -0.7534854 2.045107
-0.2548271 0.1594065 1.289211
0.05151325 -0.8146541 1.988547
9
0.05828358 -0.001774593 2.062562
-0.02390759 -0.006195216 2.029734
0.138288 0.00285238 2.02051
-0.1073116 -0.02807168 1.579949
0.06890415 -0.3852133 1.989363
-0.2721269 0.2663266 1.346285
0.03177517 -0.7534854 2.045107
-0.2548271 0.1594065 1.289211
0.05151325 -0.8146541 1.988547
9
0.05276776 -0.005088835 2.076242
-0.02659146 -0.01264098 2.042191
0.1295622 0.00289594 2.036144
-0.122073 -0.08536926 1.592552
0.06994203 -0.3851478 1.992249
-0.2198407 -0.2702947 1.37029
0.03157946 -0.7540923 2.046191
-0.206165 -0.2994495 1.253405
0.05213818 -0.8149906 1.988273
9
0.05276776 -0.005088835 2.076242
-0.02659146 -0.01264098 2.042191
0.1295622 0.00289594 2.036144
-0.122073 -0.08536926 1.592552
0.06994203 -0.3851478 1.992249
-0.2198407 -0.2702947 1.37029
0.03157946 -0.7540923 2.046191
-0.206165 -0.2994495 1.253405
0.05213818 -0.8149906 1.988273
9
0.04574294 -0.0002122098 2.086186
-0.03493499 -0.005602195 2.052742
0.1244849 0.005492935 2.044631
-0.1282817 -0.1392917 1.623686
0.07104769 -0.3841766 1.994509
-0.2100445 -0.3602054 1.430656
0.0310791 -0.7540494 2.04747
-0.2078857 -0.3798828 1.302734
0.05211335 -0.8152514 1.988806
9
0.04574294 -0.0002122098 2.086186
-0.03493499 -0.005602195 2.052742
0.1244849 0.005492935 2.044631
-0.1282817 -0.1392917 1.623686
0.07104769 -0.3841766 1.994509
-0.2100445 -0.3602054 1.430656
0.0310791 -0.7540494 2.04747
-0.2078857 -0.3798828 1.302734
0.05211335 -0.8152514 1.988806
