40
9
0.1205535 -0.2262567 2.088864
0.03638209 -0.2197301 2.037593
0.2006865 -0.2248047 2.066524
-0.01189424 -0.559228 1.81622
0.1725563 -0.6380721 2.043615
-0.06789085 -0.9018986 1.872371
0.1558351 -0.9580672 2.065441
-0.08327369 -0.9803581 1.80627
0.1799321 -0.9863868 1.925015
9
0.1205535 -0.2262567 2.088864
0.03638209 -0.2197301 2.037593
0.2006865 -0.2248047 2.066524
-0.01189424 -0.559228 1.81622
0.1725563 -0.6380721 2.043615
-0.06789085 -0.9018986 1.872371
0.1558351 -0.9580672 2.065441
-0.08327369 -0.9803581 1.80627
0.1799321 -0.9863868 1.925015
9
0.1205535 -0.2262567 2.088864
0.03638209 -0.2197301 2.037593
0.2006865 -0.2248047 2.066524
-0.01189424 -0.559228 1.81622
0.1725563 -0.6380721 2.043615
-0.06789085 -0.9018986 1.872371
0.1558351 -0.9580672 2.065441
-0.08327369 -0.9803581 1.80627
0.1799321 -0.9863868 1.925015
9
0.1205535 -0.2262567 2.088864
0.03638209 -0.2197301 2.037593
0.2006865 -0.2248047 2.066524
-0.01189424 -0.559228 1.81622
0.1725563 -0.6380721 2.043615
-0.06789085 -0.9018986 1.872371
0.1558351 -0.9580672 2.065441
-0.08327369 -0.9803581 1.80627
0.1799321 -0.9863868 1.925015
9
0.1398061 -0.2245443 2.08549
0.05091606 -0.2178763 2.034335
0.2242288 -0.2233901 2.063149
0.03323225 -0.4704607 1.685022
0.1867913 -0.6400549 2.025078
0.008966951 -0.7411206 1.540569
0.1630088 -0.956387 2.0495
0.02676452 -0.7809404 1.42518
0.1841606 -0.9841479 1.908257
9
0.1398061 -0.2245443 2.08549
0.05091606 -0.2178763 2.034335
0.2242288 -0.2233901 2.063149
0.03323225 -0.4704607 1.685022
0.1867913 -0.6400549 2.025078
0.008966951 -0.7411206 1.540569
0.1630088 -0.956387 2.0495
0.02676452 -0.7809404 1.42518
0.1841606 -0.9841479 1.908257
9
0.1398061 -0.2245443 2.08549
0.05091606 -0.2178763 2.034335
0.2242288 -0.2233901 2.063149
0.03323225 -0.4704607 1.685022
0.1867913 -0.6400549 2.025078
0.008966951 -0.7411206 1.540569
0.1630088 -0.956387 2.0495
0.02676452 -0.7809404 1.42518
0.1841606 -0.9841479 1.908257
9
0.1398061 -0.2245443 2.08549
0.05091606 -0.2178763 2.034335
0.2242288 -0.2233901 2.063149
0.03323225 -0.4704607 1.685022
0.1867913 -0.6400549 2.025078
0.008966951 -0.7411206 1.540569
0.1630088 -0.956387 2.0495
0.02676452 -0.7809404 1.42518
0.1841606 -0.9841479 1.908257
9
0.1526387 -0.2224704 2.083492
0.06187166 -0.2157611 2.033492
0.2381487 -0.2214253 2.059846
0.05724311 -0.3774713 1.604442
0.2151708 -0.604557 2.005059
0.03993908 -0.5669096 1.328131
0.2083327 -0.900041 2.041953
0.05563053 -0.5677689 1.196124
0.2568249 -0.9576737 1.960326
9
0.1526387 -0.2224704 2.083492
0.06187166 -0.2157611 2.033492
0.2381487 -0.2214253 2.059846
0.05724311 -0.3774713 1.604442
0.2151708 -0.604557 2.005059
0.03993908 -0.5669096 1.328131
0.2083327 -0.900041 2.041953
0.05563053 -0.5677689 1.196124
0.2568249 -0.9576737 1.960326
9
0.1526387 -0.2224704 2.083492
0.06187166 -0.2157611 2.033492
0.2381487 -0.2214253 2.059846
0.05724311 -0.3774713 1.604442
0.2151708 -0.604557 2.005059
0.03993908 -0.5669096 1.328131
0.2083327 -0.900041 2.041953
0.05563053 -0.5677689 1.196124
0.2568249 -0.9576737 1.960326
9
0.1543333 -0.2225258 2.081147
0.06235772 -0.2155477 2.032652
0.2416302 -0.2220458 2.055229
0.08114434 -0.247333 1.600242
0.219914 -0.6021241 2.001908
0.06375266 -0.4375907 1.324301
0.1518501 -0.9651907 2.028637
0.09686853 -0.3797818 1.165857
0.1708041 -0.99235 1.886857
9
0.1543333 -0.2225258 2.081147
0.06235772 -0.2155477 2.032652
0.2416302 -0.2220458 2.055229
0.08114434 -0.247333 1.600242
0.219914 -0.6021241 2.001908
0.06375266 -0.4375907 1.324301
0.1518501 -0.9651907 2.028637
0.09686853 -0.3797818 1.165857
0.1708041 -0.99235 1.886857
9
0.1543333 -0.2225258 2.081147
0.06235772 -0.2155477 2.032652
0.2416302 -0.2220458 2.055229
0.08114434 -0.247333 1.600242
0.219914 -0.6021241 2.001908
0.06375266 -0.4375907 1.324301
0.1518501 -0.9651907 2.028637
0.09686853 -0.3797818 1.165857
0.1708041 -0.99235 1.886857
9
0.1543333 -0.2225258 2.081147
0.06235772 -0.2155477 2.032652
0.2416302 -0.2220458 2.055229
0.08114434 -0.247333 1.600242
0.219914 -0.6021241 2.001908
0.06375266 -0.4375907 1.324301
0.1518501 -0.9651907 2.028637
0.09686853 -0.3797818 1.165857
0.1708041 -0.99235 1.886857
9
0.1543333 -0.2225258 2.081147
0.06235772 -0.2155477 2.032652
0.2416302 -0.2220458 2.055229
0.08114434 -0.247333 1.600242
0.219914 -0.6021241 2.001908
0.06375266 -0.4375907 1.324301
0.1518501 -0.9651907 2.028637
0.09686853 -0.3797818 1.165857
0.1708041 -0.99235 1.886857
9
0.1543333 -0.2225258 2.081147
0.06235772 -0.2155477 2.032652
0.2416302 -0.2220458 2.055229
0.08114434 -0.247333 1.600242
0.219914 -0.6021241 2.001908
0.06375266 -0.4375907 1.324301
0.1518501 -0.9651907 2.028637
0.09686853 -0.3797818 1.165857
0.1708041 -0.99235 1.886857
9
0.1543333 -0.2225258 2.081147
0.06235772 -0.2155477 2.032652
0.2416302 -0.2220458 2.055229
0.08114434 -0.247333 1.600242
0.219914 -0.6021241 2.001908
0.06375266 -0.4375907 1.324301
0.1518501 -0.9651907 2.028637
0.09686853 -0.3797818 1.165857
0.1708041 -0.99235 1.886857
9
0.1492703 -0.2250225 2.079348
0.05653382 -0.2181645 2.031601
0.2370118 -0.2242802 2.05294
0.1055862 -0.1647384 1.550141
0.2442585 -0.5766928 2.001182
0.09061337 -0.3532886 1.252454
0.1641709 -0.9252616 2.010225
0.1244085 -0.2585676 1.11649
0.1813252 -0.9528482 1.867973
9
0.1492703 -0.2250225 2.079348
0.05653382 -0.2181645 2.031601
0.2370118 -0.2242802 2.05294
0.1055862 -0.1647384 1.550141
0.2442585 -0.5766928 2.001182
0.09061337 -0.3532886 1.252454
0.1641709 -0.9252616 2.010225
0.1244085 -0.2585676 1.11649
0.1813252 -0.9528482 1.867973
9
0.1505754 -0.2239504 2.07686
0.05627084 -0.218592 2.031256
0.2405284 -0.2208962 2.047568
0.1220112 -0.1001304 1.563735
0.1889004 -0.6241708 1.995947
0.09607197 -0.221367 1.277824
0.1637601 -0.9249583 2.009096
0.1444416 -0.2032963 1.115665
0.1794013 -0.952449 1.866545
9
0.1514083 -0.2239546 2.077433
0.05688601 -0.2187523 2.032326
0.2414862 -0.22083 2.04795
0.1258261 -0.1202251 1.56062
0.1860923 -0.6369141 2.005925
0.09772011 -0.2327685 1.271412
0.1619678 -0.9351639 2.011217
0.150526 -0.2027593 1.112875
0.1768153 -0.9625907 1.868604
9
0.1514083 -0.2239546 2.077433
0.05688601 -0.2187523 2.032326
0.2414862 -0.22083 2.04795
0.1258261 -0.1202251 1.56062
0.1860923 -0.6369141 2.005925
0.09772011 -0.2327685 1.271412
0.1619678 -0.9351639 2.011217
0.150526 -0.2027593 1.112875
0.1768153 -0.9625907 1.868604
9
0.1514083 -0.2239546 2.077433
0.05688601 -0.2187523 2.032326
0.2414862 -0.22083 2.04795
0.1258261 -0.1202251 1.56062
0.1860923 -0.6369141 2.005925
0.09772011 -0.2327685 1.271412
0.1619678 -0.9351639 2.011217
0.150526 -0.2027593 1.112875
0.1768153 -0.9625907 1.868604
9
0.1514083 -0.2239546 2.077433
0.05688601 -0.2187523 2.032326
0.2414862 -0.22083 2.04795
0.1258261 -0.1202251 1.56062
0.1860923 -0.6369141 2.005925
0.09772011 -0.2327685 1.271412
0.1619678 -0.9351639 2.011217
0.150526 -0.2027593 1.112875
0.1768153 -0.9625907 1.868604
9
0.1511631 -0.2260724 2.082128
0.05629346 -0.2196912 2.038627
0.2412295 -0.2243959 2.052142
0.1295391 -0.191194 1.558203
0.1776762 -0.6718018 2.018636
0.09741982 -0.3031231 1.269095
0.1606228 -0.9706345 2.016995
0.1649871 -0.2642514 1.120368
0.1746964 -0.997945 1.87458
9
0.1511631 -0.2260724 2.082128
0.05629346 -0.2196912 2.038627
0.2412295 -0.2243959 2.052142
0.1295391 -0.191194 1.558203
0.1776762 -0.6718018 2.018636
0.09741982 -0.3031231 1.269095
0.1606228 -0.9706345 2.016995
0.1649871 -0.2642514 1.120368
0.1746964 -0.997945 1.87458
9
0.151107 -0.2264023 2.084508
0.05595436 -0.2189514 2.041232
0.2413225 -0.2259002 2.054654
0.1245118 -0.2241115 1.559341
0.1763846 -0.673154 2.018397
0.09742258 -0.3733966 1.286866
0.1599333 -0.9713307 2.027484
0.1515693 -0.329683 1.132118
0.1732754 -0.9989049 1.885011
9
0.151107 -0.2264023 2.084508
0.05595436 -0.2189514 2.041232
0.2413225 -0.2259002 2.054654
0.1245118 -0.2241115 1.559341
0.1763846 -0.673154 2.018397
0.09742258 -0.3733966 1.286866
0.1599333 -0.9713307 2.027484
0.1515693 -0.329683 1.132118
0.1732754 -0.9989049 1.885011
9
0.151107 -0.2264023 2.084508
0.05595436 -0.2189514 2.041232
0.2413225 -0.2259002 2.054654
0.1245118 -0.2241115 1.559341
0.1763846 -0.673154 2.018397
0.09742258 -0.3733966 1.286866
0.1599333 -0.9713307 2.027484
0.1515693 -0.329683 1.132118
0.1732754 -0.9989049 1.885011
9
0.151107 -0.2264023 2.084508
0.05595436 -0.2189514 2.041232
0.2413225 -0.2259002 2.054654
0.1245118 -0.2241115 1.559341
0.1763846 -0.673154 2.018397
0.09742258 -0.3733966 1.286866
0.1599333 -0.9713307 2.027484
0.1515693 -0.329683 1.132118
0.1732754 -0.9989049 1.885011
9
0.151107 -0.2264023 2.084508
0.05595436 -0.2189514 2.041232
0.2413225 -0.2259002 2.054654
0.1245118 -0.2241115 1.559341
0.1763846 -0.673154 2.018397
0.09742258 -0.3733966 1.286866
0.1599333 -0.9713307 2.027484
0.1515693 -0.329683 1.132118
0.1732754 -0.9989049 1.885011
9
0.151107 -0.2264023 2.084508
0.05595436 -0.2189514 2.041232
0.2413225 -0.2259002 2.054654
0.1245118 -0.2241115 1.559341
0.1763846 -0.673154 2.018397
0.09742258 -0.3733966 1.286866
0.1599333 -0.9713307 2.027484
0.1515693 -0.329683 1.132118
0.1732754 -0.9989049 1.885011
9
0.151107 -0.2264023 2.084508
0.05595436 -0.2189514 2.041232
0.2413225 -0.2259002 2.054654
0.1245118 -0.2241115 1.559341
0.1763846 -0.673154 2.018397
0.09742258 -0.3733966 1.286866
0.1599333 -0.9713307 2.027484
0.1515693 -0.329683 1.132118
0.1732754 -0.9989049 1.885011
9
0.151107 -0.2264023 2.084508
0.05595436 -0.2189514 2.041232
0.2413225 -0.2259002 2.054654
0.1245118 -0.2241115 1.559341
0.1763846 -0.673154 2.018397
0.09742258 -0.3733966 1.286866
0.1599333 -0.9713307 2.027484
0.1515693 -0.329683 1.132118
0.1732754 -0.9989049 1.885011
9
0.1811319 -0.2311975 2.099691
0.087051 -0.2219255 2.048393
0.269971 -0.2327729 2.079075
0.08051527 -0.4361139 1.649998
0.2493881 -0.5934363 2.039063
0.06667159 -0.6363226 1.41249
0.2208668 -0.8920099 2.039063
0.0846223 -0.626113 1.280265
0.174106 -0.7990568 2.053366
9
0.1811319 -0.2311975 2.099691
0.087051 -0.2219255 2.048393
0.269971 -0.2327729 2.079075
0.08051527 -0.4361139 1.649998
0.2493881 -0.5934363 2.039063
0.06667159 -0.6363226 1.41249
0.2208668 -0.8920099 2.039063
0.0846223 -0.626113 1.280265
0.174106 -0.7990568 2.053366
9
0.1811319 -0.2311975 2.099691
0.087051 -0.2219255 2.048393
0.269971 -0.2327729 2.079075
0.08051527 -0.4361139 1.649998
0.2493881 -0.5934363 2.039063
0.06667159 -0.6363226 1.41249
0.2208668 -0.8920099 2.039063
0.0846223 -0.626113 1.280265
0.174106 -0.7990568 2.053366
9
0.1811319 -0.2311975 2.099691
0.087051 -0.2219255 2.048393
0.269971 -0.2327729 2.079075
0.08051527 -0.4361139 1.649998
0.2493881 -0.5934363 2.039063
0.06667159 -0.6363226 1.41249
0.2208668 -0.8920099 2.039063
0.0846223 -0.626113 1.280265
0.174106 -0.7990568 2.053366
9
0.1810405 -0.2320739 2.101078
0.08827434 -0.2224901 2.050107
0.2681466 -0.2342402 2.080343
0.06059308 -0.5251191 1.741369
0.2200808 -0.6760962 2.055253
0.03870605 -0.7676323 1.551154
0.1911826 -0.9742282 2.050294
0.05905657 -0.7813925 1.424261
0.2068947 -1.003623 1.908917
