40
9
0.01139667 0.01195849 2.18139
-0.07309991 0.02438948 2.141911
0.09484043 -0.0001854536 2.145826
-0.09566932 -0.054309 1.680562
0.04827063 -0.4048505 2.109951
-0.146543 -0.3408221 1.388011
-0.003977864 -0.7557918 2.160067
-0.1375671 -0.2669098 1.271865
0.007850837 -0.8142083 2.094443
9
-0.03944401 0.01429452 2.201214
-0.1231213 0.03429639 2.165333
0.04559331 -0.006198809 2.16184
-0.08249308 0.002444298 1.665958
0.048607 -0.3946896 2.102414
-0.1004525 -0.2720878 1.358464
-0.004558805 -0.7548277 2.15476
-0.1276564 -0.1914775 1.255419
0.01095607 -0.8150209 2.088411
9
-0.03944401 0.01429452 2.201214
-0.1231213 0.03429639 2.165333
0.04559331 -0.006198809 2.16184
-0.08249308 0.002444298 1.665958
0.048607 -0.3946896 2.102414
-0.1004525 -0.2720878 1.358464
-0.004558805 -0.7548277 2.15476
-0.1276564 -0.1914775 1.255419
0.01095607 -0.8150209 2.088411
9
0.0692909 -0.01762535 2.173866
-0.01017561 -0.02455884 2.127505
0.1463242 -0.01008551 2.145025
-0.07272325 0.03756049 1.6301
0.0484036 -0.3923437 2.09829
-0.09652743 -0.216387 1.342728
-0.003341728 -0.7553518 2.149055
-0.1236788 -0.1300807 1.248016
0.01139751 -0.8152889 2.088795
9
0.0692909 -0.01762535 2.173866
-0.01017561 -0.02455884 2.127505
0.1463242 -0.01008551 2.145025
-0.07272325 0.03756049 1.6301
0.0484036 -0.3923437 2.09829
-0.09652743 -0.216387 1.342728
-0.003341728 -0.7553518 2.149055
-0.1236788 -0.1300807 1.248016
0.01139751 -0.8152889 2.088795
9
0.06255329 -0.01385527 2.159684
-0.0169077 -0.01868115 2.112317
0.139732 -0.008354194 2.131637
-0.05821067 0.01410818 1.609836
0.04771855 -0.3884774 2.092721
-0.08995887 -0.234374 1.234153
-0.00333078 -0.7565758 2.145519
-0.117087 -0.1470638 1.139618
0.01233035 -0.8156735 2.086974
9
0.06255329 -0.01385527 2.159684
-0.0169077 -0.01868115 2.112317
0.139732 -0.008354194 2.131637
-0.05821067 0.01410818 1.609836
0.04771855 -0.3884774 2.092721
-0.08995887 -0.234374 1.234153
-0.00333078 -0.7565758 2.145519
-0.117087 -0.1470638 1.139618
0.01233035 -0.8156735 2.086974
9
0.05280174 -0.01140925 2.151044
-0.02648624 -0.015778 2.102698
0.130228 -0.0065292 2.124058
-0.08649409 0.00821809 1.601639
0.0436551 -0.3939365 2.0898
-0.1232359 -0.2415983 1.216729
-0.001722867 -0.7553392 2.141551
-0.1493588 -0.1540055 1.122336
0.01245923 -0.8158509 2.086421
9
0.05280174 -0.01140925 2.151044
-0.02648624 -0.015778 2.102698
0.130228 -0.0065292 2.124058
-0.08649409 0.00821809 1.601639
0.0436551 -0.3939365 2.0898
-0.1232359 -0.2415983 1.216729
-0.001722867 -0.7553392 2.141551
-0.1493588 -0.1540055 1.122336
0.01245923 -0.8158509 2.086421
9
0.0426351 -0.01176047 2.154575
-0.03421382 -0.01461937 2.104753
0.1173173 -0.008929492 2.129568
-0.08994836 0.008365795 1.603148
0.04180378 -0.3939854 2.08627
-0.1260194 -0.2415711 1.216074
-0.002667537 -0.7572047 2.139213
-0.1520594 -0.153977 1.121691
0.01251634 -0.8180242 2.086359
9
0.0426351 -0.01176047 2.154575
-0.03421382 -0.01461937 2.104753
0.1173173 -0.008929492 2.129568
-0.08994836 0.008365795 1.603148
0.04180378 -0.3939854 2.08627
-0.1260194 -0.2415711 1.216074
-0.002667537 -0.7572047 2.139213
-0.1520594 -0.153977 1.121691
0.01251634 -0.8180242 2.086359
9
0.04066554 -0.01336732 2.154957
-0.03570413 -0.01560194 2.105094
0.1151657 -0.01100443 2.129869
-0.09321056 0.009609637 1.603803
0.04039495 -0.3948407 2.083491
-0.1300119 -0.2397008 1.21424
-0.003033138 -0.7585431 2.137246
-0.1559291 -0.1521519 1.119861
0.01268465 -0.8196483 2.086192
9
0.04066554 -0.01336732 2.154957
-0.03570413 -0.01560194 2.105094
0.1151657 -0.01100443 2.129869
-0.09321056 0.009609637 1.603803
0.04039495 -0.3948407 2.083491
-0.1300119 -0.2397008 1.21424
-0.003033138 -0.7585431 2.137246
-0.1559291 -0.1521519 1.119861
0.01268465 -0.8196483 2.086192
9
0.03808755 -0.01411512 2.154899
-0.03857799 -0.01629637 2.105237
0.1131067 -0.01167663 2.129583
-0.09533574 0.00939673 1.603885
0.03954035 -0.3941039 2.081872
-0.1320912 -0.2397557 1.213358
-0.003239276 -0.7589532 2.136614
-0.1579453 -0.1522017 1.118987
0.01241164 -0.8204612 2.087439
9
0.03808755 -0.01411512 2.154899
-0.03857799 -0.01629637 2.105237
0.1131067 -0.01167663 2.129583
-0.09533574 0.00939673 1.603885
0.03954035 -0.3941039 2.081872
-0.1320912 -0.2397557 1.213358
-0.003239276 -0.7589532 2.136614
-0.1579453 -0.1522017 1.118987
0.01241164 -0.8204612 2.087439
9
0.03236186 -0.01451298 2.154184
-0.04511512 -0.01605328 2.104327
0.1084223 -0.01253133 2.128966
-0.1009453 0.01085731 1.602937
0.03833028 -0.3921956 2.079774
-0.1374373 -0.2380428 1.212906
-0.003324931 -0.7586882 2.136157
-0.1631333 -0.1505382 1.118543
0.01213358 -0.8203637 2.087626
9
0.03236186 -0.01451298 2.154184
-0.04511512 -0.01605328 2.104327
0.1084223 -0.01253133 2.128966
-0.1009453 0.01085731 1.602937
0.03833028 -0.3921956 2.079774
-0.1374373 -0.2380428 1.212906
-0.003324931 -0.7586882 2.136157
-0.1631333 -0.1505382 1.118543
0.01213358 -0.8203637 2.087626
9
0.02993408 -0.01444713 2.154677
-0.04738883 -0.01577975 2.104439
0.1059622 -0.01267533 2.129833
-0.1025202 0.01100183 1.602965
0.03756064 -0.3931485 2.079685
-0.1388353 -0.2379349 1.213077
-0.003596733 -0.7588722 2.135983
-0.1356881 -0.1270124 1.178564
0.01156967 -0.8206233 2.087549
9
0.02993408 -0.01444713 2.154677
-0.04738883 -0.01577975 2.104439
0.1059622 -0.01267533 2.129833
-0.1025202 0.01100183 1.602965
0.03756064 -0.3931485 2.079685
-0.1388353 -0.2379349 1.213077
-0.003596733 -0.7588722 2.135983
-0.1356881 -0.1270124 1.178564
0.01156967 -0.8206233 2.087549
9
0.02930849 -0.01575043 2.156089
-0.04773564 -0.01721181 2.105759
0.1051165 -0.01379126 2.131311
-0.1029034 0.00806402 1.60421
0.03654629 -0.3945037 2.079596
-0.1392867 -0.2411867 1.213784
-0.003504876 -0.7591001 2.135631
-0.1370175 -0.1301832 1.178755
0.0116391 -0.820908 2.087509
9
0.02930849 -0.01575043 2.156089
-0.04773564 -0.01721181 2.105759
0.1051165 -0.01379126 2.131311
-0.1029034 0.00806402 1.60421
0.03654629 -0.3945037 2.079596
-0.1392867 -0.2411867 1.213784
-0.003504876 -0.7591001 2.135631
-0.1370175 -0.1301832 1.178755
0.0116391 -0.820908 2.087509
9
0.05820566 -0.01088595 2.159343
-0.0278436 -0.02016438 2.106815
0.1460998 0.002506517 2.137706
-0.09757974 0.003369642 1.607021
0.0355916 -0.3969055 2.080895
-0.1372316 -0.2462824 1.217323
-0.003856884 -0.7592571 2.13496
-0.1354503 -0.1351595 1.181869
0.01152774 -0.8211249 2.087475
9
0.05820566 -0.01088595 2.159343
-0.0278436 -0.02016438 2.106815
0.1460998 0.002506517 2.137706
-0.09757974 0.003369642 1.607021
0.0355916 -0.3969055 2.080895
-0.1372316 -0.2462824 1.217323
-0.003856884 -0.7592571 2.13496
-0.1354503 -0.1351595 1.181869
0.01152774 -0.8211249 2.087475
9
0.06929857 -0.01055164 2.164876
-0.01462863 -0.02133981 2.113223
0.1519862 0.002436538 2.141247
-0.08046476 0.03463296 1.615508
0.03530283 -0.39837 2.082607
-0.1098798 -0.2149562 1.289926
-0.004024575 -0.7590054 2.134717
-0.1254478 -0.1126765 1.219501
0.01245157 -0.8201218 2.08455
9
0.06929857 -0.01055164 2.164876
-0.01462863 -0.02133981 2.113223
0.1519862 0.002436538 2.141247
-0.08046476 0.03463296 1.615508
0.03530283 -0.39837 2.082607
-0.1098798 -0.2149562 1.289926
-0.004024575 -0.7590054 2.134717
-0.1254478 -0.1126765 1.219501
0.01245157 -0.8201218 2.08455
9
0.06641555 -0.01248867 2.167721
-0.01610736 -0.02200216 2.116468
0.146033 -0.002465669 2.144159
-0.08360318 0.04975332 1.679607
0.03613146 -0.397909 2.084886
-0.1155569 -0.215315 1.365255
-0.004312451 -0.7596985 2.13515
-0.1435981 -0.1430837 1.25566
0.01255859 -0.8206024 2.08445
9
0.06641555 -0.01248867 2.167721
-0.01610736 -0.02200216 2.116468
0.146033 -0.002465669 2.144159
-0.08360318 0.04975332 1.679607
0.03613146 -0.397909 2.084886
-0.1155569 -0.215315 1.365255
-0.004312451 -0.7596985 2.13515
-0.1435981 -0.1430837 1.25566
0.01255859 -0.8206024 2.08445
9
0.06641555 -0.01248867 2.167721
-0.01610736 -0.02200216 2.116468
0.146033 -0.002465669 2.144159
-0.08360318 0.04975332 1.679607
0.03613146 -0.397909 2.084886
-0.1155569 -0.215315 1.365255
-0.004312451 -0.7596985 2.13515
-0.1435981 -0.1430837 1.25566
0.01255859 -0.8206024 2.08445
9
0.06641555 -0.01248867 2.167721
-0.01610736 -0.02200216 2.116468
0.146033 -0.002465669 2.144159
-0.08360318 0.04975332 1.679607
0.03613146 -0.397909 2.084886
-0.1155569 -0.215315 1.365255
-0.004312451 -0.7596985 2.13515
-0.1435981 -0.1430837 1.25566
0.01255859 -0.8206024 2.08445
9
0.02114558 -0.02398784 2.192662
-0.05189086 -0.03185233 2.142472
0.09575307 -0.01466281 2.165931
-0.1137108 -0.06040687 1.678569
0.03521756 -0.3923394 2.09549
-0.1455233 -0.3250415 1.363663
-0.0043719 -0.7595779 2.136085
-0.1697131 -0.2724708 1.271892
0.0131439 -0.8201474 2.084548
9
0.02114558 -0.02398784 2.192662
-0.05189086 -0.03185233 2.142472
0.09575307 -0.01466281 2.165931
-0.1137108 -0.06040687 1.678569
0.03521756 -0.3923394 2.09549
-0.1455233 -0.3250415 1.363663
-0.0043719 -0.7595779 2.136085
-0.1697131 -0.2724708 1.271892
0.0131439 -0.8201474 2.084548
9
0.04336139 -0.00536302 2.155688
-0.03396042 -0.01266576 2.12111
0.1169245 -0.000708545 2.116767
-0.1145405 -0.1281119 1.699949
0.03496534 -0.3921269 2.101251
-0.1815566 -0.4259099 1.422606
-0.004621425 -0.7587738 2.136642
-0.1768457 -0.3698217 1.325987
0.01239881 -0.8196217 2.085739
9
0.04336139 -0.00536302 2.155688
-0.03396042 -0.01266576 2.12111
0.1169245 -0.000708545 2.116767
-0.1145405 -0.1281119 1.699949
0.03496534 -0.3921269 2.101251
-0.1815566 -0.4259099 1.422606
-0.004621425 -0.7587738 2.136642
-0.1768457 -0.3698217 1.325987
0.01239881 -0.8196217 2.085739
9
0.0360187 -0.0003841635 2.166268
-0.04192316 -0.002081543 2.13063
0.1112616 0.0007290934 2.127752
-0.1167143 -0.1756679 1.740857
0.03710792 -0.4108358 2.117214
-0.174291 -0.4055546 1.533261
-0.007441517 -0.7596272 2.141854
-0.1619873 -0.4172363 1.410156
0.01215234 -0.8192503 2.088534
9
0.0360187 -0.0003841635 2.166268
-0.04192316 -0.002081543 2.13063
0.1112616 0.0007290934 2.127752
-0.1167143 -0.1756679 1.740857
0.03710792 -0.4108358 2.117214
-0.174291 -0.4055546 1.533261
-0.007441517 -0.7596272 2.141854
-0.1619873 -0.4172363 1.410156
0.01215234 -0.8192503 2.088534
9
0.01855887 0.006234989 2.183932
-0.06257299 0.01200788 2.143599
0.09730191 0.0006920607 2.150563
-0.1179538 -0.2301353 1.776835
0.03971206 -0.4149779 2.122866
-0.1742291 -0.4712673 1.594521
-0.008644352 -0.7594059 2.14487
-0.1739745 -0.5073758 1.466694
0.01295855 -0.8194063 2.087395
9
0.01855887 0.006234989 2.183932
-0.06257299 0.01200788 2.143599
0.09730191 0.0006920607 2.150563
-0.1179538 -0.2301353 1.776835
0.03971206 -0.4149779 2.122866
-0.1742291 -0.4712673 1.594521
-0.008644352 -0.7594059 2.14487
-0.1739745 -0.5073758 1.466694
0.01295855 -0.8194063 2.087395
9
0.01850653 0.006364719 2.184629
-0.06243889 0.01228382 2.143879
0.0972125 0.0004954074 2.15158
-0.1186283 -0.298201 1.810775
0.04509854 -0.4116697 2.12912
-0.1735397 -0.5585186 1.657604
-0.008774352 -0.7593524 2.149186
-0.1750488 -0.6005859 1.537109
0.01143405 -0.8184509 2.087868
9
0.01850653 0.006364719 2.184629
-0.06243889 0.01228382 2.143879
0.0972125 0.0004954074 2.15158
-0.1186283 -0.298201 1.810775
0.04509854 -0.4116697 2.12912
-0.1735397 -0.5585186 1.657604
-0.008774352 -0.7593524 2.149186
-0.1750488 -0.6005859 1.537109
0.01143405 -0.8184509 2.087868
9
0.01850653 0.006364719 2.184629
-0.06243889 0.01228382 2.143879
0.0972125 0.0004954074 2.15158
-0.1186283 -0.298201 1.810775
0.04509854 -0.4116697 2.12912
-0.1735397 -0.5585186 1.657604
-0.008774352 -0.7593524 2.149186
-0.1750488 -0.6005859 1.537109
0.01143405 -0.8184509 2.087868
