40
9
0.1947367 -0.0279738 1.706014
0.1086867 -0.01976242 1.656373
0.2722674 -0.03477338 1.681011
0.08025242 -0.4487148 1.59883
0.2165129 -0.4664697 1.712306
0.03186746 -0.7682626 1.60312
0.1804109 -0.7824306 1.698384
0.02350907 -0.8406124 1.526967
0.1159401 -0.8394018 1.571174
9
0.2040937 -0.02628687 1.70726
0.1174519 -0.01847737 1.656097
0.2817906 -0.03279665 1.683574
0.09603344 -0.4183909 1.54258
0.2357754 -0.453472 1.712933
0.03397787 -0.7531351 1.576947
0.1785243 -0.7827609 1.699911
0.05606634 -0.7844623 1.440327
0.1180957 -0.839873 1.57096
9
0.2040937 -0.02628687 1.70726
0.1174519 -0.01847737 1.656097
0.2817906 -0.03279665 1.683574
0.09603344 -0.4183909 1.54258
0.2357754 -0.453472 1.712933
0.03397787 -0.7531351 1.576947
0.1785243 -0.7827609 1.699911
0.05606634 -0.7844623 1.440327
0.1180957 -0.839873 1.57096
9
0.2110836 -0.02506638 1.706929
0.1235792 -0.01736052 1.654402
0.2895298 -0.03153117 1.684556
0.1132127 -0.3988919 1.495718
0.2473717 -0.4646812 1.71408
0.03846722 -0.7442931 1.534226
0.1780477 -0.7908179 1.694
0.05976833 -0.7749916 1.397376
0.2371826 -0.8461914 1.581055
9
0.2110836 -0.02506638 1.706929
0.1235792 -0.01736052 1.654402
0.2895298 -0.03153117 1.684556
0.1132127 -0.3988919 1.495718
0.2473717 -0.4646812 1.71408
0.03846722 -0.7442931 1.534226
0.1780477 -0.7908179 1.694
0.05976833 -0.7749916 1.397376
0.2371826 -0.8461914 1.581055
9
0.218452 -0.02169405 1.706511
0.1295159 -0.01475419 1.653315
0.2978839 -0.02754764 1.684773
0.1361598 -0.3646912 1.457755
0.2610565 -0.4611138 1.712512
0.05747143 -0.7137571 1.485454
0.1885272 -0.79335 1.684262
0.08092651 -0.7441598 1.348954
0.1257251 -0.8380426 1.547995
9
0.218452 -0.02169405 1.706511
0.1295159 -0.01475419 1.653315
0.2978839 -0.02754764 1.684773
0.1361598 -0.3646912 1.457755
0.2610565 -0.4611138 1.712512
0.05747143 -0.7137571 1.485454
0.1885272 -0.79335 1.684262
0.08092651 -0.7441598 1.348954
0.1257251 -0.8380426 1.547995
9
0.2219738 -0.01752395 1.705256
0.1324459 -0.01096711 1.651545
0.3017808 -0.02318589 1.683941
0.1591494 -0.333961 1.420724
0.2764881 -0.460441 1.711695
0.09663219 -0.6750503 1.417105
0.2290396 -0.8180162 1.654963
0.1177966 -0.7448093 1.341254
0.1315729 -0.8290867 1.530644
9
0.2234816 -0.01458971 1.704357
0.1333199 -0.008506053 1.650355
0.3039048 -0.0198332 1.683293
0.1830768 -0.3079939 1.381674
0.2808529 -0.4563482 1.710817
0.1476015 -0.6279635 1.335049
0.2290433 -0.8154798 1.654541
0.1546429 -0.6820694 1.233137
0.1572556 -0.7921448 1.506878
9
0.2234816 -0.01458971 1.704357
0.1333199 -0.008506053 1.650355
0.3039048 -0.0198332 1.683293
0.1830768 -0.3079939 1.381674
0.2808529 -0.4563482 1.710817
0.1476015 -0.6279635 1.335049
0.2290433 -0.8154798 1.654541
0.1546429 -0.6820694 1.233137
0.1572556 -0.7921448 1.506878
9
0.2234816 -0.01458971 1.704357
0.1333199 -0.008506053 1.650355
0.3039048 -0.0198332 1.683293
0.1830768 -0.3079939 1.381674
0.2808529 -0.4563482 1.710817
0.1476015 -0.6279635 1.335049
0.2290433 -0.8154798 1.654541
0.1546429 -0.6820694 1.233137
0.1572556 -0.7921448 1.506878
9
0.2255107 -0.01099927 1.705303
0.1341597 -0.005888071 1.650972
0.3072826 -0.01536898 1.684553
0.2056336 -0.2606802 1.353512
0.28723 -0.4429992 1.710493
0.2025573 -0.5654045 1.246198
0.2308302 -0.8024691 1.654365
0.2086639 -0.6183181 1.142671
0.1093211 -0.8332064 1.577919
9
0.2255107 -0.01099927 1.705303
0.1341597 -0.005888071 1.650972
0.3072826 -0.01536898 1.684553
0.2056336 -0.2606802 1.353512
0.28723 -0.4429992 1.710493
0.2025573 -0.5654045 1.246198
0.2308302 -0.8024691 1.654365
0.2086639 -0.6183181 1.142671
0.1093211 -0.8332064 1.577919
9
0.2241595 -0.007530526 1.707182
0.1298918 -0.0001011907 1.654726
0.3074509 -0.01358882 1.685235
0.2222047 -0.2089104 1.339052
0.1981656 -0.4593455 1.711223
0.2369316 -0.5269057 1.145316
0.1486941 -0.8627743 1.650828
0.2682881 -0.5389279 1.02573
0.01983181 -0.8554556 1.575824
9
0.2241595 -0.007530526 1.707182
0.1298918 -0.0001011907 1.654726
0.3074509 -0.01358882 1.685235
0.2222047 -0.2089104 1.339052
0.1981656 -0.4593455 1.711223
0.2369316 -0.5269057 1.145316
0.1486941 -0.8627743 1.650828
0.2682881 -0.5389279 1.02573
0.01983181 -0.8554556 1.575824
9
0.22356 -0.004219859 1.708176
0.1275368 0.003373015 1.656467
0.308546 -0.01044393 1.685445
0.2347128 -0.1485544 1.334032
0.211035 -0.4595651 1.706801
0.2462229 -0.4627682 1.148872
0.1593714 -0.8518245 1.648192
0.2953961 -0.4356417 0.9953039
0.02996576 -0.8496709 1.575567
9
0.22356 -0.004219859 1.708176
0.1275368 0.003373015 1.656467
0.308546 -0.01044393 1.685445
0.2347128 -0.1485544 1.334032
0.211035 -0.4595651 1.706801
0.2462229 -0.4627682 1.148872
0.1593714 -0.8518245 1.648192
0.2953961 -0.4356417 0.9953039
0.02996576 -0.8496709 1.575567
9
0.22356 -0.004219859 1.708176
0.1275368 0.003373015 1.656467
0.308546 -0.01044393 1.685445
0.2347128 -0.1485544 1.334032
0.211035 -0.4595651 1.706801
0.2462229 -0.4627682 1.148872
0.1593714 -0.8518245 1.648192
0.2953961 -0.4356417 0.9953039
0.02996576 -0.8496709 1.575567
9
0.22356 -0.004219859 1.708176
0.1275368 0.003373015 1.656467
0.308546 -0.01044393 1.685445
0.2347128 -0.1485544 1.334032
0.211035 -0.4595651 1.706801
0.2462229 -0.4627682 1.148872
0.1593714 -0.8518245 1.648192
0.2953961 -0.4356417 0.9953039
0.02996576 -0.8496709 1.575567
9
0.2243371 -0.000337542 1.709403
0.1263509 0.005307605 1.657428
0.3133688 -0.003507696 1.686823
0.258629 -0.06928468 1.29923
0.2364017 -0.4585307 1.692904
0.3472783 -0.2548983 0.99634
0.1771912 -0.8133609 1.685495
0.3567654 -0.2916065 0.8579689
0.05449647 -0.8270051 1.600771
9
0.2243371 -0.000337542 1.709403
0.1263509 0.005307605 1.657428
0.3133688 -0.003507696 1.686823
0.258629 -0.06928468 1.29923
0.2364017 -0.4585307 1.692904
0.3472783 -0.2548983 0.99634
0.1771912 -0.8133609 1.685495
0.3567654 -0.2916065 0.8579689
0.05449647 -0.8270051 1.600771
9
0.2288925 0.0007551835 1.710209
0.128885 0.003713883 1.658075
0.3209067 0.00114708 1.687628
0.2661155 -0.0194756 1.300201
0.2390199 -0.4421347 1.685677
0.4047701 -0.08811001 0.9243382
0.1847749 -0.8014467 1.675177
0.4174805 -0.1950684 0.8583984
0.1213379 -0.855957 1.576172
9
0.2288925 0.0007551835 1.710209
0.128885 0.003713883 1.658075
0.3209067 0.00114708 1.687628
0.2661155 -0.0194756 1.300201
0.2390199 -0.4421347 1.685677
0.4047701 -0.08811001 0.9243382
0.1847749 -0.8014467 1.675177
0.4174805 -0.1950684 0.8583984
0.1213379 -0.855957 1.576172
9
0.2288925 0.0007551835 1.710209
0.128885 0.003713883 1.658075
0.3209067 0.00114708 1.687628
0.2661155 -0.0194756 1.300201
0.2390199 -0.4421347 1.685677
0.4047701 -0.08811001 0.9243382
0.1847749 -0.8014467 1.675177
0.4174805 -0.1950684 0.8583984
0.1213379 -0.855957 1.576172
9
0.2288925 0.0007551835 1.710209
0.128885 0.003713883 1.658075
0.3209067 0.00114708 1.687628
0.2661155 -0.0194756 1.300201
0.2390199 -0.4421347 1.685677
0.4047701 -0.08811001 0.9243382
0.1847749 -0.8014467 1.675177
0.4174805 -0.1950684 0.8583984
0.1213379 -0.855957 1.576172
9
0.2077726 -0.04659561 1.732097
0.119656 -0.02855802 1.682439
0.2878246 -0.05876971 1.703437
0.2770272 -0.004344945 1.311647
0.2529945 -0.4198274 1.673375
0.4232091 -0.1284272 0.95276
0.1846362 -0.791593 1.670513
0.448773 -0.07856775 0.8417571
0.1219017 -0.8557258 1.576519
9
0.2077726 -0.04659561 1.732097
0.119656 -0.02855802 1.682439
0.2878246 -0.05876971 1.703437
0.2770272 -0.004344945 1.311647
0.2529945 -0.4198274 1.673375
0.4232091 -0.1284272 0.95276
0.1846362 -0.791593 1.670513
0.448773 -0.07856775 0.8417571
0.1219017 -0.8557258 1.576519
9
0.2077726 -0.04659561 1.732097
0.119656 -0.02855802 1.682439
0.2878246 -0.05876971 1.703437
0.2770272 -0.004344945 1.311647
0.2529945 -0.4198274 1.673375
0.4232091 -0.1284272 0.95276
0.1846362 -0.791593 1.670513
0.448773 -0.07856775 0.8417571
0.1219017 -0.8557258 1.576519
9
0.2077726 -0.04659561 1.732097
0.119656 -0.02855802 1.682439
0.2878246 -0.05876971 1.703437
0.2770272 -0.004344945 1.311647
0.2529945 -0.4198274 1.673375
0.4232091 -0.1284272 0.95276
0.1846362 -0.791593 1.670513
0.448773 -0.07856775 0.8417571
0.1219017 -0.8557258 1.576519
9
0.2152022 -0.04148079 1.727293
0.1230868 -0.02996187 1.680937
0.3005114 -0.04317706 1.694678
0.2820745 -0.0007260086 1.313422
0.2548474 -0.4153802 1.668722
0.4433493 -0.0760034 0.9476204
0.1848381 -0.7832136 1.667017
0.4687884 -0.02525383 0.8387437
0.1261899 -0.8545971 1.574913
9
0.2152022 -0.04148079 1.727293
0.1230868 -0.02996187 1.680937
0.3005114 -0.04317706 1.694678
0.2820745 -0.0007260086 1.313422
0.2548474 -0.4153802 1.668722
0.4433493 -0.0760034 0.9476204
0.1848381 -0.7832136 1.667017
0.4687884 -0.02525383 0.8387437
0.1261899 -0.8545971 1.574913
9
0.2179735 -0.03930016 1.725928
0.1247305 -0.03043633 1.680461
0.3028993 -0.04027101 1.693563
0.2866012 0.004572507 1.31461
0.2578162 -0.406912 1.664754
0.4448326 -0.0737323 0.9481553
0.1845907 -0.782068 1.666734
0.4701489 -0.02120091 0.8404634
0.1246533 -0.8546993 1.57811
9
0.2179735 -0.03930016 1.725928
0.1247305 -0.03043633 1.680461
0.3028993 -0.04027101 1.693563
0.2866012 0.004572507 1.31461
0.2578162 -0.406912 1.664754
0.4448326 -0.0737323 0.9481553
0.1845907 -0.782068 1.666734
0.4701489 -0.02120091 0.8404634
0.1246533 -0.8546993 1.57811
9
0.2195135 -0.03840497 1.725318
0.126302 -0.03085087 1.680099
0.3038378 -0.03939719 1.693246
0.2877777 0.004352858 1.315453
0.2580695 -0.407057 1.664336
0.4460602 -0.07315852 0.9488575
0.1842171 -0.7822306 1.666483
0.4712023 -0.02070525 0.8410581
0.1232313 -0.8546638 1.577779
9
0.2195135 -0.03840497 1.725318
0.126302 -0.03085087 1.680099
0.3038378 -0.03939719 1.693246
0.2877777 0.004352858 1.315453
0.2580695 -0.407057 1.664336
0.4460602 -0.07315852 0.9488575
0.1842171 -0.7822306 1.666483
0.4712023 -0.02070525 0.8410581
0.1232313 -0.8546638 1.577779
9
0.219814 -0.03793527 1.72513
0.1265804 -0.03091827 1.679973
0.3039485 -0.03895308 1.693243
0.2885769 0.002556123 1.316763
0.2580708 -0.4075404 1.663914
0.4481669 -0.07624366 0.9509863
0.1846232 -0.7822417 1.665086
0.4731034 -0.02737136 0.8407746
0.1260914 -0.8547424 1.576654
9
0.2199756 -0.03813297 1.7267
0.127326 -0.03216176 1.682241
0.3035601 -0.0391699 1.695062
0.3160632 0.08167711 1.299737
0.2581529 -0.408152 1.663975
0.4491773 -0.09209087 0.9565127
0.1804513 -0.7867798 1.669209
0.4736913 -0.05784371 0.8388113
0.122593 -0.8548154 1.573511
9
0.2199756 -0.03813297 1.7267
0.127326 -0.03216176 1.682241
0.3035601 -0.0391699 1.695062
0.3160632 0.08167711 1.299737
0.2581529 -0.408152 1.663975
0.4491773 -0.09209087 0.9565127
0.1804513 -0.7867798 1.669209
0.4736913 -0.05784371 0.8388113
0.122593 -0.8548154 1.573511
9
0.2146675 -0.03857601 1.729538
0.1241454 -0.03247076 1.684349
0.2950906 -0.04118827 1.699238
0.3175261 0.04256854 1.273525
0.2565203 -0.4147384 1.665955
0.4560807 -0.1375348 0.9352556
0.1815428 -0.7860345 1.66809
0.4803013 -0.0873039 0.8247802
0.1192409 -0.855768 1.57292
9
0.2146675 -0.03857601 1.729538
0.1241454 -0.03247076 1.684349
0.2950906 -0.04118827 1.699238
0.3175261 0.04256854 1.273525
0.2565203 -0.4147384 1.665955
0.4560807 -0.1375348 0.9352556
0.1815428 -0.7860345 1.66809
0.4803013 -0.0873039 0.8247802
0.1192409 -0.855768 1.57292
