40
9
0.1940378 -0.02015501 1.664832
0.1070756 -0.01546048 1.626627
0.2721234 -0.02386035 1.627265
0.1005975 -0.4574054 1.623442
0.1767918 -0.4515536 1.659616
0.06973749 -0.77491 1.589184
0.1320254 -0.7947566 1.639616
0.08061978 -0.8056831 1.448041
0.05145735 -0.8476256 1.546834
9
0.1940378 -0.02015501 1.664832
0.1070756 -0.01546048 1.626627
0.2721234 -0.02386035 1.627265
0.1005975 -0.4574054 1.623442
0.1767918 -0.4515536 1.659616
0.06973749 -0.77491 1.589184
0.1320254 -0.7947566 1.639616
0.08061978 -0.8056831 1.448041
0.05145735 -0.8476256 1.546834
9
0.1933117 -0.02057275 1.664041
0.1063742 -0.0157368 1.626035
0.2714186 -0.02442667 1.626294
0.09838891 -0.4585078 1.613916
0.1772663 -0.4524605 1.658033
0.0530971 -0.7926346 1.559924
0.1415939 -0.7932264 1.64865
0.06402454 -0.8227942 1.419088
0.05092559 -0.8476797 1.546737
9
0.1933117 -0.02057275 1.664041
0.1063742 -0.0157368 1.626035
0.2714186 -0.02442667 1.626294
0.09838891 -0.4585078 1.613916
0.1772663 -0.4524605 1.658033
0.0530971 -0.7926346 1.559924
0.1415939 -0.7932264 1.64865
0.06402454 -0.8227942 1.419088
0.05092559 -0.8476797 1.546737
9
0.193167 -0.02073323 1.663793
0.1061445 -0.01588483 1.62577
0.271353 -0.0245927 1.62608
0.0890699 -0.4531126 1.584246
0.1912113 -0.4552062 1.657734
0.0659335 -0.7808484 1.574721
0.1434934 -0.792397 1.650731
0.0130332 -0.8492211 1.525616
0.05143134 -0.8475737 1.546959
9
0.193167 -0.02073323 1.663793
0.1061445 -0.01588483 1.62577
0.271353 -0.0245927 1.62608
0.0890699 -0.4531126 1.584246
0.1912113 -0.4552062 1.657734
0.0659335 -0.7808484 1.574721
0.1434934 -0.792397 1.650731
0.0130332 -0.8492211 1.525616
0.05143134 -0.8475737 1.546959
9
0.193167 -0.02073323 1.663793
0.1061445 -0.01588483 1.62577
0.271353 -0.0245927 1.62608
0.0890699 -0.4531126 1.584246
0.1912113 -0.4552062 1.657734
0.0659335 -0.7808484 1.574721
0.1434934 -0.792397 1.650731
0.0130332 -0.8492211 1.525616
0.05143134 -0.8475737 1.546959
9
0.193167 -0.02073323 1.663793
0.1061445 -0.01588483 1.62577
0.271353 -0.0245927 1.62608
0.0890699 -0.4531126 1.584246
0.1912113 -0.4552062 1.657734
0.0659335 -0.7808484 1.574721
0.1434934 -0.792397 1.650731
0.0130332 -0.8492211 1.525616
0.05143134 -0.8475737 1.546959
9
0.1930912 -0.02061318 1.66315
0.1057396 -0.01553523 1.625235
0.2716317 -0.02471277 1.625169
0.08130616 -0.4048921 1.502588
0.1959805 -0.4574573 1.650368
0.05889462 -0.7531523 1.528265
0.1443085 -0.7931769 1.649635
0.06767196 -0.7835848 1.386979
0.05113477 -0.8468736 1.544891
9
0.1930912 -0.02061318 1.66315
0.1057396 -0.01553523 1.625235
0.2716317 -0.02471277 1.625169
0.08130616 -0.4048921 1.502588
0.1959805 -0.4574573 1.650368
0.05889462 -0.7531523 1.528265
0.1443085 -0.7931769 1.649635
0.06767196 -0.7835848 1.386979
0.05113477 -0.8468736 1.544891
9
0.1938792 -0.02056793 1.662196
0.1059702 -0.01531432 1.624672
0.2732461 -0.02500254 1.623741
0.07289129 -0.3814328 1.447981
0.218794 -0.4584234 1.661213
0.06031936 -0.7168387 1.47464
0.1479638 -0.7960802 1.650141
0.06762017 -0.747318 1.333089
0.05274068 -0.8474002 1.545649
9
0.1938792 -0.02056793 1.662196
0.1059702 -0.01531432 1.624672
0.2732461 -0.02500254 1.623741
0.07289129 -0.3814328 1.447981
0.218794 -0.4584234 1.661213
0.06031936 -0.7168387 1.47464
0.1479638 -0.7960802 1.650141
0.06762017 -0.747318 1.333089
0.05274068 -0.8474002 1.545649
9
0.1956757 -0.02016751 1.661304
0.1069029 -0.01492385 1.623929
0.2759641 -0.02462477 1.622839
0.07301863 -0.3561994 1.412716
0.222221 -0.4580857 1.661431
0.06049115 -0.6762504 1.397517
0.1541252 -0.7980841 1.64646
0.06823711 -0.7066708 1.255944
0.05296133 -0.8475584 1.545655
9
0.1956757 -0.02016751 1.661304
0.1069029 -0.01492385 1.623929
0.2759641 -0.02462477 1.622839
0.07301863 -0.3561994 1.412716
0.222221 -0.4580857 1.661431
0.06049115 -0.6762504 1.397517
0.1541252 -0.7980841 1.64646
0.06823711 -0.7066708 1.255944
0.05296133 -0.8475584 1.545655
9
0.1981791 -0.01835485 1.659913
0.1082885 -0.01357696 1.62305
0.2795409 -0.02239467 1.620967
0.07387495 -0.3137155 1.370229
0.2260981 -0.4526326 1.659088
0.05417019 -0.62374 1.315616
0.1608959 -0.7944297 1.648403
0.04592465 -0.6826155 1.215417
0.06056923 -0.845854 1.548129
9
0.1981791 -0.01835485 1.659913
0.1082885 -0.01357696 1.62305
0.2795409 -0.02239467 1.620967
0.07387495 -0.3137155 1.370229
0.2260981 -0.4526326 1.659088
0.05417019 -0.62374 1.315616
0.1608959 -0.7944297 1.648403
0.04592465 -0.6826155 1.215417
0.06056923 -0.845854 1.548129
9
0.1987214 -0.01661435 1.658689
0.1080724 -0.01156919 1.621816
0.2807277 -0.02083976 1.619718
0.07605191 -0.2786248 1.332333
0.2265102 -0.4528277 1.657894
0.04641398 -0.564374 1.21712
0.1622763 -0.7933768 1.647855
0.04766275 -0.6162215 1.10914
0.1931342 -0.8426598 1.546345
9
0.1987214 -0.01661435 1.658689
0.1080724 -0.01156919 1.621816
0.2807277 -0.02083976 1.619718
0.07605191 -0.2786248 1.332333
0.2265102 -0.4528277 1.657894
0.04641398 -0.564374 1.21712
0.1622763 -0.7933768 1.647855
0.04766275 -0.6162215 1.10914
0.1931342 -0.8426598 1.546345
9
0.1987214 -0.01661435 1.658689
0.1080724 -0.01156919 1.621816
0.2807277 -0.02083976 1.619718
0.07605191 -0.2786248 1.332333
0.2265102 -0.4528277 1.657894
0.04641398 -0.564374 1.21712
0.1622763 -0.7933768 1.647855
0.04766275 -0.6162215 1.10914
0.1931342 -0.8426598 1.546345
9
0.1987214 -0.01661435 1.658689
0.1080724 -0.01156919 1.621816
0.2807277 -0.02083976 1.619718
0.07605191 -0.2786248 1.332333
0.2265102 -0.4528277 1.657894
0.04641398 -0.564374 1.21712
0.1622763 -0.7933768 1.647855
0.04766275 -0.6162215 1.10914
0.1931342 -0.8426598 1.546345
9
0.1987214 -0.01661435 1.658689
0.1080724 -0.01156919 1.621816
0.2807277 -0.02083976 1.619718
0.07605191 -0.2786248 1.332333
0.2265102 -0.4528277 1.657894
0.04641398 -0.564374 1.21712
0.1622763 -0.7933768 1.647855
0.04766275 -0.6162215 1.10914
0.1931342 -0.8426598 1.546345
9
0.1987214 -0.01661435 1.658689
0.1080724 -0.01156919 1.621816
0.2807277 -0.02083976 1.619718
0.07605191 -0.2786248 1.332333
0.2265102 -0.4528277 1.657894
0.04641398 -0.564374 1.21712
0.1622763 -0.7933768 1.647855
0.04766275 -0.6162215 1.10914
0.1931342 -0.8426598 1.546345
9
0.2017931 -0.01409468 1.654828
0.1094142 -0.008875197 1.616808
0.2854767 -0.01840702 1.616786
0.07482103 -0.1656615 1.222564
0.2349434 -0.4238926 1.635857
0.01143111 -0.3572836 0.9860954
0.1908956 -0.7894833 1.691536
0.03775024 -0.4372559 0.8857422
0.1000971 -0.8366786 1.574783
9
0.2017931 -0.01409468 1.654828
0.1094142 -0.008875197 1.616808
0.2854767 -0.01840702 1.616786
0.07482103 -0.1656615 1.222564
0.2349434 -0.4238926 1.635857
0.01143111 -0.3572836 0.9860954
0.1908956 -0.7894833 1.691536
0.03775024 -0.4372559 0.8857422
0.1000971 -0.8366786 1.574783
9
0.2017931 -0.01409468 1.654828
0.1094142 -0.008875197 1.616808
0.2854767 -0.01840702 1.616786
0.07482103 -0.1656615 1.222564
0.2349434 -0.4238926 1.635857
0.01143111 -0.3572836 0.9860954
0.1908956 -0.7894833 1.691536
0.03775024 -0.4372559 0.8857422
0.1000971 -0.8366786 1.574783
9
0.2144754 -0.01018705 1.648592
0.119655 -0.006491483 1.61214
0.2995141 -0.01318823 1.609352
0.07424983 -0.1112157 1.203267
0.2360975 -0.4236266 1.633781
0.01082879 -0.3033365 0.9671397
0.1717351 -0.800963 1.656986
0.0330023 -0.2860671 0.7979774
0.07635023 -0.8534245 1.55085
9
0.2432228 -0.01235109 1.634642
0.1554601 -0.01399232 1.595192
0.3210056 -0.01124739 1.598333
0.07204446 -0.06041925 1.174115
0.2384861 -0.4267347 1.626958
0.00858022 -0.2530484 0.9383258
0.1636152 -0.7981533 1.654205
0.03398573 -0.2091836 0.7736378
0.09005028 -0.8534355 1.551359
9
0.2432228 -0.01235109 1.634642
0.1554601 -0.01399232 1.595192
0.3210056 -0.01124739 1.598333
0.07204446 -0.06041925 1.174115
0.2384861 -0.4267347 1.626958
0.00858022 -0.2530484 0.9383258
0.1636152 -0.7981533 1.654205
0.03398573 -0.2091836 0.7736378
0.09005028 -0.8534355 1.551359
9
0.2491592 -0.01661057 1.636372
0.1618857 -0.02010419 1.596989
0.3255334 -0.0132798 1.600109
0.0701099 0.005858412 1.184927
0.2315221 -0.4351466 1.616407
0.006701509 -0.186987 0.9497309
0.1553904 -0.7904466 1.652448
0.03623644 -0.1490154 0.784488
0.07690196 -0.8545633 1.543455
9
0.2491592 -0.01661057 1.636372
0.1618857 -0.02010419 1.596989
0.3255334 -0.0132798 1.600109
0.0701099 0.005858412 1.184927
0.2315221 -0.4351466 1.616407
0.006701509 -0.186987 0.9497309
0.1553904 -0.7904466 1.652448
0.03623644 -0.1490154 0.784488
0.07690196 -0.8545633 1.543455
9
0.2491592 -0.01661057 1.636372
0.1618857 -0.02010419 1.596989
0.3255334 -0.0132798 1.600109
0.0701099 0.005858412 1.184927
0.2315221 -0.4351466 1.616407
0.006701509 -0.186987 0.9497309
0.1553904 -0.7904466 1.652448
0.03623644 -0.1490154 0.784488
0.07690196 -0.8545633 1.543455
9
0.2491592 -0.01661057 1.636372
0.1618857 -0.02010419 1.596989
0.3255334 -0.0132798 1.600109
0.0701099 0.005858412 1.184927
0.2315221 -0.4351466 1.616407
0.006701509 -0.186987 0.9497309
0.1553904 -0.7904466 1.652448
0.03623644 -0.1490154 0.784488
0.07690196 -0.8545633 1.543455
9
0.2491592 -0.01661057 1.636372
0.1618857 -0.02010419 1.596989
0.3255334 -0.0132798 1.600109
0.0701099 0.005858412 1.184927
0.2315221 -0.4351466 1.616407
0.006701509 -0.186987 0.9497309
0.1553904 -0.7904466 1.652448
0.03623644 -0.1490154 0.784488
0.07690196 -0.8545633 1.543455
9
0.2491592 -0.01661057 1.636372
0.1618857 -0.02010419 1.596989
0.3255334 -0.0132798 1.600109
0.0701099 0.005858412 1.184927
0.2315221 -0.4351466 1.616407
0.006701509 -0.186987 0.9497309
0.1553904 -0.7904466 1.652448
0.03623644 -0.1490154 0.784488
0.07690196 -0.8545633 1.543455
9
0.2491592 -0.01661057 1.636372
0.1618857 -0.02010419 1.596989
0.3255334 -0.0132798 1.600109
0.0701099 0.005858412 1.184927
0.2315221 -0.4351466 1.616407
0.006701509 -0.186987 0.9497309
0.1553904 -0.7904466 1.652448
0.03623644 -0.1490154 0.784488
0.07690196 -0.8545633 1.543455
9
0.2491592 -0.01661057 1.636372
0.1618857 -0.02010419 1.596989
0.3255334 -0.0132798 1.600109
0.0701099 0.005858412 1.184927
0.2315221 -0.4351466 1.616407
0.006701509 -0.186987 0.9497309
0.1553904 -0.7904466 1.652448
0.03623644 -0.1490154 0.784488
0.07690196 -0.8545633 1.543455
9
0.2491592 -0.01661057 1.636372
0.1618857 -0.02010419 1.596989
0.3255334 -0.0132798 1.600109
0.0701099 0.005858412 1.184927
0.2315221 -0.4351466 1.616407
0.006701509 -0.186987 0.9497309
0.1553904 -0.7904466 1.652448
0.03623644 -0.1490154 0.784488
0.07690196 -0.8545633 1.543455
9
0.2491592 -0.01661057 1.636372
0.1618857 -0.02010419 1.596989
0.3255334 -0.0132798 1.600109
0.0701099 0.005858412 1.184927
0.2315221 -0.4351466 1.616407
0.006701509 -0.186987 0.9497309
0.1553904 -0.7904466 1.652448
0.03623644 -0.1490154 0.784488
0.07690196 -0.8545633 1.543455
9
0.2513302 -0.01598594 1.640176
0.1676123 -0.02033424 1.604523
0.325655 -0.01213279 1.601927
0.06768829 -0.04699337 1.184895
0.2192473 -0.4305242 1.600115
0.04482774 0.01192742 0.7770655
0.1486306 -0.8009617 1.652827
0.06732329 0.06295709 0.6575464
0.07874185 -0.8541744 1.546053
9
0.2513302 -0.01598594 1.640176
0.1676123 -0.02033424 1.604523
0.325655 -0.01213279 1.601927
0.06768829 -0.04699337 1.184895
0.2192473 -0.4305242 1.600115
0.04482774 0.01192742 0.7770655
0.1486306 -0.8009617 1.652827
0.06732329 0.06295709 0.6575464
0.07874185 -0.8541744 1.546053
