40
9
0.04102467 0.01244878 2.10605
-0.03868007 0.0227534 2.065852
0.1204939 0.002532735 2.070089
-0.1005867 -0.1561608 1.665716
0.06953064 -0.4102011 2.052178
-0.1445614 -0.4268659 1.440735
0.04241071 -0.7501401 2.080869
-0.1224141 -0.4174187 1.331666
0.05023148 -0.8130738 2.003189
9
0.03827265 0.01425263 2.104341
-0.04480535 0.02543689 2.062372
0.1196119 0.003403108 2.069636
-0.09587411 -0.1053734 1.632628
0.06836238 -0.4004945 2.044192
-0.15579 -0.3913913 1.343648
0.04024717 -0.749063 2.077701
-0.1543127 -0.3279627 1.253939
0.04993652 -0.8131105 2.002898
9
0.03827265 0.01425263 2.104341
-0.04480535 0.02543689 2.062372
0.1196119 0.003403108 2.069636
-0.09587411 -0.1053734 1.632628
0.06836238 -0.4004945 2.044192
-0.15579 -0.3913913 1.343648
0.04024717 -0.749063 2.077701
-0.1543127 -0.3279627 1.253939
0.04993652 -0.8131105 2.002898
9
0.006572828 0.01985119 2.115327
-0.08249829 0.03450811 2.075335
0.09444969 0.005316248 2.079892
-0.09480286 -0.05306694 1.601451
0.06900243 -0.3979832 2.040239
-0.1547937 -0.3395421 1.31268
0.0391918 -0.7522959 2.073863
-0.1532141 -0.2771815 1.222689
0.05120934 -0.8137838 1.998938
9
0.006572828 0.01985119 2.115327
-0.08249829 0.03450811 2.075335
0.09444969 0.005316248 2.079892
-0.09480286 -0.05306694 1.601451
0.06900243 -0.3979832 2.040239
-0.1547937 -0.3395421 1.31268
0.0391918 -0.7522959 2.073863
-0.1532141 -0.2771815 1.222689
0.05120934 -0.8137838 1.998938
9
0.05528953 0.02178309 2.067068
-0.03204289 0.02678403 2.020917
0.1405665 0.01599185 2.037966
-0.08106375 0.01049486 1.613219
0.07061377 -0.3889962 2.031355
-0.1411325 -0.2762339 1.32483
0.03964502 -0.754148 2.068442
-0.1491802 -0.1921433 1.220807
0.05122311 -0.8138587 1.999133
9
0.05528953 0.02178309 2.067068
-0.03204289 0.02678403 2.020917
0.1405665 0.01599185 2.037966
-0.08106375 0.01049486 1.613219
0.07061377 -0.3889962 2.031355
-0.1411325 -0.2762339 1.32483
0.03964502 -0.754148 2.068442
-0.1491802 -0.1921433 1.220807
0.05122311 -0.8138587 1.999133
9
0.09020989 -0.008032418 2.085088
0.009991954 -0.01758891 2.036075
0.1629689 0.003445346 2.055165
-0.07129329 0.04908973 1.617515
0.0712579 -0.387691 2.02909
-0.1183428 -0.185542 1.324234
0.03910033 -0.7555459 2.065009
-0.1263551 -0.1012709 1.222613
0.05123205 -0.8138195 1.999041
9
0.09020989 -0.008032418 2.085088
0.009991954 -0.01758891 2.036075
0.1629689 0.003445346 2.055165
-0.07129329 0.04908973 1.617515
0.0712579 -0.387691 2.02909
-0.1183428 -0.185542 1.324234
0.03910033 -0.7555459 2.065009
-0.1263551 -0.1012709 1.222613
0.05123205 -0.8138195 1.999041
9
0.0953278 -2.69115E-05 2.091028
0.01258378 -0.001566592 2.051198
0.1732009 0.007155088 2.058153
-0.05875443 0.1188028 1.694094
0.07118398 -0.3889127 2.02625
-0.1035213 -0.1268214 1.416284
0.0389261 -0.7559681 2.063287
-0.1209092 -0.06901529 1.294387
0.05092132 -0.813627 1.998041
9
0.0953278 -2.69115E-05 2.091028
0.01258378 -0.001566592 2.051198
0.1732009 0.007155088 2.058153
-0.05875443 0.1188028 1.694094
0.07118398 -0.3889127 2.02625
-0.1035213 -0.1268214 1.416284
0.0389261 -0.7559681 2.063287
-0.1209092 -0.06901529 1.294387
0.05092132 -0.813627 1.998041
9
0.0834465 0.001949099 2.087946
0.001058881 -0.0007964704 2.049171
0.1623665 0.007514522 2.052856
-0.04898562 0.1185601 1.687908
0.06990821 -0.3893825 2.02373
-0.0915187 -0.1348235 1.431329
0.03806574 -0.7561404 2.061364
-0.11182 -0.07523454 1.31113
0.05096285 -0.813736 1.997717
9
0.0834465 0.001949099 2.087946
0.001058881 -0.0007964704 2.049171
0.1623665 0.007514522 2.052856
-0.04898562 0.1185601 1.687908
0.06990821 -0.3893825 2.02373
-0.0915187 -0.1348235 1.431329
0.03806574 -0.7561404 2.061364
-0.11182 -0.07523454 1.31113
0.05096285 -0.813736 1.997717
9
0.0834465 0.001949099 2.087946
0.001058881 -0.0007964704 2.049171
0.1623665 0.007514522 2.052856
-0.04898562 0.1185601 1.687908
0.06990821 -0.3893825 2.02373
-0.0915187 -0.1348235 1.431329
0.03806574 -0.7561404 2.061364
-0.11182 -0.07523454 1.31113
0.05096285 -0.813736 1.997717
9
0.0834465 0.001949099 2.087946
0.001058881 -0.0007964704 2.049171
0.1623665 0.007514522 2.052856
-0.04898562 0.1185601 1.687908
0.06990821 -0.3893825 2.02373
-0.0915187 -0.1348235 1.431329
0.03806574 -0.7561404 2.061364
-0.11182 -0.07523454 1.31113
0.05096285 -0.813736 1.997717
9
0.0834465 0.001949099 2.087946
0.001058881 -0.0007964704 2.049171
0.1623665 0.007514522 2.052856
-0.04898562 0.1185601 1.687908
0.06990821 -0.3893825 2.02373
-0.0915187 -0.1348235 1.431329
0.03806574 -0.7561404 2.061364
-0.11182 -0.07523454 1.31113
0.05096285 -0.813736 1.997717
9
0.0834465 0.001949099 2.087946
0.001058881 -0.0007964704 2.049171
0.1623665 0.007514522 2.052856
-0.04898562 0.1185601 1.687908
0.06990821 -0.3893825 2.02373
-0.0915187 -0.1348235 1.431329
0.03806574 -0.7561404 2.061364
-0.11182 -0.07523454 1.31113
0.05096285 -0.813736 1.997717
9
0.08605531 0.003987694 2.088588
0.002328678 0.0002559065 2.04977
0.1665197 0.009690478 2.053006
0.003040211 0.1512212 1.697528
0.06689484 -0.3900577 2.020456
-0.09530488 -0.01204981 1.335072
0.03659364 -0.7567564 2.059184
-0.1293417 0.03981118 1.21674
0.0511667 -0.814163 1.998213
9
0.08605531 0.003987694 2.088588
0.002328678 0.0002559065 2.04977
0.1665197 0.009690478 2.053006
0.003040211 0.1512212 1.697528
0.06689484 -0.3900577 2.020456
-0.09530488 -0.01204981 1.335072
0.03659364 -0.7567564 2.059184
-0.1293417 0.03981118 1.21674
0.0511667 -0.814163 1.998213
9
0.08789238 0.005237022 2.088998
0.003183501 0.001075007 2.049969
0.1694872 0.01077302 2.053466
0.03250095 0.1592171 1.702435
0.06577772 -0.3907039 2.019416
-0.09383342 0.05517171 1.327342
0.03632111 -0.7565409 2.058091
-0.1353317 0.07529341 1.199851
0.05201902 -0.8143822 1.997001
9
0.08789238 0.005237022 2.088998
0.003183501 0.001075007 2.049969
0.1694872 0.01077302 2.053466
0.03250095 0.1592171 1.702435
0.06577772 -0.3907039 2.019416
-0.09383342 0.05517171 1.327342
0.03632111 -0.7565409 2.058091
-0.1353317 0.07529341 1.199851
0.05201902 -0.8143822 1.997001
9
0.0888768 0.005759377 2.088909
0.004045157 0.001643525 2.049805
0.1704988 0.01098407 2.053368
0.03964443 0.1560047 1.701086
0.06506316 -0.3920805 2.019442
-0.08840787 0.05397665 1.326025
0.03539777 -0.7564086 2.056565
-0.07887483 0.01731143 1.207074
0.05212998 -0.8144627 1.997005
9
0.0888768 0.005759377 2.088909
0.004045157 0.001643525 2.049805
0.1704988 0.01098407 2.053368
0.03964443 0.1560047 1.701086
0.06506316 -0.3920805 2.019442
-0.08840787 0.05397665 1.326025
0.03539777 -0.7564086 2.056565
-0.07887483 0.01731143 1.207074
0.05212998 -0.8144627 1.997005
9
0.09156882 0.007643487 2.089973
0.00683292 0.004310994 2.051513
0.1729429 0.01183628 2.05377
-0.06902567 0.09052548 1.673715
0.06521932 -0.3950727 2.019941
-0.1817694 -0.08532757 1.327247
0.0350223 -0.7564419 2.056676
-0.1701562 -0.1181782 1.208551
0.05217452 -0.8145951 1.996955
9
0.09156882 0.007643487 2.089973
0.00683292 0.004310994 2.051513
0.1729429 0.01183628 2.05377
-0.06902567 0.09052548 1.673715
0.06521932 -0.3950727 2.019941
-0.1817694 -0.08532757 1.327247
0.0350223 -0.7564419 2.056676
-0.1701562 -0.1181782 1.208551
0.05217452 -0.8145951 1.996955
9
0.09675107 0.009026444 2.092251
0.01090403 0.006764085 2.054098
0.1794687 0.01163409 2.055642
-0.09273016 0.04614489 1.634668
0.06519014 -0.3961732 2.021624
-0.1909523 -0.1088126 1.337902
0.034814 -0.756432 2.056464
-0.1794539 -0.1410626 1.219248
0.05189817 -0.8149543 1.995041
9
0.09675107 0.009026444 2.092251
0.01090403 0.006764085 2.054098
0.1794687 0.01163409 2.055642
-0.09273016 0.04614489 1.634668
0.06519014 -0.3961732 2.021624
-0.1909523 -0.1088126 1.337902
0.034814 -0.756432 2.056464
-0.1794539 -0.1410626 1.219248
0.05189817 -0.8149543 1.995041
9
0.09675107 0.009026444 2.092251
0.01090403 0.006764085 2.054098
0.1794687 0.01163409 2.055642
-0.09273016 0.04614489 1.634668
0.06519014 -0.3961732 2.021624
-0.1909523 -0.1088126 1.337902
0.034814 -0.756432 2.056464
-0.1794539 -0.1410626 1.219248
0.05189817 -0.8149543 1.995041
9
0.09675107 0.009026444 2.092251
0.01090403 0.006764085 2.054098
0.1794687 0.01163409 2.055642
-0.09273016 0.04614489 1.634668
0.06519014 -0.3961732 2.021624
-0.1909523 -0.1088126 1.337902
0.034814 -0.756432 2.056464
-0.1794539 -0.1410626 1.219248
0.05189817 -0.8149543 1.995041
9
0.1043919 0.006277396 2.098459
0.02072139 0.003953761 2.061801
0.1847732 0.008864992 2.060312
-0.07547692 -0.002677072 1.64741
0.06588285 -0.3933873 2.023665
-0.2030278 -0.2195606 1.412803
0.03551867 -0.7564031 2.05767
-0.1919924 -0.2492134 1.294439
0.05226643 -0.8152083 1.995355
9
0.1043919 0.006277396 2.098459
0.02072139 0.003953761 2.061801
0.1847732 0.008864992 2.060312
-0.07547692 -0.002677072 1.64741
0.06588285 -0.3933873 2.023665
-0.2030278 -0.2195606 1.412803
0.03551867 -0.7564031 2.05767
-0.1919924 -0.2492134 1.294439
0.05226643 -0.8152083 1.995355
9
0.1063457 0.00562854 2.100337
0.02302815 0.003305838 2.06428
0.186198 0.008175827 2.061555
-0.07579502 -0.002465395 1.646998
0.06638334 -0.3911197 2.02583
-0.1985641 -0.3277677 1.428655
0.03559201 -0.7563067 2.058019
-0.2103852 -0.3578432 1.29863
0.05358686 -0.8154051 1.995156
9
0.1063457 0.00562854 2.100337
0.02302815 0.003305838 2.06428
0.186198 0.008175827 2.061555
-0.07579502 -0.002465395 1.646998
0.06638334 -0.3911197 2.02583
-0.1985641 -0.3277677 1.428655
0.03559201 -0.7563067 2.058019
-0.2103852 -0.3578432 1.29863
0.05358686 -0.8154051 1.995156
9
0.01062635 0.0210356 2.095259
-0.07286467 0.02628452 2.058387
0.09373713 0.01503096 2.056867
-0.136674 -0.1909916 1.658697
0.06701592 -0.3883744 2.028083
-0.2070075 -0.419039 1.469264
0.03556197 -0.7559945 2.058723
-0.213259 -0.434578 1.334747
0.05351711 -0.8155085 1.99495
9
0.01062635 0.0210356 2.095259
-0.07286467 0.02628452 2.058387
0.09373713 0.01503096 2.056867
-0.136674 -0.1909916 1.658697
0.06701592 -0.3883744 2.028083
-0.2070075 -0.419039 1.469264
0.03556197 -0.7559945 2.058723
-0.213259 -0.434578 1.334747
0.05351711 -0.8155085 1.99495
9
0.01062635 0.0210356 2.095259
-0.07286467 0.02628452 2.058387
0.09373713 0.01503096 2.056867
-0.136674 -0.1909916 1.658697
0.06701592 -0.3883744 2.028083
-0.2070075 -0.419039 1.469264
0.03556197 -0.7559945 2.058723
-0.213259 -0.434578 1.334747
0.05351711 -0.8155085 1.99495
9
0.01062635 0.0210356 2.095259
-0.07286467 0.02628452 2.058387
0.09373713 0.01503096 2.056867
-0.136674 -0.1909916 1.658697
0.06701592 -0.3883744 2.028083
-0.2070075 -0.419039 1.469264
0.03556197 -0.7559945 2.058723
-0.213259 -0.434578 1.334747
0.05351711 -0.8155085 1.99495
9
0.01389787 0.01942413 2.095941
-0.06852041 0.02415358 2.059382
0.09598975 0.01391529 2.057294
-0.1314422 -0.2982872 1.735489
0.07091978 -0.3901172 2.03482
-0.2033234 -0.5732971 1.601639
0.0343884 -0.7557251 2.064422
-0.1934768 -0.5962827 1.484836
0.05320133 -0.8150343 1.996054
9
0.01389787 0.01942413 2.095941
-0.06852041 0.02415358 2.059382
0.09598975 0.01391529 2.057294
-0.1314422 -0.2982872 1.735489
0.07091978 -0.3901172 2.03482
-0.2033234 -0.5732971 1.601639
0.0343884 -0.7557251 2.064422
-0.1934768 -0.5962827 1.484836
0.05320133 -0.8150343 1.996054
9
0.01389787 0.01942413 2.095941
-0.06852041 0.02415358 2.059382
0.09598975 0.01391529 2.057294
-0.1314422 -0.2982872 1.735489
0.07091978 -0.3901172 2.03482
-0.2033234 -0.5732971 1.601639
0.0343884 -0.7557251 2.064422
-0.1934768 -0.5962827 1.484836
0.05320133 -0.8150343 1.996054
