40
9
0.1284799 -0.02592592 1.690907
0.04660457 -0.01761475 1.638055
0.2035847 -0.03293999 1.669134
0.02033697 -0.4735714 1.645139
0.1251503 -0.4788796 1.701093
-0.01292423 -0.7635161 1.604542
0.117099 -0.7859036 1.684941
-0.05711935 -0.8351884 1.529036
0.1847838 -0.8285865 1.600812
9
0.1284799 -0.02592592 1.690907
0.04660457 -0.01761475 1.638055
0.2035847 -0.03293999 1.669134
0.02033697 -0.4735714 1.645139
0.1251503 -0.4788796 1.701093
-0.01292423 -0.7635161 1.604542
0.117099 -0.7859036 1.684941
-0.05711935 -0.8351884 1.529036
0.1847838 -0.8285865 1.600812
9
0.1285243 -0.02611656 1.691058
0.04674178 -0.01796652 1.637908
0.2036457 -0.03309964 1.669648
0.0203752 -0.4739128 1.644956
0.1271921 -0.4775964 1.701864
-0.01284914 -0.7639065 1.604926
0.1173336 -0.7868937 1.68612
-0.05946719 -0.8347095 1.529308
0.1841353 -0.8293668 1.601062
9
0.1285243 -0.02611656 1.691058
0.04674178 -0.01796652 1.637908
0.2036457 -0.03309964 1.669648
0.0203752 -0.4739128 1.644956
0.1271921 -0.4775964 1.701864
-0.01284914 -0.7639065 1.604926
0.1173336 -0.7868937 1.68612
-0.05946719 -0.8347095 1.529308
0.1841353 -0.8293668 1.601062
9
0.1285243 -0.02611656 1.691058
0.04674178 -0.01796652 1.637908
0.2036457 -0.03309964 1.669648
0.0203752 -0.4739128 1.644956
0.1271921 -0.4775964 1.701864
-0.01284914 -0.7639065 1.604926
0.1173336 -0.7868937 1.68612
-0.05946719 -0.8347095 1.529308
0.1841353 -0.8293668 1.601062
9
0.1297222 -0.02614546 1.691368
0.0480206 -0.01799461 1.63754
0.2051713 -0.03313351 1.670628
0.02576182 -0.4719128 1.623769
0.1465968 -0.4617366 1.705884
-0.01217691 -0.7721429 1.605007
0.1174747 -0.7869075 1.685974
0.02473973 -0.8045915 1.472038
0.1835368 -0.8304827 1.599037
9
0.1297222 -0.02614546 1.691368
0.0480206 -0.01799461 1.63754
0.2051713 -0.03313351 1.670628
0.02576182 -0.4719128 1.623769
0.1465968 -0.4617366 1.705884
-0.01217691 -0.7721429 1.605007
0.1174747 -0.7869075 1.685974
0.02473973 -0.8045915 1.472038
0.1835368 -0.8304827 1.599037
9
0.1358132 -0.02615998 1.692439
0.05406824 -0.01782515 1.637123
0.211475 -0.03333602 1.672934
0.03637187 -0.4268976 1.581736
0.1498109 -0.4593689 1.703077
-0.0108418 -0.7694019 1.59921
0.1171776 -0.7850065 1.68576
-0.0343478 -0.8433133 1.531463
0.07043457 -0.8422852 1.561523
9
0.1358132 -0.02615998 1.692439
0.05406824 -0.01782515 1.637123
0.211475 -0.03333602 1.672934
0.03637187 -0.4268976 1.581736
0.1498109 -0.4593689 1.703077
-0.0108418 -0.7694019 1.59921
0.1171776 -0.7850065 1.68576
-0.0343478 -0.8433133 1.531463
0.07043457 -0.8422852 1.561523
9
0.1432707 -0.02428069 1.693031
0.06005069 -0.01636078 1.636627
0.2202132 -0.03105718 1.674493
0.05368957 -0.4178584 1.54549
0.1785612 -0.452041 1.705727
-0.01020667 -0.7576904 1.575394
0.1187088 -0.7866027 1.684432
0.02634109 -0.7893928 1.442018
0.07007049 -0.8423321 1.561805
9
0.1432707 -0.02428069 1.693031
0.06005069 -0.01636078 1.636627
0.2202132 -0.03105718 1.674493
0.05368957 -0.4178584 1.54549
0.1785612 -0.452041 1.705727
-0.01020667 -0.7576904 1.575394
0.1187088 -0.7866027 1.684432
0.02634109 -0.7893928 1.442018
0.07007049 -0.8423321 1.561805
9
0.1532169 -0.02180883 1.69378
0.06767194 -0.01537643 1.636799
0.2321267 -0.02691857 1.675616
0.06930473 -0.3975405 1.479174
0.1925182 -0.4542448 1.706627
-0.004592003 -0.7441472 1.530789
0.1226143 -0.7895032 1.679942
0.02974373 -0.7752406 1.396502
0.0543332 -0.8425913 1.554758
9
0.1532169 -0.02180883 1.69378
0.06767194 -0.01537643 1.636799
0.2321267 -0.02691857 1.675616
0.06930473 -0.3975405 1.479174
0.1925182 -0.4542448 1.706627
-0.004592003 -0.7441472 1.530789
0.1226143 -0.7895032 1.679942
0.02974373 -0.7752406 1.396502
0.0543332 -0.8425913 1.554758
9
0.1618666 -0.01941408 1.69387
0.07459254 -0.01403726 1.636121
0.2420359 -0.02357799 1.676435
0.1004501 -0.3477555 1.43547
0.209698 -0.461946 1.711899
0.022243 -0.7202674 1.481493
0.1468946 -0.7983544 1.671191
0.05381279 -0.7509159 1.346296
0.06118859 -0.8370758 1.547554
9
0.1618666 -0.01941408 1.69387
0.07459254 -0.01403726 1.636121
0.2420359 -0.02357799 1.676435
0.1004501 -0.3477555 1.43547
0.209698 -0.461946 1.711899
0.022243 -0.7202674 1.481493
0.1468946 -0.7983544 1.671191
0.05381279 -0.7509159 1.346296
0.06118859 -0.8370758 1.547554
9
0.1643466 -0.01676195 1.693013
0.07650445 -0.01198383 1.634885
0.2449471 -0.02047662 1.675911
0.1233645 -0.3114447 1.399479
0.2228645 -0.4665624 1.715133
0.06544937 -0.6751224 1.411256
0.2008786 -0.8199533 1.664814
0.09981431 -0.7056713 1.277123
0.1058425 -0.816074 1.534066
9
0.1643466 -0.01676195 1.693013
0.07650445 -0.01198383 1.634885
0.2449471 -0.02047662 1.675911
0.1233645 -0.3114447 1.399479
0.2228645 -0.4665624 1.715133
0.06544937 -0.6751224 1.411256
0.2008786 -0.8199533 1.664814
0.09981431 -0.7056713 1.277123
0.1058425 -0.816074 1.534066
9
0.1673221 -0.01333894 1.692914
0.07846104 -0.009053279 1.634871
0.2488346 -0.01684002 1.675589
0.1463983 -0.2819148 1.360479
0.2366588 -0.4661415 1.719247
0.1269196 -0.6176292 1.32342
0.2052737 -0.818448 1.666336
0.1377702 -0.6769946 1.226625
0.09428471 -0.8255581 1.555717
9
0.1673221 -0.01333894 1.692914
0.07846104 -0.009053279 1.634871
0.2488346 -0.01684002 1.675589
0.1463983 -0.2819148 1.360479
0.2366588 -0.4661415 1.719247
0.1269196 -0.6176292 1.32342
0.2052737 -0.818448 1.666336
0.1377702 -0.6769946 1.226625
0.09428471 -0.8255581 1.555717
9
0.1718804 -0.008032113 1.696672
0.08099297 -0.004397478 1.639251
0.2555439 -0.01097168 1.678619
0.1661591 -0.2277089 1.334339
0.2474232 -0.4535095 1.723687
0.1794438 -0.5646834 1.222728
0.2148969 -0.8037814 1.670781
0.20302 -0.60796 1.114711
0.09563112 -0.8263981 1.580317
9
0.1726418 -0.004266684 1.700536
0.07975739 -0.0001930421 1.644467
0.2578672 -0.007575017 1.681545
0.180444 -0.1690395 1.32089
0.2587326 -0.4341806 1.73056
0.2314753 -0.4818209 1.126178
0.2252904 -0.7840507 1.677545
0.2560436 -0.5115372 1.009678
0.1638184 -0.8491211 1.566406
9
0.1726418 -0.004266684 1.700536
0.07975739 -0.0001930421 1.644467
0.2578672 -0.007575017 1.681545
0.180444 -0.1690395 1.32089
0.2587326 -0.4341806 1.73056
0.2314753 -0.4818209 1.126178
0.2252904 -0.7840507 1.677545
0.2560436 -0.5115372 1.009678
0.1638184 -0.8491211 1.566406
9
0.1712811 -0.001805222 1.701344
0.07617383 0.002594985 1.645545
0.2579626 -0.005332675 1.682103
0.200497 -0.09743255 1.310491
0.166666 -0.4534421 1.698248
0.2488407 -0.3588346 1.103719
0.1345169 -0.8509441 1.643099
0.2894146 -0.3894821 0.9513947
0.211815 -0.8622391 1.559011
9
0.1712811 -0.001805222 1.701344
0.07617383 0.002594985 1.645545
0.2579626 -0.005332675 1.682103
0.200497 -0.09743255 1.310491
0.166666 -0.4534421 1.698248
0.2488407 -0.3588346 1.103719
0.1345169 -0.8509441 1.643099
0.2894146 -0.3894821 0.9513947
0.211815 -0.8622391 1.559011
9
0.1714596 8.672133E-05 1.701881
0.07566413 0.003312654 1.645851
0.2597285 -0.001651245 1.682852
0.2029746 -0.09192508 1.31049
0.1703666 -0.4506922 1.695918
0.2994295 -0.2898276 1.011238
0.1348485 -0.849631 1.642784
0.3174695 -0.3259155 0.8735711
0.2110597 -0.8638366 1.558691
9
0.1714596 8.672133E-05 1.701881
0.07566413 0.003312654 1.645851
0.2597285 -0.001651245 1.682852
0.2029746 -0.09192508 1.31049
0.1703666 -0.4506922 1.695918
0.2994295 -0.2898276 1.011238
0.1348485 -0.849631 1.642784
0.3174695 -0.3259155 0.8735711
0.2110597 -0.8638366 1.558691
9
0.1714596 8.672133E-05 1.701881
0.07566413 0.003312654 1.645851
0.2597285 -0.001651245 1.682852
0.2029746 -0.09192508 1.31049
0.1703666 -0.4506922 1.695918
0.2994295 -0.2898276 1.011238
0.1348485 -0.849631 1.642784
0.3174695 -0.3259155 0.8735711
0.2110597 -0.8638366 1.558691
9
0.1714596 8.672133E-05 1.701881
0.07566413 0.003312654 1.645851
0.2597285 -0.001651245 1.682852
0.2029746 -0.09192508 1.31049
0.1703666 -0.4506922 1.695918
0.2994295 -0.2898276 1.011238
0.1348485 -0.849631 1.642784
0.3174695 -0.3259155 0.8735711
0.2110597 -0.8638366 1.558691
9
0.1728914 0.001488388 1.700643
0.07602554 0.002733913 1.645409
0.2637748 0.004806554 1.679324
0.2109987 0.01336775 1.299339
0.1857996 -0.4364218 1.675337
0.3402728 -0.1112284 0.9501289
0.1246165 -0.802129 1.667033
0.3550659 -0.1529136 0.8117592
0.07452393 -0.8564453 1.574219
9
0.1491029 -0.04235115 1.723674
0.06227626 -0.03923566 1.674546
0.2292783 -0.04360424 1.6971
0.2125401 0.01566586 1.30627
0.1898645 -0.4282379 1.672855
0.3509607 -0.08363297 0.9381437
0.1236847 -0.7984098 1.666246
0.365182 -0.1273469 0.8003209
0.07668394 -0.8557891 1.575312
9
0.1491029 -0.04235115 1.723674
0.06227626 -0.03923566 1.674546
0.2292783 -0.04360424 1.6971
0.2125401 0.01566586 1.30627
0.1898645 -0.4282379 1.672855
0.3509607 -0.08363297 0.9381437
0.1236847 -0.7984098 1.666246
0.365182 -0.1273469 0.8003209
0.07668394 -0.8557891 1.575312
9
0.1511077 -0.04094274 1.722525
0.06397676 -0.0382589 1.673518
0.231526 -0.04176072 1.695822
0.2203565 0.01782757 1.312419
0.1923247 -0.4242364 1.669817
0.3538983 -0.03552375 0.9503934
0.1230261 -0.7860736 1.661219
0.3682292 -0.08086477 0.8124312
0.08185455 -0.8546495 1.57219
9
0.1511077 -0.04094274 1.722525
0.06397676 -0.0382589 1.673518
0.231526 -0.04176072 1.695822
0.2203565 0.01782757 1.312419
0.1923247 -0.4242364 1.669817
0.3538983 -0.03552375 0.9503934
0.1230261 -0.7860736 1.661219
0.3682292 -0.08086477 0.8124312
0.08185455 -0.8546495 1.57219
9
0.1558952 -0.04010162 1.721623
0.06763139 -0.03810477 1.672565
0.2374218 -0.04012131 1.695024
0.2245572 0.01627517 1.318905
0.1934999 -0.4234604 1.667816
0.3549949 -0.02192186 0.9487568
0.1230315 -0.7860983 1.660751
0.3693357 -0.06764138 0.8107648
0.08122621 -0.8546202 1.570562
9
0.1558952 -0.04010162 1.721623
0.06763139 -0.03810477 1.672565
0.2374218 -0.04012131 1.695024
0.2245572 0.01627517 1.318905
0.1934999 -0.4234604 1.667816
0.3549949 -0.02192186 0.9487568
0.1230315 -0.7860983 1.660751
0.3693357 -0.06764138 0.8107648
0.08122621 -0.8546202 1.570562
9
0.1558952 -0.04010162 1.721623
0.06763139 -0.03810477 1.672565
0.2374218 -0.04012131 1.695024
0.2245572 0.01627517 1.318905
0.1934999 -0.4234604 1.667816
0.3549949 -0.02192186 0.9487568
0.1230315 -0.7860983 1.660751
0.3693357 -0.06764138 0.8107648
0.08122621 -0.8546202 1.570562
9
0.1558952 -0.04010162 1.721623
0.06763139 -0.03810477 1.672565
0.2374218 -0.04012131 1.695024
0.2245572 0.01627517 1.318905
0.1934999 -0.4234604 1.667816
0.3549949 -0.02192186 0.9487568
0.1230315 -0.7860983 1.660751
0.3693357 -0.06764138 0.8107648
0.08122621 -0.8546202 1.570562
9
0.1590751 -0.03918365 1.721344
0.07053848 -0.03746023 1.671772
0.2407286 -0.03899655 1.695296
0.2262599 0.01723243 1.320186
0.1940942 -0.4226595 1.666791
0.3551513 -0.0193699 0.9466085
0.1227867 -0.7862654 1.660791
0.3697282 -0.06512159 0.8086709
0.08021186 -0.8546018 1.570386
9
0.1590751 -0.03918365 1.721344
0.07053848 -0.03746023 1.671772
0.2407286 -0.03899655 1.695296
0.2262599 0.01723243 1.320186
0.1940942 -0.4226595 1.666791
0.3551513 -0.0193699 0.9466085
0.1227867 -0.7862654 1.660791
0.3697282 -0.06512159 0.8086709
0.08021186 -0.8546018 1.570386
9
0.1586868 -0.03911054 1.721542
0.07025955 -0.03727311 1.671861
0.2401289 -0.03910393 1.695668
0.2263884 0.01736276 1.320303
0.1942884 -0.4224614 1.66662
0.3531932 -0.02514018 0.9471724
0.1218424 -0.7868625 1.661006
0.3679528 -0.07067604 0.8092591
0.07990631 -0.8552864 1.572392
