40
9
0.1085135 -0.2176775 2.023262
0.01781789 -0.2105244 1.989514
0.195651 -0.2170411 1.98217
-0.02202288 -0.4022006 1.575579
0.1641538 -0.631611 1.960344
-0.02350991 -0.6595199 1.428294
0.1425976 -0.9594352 1.999183
-0.04577805 -0.6227004 1.297938
0.1318628 -1.037312 1.926649
9
0.1085135 -0.2176775 2.023262
0.01781789 -0.2105244 1.989514
0.195651 -0.2170411 1.98217
-0.02202288 -0.4022006 1.575579
0.1641538 -0.631611 1.960344
-0.02350991 -0.6595199 1.428294
0.1425976 -0.9594352 1.999183
-0.04577805 -0.6227004 1.297938
0.1318628 -1.037312 1.926649
9
0.1085135 -0.2176775 2.023262
0.01781789 -0.2105244 1.989514
0.195651 -0.2170411 1.98217
-0.02202288 -0.4022006 1.575579
0.1641538 -0.631611 1.960344
-0.02350991 -0.6595199 1.428294
0.1425976 -0.9594352 1.999183
-0.04577805 -0.6227004 1.297938
0.1318628 -1.037312 1.926649
9
0.1141965 -0.216477 2.014493
0.02247901 -0.2091379 1.978726
0.2018308 -0.2159065 1.975236
-0.02169059 -0.3387324 1.520263
0.1638519 -0.6297929 1.959363
-0.06749493 -0.5414538 1.305016
0.140141 -0.9574413 1.994912
-0.05527248 -0.528866 1.169738
0.1344096 -1.038669 1.930555
9
0.1141965 -0.216477 2.014493
0.02247901 -0.2091379 1.978726
0.2018308 -0.2159065 1.975236
-0.02169059 -0.3387324 1.520263
0.1638519 -0.6297929 1.959363
-0.06749493 -0.5414538 1.305016
0.140141 -0.9574413 1.994912
-0.05527248 -0.528866 1.169738
0.1344096 -1.038669 1.930555
9
0.1167709 -0.2149738 2.011784
0.0239134 -0.2074373 1.978018
0.2061071 -0.2148722 1.969212
-0.01633224 -0.2494607 1.499287
0.1661237 -0.6139908 1.954424
-0.06221564 -0.452934 1.284245
0.1387964 -0.9547083 1.986712
-0.05380249 -0.418457 1.128906
0.1355139 -0.9805706 1.841193
9
0.1167709 -0.2149738 2.011784
0.0239134 -0.2074373 1.978018
0.2061071 -0.2148722 1.969212
-0.01633224 -0.2494607 1.499287
0.1661237 -0.6139908 1.954424
-0.06221564 -0.452934 1.284245
0.1387964 -0.9547083 1.986712
-0.05380249 -0.418457 1.128906
0.1355139 -0.9805706 1.841193
9
0.1406701 -0.2192939 1.99465
0.05411098 -0.2148703 1.958109
0.2223613 -0.2161652 1.956449
-0.00658058 -0.1744938 1.490831
0.1683712 -0.6022429 1.947994
-0.05254765 -0.3785422 1.276037
0.1366017 -0.943319 1.976667
-0.0541602 -0.3113048 1.115174
0.1332295 -0.9688463 1.83095
9
0.1406701 -0.2192939 1.99465
0.05411098 -0.2148703 1.958109
0.2223613 -0.2161652 1.956449
-0.00658058 -0.1744938 1.490831
0.1683712 -0.6022429 1.947994
-0.05254765 -0.3785422 1.276037
0.1366017 -0.943319 1.976667
-0.0541602 -0.3113048 1.115174
0.1332295 -0.9688463 1.83095
9
0.1541848 -0.224391 1.98554
0.07038928 -0.2256705 1.947964
0.2332031 -0.2163054 1.948182
0.02766026 -0.1066693 1.527161
0.1762003 -0.5627648 1.929798
-0.01845839 -0.3110252 1.312714
0.1382098 -0.9452592 1.973895
-0.03642703 -0.2243697 1.164853
0.1353891 -0.9706059 1.828166
9
0.1541848 -0.224391 1.98554
0.07038928 -0.2256705 1.947964
0.2332031 -0.2163054 1.948182
0.02766026 -0.1066693 1.527161
0.1762003 -0.5627648 1.929798
-0.01845839 -0.3110252 1.312714
0.1382098 -0.9452592 1.973895
-0.03642703 -0.2243697 1.164853
0.1353891 -0.9706059 1.828166
9
0.1565435 -0.2259448 1.983057
0.07206291 -0.2282522 1.945944
0.235984 -0.2163133 1.945256
0.02491181 -0.112389 1.526463
0.175101 -0.5643845 1.927582
-0.02119337 -0.316712 1.311991
0.1392549 -0.9477189 1.968707
-0.02741303 -0.2082813 1.181314
0.1371866 -0.9729718 1.823001
9
0.1565435 -0.2259448 1.983057
0.07206291 -0.2282522 1.945944
0.235984 -0.2163133 1.945256
0.02491181 -0.112389 1.526463
0.175101 -0.5643845 1.927582
-0.02119337 -0.316712 1.311991
0.1392549 -0.9477189 1.968707
-0.02741303 -0.2082813 1.181314
0.1371866 -0.9729718 1.823001
9
0.1744622 -0.2248539 1.977432
0.08767158 -0.2273251 1.938291
0.2549907 -0.2143758 1.94211
0.05472291 -0.09456852 1.526239
0.1733295 -0.5613629 1.922893
0.008472358 -0.2990038 1.311863
0.1393262 -0.9465714 1.963423
0.006160998 -0.1880352 1.184093
0.137611 -0.9717842 1.81772
9
0.1744622 -0.2248539 1.977432
0.08767158 -0.2273251 1.938291
0.2549907 -0.2143758 1.94211
0.05472291 -0.09456852 1.526239
0.1733295 -0.5613629 1.922893
0.008472358 -0.2990038 1.311863
0.1393262 -0.9465714 1.963423
0.006160998 -0.1880352 1.184093
0.137611 -0.9717842 1.81772
9
0.1810269 -0.2256062 1.975449
0.09361611 -0.227992 1.934955
0.2619837 -0.2150358 1.941475
0.05650675 -0.09452149 1.526045
0.17219 -0.5592738 1.916789
0.01024751 -0.2989577 1.311671
0.1400176 -0.9444449 1.955901
0.007299879 -0.1880447 1.183854
0.138574 -0.9696583 1.810219
9
0.1810269 -0.2256062 1.975449
0.09361611 -0.227992 1.934955
0.2619837 -0.2150358 1.941475
0.05650675 -0.09452149 1.526045
0.17219 -0.5592738 1.916789
0.01024751 -0.2989577 1.311671
0.1400176 -0.9444449 1.955901
0.007299879 -0.1880447 1.183854
0.138574 -0.9696583 1.810219
9
0.1865385 -0.2247519 1.97191
0.09816267 -0.2273003 1.928462
0.2687735 -0.2138188 1.940211
0.05502084 -0.09360881 1.524644
0.1716734 -0.5540134 1.909888
0.008767265 -0.2980563 1.310271
0.1411276 -0.9394985 1.95081
0.005151785 -0.1873752 1.182232
0.1396258 -0.9648002 1.805132
9
0.1865385 -0.2247519 1.97191
0.09816267 -0.2273003 1.928462
0.2687735 -0.2138188 1.940211
0.05502084 -0.09360881 1.524644
0.1716734 -0.5540134 1.909888
0.008767265 -0.2980563 1.310271
0.1411276 -0.9394985 1.95081
0.005151785 -0.1873752 1.182232
0.1396258 -0.9648002 1.805132
9
0.1883266 -0.2228302 1.970055
0.09973662 -0.2241811 1.923388
0.2705359 -0.2125146 1.940282
0.05187375 -0.08980893 1.522288
0.1726374 -0.5524121 1.904738
0.005632653 -0.2942887 1.307924
0.1419891 -0.9377947 1.946385
0.001655393 -0.1838369 1.179721
0.1564769 -1.017223 1.881103
9
0.1883266 -0.2228302 1.970055
0.09973662 -0.2241811 1.923388
0.2705359 -0.2125146 1.940282
0.05187375 -0.08980893 1.522288
0.1726374 -0.5524121 1.904738
0.005632653 -0.2942887 1.307924
0.1419891 -0.9377947 1.946385
0.001655393 -0.1838369 1.179721
0.1564769 -1.017223 1.881103
9
0.1877931 -0.2229258 1.969084
0.09896208 -0.2238618 1.921762
0.2701111 -0.2128992 1.940002
0.05089545 -0.08929888 1.520791
0.1727756 -0.5530593 1.902849
0.004657493 -0.2937878 1.306426
0.1420844 -0.9382849 1.945458
0.000506456 -0.1834185 1.178145
0.1425716 -0.9636993 1.799872
9
0.1877931 -0.2229258 1.969084
0.09896208 -0.2238618 1.921762
0.2701111 -0.2128992 1.940002
0.05089545 -0.08929888 1.520791
0.1727756 -0.5530593 1.902849
0.004657493 -0.2937878 1.306426
0.1420844 -0.9382849 1.945458
0.000506456 -0.1834185 1.178145
0.1425716 -0.9636993 1.799872
9
0.1878923 -0.2230518 1.969063
0.09907225 -0.2238815 1.921706
0.2701769 -0.2133967 1.940256
0.05236104 -0.0911315 1.520481
0.1728071 -0.5533313 1.902359
0.006115836 -0.2956108 1.306109
0.1422273 -0.938554 1.945023
0.001802663 -0.1852566 1.177773
0.1437957 -0.964038 1.799502
9
0.1878923 -0.2230518 1.969063
0.09907225 -0.2238815 1.921706
0.2701769 -0.2133967 1.940256
0.05236104 -0.0911315 1.520481
0.1728071 -0.5533313 1.902359
0.006115836 -0.2956108 1.306109
0.1422273 -0.938554 1.945023
0.001802663 -0.1852566 1.177773
0.1437957 -0.964038 1.799502
9
0.1879332 -0.2235034 1.969277
0.09910974 -0.2241106 1.922179
0.2701539 -0.2144236 1.940475
0.05342828 -0.09235436 1.521175
0.1728288 -0.5536909 1.902336
0.007178718 -0.2968236 1.306801
0.1422475 -0.9389048 1.945037
0.002748766 -0.1864751 1.178439
0.1490352 -0.9645155 1.799871
9
0.1879332 -0.2235034 1.969277
0.09910974 -0.2241106 1.922179
0.2701539 -0.2144236 1.940475
0.05342828 -0.09235436 1.521175
0.1728288 -0.5536909 1.902336
0.007178718 -0.2968236 1.306801
0.1422475 -0.9389048 1.945037
0.002748766 -0.1864751 1.178439
0.1490352 -0.9645155 1.799871
9
0.187006 -0.2241833 1.970025
0.09806923 -0.2247545 1.923731
0.2690686 -0.2152632 1.940956
0.0529802 -0.09332903 1.521989
0.1722393 -0.5547348 1.90381
-0.006855623 -0.1930443 1.155241
0.1419153 -0.9400989 1.945596
-0.04490335 -0.07294232 1.051442
0.1461761 -0.9656653 1.800246
9
0.187006 -0.2241833 1.970025
0.09806923 -0.2247545 1.923731
0.2690686 -0.2152632 1.940956
0.0529802 -0.09332903 1.521989
0.1722393 -0.5547348 1.90381
-0.006855623 -0.1930443 1.155241
0.1419153 -0.9400989 1.945596
-0.04490335 -0.07294232 1.051442
0.1461761 -0.9656653 1.800246
9
0.187006 -0.2241833 1.970025
0.09806923 -0.2247545 1.923731
0.2690686 -0.2152632 1.940956
0.0529802 -0.09332903 1.521989
0.1722393 -0.5547348 1.90381
-0.006855623 -0.1930443 1.155241
0.1419153 -0.9400989 1.945596
-0.04490335 -0.07294232 1.051442
0.1461761 -0.9656653 1.800246
9
0.187006 -0.2241833 1.970025
0.09806923 -0.2247545 1.923731
0.2690686 -0.2152632 1.940956
0.0529802 -0.09332903 1.521989
0.1722393 -0.5547348 1.90381
-0.006855623 -0.1930443 1.155241
0.1419153 -0.9400989 1.945596
-0.04490335 -0.07294232 1.051442
0.1461761 -0.9656653 1.800246
9
0.186037 -0.2309459 1.983401
0.09816451 -0.2323008 1.943143
0.2672889 -0.2212115 1.950354
0.02745157 -0.1008347 1.516539
0.1731291 -0.5557024 1.909064
-0.008964249 -0.2616441 1.265995
0.1385682 -0.9407179 1.950892
-0.06113092 -0.2131469 1.109228
0.1424782 -0.966073 1.805415
9
0.186037 -0.2309459 1.983401
0.09816451 -0.2323008 1.943143
0.2672889 -0.2212115 1.950354
0.02745157 -0.1008347 1.516539
0.1731291 -0.5557024 1.909064
-0.008964249 -0.2616441 1.265995
0.1385682 -0.9407179 1.950892
-0.06113092 -0.2131469 1.109228
0.1424782 -0.966073 1.805415
9
0.1526661 -0.2254823 1.998061
0.06024882 -0.2193347 1.963944
0.2381037 -0.221843 1.959225
-0.004042851 -0.1605465 1.47622
0.1730531 -0.5622489 1.916867
-0.02733368 -0.3172106 1.22138
0.1366166 -0.9475684 1.955152
-0.09375 -0.3027344 1.083984
0.14053 -0.9727889 1.809678
9
0.1526661 -0.2254823 1.998061
0.06024882 -0.2193347 1.963944
0.2381037 -0.221843 1.959225
-0.004042851 -0.1605465 1.47622
0.1730531 -0.5622489 1.916867
-0.02733368 -0.3172106 1.22138
0.1366166 -0.9475684 1.955152
-0.09375 -0.3027344 1.083984
0.14053 -0.9727889 1.809678
9
0.1526661 -0.2254823 1.998061
0.06024882 -0.2193347 1.963944
0.2381037 -0.221843 1.959225
-0.004042851 -0.1605465 1.47622
0.1730531 -0.5622489 1.916867
-0.02733368 -0.3172106 1.22138
0.1366166 -0.9475684 1.955152
-0.09375 -0.3027344 1.083984
0.14053 -0.9727889 1.809678
9
0.1526661 -0.2254823 1.998061
0.06024882 -0.2193347 1.963944
0.2381037 -0.221843 1.959225
-0.004042851 -0.1605465 1.47622
0.1730531 -0.5622489 1.916867
-0.02733368 -0.3172106 1.22138
0.1366166 -0.9475684 1.955152
-0.09375 -0.3027344 1.083984
0.14053 -0.9727889 1.809678
9
0.1418624 -0.2167893 2.003843
0.04786151 -0.2031226 1.971058
0.2299638 -0.21954 1.963008
-0.03108094 -0.2695783 1.506007
0.1751996 -0.5611962 1.934371
-0.07780983 -0.4144833 1.231895
0.1370609 -0.9420211 1.964061
-0.06963853 -0.4440058 1.084659
0.1407464 -0.9673972 1.818517
9
0.1418624 -0.2167893 2.003843
0.04786151 -0.2031226 1.971058
0.2299638 -0.21954 1.963008
-0.03108094 -0.2695783 1.506007
0.1751996 -0.5611962 1.934371
-0.07780983 -0.4144833 1.231895
0.1370609 -0.9420211 1.964061
-0.06963853 -0.4440058 1.084659
0.1407464 -0.9673972 1.818517
9
0.1418624 -0.2167893 2.003843
0.04786151 -0.2031226 1.971058
0.2299638 -0.21954 1.963008
-0.03108094 -0.2695783 1.506007
0.1751996 -0.5611962 1.934371
-0.07780983 -0.4144833 1.231895
0.1370609 -0.9420211 1.964061
-0.06963853 -0.4440058 1.084659
0.1407464 -0.9673972 1.818517
