40
9
0.04497596 0.004373511 2.069276
-0.03276898 0.00330932 2.026429
0.1213488 0.006707621 2.035641
-0.08946009 -0.2990792 1.729687
0.08751417 -0.4193179 2.024328
-0.1439052 -0.6369209 1.687491
0.04233908 -0.7555078 2.076771
-0.1764673 -0.6996232 1.593212
0.04814335 -0.8143563 2.011094
9
0.04603106 0.005885676 2.067764
-0.03212013 0.006536308 2.025714
0.1229833 0.006641807 2.033238
-0.09106634 -0.2721808 1.689538
0.0857871 -0.4192693 2.021977
-0.1410763 -0.5707915 1.61059
0.04054878 -0.754971 2.074584
-0.1194365 -0.5943546 1.4963
0.04914074 -0.8150124 2.007974
9
0.04603106 0.005885676 2.067764
-0.03212013 0.006536308 2.025714
0.1229833 0.006641807 2.033238
-0.09106634 -0.2721808 1.689538
0.0857871 -0.4192693 2.021977
-0.1410763 -0.5707915 1.61059
0.04054878 -0.754971 2.074584
-0.1194365 -0.5943546 1.4963
0.04914074 -0.8150124 2.007974
9
0.0446762 0.008462832 2.066419
-0.03540719 0.01144362 2.024692
0.122735 0.007337956 2.032202
-0.09256029 -0.2298916 1.644957
0.08149969 -0.416603 2.017016
-0.1449886 -0.5005842 1.521085
0.03930216 -0.7531992 2.072981
-0.1375732 -0.5292969 1.401367
0.04892342 -0.8147021 2.005968
9
0.0446762 0.008462832 2.066419
-0.03540719 0.01144362 2.024692
0.122735 0.007337956 2.032202
-0.09256029 -0.2298916 1.644957
0.08149969 -0.416603 2.017016
-0.1449886 -0.5005842 1.521085
0.03930216 -0.7531992 2.072981
-0.1375732 -0.5292969 1.401367
0.04892342 -0.8147021 2.005968
9
0.0421402 0.01081877 2.06404
-0.04046163 0.01551151 2.022151
0.1220563 0.007948175 2.030355
-0.09156092 -0.1813598 1.609962
0.07764173 -0.4136818 2.012169
-0.1598383 -0.4188723 1.432352
0.03733524 -0.7524124 2.07129
-0.1317139 -0.4372559 1.314453
0.04834386 -0.8147689 2.002127
9
0.0421402 0.01081877 2.06404
-0.04046163 0.01551151 2.022151
0.1220563 0.007948175 2.030355
-0.09156092 -0.1813598 1.609962
0.07764173 -0.4136818 2.012169
-0.1598383 -0.4188723 1.432352
0.03733524 -0.7524124 2.07129
-0.1317139 -0.4372559 1.314453
0.04834386 -0.8147689 2.002127
9
0.0402412 0.0124337 2.059646
-0.0437258 0.01746221 2.017689
0.1217454 0.008552175 2.026174
-0.08669566 -0.1278084 1.589609
0.07493617 -0.4045409 2.004802
-0.1409583 -0.3377471 1.374696
0.03298186 -0.7483965 2.066921
-0.1214209 -0.3644743 1.258675
0.04815388 -0.8144692 2.00133
9
0.0402412 0.0124337 2.059646
-0.0437258 0.01746221 2.017689
0.1217454 0.008552175 2.026174
-0.08669566 -0.1278084 1.589609
0.07493617 -0.4045409 2.004802
-0.1409583 -0.3377471 1.374696
0.03298186 -0.7483965 2.066921
-0.1214209 -0.3644743 1.258675
0.04815388 -0.8144692 2.00133
9
0.0402412 0.0124337 2.059646
-0.0437258 0.01746221 2.017689
0.1217454 0.008552175 2.026174
-0.08669566 -0.1278084 1.589609
0.07493617 -0.4045409 2.004802
-0.1409583 -0.3377471 1.374696
0.03298186 -0.7483965 2.066921
-0.1214209 -0.3644743 1.258675
0.04815388 -0.8144692 2.00133
9
0.02097735 0.01490938 2.056331
-0.06669184 0.02233746 2.016597
0.1070538 0.008065513 2.021192
-0.08529126 -0.07955898 1.567243
0.07386145 -0.3927744 1.996535
-0.1396033 -0.289874 1.352474
0.03171663 -0.7488195 2.064952
-0.1205436 -0.3176178 1.236094
0.04928801 -0.814885 1.999367
9
0.01835401 0.014813 2.05579
-0.06910647 0.02224094 2.016361
0.1045838 0.00772028 2.020259
-0.0788836 -0.0275179 1.558518
0.07418997 -0.3918199 1.993876
-0.1332588 -0.2381671 1.343947
0.03187347 -0.7497271 2.063126
-0.1151111 -0.267148 1.22714
0.04969576 -0.8150141 1.998714
9
0.01835401 0.014813 2.05579
-0.06910647 0.02224094 2.016361
0.1045838 0.00772028 2.020259
-0.0788836 -0.0275179 1.558518
0.07418997 -0.3918199 1.993876
-0.1332588 -0.2381671 1.343947
0.03187347 -0.7497271 2.063126
-0.1151111 -0.267148 1.22714
0.04969576 -0.8150141 1.998714
9
0.01671344 0.01506149 2.056337
-0.07165229 0.02279414 2.01757
0.1038043 0.007654116 2.020327
-0.07129235 0.0009361386 1.549469
0.0749983 -0.3898519 1.989844
-0.09617112 -0.1664542 1.294972
0.03206157 -0.7514835 2.059353
-0.1279909 -0.1489275 1.162645
0.05083812 -0.8149949 1.995462
9
0.01671344 0.01506149 2.056337
-0.07165229 0.02279414 2.01757
0.1038043 0.007654116 2.020327
-0.07129235 0.0009361386 1.549469
0.0749983 -0.3898519 1.989844
-0.09617112 -0.1664542 1.294972
0.03206157 -0.7514835 2.059353
-0.1279909 -0.1489275 1.162645
0.05083812 -0.8149949 1.995462
9
0.09773634 -0.01229717 2.033169
0.01663984 -0.02578082 1.98491
0.1751657 0.001631707 2.006262
-0.05923417 0.04674011 1.558228
0.07641862 -0.3817378 1.982834
-0.08864295 -0.1393071 1.31752
0.03155395 -0.7549318 2.054911
-0.1099581 -0.09882694 1.187986
0.05077887 -0.8149062 1.994127
9
0.09773634 -0.01229717 2.033169
0.01663984 -0.02578082 1.98491
0.1751657 0.001631707 2.006262
-0.05923417 0.04674011 1.558228
0.07641862 -0.3817378 1.982834
-0.08864295 -0.1393071 1.31752
0.03155395 -0.7549318 2.054911
-0.1099581 -0.09882694 1.187986
0.05077887 -0.8149062 1.994127
9
0.09368317 -0.01448286 2.033329
0.01077565 -0.03032581 1.984137
0.1724647 0.001032127 2.006987
-0.05610272 0.05210596 1.554264
0.07634962 -0.3802093 1.980425
-0.08043747 -0.1283246 1.30878
0.03063869 -0.7564293 2.052165
-0.09789287 -0.07107653 1.186827
0.05031986 -0.8145646 1.993297
9
0.09368317 -0.01448286 2.033329
0.01077565 -0.03032581 1.984137
0.1724647 0.001032127 2.006987
-0.05610272 0.05210596 1.554264
0.07634962 -0.3802093 1.980425
-0.08043747 -0.1283246 1.30878
0.03063869 -0.7564293 2.052165
-0.09789287 -0.07107653 1.186827
0.05031986 -0.8145646 1.993297
9
0.09368317 -0.01448286 2.033329
0.01077565 -0.03032581 1.984137
0.1724647 0.001032127 2.006987
-0.05610272 0.05210596 1.554264
0.07634962 -0.3802093 1.980425
-0.08043747 -0.1283246 1.30878
0.03063869 -0.7564293 2.052165
-0.09789287 -0.07107653 1.186827
0.05031986 -0.8145646 1.993297
9
0.09368317 -0.01448286 2.033329
0.01077565 -0.03032581 1.984137
0.1724647 0.001032127 2.006987
-0.05610272 0.05210596 1.554264
0.07634962 -0.3802093 1.980425
-0.08043747 -0.1283246 1.30878
0.03063869 -0.7564293 2.052165
-0.09789287 -0.07107653 1.186827
0.05031986 -0.8145646 1.993297
9
0.08990268 -0.01625511 2.0319
0.007376968 -0.03260895 1.982844
0.1687543 0.0001264891 2.005571
-0.044877 0.0995797 1.57312
0.07513067 -0.3778309 1.977028
-0.06775053 -0.08089063 1.327628
0.02963905 -0.7565624 2.048184
-0.08923723 -0.02819538 1.204521
0.04983844 -0.8144727 1.992228
9
0.08990268 -0.01625511 2.0319
0.007376968 -0.03260895 1.982844
0.1687543 0.0001264891 2.005571
-0.044877 0.0995797 1.57312
0.07513067 -0.3778309 1.977028
-0.06775053 -0.08089063 1.327628
0.02963905 -0.7565624 2.048184
-0.08923723 -0.02819538 1.204521
0.04983844 -0.8144727 1.992228
9
0.08247611 -0.0188972 2.032758
0.000419594 -0.03572107 1.983674
0.1613454 -0.001696842 2.006512
-0.04667012 0.06922229 1.541313
0.07377469 -0.3764368 1.975418
-0.06954975 -0.1112592 1.295704
0.02879537 -0.756097 2.046033
-0.09122233 -0.05192844 1.176352
0.04989702 -0.8144025 1.991278
9
0.08247611 -0.0188972 2.032758
0.000419594 -0.03572107 1.983674
0.1613454 -0.001696842 2.006512
-0.04667012 0.06922229 1.541313
0.07377469 -0.3764368 1.975418
-0.06954975 -0.1112592 1.295704
0.02879537 -0.756097 2.046033
-0.09122233 -0.05192844 1.176352
0.04989702 -0.8144025 1.991278
9
0.08247611 -0.0188972 2.032758
0.000419594 -0.03572107 1.983674
0.1613454 -0.001696842 2.006512
-0.04667012 0.06922229 1.541313
0.07377469 -0.3764368 1.975418
-0.06954975 -0.1112592 1.295704
0.02879537 -0.756097 2.046033
-0.09122233 -0.05192844 1.176352
0.04989702 -0.8144025 1.991278
9
0.08247611 -0.0188972 2.032758
0.000419594 -0.03572107 1.983674
0.1613454 -0.001696842 2.006512
-0.04667012 0.06922229 1.541313
0.07377469 -0.3764368 1.975418
-0.06954975 -0.1112592 1.295704
0.02879537 -0.756097 2.046033
-0.09122233 -0.05192844 1.176352
0.04989702 -0.8144025 1.991278
9
0.08247611 -0.0188972 2.032758
0.000419594 -0.03572107 1.983674
0.1613454 -0.001696842 2.006512
-0.04667012 0.06922229 1.541313
0.07377469 -0.3764368 1.975418
-0.06954975 -0.1112592 1.295704
0.02879537 -0.756097 2.046033
-0.09122233 -0.05192844 1.176352
0.04989702 -0.8144025 1.991278
9
0.08247611 -0.0188972 2.032758
0.000419594 -0.03572107 1.983674
0.1613454 -0.001696842 2.006512
-0.04667012 0.06922229 1.541313
0.07377469 -0.3764368 1.975418
-0.06954975 -0.1112592 1.295704
0.02879537 -0.756097 2.046033
-0.09122233 -0.05192844 1.176352
0.04989702 -0.8144025 1.991278
9
0.08247611 -0.0188972 2.032758
0.000419594 -0.03572107 1.983674
0.1613454 -0.001696842 2.006512
-0.04667012 0.06922229 1.541313
0.07377469 -0.3764368 1.975418
-0.06954975 -0.1112592 1.295704
0.02879537 -0.756097 2.046033
-0.09122233 -0.05192844 1.176352
0.04989702 -0.8144025 1.991278
9
0.08247611 -0.0188972 2.032758
0.000419594 -0.03572107 1.983674
0.1613454 -0.001696842 2.006512
-0.04667012 0.06922229 1.541313
0.07377469 -0.3764368 1.975418
-0.06954975 -0.1112592 1.295704
0.02879537 -0.756097 2.046033
-0.09122233 -0.05192844 1.176352
0.04989702 -0.8144025 1.991278
9
0.08247611 -0.0188972 2.032758
0.000419594 -0.03572107 1.983674
0.1613454 -0.001696842 2.006512
-0.04667012 0.06922229 1.541313
0.07377469 -0.3764368 1.975418
-0.06954975 -0.1112592 1.295704
0.02879537 -0.756097 2.046033
-0.09122233 -0.05192844 1.176352
0.04989702 -0.8144025 1.991278
9
0.08247611 -0.0188972 2.032758
0.000419594 -0.03572107 1.983674
0.1613454 -0.001696842 2.006512
-0.04667012 0.06922229 1.541313
0.07377469 -0.3764368 1.975418
-0.06954975 -0.1112592 1.295704
0.02879537 -0.756097 2.046033
-0.09122233 -0.05192844 1.176352
0.04989702 -0.8144025 1.991278
9
0.08247611 -0.0188972 2.032758
0.000419594 -0.03572107 1.983674
0.1613454 -0.001696842 2.006512
-0.04667012 0.06922229 1.541313
0.07377469 -0.3764368 1.975418
-0.06954975 -0.1112592 1.295704
0.02879537 -0.756097 2.046033
-0.09122233 -0.05192844 1.176352
0.04989702 -0.8144025 1.991278
9
0.08247611 -0.0188972 2.032758
0.000419594 -0.03572107 1.983674
0.1613454 -0.001696842 2.006512
-0.04667012 0.06922229 1.541313
0.07377469 -0.3764368 1.975418
-0.06954975 -0.1112592 1.295704
0.02879537 -0.756097 2.046033
-0.09122233 -0.05192844 1.176352
0.04989702 -0.8144025 1.991278
9
0.08196604 -0.01244623 2.029759
0.001519587 -0.021182 1.986723
0.1591579 0.001826375 1.996244
-0.09004293 -0.1120814 1.584756
0.07276801 -0.3820615 1.985306
-0.1644611 -0.3154798 1.369577
0.02792602 -0.7544895 2.047277
-0.1496263 -0.3423146 1.252447
0.04979878 -0.8145815 1.991621
9
0.08196604 -0.01244623 2.029759
0.001519587 -0.021182 1.986723
0.1591579 0.001826375 1.996244
-0.09004293 -0.1120814 1.584756
0.07276801 -0.3820615 1.985306
-0.1644611 -0.3154798 1.369577
0.02792602 -0.7544895 2.047277
-0.1496263 -0.3423146 1.252447
0.04979878 -0.8145815 1.991621
9
0.05979512 -0.001989543 2.054939
-0.0243131 -0.004071691 2.026874
0.1411826 0.003631851 2.011213
-0.09357851 -0.1589639 1.610029
0.07281977 -0.385261 1.99096
-0.1607566 -0.38837 1.404242
0.02766672 -0.7547487 2.04822
-0.1641513 -0.402923 1.269401
0.04980524 -0.8145751 1.991748
9
0.05979512 -0.001989543 2.054939
-0.0243131 -0.004071691 2.026874
0.1411826 0.003631851 2.011213
-0.09357851 -0.1589639 1.610029
0.07281977 -0.385261 1.99096
-0.1607566 -0.38837 1.404242
0.02766672 -0.7547487 2.04822
-0.1641513 -0.402923 1.269401
0.04980524 -0.8145751 1.991748
9
0.05979512 -0.001989543 2.054939
-0.0243131 -0.004071691 2.026874
0.1411826 0.003631851 2.011213
-0.09357851 -0.1589639 1.610029
0.07281977 -0.385261 1.99096
-0.1607566 -0.38837 1.404242
0.02766672 -0.7547487 2.04822
-0.1641513 -0.402923 1.269401
0.04980524 -0.8145751 1.991748
