40
9
0.2246757 -0.02803655 1.691535
0.1364802 -0.0208388 1.650821
0.3028237 -0.03441406 1.656843
0.120926 -0.4693139 1.612617
0.2408124 -0.493149 1.678011
0.07250676 -0.7775406 1.586265
0.1822854 -0.8069076 1.638186
0.08245574 -0.808243 1.447853
0.2281442 -0.8450833 1.539804
9
0.2258732 -0.02791739 1.690784
0.1375505 -0.02088762 1.650059
0.3041114 -0.03404377 1.656112
0.1140408 -0.4410585 1.565858
0.2427287 -0.4928858 1.677614
0.07588581 -0.776856 1.584549
0.1841189 -0.8071771 1.639246
0.04366007 -0.8459481 1.513083
0.2275598 -0.8455881 1.539313
9
0.2258732 -0.02791739 1.690784
0.1375505 -0.02088762 1.650059
0.3041114 -0.03404377 1.656112
0.1140408 -0.4410585 1.565858
0.2427287 -0.4928858 1.677614
0.07588581 -0.776856 1.584549
0.1841189 -0.8071771 1.639246
0.04366007 -0.8459481 1.513083
0.2275598 -0.8455881 1.539313
9
0.2276201 -0.02777818 1.689508
0.1389548 -0.02081628 1.648745
0.3061386 -0.03376116 1.654901
0.1127659 -0.4238914 1.528879
0.2477192 -0.4912999 1.676835
0.06674794 -0.7560608 1.536076
0.1850191 -0.8062375 1.639127
0.0761485 -0.7861655 1.397392
0.1029663 -0.8466797 1.530273
9
0.2276201 -0.02777818 1.689508
0.1389548 -0.02081628 1.648745
0.3061386 -0.03376116 1.654901
0.1127659 -0.4238914 1.528879
0.2477192 -0.4912999 1.676835
0.06674794 -0.7560608 1.536076
0.1850191 -0.8062375 1.639127
0.0761485 -0.7861655 1.397392
0.1029663 -0.8466797 1.530273
9
0.2293606 -0.02698689 1.687966
0.1402566 -0.02003233 1.647208
0.308273 -0.03293071 1.653364
0.1062835 -0.3837561 1.469425
0.2526227 -0.487014 1.675019
0.07722061 -0.7246377 1.491225
0.1882868 -0.8065808 1.635588
0.08612897 -0.7546597 1.352349
0.2280577 -0.8463924 1.534454
9
0.2293606 -0.02698689 1.687966
0.1402566 -0.02003233 1.647208
0.308273 -0.03293071 1.653364
0.1062835 -0.3837561 1.469425
0.2526227 -0.487014 1.675019
0.07722061 -0.7246377 1.491225
0.1882868 -0.8065808 1.635588
0.08612897 -0.7546597 1.352349
0.2280577 -0.8463924 1.534454
9
0.2329268 -0.02600437 1.685513
0.1431596 -0.01921936 1.64458
0.3123609 -0.03174182 1.651124
0.1099289 -0.3645172 1.430203
0.2606616 -0.4781784 1.67204
0.09143721 -0.6834978 1.418995
0.1990857 -0.801589 1.63269
0.09911841 -0.713314 1.279862
0.1169434 -0.8481445 1.53418
9
0.2329268 -0.02600437 1.685513
0.1431596 -0.01921936 1.64458
0.3123609 -0.03174182 1.651124
0.1099289 -0.3645172 1.430203
0.2606616 -0.4781784 1.67204
0.09143721 -0.6834978 1.418995
0.1990857 -0.801589 1.63269
0.09911841 -0.713314 1.279862
0.1169434 -0.8481445 1.53418
9
0.235377 -0.02406179 1.682467
0.1446865 -0.01741891 1.641584
0.3157071 -0.02966386 1.648003
0.1137232 -0.3380721 1.383643
0.272779 -0.4580833 1.664523
0.09789818 -0.6252245 1.339424
0.2137344 -0.7965897 1.625237
0.1037317 -0.655186 1.199873
0.1163033 -0.8477986 1.533488
9
0.235377 -0.02406179 1.682467
0.1446865 -0.01741891 1.641584
0.3157071 -0.02966386 1.648003
0.1137232 -0.3380721 1.383643
0.272779 -0.4580833 1.664523
0.09789818 -0.6252245 1.339424
0.2137344 -0.7965897 1.625237
0.1037317 -0.655186 1.199873
0.1163033 -0.8477986 1.533488
9
0.2371818 -0.02150901 1.679093
0.1455332 -0.01490538 1.637974
0.3183678 -0.0270993 1.644806
0.115154 -0.2820925 1.339053
0.2804332 -0.4483923 1.658215
0.1059379 -0.5675109 1.24742
0.2372196 -0.7660886 1.639043
0.09730834 -0.6176592 1.140559
0.237793 -0.8339844 1.524414
9
0.2371818 -0.02150901 1.679093
0.1455332 -0.01490538 1.637974
0.3183678 -0.0270993 1.644806
0.115154 -0.2820925 1.339053
0.2804332 -0.4483923 1.658215
0.1059379 -0.5675109 1.24742
0.2372196 -0.7660886 1.639043
0.09730834 -0.6176592 1.140559
0.237793 -0.8339844 1.524414
9
0.2401933 -0.01902651 1.675645
0.1472985 -0.01316243 1.634838
0.3226185 -0.0238736 1.641102
0.1227894 -0.2526787 1.295216
0.2852872 -0.4457544 1.654728
0.1006931 -0.5139688 1.136115
0.2473321 -0.7309945 1.635234
0.1142429 -0.5247089 1.009046
0.1516835 -0.8062964 1.564667
9
0.2401933 -0.01902651 1.675645
0.1472985 -0.01316243 1.634838
0.3226185 -0.0238736 1.641102
0.1227894 -0.2526787 1.295216
0.2852872 -0.4457544 1.654728
0.1006931 -0.5139688 1.136115
0.2473321 -0.7309945 1.635234
0.1142429 -0.5247089 1.009046
0.1516835 -0.8062964 1.564667
9
0.2408314 -0.01553929 1.67145
0.1468756 -0.0105052 1.62994
0.3241567 -0.01958863 1.637444
0.1253344 -0.2135892 1.248519
0.3009276 -0.3856499 1.63411
0.1064158 -0.4521411 1.064158
0.2567937 -0.6889529 1.633848
0.1119432 -0.4366297 0.8974268
0.1638031 -0.7653342 1.557341
9
0.2408314 -0.01553929 1.67145
0.1468756 -0.0105052 1.62994
0.3241567 -0.01958863 1.637444
0.1253344 -0.2135892 1.248519
0.3009276 -0.3856499 1.63411
0.1064158 -0.4521411 1.064158
0.2567937 -0.6889529 1.633848
0.1119432 -0.4366297 0.8974268
0.1638031 -0.7653342 1.557341
9
0.2434816 -0.01353603 1.670229
0.1483204 -0.009210493 1.629427
0.3280334 -0.01698991 1.635397
0.1292532 -0.1465378 1.231274
0.3073801 -0.3612555 1.620729
0.1103266 -0.3858905 1.047219
0.2357355 -0.7459614 1.599866
0.1161008 -0.3516449 0.8816339
0.1409595 -0.8225918 1.532525
9
0.2434816 -0.01353603 1.670229
0.1483204 -0.009210493 1.629427
0.3280334 -0.01698991 1.635397
0.1292532 -0.1465378 1.231274
0.3073801 -0.3612555 1.620729
0.1103266 -0.3858905 1.047219
0.2357355 -0.7459614 1.599866
0.1161008 -0.3516449 0.8816339
0.1409595 -0.8225918 1.532525
9
0.2410708 -0.009888597 1.670342
0.1422547 -0.002955677 1.631199
0.3275907 -0.01510137 1.634757
0.136575 -0.07553592 1.219765
0.3062752 -0.3593278 1.620885
0.1176395 -0.3156427 1.036137
0.2253159 -0.7416572 1.626351
0.1243762 -0.2594362 0.8763053
0.1725415 -0.8391765 1.541022
9
0.2410708 -0.009888597 1.670342
0.1422547 -0.002955677 1.631199
0.3275907 -0.01510137 1.634757
0.136575 -0.07553592 1.219765
0.3062752 -0.3593278 1.620885
0.1176395 -0.3156427 1.036137
0.2253159 -0.7416572 1.626351
0.1243762 -0.2594362 0.8763053
0.1725415 -0.8391765 1.541022
9
0.2125442 -0.004450279 1.686989
0.1052324 0.003720899 1.654204
0.309383 -0.01199755 1.64503
0.1445758 0.00851987 1.25011
0.3200849 -0.3560155 1.630224
0.1256872 -0.2320398 1.067141
0.2327197 -0.737345 1.629824
0.1261785 -0.1850867 0.904075
0.1748833 -0.8326414 1.544245
9
0.2125442 -0.004450279 1.686989
0.1052324 0.003720899 1.654204
0.309383 -0.01199755 1.64503
0.1445758 0.00851987 1.25011
0.3200849 -0.3560155 1.630224
0.1256872 -0.2320398 1.067141
0.2327197 -0.737345 1.629824
0.1261785 -0.1850867 0.904075
0.1748833 -0.8326414 1.544245
9
0.2125442 -0.004450279 1.686989
0.1052324 0.003720899 1.654204
0.309383 -0.01199755 1.64503
0.1445758 0.00851987 1.25011
0.3200849 -0.3560155 1.630224
0.1256872 -0.2320398 1.067141
0.2327197 -0.737345 1.629824
0.1261785 -0.1850867 0.904075
0.1748833 -0.8326414 1.544245
9
0.2125442 -0.004450279 1.686989
0.1052324 0.003720899 1.654204
0.309383 -0.01199755 1.64503
0.1445758 0.00851987 1.25011
0.3200849 -0.3560155 1.630224
0.1256872 -0.2320398 1.067141
0.2327197 -0.737345 1.629824
0.1261785 -0.1850867 0.904075
0.1748833 -0.8326414 1.544245
9
0.2111393 -0.005446233 1.686525
0.1049657 0.002378146 1.65304
0.3061625 -0.012981 1.645125
0.1441514 -0.00565911 1.243077
0.2419745 -0.4764658 1.629738
0.09790047 -0.05152823 0.8916708
0.2010107 -0.7929906 1.628478
0.1379254 -0.01559638 0.7339547
0.1415593 -0.8463949 1.536223
9
0.2111393 -0.005446233 1.686525
0.1049657 0.002378146 1.65304
0.3061625 -0.012981 1.645125
0.1441514 -0.00565911 1.243077
0.2419745 -0.4764658 1.629738
0.09790047 -0.05152823 0.8916708
0.2010107 -0.7929906 1.628478
0.1379254 -0.01559638 0.7339547
0.1415593 -0.8463949 1.536223
9
0.2103859 -0.006164516 1.684377
0.1061185 -2.762232E-05 1.649438
0.3039622 -0.01258928 1.643137
0.148367 -0.02912054 1.228008
0.2453096 -0.4535341 1.620113
0.1009268 -0.06171277 0.8842922
0.1970348 -0.7939726 1.627995
0.1416564 -0.04280848 0.7536238
0.1397587 -0.8468255 1.536206
9
0.2103859 -0.006164516 1.684377
0.1061185 -2.762232E-05 1.649438
0.3039622 -0.01258928 1.643137
0.148367 -0.02912054 1.228008
0.2453096 -0.4535341 1.620113
0.1009268 -0.06171277 0.8842922
0.1970348 -0.7939726 1.627995
0.1416564 -0.04280848 0.7536238
0.1397587 -0.8468255 1.536206
9
0.2103859 -0.006164516 1.684377
0.1061185 -2.762232E-05 1.649438
0.3039622 -0.01258928 1.643137
0.148367 -0.02912054 1.228008
0.2453096 -0.4535341 1.620113
0.1009268 -0.06171277 0.8842922
0.1970348 -0.7939726 1.627995
0.1416564 -0.04280848 0.7536238
0.1397587 -0.8468255 1.536206
9
0.2103859 -0.006164516 1.684377
0.1061185 -2.762232E-05 1.649438
0.3039622 -0.01258928 1.643137
0.148367 -0.02912054 1.228008
0.2453096 -0.4535341 1.620113
0.1009268 -0.06171277 0.8842922
0.1970348 -0.7939726 1.627995
0.1416564 -0.04280848 0.7536238
0.1397587 -0.8468255 1.536206
9
0.211816 -0.005834733 1.681174
0.1106502 -0.001105001 1.643488
0.3039539 -0.01144359 1.641534
0.1507575 -0.02981521 1.224455
0.2467547 -0.4408442 1.615164
0.1407133 0.06953859 0.8381898
0.1904404 -0.8001612 1.630822
0.1334574 0.02154924 0.6951791
0.139362 -0.8472634 1.536538
9
0.211816 -0.005834733 1.681174
0.1106502 -0.001105001 1.643488
0.3039539 -0.01144359 1.641534
0.1507575 -0.02981521 1.224455
0.2467547 -0.4408442 1.615164
0.1407133 0.06953859 0.8381898
0.1904404 -0.8001612 1.630822
0.1334574 0.02154924 0.6951791
0.139362 -0.8472634 1.536538
9
0.2118581 -0.005706685 1.679192
0.1112072 -0.0009614428 1.640695
0.3035955 -0.01119054 1.640645
0.1513193 -0.02877644 1.2227
0.2487288 -0.4333045 1.61336
0.1404386 0.07088087 0.8365254
0.1889577 -0.8001165 1.630631
0.1344087 0.02283883 0.693509
0.1393857 -0.8472866 1.536528
9
0.2118581 -0.005706685 1.679192
0.1112072 -0.0009614428 1.640695
0.3035955 -0.01119054 1.640645
0.1513193 -0.02877644 1.2227
0.2487288 -0.4333045 1.61336
0.1404386 0.07088087 0.8365254
0.1889577 -0.8001165 1.630631
0.1344087 0.02283883 0.693509
0.1393857 -0.8472866 1.536528
9
0.2115766 -0.006970985 1.679073
0.1110734 -0.002010038 1.640694
0.3030838 -0.01235736 1.64065
0.1511765 -0.02797396 1.225129
0.2486893 -0.434236 1.613639
0.1371559 0.05902206 0.8362265
0.187747 -0.8003267 1.631479
0.1303598 0.01148013 0.6931561
0.1466435 -0.8478137 1.533375
9
0.2115766 -0.006970985 1.679073
0.1110734 -0.002010038 1.640694
0.3030838 -0.01235736 1.64065
0.1511765 -0.02797396 1.225129
0.2486893 -0.434236 1.613639
0.1371559 0.05902206 0.8362265
0.187747 -0.8003267 1.631479
0.1303598 0.01148013 0.6931561
0.1466435 -0.8478137 1.533375
9
0.2099864 -0.009949723 1.68116
0.1088271 -0.004458773 1.643311
0.3019467 -0.01571414 1.642714
0.1471615 -0.02264618 1.236303
0.2462236 -0.4622594 1.623803
0.1336211 0.05783571 0.8460705
0.1859586 -0.7996743 1.636224
0.1425781 -0.01480103 0.7314453
0.1475223 -0.8464835 1.534907
9
0.2099864 -0.009949723 1.68116
0.1088271 -0.004458773 1.643311
0.3019467 -0.01571414 1.642714
0.1471615 -0.02264618 1.236303
0.2462236 -0.4622594 1.623803
0.1336211 0.05783571 0.8460705
0.1859586 -0.7996743 1.636224
0.1425781 -0.01480103 0.7314453
0.1475223 -0.8464835 1.534907
9
0.2099864 -0.009949723 1.68116
0.1088271 -0.004458773 1.643311
0.3019467 -0.01571414 1.642714
0.1471615 -0.02264618 1.236303
0.2462236 -0.4622594 1.623803
0.1336211 0.05783571 0.8460705
0.1859586 -0.7996743 1.636224
0.1425781 -0.01480103 0.7314453
0.1475223 -0.8464835 1.534907
