40
9
0.1574556 -0.02507103 1.649855
0.07004476 -0.01967364 1.61063
0.2376984 -0.0293047 1.61326
0.04419619 -0.4082721 1.498313
0.1760518 -0.4710183 1.650569
0.005430668 -0.7380714 1.484542
0.1269237 -0.805838 1.651046
0.01523824 -0.7679134 1.344276
0.05355776 -0.8500977 1.540416
9
0.1608202 -0.02432957 1.649952
0.07273343 -0.01890749 1.610301
0.2416748 -0.02863352 1.613924
0.04294871 -0.3779234 1.447065
0.184901 -0.4629293 1.652544
0.006263089 -0.7052145 1.441417
0.1266602 -0.8045122 1.650778
0.06268276 -0.8018137 1.455291
0.05458475 -0.8504121 1.541142
9
0.1647723 -0.02339303 1.650952
0.07597108 -0.01770976 1.610828
0.2461899 -0.02805764 1.615497
0.04618426 -0.3600864 1.414163
0.1882841 -0.4614754 1.653642
0.01137438 -0.6892388 1.40594
0.1276897 -0.8042569 1.650858
0.0668335 -0.7856445 1.413086
0.05358444 -0.8506471 1.541124
9
0.1647723 -0.02339303 1.650952
0.07597108 -0.01770976 1.610828
0.2461899 -0.02805764 1.615497
0.04618426 -0.3600864 1.414163
0.1882841 -0.4614754 1.653642
0.01137438 -0.6892388 1.40594
0.1276897 -0.8042569 1.650858
0.0668335 -0.7856445 1.413086
0.05358444 -0.8506471 1.541124
9
0.1675194 -0.02256653 1.651703
0.07816716 -0.01643551 1.611322
0.2494369 -0.02775825 1.616552
0.05067094 -0.3344333 1.372501
0.1911248 -0.4604105 1.654114
0.02063863 -0.6444133 1.342903
0.1301655 -0.8035005 1.648706
0.03060175 -0.6744371 1.20232
0.05382997 -0.8508022 1.540955
9
0.1675194 -0.02256653 1.651703
0.07816716 -0.01643551 1.611322
0.2494369 -0.02775825 1.616552
0.05067094 -0.3344333 1.372501
0.1911248 -0.4604105 1.654114
0.02063863 -0.6444133 1.342903
0.1301655 -0.8035005 1.648706
0.03060175 -0.6744371 1.20232
0.05382997 -0.8508022 1.540955
9
0.1691825 -0.02111693 1.651704
0.0790903 -0.01495694 1.611406
0.2519231 -0.02636722 1.616423
0.05454404 -0.300103 1.335142
0.1591254 -0.4136757 1.562047
0.02542322 -0.5938563 1.262948
0.1360987 -0.7999178 1.645479
0.02309377 -0.6532991 1.164177
0.06560186 -0.8496836 1.547029
9
0.1691825 -0.02111693 1.651704
0.0790903 -0.01495694 1.611406
0.2519231 -0.02636722 1.616423
0.05454404 -0.300103 1.335142
0.1591254 -0.4136757 1.562047
0.02542322 -0.5938563 1.262948
0.1360987 -0.7999178 1.645479
0.02309377 -0.6532991 1.164177
0.06560186 -0.8496836 1.547029
9
0.1723678 -0.01914237 1.652068
0.08098836 -0.01348233 1.611945
0.2563581 -0.02393796 1.616495
0.05512001 -0.2629532 1.29727
0.2066405 -0.4381683 1.639046
0.0209111 -0.5434688 1.164361
0.1399787 -0.8008547 1.643425
0.02921334 -0.5859652 1.050478
0.1900588 -0.8463473 1.552652
9
0.1723678 -0.01914237 1.652068
0.08098836 -0.01348233 1.611945
0.2563581 -0.02393796 1.616495
0.05512001 -0.2629532 1.29727
0.2066405 -0.4381683 1.639046
0.0209111 -0.5434688 1.164361
0.1399787 -0.8008547 1.643425
0.02921334 -0.5859652 1.050478
0.1900588 -0.8463473 1.552652
9
0.1755917 -0.01732703 1.651401
0.08282372 -0.01231684 1.611854
0.2609087 -0.02147415 1.615055
0.05921009 -0.2132325 1.269241
0.2072873 -0.4368882 1.638362
0.01053072 -0.4549395 1.087822
0.1468543 -0.7985939 1.64309
0.02571745 -0.479201 0.9631855
0.1936913 -0.848922 1.554934
9
0.1755917 -0.01732703 1.651401
0.08282372 -0.01231684 1.611854
0.2609087 -0.02147415 1.615055
0.05921009 -0.2132325 1.269241
0.2072873 -0.4368882 1.638362
0.01053072 -0.4549395 1.087822
0.1468543 -0.7985939 1.64309
0.02571745 -0.479201 0.9631855
0.1936913 -0.848922 1.554934
9
0.1793789 -0.01646426 1.650767
0.08529139 -0.01188237 1.611348
0.2656849 -0.02018058 1.614414
0.06076713 -0.1821743 1.223479
0.2090875 -0.4344514 1.636484
0.004425358 -0.3922697 1.007022
0.1604599 -0.7778553 1.63939
0.03089924 -0.3982673 0.8418806
0.2012044 -0.8364277 1.556534
9
0.1793789 -0.01646426 1.650767
0.08529139 -0.01188237 1.611348
0.2656849 -0.02018058 1.614414
0.06076713 -0.1821743 1.223479
0.2090875 -0.4344514 1.636484
0.004425358 -0.3922697 1.007022
0.1604599 -0.7778553 1.63939
0.03089924 -0.3982673 0.8418806
0.2012044 -0.8364277 1.556534
9
0.1926464 -0.01579481 1.648521
0.0981593 -0.01222132 1.610194
0.2783772 -0.01858293 1.611228
0.05727747 -0.1219374 1.195444
0.2153541 -0.4182714 1.627229
0.0008975664 -0.3327247 0.9792932
0.1529092 -0.7922769 1.640588
0.02568155 -0.3051693 0.8127382
0.0692749 -0.8530273 1.552734
9
0.1926464 -0.01579481 1.648521
0.0981593 -0.01222132 1.610194
0.2783772 -0.01858293 1.611228
0.05727747 -0.1219374 1.195444
0.2153541 -0.4182714 1.627229
0.0008975664 -0.3327247 0.9792932
0.1529092 -0.7922769 1.640588
0.02568155 -0.3051693 0.8127382
0.0692749 -0.8530273 1.552734
9
0.2280124 -0.02038688 1.639227
0.1414145 -0.02440793 1.600659
0.3058308 -0.01699975 1.602406
0.05788339 -0.05944436 1.169264
0.2168467 -0.4194051 1.624125
0.001447661 -0.2709019 0.953519
0.1434776 -0.7912326 1.642757
0.02538868 -0.220207 0.7916899
0.0780095 -0.852409 1.551085
9
0.2280124 -0.02038688 1.639227
0.1414145 -0.02440793 1.600659
0.3058308 -0.01699975 1.602406
0.05788339 -0.05944436 1.169264
0.2168467 -0.4194051 1.624125
0.001447661 -0.2709019 0.953519
0.1434776 -0.7912326 1.642757
0.02538868 -0.220207 0.7916899
0.0780095 -0.852409 1.551085
9
0.2307263 -0.0228708 1.639521
0.143937 -0.02761433 1.60113
0.3078086 -0.01814681 1.602556
0.05726428 0.0198737 1.177135
0.2121883 -0.4261973 1.617022
0.0008577062 -0.1920009 0.9620672
0.1307562 -0.7860585 1.646343
0.02697426 -0.149231 0.798439
0.0763153 -0.8530877 1.551214
9
0.2307263 -0.0228708 1.639521
0.143937 -0.02761433 1.60113
0.3078086 -0.01814681 1.602556
0.05726428 0.0198737 1.177135
0.2121883 -0.4261973 1.617022
0.0008577062 -0.1920009 0.9620672
0.1307562 -0.7860585 1.646343
0.02697426 -0.149231 0.798439
0.0763153 -0.8530877 1.551214
9
0.2438852 -0.0327852 1.642933
0.1594275 -0.04192163 1.606716
0.3174593 -0.02335777 1.604288
0.07929401 0.1004221 1.197429
0.2054602 -0.4296959 1.610827
0.02286295 -0.1116497 0.9830597
0.1107511 -0.8128534 1.65868
0.03346598 -0.07830766 0.8152196
0.07292746 -0.8543912 1.551625
9
0.2438852 -0.0327852 1.642933
0.1594275 -0.04192163 1.606716
0.3174593 -0.02335777 1.604288
0.07929401 0.1004221 1.197429
0.2054602 -0.4296959 1.610827
0.02286295 -0.1116497 0.9830597
0.1107511 -0.8128534 1.65868
0.03346598 -0.07830766 0.8152196
0.07292746 -0.8543912 1.551625
9
0.2549907 -0.02447308 1.64475
0.1677248 -0.03683551 1.609782
0.3316325 -0.0103635 1.604277
0.07903852 0.1003859 1.197359
0.2203431 -0.4081987 1.608052
0.02261274 -0.1116693 0.9830061
0.1302237 -0.7911269 1.663725
0.002891967 -0.08421274 0.8148645
0.06668408 -0.8559418 1.555455
9
0.2549907 -0.02447308 1.64475
0.1677248 -0.03683551 1.609782
0.3316325 -0.0103635 1.604277
0.07903852 0.1003859 1.197359
0.2203431 -0.4081987 1.608052
0.02261274 -0.1116693 0.9830061
0.1302237 -0.7911269 1.663725
0.002891967 -0.08421274 0.8148645
0.06668408 -0.8559418 1.555455
9
0.2425297 -0.01898112 1.646106
0.1581549 -0.02841985 1.612204
0.314257 -0.008219174 1.604667
0.05841941 0.09856568 1.193732
0.1970471 -0.4250332 1.593966
0.02201152 -0.01834639 0.8043661
0.1232711 -0.7918069 1.65154
0.04038352 0.04403715 0.6915048
0.06756417 -0.8549012 1.553621
9
0.2425297 -0.01898112 1.646106
0.1581549 -0.02841985 1.612204
0.314257 -0.008219174 1.604667
0.05841941 0.09856568 1.193732
0.1970471 -0.4250332 1.593966
0.02201152 -0.01834639 0.8043661
0.1232711 -0.7918069 1.65154
0.04038352 0.04403715 0.6915048
0.06756417 -0.8549012 1.553621
9
0.2331837 -0.004912076 1.647054
0.1489855 -0.008957067 1.622886
0.3043776 0.003046915 1.597696
0.05799439 0.1347652 1.195089
0.1948462 -0.4221344 1.589846
0.03020592 0.05610018 0.796193
0.1199965 -0.7945128 1.648692
0.06711283 0.1518902 0.6755134
0.07114531 -0.8547841 1.555603
9
0.2331837 -0.004912076 1.647054
0.1489855 -0.008957067 1.622886
0.3043776 0.003046915 1.597696
0.05799439 0.1347652 1.195089
0.1948462 -0.4221344 1.589846
0.03020592 0.05610018 0.796193
0.1199965 -0.7945128 1.648692
0.06711283 0.1518902 0.6755134
0.07114531 -0.8547841 1.555603
9
0.2249742 0.00564842 1.647264
0.1413583 0.0004880292 1.634232
0.2935466 0.01707404 1.583779
0.05523332 0.1395172 1.194533
0.1935896 -0.4190673 1.585942
0.0296346 0.0575908 0.7961373
0.1187382 -0.7963805 1.645684
0.06690168 0.1548776 0.6774735
0.07434586 -0.8546958 1.558871
9
0.2213669 0.01020039 1.647447
0.138665 0.004104631 1.637367
0.2911829 0.01976962 1.581676
0.05222553 0.149405 1.193556
0.1927936 -0.4156241 1.583181
0.02892066 0.05961471 0.7966815
0.1180335 -0.7976686 1.644736
0.05084229 0.1200562 0.6831055
0.07275349 -0.8550126 1.558644
9
0.2213669 0.01020039 1.647447
0.138665 0.004104631 1.637367
0.2911829 0.01976962 1.581676
0.05222553 0.149405 1.193556
0.1927936 -0.4156241 1.583181
0.02892066 0.05961471 0.7966815
0.1180335 -0.7976686 1.644736
0.05084229 0.1200562 0.6831055
0.07275349 -0.8550126 1.558644
9
0.2213035 0.01005132 1.647379
0.1386903 0.003697869 1.635957
0.2912732 0.01858138 1.582821
0.05203629 0.1480989 1.19369
0.1924594 -0.4143152 1.581938
0.02688657 0.05660431 0.7972955
0.1178504 -0.7975203 1.642726
0.04967321 0.115969 0.6814854
0.08543225 -0.8597071 1.555712
9
0.2213035 0.01005132 1.647379
0.1386903 0.003697869 1.635957
0.2912732 0.01858138 1.582821
0.05203629 0.1480989 1.19369
0.1924594 -0.4143152 1.581938
0.02688657 0.05660431 0.7972955
0.1178504 -0.7975203 1.642726
0.04967321 0.115969 0.6814854
0.08543225 -0.8597071 1.555712
9
0.2213035 0.01005132 1.647379
0.1386903 0.003697869 1.635957
0.2912732 0.01858138 1.582821
0.05203629 0.1480989 1.19369
0.1924594 -0.4143152 1.581938
0.02688657 0.05660431 0.7972955
0.1178504 -0.7975203 1.642726
0.04967321 0.115969 0.6814854
0.08543225 -0.8597071 1.555712
9
0.2213035 0.01005132 1.647379
0.1386903 0.003697869 1.635957
0.2912732 0.01858138 1.582821
0.05203629 0.1480989 1.19369
0.1924594 -0.4143152 1.581938
0.02688657 0.05660431 0.7972955
0.1178504 -0.7975203 1.642726
0.04967321 0.115969 0.6814854
0.08543225 -0.8597071 1.555712
9
0.2213035 0.01005132 1.647379
0.1386903 0.003697869 1.635957
0.2912732 0.01858138 1.582821
0.05203629 0.1480989 1.19369
0.1924594 -0.4143152 1.581938
0.02688657 0.05660431 0.7972955
0.1178504 -0.7975203 1.642726
0.04967321 0.115969 0.6814854
0.08543225 -0.8597071 1.555712
9
0.2339234 -0.03844308 1.632344
0.146967 -0.04362582 1.596946
0.3104251 -0.03296706 1.592038
0.08699177 0.09283783 1.241396
0.1922159 -0.4154799 1.583096
0.0214053 -0.03623185 0.8594576
0.1166657 -0.797825 1.643531
0.02479209 -0.08012985 0.7145652
0.0810277 -0.856105 1.553019
9
0.2339234 -0.03844308 1.632344
0.146967 -0.04362582 1.596946
0.3104251 -0.03296706 1.592038
0.08699177 0.09283783 1.241396
0.1922159 -0.4154799 1.583096
0.0214053 -0.03623185 0.8594576
0.1166657 -0.797825 1.643531
0.02479209 -0.08012985 0.7145652
0.0810277 -0.856105 1.553019
9
0.2296243 -0.032203 1.627704
0.1400156 -0.03392398 1.590169
0.3080119 -0.02896122 1.589097
0.03542345 -0.008345713 1.148855
0.1916053 -0.4437053 1.595351
-0.002762749 -0.09446228 0.7514923
0.11966 -0.790868 1.640433
0.04147639 -0.1786227 0.70472
0.08229741 -0.8521689 1.554702
9
0.2296243 -0.032203 1.627704
0.1400156 -0.03392398 1.590169
0.3080119 -0.02896122 1.589097
0.03542345 -0.008345713 1.148855
0.1916053 -0.4437053 1.595351
-0.002762749 -0.09446228 0.7514923
0.11966 -0.790868 1.640433
0.04147639 -0.1786227 0.70472
0.08229741 -0.8521689 1.554702
