40
9
0.00901082 0.01058395 2.109683
-0.07913485 0.0148506 2.078851
0.09616986 0.006750938 2.065622
-0.1059198 -0.04600557 1.613153
0.0694131 -0.3925383 2.016248
-0.1800429 -0.3266464 1.322255
0.03426635 -0.7531675 2.069142
-0.1907959 -0.251709 1.214844
0.0540487 -0.816715 1.997152
9
0.058786 -0.005060776 2.05434
-0.02146194 -0.01886399 2.01597
0.1368703 0.008925825 2.017483
-0.09907759 -0.004454601 1.607867
0.06991401 -0.3862785 2.009845
-0.1762647 -0.1416975 1.229699
0.03369164 -0.7549922 2.064194
-0.2107218 -0.0754523 1.121619
0.05303383 -0.8159158 1.99525
9
0.058786 -0.005060776 2.05434
-0.02146194 -0.01886399 2.01597
0.1368703 0.008925825 2.017483
-0.09907759 -0.004454601 1.607867
0.06991401 -0.3862785 2.009845
-0.1762647 -0.1416975 1.229699
0.03369164 -0.7549922 2.064194
-0.2107218 -0.0754523 1.121619
0.05303383 -0.8159158 1.99525
9
0.05715888 -0.009134537 2.055672
-0.02283474 -0.02614109 2.016594
0.135049 0.006935868 2.019351
-0.08436956 0.05728263 1.646539
0.0691231 -0.3880772 2.008579
-0.1612143 -0.08208361 1.269323
0.03365106 -0.7559572 2.060068
-0.1929309 -0.05309298 1.140388
0.05254055 -0.8159163 1.992836
9
0.05715888 -0.009134537 2.055672
-0.02283474 -0.02614109 2.016594
0.135049 0.006935868 2.019351
-0.08436956 0.05728263 1.646539
0.0691231 -0.3880772 2.008579
-0.1612143 -0.08208361 1.269323
0.03365106 -0.7559572 2.060068
-0.1929309 -0.05309298 1.140388
0.05254055 -0.8159163 1.992836
9
0.05706419 -0.010829 2.05571
-0.02296268 -0.02884245 2.015821
0.1349807 0.006158397 2.019883
-0.09307621 0.07445975 1.617533
0.06892758 -0.3886365 2.005894
-0.1700011 -0.05995696 1.238561
0.03381565 -0.7570659 2.056998
-0.1816406 -0.001361847 1.139648
0.05230987 -0.815689 1.991673
9
0.05706419 -0.010829 2.05571
-0.02296268 -0.02884245 2.015821
0.1349807 0.006158397 2.019883
-0.09307621 0.07445975 1.617533
0.06892758 -0.3886365 2.005894
-0.1700011 -0.05995696 1.238561
0.03381565 -0.7570659 2.056998
-0.1816406 -0.001361847 1.139648
0.05230987 -0.815689 1.991673
9
0.06013823 -0.01386687 2.05658
-0.01994041 -0.03248411 2.015734
0.138087 0.004111368 2.021827
-0.06495982 0.1304719 1.672129
0.06802722 -0.3903007 2.003823
-0.1414754 -0.005525812 1.29389
0.03329282 -0.7563537 2.053583
-0.171965 0.006973786 1.161182
0.05223173 -0.8151833 1.991143
9
0.06013823 -0.01386687 2.05658
-0.01994041 -0.03248411 2.015734
0.138087 0.004111368 2.021827
-0.06495982 0.1304719 1.672129
0.06802722 -0.3903007 2.003823
-0.1414754 -0.005525812 1.29389
0.03329282 -0.7563537 2.053583
-0.171965 0.006973786 1.161182
0.05223173 -0.8151833 1.991143
9
0.06383315 -0.01507255 2.056477
-0.01668581 -0.03448007 2.014938
0.1423751 0.004018134 2.02256
-0.06510341 0.1310783 1.673146
0.06764489 -0.3897743 2.00221
-0.1416169 -0.004917402 1.294908
0.03318127 -0.7559729 2.051757
-0.1712955 0.02881579 1.167108
0.05252864 -0.8150283 1.990406
9
0.06383315 -0.01507255 2.056477
-0.01668581 -0.03448007 2.014938
0.1423751 0.004018134 2.02256
-0.06510341 0.1310783 1.673146
0.06764489 -0.3897743 2.00221
-0.1416169 -0.004917402 1.294908
0.03318127 -0.7559729 2.051757
-0.1712955 0.02881579 1.167108
0.05252864 -0.8150283 1.990406
9
0.06510735 -0.01572067 2.05612
-0.01536206 -0.03514617 2.014449
0.1434011 0.003587781 2.022382
-0.06479089 0.1313217 1.673277
0.0668788 -0.3905401 2.000921
-0.1413045 -0.004673806 1.295041
0.03228997 -0.7562664 2.049739
-0.1735379 0.0136813 1.16393
0.05264443 -0.8148872 1.990035
9
0.06510735 -0.01572067 2.05612
-0.01536206 -0.03514617 2.014449
0.1434011 0.003587781 2.022382
-0.06479089 0.1313217 1.673277
0.0668788 -0.3905401 2.000921
-0.1413045 -0.004673806 1.295041
0.03228997 -0.7562664 2.049739
-0.1735379 0.0136813 1.16393
0.05264443 -0.8148872 1.990035
9
0.06093244 -0.01609755 2.055694
-0.01929164 -0.03499168 2.013997
0.1389746 0.002852853 2.022026
-0.07612611 0.1327659 1.674756
0.06622654 -0.3912273 2.000358
-0.1526224 -0.003225972 1.296501
0.03196384 -0.7563403 2.049043
-0.1751404 0.01168278 1.161771
0.05274944 -0.8148897 1.989998
9
0.06093244 -0.01609755 2.055694
-0.01929164 -0.03499168 2.013997
0.1389746 0.002852853 2.022026
-0.07612611 0.1327659 1.674756
0.06622654 -0.3912273 2.000358
-0.1526224 -0.003225972 1.296501
0.03196384 -0.7563403 2.049043
-0.1751404 0.01168278 1.161771
0.05274944 -0.8148897 1.989998
9
0.0597845 -0.01656568 2.055936
-0.02029577 -0.03541083 2.014304
0.1377135 0.002437858 2.022216
-0.06938676 0.07172675 1.648707
0.06481093 -0.3864304 1.999666
-0.1459349 -0.06428003 1.270306
0.03154217 -0.7559734 2.048939
-0.1732669 -0.01294223 1.149301
0.0524381 -0.8148471 1.98964
9
0.0597845 -0.01656568 2.055936
-0.02029577 -0.03541083 2.014304
0.1377135 0.002437858 2.022216
-0.06938676 0.07172675 1.648707
0.06481093 -0.3864304 1.999666
-0.1459349 -0.06428003 1.270306
0.03154217 -0.7559734 2.048939
-0.1732669 -0.01294223 1.149301
0.0524381 -0.8148471 1.98964
9
0.05941063 -0.0167918 2.056066
-0.02061318 -0.03575069 2.014673
0.1372163 0.002320413 2.022166
-0.08728588 0.04226722 1.627507
0.0649311 -0.3871433 1.999953
-0.1677473 -0.09187675 1.249099
0.0310832 -0.7560653 2.04864
-0.1981229 -0.03662978 1.131646
0.05253654 -0.8149596 1.989619
9
0.05941063 -0.0167918 2.056066
-0.02061318 -0.03575069 2.014673
0.1372163 0.002320413 2.022166
-0.08728588 0.04226722 1.627507
0.0649311 -0.3871433 1.999953
-0.1677473 -0.09187675 1.249099
0.0310832 -0.7560653 2.04864
-0.1981229 -0.03662978 1.131646
0.05253654 -0.8149596 1.989619
9
0.05553388 -0.0176509 2.058558
-0.02382757 -0.03665221 2.017756
0.1326983 0.001653474 2.024137
-0.09845113 -0.006294829 1.603419
0.06584431 -0.3859306 2.000318
-0.1837285 -0.152919 1.230359
0.0305369 -0.7564372 2.048569
-0.2042359 -0.07061908 1.147814
0.05245392 -0.8150011 1.989603
9
0.05553388 -0.0176509 2.058558
-0.02382757 -0.03665221 2.017756
0.1326983 0.001653474 2.024137
-0.09845113 -0.006294829 1.603419
0.06584431 -0.3859306 2.000318
-0.1837285 -0.152919 1.230359
0.0305369 -0.7564372 2.048569
-0.2042359 -0.07061908 1.147814
0.05245392 -0.8150011 1.989603
9
0.05553388 -0.0176509 2.058558
-0.02382757 -0.03665221 2.017756
0.1326983 0.001653474 2.024137
-0.09845113 -0.006294829 1.603419
0.06584431 -0.3859306 2.000318
-0.1837285 -0.152919 1.230359
0.0305369 -0.7564372 2.048569
-0.2042359 -0.07061908 1.147814
0.05245392 -0.8150011 1.989603
9
0.05511657 -0.01736902 2.058514
-0.02401776 -0.0362872 2.017886
0.131881 0.001919797 2.023829
-0.1067803 -0.04668489 1.603383
0.06673661 -0.3860133 2.001423
-0.189219 -0.2075908 1.235341
0.03050601 -0.757132 2.048736
-0.199707 -0.2790527 1.226563
0.05413629 -0.8162984 1.989734
9
0.05511657 -0.01736902 2.058514
-0.02401776 -0.0362872 2.017886
0.131881 0.001919797 2.023829
-0.1067803 -0.04668489 1.603383
0.06673661 -0.3860133 2.001423
-0.189219 -0.2075908 1.235341
0.03050601 -0.757132 2.048736
-0.199707 -0.2790527 1.226563
0.05413629 -0.8162984 1.989734
9
0.05511657 -0.01736902 2.058514
-0.02401776 -0.0362872 2.017886
0.131881 0.001919797 2.023829
-0.1067803 -0.04668489 1.603383
0.06673661 -0.3860133 2.001423
-0.189219 -0.2075908 1.235341
0.03050601 -0.757132 2.048736
-0.199707 -0.2790527 1.226563
0.05413629 -0.8162984 1.989734
9
0.05511657 -0.01736902 2.058514
-0.02401776 -0.0362872 2.017886
0.131881 0.001919797 2.023829
-0.1067803 -0.04668489 1.603383
0.06673661 -0.3860133 2.001423
-0.189219 -0.2075908 1.235341
0.03050601 -0.757132 2.048736
-0.199707 -0.2790527 1.226563
0.05413629 -0.8162984 1.989734
9
0.05511657 -0.01736902 2.058514
-0.02401776 -0.0362872 2.017886
0.131881 0.001919797 2.023829
-0.1067803 -0.04668489 1.603383
0.06673661 -0.3860133 2.001423
-0.189219 -0.2075908 1.235341
0.03050601 -0.757132 2.048736
-0.199707 -0.2790527 1.226563
0.05413629 -0.8162984 1.989734
9
0.0464325 -0.00382814 2.085189
-0.03678168 -0.008105845 2.064251
0.1277393 0.004830985 2.034353
-0.1184113 -0.2123106 1.672339
0.07186963 -0.3961594 2.010638
-0.1715783 -0.4674232 1.516668
0.02950542 -0.7573195 2.053307
-0.1730649 -0.488021 1.412717
0.05364069 -0.8165096 1.990456
9
0.0464325 -0.00382814 2.085189
-0.03678168 -0.008105845 2.064251
0.1277393 0.004830985 2.034353
-0.1184113 -0.2123106 1.672339
0.07186963 -0.3961594 2.010638
-0.1715783 -0.4674232 1.516668
0.02950542 -0.7573195 2.053307
-0.1730649 -0.488021 1.412717
0.05364069 -0.8165096 1.990456
9
0.03088738 0.002908316 2.106992
-0.05223307 0.0002340486 2.077199
0.113783 0.005602423 2.062936
-0.1124806 -0.2577446 1.711263
0.07578523 -0.4010206 2.016775
-0.168878 -0.5263283 1.584814
0.02929187 -0.7569921 2.055493
-0.1626571 -0.5511741 1.468434
0.0543893 -0.8172008 1.993268
9
0.03088738 0.002908316 2.106992
-0.05223307 0.0002340486 2.077199
0.113783 0.005602423 2.062936
-0.1124806 -0.2577446 1.711263
0.07578523 -0.4010206 2.016775
-0.168878 -0.5263283 1.584814
0.02929187 -0.7569921 2.055493
-0.1626571 -0.5511741 1.468434
0.0543893 -0.8172008 1.993268
9
0.03138249 0.003666187 2.107615
-0.05189384 0.001447957 2.078115
0.1141857 0.005927749 2.063134
-0.1083767 -0.3019737 1.753104
0.08182375 -0.3955438 2.022307
-0.1637949 -0.5988363 1.655401
0.03069036 -0.7563947 2.058723
-0.157145 -0.6230258 1.539455
0.05359664 -0.8167582 1.994195
9
0.03138249 0.003666187 2.107615
-0.05189384 0.001447957 2.078115
0.1141857 0.005927749 2.063134
-0.1083767 -0.3019737 1.753104
0.08182375 -0.3955438 2.022307
-0.1637949 -0.5988363 1.655401
0.03069036 -0.7563947 2.058723
-0.157145 -0.6230258 1.539455
0.05359664 -0.8167582 1.994195
9
0.03138249 0.003666187 2.107615
-0.05189384 0.001447957 2.078115
0.1141857 0.005927749 2.063134
-0.1083767 -0.3019737 1.753104
0.08182375 -0.3955438 2.022307
-0.1637949 -0.5988363 1.655401
0.03069036 -0.7563947 2.058723
-0.157145 -0.6230258 1.539455
0.05359664 -0.8167582 1.994195
9
0.0321332 0.003705477 2.108112
-0.05145067 0.00118142 2.077799
0.1156709 0.006585683 2.06524
-0.105974 -0.3446351 1.795915
0.08666205 -0.3920931 2.029544
-0.1611506 -0.660543 1.7206
0.03166553 -0.7561249 2.061247
-0.2003386 -0.7151592 1.621555
0.05225538 -0.8160656 1.995832
9
0.0321332 0.003705477 2.108112
-0.05145067 0.00118142 2.077799
0.1156709 0.006585683 2.06524
-0.105974 -0.3446351 1.795915
0.08666205 -0.3920931 2.029544
-0.1611506 -0.660543 1.7206
0.03166553 -0.7561249 2.061247
-0.2003386 -0.7151592 1.621555
0.05225538 -0.8160656 1.995832
9
0.03283654 0.003674768 2.108137
-0.05037884 0.0007716952 2.077325
0.1160196 0.006728895 2.065367
-0.1036966 -0.3827061 1.844608
0.09207939 -0.3915348 2.040557
-0.1621248 -0.7246469 1.788723
0.03310188 -0.7550354 2.063815
-0.1990701 -0.7647805 1.676781
0.05064749 -0.815852 1.996624
9
0.03378693 0.003462367 2.107971
-0.04881883 -0.0002631681 2.076641
0.1164619 0.006915725 2.065308
-0.1011782 -0.4047129 1.895338
0.09558681 -0.3932674 2.047291
-0.1542797 -0.7618259 1.87075
0.03462803 -0.7548462 2.066067
-0.1916349 -0.7935131 1.753721
0.05068195 -0.8159655 1.997204
9
0.03378693 0.003462367 2.107971
-0.04881883 -0.0002631681 2.076641
0.1164619 0.006915725 2.065308
-0.1011782 -0.4047129 1.895338
0.09558681 -0.3932674 2.047291
-0.1542797 -0.7618259 1.87075
0.03462803 -0.7548462 2.066067
-0.1916349 -0.7935131 1.753721
0.05068195 -0.8159655 1.997204
9
0.03427809 0.003088312 2.107629
-0.04774845 -0.001407128 2.075449
0.1165208 0.006903002 2.065269
-0.09779334 -0.4197043 1.946106
0.1005735 -0.400375 2.059248
-0.1473538 -0.7534178 1.948152
0.03636181 -0.7554622 2.069063
-0.1583252 -0.8081055 1.862305
0.05077465 -0.8156992 1.998728
