40
9
0.1189007 -0.02438537 1.60872
0.03177035 -0.02292922 1.574699
0.2003879 -0.02464778 1.566864
0.01169177 -0.4353206 1.533903
0.1577609 -0.4675057 1.627718
-0.02014978 -0.7338985 1.483419
0.116963 -0.7991152 1.656661
-0.01899968 -0.763542 1.342747
0.06072998 -0.8452148 1.553711
9
0.1203203 -0.02464193 1.611346
0.03313749 -0.02313962 1.577522
0.2018125 -0.02494995 1.569325
0.01206215 -0.4333427 1.529143
0.1587086 -0.46822 1.628821
-0.02000536 -0.7341129 1.48326
0.1168682 -0.8015186 1.656773
-0.01955386 -0.7637286 1.342617
0.05639776 -0.8453921 1.548747
9
0.1203203 -0.02464193 1.611346
0.03313749 -0.02313962 1.577522
0.2018125 -0.02494995 1.569325
0.01206215 -0.4333427 1.529143
0.1587086 -0.46822 1.628821
-0.02000536 -0.7341129 1.48326
0.1168682 -0.8015186 1.656773
-0.01955386 -0.7637286 1.342617
0.05639776 -0.8453921 1.548747
9
0.1236792 -0.02368296 1.616249
0.03597458 -0.02201474 1.58176
0.2056 -0.02425235 1.574973
0.01443014 -0.4192921 1.502363
0.1613383 -0.4661381 1.631354
-0.01962665 -0.7337316 1.478959
0.1168276 -0.8014962 1.657009
-0.01688083 -0.7632768 1.33834
0.1693019 -0.8470263 1.568283
9
0.1236792 -0.02368296 1.616249
0.03597458 -0.02201474 1.58176
0.2056 -0.02425235 1.574973
0.01443014 -0.4192921 1.502363
0.1613383 -0.4661381 1.631354
-0.01962665 -0.7337316 1.478959
0.1168276 -0.8014962 1.657009
-0.01688083 -0.7632768 1.33834
0.1693019 -0.8470263 1.568283
9
0.1306385 -0.0233107 1.623757
0.04181135 -0.02114606 1.588413
0.2134362 -0.02446733 1.583381
0.01586065 -0.3924546 1.456751
0.1640965 -0.4658203 1.634347
-0.02117083 -0.7162628 1.449405
0.1166784 -0.8017235 1.656782
-0.01853115 -0.7458748 1.308799
0.05874634 -0.8510742 1.546875
9
0.1306385 -0.0233107 1.623757
0.04181135 -0.02114606 1.588413
0.2134362 -0.02446733 1.583381
0.01586065 -0.3924546 1.456751
0.1640965 -0.4658203 1.634347
-0.02117083 -0.7162628 1.449405
0.1166784 -0.8017235 1.656782
-0.01853115 -0.7458748 1.308799
0.05874634 -0.8510742 1.546875
9
0.1373583 -0.02388038 1.630998
0.04759974 -0.02082691 1.594596
0.220808 -0.02599804 1.591756
0.01430021 -0.3575447 1.412997
0.1672796 -0.4689491 1.640212
-0.02106628 -0.6926243 1.404252
0.1161475 -0.8033144 1.656119
0.01328699 -0.7914115 1.431687
0.07539214 -0.8507924 1.546311
9
0.1373583 -0.02388038 1.630998
0.04759974 -0.02082691 1.594596
0.220808 -0.02599804 1.591756
0.01430021 -0.3575447 1.412997
0.1672796 -0.4689491 1.640212
-0.02106628 -0.6926243 1.404252
0.1161475 -0.8033144 1.656119
0.01328699 -0.7914115 1.431687
0.07539214 -0.8507924 1.546311
9
0.1373583 -0.02388038 1.630998
0.04759974 -0.02082691 1.594596
0.220808 -0.02599804 1.591756
0.01430021 -0.3575447 1.412997
0.1672796 -0.4689491 1.640212
-0.02106628 -0.6926243 1.404252
0.1161475 -0.8033144 1.656119
0.01328699 -0.7914115 1.431687
0.07539214 -0.8507924 1.546311
9
0.1373583 -0.02388038 1.630998
0.04759974 -0.02082691 1.594596
0.220808 -0.02599804 1.591756
0.01430021 -0.3575447 1.412997
0.1672796 -0.4689491 1.640212
-0.02106628 -0.6926243 1.404252
0.1161475 -0.8033144 1.656119
0.01328699 -0.7914115 1.431687
0.07539214 -0.8507924 1.546311
9
0.1461438 -0.02586184 1.640666
0.05607417 -0.02123195 1.604281
0.2295159 -0.02942405 1.601407
0.02186303 -0.3115877 1.353673
0.1523021 -0.4449862 1.603462
-0.01245006 -0.6168963 1.302949
0.1170352 -0.8028432 1.654682
-0.01244476 -0.6835426 1.21409
0.07533833 -0.8510994 1.546645
9
0.1461438 -0.02586184 1.640666
0.05607417 -0.02123195 1.604281
0.2295159 -0.02942405 1.601407
0.02186303 -0.3115877 1.353673
0.1523021 -0.4449862 1.603462
-0.01245006 -0.6168963 1.302949
0.1170352 -0.8028432 1.654682
-0.01244476 -0.6835426 1.21409
0.07533833 -0.8510994 1.546645
9
0.1492825 -0.02451126 1.645031
0.05889113 -0.01985426 1.609598
0.2328099 -0.02811465 1.60491
0.0253508 -0.287544 1.330814
0.1431023 -0.4331622 1.578594
-0.01304729 -0.5672137 1.227602
0.117884 -0.801183 1.654237
-0.01367707 -0.597486 1.08647
0.1760254 -0.847168 1.553711
9
0.1492825 -0.02451126 1.645031
0.05889113 -0.01985426 1.609598
0.2328099 -0.02811465 1.60491
0.0253508 -0.287544 1.330814
0.1431023 -0.4331622 1.578594
-0.01304729 -0.5672137 1.227602
0.117884 -0.801183 1.654237
-0.01367707 -0.597486 1.08647
0.1760254 -0.847168 1.553711
9
0.1528581 -0.02393051 1.648832
0.06183424 -0.01954307 1.613816
0.2369019 -0.02725939 1.608277
0.03079742 -0.2513247 1.295425
0.1395226 -0.432151 1.563187
-0.01757559 -0.5161375 1.147978
0.120934 -0.8032113 1.65001
-0.001052171 -0.5608034 1.036545
0.1754923 -0.8473055 1.552886
9
0.1528581 -0.02393051 1.648832
0.06183424 -0.01954307 1.613816
0.2369019 -0.02725939 1.608277
0.03079742 -0.2513247 1.295425
0.1395226 -0.432151 1.563187
-0.01757559 -0.5161375 1.147978
0.120934 -0.8032113 1.65001
-0.001052171 -0.5608034 1.036545
0.1754923 -0.8473055 1.552886
9
0.1588128 -0.02337628 1.651101
0.06635235 -0.01941629 1.615623
0.2441363 -0.02619715 1.611012
0.03482933 -0.2125293 1.270543
0.1816015 -0.4665084 1.642834
-0.02245533 -0.4482872 1.077099
0.1258503 -0.8025948 1.64789
-0.006433575 -0.4687714 0.9511152
0.1730242 -0.8462523 1.550811
9
0.1588128 -0.02337628 1.651101
0.06635235 -0.01941629 1.615623
0.2441363 -0.02619715 1.611012
0.03482933 -0.2125293 1.270543
0.1816015 -0.4665084 1.642834
-0.02245533 -0.4482872 1.077099
0.1258503 -0.8025948 1.64789
-0.006433575 -0.4687714 0.9511152
0.1730242 -0.8462523 1.550811
9
0.1605216 -0.02269418 1.654748
0.06801319 -0.01771957 1.621545
0.2456909 -0.026231 1.612993
0.03371009 -0.1810267 1.238137
0.1815689 -0.467337 1.642827
-0.01568534 -0.3900863 1.021183
0.124538 -0.8053551 1.644497
-0.02566896 -0.3964283 0.8540438
0.08441162 -0.8520508 1.532227
9
0.1605216 -0.02269418 1.654748
0.06801319 -0.01771957 1.621545
0.2456909 -0.026231 1.612993
0.03371009 -0.1810267 1.238137
0.1815689 -0.467337 1.642827
-0.01568534 -0.3900863 1.021183
0.124538 -0.8053551 1.644497
-0.02566896 -0.3964283 0.8540438
0.08441162 -0.8520508 1.532227
9
0.1662938 -0.02248999 1.655705
0.07343309 -0.01773143 1.622146
0.2515003 -0.02594692 1.614088
0.03299526 -0.144581 1.196357
0.1819006 -0.4673323 1.642273
-0.02448645 -0.4469568 0.9450377
0.124591 -0.8059226 1.645125
-0.02432847 -0.3431959 0.809929
0.07794851 -0.8536499 1.545552
9
0.1662938 -0.02248999 1.655705
0.07343309 -0.01773143 1.622146
0.2515003 -0.02594692 1.614088
0.03299526 -0.144581 1.196357
0.1819006 -0.4673323 1.642273
-0.02448645 -0.4469568 0.9450377
0.124591 -0.8059226 1.645125
-0.02432847 -0.3431959 0.809929
0.07794851 -0.8536499 1.545552
9
0.1938855 -0.02360721 1.647409
0.1070373 -0.02246936 1.614565
0.2731119 -0.02422162 1.60497
0.02802303 -0.08712613 1.179005
0.1875582 -0.4472809 1.634359
-0.02005632 -0.3964473 0.9123232
0.1246469 -0.804895 1.645789
0.006724373 -0.2785068 0.7962683
0.07912356 -0.8531945 1.546477
9
0.1938855 -0.02360721 1.647409
0.1070373 -0.02246936 1.614565
0.2731119 -0.02422162 1.60497
0.02802303 -0.08712613 1.179005
0.1875582 -0.4472809 1.634359
-0.02005632 -0.3964473 0.9123232
0.1246469 -0.804895 1.645789
0.006724373 -0.2785068 0.7962683
0.07912356 -0.8531945 1.546477
9
0.1982743 -0.02726646 1.650569
0.1128576 -0.0286225 1.620272
0.2755551 -0.02565881 1.606176
0.03103516 -0.03320188 1.165444
0.1862214 -0.4579878 1.633289
-0.01709904 -0.3431987 0.8992861
0.1250181 -0.8018943 1.646702
0.01058203 -0.2243154 0.7861653
0.08364625 -0.852982 1.549138
9
0.1982743 -0.02726646 1.650569
0.1128576 -0.0286225 1.620272
0.2755551 -0.02565881 1.606176
0.03103516 -0.03320188 1.165444
0.1862214 -0.4579878 1.633289
-0.01709904 -0.3431987 0.8992861
0.1250181 -0.8018943 1.646702
0.01058203 -0.2243154 0.7861653
0.08364625 -0.852982 1.549138
9
0.2002509 -0.02687763 1.649122
0.1137505 -0.02825112 1.619257
0.2786606 -0.02504643 1.604014
0.03600068 0.01440792 1.156967
0.1884804 -0.44593 1.627732
0.01647015 -0.2460815 0.864659
0.1198359 -0.7953972 1.649931
0.01314545 -0.1381836 0.7480469
0.07778285 -0.8528303 1.549032
9
0.2002509 -0.02687763 1.649122
0.1137505 -0.02825112 1.619257
0.2786606 -0.02504643 1.604014
0.03600068 0.01440792 1.156967
0.1884804 -0.44593 1.627732
0.01647015 -0.2460815 0.864659
0.1198359 -0.7953972 1.649931
0.01314545 -0.1381836 0.7480469
0.07778285 -0.8528303 1.549032
9
0.2002509 -0.02687763 1.649122
0.1137505 -0.02825112 1.619257
0.2786606 -0.02504643 1.604014
0.03600068 0.01440792 1.156967
0.1884804 -0.44593 1.627732
0.01647015 -0.2460815 0.864659
0.1198359 -0.7953972 1.649931
0.01314545 -0.1381836 0.7480469
0.07778285 -0.8528303 1.549032
9
0.2002509 -0.02687763 1.649122
0.1137505 -0.02825112 1.619257
0.2786606 -0.02504643 1.604014
0.03600068 0.01440792 1.156967
0.1884804 -0.44593 1.627732
0.01647015 -0.2460815 0.864659
0.1198359 -0.7953972 1.649931
0.01314545 -0.1381836 0.7480469
0.07778285 -0.8528303 1.549032
9
0.2211784 -0.0318935 1.658634
0.1359622 -0.03838772 1.632238
0.2968245 -0.0250726 1.610332
0.07237504 -0.05083049 1.181945
0.1888977 -0.4403404 1.624055
0.05258133 -0.3123316 0.8893247
0.1153155 -0.8055851 1.650088
0.04004945 -0.1798927 0.795142
0.07664715 -0.8530087 1.549149
9
0.2211784 -0.0318935 1.658634
0.1359622 -0.03838772 1.632238
0.2968245 -0.0250726 1.610332
0.07237504 -0.05083049 1.181945
0.1888977 -0.4403404 1.624055
0.05258133 -0.3123316 0.8893247
0.1153155 -0.8055851 1.650088
0.04004945 -0.1798927 0.795142
0.07664715 -0.8530087 1.549149
9
0.2211784 -0.0318935 1.658634
0.1359622 -0.03838772 1.632238
0.2968245 -0.0250726 1.610332
0.07237504 -0.05083049 1.181945
0.1888977 -0.4403404 1.624055
0.05258133 -0.3123316 0.8893247
0.1153155 -0.8055851 1.650088
0.04004945 -0.1798927 0.795142
0.07664715 -0.8530087 1.549149
9
0.2211784 -0.0318935 1.658634
0.1359622 -0.03838772 1.632238
0.2968245 -0.0250726 1.610332
0.07237504 -0.05083049 1.181945
0.1888977 -0.4403404 1.624055
0.05258133 -0.3123316 0.8893247
0.1153155 -0.8055851 1.650088
0.04004945 -0.1798927 0.795142
0.07664715 -0.8530087 1.549149
9
0.2218799 -0.03010166 1.661198
0.1364594 -0.03642309 1.634974
0.2975863 -0.02325432 1.612577
0.07028543 -0.05194783 1.182585
0.1872997 -0.4375044 1.622329
0.01447853 -0.03636839 0.78986
0.1152979 -0.8055534 1.650022
0.02996827 0.05126818 0.7056682
0.07490218 -0.8530122 1.548718
9
0.2218799 -0.03010166 1.661198
0.1364594 -0.03642309 1.634974
0.2975863 -0.02325432 1.612577
0.07028543 -0.05194783 1.182585
0.1872997 -0.4375044 1.622329
0.01447853 -0.03636839 0.78986
0.1152979 -0.8055534 1.650022
0.02996827 0.05126818 0.7056682
0.07490218 -0.8530122 1.548718
9
0.2209231 -0.02901402 1.663141
0.1352866 -0.03482456 1.637077
0.2967911 -0.02247449 1.61428
0.06620725 -0.05065088 1.184143
0.1860753 -0.4350482 1.621695
0.01316626 -0.03460031 0.7904773
0.1209187 -0.8025845 1.644067
0.0293435 0.05318525 0.7069271
0.057996 -0.8533056 1.547075
9
0.2209231 -0.02901402 1.663141
0.1352866 -0.03482456 1.637077
0.2967911 -0.02247449 1.61428
0.06620725 -0.05065088 1.184143
0.1860753 -0.4350482 1.621695
0.01316626 -0.03460031 0.7904773
0.1209187 -0.8025845 1.644067
0.0293435 0.05318525 0.7069271
0.057996 -0.8533056 1.547075
9
0.2203905 -0.02865797 1.665738
0.1343182 -0.03468069 1.639039
0.2967789 -0.02172229 1.617556
0.06306547 -0.05012988 1.186879
0.1855823 -0.4332993 1.62186
0.01174775 -0.03336994 0.7923371
0.1192658 -0.8014601 1.646013
0.02822136 0.05225108 0.7051655
0.0597834 -0.8525308 1.550635
