40
9
0.1354885 -0.02958626 1.685965
0.04737584 -0.02947784 1.658304
0.217156 -0.02826142 1.637102
0.04061462 -0.481491 1.650824
0.2083928 -0.4713168 1.643685
0.02156283 -0.7907187 1.621609
0.2001308 -0.8044294 1.644711
-0.03199687 -0.847692 1.536614
0.2051523 -0.8543549 1.5394
9
0.1385395 -0.0290773 1.683735
0.05130998 -0.02811294 1.654019
0.219545 -0.02834718 1.636396
0.03951543 -0.479513 1.644912
0.2106062 -0.4702578 1.643686
0.02178313 -0.7907094 1.621794
0.199591 -0.7941024 1.647315
-0.0332819 -0.8465371 1.533688
0.2039973 -0.8494517 1.54699
9
0.1385395 -0.0290773 1.683735
0.05130998 -0.02811294 1.654019
0.219545 -0.02834718 1.636396
0.03951543 -0.479513 1.644912
0.2106062 -0.4702578 1.643686
0.02178313 -0.7907094 1.621794
0.199591 -0.7941024 1.647315
-0.0332819 -0.8465371 1.533688
0.2039973 -0.8494517 1.54699
9
0.1460774 -0.02833671 1.680866
0.0587446 -0.02658608 1.649565
0.2270293 -0.02848653 1.635423
0.04106327 -0.4720732 1.624175
0.214917 -0.469265 1.644849
0.0225233 -0.7907057 1.619871
0.1995008 -0.7939206 1.647383
-0.03030158 -0.8466913 1.53357
0.2046151 -0.849074 1.546937
9
0.1460774 -0.02833671 1.680866
0.0587446 -0.02658608 1.649565
0.2270293 -0.02848653 1.635423
0.04106327 -0.4720732 1.624175
0.214917 -0.469265 1.644849
0.0225233 -0.7907057 1.619871
0.1995008 -0.7939206 1.647383
-0.03030158 -0.8466913 1.53357
0.2046151 -0.849074 1.546937
9
0.1538934 -0.02844581 1.679223
0.06644321 -0.02592728 1.646866
0.2346536 -0.02945791 1.635189
0.04719787 -0.4585743 1.585215
0.22069 -0.4676238 1.647206
0.02341759 -0.7904108 1.615048
0.1985075 -0.7938849 1.648851
-0.02542315 -0.8460502 1.531538
0.2066155 -0.84791 1.547676
9
0.1538934 -0.02844581 1.679223
0.06644321 -0.02592728 1.646866
0.2346536 -0.02945791 1.635189
0.04719787 -0.4585743 1.585215
0.22069 -0.4676238 1.647206
0.02341759 -0.7904108 1.615048
0.1985075 -0.7938849 1.648851
-0.02542315 -0.8460502 1.531538
0.2066155 -0.84791 1.547676
9
0.1663668 -0.02857802 1.677705
0.07788836 -0.02516579 1.644682
0.247479 -0.03063232 1.634766
0.0492523 -0.4290366 1.533749
0.2247809 -0.4669398 1.64939
0.01842757 -0.7784265 1.582469
0.1967552 -0.795077 1.650274
-0.01523366 -0.8499552 1.520146
0.2067732 -0.8475927 1.547942
9
0.1663668 -0.02857802 1.677705
0.07788836 -0.02516579 1.644682
0.247479 -0.03063232 1.634766
0.0492523 -0.4290366 1.533749
0.2247809 -0.4669398 1.64939
0.01842757 -0.7784265 1.582469
0.1967552 -0.795077 1.650274
-0.01523366 -0.8499552 1.520146
0.2067732 -0.8475927 1.547942
9
0.1749098 -0.02899526 1.677472
0.0854431 -0.02514799 1.644109
0.2565863 -0.03153488 1.635078
0.05468017 -0.4165687 1.499346
0.2286814 -0.4695156 1.65125
0.01402235 -0.7476922 1.528327
0.195486 -0.7985693 1.648286
0.005960865 -0.7779472 1.389444
0.1122437 -0.8442383 1.53418
9
0.1749098 -0.02899526 1.677472
0.0854431 -0.02514799 1.644109
0.2565863 -0.03153488 1.635078
0.05468017 -0.4165687 1.499346
0.2286814 -0.4695156 1.65125
0.01402235 -0.7476922 1.528327
0.195486 -0.7985693 1.648286
0.005960865 -0.7779472 1.389444
0.1122437 -0.8442383 1.53418
9
0.1808393 -0.02852481 1.675588
0.09082962 -0.02429387 1.642323
0.2627327 -0.03149308 1.633178
0.0630084 -0.3849286 1.451875
0.2313299 -0.4713116 1.651774
0.03044775 -0.7005169 1.46499
0.1937163 -0.8014195 1.648275
0.02100454 -0.7308074 1.325928
0.1120663 -0.843038 1.531997
9
0.1808393 -0.02852481 1.675588
0.09082962 -0.02429387 1.642323
0.2627327 -0.03149308 1.633178
0.0630084 -0.3849286 1.451875
0.2313299 -0.4713116 1.651774
0.03044775 -0.7005169 1.46499
0.1937163 -0.8014195 1.648275
0.02100454 -0.7308074 1.325928
0.1120663 -0.843038 1.531997
9
0.1850051 -0.02740204 1.674909
0.09452959 -0.02279353 1.64194
0.2672199 -0.0308109 1.632219
0.07065549 -0.3607804 1.415179
0.2150036 -0.4525158 1.613251
0.05112645 -0.6594217 1.386887
0.1942417 -0.8030624 1.644699
0.01679016 -0.7595887 1.40962
0.1098523 -0.84274 1.530177
9
0.1850051 -0.02740204 1.674909
0.09452959 -0.02279353 1.64194
0.2672199 -0.0308109 1.632219
0.07065549 -0.3607804 1.415179
0.2150036 -0.4525158 1.613251
0.05112645 -0.6594217 1.386887
0.1942417 -0.8030624 1.644699
0.01679016 -0.7595887 1.40962
0.1098523 -0.84274 1.530177
9
0.1894939 -0.02573247 1.673276
0.09784521 -0.02155793 1.641021
0.2727693 -0.02871887 1.629769
0.0766564 -0.3286358 1.367166
0.2429562 -0.4736528 1.644324
0.06009354 -0.6155108 1.30121
0.1988306 -0.8036996 1.639956
0.04440906 -0.6600699 1.191487
0.110013 -0.8433817 1.53042
9
0.1951487 -0.02493635 1.672329
0.1034533 -0.02122651 1.641169
0.2783062 -0.02746371 1.627761
0.0822028 -0.2763737 1.328418
0.1989239 -0.4119487 1.553117
0.06307302 -0.55557 1.198544
0.20324 -0.7930467 1.633063
0.05494986 -0.5807428 1.075753
0.2399902 -0.8339844 1.52832
9
0.1951487 -0.02493635 1.672329
0.1034533 -0.02122651 1.641169
0.2783062 -0.02746371 1.627761
0.0822028 -0.2763737 1.328418
0.1989239 -0.4119487 1.553117
0.06307302 -0.55557 1.198544
0.20324 -0.7930467 1.633063
0.05494986 -0.5807428 1.075753
0.2399902 -0.8339844 1.52832
9
0.1997172 -0.02421963 1.670702
0.106889 -0.02086115 1.640013
0.283727 -0.02639362 1.625714
0.08448453 -0.2493943 1.2797
0.1996823 -0.411729 1.552581
0.04759014 -0.4926377 1.106961
0.2101839 -0.7935007 1.629174
0.06407988 -0.4799974 0.9765574
0.242869 -0.8350066 1.525531
9
0.1997172 -0.02421963 1.670702
0.106889 -0.02086115 1.640013
0.283727 -0.02639362 1.625714
0.08448453 -0.2493943 1.2797
0.1996823 -0.411729 1.552581
0.04759014 -0.4926377 1.106961
0.2101839 -0.7935007 1.629174
0.06407988 -0.4799974 0.9765574
0.242869 -0.8350066 1.525531
9
0.203826 -0.02365882 1.669226
0.1098955 -0.0204914 1.638929
0.2887322 -0.02567473 1.623893
0.09095132 -0.2027351 1.242832
0.2627247 -0.4382098 1.625122
0.05722366 -0.5060175 0.9933498
0.2115545 -0.8016525 1.631547
0.05172729 -0.409668 0.8725586
0.1152954 -0.8476563 1.52832
9
0.203826 -0.02365882 1.669226
0.1098955 -0.0204914 1.638929
0.2887322 -0.02567473 1.623893
0.09095132 -0.2027351 1.242832
0.2627247 -0.4382098 1.625122
0.05722366 -0.5060175 0.9933498
0.2115545 -0.8016525 1.631547
0.05172729 -0.409668 0.8725586
0.1152954 -0.8476563 1.52832
9
0.2036174 -0.02293846 1.668151
0.1090536 -0.01924558 1.638303
0.2891308 -0.0253434 1.621932
0.09200529 -0.1400108 1.217751
0.2650167 -0.437805 1.621788
0.05826231 -0.4442224 0.9686148
0.2117738 -0.8016257 1.631786
0.05713251 -0.3341552 0.8415656
0.1138734 -0.8480324 1.529449
9
0.2036174 -0.02293846 1.668151
0.1090536 -0.01924558 1.638303
0.2891308 -0.0253434 1.621932
0.09200529 -0.1400108 1.217751
0.2650167 -0.437805 1.621788
0.05826231 -0.4442224 0.9686148
0.2117738 -0.8016257 1.631786
0.05713251 -0.3341552 0.8415656
0.1138734 -0.8480324 1.529449
9
0.1932173 -0.02294206 1.670432
0.09382418 -0.01817594 1.645763
0.2820411 -0.02613699 1.621037
0.09646448 -0.07667526 1.201352
0.2722154 -0.4396363 1.614375
0.06271014 -0.3817057 0.952713
0.2107974 -0.7997136 1.631355
0.0659683 -0.2699769 0.8286098
0.1293943 -0.8483685 1.53155
9
0.1851573 -0.02102303 1.679044
0.08225238 -0.01523104 1.659923
0.278393 -0.02539064 1.624399
0.09259903 -0.01526069 1.179969
0.2709945 -0.4424059 1.61032
0.05887568 -0.3210817 0.9318653
0.2052001 -0.7846869 1.633286
0.07243722 -0.2058249 0.8144876
0.1297144 -0.848592 1.531224
9
0.1851573 -0.02102303 1.679044
0.08225238 -0.01523104 1.659923
0.278393 -0.02539064 1.624399
0.09259903 -0.01526069 1.179969
0.2709945 -0.4424059 1.61032
0.05887568 -0.3210817 0.9318653
0.2052001 -0.7846869 1.633286
0.07243722 -0.2058249 0.8144876
0.1297144 -0.848592 1.531224
9
0.2084073 -0.04086715 1.739324
0.106538 -0.03014322 1.721513
0.3012769 -0.04982147 1.68159
0.1211169 0.07493851 1.237477
0.2617404 -0.4413484 1.603357
0.02771037 -0.07052971 0.9558013
0.2047367 -0.784304 1.632867
0.07029892 -0.05719968 0.793681
0.1474901 -0.8465714 1.530655
9
0.2084073 -0.04086715 1.739324
0.106538 -0.03014322 1.721513
0.3012769 -0.04982147 1.68159
0.1211169 0.07493851 1.237477
0.2617404 -0.4413484 1.603357
0.02771037 -0.07052971 0.9558013
0.2047367 -0.784304 1.632867
0.07029892 -0.05719968 0.793681
0.1474901 -0.8465714 1.530655
9
0.2084073 -0.04086715 1.739324
0.106538 -0.03014322 1.721513
0.3012769 -0.04982147 1.68159
0.1211169 0.07493851 1.237477
0.2617404 -0.4413484 1.603357
0.02771037 -0.07052971 0.9558013
0.2047367 -0.784304 1.632867
0.07029892 -0.05719968 0.793681
0.1474901 -0.8465714 1.530655
9
0.2043896 -0.03610159 1.748185
0.1038379 -0.02293431 1.736828
0.2967221 -0.04690051 1.68612
0.1319098 0.1035483 1.284202
0.2527675 -0.4377984 1.5952
0.03796389 -0.04584797 1.020307
0.2009838 -0.7857034 1.630776
0.06621252 -0.005202077 0.8596539
0.1424321 -0.8464505 1.530534
9
0.2043896 -0.03610159 1.748185
0.1038379 -0.02293431 1.736828
0.2967221 -0.04690051 1.68612
0.1319098 0.1035483 1.284202
0.2527675 -0.4377984 1.5952
0.03796389 -0.04584797 1.020307
0.2009838 -0.7857034 1.630776
0.06621252 -0.005202077 0.8596539
0.1424321 -0.8464505 1.530534
9
0.2043896 -0.03610159 1.748185
0.1038379 -0.02293431 1.736828
0.2967221 -0.04690051 1.68612
0.1319098 0.1035483 1.284202
0.2527675 -0.4377984 1.5952
0.03796389 -0.04584797 1.020307
0.2009838 -0.7857034 1.630776
0.06621252 -0.005202077 0.8596539
0.1424321 -0.8464505 1.530534
9
0.1679095 -0.01486086 1.764762
0.0873573 -0.008741722 1.744537
0.2434751 -0.0239372 1.708277
0.06740426 -0.0005075144 1.298222
0.2497894 -0.4382262 1.592282
0.08008229 0.06389383 0.9016393
0.1987112 -0.788632 1.627356
0.05690797 0.01317728 0.7615447
0.1422793 -0.8465009 1.530722
9
0.1679095 -0.01486086 1.764762
0.0873573 -0.008741722 1.744537
0.2434751 -0.0239372 1.708277
0.06740426 -0.0005075144 1.298222
0.2497894 -0.4382262 1.592282
0.08008229 0.06389383 0.9016393
0.1987112 -0.788632 1.627356
0.05690797 0.01317728 0.7615447
0.1422793 -0.8465009 1.530722
9
0.1678234 -0.01486222 1.765313
0.08579324 -0.007552991 1.746335
0.2437884 -0.02410303 1.708633
0.06811541 -0.001132919 1.29849
0.2483725 -0.4385599 1.591303
0.08011936 0.06355762 0.901935
0.1975805 -0.7907586 1.624552
0.05705744 0.01274696 0.7618697
0.1418614 -0.8465711 1.530366
9
0.1678234 -0.01486222 1.765313
0.08579324 -0.007552991 1.746335
0.2437884 -0.02410303 1.708633
0.06811541 -0.001132919 1.29849
0.2483725 -0.4385599 1.591303
0.08011936 0.06355762 0.901935
0.1975805 -0.7907586 1.624552
0.05705744 0.01274696 0.7618697
0.1418614 -0.8465711 1.530366
9
0.1678234 -0.01486222 1.765313
0.08579324 -0.007552991 1.746335
0.2437884 -0.02410303 1.708633
0.06811541 -0.001132919 1.29849
0.2483725 -0.4385599 1.591303
0.08011936 0.06355762 0.901935
0.1975805 -0.7907586 1.624552
0.05705744 0.01274696 0.7618697
0.1418614 -0.8465711 1.530366
9
0.1678234 -0.01486222 1.765313
0.08579324 -0.007552991 1.746335
0.2437884 -0.02410303 1.708633
0.06811541 -0.001132919 1.29849
0.2483725 -0.4385599 1.591303
0.08011936 0.06355762 0.901935
0.1975805 -0.7907586 1.624552
0.05705744 0.01274696 0.7618697
0.1418614 -0.8465711 1.530366
9
0.1678234 -0.01486222 1.765313
0.08579324 -0.007552991 1.746335
0.2437884 -0.02410303 1.708633
0.06811541 -0.001132919 1.29849
0.2483725 -0.4385599 1.591303
0.08011936 0.06355762 0.901935
0.1975805 -0.7907586 1.624552
0.05705744 0.01274696 0.7618697
0.1418614 -0.8465711 1.530366
