40
9
0.15722 -0.2221183 2.078927
0.06712241 -0.2166427 2.03891
0.2423175 -0.220185 2.04481
0.04219941 -0.4327951 1.653815
0.2048036 -0.6313806 2.019727
0.03698274 -0.7151253 1.553904
0.1629931 -0.9615777 2.038496
0.02616792 -0.7509437 1.432019
0.171916 -0.9908469 1.893728
9
0.15722 -0.2221183 2.078927
0.06712241 -0.2166427 2.03891
0.2423175 -0.220185 2.04481
0.04219941 -0.4327951 1.653815
0.2048036 -0.6313806 2.019727
0.03698274 -0.7151253 1.553904
0.1629931 -0.9615777 2.038496
0.02616792 -0.7509437 1.432019
0.171916 -0.9908469 1.893728
9
0.15722 -0.2221183 2.078927
0.06712241 -0.2166427 2.03891
0.2423175 -0.220185 2.04481
0.04219941 -0.4327951 1.653815
0.2048036 -0.6313806 2.019727
0.03698274 -0.7151253 1.553904
0.1629931 -0.9615777 2.038496
0.02616792 -0.7509437 1.432019
0.171916 -0.9908469 1.893728
9
0.15722 -0.2221183 2.078927
0.06712241 -0.2166427 2.03891
0.2423175 -0.220185 2.04481
0.04219941 -0.4327951 1.653815
0.2048036 -0.6313806 2.019727
0.03698274 -0.7151253 1.553904
0.1629931 -0.9615777 2.038496
0.02616792 -0.7509437 1.432019
0.171916 -0.9908469 1.893728
9
0.1652702 -0.2164395 2.062946
0.07100219 -0.2111075 2.028004
0.25481 -0.2145986 2.023498
0.07081348 -0.2208365 1.55132
0.2509122 -0.5563054 1.985306
0.06536616 -0.5053459 1.451628
0.164406 -0.9412838 2.02827
0.06633674 -0.4432105 1.287505
0.172033 -0.9692886 1.882728
9
0.1652702 -0.2164395 2.062946
0.07100219 -0.2111075 2.028004
0.25481 -0.2145986 2.023498
0.07081348 -0.2208365 1.55132
0.2509122 -0.5563054 1.985306
0.06536616 -0.5053459 1.451628
0.164406 -0.9412838 2.02827
0.06633674 -0.4432105 1.287505
0.172033 -0.9692886 1.882728
9
0.1449529 -0.2140847 2.059942
0.0495919 -0.2071747 2.023639
0.2347304 -0.2133971 2.022266
-0.01062733 -0.268409 1.554983
0.2785347 -0.5349661 1.98155
0.1093029 -0.28358 1.164623
0.1604043 -0.914152 2.00852
0.07779338 -0.2077177 1.056966
0.1684166 -0.9422117 1.862828
9
0.1449529 -0.2140847 2.059942
0.0495919 -0.2071747 2.023639
0.2347304 -0.2133971 2.022266
-0.01062733 -0.268409 1.554983
0.2785347 -0.5349661 1.98155
0.1093029 -0.28358 1.164623
0.1604043 -0.914152 2.00852
0.07779338 -0.2077177 1.056966
0.1684166 -0.9422117 1.862828
9
0.1511242 -0.2169626 2.061359
0.05362143 -0.2113207 2.023476
0.244669 -0.2148237 2.026358
-0.009576988 -0.2683038 1.554662
0.2059192 -0.6177575 1.976224
0.1103535 -0.2834749 1.1643
0.1497532 -0.922073 2.009943
0.09978496 -0.1466849 1.075036
0.1581074 -0.9500027 1.864285
9
0.1511242 -0.2169626 2.061359
0.05362143 -0.2113207 2.023476
0.244669 -0.2148237 2.026358
-0.009576988 -0.2683038 1.554662
0.2059192 -0.6177575 1.976224
0.1103535 -0.2834749 1.1643
0.1497532 -0.922073 2.009943
0.09978496 -0.1466849 1.075036
0.1581074 -0.9500027 1.864285
9
0.1692571 -0.2252378 2.054431
0.07917077 -0.2234839 2.008992
0.2552862 -0.2197055 2.024547
0.01865071 -0.28324 1.540173
0.2038281 -0.5726424 1.966253
0.1385896 -0.298396 1.149685
0.1502703 -0.9276133 2.00362
0.1200062 -0.1537434 1.085801
0.1592001 -0.9550931 1.857972
9
0.1692571 -0.2252378 2.054431
0.07917077 -0.2234839 2.008992
0.2552862 -0.2197055 2.024547
0.01865071 -0.28324 1.540173
0.2038281 -0.5726424 1.966253
0.1385896 -0.298396 1.149685
0.1502703 -0.9276133 2.00362
0.1200062 -0.1537434 1.085801
0.1592001 -0.9550931 1.857972
9
0.1669735 -0.2211691 2.053718
0.0772576 -0.2209245 2.01051
0.2511549 -0.212165 2.020875
0.01265053 -0.2819328 1.542413
0.1968413 -0.5710704 1.965354
0.1325891 -0.2970913 1.151949
0.1449893 -0.9346739 1.997857
0.1433311 -0.3306676 1.004645
0.1573575 -0.9619629 1.852661
9
0.1669735 -0.2211691 2.053718
0.0772576 -0.2209245 2.01051
0.2511549 -0.212165 2.020875
0.01265053 -0.2819328 1.542413
0.1968413 -0.5710704 1.965354
0.1325891 -0.2970913 1.151949
0.1449893 -0.9346739 1.997857
0.1433311 -0.3306676 1.004645
0.1573575 -0.9619629 1.852661
9
0.152149 -0.2168917 2.024577
0.07130986 -0.2059415 1.973474
0.2266482 -0.2183146 1.99794
0.03542525 -0.2823451 1.50455
0.2000927 -0.5712162 1.960991
0.1554639 -0.2975556 1.113961
0.1452469 -0.9358546 1.995849
0.1718851 -0.3303385 0.9676995
0.1641117 -0.962594 1.851532
9
0.152149 -0.2168917 2.024577
0.07130986 -0.2059415 1.973474
0.2266482 -0.2183146 1.99794
0.03542525 -0.2823451 1.50455
0.2000927 -0.5712162 1.960991
0.1554639 -0.2975556 1.113961
0.1452469 -0.9358546 1.995849
0.1718851 -0.3303385 0.9676995
0.1641117 -0.962594 1.851532
9
0.1635675 -0.2188482 2.024904
0.08843391 -0.2116261 1.974714
0.2342529 -0.2184132 1.99942
0.1061461 -0.3421859 1.517347
0.2030247 -0.5704224 1.957773
0.2259799 -0.3571939 1.126443
0.1461825 -0.9364966 1.994941
0.2395246 -0.3884287 0.9807671
0.1641063 -0.9631549 1.850454
9
0.1635675 -0.2188482 2.024904
0.08843391 -0.2116261 1.974714
0.2342529 -0.2184132 1.99942
0.1061461 -0.3421859 1.517347
0.2030247 -0.5704224 1.957773
0.2259799 -0.3571939 1.126443
0.1461825 -0.9364966 1.994941
0.2395246 -0.3884287 0.9807671
0.1641063 -0.9631549 1.850454
9
0.1635675 -0.2188482 2.024904
0.08843391 -0.2116261 1.974714
0.2342529 -0.2184132 1.99942
0.1061461 -0.3421859 1.517347
0.2030247 -0.5704224 1.957773
0.2259799 -0.3571939 1.126443
0.1461825 -0.9364966 1.994941
0.2395246 -0.3884287 0.9807671
0.1641063 -0.9631549 1.850454
9
0.1635675 -0.2188482 2.024904
0.08843391 -0.2116261 1.974714
0.2342529 -0.2184132 1.99942
0.1061461 -0.3421859 1.517347
0.2030247 -0.5704224 1.957773
0.2259799 -0.3571939 1.126443
0.1461825 -0.9364966 1.994941
0.2395246 -0.3884287 0.9807671
0.1641063 -0.9631549 1.850454
9
0.1662965 -0.220358 2.025454
0.09194794 -0.2138137 1.976155
0.2357886 -0.2192174 1.999793
0.1058308 -0.3419139 1.517935
0.2043872 -0.5683288 1.955223
0.2256636 -0.3569218 1.127034
0.1469853 -0.9381277 1.995206
0.2402317 -0.3881803 0.9815647
0.1659086 -0.9647782 1.850942
9
0.1662965 -0.220358 2.025454
0.09194794 -0.2138137 1.976155
0.2357886 -0.2192174 1.999793
0.1058308 -0.3419139 1.517935
0.2043872 -0.5683288 1.955223
0.2256636 -0.3569218 1.127034
0.1469853 -0.9381277 1.995206
0.2402317 -0.3881803 0.9815647
0.1659086 -0.9647782 1.850942
9
0.1662965 -0.220358 2.025454
0.09194794 -0.2138137 1.976155
0.2357886 -0.2192174 1.999793
0.1058308 -0.3419139 1.517935
0.2043872 -0.5683288 1.955223
0.2256636 -0.3569218 1.127034
0.1469853 -0.9381277 1.995206
0.2402317 -0.3881803 0.9815647
0.1659086 -0.9647782 1.850942
9
0.1662965 -0.220358 2.025454
0.09194794 -0.2138137 1.976155
0.2357886 -0.2192174 1.999793
0.1058308 -0.3419139 1.517935
0.2043872 -0.5683288 1.955223
0.2256636 -0.3569218 1.127034
0.1469853 -0.9381277 1.995206
0.2402317 -0.3881803 0.9815647
0.1659086 -0.9647782 1.850942
9
0.1647048 -0.2240833 2.021391
0.08917145 -0.2167515 1.974846
0.2354122 -0.2239905 1.992198
0.1010906 -0.3376088 1.514528
0.2026692 -0.5608802 1.949677
0.2209483 -0.3526373 1.123642
0.1459 -0.9347405 1.997897
0.2301566 -0.3838178 0.9771951
0.1593705 -0.9612932 1.852673
9
0.1647048 -0.2240833 2.021391
0.08917145 -0.2167515 1.974846
0.2354122 -0.2239905 1.992198
0.1010906 -0.3376088 1.514528
0.2026692 -0.5608802 1.949677
0.2209483 -0.3526373 1.123642
0.1459 -0.9347405 1.997897
0.2301566 -0.3838178 0.9771951
0.1593705 -0.9612932 1.852673
9
0.1469938 -0.2309411 2.022975
0.06370398 -0.2148821 1.976918
0.2205213 -0.239879 1.995306
0.01831505 -0.2658947 1.505171
0.2086834 -0.5827717 1.956549
0.1383807 -0.28114 1.11467
0.1462649 -0.9349645 1.998031
0.1576437 -0.3144448 0.9688057
0.1674486 -0.9617858 1.854289
9
0.1469938 -0.2309411 2.022975
0.06370398 -0.2148821 1.976918
0.2205213 -0.239879 1.995306
0.01831505 -0.2658947 1.505171
0.2086834 -0.5827717 1.956549
0.1383807 -0.28114 1.11467
0.1462649 -0.9349645 1.998031
0.1576437 -0.3144448 0.9688057
0.1674486 -0.9617858 1.854289
9
0.1503297 -0.1986388 2.025877
0.05911018 -0.1887709 1.977596
0.2388613 -0.1962072 2.00175
0.1263457 -0.09414487 1.518417
0.2189103 -0.6342402 1.971192
0.2463621 -0.1094326 1.127794
0.1468198 -0.93481 1.998413
0.2627949 -0.1480184 0.98167
0.1685108 -0.9615734 1.854766
9
0.1503297 -0.1986388 2.025877
0.05911018 -0.1887709 1.977596
0.2388613 -0.1962072 2.00175
0.1263457 -0.09414487 1.518417
0.2189103 -0.6342402 1.971192
0.2463621 -0.1094326 1.127794
0.1468198 -0.93481 1.998413
0.2627949 -0.1480184 0.98167
0.1685108 -0.9615734 1.854766
9
0.153047 -0.2012864 2.038178
0.0599197 -0.1882089 1.983672
0.2426378 -0.2080868 2.022816
0.1272299 -0.1291637 1.550467
0.2276406 -0.64955 1.978171
0.07251397 -0.2353094 1.269717
0.1327643 -0.9242933 2.006891
0.09587245 -0.2710176 1.123663
0.1559818 -0.9515185 1.863539
9
0.153047 -0.2012864 2.038178
0.0599197 -0.1882089 1.983672
0.2426378 -0.2080868 2.022816
0.1272299 -0.1291637 1.550467
0.2276406 -0.64955 1.978171
0.07251397 -0.2353094 1.269717
0.1327643 -0.9242933 2.006891
0.09587245 -0.2710176 1.123663
0.1559818 -0.9515185 1.863539
9
0.1554066 -0.2034038 2.04093
0.06229088 -0.1892259 1.986695
0.2440162 -0.2105013 2.024018
0.1185029 -0.2183529 1.514242
0.22305 -0.6517405 1.977861
0.06874191 -0.3401915 1.238807
0.1275 -0.9251032 2.01318
0.0932495 -0.3731027 1.093744
0.1518629 -0.952527 1.870125
9
0.1554066 -0.2034038 2.04093
0.06229088 -0.1892259 1.986695
0.2440162 -0.2105013 2.024018
0.1185029 -0.2183529 1.514242
0.22305 -0.6517405 1.977861
0.06874191 -0.3401915 1.238807
0.1275 -0.9251032 2.01318
0.0932495 -0.3731027 1.093744
0.1518629 -0.952527 1.870125
9
0.1570685 -0.2036889 2.042272
0.06440176 -0.1888728 1.988438
0.2448797 -0.2111126 2.024533
0.1065663 -0.284136 1.523594
0.2219774 -0.6522654 1.978225
0.05685391 -0.4056249 1.247989
0.1783597 -0.9375727 2.015851
0.08299676 -0.4370975 1.103759
0.2031819 -0.9650294 1.873288
9
0.1570685 -0.2036889 2.042272
0.06440176 -0.1888728 1.988438
0.2448797 -0.2111126 2.024533
0.1065663 -0.284136 1.523594
0.2219774 -0.6522654 1.978225
0.05685391 -0.4056249 1.247989
0.1783597 -0.9375727 2.015851
0.08299676 -0.4370975 1.103759
0.2031819 -0.9650294 1.873288
9
0.1966146 -0.2058313 2.042197
0.107936 -0.1964669 1.984136
0.2786897 -0.2084646 2.026835
0.1027114 -0.3453535 1.532149
0.2225845 -0.647081 1.971232
0.04033284 -0.5364049 1.302832
0.1810065 -0.932883 2.007911
0.09274571 -0.5201957 1.140868
0.2069926 -0.9602442 1.865617
9
0.1966146 -0.2058313 2.042197
0.107936 -0.1964669 1.984136
0.2786897 -0.2084646 2.026835
0.1027114 -0.3453535 1.532149
0.2225845 -0.647081 1.971232
0.04033284 -0.5364049 1.302832
0.1810065 -0.932883 2.007911
0.09274571 -0.5201957 1.140868
0.2069926 -0.9602442 1.865617
9
0.1984277 -0.2075909 2.042434
0.1092016 -0.1975416 1.984075
0.2808246 -0.2107239 2.027519
0.09905723 -0.3981113 1.553589
0.2495195 -0.5877514 1.983161
0.06429975 -0.6123283 1.340319
0.2347834 -0.8981832 2.004346
0.08241059 -0.6105648 1.207363
0.1584142 -0.9565681 1.975523
9
0.1984277 -0.2075909 2.042434
0.1092016 -0.1975416 1.984075
0.2808246 -0.2107239 2.027519
0.09905723 -0.3981113 1.553589
0.2495195 -0.5877514 1.983161
0.06429975 -0.6123283 1.340319
0.2347834 -0.8981832 2.004346
0.08241059 -0.6105648 1.207363
0.1584142 -0.9565681 1.975523
