40
9
-0.001157398 0.004179818 2.199105
-0.08696321 0.007102151 2.162769
0.08320753 0.002704281 2.16062
-0.1121463 -0.191408 1.766225
0.05108672 -0.4221444 2.1418
-0.1611012 -0.4450117 1.527682
-0.0008542775 -0.7530692 2.168037
-0.146893 -0.4709617 1.410282
0.008914241 -0.8117563 2.09605
9
-0.001157398 0.004179818 2.199105
-0.08696321 0.007102151 2.162769
0.08320753 0.002704281 2.16062
-0.1121463 -0.191408 1.766225
0.05108672 -0.4221444 2.1418
-0.1611012 -0.4450117 1.527682
-0.0008542775 -0.7530692 2.168037
-0.146893 -0.4709617 1.410282
0.008914241 -0.8117563 2.09605
9
-0.001157398 0.004179818 2.199105
-0.08696321 0.007102151 2.162769
0.08320753 0.002704281 2.16062
-0.1121463 -0.191408 1.766225
0.05108672 -0.4221444 2.1418
-0.1611012 -0.4450117 1.527682
-0.0008542775 -0.7530692 2.168037
-0.146893 -0.4709617 1.410282
0.008914241 -0.8117563 2.09605
9
-0.002481751 0.004755803 2.199137
-0.08828077 0.007977713 2.162401
0.08226854 0.002747569 2.160897
-0.112974 -0.1376537 1.730217
0.0455104 -0.4202613 2.133989
-0.1570036 -0.34242 1.505661
-0.002858648 -0.751306 2.165834
-0.1434079 -0.370403 1.387604
0.009096161 -0.8114724 2.095599
9
-0.002481751 0.004755803 2.199137
-0.08828077 0.007977713 2.162401
0.08226854 0.002747569 2.160897
-0.112974 -0.1376537 1.730217
0.0455104 -0.4202613 2.133989
-0.1570036 -0.34242 1.505661
-0.002858648 -0.751306 2.165834
-0.1434079 -0.370403 1.387604
0.009096161 -0.8114724 2.095599
9
-0.005471143 0.005508214 2.19819
-0.09131815 0.009087705 2.161304
0.07989727 0.002808444 2.160089
-0.1093893 -0.07677986 1.70298
0.04330274 -0.3957419 2.117523
-0.132945 -0.2501144 1.329637
-0.004956265 -0.752226 2.16315
-0.1693134 -0.3086147 1.302513
0.008525619 -0.8119565 2.095611
9
-0.005471143 0.005508214 2.19819
-0.09131815 0.009087705 2.161304
0.07989727 0.002808444 2.160089
-0.1093893 -0.07677986 1.70298
0.04330274 -0.3957419 2.117523
-0.132945 -0.2501144 1.329637
-0.004956265 -0.752226 2.16315
-0.1693134 -0.3086147 1.302513
0.008525619 -0.8119565 2.095611
9
-0.005471143 0.005508214 2.19819
-0.09131815 0.009087705 2.161304
0.07989727 0.002808444 2.160089
-0.1093893 -0.07677986 1.70298
0.04330274 -0.3957419 2.117523
-0.132945 -0.2501144 1.329637
-0.004956265 -0.752226 2.16315
-0.1693134 -0.3086147 1.302513
0.008525619 -0.8119565 2.095611
9
0.02312847 -0.02343975 2.182014
-0.05075212 -0.04536866 2.134434
0.09040329 -0.001554327 2.155803
-0.07997167 0.05138792 1.714774
0.04448519 -0.3890623 2.108727
-0.09491672 -0.08227573 1.32582
-0.004295018 -0.7530588 2.150564
-0.1573486 -0.1060181 1.237305
0.01098844 -0.8143425 2.093407
9
0.02312847 -0.02343975 2.182014
-0.05075212 -0.04536866 2.134434
0.09040329 -0.001554327 2.155803
-0.07997167 0.05138792 1.714774
0.04448519 -0.3890623 2.108727
-0.09491672 -0.08227573 1.32582
-0.004295018 -0.7530588 2.150564
-0.1573486 -0.1060181 1.237305
0.01098844 -0.8143425 2.093407
9
0.03150384 -0.02177212 2.171115
-0.04583623 -0.04298498 2.125907
0.1089318 -0.0002748122 2.138765
-0.07868251 0.01038326 1.624902
0.04445132 -0.3872227 2.103453
-0.0936843 -0.1235007 1.235811
-0.00574919 -0.7613536 2.148601
-0.1438659 -0.1341828 1.110876
0.01241585 -0.8199338 2.089837
9
0.03150384 -0.02177212 2.171115
-0.04583623 -0.04298498 2.125907
0.1089318 -0.0002748122 2.138765
-0.07868251 0.01038326 1.624902
0.04445132 -0.3872227 2.103453
-0.0936843 -0.1235007 1.235811
-0.00574919 -0.7613536 2.148601
-0.1438659 -0.1341828 1.110876
0.01241585 -0.8199338 2.089837
9
0.04467857 -0.01699853 2.165322
-0.03527461 -0.03833871 2.117814
0.1236493 0.00469744 2.13667
-0.07407305 0.02100618 1.617923
0.04329007 -0.3865284 2.100951
-0.08908564 -0.11291 1.228865
-0.004549594 -0.7616459 2.144257
-0.1416133 -0.1243528 1.105342
0.01242059 -0.8215356 2.088824
9
0.04467857 -0.01699853 2.165322
-0.03527461 -0.03833871 2.117814
0.1236493 0.00469744 2.13667
-0.07407305 0.02100618 1.617923
0.04329007 -0.3865284 2.100951
-0.08908564 -0.11291 1.228865
-0.004549594 -0.7616459 2.144257
-0.1416133 -0.1243528 1.105342
0.01242059 -0.8215356 2.088824
9
0.04859605 -0.01370546 2.163516
-0.03167654 -0.03452921 2.114567
0.1276412 0.007585662 2.136377
-0.0720085 0.03249278 1.615786
0.04109593 -0.3914371 2.098171
-0.08702634 -0.1014389 1.226764
-0.004449827 -0.7620102 2.142874
-0.1399697 -0.1125821 1.103334
0.01245129 -0.8224792 2.089547
9
0.04859605 -0.01370546 2.163516
-0.03167654 -0.03452921 2.114567
0.1276412 0.007585662 2.136377
-0.0720085 0.03249278 1.615786
0.04109593 -0.3914371 2.098171
-0.08702634 -0.1014389 1.226764
-0.004449827 -0.7620102 2.142874
-0.1399697 -0.1125821 1.103334
0.01245129 -0.8224792 2.089547
9
0.04846314 -0.01326565 2.162335
-0.03202466 -0.0337658 2.11305
0.1276073 0.007745182 2.135674
-0.07664947 0.0336108 1.614693
0.04038533 -0.391583 2.095605
-0.09166563 -0.1003241 1.225671
-0.004050743 -0.7611795 2.140432
-0.1445649 -0.1112808 1.102275
0.01260665 -0.8217207 2.087175
9
0.04846314 -0.01326565 2.162335
-0.03202466 -0.0337658 2.11305
0.1276073 0.007745182 2.135674
-0.07664947 0.0336108 1.614693
0.04038533 -0.391583 2.095605
-0.09166563 -0.1003241 1.225671
-0.004050743 -0.7611795 2.140432
-0.1445649 -0.1112808 1.102275
0.01260665 -0.8217207 2.087175
9
0.04858411 -0.0128796 2.161752
-0.03203851 -0.03311408 2.112333
0.1277651 0.007895714 2.135309
-0.07816029 0.03509288 1.614229
0.03892817 -0.3924593 2.094233
-0.09317621 -0.0988441 1.22521
-0.003765394 -0.7596202 2.139174
-0.1461729 -0.1097709 1.101895
0.01238643 -0.8205835 2.087096
9
0.04858411 -0.0128796 2.161752
-0.03203851 -0.03311408 2.112333
0.1277651 0.007895714 2.135309
-0.07816029 0.03509288 1.614229
0.03892817 -0.3924593 2.094233
-0.09317621 -0.0988441 1.22521
-0.003765394 -0.7596202 2.139174
-0.1461729 -0.1097709 1.101895
0.01238643 -0.8205835 2.087096
9
0.04858411 -0.0128796 2.161752
-0.03203851 -0.03311408 2.112333
0.1277651 0.007895714 2.135309
-0.07816029 0.03509288 1.614229
0.03892817 -0.3924593 2.094233
-0.09317621 -0.0988441 1.22521
-0.003765394 -0.7596202 2.139174
-0.1461729 -0.1097709 1.101895
0.01238643 -0.8205835 2.087096
9
0.04877283 -0.01274581 2.161173
-0.03184614 -0.03254935 2.111242
0.1278934 0.007800834 2.135107
-0.07869911 0.03588364 1.61324
0.03831692 -0.3928941 2.093804
-0.09371568 -0.09805683 1.224222
-0.003562769 -0.759232 2.138856
-0.1468976 -0.1090831 1.10105
0.01289308 -0.8206872 2.089283
9
0.04891239 -0.007901166 2.164187
-0.03362556 -0.01454338 2.122169
0.1281513 0.007827844 2.135252
-0.02945853 0.1068405 1.758853
0.03804846 -0.3938668 2.093383
-0.04443708 -0.02677394 1.370059
-0.00352357 -0.7596549 2.138299
-0.1086578 -0.06417847 1.314453
0.01279961 -0.8211405 2.088778
9
0.04891239 -0.007901166 2.164187
-0.03362556 -0.01454338 2.122169
0.1281513 0.007827844 2.135252
-0.02945853 0.1068405 1.758853
0.03804846 -0.3938668 2.093383
-0.04443708 -0.02677394 1.370059
-0.00352357 -0.7596549 2.138299
-0.1086578 -0.06417847 1.314453
0.01279961 -0.8211405 2.088778
9
0.05018982 -0.006432085 2.166064
-0.03285516 -0.01320588 2.123353
0.1299725 0.007171515 2.136529
-0.02938453 0.1057723 1.759191
0.03771119 -0.395063 2.093304
-0.04436297 -0.02784042 1.370395
-0.003533079 -0.7602217 2.138052
-0.1150331 -0.002496876 1.262472
0.01297466 -0.8216243 2.088375
9
0.05018982 -0.006432085 2.166064
-0.03285516 -0.01320588 2.123353
0.1299725 0.007171515 2.136529
-0.02938453 0.1057723 1.759191
0.03771119 -0.395063 2.093304
-0.04436297 -0.02784042 1.370395
-0.003533079 -0.7602217 2.138052
-0.1150331 -0.002496876 1.262472
0.01297466 -0.8216243 2.088375
9
0.05018982 -0.006432085 2.166064
-0.03285516 -0.01320588 2.123353
0.1299725 0.007171515 2.136529
-0.02938453 0.1057723 1.759191
0.03771119 -0.395063 2.093304
-0.04436297 -0.02784042 1.370395
-0.003533079 -0.7602217 2.138052
-0.1150331 -0.002496876 1.262472
0.01297466 -0.8216243 2.088375
9
0.05018982 -0.006432085 2.166064
-0.03285516 -0.01320588 2.123353
0.1299725 0.007171515 2.136529
-0.02938453 0.1057723 1.759191
0.03771119 -0.395063 2.093304
-0.04436297 -0.02784042 1.370395
-0.003533079 -0.7602217 2.138052
-0.1150331 -0.002496876 1.262472
0.01297466 -0.8216243 2.088375
9
0.04751484 -0.00760358 2.167904
-0.03530417 -0.01422426 2.125894
0.127073 0.003692962 2.137075
-0.06316988 0.1174859 1.739118
0.0380238 -0.3955326 2.094045
-0.07812495 -0.01617998 1.350333
-0.003437017 -0.759938 2.138437
-0.1353722 0.01491308 1.233821
0.01255078 -0.8214337 2.088628
9
0.04751484 -0.00760358 2.167904
-0.03530417 -0.01422426 2.125894
0.127073 0.003692962 2.137075
-0.06316988 0.1174859 1.739118
0.0380238 -0.3955326 2.094045
-0.07812495 -0.01617998 1.350333
-0.003437017 -0.759938 2.138437
-0.1353722 0.01491308 1.233821
0.01255078 -0.8214337 2.088628
9
0.04751484 -0.00760358 2.167904
-0.03530417 -0.01422426 2.125894
0.127073 0.003692962 2.137075
-0.06316988 0.1174859 1.739118
0.0380238 -0.3955326 2.094045
-0.07812495 -0.01617998 1.350333
-0.003437017 -0.759938 2.138437
-0.1353722 0.01491308 1.233821
0.01255078 -0.8214337 2.088628
9
0.04392485 -0.008117486 2.170239
-0.03820125 -0.01434534 2.129412
0.1231609 0.001474167 2.137694
-0.077934 0.05499375 1.688402
0.03968093 -0.3931931 2.095215
-0.08670412 -0.08010755 1.29974
-0.00378139 -0.7599819 2.139109
-0.1376692 -0.02856516 1.188624
0.01300678 -0.8211161 2.088472
9
0.04392485 -0.008117486 2.170239
-0.03820125 -0.01434534 2.129412
0.1231609 0.001474167 2.137694
-0.077934 0.05499375 1.688402
0.03968093 -0.3931931 2.095215
-0.08670412 -0.08010755 1.29974
-0.00378139 -0.7599819 2.139109
-0.1376692 -0.02856516 1.188624
0.01300678 -0.8211161 2.088472
9
0.03813175 -0.004597444 2.162579
-0.04282046 -0.009177237 2.124412
0.1162737 0.001326946 2.124828
-0.09022686 0.01067535 1.68285
0.04097673 -0.3921402 2.096812
-0.09771121 -0.1325915 1.29689
-0.004061533 -0.7587537 2.139945
-0.1544189 -0.1838379 1.255859
0.01309213 -0.8196887 2.088684
9
0.03954739 -0.004048022 2.161778
-0.04080981 -0.007826974 2.123935
0.1177227 0.001057288 2.123693
-0.1031525 -0.04943902 1.678601
0.04213412 -0.3897899 2.101162
-0.1250615 -0.2104645 1.299846
-0.004058469 -0.7588782 2.140658
-0.1650486 -0.2670677 1.275709
0.0135412 -0.8193862 2.088042
9
0.03954739 -0.004048022 2.161778
-0.04080981 -0.007826974 2.123935
0.1177227 0.001057288 2.123693
-0.1031525 -0.04943902 1.678601
0.04213412 -0.3897899 2.101162
-0.1250615 -0.2104645 1.299846
-0.004058469 -0.7588782 2.140658
-0.1650486 -0.2670677 1.275709
0.0135412 -0.8193862 2.088042
9
0.0129207 -0.004071548 2.192952
-0.06429896 -0.002518883 2.152055
0.08887922 -0.006069272 2.159483
-0.1078234 -0.1022312 1.699036
0.04299898 -0.3879952 2.105087
-0.1530643 -0.3496482 1.371421
-0.004855455 -0.7582444 2.142546
-0.1370066 -0.3762022 1.253699
0.01324 -0.8190968 2.09181
9
0.0129207 -0.004071548 2.192952
-0.06429896 -0.002518883 2.152055
0.08887922 -0.006069272 2.159483
-0.1078234 -0.1022312 1.699036
0.04299898 -0.3879952 2.105087
-0.1530643 -0.3496482 1.371421
-0.004855455 -0.7582444 2.142546
-0.1370066 -0.3762022 1.253699
0.01324 -0.8190968 2.09181
9
0.0129207 -0.004071548 2.192952
-0.06429896 -0.002518883 2.152055
0.08887922 -0.006069272 2.159483
-0.1078234 -0.1022312 1.699036
0.04299898 -0.3879952 2.105087
-0.1530643 -0.3496482 1.371421
-0.004855455 -0.7582444 2.142546
-0.1370066 -0.3762022 1.253699
0.01324 -0.8190968 2.09181
9
0.01748225 0.0003097137 2.183857
-0.06104505 0.001532347 2.146413
0.09561414 -0.001093071 2.144842
-0.1085787 -0.1484558 1.729221
0.04463748 -0.3904919 2.110361
-0.1645156 -0.3673266 1.521727
-0.005065818 -0.7574918 2.143783
-0.16138 -0.3896814 1.39108
0.0123494 -0.8180969 2.089092
