40
9
0.02276491 -0.0002916364 2.1945
-0.04606441 0.007363698 2.136649
0.09119584 -0.008098386 2.17743
-0.06764884 -0.3752289 1.941478
0.06858461 -0.4381119 2.181997
-0.1506689 -0.7606729 1.979439
-0.0005588691 -0.7610093 2.179005
-0.150853 -0.8178325 1.91486
0.04121382 -0.8174787 2.127969
9
0.03029897 9.467748E-05 2.19344
-0.03947119 0.007556977 2.135496
0.09914389 -0.00745731 2.176378
-0.05503452 -0.3648292 1.906263
0.07937954 -0.4415506 2.17948
-0.1314923 -0.7447085 1.91397
-0.0002180122 -0.76475 2.177937
-0.1135401 -0.7879763 1.830547
0.04053041 -0.8181771 2.128391
9
0.03029897 9.467748E-05 2.19344
-0.03947119 0.007556977 2.135496
0.09914389 -0.00745731 2.176378
-0.05503452 -0.3648292 1.906263
0.07937954 -0.4415506 2.17948
-0.1314923 -0.7447085 1.91397
-0.0002180122 -0.76475 2.177937
-0.1135401 -0.7879763 1.830547
0.04053041 -0.8181771 2.128391
9
0.03423092 0.0007648865 2.19278
-0.03636818 0.007374696 2.134782
0.1039482 -0.005696476 2.175715
-0.02788258 -0.31429 1.859674
0.0920437 -0.4624056 2.171913
-0.08925524 -0.6961287 1.829141
0.005736557 -0.7666782 2.172949
-0.0748291 -0.7392578 1.738281
0.04920304 -0.8196931 2.12943
9
0.03423092 0.0007648865 2.19278
-0.03636818 0.007374696 2.134782
0.1039482 -0.005696476 2.175715
-0.02788258 -0.31429 1.859674
0.0920437 -0.4624056 2.171913
-0.08925524 -0.6961287 1.829141
0.005736557 -0.7666782 2.172949
-0.0748291 -0.7392578 1.738281
0.04920304 -0.8196931 2.12943
9
0.03721381 0.003141352 2.193212
-0.03556311 0.007790168 2.13439
0.1105163 0.0002775847 2.178195
-0.005247461 -0.2713788 1.81588
0.1003793 -0.457353 2.16345
-0.04197192 -0.6297034 1.732681
0.0373041 -0.7532805 2.161695
-0.02630615 -0.6787109 1.629883
0.06963982 -0.8191516 2.127844
9
0.03721381 0.003141352 2.193212
-0.03556311 0.007790168 2.13439
0.1105163 0.0002775847 2.178195
-0.005247461 -0.2713788 1.81588
0.1003793 -0.457353 2.16345
-0.04197192 -0.6297034 1.732681
0.0373041 -0.7532805 2.161695
-0.02630615 -0.6787109 1.629883
0.06963982 -0.8191516 2.127844
9
0.03984012 0.00728425 2.195899
-0.03480029 0.01009344 2.135859
0.1144597 0.005156577 2.181443
0.01455518 -0.2214646 1.78577
0.1271626 -0.3965326 2.151464
0.009274898 -0.5302436 1.652085
0.06163529 -0.6953279 2.155963
0.01608276 -0.5776367 1.551758
0.0993042 -0.7641602 2.123047
9
0.03984012 0.00728425 2.195899
-0.03480029 0.01009344 2.135859
0.1144597 0.005156577 2.181443
0.01455518 -0.2214646 1.78577
0.1271626 -0.3965326 2.151464
0.009274898 -0.5302436 1.652085
0.06163529 -0.6953279 2.155963
0.01608276 -0.5776367 1.551758
0.0993042 -0.7641602 2.123047
9
0.04020377 0.01152163 2.200813
-0.03596127 0.01330385 2.13974
0.1160965 0.009944057 2.187114
0.03458033 -0.1478607 1.771316
0.1411695 -0.3505234 2.149721
0.04256988 -0.4636595 1.508746
-0.01236349 -0.7205535 2.165422
0.06813339 -0.4831385 1.40851
0.02482224 -0.7450101 2.056741
9
0.04020377 0.01152163 2.200813
-0.03596127 0.01330385 2.13974
0.1160965 0.009944057 2.187114
0.03458033 -0.1478607 1.771316
0.1411695 -0.3505234 2.149721
0.04256988 -0.4636595 1.508746
-0.01236349 -0.7205535 2.165422
0.06813339 -0.4831385 1.40851
0.02482224 -0.7450101 2.056741
9
0.03860748 0.01476528 2.205159
-0.0399577 0.01730584 2.146269
0.115859 0.01226175 2.189681
0.06839796 -0.02119286 1.780123
0.1985298 -0.3280578 2.154768
0.09390305 -0.2970402 1.476556
0.07824258 -0.7110074 2.160242
0.1281421 -0.3259069 1.366582
0.1135021 -0.7356367 2.051337
9
0.03860748 0.01476528 2.205159
-0.0399577 0.01730584 2.146269
0.115859 0.01226175 2.189681
0.06839796 -0.02119286 1.780123
0.1985298 -0.3280578 2.154768
0.09390305 -0.2970402 1.476556
0.07824258 -0.7110074 2.160242
0.1281421 -0.3259069 1.366582
0.1135021 -0.7356367 2.051337
9
0.03442122 0.01713523 2.212548
-0.04554769 0.01953992 2.153211
0.1131784 0.01442681 2.197009
0.05781874 -0.02004363 1.785649
0.03395953 -0.4512123 2.145443
0.1047744 -0.2255702 1.43338
-0.008496294 -0.7508314 2.163443
0.138206 -0.2561561 1.323028
0.05509309 -0.8205826 2.122735
9
0.03442122 0.01713523 2.212548
-0.04554769 0.01953992 2.153211
0.1131784 0.01442681 2.197009
0.05781874 -0.02004363 1.785649
0.03395953 -0.4512123 2.145443
0.1047744 -0.2255702 1.43338
-0.008496294 -0.7508314 2.163443
0.138206 -0.2561561 1.323028
0.05509309 -0.8205826 2.122735
9
0.03265248 0.01645975 2.216684
-0.04759518 0.01753857 2.157233
0.1116437 0.01494585 2.201354
0.06388051 0.01090585 1.724585
0.05188899 -0.4500317 2.144281
0.09019272 -0.1697377 1.423041
-0.003861809 -0.7581325 2.158208
0.1238641 -0.2017926 1.31249
0.04961671 -0.8254202 2.127798
9
0.03265248 0.01645975 2.216684
-0.04759518 0.01753857 2.157233
0.1116437 0.01494585 2.201354
0.06388051 0.01090585 1.724585
0.05188899 -0.4500317 2.144281
0.09019272 -0.1697377 1.423041
-0.003861809 -0.7581325 2.158208
0.1238641 -0.2017926 1.31249
0.04961671 -0.8254202 2.127798
9
0.03229078 0.0153773 2.226727
-0.04853605 0.01372721 2.163207
0.1122126 0.0179885 2.217668
0.04172698 0.06745339 1.788048
0.06381507 -0.4410881 2.142825
0.068078 -0.1131687 1.486703
-0.004737788 -0.7597641 2.158088
0.1103162 -0.1337551 1.359226
0.06174441 -0.8260314 2.127382
9
0.03229078 0.0153773 2.226727
-0.04853605 0.01372721 2.163207
0.1122126 0.0179885 2.217668
0.04172698 0.06745339 1.788048
0.06381507 -0.4410881 2.142825
0.068078 -0.1131687 1.486703
-0.004737788 -0.7597641 2.158088
0.1103162 -0.1337551 1.359226
0.06174441 -0.8260314 2.127382
9
-0.01649312 -0.03498934 2.200778
-0.08283769 -0.02291813 2.148519
0.05037648 -0.04585825 2.177824
0.04510878 0.06714143 1.783445
0.078873 -0.4121592 2.135588
0.1025933 0.05765775 1.378352
-0.004501788 -0.7618811 2.156651
0.1358787 0.01929107 1.267842
0.06322879 -0.8252725 2.124076
9
-0.01649312 -0.03498934 2.200778
-0.08283769 -0.02291813 2.148519
0.05037648 -0.04585825 2.177824
0.04510878 0.06714143 1.783445
0.078873 -0.4121592 2.135588
0.1025933 0.05765775 1.378352
-0.004501788 -0.7618811 2.156651
0.1358787 0.01929107 1.267842
0.06322879 -0.8252725 2.124076
9
-0.006507592 -0.03218041 2.193564
-0.07416897 -0.02277535 2.141519
0.06182029 -0.03998355 2.170133
0.1062749 0.02077791 1.760661
0.08008037 -0.4079853 2.133897
0.1573414 0.01190722 1.362581
-0.002647034 -0.7627447 2.1551
0.1660156 -0.04937744 1.24707
0.06355844 -0.8252076 2.12351
9
-0.006507592 -0.03218041 2.193564
-0.07416897 -0.02277535 2.141519
0.06182029 -0.03998355 2.170133
0.1062749 0.02077791 1.760661
0.08008037 -0.4079853 2.133897
0.1573414 0.01190722 1.362581
-0.002647034 -0.7627447 2.1551
0.1660156 -0.04937744 1.24707
0.06355844 -0.8252076 2.12351
9
0.02601291 -0.02698381 2.177426
-0.04395321 -0.0220592 2.12435
0.09518848 -0.03072922 2.155276
0.1085488 0.02015459 1.760235
0.08078499 -0.4083121 2.132991
0.1596131 0.01128446 1.362152
-0.0010601 -0.7624344 2.153573
0.1915524 -0.02468529 1.251283
0.06239378 -0.8247908 2.122768
9
0.02601291 -0.02698381 2.177426
-0.04395321 -0.0220592 2.12435
0.09518848 -0.03072922 2.155276
0.1085488 0.02015459 1.760235
0.08078499 -0.4083121 2.132991
0.1596131 0.01128446 1.362152
-0.0010601 -0.7624344 2.153573
0.1915524 -0.02468529 1.251283
0.06239378 -0.8247908 2.122768
9
0.03027164 -0.02608584 2.175987
-0.03987609 -0.02192992 2.12343
0.09952065 -0.02907648 2.153241
0.1116557 0.01944607 1.760335
0.08257387 -0.4002912 2.130155
0.162716 0.01057664 1.362247
0.001008306 -0.7627431 2.151769
0.1945223 -0.02532793 1.251342
0.06358829 -0.8250841 2.122812
9
0.03027164 -0.02608584 2.175987
-0.03987609 -0.02192992 2.12343
0.09952065 -0.02907648 2.153241
0.1116557 0.01944607 1.760335
0.08257387 -0.4002912 2.130155
0.162716 0.01057664 1.362247
0.001008306 -0.7627431 2.151769
0.1945223 -0.02532793 1.251342
0.06358829 -0.8250841 2.122812
9
0.03307959 -0.02626416 2.176192
-0.03711167 -0.02262342 2.123749
0.1022763 -0.02880563 2.15336
0.1136049 0.01887663 1.760789
0.08290901 -0.3951793 2.128865
0.108284 0.1305035 1.369382
0.00222359 -0.7624266 2.151452
0.1635568 0.09219459 1.254559
0.06386799 -0.8249526 2.122455
9
0.03307959 -0.02626416 2.176192
-0.03711167 -0.02262342 2.123749
0.1022763 -0.02880563 2.15336
0.1136049 0.01887663 1.760789
0.08290901 -0.3951793 2.128865
0.108284 0.1305035 1.369382
0.00222359 -0.7624266 2.151452
0.1635568 0.09219459 1.254559
0.06386799 -0.8249526 2.122455
9
0.03307357 -0.02637238 2.176563
-0.03709084 -0.02269925 2.124056
0.102218 -0.02897014 2.153818
0.1143523 0.01875259 1.761649
0.08291384 -0.3949924 2.128816
0.1132034 0.06715772 1.418331
0.002654281 -0.7627168 2.151277
0.1441511 0.009632703 1.301278
0.05720935 -0.8246843 2.121957
9
0.03307357 -0.02637238 2.176563
-0.03709084 -0.02269925 2.124056
0.102218 -0.02897014 2.153818
0.1143523 0.01875259 1.761649
0.08291384 -0.3949924 2.128816
0.1132034 0.06715772 1.418331
0.002654281 -0.7627168 2.151277
0.1441511 0.009632703 1.301278
0.05720935 -0.8246843 2.121957
9
0.03374325 -0.02677322 2.176977
-0.03586632 -0.02315005 2.125142
0.1025268 -0.0293275 2.153862
0.1014153 0.1453996 1.696035
0.08192855 -0.4012656 2.131385
0.1122434 0.05236774 1.405011
0.00261662 -0.7636728 2.151335
0.1454581 0.01532002 1.294008
0.05203377 -0.8245344 2.121679
9
0.03374325 -0.02677322 2.176977
-0.03586632 -0.02315005 2.125142
0.1025268 -0.0293275 2.153862
0.1014153 0.1453996 1.696035
0.08192855 -0.4012656 2.131385
0.1122434 0.05236774 1.405011
0.00261662 -0.7636728 2.151335
0.1454581 0.01532002 1.294008
0.05203377 -0.8245344 2.121679
9
0.03440684 -0.03352061 2.185344
-0.0339167 -0.02880772 2.132658
0.1015409 -0.03717207 2.163123
0.1138016 0.1281465 1.699208
0.0813062 -0.4012775 2.132898
0.1264702 0.02033694 1.413328
0.001774866 -0.7648354 2.152103
0.159331 -0.01611372 1.302446
0.05007178 -0.8253794 2.124712
9
0.03440684 -0.03352061 2.185344
-0.0339167 -0.02880772 2.132658
0.1015409 -0.03717207 2.163123
0.1138016 0.1281465 1.699208
0.0813062 -0.4012775 2.132898
0.1264702 0.02033694 1.413328
0.001774866 -0.7648354 2.152103
0.159331 -0.01611372 1.302446
0.05007178 -0.8253794 2.124712
9
0.0102946 -0.03170487 2.185435
-0.05205506 -0.02506177 2.131136
0.0709924 -0.03785501 2.16505
0.05937651 0.07698663 1.779152
0.07716179 -0.4043538 2.137627
0.06814483 -0.02793197 1.49209
0.001749839 -0.7648585 2.152092
0.1091919 -0.06549072 1.388672
0.04858332 -0.8259851 2.127934
9
0.0102946 -0.03170487 2.185435
-0.05205506 -0.02506177 2.131136
0.0709924 -0.03785501 2.16505
0.05937651 0.07698663 1.779152
0.07716179 -0.4043538 2.137627
0.06814483 -0.02793197 1.49209
0.001749839 -0.7648585 2.152092
0.1091919 -0.06549072 1.388672
0.04858332 -0.8259851 2.127934
9
0.0102946 -0.03170487 2.185435
-0.05205506 -0.02506177 2.131136
0.0709924 -0.03785501 2.16505
0.05937651 0.07698663 1.779152
0.07716179 -0.4043538 2.137627
0.06814483 -0.02793197 1.49209
0.001749839 -0.7648585 2.152092
0.1091919 -0.06549072 1.388672
0.04858332 -0.8259851 2.127934
9
0.0102946 -0.03170487 2.185435
-0.05205506 -0.02506177 2.131136
0.0709924 -0.03785501 2.16505
0.05937651 0.07698663 1.779152
0.07716179 -0.4043538 2.137627
0.06814483 -0.02793197 1.49209
0.001749839 -0.7648585 2.152092
0.1091919 -0.06549072 1.388672
0.04858332 -0.8259851 2.127934
9
-0.07507778 -0.003633279 2.211698
-0.139201 0.01347836 2.161064
-0.008430922 -0.02061404 2.18715
0.00748696 0.176207 1.849834
0.03232921 -0.4358826 2.170925
0.08367385 -0.09398445 1.550221
0.001748999 -0.7648363 2.152147
0.1188717 -0.1306109 1.441316
0.04576524 -0.8252968 2.129158
