40
9
0.03227735 0.006914894 2.077421
-0.04433968 0.009051125 2.033919
0.1083847 0.004376513 2.045513
-0.1043384 -0.3018405 1.728677
0.08298304 -0.4166241 2.041195
-0.1458405 -0.608292 1.656349
0.03913889 -0.7560153 2.078851
-0.1837021 -0.6737528 1.568205
0.04680109 -0.8145413 2.001666
9
0.03227735 0.006914894 2.077421
-0.04433968 0.009051125 2.033919
0.1083847 0.004376513 2.045513
-0.1043384 -0.3018405 1.728677
0.08298304 -0.4166241 2.041195
-0.1458405 -0.608292 1.656349
0.03913889 -0.7560153 2.078851
-0.1837021 -0.6737528 1.568205
0.04680109 -0.8145413 2.001666
9
0.03271984 0.007202048 2.077643
-0.0442987 0.01045445 2.035341
0.1095473 0.004138105 2.045083
-0.1013328 -0.25707 1.693697
0.07896124 -0.4167333 2.030244
-0.1439829 -0.5319752 1.576558
0.03821548 -0.7550885 2.076073
-0.123602 -0.5556519 1.461236
0.04742834 -0.8145983 2.000873
9
0.03271984 0.007202048 2.077643
-0.0442987 0.01045445 2.035341
0.1095473 0.004138105 2.045083
-0.1013328 -0.25707 1.693697
0.07896124 -0.4167333 2.030244
-0.1439829 -0.5319752 1.576558
0.03821548 -0.7550885 2.076073
-0.123602 -0.5556519 1.461236
0.04742834 -0.8145983 2.000873
9
0.03257075 0.007520978 2.077885
-0.04576955 0.01170503 2.036737
0.1097021 0.004177642 2.044991
-0.09864129 -0.2107365 1.657727
0.07450919 -0.4161765 2.022995
-0.1507153 -0.4567926 1.486918
0.03733876 -0.7552137 2.074451
-0.1378174 -0.482666 1.359375
0.04776502 -0.815268 1.998079
9
0.03257075 0.007520978 2.077885
-0.04576955 0.01170503 2.036737
0.1097021 0.004177642 2.044991
-0.09864129 -0.2107365 1.657727
0.07450919 -0.4161765 2.022995
-0.1507153 -0.4567926 1.486918
0.03733876 -0.7552137 2.074451
-0.1378174 -0.482666 1.359375
0.04776502 -0.815268 1.998079
9
0.03233222 0.007562732 2.077726
-0.04753476 0.01213628 2.036225
0.1099734 0.003971258 2.044739
-0.09707627 -0.1653379 1.623684
0.0708216 -0.4115922 2.01423
-0.1455103 -0.3783475 1.410501
0.03458567 -0.7530865 2.071142
-0.1262622 -0.404216 1.294199
0.04810028 -0.8152006 1.998077
9
0.03233222 0.007562732 2.077726
-0.04753476 0.01213628 2.036225
0.1099734 0.003971258 2.044739
-0.09707627 -0.1653379 1.623684
0.0708216 -0.4115922 2.01423
-0.1455103 -0.3783475 1.410501
0.03458567 -0.7530865 2.071142
-0.1262622 -0.404216 1.294199
0.04810028 -0.8152006 1.998077
9
0.03539227 0.007819355 2.070575
-0.04627701 0.01130988 2.029885
0.1159342 0.005046663 2.035635
-0.0939845 -0.1109181 1.598429
0.07031845 -0.3989196 2.005291
-0.1667197 -0.3907265 1.306385
0.03192132 -0.7512015 2.066767
-0.1474292 -0.4155126 1.190263
0.04898581 -0.8153706 1.997659
9
0.03539227 0.007819355 2.070575
-0.04627701 0.01130988 2.029885
0.1159342 0.005046663 2.035635
-0.0939845 -0.1109181 1.598429
0.07031845 -0.3989196 2.005291
-0.1667197 -0.3907265 1.306385
0.03192132 -0.7512015 2.066767
-0.1474292 -0.4155126 1.190263
0.04898581 -0.8153706 1.997659
9
0.03127497 0.002877126 2.071779
-0.05091937 0.001838593 2.031702
0.112105 0.002759164 2.036588
-0.08808002 -0.04180495 1.594632
0.07088149 -0.3948784 2.001201
-0.1608968 -0.3220167 1.302952
0.03135355 -0.7516305 2.063411
-0.1539261 -0.2960986 1.193301
0.0541979 -0.816993 1.993887
9
0.04131662 -0.01207179 2.063027
-0.03226641 -0.03245347 2.015251
0.1160221 -0.0001601609 2.03314
-0.07662601 -0.00658342 1.576239
0.07191168 -0.3939761 1.999242
-0.129459 -0.2210912 1.290823
0.03183869 -0.7537398 2.060255
-0.1466268 -0.1703123 1.164084
0.0536005 -0.8166955 1.993074
9
0.04131662 -0.01207179 2.063027
-0.03226641 -0.03245347 2.015251
0.1160221 -0.0001601609 2.03314
-0.07662601 -0.00658342 1.576239
0.07191168 -0.3939761 1.999242
-0.129459 -0.2210912 1.290823
0.03183869 -0.7537398 2.060255
-0.1466268 -0.1703123 1.164084
0.0536005 -0.8166955 1.993074
9
0.04131662 -0.01207179 2.063027
-0.03226641 -0.03245347 2.015251
0.1160221 -0.0001601609 2.03314
-0.07662601 -0.00658342 1.576239
0.07191168 -0.3939761 1.999242
-0.129459 -0.2210912 1.290823
0.03183869 -0.7537398 2.060255
-0.1466268 -0.1703123 1.164084
0.0536005 -0.8166955 1.993074
9
0.04131662 -0.01207179 2.063027
-0.03226641 -0.03245347 2.015251
0.1160221 -0.0001601609 2.03314
-0.07662601 -0.00658342 1.576239
0.07191168 -0.3939761 1.999242
-0.129459 -0.2210912 1.290823
0.03183869 -0.7537398 2.060255
-0.1466268 -0.1703123 1.164084
0.0536005 -0.8166955 1.993074
9
0.04131662 -0.01207179 2.063027
-0.03226641 -0.03245347 2.015251
0.1160221 -0.0001601609 2.03314
-0.07662601 -0.00658342 1.576239
0.07191168 -0.3939761 1.999242
-0.129459 -0.2210912 1.290823
0.03183869 -0.7537398 2.060255
-0.1466268 -0.1703123 1.164084
0.0536005 -0.8166955 1.993074
9
0.05779799 -0.0169466 2.055852
-0.02420015 -0.03416031 2.010513
0.1380735 -0.002323405 2.026004
-0.05580544 0.06682796 1.574142
0.07205428 -0.3931161 1.996286
-0.1100236 -0.1519202 1.291144
0.03177046 -0.754595 2.055005
-0.1469727 -0.1154785 1.166016
0.05270993 -0.8161024 1.990973
9
0.05779799 -0.0169466 2.055852
-0.02420015 -0.03416031 2.010513
0.1380735 -0.002323405 2.026004
-0.05580544 0.06682796 1.574142
0.07205428 -0.3931161 1.996286
-0.1100236 -0.1519202 1.291144
0.03177046 -0.754595 2.055005
-0.1469727 -0.1154785 1.166016
0.05270993 -0.8161024 1.990973
9
0.06038607 -0.01710838 2.053504
-0.02161409 -0.03405893 2.007797
0.1404251 -0.001928693 2.024016
-0.05199688 0.08791557 1.582623
0.07187527 -0.3930405 1.993896
-0.1062223 -0.1308616 1.299728
0.03195871 -0.7554561 2.052508
-0.1462284 -0.112313 1.170644
0.05291712 -0.8161333 1.990501
9
0.06038607 -0.01710838 2.053504
-0.02161409 -0.03405893 2.007797
0.1404251 -0.001928693 2.024016
-0.05199688 0.08791557 1.582623
0.07187527 -0.3930405 1.993896
-0.1062223 -0.1308616 1.299728
0.03195871 -0.7554561 2.052508
-0.1462284 -0.112313 1.170644
0.05291712 -0.8161333 1.990501
9
0.06038607 -0.01710838 2.053504
-0.02161409 -0.03405893 2.007797
0.1404251 -0.001928693 2.024016
-0.05199688 0.08791557 1.582623
0.07187527 -0.3930405 1.993896
-0.1062223 -0.1308616 1.299728
0.03195871 -0.7554561 2.052508
-0.1462284 -0.112313 1.170644
0.05291712 -0.8161333 1.990501
9
0.06038607 -0.01710838 2.053504
-0.02161409 -0.03405893 2.007797
0.1404251 -0.001928693 2.024016
-0.05199688 0.08791557 1.582623
0.07187527 -0.3930405 1.993896
-0.1062223 -0.1308616 1.299728
0.03195871 -0.7554561 2.052508
-0.1462284 -0.112313 1.170644
0.05291712 -0.8161333 1.990501
9
0.06287843 -0.01772298 2.052634
-0.01896196 -0.03450357 2.007381
0.1425681 -0.002148079 2.022718
-0.04853946 0.09495916 1.586349
0.0707976 -0.3918626 1.992809
-0.1027725 -0.1238234 1.303491
0.03114416 -0.7559482 2.049361
-0.1463699 -0.1081161 1.175672
0.05292237 -0.8161427 1.990559
9
0.06578001 -0.01839704 2.053
-0.01627554 -0.03504173 2.008006
0.1454448 -0.002478997 2.022798
-0.04826935 0.09038128 1.584364
0.07066604 -0.3919232 1.992777
-0.1025046 -0.1283965 1.301486
0.03099602 -0.7560598 2.0491
-0.1468093 -0.1081713 1.174724
0.05400452 -0.8169299 1.987831
9
0.06578001 -0.01839704 2.053
-0.01627554 -0.03504173 2.008006
0.1454448 -0.002478997 2.022798
-0.04826935 0.09038128 1.584364
0.07066604 -0.3919232 1.992777
-0.1025046 -0.1283965 1.301486
0.03099602 -0.7560598 2.0491
-0.1468093 -0.1081713 1.174724
0.05400452 -0.8169299 1.987831
9
0.06578001 -0.01839704 2.053
-0.01627554 -0.03504173 2.008006
0.1454448 -0.002478997 2.022798
-0.04826935 0.09038128 1.584364
0.07066604 -0.3919232 1.992777
-0.1025046 -0.1283965 1.301486
0.03099602 -0.7560598 2.0491
-0.1468093 -0.1081713 1.174724
0.05400452 -0.8169299 1.987831
9
0.06578001 -0.01839704 2.053
-0.01627554 -0.03504173 2.008006
0.1454448 -0.002478997 2.022798
-0.04826935 0.09038128 1.584364
0.07066604 -0.3919232 1.992777
-0.1025046 -0.1283965 1.301486
0.03099602 -0.7560598 2.0491
-0.1468093 -0.1081713 1.174724
0.05400452 -0.8169299 1.987831
9
0.06520861 -0.01912498 2.055494
-0.01652424 -0.03555537 2.011055
0.1446238 -0.003058177 2.024775
-0.06514537 0.02379948 1.561473
0.07189187 -0.3867936 1.994211
-0.1225825 -0.2040635 1.283098
0.0307255 -0.7561578 2.049018
-0.1447723 -0.1305287 1.173444
0.05399843 -0.8169217 1.987838
9
0.06520861 -0.01912498 2.055494
-0.01652424 -0.03555537 2.011055
0.1446238 -0.003058177 2.024775
-0.06514537 0.02379948 1.561473
0.07189187 -0.3867936 1.994211
-0.1225825 -0.2040635 1.283098
0.0307255 -0.7561578 2.049018
-0.1447723 -0.1305287 1.173444
0.05399843 -0.8169217 1.987838
9
0.06091226 -0.01961773 2.060645
-0.02024693 -0.0352904 2.018085
0.1397947 -0.00384597 2.028464
-0.06785757 0.0110553 1.575188
0.07251068 -0.3875757 1.995969
-0.1402759 -0.2562088 1.271223
0.03073509 -0.7562594 2.049064
-0.1580811 -0.1933594 1.172852
0.05385058 -0.8168536 1.988
9
0.06091226 -0.01961773 2.060645
-0.02024693 -0.0352904 2.018085
0.1397947 -0.00384597 2.028464
-0.06785757 0.0110553 1.575188
0.07251068 -0.3875757 1.995969
-0.1402759 -0.2562088 1.271223
0.03073509 -0.7562594 2.049064
-0.1580811 -0.1933594 1.172852
0.05385058 -0.8168536 1.988
9
0.0743475 -0.01207527 2.044827
-0.004896442 -0.02469007 2.00053
0.1512785 0.00125714 2.013659
-0.08124129 -0.05072857 1.579986
0.07314722 -0.386935 1.999392
-0.1516801 -0.3090039 1.267906
0.03140907 -0.7570667 2.049841
-0.1690626 -0.2462741 1.183196
0.05436311 -0.8176669 1.990592
9
0.0743475 -0.01207527 2.044827
-0.004896442 -0.02469007 2.00053
0.1512785 0.00125714 2.013659
-0.08124129 -0.05072857 1.579986
0.07314722 -0.386935 1.999392
-0.1516801 -0.3090039 1.267906
0.03140907 -0.7570667 2.049841
-0.1690626 -0.2462741 1.183196
0.05436311 -0.8176669 1.990592
9
0.0760693 -0.01080597 2.043307
-0.002803058 -0.0227212 1.998934
0.152492 0.001839423 2.012321
-0.09078619 -0.1135142 1.591591
0.07322931 -0.3836638 2.003349
-0.1611274 -0.3714114 1.279197
0.03161857 -0.756466 2.050362
-0.1777493 -0.3088308 1.192894
0.0538054 -0.8173583 1.990662
9
0.0760693 -0.01080597 2.043307
-0.002803058 -0.0227212 1.998934
0.152492 0.001839423 2.012321
-0.09078619 -0.1135142 1.591591
0.07322931 -0.3836638 2.003349
-0.1611274 -0.3714114 1.279197
0.03161857 -0.756466 2.050362
-0.1777493 -0.3088308 1.192894
0.0538054 -0.8173583 1.990662
9
0.06469688 0.001363862 2.068715
-0.0187235 0.002487715 2.045097
0.1460972 0.004441335 2.021848
-0.0879999 -0.1548647 1.635452
0.07435002 -0.3852029 2.007278
-0.1782046 -0.3689236 1.434647
0.03149675 -0.7548873 2.053294
-0.173995 -0.3823974 1.298595
0.05325311 -0.8175154 1.995316
9
0.06469688 0.001363862 2.068715
-0.0187235 0.002487715 2.045097
0.1460972 0.004441335 2.021848
-0.0879999 -0.1548647 1.635452
0.07435002 -0.3852029 2.007278
-0.1782046 -0.3689236 1.434647
0.03149675 -0.7548873 2.053294
-0.173995 -0.3823974 1.298595
0.05325311 -0.8175154 1.995316
9
0.04478538 0.01076655 2.08803
-0.03660017 0.01326523 2.055314
0.1256442 0.007813318 2.046882
-0.08843137 -0.1947124 1.676362
0.07557186 -0.390611 2.014623
-0.1805282 -0.4380685 1.479231
0.03137151 -0.7544314 2.054789
-0.1745605 -0.4628906 1.354492
0.0535642 -0.8177949 1.995589
9
0.04478538 0.01076655 2.08803
-0.03660017 0.01326523 2.055314
0.1256442 0.007813318 2.046882
-0.08843137 -0.1947124 1.676362
0.07557186 -0.390611 2.014623
-0.1805282 -0.4380685 1.479231
0.03137151 -0.7544314 2.054789
-0.1745605 -0.4628906 1.354492
0.0535642 -0.8177949 1.995589
9
0.04478538 0.01076655 2.08803
-0.03660017 0.01326523 2.055314
0.1256442 0.007813318 2.046882
-0.08843137 -0.1947124 1.676362
0.07557186 -0.390611 2.014623
-0.1805282 -0.4380685 1.479231
0.03137151 -0.7544314 2.054789
-0.1745605 -0.4628906 1.354492
0.0535642 -0.8177949 1.995589
