40
9
0.1828317 -0.02076433 1.656774
0.09491937 -0.01475537 1.621032
0.2622829 -0.02588735 1.616983
0.08840229 -0.4600914 1.613845
0.1876839 -0.456068 1.668789
0.05735023 -0.7830072 1.591305
0.140986 -0.800213 1.653717
0.006086987 -0.8456393 1.522687
0.05915005 -0.8460931 1.554674
9
0.1828317 -0.02076433 1.656774
0.09491937 -0.01475537 1.621032
0.2622829 -0.02588735 1.616983
0.08840229 -0.4600914 1.613845
0.1876839 -0.456068 1.668789
0.05735023 -0.7830072 1.591305
0.140986 -0.800213 1.653717
0.006086987 -0.8456393 1.522687
0.05915005 -0.8460931 1.554674
9
0.1826141 -0.0209535 1.656362
0.0947414 -0.01492907 1.620691
0.2620389 -0.02607531 1.616489
0.08324666 -0.4586991 1.601457
0.1878183 -0.456453 1.667695
0.05742028 -0.7830492 1.591235
0.1405644 -0.8001208 1.653864
0.006847765 -0.8459522 1.522256
0.1845121 -0.8549209 1.567864
9
0.1826141 -0.0209535 1.656362
0.0947414 -0.01492907 1.620691
0.2620389 -0.02607531 1.616489
0.08324666 -0.4586991 1.601457
0.1878183 -0.456453 1.667695
0.05742028 -0.7830492 1.591235
0.1405644 -0.8001208 1.653864
0.006847765 -0.8459522 1.522256
0.1845121 -0.8549209 1.567864
9
0.1819687 -0.02086524 1.65579
0.0941433 -0.01458821 1.620101
0.2613356 -0.02623435 1.615887
0.06793606 -0.4286456 1.550377
0.1887801 -0.4580059 1.663333
0.05606397 -0.782531 1.585228
0.1406172 -0.8001081 1.653846
0.005259149 -0.8472445 1.521217
0.05645752 -0.847168 1.549805
9
0.1818642 -0.02055264 1.655231
0.09391729 -0.01378319 1.619308
0.2613157 -0.02622668 1.615465
0.06289211 -0.4100056 1.504755
0.1995593 -0.459423 1.664115
0.05513696 -0.7771158 1.566856
0.1406032 -0.8000881 1.653833
0.008671243 -0.8485944 1.519464
0.05336611 -0.847168 1.547332
9
0.1818642 -0.02055264 1.655231
0.09391729 -0.01378319 1.619308
0.2613157 -0.02622668 1.615465
0.06289211 -0.4100056 1.504755
0.1995593 -0.459423 1.664115
0.05513696 -0.7771158 1.566856
0.1406032 -0.8000881 1.653833
0.008671243 -0.8485944 1.519464
0.05336611 -0.847168 1.547332
9
0.1818642 -0.02055264 1.655231
0.09391729 -0.01378319 1.619308
0.2613157 -0.02622668 1.615465
0.06289211 -0.4100056 1.504755
0.1995593 -0.459423 1.664115
0.05513696 -0.7771158 1.566856
0.1406032 -0.8000881 1.653833
0.008671243 -0.8485944 1.519464
0.05336611 -0.847168 1.547332
9
0.1818642 -0.02055264 1.655231
0.09391729 -0.01378319 1.619308
0.2613157 -0.02622668 1.615465
0.06289211 -0.4100056 1.504755
0.1995593 -0.459423 1.664115
0.05513696 -0.7771158 1.566856
0.1406032 -0.8000881 1.653833
0.008671243 -0.8485944 1.519464
0.05336611 -0.847168 1.547332
9
0.1818642 -0.02055264 1.655231
0.09391729 -0.01378319 1.619308
0.2613157 -0.02622668 1.615465
0.06289211 -0.4100056 1.504755
0.1995593 -0.459423 1.664115
0.05513696 -0.7771158 1.566856
0.1406032 -0.8000881 1.653833
0.008671243 -0.8485944 1.519464
0.05336611 -0.847168 1.547332
9
0.1826767 -0.01971124 1.654218
0.09429683 -0.01239231 1.618477
0.2627444 -0.0259027 1.614076
0.05713961 -0.3555353 1.411023
0.2073483 -0.4601198 1.662233
0.04007376 -0.67669 1.404394
0.1432632 -0.8006054 1.652762
0.04420388 -0.7076079 1.263408
0.06285351 -0.846954 1.545847
9
0.1826767 -0.01971124 1.654218
0.09429683 -0.01239231 1.618477
0.2627444 -0.0259027 1.614076
0.05713961 -0.3555353 1.411023
0.2073483 -0.4601198 1.662233
0.04007376 -0.67669 1.404394
0.1432632 -0.8006054 1.652762
0.04420388 -0.7076079 1.263408
0.06285351 -0.846954 1.545847
9
0.1826767 -0.01971124 1.654218
0.09429683 -0.01239231 1.618477
0.2627444 -0.0259027 1.614076
0.05713961 -0.3555353 1.411023
0.2073483 -0.4601198 1.662233
0.04007376 -0.67669 1.404394
0.1432632 -0.8006054 1.652762
0.04420388 -0.7076079 1.263408
0.06285351 -0.846954 1.545847
9
0.1826767 -0.01971124 1.654218
0.09429683 -0.01239231 1.618477
0.2627444 -0.0259027 1.614076
0.05713961 -0.3555353 1.411023
0.2073483 -0.4601198 1.662233
0.04007376 -0.67669 1.404394
0.1432632 -0.8006054 1.652762
0.04420388 -0.7076079 1.263408
0.06285351 -0.846954 1.545847
9
0.1849253 -0.01671781 1.651462
0.0951025 -0.009662468 1.616886
0.2668528 -0.02283192 1.609814
0.05906244 -0.2812196 1.324519
0.2099332 -0.4574965 1.656392
0.02712175 -0.5624367 1.212415
0.1463457 -0.8002551 1.650795
0.03071814 -0.6128488 1.104011
0.06444477 -0.8475344 1.546037
9
0.1849253 -0.01671781 1.651462
0.0951025 -0.009662468 1.616886
0.2668528 -0.02283192 1.609814
0.05906244 -0.2812196 1.324519
0.2099332 -0.4574965 1.656392
0.02712175 -0.5624367 1.212415
0.1463457 -0.8002551 1.650795
0.03071814 -0.6128488 1.104011
0.06444477 -0.8475344 1.546037
9
0.1849253 -0.01671781 1.651462
0.0951025 -0.009662468 1.616886
0.2668528 -0.02283192 1.609814
0.05906244 -0.2812196 1.324519
0.2099332 -0.4574965 1.656392
0.02712175 -0.5624367 1.212415
0.1463457 -0.8002551 1.650795
0.03071814 -0.6128488 1.104011
0.06444477 -0.8475344 1.546037
9
0.1909867 -0.01360439 1.646719
0.09852218 -0.007472302 1.612626
0.2754526 -0.01890897 1.605018
0.06431035 -0.1985523 1.243905
0.2132064 -0.4530748 1.647663
0.006910961 -0.4135226 1.030167
0.1522139 -0.7981171 1.648517
0.0142244 -0.4339746 0.8652403
0.09182288 -0.8468977 1.541569
9
0.1909867 -0.01360439 1.646719
0.09852218 -0.007472302 1.612626
0.2754526 -0.01890897 1.605018
0.06431035 -0.1985523 1.243905
0.2132064 -0.4530748 1.647663
0.006910961 -0.4135226 1.030167
0.1522139 -0.7981171 1.648517
0.0142244 -0.4339746 0.8652403
0.09182288 -0.8468977 1.541569
9
0.1909867 -0.01360439 1.646719
0.09852218 -0.007472302 1.612626
0.2754526 -0.01890897 1.605018
0.06431035 -0.1985523 1.243905
0.2132064 -0.4530748 1.647663
0.006910961 -0.4135226 1.030167
0.1522139 -0.7981171 1.648517
0.0142244 -0.4339746 0.8652403
0.09182288 -0.8468977 1.541569
9
0.1909867 -0.01360439 1.646719
0.09852218 -0.007472302 1.612626
0.2754526 -0.01890897 1.605018
0.06431035 -0.1985523 1.243905
0.2132064 -0.4530748 1.647663
0.006910961 -0.4135226 1.030167
0.1522139 -0.7981171 1.648517
0.0142244 -0.4339746 0.8652403
0.09182288 -0.8468977 1.541569
9
0.1909033 -0.009627816 1.643775
0.09621046 -0.0002508261 1.610796
0.2769364 -0.01687939 1.600465
0.05715616 -0.0896667 1.179932
0.2186508 -0.4472063 1.629091
-0.0112449 -0.3542462 0.872147
0.1518536 -0.7975581 1.649361
0.02302494 -0.238899 0.7550966
0.09081429 -0.8478152 1.544346
9
0.1909033 -0.009627816 1.643775
0.09621046 -0.0002508261 1.610796
0.2769364 -0.01687939 1.600465
0.05715616 -0.0896667 1.179932
0.2186508 -0.4472063 1.629091
-0.0112449 -0.3542462 0.872147
0.1518536 -0.7975581 1.649361
0.02302494 -0.238899 0.7550966
0.09081429 -0.8478152 1.544346
9
0.1700432 -0.00205416 1.652426
0.06550659 0.01678879 1.627851
0.263962 -0.01646725 1.603863
0.06213978 -0.01811349 1.189824
0.2206603 -0.4394398 1.615418
-0.006261694 -0.2830476 0.882867
0.1518053 -0.7956142 1.649969
0.02259052 -0.1846509 0.7482484
0.09221076 -0.8484688 1.545637
9
0.1700432 -0.00205416 1.652426
0.06550659 0.01678879 1.627851
0.263962 -0.01646725 1.603863
0.06213978 -0.01811349 1.189824
0.2206603 -0.4394398 1.615418
-0.006261694 -0.2830476 0.882867
0.1518053 -0.7956142 1.649969
0.02259052 -0.1846509 0.7482484
0.09221076 -0.8484688 1.545637
9
0.1700432 -0.00205416 1.652426
0.06550659 0.01678879 1.627851
0.263962 -0.01646725 1.603863
0.06213978 -0.01811349 1.189824
0.2206603 -0.4394398 1.615418
-0.006261694 -0.2830476 0.882867
0.1518053 -0.7956142 1.649969
0.02259052 -0.1846509 0.7482484
0.09221076 -0.8484688 1.545637
9
0.1700432 -0.00205416 1.652426
0.06550659 0.01678879 1.627851
0.263962 -0.01646725 1.603863
0.06213978 -0.01811349 1.189824
0.2206603 -0.4394398 1.615418
-0.006261694 -0.2830476 0.882867
0.1518053 -0.7956142 1.649969
0.02259052 -0.1846509 0.7482484
0.09221076 -0.8484688 1.545637
9
0.1700432 -0.00205416 1.652426
0.06550659 0.01678879 1.627851
0.263962 -0.01646725 1.603863
0.06213978 -0.01811349 1.189824
0.2206603 -0.4394398 1.615418
-0.006261694 -0.2830476 0.882867
0.1518053 -0.7956142 1.649969
0.02259052 -0.1846509 0.7482484
0.09221076 -0.8484688 1.545637
9
0.1700432 -0.00205416 1.652426
0.06550659 0.01678879 1.627851
0.263962 -0.01646725 1.603863
0.06213978 -0.01811349 1.189824
0.2206603 -0.4394398 1.615418
-0.006261694 -0.2830476 0.882867
0.1518053 -0.7956142 1.649969
0.02259052 -0.1846509 0.7482484
0.09221076 -0.8484688 1.545637
9
0.1700432 -0.00205416 1.652426
0.06550659 0.01678879 1.627851
0.263962 -0.01646725 1.603863
0.06213978 -0.01811349 1.189824
0.2206603 -0.4394398 1.615418
-0.006261694 -0.2830476 0.882867
0.1518053 -0.7956142 1.649969
0.02259052 -0.1846509 0.7482484
0.09221076 -0.8484688 1.545637
9
0.1700432 -0.00205416 1.652426
0.06550659 0.01678879 1.627851
0.263962 -0.01646725 1.603863
0.06213978 -0.01811349 1.189824
0.2206603 -0.4394398 1.615418
-0.006261694 -0.2830476 0.882867
0.1518053 -0.7956142 1.649969
0.02259052 -0.1846509 0.7482484
0.09221076 -0.8484688 1.545637
9
0.1700432 -0.00205416 1.652426
0.06550659 0.01678879 1.627851
0.263962 -0.01646725 1.603863
0.06213978 -0.01811349 1.189824
0.2206603 -0.4394398 1.615418
-0.006261694 -0.2830476 0.882867
0.1518053 -0.7956142 1.649969
0.02259052 -0.1846509 0.7482484
0.09221076 -0.8484688 1.545637
9
0.1700432 -0.00205416 1.652426
0.06550659 0.01678879 1.627851
0.263962 -0.01646725 1.603863
0.06213978 -0.01811349 1.189824
0.2206603 -0.4394398 1.615418
-0.006261694 -0.2830476 0.882867
0.1518053 -0.7956142 1.649969
0.02259052 -0.1846509 0.7482484
0.09221076 -0.8484688 1.545637
9
0.1108633 0.01014203 1.68774
0.02813705 0.02369878 1.658663
0.1897098 -0.004074325 1.640061
-0.06572822 -0.1765665 1.235237
0.21262 -0.4282894 1.596041
-0.01586412 -0.0421662 0.8499265
0.1464417 -0.799733 1.651921
-0.01794443 -0.08757599 0.7053682
0.09185942 -0.8487718 1.545758
9
0.1108633 0.01014203 1.68774
0.02813705 0.02369878 1.658663
0.1897098 -0.004074325 1.640061
-0.06572822 -0.1765665 1.235237
0.21262 -0.4282894 1.596041
-0.01586412 -0.0421662 0.8499265
0.1464417 -0.799733 1.651921
-0.01794443 -0.08757599 0.7053682
0.09185942 -0.8487718 1.545758
9
0.1128621 0.00958405 1.687383
0.04039755 0.01444027 1.656653
0.1887824 -0.001299636 1.640317
0.2400605 -0.2750633 1.339584
0.2117756 -0.4268667 1.594355
0.0603605 -0.0855406 1.02053
0.1428202 -0.8033667 1.651713
0.05571636 -0.1296938 0.8761403
0.09401961 -0.8491517 1.545787
9
0.1128621 0.00958405 1.687383
0.04039755 0.01444027 1.656653
0.1887824 -0.001299636 1.640317
0.2400605 -0.2750633 1.339584
0.2117756 -0.4268667 1.594355
0.0603605 -0.0855406 1.02053
0.1428202 -0.8033667 1.651713
0.05571636 -0.1296938 0.8761403
0.09401961 -0.8491517 1.545787
9
0.1151439 0.006994444 1.686964
0.04431595 0.009009335 1.65593
0.1887035 -0.001264487 1.640352
0.2426153 -0.2792905 1.336854
0.2115848 -0.4263102 1.593668
0.062957 -0.09057608 1.017344
0.1419038 -0.8051344 1.652213
0.06030276 -0.1347016 0.8730541
0.09334984 -0.8496083 1.546197
9
0.1151439 0.006994444 1.686964
0.04431595 0.009009335 1.65593
0.1887035 -0.001264487 1.640352
0.2426153 -0.2792905 1.336854
0.2115848 -0.4263102 1.593668
0.062957 -0.09057608 1.017344
0.1419038 -0.8051344 1.652213
0.06030276 -0.1347016 0.8730541
0.09334984 -0.8496083 1.546197
9
0.1164893 0.006052588 1.686174
0.04603731 0.007577442 1.654458
0.1886419 -0.001153266 1.640343
0.2438292 -0.2809379 1.335272
0.2115062 -0.425017 1.592221
0.06428308 -0.09263434 1.015479
0.1416251 -0.805535 1.652121
0.06406799 -0.1368891 0.8712921
0.07069165 -0.8543265 1.5406
