40
9
0.1930669 -0.2230131 2.068772
0.1116096 -0.2132249 2.013102
0.2677563 -0.2247489 2.050868
0.09074329 -0.5369396 1.765734
0.2318064 -0.6570006 2.053444
0.06522348 -0.8679883 1.764827
0.1781392 -0.9705854 2.061672
0.06484772 -0.9321421 1.670261
0.167044 -1.039936 1.973966
9
0.1930669 -0.2230131 2.068772
0.1116096 -0.2132249 2.013102
0.2677563 -0.2247489 2.050868
0.09074329 -0.5369396 1.765734
0.2318064 -0.6570006 2.053444
0.06522348 -0.8679883 1.764827
0.1781392 -0.9705854 2.061672
0.06484772 -0.9321421 1.670261
0.167044 -1.039936 1.973966
9
0.1930669 -0.2230131 2.068772
0.1116096 -0.2132249 2.013102
0.2677563 -0.2247489 2.050868
0.09074329 -0.5369396 1.765734
0.2318064 -0.6570006 2.053444
0.06522348 -0.8679883 1.764827
0.1781392 -0.9705854 2.061672
0.06484772 -0.9321421 1.670261
0.167044 -1.039936 1.973966
9
0.1930669 -0.2230131 2.068772
0.1116096 -0.2132249 2.013102
0.2677563 -0.2247489 2.050868
0.09074329 -0.5369396 1.765734
0.2318064 -0.6570006 2.053444
0.06522348 -0.8679883 1.764827
0.1781392 -0.9705854 2.061672
0.06484772 -0.9321421 1.670261
0.167044 -1.039936 1.973966
9
0.1930669 -0.2230131 2.068772
0.1116096 -0.2132249 2.013102
0.2677563 -0.2247489 2.050868
0.09074329 -0.5369396 1.765734
0.2318064 -0.6570006 2.053444
0.06522348 -0.8679883 1.764827
0.1781392 -0.9705854 2.061672
0.06484772 -0.9321421 1.670261
0.167044 -1.039936 1.973966
9
0.206656 -0.21401 2.063842
0.1193728 -0.2066839 2.009088
0.2880471 -0.2133436 2.045115
0.1522218 -0.3419019 1.62504
0.232151 -0.6071641 2.039032
0.1816737 -0.5630384 1.3593
0.1415674 -1.003635 2.047838
0.2054443 -0.5766602 1.216797
0.2162293 -1.030118 1.964745
9
0.206656 -0.21401 2.063842
0.1193728 -0.2066839 2.009088
0.2880471 -0.2133436 2.045115
0.1522218 -0.3419019 1.62504
0.232151 -0.6071641 2.039032
0.1816737 -0.5630384 1.3593
0.1415674 -1.003635 2.047838
0.2054443 -0.5766602 1.216797
0.2162293 -1.030118 1.964745
9
0.2101769 -0.2127103 2.061463
0.1214861 -0.2058927 2.006923
0.2923455 -0.2116954 2.042741
0.1563504 -0.276978 1.598976
0.2336584 -0.603994 2.039048
0.1927769 -0.4511905 1.330774
0.1416859 -0.9830432 2.042711
0.2198486 -0.4822433 1.190131
0.1868302 -1.052987 1.983597
9
0.2101769 -0.2127103 2.061463
0.1214861 -0.2058927 2.006923
0.2923455 -0.2116954 2.042741
0.1563504 -0.276978 1.598976
0.2336584 -0.603994 2.039048
0.1927769 -0.4511905 1.330774
0.1416859 -0.9830432 2.042711
0.2198486 -0.4822433 1.190131
0.1868302 -1.052987 1.983597
9
0.2101769 -0.2127103 2.061463
0.1214861 -0.2058927 2.006923
0.2923455 -0.2116954 2.042741
0.1563504 -0.276978 1.598976
0.2336584 -0.603994 2.039048
0.1927769 -0.4511905 1.330774
0.1416859 -0.9830432 2.042711
0.2198486 -0.4822433 1.190131
0.1868302 -1.052987 1.983597
9
0.2101769 -0.2127103 2.061463
0.1214861 -0.2058927 2.006923
0.2923455 -0.2116954 2.042741
0.1563504 -0.276978 1.598976
0.2336584 -0.603994 2.039048
0.1927769 -0.4511905 1.330774
0.1416859 -0.9830432 2.042711
0.2198486 -0.4822433 1.190131
0.1868302 -1.052987 1.983597
9
0.2101769 -0.2127103 2.061463
0.1214861 -0.2058927 2.006923
0.2923455 -0.2116954 2.042741
0.1563504 -0.276978 1.598976
0.2336584 -0.603994 2.039048
0.1927769 -0.4511905 1.330774
0.1416859 -0.9830432 2.042711
0.2198486 -0.4822433 1.190131
0.1868302 -1.052987 1.983597
9
0.2101769 -0.2127103 2.061463
0.1214861 -0.2058927 2.006923
0.2923455 -0.2116954 2.042741
0.1563504 -0.276978 1.598976
0.2336584 -0.603994 2.039048
0.1927769 -0.4511905 1.330774
0.1416859 -0.9830432 2.042711
0.2198486 -0.4822433 1.190131
0.1868302 -1.052987 1.983597
9
0.1811132 -0.2332132 2.047739
0.09330834 -0.225842 1.993068
0.261797 -0.2326496 2.028677
0.1806905 -0.128598 1.524214
0.2101616 -0.6052454 1.990163
0.2181949 -0.3028114 1.25142
0.1488637 -0.9586596 2.009232
0.2788086 -0.2856445 1.131836
0.1767468 -0.9854813 1.869382
9
0.1811132 -0.2332132 2.047739
0.09330834 -0.225842 1.993068
0.261797 -0.2326496 2.028677
0.1806905 -0.128598 1.524214
0.2101616 -0.6052454 1.990163
0.2181949 -0.3028114 1.25142
0.1488637 -0.9586596 2.009232
0.2788086 -0.2856445 1.131836
0.1767468 -0.9854813 1.869382
9
0.1821067 -0.235048 2.044825
0.0944682 -0.2282679 1.990263
0.2627316 -0.2337593 2.025742
0.1893335 -0.1342321 1.522239
0.2108182 -0.6026714 1.987502
0.2281555 -0.3073152 1.243871
0.1515963 -0.954654 2.007656
0.2873535 -0.2205811 1.121094
0.1787849 -0.9814043 1.867562
9
0.1821067 -0.235048 2.044825
0.0944682 -0.2282679 1.990263
0.2627316 -0.2337593 2.025742
0.1893335 -0.1342321 1.522239
0.2108182 -0.6026714 1.987502
0.2281555 -0.3073152 1.243871
0.1515963 -0.954654 2.007656
0.2873535 -0.2205811 1.121094
0.1787849 -0.9814043 1.867562
9
0.1821067 -0.235048 2.044825
0.0944682 -0.2282679 1.990263
0.2627316 -0.2337593 2.025742
0.1893335 -0.1342321 1.522239
0.2108182 -0.6026714 1.987502
0.2281555 -0.3073152 1.243871
0.1515963 -0.954654 2.007656
0.2873535 -0.2205811 1.121094
0.1787849 -0.9814043 1.867562
9
0.1821067 -0.235048 2.044825
0.0944682 -0.2282679 1.990263
0.2627316 -0.2337593 2.025742
0.1893335 -0.1342321 1.522239
0.2108182 -0.6026714 1.987502
0.2281555 -0.3073152 1.243871
0.1515963 -0.954654 2.007656
0.2873535 -0.2205811 1.121094
0.1787849 -0.9814043 1.867562
9
0.1912208 -0.2536965 2.036108
0.1094546 -0.2459318 1.986318
0.2665834 -0.2543839 2.011415
0.2043407 -0.1397308 1.520839
0.2134924 -0.5865992 1.976432
0.2439007 -0.3116819 1.239055
0.1534272 -0.9547086 2.007372
0.2934299 -0.2216976 1.12075
0.1799597 -0.9812573 1.867032
9
0.1912208 -0.2536965 2.036108
0.1094546 -0.2459318 1.986318
0.2665834 -0.2543839 2.011415
0.2043407 -0.1397308 1.520839
0.2134924 -0.5865992 1.976432
0.2439007 -0.3116819 1.239055
0.1534272 -0.9547086 2.007372
0.2934299 -0.2216976 1.12075
0.1799597 -0.9812573 1.867032
9
0.1843898 -0.2591226 2.035641
0.1053335 -0.2487373 1.986981
0.2565814 -0.2618456 2.009822
0.2048503 -0.140458 1.522934
0.2125158 -0.5914359 1.973952
0.2464747 -0.1533045 1.21478
0.1539972 -0.9540144 2.007347
0.2942505 -0.06091309 1.119141
0.1803154 -0.9806533 1.866981
9
0.1843898 -0.2591226 2.035641
0.1053335 -0.2487373 1.986981
0.2565814 -0.2618456 2.009822
0.2048503 -0.140458 1.522934
0.2125158 -0.5914359 1.973952
0.2464747 -0.1533045 1.21478
0.1539972 -0.9540144 2.007347
0.2942505 -0.06091309 1.119141
0.1803154 -0.9806533 1.866981
9
0.1740911 -0.2633479 2.036525
0.09617566 -0.251416 1.989364
0.2455846 -0.2667851 2.009596
0.2022649 -0.141264 1.527224
0.2118057 -0.5972905 1.973436
0.2405755 -0.1540511 1.218663
0.1540927 -0.9537159 2.007713
0.2863267 -0.1943071 1.109298
0.1802718 -0.9805189 1.867368
9
0.1740911 -0.2633479 2.036525
0.09617566 -0.251416 1.989364
0.2455846 -0.2667851 2.009596
0.2022649 -0.141264 1.527224
0.2118057 -0.5972905 1.973436
0.2405755 -0.1540511 1.218663
0.1540927 -0.9537159 2.007713
0.2863267 -0.1943071 1.109298
0.1802718 -0.9805189 1.867368
9
0.1630522 -0.2675169 2.039909
0.08693179 -0.2534357 1.992974
0.2329802 -0.2728156 2.013084
0.1948425 -0.1428485 1.531341
0.2096332 -0.6039595 1.97404
0.2300927 -0.1560882 1.22246
0.1528834 -0.9544892 2.009464
0.2789257 -0.2097746 1.117533
0.178985 -0.9815414 1.869189
9
0.1630522 -0.2675169 2.039909
0.08693179 -0.2534357 1.992974
0.2329802 -0.2728156 2.013084
0.1948425 -0.1428485 1.531341
0.2096332 -0.6039595 1.97404
0.2300927 -0.1560882 1.22246
0.1528834 -0.9544892 2.009464
0.2789257 -0.2097746 1.117533
0.178985 -0.9815414 1.869189
9
0.1630522 -0.2675169 2.039909
0.08693179 -0.2534357 1.992974
0.2329802 -0.2728156 2.013084
0.1948425 -0.1428485 1.531341
0.2096332 -0.6039595 1.97404
0.2300927 -0.1560882 1.22246
0.1528834 -0.9544892 2.009464
0.2789257 -0.2097746 1.117533
0.178985 -0.9815414 1.869189
9
0.1630522 -0.2675169 2.039909
0.08693179 -0.2534357 1.992974
0.2329802 -0.2728156 2.013084
0.1948425 -0.1428485 1.531341
0.2096332 -0.6039595 1.97404
0.2300927 -0.1560882 1.22246
0.1528834 -0.9544892 2.009464
0.2789257 -0.2097746 1.117533
0.178985 -0.9815414 1.869189
9
0.08872554 -0.2642337 2.054344
0.01446103 -0.2391654 2.007551
0.1597644 -0.2798338 2.027629
0.1749648 -0.1445033 1.576949
0.2031282 -0.6080561 1.978863
0.212888 -0.2613401 1.269295
0.1517368 -0.9541564 2.010045
0.2357826 -0.2981404 1.127298
0.17803 -0.9826887 1.870404
9
0.08872554 -0.2642337 2.054344
0.01446103 -0.2391654 2.007551
0.1597644 -0.2798338 2.027629
0.1749648 -0.1445033 1.576949
0.2031282 -0.6080561 1.978863
0.212888 -0.2613401 1.269295
0.1517368 -0.9541564 2.010045
0.2357826 -0.2981404 1.127298
0.17803 -0.9826887 1.870404
9
0.08872554 -0.2642337 2.054344
0.01446103 -0.2391654 2.007551
0.1597644 -0.2798338 2.027629
0.1749648 -0.1445033 1.576949
0.2031282 -0.6080561 1.978863
0.212888 -0.2613401 1.269295
0.1517368 -0.9541564 2.010045
0.2357826 -0.2981404 1.127298
0.17803 -0.9826887 1.870404
9
0.08872554 -0.2642337 2.054344
0.01446103 -0.2391654 2.007551
0.1597644 -0.2798338 2.027629
0.1749648 -0.1445033 1.576949
0.2031282 -0.6080561 1.978863
0.212888 -0.2613401 1.269295
0.1517368 -0.9541564 2.010045
0.2357826 -0.2981404 1.127298
0.17803 -0.9826887 1.870404
9
0.1481597 -0.2196557 2.058666
0.05051284 -0.2116536 2.004138
0.2378044 -0.2217821 2.039814
0.1729736 -0.129043 1.58564
0.1517228 -0.6656884 2.014704
0.1784058 -0.3961787 1.30087
0.1493137 -0.9647294 2.0141
0.2025678 -0.4290426 1.159273
0.1757653 -0.9924569 1.874259
9
0.1481597 -0.2196557 2.058666
0.05051284 -0.2116536 2.004138
0.2378044 -0.2217821 2.039814
0.1729736 -0.129043 1.58564
0.1517228 -0.6656884 2.014704
0.1784058 -0.3961787 1.30087
0.1493137 -0.9647294 2.0141
0.2025678 -0.4290426 1.159273
0.1757653 -0.9924569 1.874259
9
0.1481998 -0.2199918 2.061988
0.05192103 -0.2108759 2.008639
0.2374362 -0.2224969 2.042287
0.1525387 -0.3186699 1.560627
0.1513565 -0.6663787 2.017183
0.1702061 -0.4932898 1.303196
0.1327077 -0.9640104 2.029444
0.1960163 -0.4841241 1.14599
0.1684331 -1.033753 1.957065
9
0.1481998 -0.2199918 2.061988
0.05192103 -0.2108759 2.008639
0.2374362 -0.2224969 2.042287
0.1525387 -0.3186699 1.560627
0.1513565 -0.6663787 2.017183
0.1702061 -0.4932898 1.303196
0.1327077 -0.9640104 2.029444
0.1960163 -0.4841241 1.14599
0.1684331 -1.033753 1.957065
9
0.1496329 -0.2204454 2.062866
0.05541749 -0.2109336 2.009691
0.2379878 -0.2229862 2.043014
0.1281548 -0.3421651 1.625095
0.154567 -0.6672537 2.019395
0.1432865 -0.5711437 1.349521
0.1315885 -0.96436 2.034158
0.1587421 -0.573105 1.181497
0.1670325 -1.03804 1.971157
9
0.1656862 -0.2242778 2.064461
0.07834564 -0.2173015 2.008962
0.2485438 -0.2244441 2.045932
0.1090244 -0.4313219 1.617709
0.1570548 -0.667327 2.020497
0.1043774 -0.6548666 1.402535
0.1314958 -0.963989 2.037639
0.118142 -0.665368 1.273157
0.1589068 -1.042749 1.981856
9
0.1656862 -0.2242778 2.064461
0.07834564 -0.2173015 2.008962
0.2485438 -0.2244441 2.045932
0.1090244 -0.4313219 1.617709
0.1570548 -0.667327 2.020497
0.1043774 -0.6548666 1.402535
0.1314958 -0.963989 2.037639
0.118142 -0.665368 1.273157
0.1589068 -1.042749 1.981856
