40
9
0.1402317 -0.2350681 2.188599
0.06869822 -0.2270022 2.11535
0.2073432 -0.2352293 2.187363
0.08478988 -0.5571728 1.879269
0.2004616 -0.6858098 2.150955
0.04758251 -0.9019556 1.87249
0.1396027 -0.9804962 2.138009
0.06617503 -0.969616 1.78598
0.1672439 -1.055666 2.070496
9
0.1402317 -0.2350681 2.188599
0.06869822 -0.2270022 2.11535
0.2073432 -0.2352293 2.187363
0.08478988 -0.5571728 1.879269
0.2004616 -0.6858098 2.150955
0.04758251 -0.9019556 1.87249
0.1396027 -0.9804962 2.138009
0.06617503 -0.969616 1.78598
0.1672439 -1.055666 2.070496
9
0.1402317 -0.2350681 2.188599
0.06869822 -0.2270022 2.11535
0.2073432 -0.2352293 2.187363
0.08478988 -0.5571728 1.879269
0.2004616 -0.6858098 2.150955
0.04758251 -0.9019556 1.87249
0.1396027 -0.9804962 2.138009
0.06617503 -0.969616 1.78598
0.1672439 -1.055666 2.070496
9
0.1402317 -0.2350681 2.188599
0.06869822 -0.2270022 2.11535
0.2073432 -0.2352293 2.187363
0.08478988 -0.5571728 1.879269
0.2004616 -0.6858098 2.150955
0.04758251 -0.9019556 1.87249
0.1396027 -0.9804962 2.138009
0.06617503 -0.969616 1.78598
0.1672439 -1.055666 2.070496
9
0.137378 -0.2281948 2.186808
0.05960761 -0.2166851 2.115641
0.2089737 -0.23065 2.183875
0.1640809 -0.3695178 1.782326
0.2069662 -0.6692238 2.145025
0.2484089 -0.6803811 1.556297
0.08158108 -0.987214 2.145334
0.2692871 -0.6855469 1.424805
0.1252522 -1.047417 2.062089
9
0.1354278 -0.2260018 2.186514
0.05712159 -0.2150717 2.115657
0.2080155 -0.2284376 2.183374
0.1781991 -0.2838182 1.774768
0.1441063 -0.6632634 2.128032
0.2716515 -0.5492954 1.514058
0.08609547 -0.9683658 2.138478
0.3193359 -0.5708008 1.371094
0.1202668 -1.044777 2.080509
9
0.1354278 -0.2260018 2.186514
0.05712159 -0.2150717 2.115657
0.2080155 -0.2284376 2.183374
0.1781991 -0.2838182 1.774768
0.1441063 -0.6632634 2.128032
0.2716515 -0.5492954 1.514058
0.08609547 -0.9683658 2.138478
0.3193359 -0.5708008 1.371094
0.1202668 -1.044777 2.080509
9
0.1354278 -0.2260018 2.186514
0.05712159 -0.2150717 2.115657
0.2080155 -0.2284376 2.183374
0.1781991 -0.2838182 1.774768
0.1441063 -0.6632634 2.128032
0.2716515 -0.5492954 1.514058
0.08609547 -0.9683658 2.138478
0.3193359 -0.5708008 1.371094
0.1202668 -1.044777 2.080509
9
0.1354278 -0.2260018 2.186514
0.05712159 -0.2150717 2.115657
0.2080155 -0.2284376 2.183374
0.1781991 -0.2838182 1.774768
0.1441063 -0.6632634 2.128032
0.2716515 -0.5492954 1.514058
0.08609547 -0.9683658 2.138478
0.3193359 -0.5708008 1.371094
0.1202668 -1.044777 2.080509
9
0.1354278 -0.2260018 2.186514
0.05712159 -0.2150717 2.115657
0.2080155 -0.2284376 2.183374
0.1781991 -0.2838182 1.774768
0.1441063 -0.6632634 2.128032
0.2716515 -0.5492954 1.514058
0.08609547 -0.9683658 2.138478
0.3193359 -0.5708008 1.371094
0.1202668 -1.044777 2.080509
9
0.1354278 -0.2260018 2.186514
0.05712159 -0.2150717 2.115657
0.2080155 -0.2284376 2.183374
0.1781991 -0.2838182 1.774768
0.1441063 -0.6632634 2.128032
0.2716515 -0.5492954 1.514058
0.08609547 -0.9683658 2.138478
0.3193359 -0.5708008 1.371094
0.1202668 -1.044777 2.080509
9
0.1459023 -0.2323921 2.178964
0.06727478 -0.2256047 2.109092
0.2200947 -0.2316394 2.174186
0.2123384 -0.3041241 1.781093
0.1766181 -0.6036219 2.100944
0.3443911 -0.2660522 1.410602
0.1008472 -0.9651675 2.119421
0.3914635 -0.303927 1.280568
0.1548056 -0.9945694 1.991067
9
0.1459023 -0.2323921 2.178964
0.06727478 -0.2256047 2.109092
0.2200947 -0.2316394 2.174186
0.2123384 -0.3041241 1.781093
0.1766181 -0.6036219 2.100944
0.3443911 -0.2660522 1.410602
0.1008472 -0.9651675 2.119421
0.3914635 -0.303927 1.280568
0.1548056 -0.9945694 1.991067
9
0.1459023 -0.2323921 2.178964
0.06727478 -0.2256047 2.109092
0.2200947 -0.2316394 2.174186
0.2123384 -0.3041241 1.781093
0.1766181 -0.6036219 2.100944
0.3443911 -0.2660522 1.410602
0.1008472 -0.9651675 2.119421
0.3914635 -0.303927 1.280568
0.1548056 -0.9945694 1.991067
9
0.1459023 -0.2323921 2.178964
0.06727478 -0.2256047 2.109092
0.2200947 -0.2316394 2.174186
0.2123384 -0.3041241 1.781093
0.1766181 -0.6036219 2.100944
0.3443911 -0.2660522 1.410602
0.1008472 -0.9651675 2.119421
0.3914635 -0.303927 1.280568
0.1548056 -0.9945694 1.991067
9
0.1459023 -0.2323921 2.178964
0.06727478 -0.2256047 2.109092
0.2200947 -0.2316394 2.174186
0.2123384 -0.3041241 1.781093
0.1766181 -0.6036219 2.100944
0.3443911 -0.2660522 1.410602
0.1008472 -0.9651675 2.119421
0.3914635 -0.303927 1.280568
0.1548056 -0.9945694 1.991067
9
0.1459023 -0.2323921 2.178964
0.06727478 -0.2256047 2.109092
0.2200947 -0.2316394 2.174186
0.2123384 -0.3041241 1.781093
0.1766181 -0.6036219 2.100944
0.3443911 -0.2660522 1.410602
0.1008472 -0.9651675 2.119421
0.3914635 -0.303927 1.280568
0.1548056 -0.9945694 1.991067
9
0.1707441 -0.2451805 2.165053
0.09093191 -0.2428291 2.098235
0.2449345 -0.239378 2.157917
0.2442145 -0.3141293 1.764717
0.1903845 -0.5811415 2.089251
0.3532521 -0.09706928 1.456039
0.1088949 -0.9627583 2.105903
0.4290479 -0.1291563 1.318778
0.160416 -0.9909901 1.975762
9
0.1707441 -0.2451805 2.165053
0.09093191 -0.2428291 2.098235
0.2449345 -0.239378 2.157917
0.2442145 -0.3141293 1.764717
0.1903845 -0.5811415 2.089251
0.3532521 -0.09706928 1.456039
0.1088949 -0.9627583 2.105903
0.4290479 -0.1291563 1.318778
0.160416 -0.9909901 1.975762
9
0.1707441 -0.2451805 2.165053
0.09093191 -0.2428291 2.098235
0.2449345 -0.239378 2.157917
0.2442145 -0.3141293 1.764717
0.1903845 -0.5811415 2.089251
0.3532521 -0.09706928 1.456039
0.1088949 -0.9627583 2.105903
0.4290479 -0.1291563 1.318778
0.160416 -0.9909901 1.975762
9
0.158069 -0.2604524 2.143881
0.08593684 -0.2483855 2.089797
0.2220291 -0.267264 2.119788
0.2462539 -0.3137242 1.762624
0.1900453 -0.5975218 2.086946
0.353717 -0.09657142 1.455165
0.111228 -0.9628764 2.105312
0.43167 -0.1237899 1.318174
0.1621924 -0.990775 1.97473
9
0.1553971 -0.261711 2.141844
0.08233675 -0.2498488 2.086778
0.2213756 -0.267375 2.119647
0.2464935 -0.312679 1.761461
0.1899477 -0.5976753 2.086769
0.3532816 -0.09519588 1.454247
0.1144031 -0.9631075 2.104775
0.4318419 -0.1230958 1.317976
0.1649076 -0.9909788 1.973981
9
0.1553971 -0.261711 2.141844
0.08233675 -0.2498488 2.086778
0.2213756 -0.267375 2.119647
0.2464935 -0.312679 1.761461
0.1899477 -0.5976753 2.086769
0.3532816 -0.09519588 1.454247
0.1144031 -0.9631075 2.104775
0.4318419 -0.1230958 1.317976
0.1649076 -0.9909788 1.973981
9
0.1537258 -0.2621437 2.142479
0.0811594 -0.2502046 2.087006
0.2193827 -0.267248 2.12182
0.246061 -0.312329 1.761848
0.1899178 -0.5977465 2.087405
0.3546824 -0.09325964 1.459477
0.1151453 -0.9631277 2.104816
0.42925 -0.1261434 1.321458
0.1659412 -0.991069 1.974221
9
0.1537258 -0.2621437 2.142479
0.0811594 -0.2502046 2.087006
0.2193827 -0.267248 2.12182
0.246061 -0.312329 1.761848
0.1899178 -0.5977465 2.087405
0.3546824 -0.09325964 1.459477
0.1151453 -0.9631277 2.104816
0.42925 -0.1261434 1.321458
0.1659412 -0.991069 1.974221
9
0.1537258 -0.2621437 2.142479
0.0811594 -0.2502046 2.087006
0.2193827 -0.267248 2.12182
0.246061 -0.312329 1.761848
0.1899178 -0.5977465 2.087405
0.3546824 -0.09325964 1.459477
0.1151453 -0.9631277 2.104816
0.42925 -0.1261434 1.321458
0.1659412 -0.991069 1.974221
9
0.1537258 -0.2621437 2.142479
0.0811594 -0.2502046 2.087006
0.2193827 -0.267248 2.12182
0.246061 -0.312329 1.761848
0.1899178 -0.5977465 2.087405
0.3546824 -0.09325964 1.459477
0.1151453 -0.9631277 2.104816
0.42925 -0.1261434 1.321458
0.1659412 -0.991069 1.974221
9
0.1537258 -0.2621437 2.142479
0.0811594 -0.2502046 2.087006
0.2193827 -0.267248 2.12182
0.246061 -0.312329 1.761848
0.1899178 -0.5977465 2.087405
0.3546824 -0.09325964 1.459477
0.1151453 -0.9631277 2.104816
0.42925 -0.1261434 1.321458
0.1659412 -0.991069 1.974221
9
0.1428514 -0.2645046 2.15089
0.07133062 -0.2501194 2.093038
0.2082775 -0.2713774 2.134883
0.2282952 -0.1028521 1.745034
0.1847251 -0.6021897 2.099085
0.3832458 -0.2508245 1.392802
0.1152311 -0.9629541 2.105608
0.4262113 -0.2881221 1.26083
0.1658629 -0.9914038 1.975145
9
0.1428514 -0.2645046 2.15089
0.07133062 -0.2501194 2.093038
0.2082775 -0.2713774 2.134883
0.2282952 -0.1028521 1.745034
0.1847251 -0.6021897 2.099085
0.3832458 -0.2508245 1.392802
0.1152311 -0.9629541 2.105608
0.4262113 -0.2881221 1.26083
0.1658629 -0.9914038 1.975145
9
0.1428514 -0.2645046 2.15089
0.07133062 -0.2501194 2.093038
0.2082775 -0.2713774 2.134883
0.2282952 -0.1028521 1.745034
0.1847251 -0.6021897 2.099085
0.3832458 -0.2508245 1.392802
0.1152311 -0.9629541 2.105608
0.4262113 -0.2881221 1.26083
0.1658629 -0.9914038 1.975145
9
0.1287951 -0.2571961 2.156118
0.05187646 -0.2358374 2.094879
0.1984206 -0.2682728 2.142987
0.2442847 -0.1225729 1.805011
0.1746315 -0.6207173 2.119156
0.3434349 -0.3468521 1.464267
0.1138762 -0.9618512 2.107818
0.3880617 -0.3827785 1.332737
0.1647829 -0.9909 1.977738
9
0.1287951 -0.2571961 2.156118
0.05187646 -0.2358374 2.094879
0.1984206 -0.2682728 2.142987
0.2442847 -0.1225729 1.805011
0.1746315 -0.6207173 2.119156
0.3434349 -0.3468521 1.464267
0.1138762 -0.9618512 2.107818
0.3880617 -0.3827785 1.332737
0.1647829 -0.9909 1.977738
9
0.1287951 -0.2571961 2.156118
0.05187646 -0.2358374 2.094879
0.1984206 -0.2682728 2.142987
0.2442847 -0.1225729 1.805011
0.1746315 -0.6207173 2.119156
0.3434349 -0.3468521 1.464267
0.1138762 -0.9618512 2.107818
0.3880617 -0.3827785 1.332737
0.1647829 -0.9909 1.977738
9
0.1287951 -0.2571961 2.156118
0.05187646 -0.2358374 2.094879
0.1984206 -0.2682728 2.142987
0.2442847 -0.1225729 1.805011
0.1746315 -0.6207173 2.119156
0.3434349 -0.3468521 1.464267
0.1138762 -0.9618512 2.107818
0.3880617 -0.3827785 1.332737
0.1647829 -0.9909 1.977738
9
0.1287951 -0.2571961 2.156118
0.05187646 -0.2358374 2.094879
0.1984206 -0.2682728 2.142987
0.2442847 -0.1225729 1.805011
0.1746315 -0.6207173 2.119156
0.3434349 -0.3468521 1.464267
0.1138762 -0.9618512 2.107818
0.3880617 -0.3827785 1.332737
0.1647829 -0.9909 1.977738
9
0.1212005 -0.2522329 2.165891
0.04610549 -0.2315815 2.103396
0.1910142 -0.2638122 2.15387
0.202246 -0.2759962 1.773604
0.159366 -0.6554406 2.137989
0.2807061 -0.5429316 1.495434
0.1077582 -0.9613196 2.116501
0.3310352 -0.5555993 1.339831
0.1588493 -0.9910899 1.98674
9
0.1508097 -0.2230693 2.214918
0.06916153 -0.2117064 2.144293
0.2273158 -0.226994 2.211751
0.1932585 -0.3692103 1.762778
0.1406647 -0.6702174 2.151922
0.265501 -0.6547694 1.520143
0.1071897 -0.9686831 2.120036
0.295166 -0.6508789 1.37207
0.1582432 -0.9999298 1.991012
9
0.1508097 -0.2230693 2.214918
0.06916153 -0.2117064 2.144293
0.2273158 -0.226994 2.211751
0.1932585 -0.3692103 1.762778
0.1406647 -0.6702174 2.151922
0.265501 -0.6547694 1.520143
0.1071897 -0.9686831 2.120036
0.295166 -0.6508789 1.37207
0.1582432 -0.9999298 1.991012
9
0.1539331 -0.2257283 2.212046
0.07399571 -0.2136279 2.143109
0.2290779 -0.2310275 2.206259
0.1544776 -0.5126702 1.802113
0.08243246 -0.6370251 2.027366
0.1657337 -0.7924336 1.654597
0.06657118 -0.9734021 2.15408
0.1842041 -0.8344727 1.529297
0.09655407 -1.040456 2.070574
