40
9
-0.02768024 -0.2372409 2.157078
-0.1113531 -0.234766 2.126636
0.05701844 -0.2315756 2.113537
-0.1276543 -0.6234604 2.150898
0.07115547 -0.6152409 2.126383
-0.1212163 -0.9573181 2.226647
0.05912013 -0.9499636 2.15603
-0.130761 -1.046322 2.170259
0.0498538 -0.9840527 2.007796
9
-0.02054134 -0.2360199 2.153878
-0.1038759 -0.232869 2.12268
0.06359949 -0.2309926 2.111018
-0.1262205 -0.6153393 2.114505
0.0751619 -0.6197692 2.121852
-0.1252394 -0.9605218 2.21282
0.05983611 -0.9518182 2.154795
-0.1311801 -0.9940116 2.064251
0.05109717 -0.9850804 2.006284
9
-0.02054134 -0.2360199 2.153878
-0.1038759 -0.232869 2.12268
0.06359949 -0.2309926 2.111018
-0.1262205 -0.6153393 2.114505
0.0751619 -0.6197692 2.121852
-0.1252394 -0.9605218 2.21282
0.05983611 -0.9518182 2.154795
-0.1311801 -0.9940116 2.064251
0.05109717 -0.9850804 2.006284
9
-0.02054134 -0.2360199 2.153878
-0.1038759 -0.232869 2.12268
0.06359949 -0.2309926 2.111018
-0.1262205 -0.6153393 2.114505
0.0751619 -0.6197692 2.121852
-0.1252394 -0.9605218 2.21282
0.05983611 -0.9518182 2.154795
-0.1311801 -0.9940116 2.064251
0.05109717 -0.9850804 2.006284
9
-0.01268171 -0.2344954 2.150565
-0.09625359 -0.2299264 2.119464
0.07155918 -0.2309122 2.107562
-0.1307388 -0.6003743 2.063849
0.08063418 -0.622668 2.113125
-0.1274996 -0.95727 2.18782
0.06066868 -0.9538329 2.152743
-0.1333345 -0.9900921 2.039139
0.05196895 -0.9864856 2.004093
9
-0.01268171 -0.2344954 2.150565
-0.09625359 -0.2299264 2.119464
0.07155918 -0.2309122 2.107562
-0.1307388 -0.6003743 2.063849
0.08063418 -0.622668 2.113125
-0.1274996 -0.95727 2.18782
0.06066868 -0.9538329 2.152743
-0.1333345 -0.9900921 2.039139
0.05196895 -0.9864856 2.004093
9
-0.006571176 -0.2335116 2.147586
-0.09008735 -0.2275406 2.117058
0.07753766 -0.2313483 2.103944
-0.1319378 -0.5742292 2.017049
0.08259547 -0.6212598 2.107519
-0.1318391 -0.9483868 2.148437
0.06137052 -0.9574907 2.149521
-0.1799728 -1.025871 2.098267
0.05187028 -0.9895732 2.000848
9
-0.006571176 -0.2335116 2.147586
-0.09008735 -0.2275406 2.117058
0.07753766 -0.2313483 2.103944
-0.1319378 -0.5742292 2.017049
0.08259547 -0.6212598 2.107519
-0.1318391 -0.9483868 2.148437
0.06137052 -0.9574907 2.149521
-0.1799728 -1.025871 2.098267
0.05187028 -0.9895732 2.000848
9
-0.006571176 -0.2335116 2.147586
-0.09008735 -0.2275406 2.117058
0.07753766 -0.2313483 2.103944
-0.1319378 -0.5742292 2.017049
0.08259547 -0.6212598 2.107519
-0.1318391 -0.9483868 2.148437
0.06137052 -0.9574907 2.149521
-0.1799728 -1.025871 2.098267
0.05187028 -0.9895732 2.000848
9
-0.006571176 -0.2335116 2.147586
-0.09008735 -0.2275406 2.117058
0.07753766 -0.2313483 2.103944
-0.1319378 -0.5742292 2.017049
0.08259547 -0.6212598 2.107519
-0.1318391 -0.9483868 2.148437
0.06137052 -0.9574907 2.149521
-0.1799728 -1.025871 2.098267
0.05187028 -0.9895732 2.000848
9
0.002074652 -0.231406 2.145129
-0.08051223 -0.2238061 2.116847
0.0854653 -0.2307484 2.099243
-0.1476752 -0.5716945 1.943661
0.08459598 -0.6179333 2.098615
-0.1607669 -0.9052606 1.96446
0.06232711 -0.9609184 2.146822
-0.2043887 -0.9733734 1.884747
0.0484307 -0.9918363 1.998245
9
0.002074652 -0.231406 2.145129
-0.08051223 -0.2238061 2.116847
0.0854653 -0.2307484 2.099243
-0.1476752 -0.5716945 1.943661
0.08459598 -0.6179333 2.098615
-0.1607669 -0.9052606 1.96446
0.06232711 -0.9609184 2.146822
-0.2043887 -0.9733734 1.884747
0.0484307 -0.9918363 1.998245
9
0.009700138 -0.2315879 2.143552
-0.07142754 -0.2246138 2.117928
0.09181512 -0.2304693 2.095179
-0.1613998 -0.5675269 1.893758
0.03403795 -0.5820801 2.042527
-0.1810637 -0.8669186 1.84419
0.06413823 -0.9606296 2.144922
-0.223908 -0.9151162 1.740026
0.05678079 -1.050738 2.096892
9
0.009700138 -0.2315879 2.143552
-0.07142754 -0.2246138 2.117928
0.09181512 -0.2304693 2.095179
-0.1613998 -0.5675269 1.893758
0.03403795 -0.5820801 2.042527
-0.1810637 -0.8669186 1.84419
0.06413823 -0.9606296 2.144922
-0.223908 -0.9151162 1.740026
0.05678079 -1.050738 2.096892
9
0.01425579 -0.2321539 2.142623
-0.06678794 -0.2255191 2.118761
0.09609759 -0.2307366 2.092336
-0.1740527 -0.5309232 1.838196
0.07354032 -0.6018071 2.077608
-0.2161707 -0.8058897 1.720078
0.06412134 -0.9609742 2.143489
-0.2460237 -0.8244971 1.592841
0.04614057 -0.9911482 1.995255
9
0.01425579 -0.2321539 2.142623
-0.06678794 -0.2255191 2.118761
0.09609759 -0.2307366 2.092336
-0.1740527 -0.5309232 1.838196
0.07354032 -0.6018071 2.077608
-0.2161707 -0.8058897 1.720078
0.06412134 -0.9609742 2.143489
-0.2460237 -0.8244971 1.592841
0.04614057 -0.9911482 1.995255
9
0.01524068 -0.2310099 2.142146
-0.06695173 -0.2241788 2.118879
0.09892482 -0.2295414 2.090755
-0.1842142 -0.4756988 1.79352
0.07335383 -0.6009645 2.077613
-0.2376326 -0.7133703 1.609633
0.06374523 -0.962037 2.141643
-0.2684097 -0.7282153 1.481357
0.04404939 -0.9919547 1.993677
9
0.01524068 -0.2310099 2.142146
-0.06695173 -0.2241788 2.118879
0.09892482 -0.2295414 2.090755
-0.1842142 -0.4756988 1.79352
0.07335383 -0.6009645 2.077613
-0.2376326 -0.7133703 1.609633
0.06374523 -0.962037 2.141643
-0.2684097 -0.7282153 1.481357
0.04404939 -0.9919547 1.993677
9
0.01524068 -0.2310099 2.142146
-0.06695173 -0.2241788 2.118879
0.09892482 -0.2295414 2.090755
-0.1842142 -0.4756988 1.79352
0.07335383 -0.6009645 2.077613
-0.2376326 -0.7133703 1.609633
0.06374523 -0.962037 2.141643
-0.2684097 -0.7282153 1.481357
0.04404939 -0.9919547 1.993677
9
0.01524068 -0.2310099 2.142146
-0.06695173 -0.2241788 2.118879
0.09892482 -0.2295414 2.090755
-0.1842142 -0.4756988 1.79352
0.07335383 -0.6009645 2.077613
-0.2376326 -0.7133703 1.609633
0.06374523 -0.962037 2.141643
-0.2684097 -0.7282153 1.481357
0.04404939 -0.9919547 1.993677
9
0.02446812 -0.234765 2.136842
-0.05912604 -0.2291237 2.115281
0.1079876 -0.2318445 2.084186
-0.1911256 -0.3661882 1.721762
0.07448141 -0.5982735 2.076135
-0.2993828 -0.525233 1.392618
0.06047138 -0.9615736 2.136429
-0.3129635 -0.5568794 1.244706
0.03880911 -0.9908887 1.988724
9
0.02446812 -0.234765 2.136842
-0.05912604 -0.2291237 2.115281
0.1079876 -0.2318445 2.084186
-0.1911256 -0.3661882 1.721762
0.07448141 -0.5982735 2.076135
-0.2993828 -0.525233 1.392618
0.06047138 -0.9615736 2.136429
-0.3129635 -0.5568794 1.244706
0.03880911 -0.9908887 1.988724
9
0.02891328 -0.2359084 2.13377
-0.05586548 -0.2307386 2.113383
0.1133343 -0.2324241 2.079827
-0.1764773 -0.2959698 1.724106
0.07649998 -0.5929636 2.070519
-0.2986955 -0.4241326 1.360029
0.05974667 -0.9644018 2.130965
-0.3584202 -0.4626306 1.260763
0.03687972 -0.9933183 1.983548
9
0.02891328 -0.2359084 2.13377
-0.05586548 -0.2307386 2.113383
0.1133343 -0.2324241 2.079827
-0.1764773 -0.2959698 1.724106
0.07649998 -0.5929636 2.070519
-0.2986955 -0.4241326 1.360029
0.05974667 -0.9644018 2.130965
-0.3584202 -0.4626306 1.260763
0.03687972 -0.9933183 1.983548
9
0.03678282 -0.2376728 2.131305
-0.04965785 -0.2341024 2.110912
0.1227174 -0.232543 2.077494
-0.1610337 -0.2230374 1.73811
0.079063 -0.5867974 2.063324
-0.2861746 -0.3461707 1.363407
0.05621005 -0.9641147 2.120878
-0.3012709 -0.3810431 1.214654
0.03301758 -0.9927356 1.973563
9
0.03678282 -0.2376728 2.131305
-0.04965785 -0.2341024 2.110912
0.1227174 -0.232543 2.077494
-0.1610337 -0.2230374 1.73811
0.079063 -0.5867974 2.063324
-0.2861746 -0.3461707 1.363407
0.05621005 -0.9641147 2.120878
-0.3012709 -0.3810431 1.214654
0.03301758 -0.9927356 1.973563
9
0.07218593 -0.2439203 2.125138
-0.01499824 -0.2432439 2.108311
0.1570718 -0.2360469 2.068041
-0.1659943 -0.1711423 1.718706
0.07883648 -0.5854692 2.059704
-0.2824323 -0.2956525 1.341698
0.0545615 -0.963644 2.114452
-0.3330078 -0.2316895 1.225586
0.03142957 -0.9921476 1.967243
9
0.07218593 -0.2439203 2.125138
-0.01499824 -0.2432439 2.108311
0.1570718 -0.2360469 2.068041
-0.1659943 -0.1711423 1.718706
0.07883648 -0.5854692 2.059704
-0.2824323 -0.2956525 1.341698
0.0545615 -0.963644 2.114452
-0.3330078 -0.2316895 1.225586
0.03142957 -0.9921476 1.967243
9
0.07511054 -0.2441661 2.124915
-0.01149005 -0.2443643 2.109378
0.1598886 -0.2355552 2.066647
-0.1640281 -0.1473744 1.714734
0.07921719 -0.5777107 2.053353
-0.2523078 -0.240657 1.371031
0.05492391 -0.9622999 2.109687
-0.268853 -0.2779353 1.221791
0.03106304 -0.9907149 1.962604
9
0.07511054 -0.2441661 2.124915
-0.01149005 -0.2443643 2.109378
0.1598886 -0.2355552 2.066647
-0.1640281 -0.1473744 1.714734
0.07921719 -0.5777107 2.053353
-0.2523078 -0.240657 1.371031
0.05492391 -0.9622999 2.109687
-0.268853 -0.2779353 1.221791
0.03106304 -0.9907149 1.962604
9
0.07511054 -0.2441661 2.124915
-0.01149005 -0.2443643 2.109378
0.1598886 -0.2355552 2.066647
-0.1640281 -0.1473744 1.714734
0.07921719 -0.5777107 2.053353
-0.2523078 -0.240657 1.371031
0.05492391 -0.9622999 2.109687
-0.268853 -0.2779353 1.221791
0.03106304 -0.9907149 1.962604
9
0.07511054 -0.2441661 2.124915
-0.01149005 -0.2443643 2.109378
0.1598886 -0.2355552 2.066647
-0.1640281 -0.1473744 1.714734
0.07921719 -0.5777107 2.053353
-0.2523078 -0.240657 1.371031
0.05492391 -0.9622999 2.109687
-0.268853 -0.2779353 1.221791
0.03106304 -0.9907149 1.962604
9
0.0759337 -0.2444993 2.124864
-0.01104478 -0.2449166 2.109931
0.1614935 -0.2357109 2.065698
-0.153856 -0.1121942 1.707431
0.0789663 -0.5666196 2.049612
-0.2621223 -0.1918886 1.317384
0.05768619 -0.9575564 2.101708
-0.3216977 -0.2611369 1.247954
0.03431101 -0.9858549 1.954599
9
0.0759337 -0.2444993 2.124864
-0.01104478 -0.2449166 2.109931
0.1614935 -0.2357109 2.065698
-0.153856 -0.1121942 1.707431
0.0789663 -0.5666196 2.049612
-0.2621223 -0.1918886 1.317384
0.05768619 -0.9575564 2.101708
-0.3216977 -0.2611369 1.247954
0.03431101 -0.9858549 1.954599
9
0.07615189 -0.2450061 2.125763
-0.01132042 -0.2459324 2.112248
0.1617631 -0.2359112 2.065909
-0.1518378 -0.1100138 1.709748
0.07842299 -0.5618627 2.049876
-0.2497776 -0.1399908 1.363563
0.05845712 -0.9537942 2.099247
-0.2908967 -0.2261841 1.266698
0.03508801 -0.9820982 1.952107
9
0.07615189 -0.2450061 2.125763
-0.01132042 -0.2459324 2.112248
0.1617631 -0.2359112 2.065909
-0.1518378 -0.1100138 1.709748
0.07842299 -0.5618627 2.049876
-0.2497776 -0.1399908 1.363563
0.05845712 -0.9537942 2.099247
-0.2908967 -0.2261841 1.266698
0.03508801 -0.9820982 1.952107
9
0.07623277 -0.2455096 2.127479
-0.01170638 -0.2464275 2.114444
0.1620781 -0.2363309 2.067099
-0.1514322 -0.1100558 1.709966
0.07828493 -0.5607701 2.050596
-0.2499451 -0.1409105 1.362986
0.05902452 -0.9527855 2.09864
-0.2920393 -0.2262536 1.267935
0.03577442 -0.9811094 1.951476
9
0.07623277 -0.2455096 2.127479
-0.01170638 -0.2464275 2.114444
0.1620781 -0.2363309 2.067099
-0.1514322 -0.1100558 1.709966
0.07828493 -0.5607701 2.050596
-0.2499451 -0.1409105 1.362986
0.05902452 -0.9527855 2.09864
-0.2920393 -0.2262536 1.267935
0.03577442 -0.9811094 1.951476
9
0.07781804 -0.2470903 2.132804
-0.01016213 -0.2480509 2.121169
0.1634307 -0.2376869 2.070923
-0.1498585 -0.1148931 1.715191
0.07824305 -0.560079 2.051432
-0.2501996 -0.1476855 1.366187
0.06010938 -0.9494311 2.098335
-0.2964165 -0.2123218 1.261679
0.03672551 -0.9779834 1.951245
9
0.07781804 -0.2470903 2.132804
-0.01016213 -0.2480509 2.121169
0.1634307 -0.2376869 2.070923
-0.1498585 -0.1148931 1.715191
0.07824305 -0.560079 2.051432
-0.2501996 -0.1476855 1.366187
0.06010938 -0.9494311 2.098335
-0.2964165 -0.2123218 1.261679
0.03672551 -0.9779834 1.951245
