40
9
0.04352196 0.01512895 1.966607
-0.03722559 0.01680825 1.927851
0.1221437 0.013558 1.928703
-0.08902078 -0.1724935 1.518145
0.07427566 -0.4086136 1.891419
-0.1467706 -0.4087604 1.335501
0.04200326 -0.7551184 1.958723
-0.1205303 -0.4155848 1.230099
0.06326423 -0.8200909 1.880593
9
0.04352196 0.01512895 1.966607
-0.03722559 0.01680825 1.927851
0.1221437 0.013558 1.928703
-0.08902078 -0.1724935 1.518145
0.07427566 -0.4086136 1.891419
-0.1467706 -0.4087604 1.335501
0.04200326 -0.7551184 1.958723
-0.1205303 -0.4155848 1.230099
0.06326423 -0.8200909 1.880593
9
0.01841466 0.01725611 1.961794
-0.06988694 0.02272621 1.923671
0.1047572 0.01233775 1.924447
-0.08656851 -0.1155929 1.48706
0.07311931 -0.4071941 1.889375
-0.1443927 -0.3524216 1.304579
0.03882547 -0.7536466 1.956572
-0.1180894 -0.3604086 1.19885
0.06407686 -0.820547 1.878601
9
0.01841466 0.01725611 1.961794
-0.06988694 0.02272621 1.923671
0.1047572 0.01233775 1.924447
-0.08656851 -0.1155929 1.48706
0.07311931 -0.4071941 1.889375
-0.1443927 -0.3524216 1.304579
0.03882547 -0.7536466 1.956572
-0.1180894 -0.3604086 1.19885
0.06407686 -0.820547 1.878601
9
0.01309424 0.01736698 1.961895
-0.07398755 0.0229149 1.924265
0.09904827 0.01194233 1.924024
-0.08314432 -0.05107347 1.466673
0.07248469 -0.4020818 1.885621
-0.1410463 -0.2884646 1.284445
0.03748729 -0.7534774 1.953761
-0.1418481 -0.2633626 1.147525
0.06433 -0.8207698 1.878545
9
0.01309424 0.01736698 1.961895
-0.07398755 0.0229149 1.924265
0.09904827 0.01194233 1.924024
-0.08314432 -0.05107347 1.466673
0.07248469 -0.4020818 1.885621
-0.1410463 -0.2884646 1.284445
0.03748729 -0.7534774 1.953761
-0.1418481 -0.2633626 1.147525
0.06433 -0.8207698 1.878545
9
0.006808314 0.01773655 1.963782
-0.08247609 0.02417365 1.92817
0.09497901 0.01147074 1.924523
-0.06799528 0.005910918 1.466728
0.07402237 -0.3945187 1.880654
-0.1118758 -0.1753882 1.225117
0.03667378 -0.7526506 1.950032
-0.1308954 -0.1623951 1.088831
0.0655158 -0.8215109 1.878442
9
0.006808314 0.01773655 1.963782
-0.08247609 0.02417365 1.92817
0.09497901 0.01147074 1.924523
-0.06799528 0.005910918 1.466728
0.07402237 -0.3945187 1.880654
-0.1118758 -0.1753882 1.225117
0.03667378 -0.7526506 1.950032
-0.1308954 -0.1623951 1.088831
0.0655158 -0.8215109 1.878442
9
0.005167942 0.01772631 1.964913
-0.08439429 0.02362301 1.929638
0.09387097 0.01172164 1.925246
-0.05351516 0.05951037 1.484288
0.07408952 -0.3946609 1.879131
-0.09745052 -0.1219421 1.242926
0.03749059 -0.7511086 1.940756
-0.1169183 -0.1105534 1.106409
0.06547834 -0.8215638 1.878379
9
0.005167942 0.01772631 1.964913
-0.08439429 0.02362301 1.929638
0.09387097 0.01172164 1.925246
-0.05351516 0.05951037 1.484288
0.07408952 -0.3946609 1.879131
-0.09745052 -0.1219421 1.242926
0.03749059 -0.7511086 1.940756
-0.1169183 -0.1105534 1.106409
0.06547834 -0.8215638 1.878379
9
0.06881367 -0.0106552 1.920784
-0.01104441 -0.03137628 1.872564
0.1459217 0.01046818 1.893793
-0.04737771 0.09749732 1.486761
0.07286537 -0.3938521 1.875941
-0.09134249 -0.08408836 1.245562
0.03604055 -0.7528726 1.937689
-0.1109869 -0.07380468 1.10894
0.0659188 -0.8220417 1.878553
9
0.06881367 -0.0106552 1.920784
-0.01104441 -0.03137628 1.872564
0.1459217 0.01046818 1.893793
-0.04737771 0.09749732 1.486761
0.07286537 -0.3938521 1.875941
-0.09134249 -0.08408836 1.245562
0.03604055 -0.7528726 1.937689
-0.1109869 -0.07380468 1.10894
0.0659188 -0.8220417 1.878553
9
0.06880666 -0.01066769 1.920724
-0.01092212 -0.03120685 1.872443
0.1457457 0.01021222 1.893658
-0.02409581 0.1525923 1.536321
0.07167601 -0.3935886 1.872486
-0.06809976 -0.02898224 1.295359
0.03558383 -0.7551116 1.933324
-0.09076686 0.005979057 1.164856
0.06594285 -0.8222137 1.878813
9
0.06880666 -0.01066769 1.920724
-0.01092212 -0.03120685 1.872443
0.1457457 0.01021222 1.893658
-0.02409581 0.1525923 1.536321
0.07167601 -0.3935886 1.872486
-0.06809976 -0.02898224 1.295359
0.03558383 -0.7551116 1.933324
-0.09076686 0.005979057 1.164856
0.06594285 -0.8222137 1.878813
9
0.07234211 -0.01058042 1.920909
-0.006397317 -0.03011459 1.872569
0.148494 0.009527133 1.893936
-0.03425614 0.1514084 1.492886
0.06997041 -0.393144 1.869541
-0.0782702 -0.03033355 1.251919
0.03556987 -0.7552006 1.93149
-0.09923957 0.006058913 1.121604
0.06589568 -0.8230585 1.879384
9
0.07234211 -0.01058042 1.920909
-0.006397317 -0.03011459 1.872569
0.148494 0.009527133 1.893936
-0.03425614 0.1514084 1.492886
0.06997041 -0.393144 1.869541
-0.0782702 -0.03033355 1.251919
0.03556987 -0.7552006 1.93149
-0.09923957 0.006058913 1.121604
0.06589568 -0.8230585 1.879384
9
0.07414655 -0.01028286 1.921243
-0.004525987 -0.02949945 1.872977
0.1501052 0.009494085 1.894224
-0.03423398 0.1523595 1.492467
0.06871805 -0.3922404 1.867066
-0.07824869 -0.02938704 1.251503
0.03581032 -0.7548851 1.929572
-0.09921788 0.006978095 1.121187
0.06556315 -0.8232583 1.880816
9
0.07414655 -0.01028286 1.921243
-0.004525987 -0.02949945 1.872977
0.1501052 0.009494085 1.894224
-0.03423398 0.1523595 1.492467
0.06871805 -0.3922404 1.867066
-0.07824869 -0.02938704 1.251503
0.03581032 -0.7548851 1.929572
-0.09921788 0.006978095 1.121187
0.06556315 -0.8232583 1.880816
9
0.07515507 -0.01029857 1.92162
-0.003448813 -0.02927062 1.8735
0.1510077 0.00923657 1.894494
-0.03424884 0.151858 1.492609
0.06785455 -0.3919664 1.865897
-0.07826331 -0.0298865 1.251643
0.03556421 -0.7547021 1.928604
-0.1007681 0.02199361 1.129202
0.06562527 -0.8232948 1.880817
9
0.07376602 -0.01121665 1.921735
-0.004795884 -0.03011778 1.873704
0.1495363 0.008215883 1.894525
-0.03521932 0.1439182 1.499397
0.06777383 -0.3920582 1.8658
-0.07922188 -0.03777354 1.258398
0.03525759 -0.755016 1.928175
-0.1007532 0.01361616 1.135274
0.06578207 -0.8235691 1.88181
9
0.07376602 -0.01121665 1.921735
-0.004795884 -0.03011778 1.873704
0.1495363 0.008215883 1.894525
-0.03521932 0.1439182 1.499397
0.06777383 -0.3920582 1.8658
-0.07922188 -0.03777354 1.258398
0.03525759 -0.755016 1.928175
-0.1007532 0.01361616 1.135274
0.06578207 -0.8235691 1.88181
9
0.07376602 -0.01121665 1.921735
-0.004795884 -0.03011778 1.873704
0.1495363 0.008215883 1.894525
-0.03521932 0.1439182 1.499397
0.06777383 -0.3920582 1.8658
-0.07922188 -0.03777354 1.258398
0.03525759 -0.755016 1.928175
-0.1007532 0.01361616 1.135274
0.06578207 -0.8235691 1.88181
9
0.07195087 -0.01227183 1.923299
-0.007033553 -0.03167742 1.875661
0.1481038 0.007577438 1.895775
-0.04506177 0.110462 1.493296
0.06737646 -0.3923431 1.866666
-0.08903039 -0.07114236 1.252153
0.03535593 -0.754521 1.92779
-0.1100131 -0.02728632 1.124613
0.06590033 -0.8236346 1.881321
9
0.07195087 -0.01227183 1.923299
-0.007033553 -0.03167742 1.875661
0.1481038 0.007577438 1.895775
-0.04506177 0.110462 1.493296
0.06737646 -0.3923431 1.866666
-0.08903039 -0.07114236 1.252153
0.03535593 -0.754521 1.92779
-0.1100131 -0.02728632 1.124613
0.06590033 -0.8236346 1.881321
9
0.06747476 -0.01365374 1.925776
-0.01199539 -0.03350018 1.878723
0.1442343 0.006637748 1.897716
-0.06033866 0.05664639 1.478423
0.06736934 -0.392079 1.867746
-0.1042535 -0.1248179 1.23704
0.03500433 -0.7546786 1.928186
-0.1229161 -0.0856847 1.106574
0.0660249 -0.823585 1.881405
9
0.06747476 -0.01365374 1.925776
-0.01199539 -0.03350018 1.878723
0.1442343 0.006637748 1.897716
-0.06033866 0.05664639 1.478423
0.06736934 -0.392079 1.867746
-0.1042535 -0.1248179 1.23704
0.03500433 -0.7546786 1.928186
-0.1229161 -0.0856847 1.106574
0.0660249 -0.823585 1.881405
9
0.06243418 -0.01589447 1.932889
-0.01638816 -0.03609831 1.886609
0.1387753 0.004843087 1.904078
-0.07463966 0.01197651 1.467104
0.06689691 -0.3913004 1.87231
-0.1230716 -0.1793919 1.234249
0.0348098 -0.7547172 1.928786
-0.1461943 -0.1631522 1.099388
0.06688264 -0.8238064 1.881732
9
0.06243418 -0.01589447 1.932889
-0.01638816 -0.03609831 1.886609
0.1387753 0.004843087 1.904078
-0.07463966 0.01197651 1.467104
0.06689691 -0.3913004 1.87231
-0.1230716 -0.1793919 1.234249
0.0348098 -0.7547172 1.928786
-0.1461943 -0.1631522 1.099388
0.06688264 -0.8238064 1.881732
9
0.06246154 -0.01359973 1.930983
-0.01586533 -0.03291735 1.884907
0.1383655 0.006454903 1.901822
-0.09013831 -0.0364062 1.467645
0.06691407 -0.3866816 1.87671
-0.137726 -0.2255585 1.232814
0.03504788 -0.7547575 1.929712
-0.1652352 -0.2372877 1.100735
0.06801978 -0.8248882 1.880357
9
0.06246154 -0.01359973 1.930983
-0.01586533 -0.03291735 1.884907
0.1383655 0.006454903 1.901822
-0.09013831 -0.0364062 1.467645
0.06691407 -0.3866816 1.87671
-0.137726 -0.2255585 1.232814
0.03504788 -0.7547575 1.929712
-0.1652352 -0.2372877 1.100735
0.06801978 -0.8248882 1.880357
9
0.02219013 0.003457147 1.97082
-0.05740993 -0.001209402 1.937709
0.1050472 0.007824446 1.925752
-0.1046926 -0.1041878 1.480211
0.06678344 -0.3884392 1.883231
-0.1898704 -0.2902187 1.25383
0.03619773 -0.754439 1.932632
-0.1811542 -0.3196257 1.122764
0.06866957 -0.8246396 1.878157
9
0.02219013 0.003457147 1.97082
-0.05740993 -0.001209402 1.937709
0.1050472 0.007824446 1.925752
-0.1046926 -0.1041878 1.480211
0.06678344 -0.3884392 1.883231
-0.1898704 -0.2902187 1.25383
0.03619773 -0.754439 1.932632
-0.1811542 -0.3196257 1.122764
0.06866957 -0.8246396 1.878157
9
0.02270291 0.00358521 1.971308
-0.0569579 -0.0011702 1.937979
0.1050399 0.008158218 1.927245
-0.1104641 -0.1562386 1.515224
0.06735012 -0.3856714 1.888996
-0.1773615 -0.3765608 1.315927
0.03604131 -0.755968 1.937124
-0.1836595 -0.3856718 1.180465
0.06872099 -0.8244908 1.877614
9
0.02270291 0.00358521 1.971308
-0.0569579 -0.0011702 1.937979
0.1050399 0.008158218 1.927245
-0.1104641 -0.1562386 1.515224
0.06735012 -0.3856714 1.888996
-0.1773615 -0.3765608 1.315927
0.03604131 -0.755968 1.937124
-0.1836595 -0.3856718 1.180465
0.06872099 -0.8244908 1.877614
9
0.02358763 0.004069357 1.974582
-0.05565713 -0.001064858 1.941555
0.1045698 0.009126064 1.931416
-0.1183106 -0.2141939 1.547236
0.06783797 -0.3845231 1.895038
-0.1909818 -0.4573022 1.380991
0.03518378 -0.7562348 1.94114
-0.1904872 -0.4703339 1.246625
0.0691025 -0.8241813 1.876104
9
0.02358763 0.004069357 1.974582
-0.05565713 -0.001064858 1.941555
0.1045698 0.009126064 1.931416
-0.1183106 -0.2141939 1.547236
0.06783797 -0.3845231 1.895038
-0.1909818 -0.4573022 1.380991
0.03518378 -0.7562348 1.94114
-0.1904872 -0.4703339 1.246625
0.0691025 -0.8241813 1.876104
9
0.02145007 0.009752098 1.976598
-0.06099339 0.009126213 1.942951
0.1036194 0.01205596 1.934123
-0.1224763 -0.2726451 1.587031
0.06915478 -0.3844647 1.901649
-0.1864731 -0.5318606 1.445865
0.03470219 -0.7568372 1.945077
-0.2170085 -0.6158814 1.418511
0.06844539 -0.8233513 1.876692
9
0.02145007 0.009752098 1.976598
-0.06099339 0.009126213 1.942951
0.1036194 0.01205596 1.934123
-0.1224763 -0.2726451 1.587031
0.06915478 -0.3844647 1.901649
-0.1864731 -0.5318606 1.445865
0.03470219 -0.7568372 1.945077
-0.2170085 -0.6158814 1.418511
0.06844539 -0.8233513 1.876692
9
0.01938464 0.01254258 1.978045
-0.06334624 0.01209706 1.943651
0.1017231 0.01407875 1.936576
-0.1231592 -0.3085582 1.640614
0.07042133 -0.3941955 1.914026
-0.2056112 -0.6187063 1.517054
0.0349744 -0.758305 1.949169
-0.2095947 -0.6494141 1.404297
0.06824428 -0.823313 1.876709
9
0.01938464 0.01254258 1.978045
-0.06334624 0.01209706 1.943651
0.1017231 0.01407875 1.936576
-0.1231592 -0.3085582 1.640614
0.07042133 -0.3941955 1.914026
-0.2056112 -0.6187063 1.517054
0.0349744 -0.758305 1.949169
-0.2095947 -0.6494141 1.404297
0.06824428 -0.823313 1.876709
