40
9
0.05054601 -0.2399303 2.14725
-0.03479087 -0.235909 2.110022
0.1342085 -0.235592 2.10969
-0.05620028 -0.6023021 2.022335
0.1462455 -0.6290303 2.067357
-0.05777612 -0.9582781 2.163365
0.1264238 -0.9602208 2.061093
-0.08025883 -1.030608 2.082102
0.1136447 -1.023299 1.963561
9
0.05054601 -0.2399303 2.14725
-0.03479087 -0.235909 2.110022
0.1342085 -0.235592 2.10969
-0.05620028 -0.6023021 2.022335
0.1462455 -0.6290303 2.067357
-0.05777612 -0.9582781 2.163365
0.1264238 -0.9602208 2.061093
-0.08025883 -1.030608 2.082102
0.1136447 -1.023299 1.963561
9
0.06164332 -0.2407313 2.138116
-0.02424914 -0.2360379 2.10059
0.1454068 -0.2370089 2.100909
-0.05356165 -0.5683226 1.952108
0.1533082 -0.6326114 2.062632
-0.06023472 -0.9300828 2.08062
0.1274375 -0.9605886 2.061001
-0.0846727 -1.013898 2.04191
0.1137887 -1.023709 1.963683
9
0.06164332 -0.2407313 2.138116
-0.02424914 -0.2360379 2.10059
0.1454068 -0.2370089 2.100909
-0.05356165 -0.5683226 1.952108
0.1533082 -0.6326114 2.062632
-0.06023472 -0.9300828 2.08062
0.1274375 -0.9605886 2.061001
-0.0846727 -1.013898 2.04191
0.1137887 -1.023709 1.963683
9
0.07026981 -0.2397758 2.129539
-0.01682409 -0.2346101 2.092883
0.1549819 -0.2365859 2.091408
-0.0471277 -0.5407363 1.889845
0.1563943 -0.6346759 2.05766
-0.05869911 -0.9136696 1.987093
0.1284448 -0.9603896 2.060313
-0.08335128 -0.9909082 1.919118
0.1142207 -1.025182 1.965218
9
0.07026981 -0.2397758 2.129539
-0.01682409 -0.2346101 2.092883
0.1549819 -0.2365859 2.091408
-0.0471277 -0.5407363 1.889845
0.1563943 -0.6346759 2.05766
-0.05869911 -0.9136696 1.987093
0.1284448 -0.9603896 2.060313
-0.08335128 -0.9909082 1.919118
0.1142207 -1.025182 1.965218
9
0.07422025 -0.2381651 2.124193
-0.01357351 -0.2323038 2.087497
0.1595144 -0.2356802 2.086053
-0.04187567 -0.5186695 1.831129
0.1580964 -0.6421636 2.048355
-0.04983309 -0.8674189 1.876011
0.1283131 -0.9614668 2.059343
-0.07413773 -0.930771 1.782852
0.1142777 -1.026003 1.963937
9
0.07422025 -0.2381651 2.124193
-0.01357351 -0.2323038 2.087497
0.1595144 -0.2356802 2.086053
-0.04187567 -0.5186695 1.831129
0.1580964 -0.6421636 2.048355
-0.04983309 -0.8674189 1.876011
0.1283131 -0.9614668 2.059343
-0.07413773 -0.930771 1.782852
0.1142777 -1.026003 1.963937
9
0.08095449 -0.235812 2.115736
-0.008183646 -0.2298175 2.080287
0.1673781 -0.2335564 2.076335
-0.03414019 -0.4958322 1.769647
0.1098376 -0.61364 1.966449
-0.05199274 -0.7880743 1.737447
0.1247516 -0.9612336 2.051847
-0.05272194 -0.8486399 1.63562
0.1168657 -1.031764 1.964106
9
0.08095449 -0.235812 2.115736
-0.008183646 -0.2298175 2.080287
0.1673781 -0.2335564 2.076335
-0.03414019 -0.4958322 1.769647
0.1098376 -0.61364 1.966449
-0.05199274 -0.7880743 1.737447
0.1247516 -0.9612336 2.051847
-0.05272194 -0.8486399 1.63562
0.1168657 -1.031764 1.964106
9
0.08685548 -0.2335116 2.104622
-0.002902677 -0.2270708 2.066823
0.1734954 -0.2316508 2.067363
-0.02909474 -0.4466842 1.706389
0.08526819 -0.5895579 1.91281
-0.03696174 -0.725052 1.615716
0.1226787 -0.9503169 2.038398
-0.04057247 -0.7453689 1.486619
0.1201688 -1.031551 1.972494
9
0.08685548 -0.2335116 2.104622
-0.002902677 -0.2270708 2.066823
0.1734954 -0.2316508 2.067363
-0.02909474 -0.4466842 1.706389
0.08526819 -0.5895579 1.91281
-0.03696174 -0.725052 1.615716
0.1226787 -0.9503169 2.038398
-0.04057247 -0.7453689 1.486619
0.1201688 -1.031551 1.972494
9
0.08685548 -0.2335116 2.104622
-0.002902677 -0.2270708 2.066823
0.1734954 -0.2316508 2.067363
-0.02909474 -0.4466842 1.706389
0.08526819 -0.5895579 1.91281
-0.03696174 -0.725052 1.615716
0.1226787 -0.9503169 2.038398
-0.04057247 -0.7453689 1.486619
0.1201688 -1.031551 1.972494
9
0.08685548 -0.2335116 2.104622
-0.002902677 -0.2270708 2.066823
0.1734954 -0.2316508 2.067363
-0.02909474 -0.4466842 1.706389
0.08526819 -0.5895579 1.91281
-0.03696174 -0.725052 1.615716
0.1226787 -0.9503169 2.038398
-0.04057247 -0.7453689 1.486619
0.1201688 -1.031551 1.972494
9
0.09058227 -0.2301642 2.099057
-0.000762244 -0.2233561 2.065133
0.1797851 -0.2291354 2.055234
-0.01951518 -0.3353907 1.610278
0.1434443 -0.6407514 2.012219
-0.04259024 -0.5173467 1.3744
0.1193788 -0.9619024 2.03155
-0.04248047 -0.5307617 1.223633
0.1161446 -0.9884349 1.886049
9
0.09058227 -0.2301642 2.099057
-0.000762244 -0.2233561 2.065133
0.1797851 -0.2291354 2.055234
-0.01951518 -0.3353907 1.610278
0.1434443 -0.6407514 2.012219
-0.04259024 -0.5173467 1.3744
0.1193788 -0.9619024 2.03155
-0.04248047 -0.5307617 1.223633
0.1161446 -0.9884349 1.886049
9
0.09469468 -0.2271099 2.090578
0.002033901 -0.2196383 2.059021
0.1842388 -0.2271448 2.046459
-0.01155221 -0.2770013 1.576389
0.1436283 -0.6400197 2.012104
-0.03468852 -0.459435 1.340595
0.1188116 -0.9582367 2.027085
-0.04296875 -0.4284668 1.170898
0.1152387 -0.984472 1.881459
9
0.09469468 -0.2271099 2.090578
0.002033901 -0.2196383 2.059021
0.1842388 -0.2271448 2.046459
-0.01155221 -0.2770013 1.576389
0.1436283 -0.6400197 2.012104
-0.03468852 -0.459435 1.340595
0.1188116 -0.9582367 2.027085
-0.04296875 -0.4284668 1.170898
0.1152387 -0.984472 1.881459
9
0.09469468 -0.2271099 2.090578
0.002033901 -0.2196383 2.059021
0.1842388 -0.2271448 2.046459
-0.01155221 -0.2770013 1.576389
0.1436283 -0.6400197 2.012104
-0.03468852 -0.459435 1.340595
0.1188116 -0.9582367 2.027085
-0.04296875 -0.4284668 1.170898
0.1152387 -0.984472 1.881459
9
0.09469468 -0.2271099 2.090578
0.002033901 -0.2196383 2.059021
0.1842388 -0.2271448 2.046459
-0.01155221 -0.2770013 1.576389
0.1436283 -0.6400197 2.012104
-0.03468852 -0.459435 1.340595
0.1188116 -0.9582367 2.027085
-0.04296875 -0.4284668 1.170898
0.1152387 -0.984472 1.881459
9
0.09469468 -0.2271099 2.090578
0.002033901 -0.2196383 2.059021
0.1842388 -0.2271448 2.046459
-0.01155221 -0.2770013 1.576389
0.1436283 -0.6400197 2.012104
-0.03468852 -0.459435 1.340595
0.1188116 -0.9582367 2.027085
-0.04296875 -0.4284668 1.170898
0.1152387 -0.984472 1.881459
9
0.09469468 -0.2271099 2.090578
0.002033901 -0.2196383 2.059021
0.1842388 -0.2271448 2.046459
-0.01155221 -0.2770013 1.576389
0.1436283 -0.6400197 2.012104
-0.03468852 -0.459435 1.340595
0.1188116 -0.9582367 2.027085
-0.04296875 -0.4284668 1.170898
0.1152387 -0.984472 1.881459
9
0.09469468 -0.2271099 2.090578
0.002033901 -0.2196383 2.059021
0.1842388 -0.2271448 2.046459
-0.01155221 -0.2770013 1.576389
0.1436283 -0.6400197 2.012104
-0.03468852 -0.459435 1.340595
0.1188116 -0.9582367 2.027085
-0.04296875 -0.4284668 1.170898
0.1152387 -0.984472 1.881459
9
0.09469468 -0.2271099 2.090578
0.002033901 -0.2196383 2.059021
0.1842388 -0.2271448 2.046459
-0.01155221 -0.2770013 1.576389
0.1436283 -0.6400197 2.012104
-0.03468852 -0.459435 1.340595
0.1188116 -0.9582367 2.027085
-0.04296875 -0.4284668 1.170898
0.1152387 -0.984472 1.881459
9
0.1099704 -0.2299979 2.073626
0.01543768 -0.2239087 2.042725
0.2003754 -0.227916 2.029843
0.0602048 -0.08090217 1.634652
0.1547252 -0.5724227 1.972322
-0.003851343 -0.1262649 1.242517
0.1286844 -0.9586349 2.003793
-0.000637037 -0.1640451 1.093409
0.1230111 -1.038533 1.935383
9
0.1099704 -0.2299979 2.073626
0.01543768 -0.2239087 2.042725
0.2003754 -0.227916 2.029843
0.0602048 -0.08090217 1.634652
0.1547252 -0.5724227 1.972322
-0.003851343 -0.1262649 1.242517
0.1286844 -0.9586349 2.003793
-0.000637037 -0.1640451 1.093409
0.1230111 -1.038533 1.935383
9
0.1099704 -0.2299979 2.073626
0.01543768 -0.2239087 2.042725
0.2003754 -0.227916 2.029843
0.0602048 -0.08090217 1.634652
0.1547252 -0.5724227 1.972322
-0.003851343 -0.1262649 1.242517
0.1286844 -0.9586349 2.003793
-0.000637037 -0.1640451 1.093409
0.1230111 -1.038533 1.935383
9
0.1099704 -0.2299979 2.073626
0.01543768 -0.2239087 2.042725
0.2003754 -0.227916 2.029843
0.0602048 -0.08090217 1.634652
0.1547252 -0.5724227 1.972322
-0.003851343 -0.1262649 1.242517
0.1286844 -0.9586349 2.003793
-0.000637037 -0.1640451 1.093409
0.1230111 -1.038533 1.935383
9
0.1164523 -0.2285707 2.069579
0.02231156 -0.2227138 2.037858
0.2063887 -0.2262569 2.026504
0.06153082 -0.08099589 1.633577
0.1550224 -0.5701625 1.970753
-0.002527194 -0.1263602 1.241444
0.1308834 -0.9529532 1.993479
-0.001445303 -0.03704979 1.096616
0.1319962 -0.978618 1.847809
9
0.1164523 -0.2285707 2.069579
0.02231156 -0.2227138 2.037858
0.2063887 -0.2262569 2.026504
0.06153082 -0.08099589 1.633577
0.1550224 -0.5701625 1.970753
-0.002527194 -0.1263602 1.241444
0.1308834 -0.9529532 1.993479
-0.001445303 -0.03704979 1.096616
0.1319962 -0.978618 1.847809
9
0.1826859 -0.2370604 2.03234
0.09336198 -0.2475966 1.993546
0.2652886 -0.2178464 1.996693
0.1550726 -0.2535204 1.546947
0.1563311 -0.5649332 1.969188
0.09090298 -0.2988891 1.154515
0.131209 -0.9521976 1.992542
0.08457455 -0.2021244 1.012448
0.1318002 -0.9775703 1.846752
9
0.1826859 -0.2370604 2.03234
0.09336198 -0.2475966 1.993546
0.2652886 -0.2178464 1.996693
0.1550726 -0.2535204 1.546947
0.1563311 -0.5649332 1.969188
0.09090298 -0.2988891 1.154515
0.131209 -0.9521976 1.992542
0.08457455 -0.2021244 1.012448
0.1318002 -0.9775703 1.846752
9
0.1822885 -0.2374285 2.032575
0.09331059 -0.2475066 1.993592
0.2639273 -0.2197506 1.997447
0.1640536 -0.2416074 1.55127
0.156658 -0.5647466 1.968043
0.0998862 -0.2869813 1.158878
0.131212 -0.951897 1.992312
0.09328786 -0.190596 1.016738
0.131946 -0.9772698 1.846523
9
0.1822885 -0.2374285 2.032575
0.09331059 -0.2475066 1.993592
0.2639273 -0.2197506 1.997447
0.1640536 -0.2416074 1.55127
0.156658 -0.5647466 1.968043
0.0998862 -0.2869813 1.158878
0.131212 -0.951897 1.992312
0.09328786 -0.190596 1.016738
0.131946 -0.9772698 1.846523
9
0.1805687 -0.2380266 2.032134
0.09197896 -0.2470306 1.993038
0.2616305 -0.2216546 1.997017
0.1640398 -0.2345474 1.551161
0.1565233 -0.5639454 1.967049
0.09987316 -0.2799312 1.158786
0.1313799 -0.9509606 1.992801
0.03408889 -0.1507442 1.09895
0.131927 -0.9763428 1.846998
9
0.1805687 -0.2380266 2.032134
0.09197896 -0.2470306 1.993038
0.2616305 -0.2216546 1.997017
0.1640398 -0.2345474 1.551161
0.1565233 -0.5639454 1.967049
0.09987316 -0.2799312 1.158786
0.1313799 -0.9509606 1.992801
0.03408889 -0.1507442 1.09895
0.131927 -0.9763428 1.846998
9
0.1803329 -0.2382881 2.032172
0.09177245 -0.2467222 1.992806
0.2611724 -0.2231335 1.997591
0.1741363 -0.2132531 1.558495
0.1566484 -0.5639223 1.966486
0.1099753 -0.2586445 1.166183
0.1317998 -0.9504312 1.992581
0.03308471 -0.1381664 1.099037
0.1324365 -0.9758183 1.846778
9
0.1803329 -0.2382881 2.032172
0.09177245 -0.2467222 1.992806
0.2611724 -0.2231335 1.997591
0.1741363 -0.2132531 1.558495
0.1566484 -0.5639223 1.966486
0.1099753 -0.2586445 1.166183
0.1317998 -0.9504312 1.992581
0.03308471 -0.1381664 1.099037
0.1324365 -0.9758183 1.846778
9
0.1571054 -0.2387901 2.027745
0.06901431 -0.2432036 1.988235
0.2391887 -0.2262199 1.992952
0.04089671 -0.0744893 1.588769
0.157444 -0.5646076 1.966126
-0.02321349 -0.1199266 1.196612
0.1316186 -0.951331 1.994043
-0.03419345 -0.08023454 1.065394
0.1323475 -0.9767168 1.848256
9
0.1571054 -0.2387901 2.027745
0.06901431 -0.2432036 1.988235
0.2391887 -0.2262199 1.992952
0.04089671 -0.0744893 1.588769
0.157444 -0.5646076 1.966126
-0.02321349 -0.1199266 1.196612
0.1316186 -0.951331 1.994043
-0.03419345 -0.08023454 1.065394
0.1323475 -0.9767168 1.848256
