40
9
0.1860086 -0.2256002 1.975128
0.1037707 -0.2125435 1.93116
0.2615369 -0.2302898 1.945642
0.04363565 -0.5642991 1.763963
0.2428499 -0.6315944 1.946723
0.02078253 -0.9080939 1.833087
0.2295029 -0.9604272 1.976685
-0.01698459 -0.9794537 1.765379
0.1892419 -1.033368 1.911281
9
0.1860086 -0.2256002 1.975128
0.1037707 -0.2125435 1.93116
0.2615369 -0.2302898 1.945642
0.04363565 -0.5642991 1.763963
0.2428499 -0.6315944 1.946723
0.02078253 -0.9080939 1.833087
0.2295029 -0.9604272 1.976685
-0.01698459 -0.9794537 1.765379
0.1892419 -1.033368 1.911281
9
0.1923825 -0.2240292 1.97385
0.1079451 -0.2109975 1.931974
0.2708816 -0.228739 1.94128
0.04472036 -0.5061403 1.667049
0.201171 -0.6100187 1.872592
0.02480738 -0.8027166 1.611794
0.2271661 -0.9617978 1.975207
0.00535991 -0.8620437 1.514409
0.189567 -1.036038 1.91062
9
0.1923825 -0.2240292 1.97385
0.1079451 -0.2109975 1.931974
0.2708816 -0.228739 1.94128
0.04472036 -0.5061403 1.667049
0.201171 -0.6100187 1.872592
0.02480738 -0.8027166 1.611794
0.2271661 -0.9617978 1.975207
0.00535991 -0.8620437 1.514409
0.189567 -1.036038 1.91062
9
0.1944085 -0.2234601 1.972402
0.1085895 -0.2101725 1.931623
0.2745847 -0.2289123 1.938425
0.03971092 -0.4943758 1.603517
0.2412891 -0.6356031 1.919311
0.02163015 -0.7778041 1.49167
0.2231322 -0.96505 1.972687
0.008015129 -0.7455237 1.360372
0.1909238 -1.041343 1.908958
9
0.1944085 -0.2234601 1.972402
0.1085895 -0.2101725 1.931623
0.2745847 -0.2289123 1.938425
0.03971092 -0.4943758 1.603517
0.2412891 -0.6356031 1.919311
0.02163015 -0.7778041 1.49167
0.2231322 -0.96505 1.972687
0.008015129 -0.7455237 1.360372
0.1909238 -1.041343 1.908958
9
0.1944085 -0.2234601 1.972402
0.1085895 -0.2101725 1.931623
0.2745847 -0.2289123 1.938425
0.03971092 -0.4943758 1.603517
0.2412891 -0.6356031 1.919311
0.02163015 -0.7778041 1.49167
0.2231322 -0.96505 1.972687
0.008015129 -0.7455237 1.360372
0.1909238 -1.041343 1.908958
9
0.1944085 -0.2234601 1.972402
0.1085895 -0.2101725 1.931623
0.2745847 -0.2289123 1.938425
0.03971092 -0.4943758 1.603517
0.2412891 -0.6356031 1.919311
0.02163015 -0.7778041 1.49167
0.2231322 -0.96505 1.972687
0.008015129 -0.7455237 1.360372
0.1909238 -1.041343 1.908958
9
0.1950964 -0.2239074 1.966532
0.1071404 -0.2100629 1.927235
0.2773096 -0.2298354 1.931351
0.04035452 -0.3828166 1.487919
0.2393348 -0.6329613 1.914739
0.002955517 -0.5860921 1.256157
0.2145909 -0.9599396 1.959076
-0.01344156 -0.5521145 1.125168
0.2233903 -0.9870186 1.816206
9
0.1950964 -0.2239074 1.966532
0.1071404 -0.2100629 1.927235
0.2773096 -0.2298354 1.931351
0.04035452 -0.3828166 1.487919
0.2393348 -0.6329613 1.914739
0.002955517 -0.5860921 1.256157
0.2145909 -0.9599396 1.959076
-0.01344156 -0.5521145 1.125168
0.2233903 -0.9870186 1.816206
9
0.1950964 -0.2239074 1.966532
0.1071404 -0.2100629 1.927235
0.2773096 -0.2298354 1.931351
0.04035452 -0.3828166 1.487919
0.2393348 -0.6329613 1.914739
0.002955517 -0.5860921 1.256157
0.2145909 -0.9599396 1.959076
-0.01344156 -0.5521145 1.125168
0.2233903 -0.9870186 1.816206
9
0.1950964 -0.2239074 1.966532
0.1071404 -0.2100629 1.927235
0.2773096 -0.2298354 1.931351
0.04035452 -0.3828166 1.487919
0.2393348 -0.6329613 1.914739
0.002955517 -0.5860921 1.256157
0.2145909 -0.9599396 1.959076
-0.01344156 -0.5521145 1.125168
0.2233903 -0.9870186 1.816206
9
0.1950964 -0.2239074 1.966532
0.1071404 -0.2100629 1.927235
0.2773096 -0.2298354 1.931351
0.04035452 -0.3828166 1.487919
0.2393348 -0.6329613 1.914739
0.002955517 -0.5860921 1.256157
0.2145909 -0.9599396 1.959076
-0.01344156 -0.5521145 1.125168
0.2233903 -0.9870186 1.816206
9
0.2053112 -0.2293274 1.950819
0.1126735 -0.2137229 1.918688
0.2912143 -0.2363104 1.908445
0.05308963 -0.2329595 1.435601
0.2383714 -0.6068417 1.893946
0.01556059 -0.4375796 1.204172
0.2116133 -0.9491835 1.93926
-0.006846599 -0.3411394 1.064164
0.2160002 -0.9755803 1.795714
9
0.1995161 -0.2293671 1.95303
0.1014815 -0.2114424 1.923151
0.2883891 -0.2375652 1.909696
0.07005979 -0.146804 1.48721
0.2402235 -0.5974504 1.886941
0.03249341 -0.3518069 1.256237
0.2111209 -0.9444377 1.92922
0.0116282 -0.2715489 1.105551
0.2136968 -0.9709545 1.785599
9
0.1995161 -0.2293671 1.95303
0.1014815 -0.2114424 1.923151
0.2883891 -0.2375652 1.909696
0.07005979 -0.146804 1.48721
0.2402235 -0.5974504 1.886941
0.03249341 -0.3518069 1.256237
0.2111209 -0.9444377 1.92922
0.0116282 -0.2715489 1.105551
0.2136968 -0.9709545 1.785599
9
0.2069177 -0.2275489 1.941946
0.1059473 -0.211531 1.914238
0.3004636 -0.2338394 1.895606
0.1056378 -0.1067724 1.510696
0.2392278 -0.5616394 1.87012
0.06793732 -0.3119159 1.279949
0.2122034 -0.9483492 1.923551
0.03800856 -0.2235101 1.136994
0.2133873 -0.9743872 1.779756
9
0.2069177 -0.2275489 1.941946
0.1059473 -0.211531 1.914238
0.3004636 -0.2338394 1.895606
0.1056378 -0.1067724 1.510696
0.2392278 -0.5616394 1.87012
0.06793732 -0.3119159 1.279949
0.2122034 -0.9483492 1.923551
0.03800856 -0.2235101 1.136994
0.2133873 -0.9743872 1.779756
9
0.2069177 -0.2275489 1.941946
0.1059473 -0.211531 1.914238
0.3004636 -0.2338394 1.895606
0.1056378 -0.1067724 1.510696
0.2392278 -0.5616394 1.87012
0.06793732 -0.3119159 1.279949
0.2122034 -0.9483492 1.923551
0.03800856 -0.2235101 1.136994
0.2133873 -0.9743872 1.779756
9
0.2069177 -0.2275489 1.941946
0.1059473 -0.211531 1.914238
0.3004636 -0.2338394 1.895606
0.1056378 -0.1067724 1.510696
0.2392278 -0.5616394 1.87012
0.06793732 -0.3119159 1.279949
0.2122034 -0.9483492 1.923551
0.03800856 -0.2235101 1.136994
0.2133873 -0.9743872 1.779756
9
0.2482515 -0.2544369 1.929533
0.1598953 -0.2552787 1.896555
0.3178267 -0.2407594 1.891649
0.1667824 -0.3491021 1.466374
0.2371711 -0.5646292 1.86816
0.1286992 -0.5527045 1.234758
0.216168 -0.9449024 1.914855
0.1008841 -0.4131881 1.150597
0.2157162 -0.9707313 1.770948
9
0.2482515 -0.2544369 1.929533
0.1598953 -0.2552787 1.896555
0.3178267 -0.2407594 1.891649
0.1667824 -0.3491021 1.466374
0.2371711 -0.5646292 1.86816
0.1286992 -0.5527045 1.234758
0.216168 -0.9449024 1.914855
0.1008841 -0.4131881 1.150597
0.2157162 -0.9707313 1.770948
9
0.2482193 -0.2545867 1.929635
0.1598057 -0.25537 1.896707
0.3200438 -0.2422849 1.891425
0.1670996 -0.3491226 1.466637
0.2346803 -0.5651152 1.866897
0.129015 -0.552724 1.235023
0.2162636 -0.9449369 1.913665
0.1018448 -0.4130531 1.150958
0.2149207 -0.9708062 1.769766
9
0.2482193 -0.2545867 1.929635
0.1598057 -0.25537 1.896707
0.3200438 -0.2422849 1.891425
0.1670996 -0.3491226 1.466637
0.2346803 -0.5651152 1.866897
0.129015 -0.552724 1.235023
0.2162636 -0.9449369 1.913665
0.1018448 -0.4130531 1.150958
0.2149207 -0.9708062 1.769766
9
0.2482193 -0.2545867 1.929635
0.1598057 -0.25537 1.896707
0.3200438 -0.2422849 1.891425
0.1670996 -0.3491226 1.466637
0.2346803 -0.5651152 1.866897
0.129015 -0.552724 1.235023
0.2162636 -0.9449369 1.913665
0.1018448 -0.4130531 1.150958
0.2149207 -0.9708062 1.769766
9
0.2482193 -0.2545867 1.929635
0.1598057 -0.25537 1.896707
0.3200438 -0.2422849 1.891425
0.1670996 -0.3491226 1.466637
0.2346803 -0.5651152 1.866897
0.129015 -0.552724 1.235023
0.2162636 -0.9449369 1.913665
0.1018448 -0.4130531 1.150958
0.2149207 -0.9708062 1.769766
9
0.2454855 -0.2595174 1.933859
0.1562186 -0.2613339 1.903583
0.3203123 -0.2467046 1.893099
0.1553956 -0.3632966 1.476396
0.2336539 -0.5692397 1.866467
0.1173795 -0.5667597 1.244756
0.2156947 -0.9444016 1.913589
0.09392581 -0.4288847 1.154791
0.2140694 -0.9705194 1.769778
9
0.2454855 -0.2595174 1.933859
0.1562186 -0.2613339 1.903583
0.3203123 -0.2467046 1.893099
0.1553956 -0.3632966 1.476396
0.2336539 -0.5692397 1.866467
0.1173795 -0.5667597 1.244756
0.2156947 -0.9444016 1.913589
0.09392581 -0.4288847 1.154791
0.2140694 -0.9705194 1.769778
9
0.2454855 -0.2595174 1.933859
0.1562186 -0.2613339 1.903583
0.3203123 -0.2467046 1.893099
0.1553956 -0.3632966 1.476396
0.2336539 -0.5692397 1.866467
0.1173795 -0.5667597 1.244756
0.2156947 -0.9444016 1.913589
0.09392581 -0.4288847 1.154791
0.2140694 -0.9705194 1.769778
9
0.2454855 -0.2595174 1.933859
0.1562186 -0.2613339 1.903583
0.3203123 -0.2467046 1.893099
0.1553956 -0.3632966 1.476396
0.2336539 -0.5692397 1.866467
0.1173795 -0.5667597 1.244756
0.2156947 -0.9444016 1.913589
0.09392581 -0.4288847 1.154791
0.2140694 -0.9705194 1.769778
9
0.2480945 -0.2568771 1.935877
0.1586858 -0.2553594 1.905727
0.3259209 -0.2465425 1.89531
0.06367756 -0.1632014 1.451015
0.2342728 -0.583488 1.873734
0.02610864 -0.3682512 1.219905
0.2120743 -0.9392563 1.91893
0.02539769 -0.2978399 1.062018
0.2103719 -0.9655785 1.775098
9
0.2480945 -0.2568771 1.935877
0.1586858 -0.2553594 1.905727
0.3259209 -0.2465425 1.89531
0.06367756 -0.1632014 1.451015
0.2342728 -0.583488 1.873734
0.02610864 -0.3682512 1.219905
0.2120743 -0.9392563 1.91893
0.02539769 -0.2978399 1.062018
0.2103719 -0.9655785 1.775098
9
0.2480945 -0.2568771 1.935877
0.1586858 -0.2553594 1.905727
0.3259209 -0.2465425 1.89531
0.06367756 -0.1632014 1.451015
0.2342728 -0.583488 1.873734
0.02610864 -0.3682512 1.219905
0.2120743 -0.9392563 1.91893
0.02539769 -0.2978399 1.062018
0.2103719 -0.9655785 1.775098
9
0.2480945 -0.2568771 1.935877
0.1586858 -0.2553594 1.905727
0.3259209 -0.2465425 1.89531
0.06367756 -0.1632014 1.451015
0.2342728 -0.583488 1.873734
0.02610864 -0.3682512 1.219905
0.2120743 -0.9392563 1.91893
0.02539769 -0.2978399 1.062018
0.2103719 -0.9655785 1.775098
9
0.2269897 -0.2513329 1.937115
0.1294423 -0.2406859 1.894121
0.3098154 -0.2484067 1.904757
0.05220006 -0.3040535 1.448355
0.2341092 -0.5978567 1.886244
-0.001855124 -0.4690996 1.190121
0.211024 -0.9398128 1.923969
0.007573455 -0.4717021 1.056858
0.209845 -0.966269 1.780172
9
0.2269897 -0.2513329 1.937115
0.1294423 -0.2406859 1.894121
0.3098154 -0.2484067 1.904757
0.05220006 -0.3040535 1.448355
0.2341092 -0.5978567 1.886244
-0.001855124 -0.4690996 1.190121
0.211024 -0.9398128 1.923969
0.007573455 -0.4717021 1.056858
0.209845 -0.966269 1.780172
9
0.2046946 -0.2419046 1.944117
0.1093488 -0.2294197 1.899877
0.2930287 -0.24473 1.913229
0.04651574 -0.3718738 1.47136
0.2344799 -0.600785 1.890728
-0.024852 -0.5732469 1.245955
0.2107409 -0.9403639 1.927195
0.001181783 -0.5447963 1.115948
0.2102102 -0.9672026 1.783546
9
0.2046946 -0.2419046 1.944117
0.1093488 -0.2294197 1.899877
0.2930287 -0.24473 1.913229
0.04651574 -0.3718738 1.47136
0.2344799 -0.600785 1.890728
-0.024852 -0.5732469 1.245955
0.2107409 -0.9403639 1.927195
0.001181783 -0.5447963 1.115948
0.2102102 -0.9672026 1.783546
9
0.2026986 -0.2398277 1.947748
0.1078574 -0.2268942 1.904437
0.2901199 -0.2430681 1.91708
0.04485014 -0.4126842 1.525849
0.2343457 -0.6105024 1.898712
-0.0254149 -0.6400272 1.327955
0.2096172 -0.9432884 1.933119
-0.01723251 -0.653653 1.198701
0.2101686 -0.9704158 1.789622
9
0.2026986 -0.2398277 1.947748
0.1078574 -0.2268942 1.904437
0.2901199 -0.2430681 1.91708
0.04485014 -0.4126842 1.525849
0.2343457 -0.6105024 1.898712
-0.0254149 -0.6400272 1.327955
0.2096172 -0.9432884 1.933119
-0.01723251 -0.653653 1.198701
0.2101686 -0.9704158 1.789622
