40
9
0.1817009 -0.2228131 2.080026
0.09374062 -0.2168167 2.036347
0.2633361 -0.2207895 2.049489
0.07534551 -0.5601748 1.827833
0.2336772 -0.632086 2.069791
0.004664039 -0.9225864 1.84915
0.1955187 -0.9645199 2.112133
-0.0001518745 -0.9949788 1.766216
0.2039594 -0.9930716 1.967735
9
0.1817009 -0.2228131 2.080026
0.09374062 -0.2168167 2.036347
0.2633361 -0.2207895 2.049489
0.07534551 -0.5601748 1.827833
0.2336772 -0.632086 2.069791
0.004664039 -0.9225864 1.84915
0.1955187 -0.9645199 2.112133
-0.0001518745 -0.9949788 1.766216
0.2039594 -0.9930716 1.967735
9
0.1895022 -0.2204438 2.08082
0.1008217 -0.2149381 2.036228
0.2715123 -0.2180017 2.051201
0.08907177 -0.5355589 1.774164
0.243393 -0.6315328 2.065291
0.04689278 -0.8587473 1.769238
0.197209 -0.963866 2.109429
0.0499651 -0.9278395 1.680075
0.2061446 -0.9921997 1.964997
9
0.1895022 -0.2204438 2.08082
0.1008217 -0.2149381 2.036228
0.2715123 -0.2180017 2.051201
0.08907177 -0.5355589 1.774164
0.243393 -0.6315328 2.065291
0.04689278 -0.8587473 1.769238
0.197209 -0.963866 2.109429
0.0499651 -0.9278395 1.680075
0.2061446 -0.9921997 1.964997
9
0.1941973 -0.2192845 2.081398
0.1049566 -0.2140114 2.03608
0.2766173 -0.2166441 2.052543
0.1075094 -0.4955217 1.738215
0.2581812 -0.620014 2.059618
0.0898385 -0.7924216 1.68346
0.2180666 -0.959453 2.097064
0.08484973 -0.8536316 1.583212
0.2271006 -0.9875092 1.952598
9
0.1941973 -0.2192845 2.081398
0.1049566 -0.2140114 2.03608
0.2766173 -0.2166441 2.052543
0.1075094 -0.4955217 1.738215
0.2581812 -0.620014 2.059618
0.0898385 -0.7924216 1.68346
0.2180666 -0.959453 2.097064
0.08484973 -0.8536316 1.583212
0.2271006 -0.9875092 1.952598
9
0.1941973 -0.2192845 2.081398
0.1049566 -0.2140114 2.03608
0.2766173 -0.2166441 2.052543
0.1075094 -0.4955217 1.738215
0.2581812 -0.620014 2.059618
0.0898385 -0.7924216 1.68346
0.2180666 -0.959453 2.097064
0.08484973 -0.8536316 1.583212
0.2271006 -0.9875092 1.952598
9
0.1941973 -0.2192845 2.081398
0.1049566 -0.2140114 2.03608
0.2766173 -0.2166441 2.052543
0.1075094 -0.4955217 1.738215
0.2581812 -0.620014 2.059618
0.0898385 -0.7924216 1.68346
0.2180666 -0.959453 2.097064
0.08484973 -0.8536316 1.583212
0.2271006 -0.9875092 1.952598
9
0.1941973 -0.2192845 2.081398
0.1049566 -0.2140114 2.03608
0.2766173 -0.2166441 2.052543
0.1075094 -0.4955217 1.738215
0.2581812 -0.620014 2.059618
0.0898385 -0.7924216 1.68346
0.2180666 -0.959453 2.097064
0.08484973 -0.8536316 1.583212
0.2271006 -0.9875092 1.952598
9
0.1941973 -0.2192845 2.081398
0.1049566 -0.2140114 2.03608
0.2766173 -0.2166441 2.052543
0.1075094 -0.4955217 1.738215
0.2581812 -0.620014 2.059618
0.0898385 -0.7924216 1.68346
0.2180666 -0.959453 2.097064
0.08484973 -0.8536316 1.583212
0.2271006 -0.9875092 1.952598
9
0.2005153 -0.2116823 2.083786
0.1094099 -0.2052576 2.04085
0.2850172 -0.2098571 2.052642
0.1646213 -0.3637012 1.612761
0.2720606 -0.5692286 2.047574
0.1464025 -0.6619615 1.557967
0.1592395 -0.9376739 2.100019
0.1610574 -0.6127977 1.391998
0.1723842 -1.021434 2.045665
9
0.2005153 -0.2116823 2.083786
0.1094099 -0.2052576 2.04085
0.2850172 -0.2098571 2.052642
0.1646213 -0.3637012 1.612761
0.2720606 -0.5692286 2.047574
0.1464025 -0.6619615 1.557967
0.1592395 -0.9376739 2.100019
0.1610574 -0.6127977 1.391998
0.1723842 -1.021434 2.045665
9
0.197611 -0.2080364 2.083975
0.1028221 -0.1985615 2.041676
0.2842648 -0.2085255 2.052446
0.1797276 -0.3262404 1.562845
0.2734583 -0.5668483 2.047356
0.1961997 -0.4998232 1.319411
0.1768234 -0.942227 2.084544
0.2246094 -0.5019531 1.189453
0.2131067 -1.021349 2.056286
9
0.197611 -0.2080364 2.083975
0.1028221 -0.1985615 2.041676
0.2842648 -0.2085255 2.052446
0.1797276 -0.3262404 1.562845
0.2734583 -0.5668483 2.047356
0.1961997 -0.4998232 1.319411
0.1768234 -0.942227 2.084544
0.2246094 -0.5019531 1.189453
0.2131067 -1.021349 2.056286
9
0.1964837 -0.204392 2.081146
0.1007506 -0.1957406 2.03874
0.2844504 -0.2046021 2.049486
0.1790977 -0.3312724 1.562383
0.1915849 -0.6324549 2.054229
0.2137211 -0.3844733 1.269738
0.1892718 -0.9631454 2.077605
0.2205791 -0.4163275 1.123505
0.1989356 -0.9901313 1.932862
9
0.1964837 -0.204392 2.081146
0.1007506 -0.1957406 2.03874
0.2844504 -0.2046021 2.049486
0.1790977 -0.3312724 1.562383
0.1915849 -0.6324549 2.054229
0.2137211 -0.3844733 1.269738
0.1892718 -0.9631454 2.077605
0.2205791 -0.4163275 1.123505
0.1989356 -0.9901313 1.932862
9
0.1964837 -0.204392 2.081146
0.1007506 -0.1957406 2.03874
0.2844504 -0.2046021 2.049486
0.1790977 -0.3312724 1.562383
0.1915849 -0.6324549 2.054229
0.2137211 -0.3844733 1.269738
0.1892718 -0.9631454 2.077605
0.2205791 -0.4163275 1.123505
0.1989356 -0.9901313 1.932862
9
0.1964837 -0.204392 2.081146
0.1007506 -0.1957406 2.03874
0.2844504 -0.2046021 2.049486
0.1790977 -0.3312724 1.562383
0.1915849 -0.6324549 2.054229
0.2137211 -0.3844733 1.269738
0.1892718 -0.9631454 2.077605
0.2205791 -0.4163275 1.123505
0.1989356 -0.9901313 1.932862
9
0.2230559 -0.1964764 2.068643
0.11855 -0.1950642 2.023142
0.3241172 -0.1876704 2.039982
0.1969619 -0.3353827 1.548233
0.2267444 -0.6076764 2.031313
0.2293697 -0.3806763 1.254018
0.1872037 -0.9654085 2.072258
0.2364349 -0.4119154 1.107721
0.197591 -0.9917165 1.927391
9
0.2230559 -0.1964764 2.068643
0.11855 -0.1950642 2.023142
0.3241172 -0.1876704 2.039982
0.1969619 -0.3353827 1.548233
0.2267444 -0.6076764 2.031313
0.2293697 -0.3806763 1.254018
0.1872037 -0.9654085 2.072258
0.2364349 -0.4119154 1.107721
0.197591 -0.9917165 1.927391
9
0.2230559 -0.1964764 2.068643
0.11855 -0.1950642 2.023142
0.3241172 -0.1876704 2.039982
0.1969619 -0.3353827 1.548233
0.2267444 -0.6076764 2.031313
0.2293697 -0.3806763 1.254018
0.1872037 -0.9654085 2.072258
0.2364349 -0.4119154 1.107721
0.197591 -0.9917165 1.927391
9
0.2230559 -0.1964764 2.068643
0.11855 -0.1950642 2.023142
0.3241172 -0.1876704 2.039982
0.1969619 -0.3353827 1.548233
0.2267444 -0.6076764 2.031313
0.2293697 -0.3806763 1.254018
0.1872037 -0.9654085 2.072258
0.2364349 -0.4119154 1.107721
0.197591 -0.9917165 1.927391
9
0.1974686 -0.2505193 2.057952
0.1157751 -0.2334992 2.016699
0.2724261 -0.2524544 2.025962
0.2275448 -0.4191139 1.565759
0.2364888 -0.592452 2.017017
0.2630394 -0.4600297 1.271259
0.1864283 -0.9624233 2.063993
0.2700268 -0.4895436 1.125758
0.197419 -0.9887466 1.919214
9
0.1974686 -0.2505193 2.057952
0.1157751 -0.2334992 2.016699
0.2724261 -0.2524544 2.025962
0.2275448 -0.4191139 1.565759
0.2364888 -0.592452 2.017017
0.2630394 -0.4600297 1.271259
0.1864283 -0.9624233 2.063993
0.2700268 -0.4895436 1.125758
0.197419 -0.9887466 1.919214
9
0.2004943 -0.2501263 2.057572
0.118604 -0.2350389 2.016059
0.2757863 -0.2515979 2.025558
0.2292689 -0.4179769 1.563702
0.2379226 -0.5918859 2.012324
0.2647595 -0.4588984 1.269199
0.1877705 -0.9616716 2.057832
0.2731558 -0.4883964 1.123889
0.2001964 -0.9879395 1.913253
9
0.2004943 -0.2501263 2.057572
0.118604 -0.2350389 2.016059
0.2757863 -0.2515979 2.025558
0.2292689 -0.4179769 1.563702
0.2379226 -0.5918859 2.012324
0.2647595 -0.4588984 1.269199
0.1877705 -0.9616716 2.057832
0.2731558 -0.4883964 1.123889
0.2001964 -0.9879395 1.913253
9
0.2073631 -0.2488805 2.05656
0.1244008 -0.2360037 2.014051
0.2833389 -0.2496916 2.025401
0.2312846 -0.4165009 1.559726
0.2388835 -0.5896668 2.008937
0.2557359 -0.06082942 1.372785
0.1877913 -0.9715971 2.057133
0.2904898 -0.06848718 1.205445
0.2007859 -0.9976637 1.912671
9
0.2073631 -0.2488805 2.05656
0.1244008 -0.2360037 2.014051
0.2833389 -0.2496916 2.025401
0.2312846 -0.4165009 1.559726
0.2388835 -0.5896668 2.008937
0.2557359 -0.06082942 1.372785
0.1877913 -0.9715971 2.057133
0.2904898 -0.06848718 1.205445
0.2007859 -0.9976637 1.912671
9
0.2073631 -0.2488805 2.05656
0.1244008 -0.2360037 2.014051
0.2833389 -0.2496916 2.025401
0.2312846 -0.4165009 1.559726
0.2388835 -0.5896668 2.008937
0.2557359 -0.06082942 1.372785
0.1877913 -0.9715971 2.057133
0.2904898 -0.06848718 1.205445
0.2007859 -0.9976637 1.912671
9
0.2073631 -0.2488805 2.05656
0.1244008 -0.2360037 2.014051
0.2833389 -0.2496916 2.025401
0.2312846 -0.4165009 1.559726
0.2388835 -0.5896668 2.008937
0.2557359 -0.06082942 1.372785
0.1877913 -0.9715971 2.057133
0.2904898 -0.06848718 1.205445
0.2007859 -0.9976637 1.912671
9
0.2153558 -0.2480034 2.057522
0.1316226 -0.2366543 2.01368
0.2916106 -0.2484429 2.027616
0.2332547 -0.4163842 1.557794
0.239897 -0.5878518 2.007895
0.2582294 -0.06161699 1.369192
0.1893943 -0.9699328 2.055735
0.2925413 -0.06971101 1.201788
0.2038626 -0.9959861 1.911485
9
0.2153558 -0.2480034 2.057522
0.1316226 -0.2366543 2.01368
0.2916106 -0.2484429 2.027616
0.2332547 -0.4163842 1.557794
0.239897 -0.5878518 2.007895
0.2582294 -0.06161699 1.369192
0.1893943 -0.9699328 2.055735
0.2925413 -0.06971101 1.201788
0.2038626 -0.9959861 1.911485
9
0.2145443 -0.248465 2.058314
0.1312537 -0.2369262 2.013922
0.2900431 -0.2495964 2.029279
0.2047121 -0.2694211 1.520251
0.2399761 -0.5892876 2.008134
0.2769918 -0.07956472 1.284184
0.1905016 -0.9715755 2.055431
0.3149449 -0.09615141 1.126409
0.2062463 -0.9976179 1.911409
9
0.2145443 -0.248465 2.058314
0.1312537 -0.2369262 2.013922
0.2900431 -0.2495964 2.029279
0.2047121 -0.2694211 1.520251
0.2399761 -0.5892876 2.008134
0.2769918 -0.07956472 1.284184
0.1905016 -0.9715755 2.055431
0.3149449 -0.09615141 1.126409
0.2062463 -0.9976179 1.911409
9
0.2145443 -0.248465 2.058314
0.1312537 -0.2369262 2.013922
0.2900431 -0.2495964 2.029279
0.2047121 -0.2694211 1.520251
0.2399761 -0.5892876 2.008134
0.2769918 -0.07956472 1.284184
0.1905016 -0.9715755 2.055431
0.3149449 -0.09615141 1.126409
0.2062463 -0.9976179 1.911409
9
0.2145443 -0.248465 2.058314
0.1312537 -0.2369262 2.013922
0.2900431 -0.2495964 2.029279
0.2047121 -0.2694211 1.520251
0.2399761 -0.5892876 2.008134
0.2769918 -0.07956472 1.284184
0.1905016 -0.9715755 2.055431
0.3149449 -0.09615141 1.126409
0.2062463 -0.9976179 1.911409
9
0.1991179 -0.2486673 2.069591
0.1194575 -0.2379654 2.02092
0.2712905 -0.2497047 2.045048
0.1615937 -0.2598063 1.540396
0.2364429 -0.597064 2.026987
0.2341024 -0.08138972 1.303664
0.1912881 -0.9611262 2.057602
0.2781615 -0.1746773 1.181741
0.2079491 -0.987601 1.913778
9
0.1991179 -0.2486673 2.069591
0.1194575 -0.2379654 2.02092
0.2712905 -0.2497047 2.045048
0.1615937 -0.2598063 1.540396
0.2364429 -0.597064 2.026987
0.2341024 -0.08138972 1.303664
0.1912881 -0.9611262 2.057602
0.2781615 -0.1746773 1.181741
0.2079491 -0.987601 1.913778
9
0.1442261 -0.2438373 2.096048
0.06609723 -0.2244968 2.045979
0.217168 -0.2545052 2.071665
0.2104774 -0.1339402 1.590162
0.23467 -0.5986449 2.030319
0.2552228 -0.2416442 1.314249
0.1889189 -0.9611333 2.06231
0.2691913 -0.2782336 1.168769
0.2067244 -0.9888179 1.919127
9
0.1442261 -0.2438373 2.096048
0.06609723 -0.2244968 2.045979
0.217168 -0.2545052 2.071665
0.2104774 -0.1339402 1.590162
0.23467 -0.5986449 2.030319
0.2552228 -0.2416442 1.314249
0.1889189 -0.9611333 2.06231
0.2691913 -0.2782336 1.168769
0.2067244 -0.9888179 1.919127
