40
9
0.1405477 -0.02874866 1.710422
0.05368269 -0.02745073 1.683663
0.2212676 -0.02865165 1.661229
0.06434826 -0.4895805 1.681431
0.2131602 -0.4728402 1.658861
0.0421164 -0.782938 1.652333
0.2128291 -0.7869747 1.691551
-0.03394163 -0.8434824 1.547292
0.2214759 -0.8375463 1.586501
9
0.1405477 -0.02874866 1.710422
0.05368269 -0.02745073 1.683663
0.2212676 -0.02865165 1.661229
0.06434826 -0.4895805 1.681431
0.2131602 -0.4728402 1.658861
0.0421164 -0.782938 1.652333
0.2128291 -0.7869747 1.691551
-0.03394163 -0.8434824 1.547292
0.2214759 -0.8375463 1.586501
9
0.1405477 -0.02874866 1.710422
0.05368269 -0.02745073 1.683663
0.2212676 -0.02865165 1.661229
0.06434826 -0.4895805 1.681431
0.2131602 -0.4728402 1.658861
0.0421164 -0.782938 1.652333
0.2128291 -0.7869747 1.691551
-0.03394163 -0.8434824 1.547292
0.2214759 -0.8375463 1.586501
9
0.1405477 -0.02874866 1.710422
0.05368269 -0.02745073 1.683663
0.2212676 -0.02865165 1.661229
0.06434826 -0.4895805 1.681431
0.2131602 -0.4728402 1.658861
0.0421164 -0.782938 1.652333
0.2128291 -0.7869747 1.691551
-0.03394163 -0.8434824 1.547292
0.2214759 -0.8375463 1.586501
9
0.1405477 -0.02874866 1.710422
0.05368269 -0.02745073 1.683663
0.2212676 -0.02865165 1.661229
0.06434826 -0.4895805 1.681431
0.2131602 -0.4728402 1.658861
0.0421164 -0.782938 1.652333
0.2128291 -0.7869747 1.691551
-0.03394163 -0.8434824 1.547292
0.2214759 -0.8375463 1.586501
9
0.1405477 -0.02874866 1.710422
0.05368269 -0.02745073 1.683663
0.2212676 -0.02865165 1.661229
0.06434826 -0.4895805 1.681431
0.2131602 -0.4728402 1.658861
0.0421164 -0.782938 1.652333
0.2128291 -0.7869747 1.691551
-0.03394163 -0.8434824 1.547292
0.2214759 -0.8375463 1.586501
9
0.1405477 -0.02874866 1.710422
0.05368269 -0.02745073 1.683663
0.2212676 -0.02865165 1.661229
0.06434826 -0.4895805 1.681431
0.2131602 -0.4728402 1.658861
0.0421164 -0.782938 1.652333
0.2128291 -0.7869747 1.691551
-0.03394163 -0.8434824 1.547292
0.2214759 -0.8375463 1.586501
9
0.1621786 -0.03042199 1.719776
0.07728225 -0.02545008 1.698806
0.2411477 -0.03356854 1.666157
0.03398808 -0.418431 1.572012
0.2401174 -0.4642532 1.673062
0.03159772 -0.7717495 1.608064
0.2121819 -0.7919264 1.689929
0.005601353 -0.8399795 1.523387
0.2177922 -0.8358155 1.57744
9
0.1621786 -0.03042199 1.719776
0.07728225 -0.02545008 1.698806
0.2411477 -0.03356854 1.666157
0.03398808 -0.418431 1.572012
0.2401174 -0.4642532 1.673062
0.03159772 -0.7717495 1.608064
0.2121819 -0.7919264 1.689929
0.005601353 -0.8399795 1.523387
0.2177922 -0.8358155 1.57744
9
0.1677986 -0.02995357 1.723197
0.08198536 -0.02419043 1.703129
0.2468559 -0.03406586 1.668249
0.02653097 -0.4113704 1.558399
0.2420325 -0.4635021 1.674582
-0.002851808 -0.7585069 1.541965
0.2130902 -0.7937511 1.688258
-0.02611732 -0.7892251 1.405654
0.2140474 -0.8375944 1.575901
9
0.1677986 -0.02995357 1.723197
0.08198536 -0.02419043 1.703129
0.2468559 -0.03406586 1.668249
0.02653097 -0.4113704 1.558399
0.2420325 -0.4635021 1.674582
-0.002851808 -0.7585069 1.541965
0.2130902 -0.7937511 1.688258
-0.02611732 -0.7892251 1.405654
0.2140474 -0.8375944 1.575901
9
0.1738397 -0.02801067 1.726403
0.08747698 -0.02220589 1.708537
0.2531806 -0.03229696 1.669371
0.003003207 -0.3926845 1.52278
0.2439146 -0.458905 1.676292
-0.01386662 -0.7854796 1.538906
0.2133844 -0.7943887 1.686957
-0.03849287 -0.8158695 1.403278
0.2014855 -0.8399667 1.575544
9
0.1738397 -0.02801067 1.726403
0.08747698 -0.02220589 1.708537
0.2531806 -0.03229696 1.669371
0.003003207 -0.3926845 1.52278
0.2439146 -0.458905 1.676292
-0.01386662 -0.7854796 1.538906
0.2133844 -0.7943887 1.686957
-0.03849287 -0.8158695 1.403278
0.2014855 -0.8399667 1.575544
9
0.1738397 -0.02801067 1.726403
0.08747698 -0.02220589 1.708537
0.2531806 -0.03229696 1.669371
0.003003207 -0.3926845 1.52278
0.2439146 -0.458905 1.676292
-0.01386662 -0.7854796 1.538906
0.2133844 -0.7943887 1.686957
-0.03849287 -0.8158695 1.403278
0.2014855 -0.8399667 1.575544
9
0.1738397 -0.02801067 1.726403
0.08747698 -0.02220589 1.708537
0.2531806 -0.03229696 1.669371
0.003003207 -0.3926845 1.52278
0.2439146 -0.458905 1.676292
-0.01386662 -0.7854796 1.538906
0.2133844 -0.7943887 1.686957
-0.03849287 -0.8158695 1.403278
0.2014855 -0.8399667 1.575544
9
0.1841026 -0.02429396 1.733742
0.09834068 -0.01833287 1.721701
0.2625144 -0.02893996 1.672084
-0.04253189 -0.2998687 1.472083
0.2464732 -0.4371216 1.676856
-0.1186532 -0.5554648 1.338245
0.2138573 -0.794946 1.685976
-0.1450669 -0.5888937 1.202868
0.1687499 -0.8471713 1.567135
9
0.1841026 -0.02429396 1.733742
0.09834068 -0.01833287 1.721701
0.2625144 -0.02893996 1.672084
-0.04253189 -0.2998687 1.472083
0.2464732 -0.4371216 1.676856
-0.1186532 -0.5554648 1.338245
0.2138573 -0.794946 1.685976
-0.1450669 -0.5888937 1.202868
0.1687499 -0.8471713 1.567135
9
0.1906259 -0.02307966 1.73645
0.104596 -0.01667415 1.726051
0.2687842 -0.02827408 1.672673
-0.06088149 -0.2612094 1.442967
0.2465864 -0.4371079 1.676763
-0.1696306 -0.482042 1.266709
0.2151218 -0.7949609 1.684288
-0.1973101 -0.5167169 1.132013
0.1665662 -0.846966 1.567187
9
0.1906259 -0.02307966 1.73645
0.104596 -0.01667415 1.726051
0.2687842 -0.02827408 1.672673
-0.06088149 -0.2612094 1.442967
0.2465864 -0.4371079 1.676763
-0.1696306 -0.482042 1.266709
0.2151218 -0.7949609 1.684288
-0.1973101 -0.5167169 1.132013
0.1665662 -0.846966 1.567187
9
0.2011149 -0.02429179 1.736872
0.1154967 -0.0191307 1.727685
0.27845 -0.02838776 1.671427
-0.07734308 -0.2063746 1.428572
0.2468256 -0.4371824 1.67664
-0.2240475 -0.4116542 1.207318
0.2153968 -0.7946884 1.68336
-0.2528876 -0.4477483 1.073492
0.1416983 -0.8481468 1.560021
9
0.2011149 -0.02429179 1.736872
0.1154967 -0.0191307 1.727685
0.27845 -0.02838776 1.671427
-0.07734308 -0.2063746 1.428572
0.2468256 -0.4371824 1.67664
-0.2240475 -0.4116542 1.207318
0.2153968 -0.7946884 1.68336
-0.2528876 -0.4477483 1.073492
0.1416983 -0.8481468 1.560021
9
0.2011149 -0.02429179 1.736872
0.1154967 -0.0191307 1.727685
0.27845 -0.02838776 1.671427
-0.07734308 -0.2063746 1.428572
0.2468256 -0.4371824 1.67664
-0.2240475 -0.4116542 1.207318
0.2153968 -0.7946884 1.68336
-0.2528876 -0.4477483 1.073492
0.1416983 -0.8481468 1.560021
9
0.2011149 -0.02429179 1.736872
0.1154967 -0.0191307 1.727685
0.27845 -0.02838776 1.671427
-0.07734308 -0.2063746 1.428572
0.2468256 -0.4371824 1.67664
-0.2240475 -0.4116542 1.207318
0.2153968 -0.7946884 1.68336
-0.2528876 -0.4477483 1.073492
0.1416983 -0.8481468 1.560021
9
0.2174108 -0.02677817 1.732583
0.1314692 -0.0245292 1.725753
0.2949869 -0.02788378 1.664043
-0.08968047 -0.1059975 1.403518
0.248283 -0.4381853 1.674421
-0.262041 -0.2600273 1.171004
0.2163645 -0.7946607 1.681965
-0.2924612 -0.300026 1.037509
0.1425425 -0.8482333 1.559842
9
0.2174108 -0.02677817 1.732583
0.1314692 -0.0245292 1.725753
0.2949869 -0.02788378 1.664043
-0.08968047 -0.1059975 1.403518
0.248283 -0.4381853 1.674421
-0.262041 -0.2600273 1.171004
0.2163645 -0.7946607 1.681965
-0.2924612 -0.300026 1.037509
0.1425425 -0.8482333 1.559842
9
0.2249302 -0.02795564 1.728599
0.1387672 -0.02684103 1.723534
0.3021546 -0.02778876 1.65806
-0.0817163 -0.05969674 1.407359
0.2493525 -0.439633 1.669652
-0.2884864 -0.2040821 1.138828
0.2160455 -0.7957965 1.681603
-0.3194618 -0.2454665 1.005864
0.143641 -0.8483034 1.558767
9
0.2249302 -0.02795564 1.728599
0.1387672 -0.02684103 1.723534
0.3021546 -0.02778876 1.65806
-0.0817163 -0.05969674 1.407359
0.2493525 -0.439633 1.669652
-0.2884864 -0.2040821 1.138828
0.2160455 -0.7957965 1.681603
-0.3194618 -0.2454665 1.005864
0.143641 -0.8483034 1.558767
9
0.2326005 -0.02822975 1.723533
0.1463465 -0.02837417 1.719817
0.3092753 -0.02673625 1.651672
-0.08257213 -0.03835222 1.405614
0.2490903 -0.4395179 1.664478
-0.2952027 -0.1873178 1.138861
0.2170192 -0.7950282 1.67769
-0.327286 -0.2290009 1.006322
0.1421139 -0.8484975 1.556408
9
0.2333088 -0.02807079 1.72068
0.1466907 -0.02872811 1.718231
0.3102904 -0.02578296 1.647217
-0.08090035 -0.004241419 1.406423
0.2475655 -0.4376305 1.659043
-0.3089052 -0.1474298 1.131788
0.2163991 -0.795034 1.676847
-0.3409869 -0.1901227 0.9993483
0.1395538 -0.8487504 1.556683
9
0.2333088 -0.02807079 1.72068
0.1466907 -0.02872811 1.718231
0.3102904 -0.02578296 1.647217
-0.08090035 -0.004241419 1.406423
0.2475655 -0.4376305 1.659043
-0.3089052 -0.1474298 1.131788
0.2163991 -0.795034 1.676847
-0.3409869 -0.1901227 0.9993483
0.1395538 -0.8487504 1.556683
9
0.2299075 -0.02643046 1.714706
0.1426172 -0.02724678 1.713567
0.3075891 -0.02419079 1.639958
-0.126203 -0.003423406 1.357648
0.2467806 -0.436549 1.656222
-0.3459052 -0.1743502 1.119442
0.2165195 -0.7960161 1.674694
-0.377171 -0.2158486 0.987416
0.1400823 -0.8489929 1.556032
9
0.2299075 -0.02643046 1.714706
0.1426172 -0.02724678 1.713567
0.3075891 -0.02419079 1.639958
-0.126203 -0.003423406 1.357648
0.2467806 -0.436549 1.656222
-0.3459052 -0.1743502 1.119442
0.2165195 -0.7960161 1.674694
-0.377171 -0.2158486 0.987416
0.1400823 -0.8489929 1.556032
9
0.233328 -0.02730798 1.713411
0.1471258 -0.02942006 1.712629
0.3099991 -0.02413273 1.638532
-0.08451189 0.01299149 1.39976
0.2465464 -0.4366004 1.654412
-0.3058175 -0.1293768 1.168376
0.2155908 -0.7967242 1.674241
-0.3390658 -0.1723427 1.035949
0.1577616 -0.8476111 1.554062
9
0.233328 -0.02730798 1.713411
0.1471258 -0.02942006 1.712629
0.3099991 -0.02413273 1.638532
-0.08451189 0.01299149 1.39976
0.2465464 -0.4366004 1.654412
-0.3058175 -0.1293768 1.168376
0.2155908 -0.7967242 1.674241
-0.3390658 -0.1723427 1.035949
0.1577616 -0.8476111 1.554062
9
0.233328 -0.02730798 1.713411
0.1471258 -0.02942006 1.712629
0.3099991 -0.02413273 1.638532
-0.08451189 0.01299149 1.39976
0.2465464 -0.4366004 1.654412
-0.3058175 -0.1293768 1.168376
0.2155908 -0.7967242 1.674241
-0.3390658 -0.1723427 1.035949
0.1577616 -0.8476111 1.554062
9
0.2353723 -0.02734259 1.713205
0.1492333 -0.02967514 1.712846
0.3117767 -0.02393295 1.638003
-0.08279783 0.0130191 1.402099
0.2467242 -0.4366709 1.653932
-0.3078742 -0.1272454 1.139155
0.2149148 -0.7983493 1.672911
-0.3412091 -0.1701805 1.006991
0.1401511 -0.8496895 1.550921
9
0.2353723 -0.02734259 1.713205
0.1492333 -0.02967514 1.712846
0.3117767 -0.02393295 1.638003
-0.08279783 0.0130191 1.402099
0.2467242 -0.4366709 1.653932
-0.3078742 -0.1272454 1.139155
0.2149148 -0.7983493 1.672911
-0.3412091 -0.1701805 1.006991
0.1401511 -0.8496895 1.550921
9
0.2388803 -0.02771503 1.713462
0.1530247 -0.03044727 1.713319
0.3146903 -0.02390339 1.638141
-0.0842545 0.0003037 1.400444
0.2468275 -0.4366613 1.653698
-0.3053175 -0.140559 1.138549
0.2155056 -0.7978309 1.672356
-0.3390957 -0.1831385 1.006624
0.1409933 -0.8496782 1.551453
9
0.2388803 -0.02771503 1.713462
0.1530247 -0.03044727 1.713319
0.3146903 -0.02390339 1.638141
-0.0842545 0.0003037 1.400444
0.2468275 -0.4366613 1.653698
-0.3053175 -0.140559 1.138549
0.2155056 -0.7978309 1.672356
-0.3390957 -0.1831385 1.006624
0.1409933 -0.8496782 1.551453
9
0.2415905 -0.02827817 1.714957
0.1556917 -0.03117229 1.714523
0.3172558 -0.02423875 1.639993
-0.07992106 -0.02580278 1.404876
0.2475238 -0.4360742 1.653685
-0.2961757 -0.181508 1.145062
0.2153148 -0.7982261 1.671983
-0.3304404 -0.2229674 1.013354
0.1419384 -0.8495254 1.551925
