40
9
0.2427702 -0.02500948 1.668458
0.1560401 -0.01526604 1.625706
0.3190278 -0.03419351 1.636178
0.1143023 -0.4458795 1.559949
0.2483687 -0.4896785 1.674488
0.0713342 -0.7869966 1.59427
0.1892855 -0.8008541 1.648915
0.0389872 -0.853536 1.518096
0.2150018 -0.8412969 1.540917
9
0.2446679 -0.02382094 1.668717
0.1575426 -0.01433369 1.625465
0.3212214 -0.03259055 1.637052
0.1099188 -0.4234159 1.518097
0.2522096 -0.4862022 1.67427
0.06432682 -0.7709708 1.571761
0.1895041 -0.8008106 1.649009
0.08376674 -0.8005012 1.43437
0.1040039 -0.84375 1.530273
9
0.2446679 -0.02382094 1.668717
0.1575426 -0.01433369 1.625465
0.3212214 -0.03259055 1.637052
0.1099188 -0.4234159 1.518097
0.2522096 -0.4862022 1.67427
0.06432682 -0.7709708 1.571761
0.1895041 -0.8008106 1.649009
0.08376674 -0.8005012 1.43437
0.1040039 -0.84375 1.530273
9
0.2477644 -0.02120144 1.668004
0.1603223 -0.01243016 1.624151
0.324452 -0.02908776 1.636946
0.1155439 -0.4038992 1.468266
0.2591666 -0.4787283 1.670455
0.05361131 -0.7586789 1.532593
0.1895647 -0.8004899 1.649448
0.1279297 -0.8291016 1.504883
0.1043835 -0.8433311 1.530378
9
0.2477644 -0.02120144 1.668004
0.1603223 -0.01243016 1.624151
0.324452 -0.02908776 1.636946
0.1155439 -0.4038992 1.468266
0.2591666 -0.4787283 1.670455
0.05361131 -0.7586789 1.532593
0.1895647 -0.8004899 1.649448
0.1279297 -0.8291016 1.504883
0.1043835 -0.8433311 1.530378
9
0.2498626 -0.01852334 1.665375
0.1619866 -0.01029957 1.6209
0.3268057 -0.02584378 1.634792
0.1264662 -0.3854083 1.431402
0.2669973 -0.4741601 1.666787
0.0508191 -0.7431424 1.488742
0.1899342 -0.8011253 1.647708
0.1289706 -0.8247284 1.498188
0.1027671 -0.8420162 1.52791
9
0.2498626 -0.01852334 1.665375
0.1619866 -0.01029957 1.6209
0.3268057 -0.02584378 1.634792
0.1264662 -0.3854083 1.431402
0.2669973 -0.4741601 1.666787
0.0508191 -0.7431424 1.488742
0.1899342 -0.8011253 1.647708
0.1289706 -0.8247284 1.498188
0.1027671 -0.8420162 1.52791
9
0.2498626 -0.01852334 1.665375
0.1619866 -0.01029957 1.6209
0.3268057 -0.02584378 1.634792
0.1264662 -0.3854083 1.431402
0.2669973 -0.4741601 1.666787
0.0508191 -0.7431424 1.488742
0.1899342 -0.8011253 1.647708
0.1289706 -0.8247284 1.498188
0.1027671 -0.8420162 1.52791
9
0.2498626 -0.01852334 1.665375
0.1619866 -0.01029957 1.6209
0.3268057 -0.02584378 1.634792
0.1264662 -0.3854083 1.431402
0.2669973 -0.4741601 1.666787
0.0508191 -0.7431424 1.488742
0.1899342 -0.8011253 1.647708
0.1289706 -0.8247284 1.498188
0.1027671 -0.8420162 1.52791
9
0.2498626 -0.01852334 1.665375
0.1619866 -0.01029957 1.6209
0.3268057 -0.02584378 1.634792
0.1264662 -0.3854083 1.431402
0.2669973 -0.4741601 1.666787
0.0508191 -0.7431424 1.488742
0.1899342 -0.8011253 1.647708
0.1289706 -0.8247284 1.498188
0.1027671 -0.8420162 1.52791
9
0.2498626 -0.01852334 1.665375
0.1619866 -0.01029957 1.6209
0.3268057 -0.02584378 1.634792
0.1264662 -0.3854083 1.431402
0.2669973 -0.4741601 1.666787
0.0508191 -0.7431424 1.488742
0.1899342 -0.8011253 1.647708
0.1289706 -0.8247284 1.498188
0.1027671 -0.8420162 1.52791
9
0.2498626 -0.01852334 1.665375
0.1619866 -0.01029957 1.6209
0.3268057 -0.02584378 1.634792
0.1264662 -0.3854083 1.431402
0.2669973 -0.4741601 1.666787
0.0508191 -0.7431424 1.488742
0.1899342 -0.8011253 1.647708
0.1289706 -0.8247284 1.498188
0.1027671 -0.8420162 1.52791
9
0.2527675 -0.009534857 1.656331
0.1620083 -0.005564308 1.612179
0.3332213 -0.0112379 1.624885
0.1681917 -0.2658596 1.271459
0.3170519 -0.3957491 1.622219
0.1388226 -0.5472502 1.175909
0.2310076 -0.7320434 1.600722
0.1397232 -0.6058832 1.078104
0.134101 -0.807853 1.536693
9
0.2527675 -0.009534857 1.656331
0.1620083 -0.005564308 1.612179
0.3332213 -0.0112379 1.624885
0.1681917 -0.2658596 1.271459
0.3170519 -0.3957491 1.622219
0.1388226 -0.5472502 1.175909
0.2310076 -0.7320434 1.600722
0.1397232 -0.6058832 1.078104
0.134101 -0.807853 1.536693
9
0.2527675 -0.009534857 1.656331
0.1620083 -0.005564308 1.612179
0.3332213 -0.0112379 1.624885
0.1681917 -0.2658596 1.271459
0.3170519 -0.3957491 1.622219
0.1388226 -0.5472502 1.175909
0.2310076 -0.7320434 1.600722
0.1397232 -0.6058832 1.078104
0.134101 -0.807853 1.536693
9
0.2385262 0.002164982 1.651599
0.1402676 0.008357473 1.609915
0.3244278 -0.002620013 1.618468
0.1829817 -0.2033271 1.20038
0.3081364 -0.3668709 1.615595
0.1780057 -0.4348443 0.9894541
0.2221384 -0.7034721 1.594103
0.1901448 -0.4492024 0.8638213
0.2323239 -0.7336018 1.454921
9
0.2385262 0.002164982 1.651599
0.1402676 0.008357473 1.609915
0.3244278 -0.002620013 1.618468
0.1829817 -0.2033271 1.20038
0.3081364 -0.3668709 1.615595
0.1780057 -0.4348443 0.9894541
0.2221384 -0.7034721 1.594103
0.1901448 -0.4492024 0.8638213
0.2323239 -0.7336018 1.454921
9
0.2385262 0.002164982 1.651599
0.1402676 0.008357473 1.609915
0.3244278 -0.002620013 1.618468
0.1829817 -0.2033271 1.20038
0.3081364 -0.3668709 1.615595
0.1780057 -0.4348443 0.9894541
0.2221384 -0.7034721 1.594103
0.1901448 -0.4492024 0.8638213
0.2323239 -0.7336018 1.454921
9
0.2385262 0.002164982 1.651599
0.1402676 0.008357473 1.609915
0.3244278 -0.002620013 1.618468
0.1829817 -0.2033271 1.20038
0.3081364 -0.3668709 1.615595
0.1780057 -0.4348443 0.9894541
0.2221384 -0.7034721 1.594103
0.1901448 -0.4492024 0.8638213
0.2323239 -0.7336018 1.454921
9
0.2366072 0.005279654 1.648537
0.1377733 0.009673291 1.607775
0.3238631 0.002278476 1.613927
0.1814194 -0.1893315 1.175312
0.3072334 -0.3486811 1.610346
0.1979214 -0.2650742 0.8883449
0.2167379 -0.7267568 1.618696
0.2176514 -0.3515625 0.8134766
0.2137008 -0.8288087 1.521932
9
0.2366072 0.005279654 1.648537
0.1377733 0.009673291 1.607775
0.3238631 0.002278476 1.613927
0.1814194 -0.1893315 1.175312
0.3072334 -0.3486811 1.610346
0.1979214 -0.2650742 0.8883449
0.2167379 -0.7267568 1.618696
0.2176514 -0.3515625 0.8134766
0.2137008 -0.8288087 1.521932
9
0.2347574 0.007718317 1.647887
0.1347492 0.01167563 1.608003
0.3231899 0.004803891 1.612416
0.1758709 -0.1648061 1.186694
0.3128512 -0.3404693 1.609807
0.2062421 -0.1970871 0.8798986
0.2046418 -0.7130745 1.630989
0.2116901 -0.2340623 0.738932
0.2114932 -0.8179039 1.539911
9
0.2347574 0.007718317 1.647887
0.1347492 0.01167563 1.608003
0.3231899 0.004803891 1.612416
0.1758709 -0.1648061 1.186694
0.3128512 -0.3404693 1.609807
0.2062421 -0.1970871 0.8798986
0.2046418 -0.7130745 1.630989
0.2116901 -0.2340623 0.738932
0.2114932 -0.8179039 1.539911
9
0.2289694 0.01158965 1.645583
0.1277122 0.01301648 1.607655
0.3186475 0.01133653 1.607492
0.1995495 -0.008611701 1.172592
0.3222303 -0.3330282 1.611347
0.2104599 -0.1449694 0.8866021
0.2191046 -0.7078211 1.624875
0.2139226 -0.1840014 0.7450576
0.2092903 -0.8182917 1.546218
9
0.2289694 0.01158965 1.645583
0.1277122 0.01301648 1.607655
0.3186475 0.01133653 1.607492
0.1995495 -0.008611701 1.172592
0.3222303 -0.3330282 1.611347
0.2104599 -0.1449694 0.8866021
0.2191046 -0.7078211 1.624875
0.2139226 -0.1840014 0.7450576
0.2092903 -0.8182917 1.546218
9
0.2283614 0.01501551 1.643643
0.1258933 0.01394872 1.606614
0.3207461 0.01859743 1.604078
0.2045597 0.01265969 1.162569
0.3401969 -0.3228658 1.620756
0.2129076 -0.0962975 0.8862976
0.2349953 -0.6977025 1.627869
0.2152878 -0.137251 0.7444263
0.2411008 -0.7281014 1.488061
9
0.2283614 0.01501551 1.643643
0.1258933 0.01394872 1.606614
0.3207461 0.01859743 1.604078
0.2045597 0.01265969 1.162569
0.3401969 -0.3228658 1.620756
0.2129076 -0.0962975 0.8862976
0.2349953 -0.6977025 1.627869
0.2152878 -0.137251 0.7444263
0.2411008 -0.7281014 1.488061
9
0.2294111 0.01464217 1.643681
0.1261894 0.01195388 1.606285
0.3237697 0.01905493 1.604922
0.2117214 0.001538944 1.163612
0.3423482 -0.322632 1.620805
0.2113962 -0.08211415 0.8789244
0.2381702 -0.6978881 1.625629
0.255725 -0.08484992 0.7211693
0.2417935 -0.7282747 1.485614
9
0.2294111 0.01464217 1.643681
0.1261894 0.01195388 1.606285
0.3237697 0.01905493 1.604922
0.2117214 0.001538944 1.163612
0.3423482 -0.322632 1.620805
0.2113962 -0.08211415 0.8789244
0.2381702 -0.6978881 1.625629
0.255725 -0.08484992 0.7211693
0.2417935 -0.7282747 1.485614
9
0.2525612 0.00600344 1.645031
0.1515079 -0.007914088 1.605159
0.3444876 0.0178649 1.609006
0.2334549 -0.03709009 1.148679
0.3770701 -0.3205657 1.633234
0.2101866 -0.07015157 0.8552638
0.2525233 -0.6903245 1.628087
0.2695186 -0.04748616 0.7068365
0.2546416 -0.7209048 1.487947
9
0.2525612 0.00600344 1.645031
0.1515079 -0.007914088 1.605159
0.3444876 0.0178649 1.609006
0.2334549 -0.03709009 1.148679
0.3770701 -0.3205657 1.633234
0.2101866 -0.07015157 0.8552638
0.2525233 -0.6903245 1.628087
0.2695186 -0.04748616 0.7068365
0.2546416 -0.7209048 1.487947
9
0.252917 0.005381803 1.644969
0.1512358 -0.008855854 1.604936
0.3451024 0.01764344 1.609143
0.2363944 -0.04269201 1.149045
0.3682446 -0.3220544 1.632367
0.2120587 -0.07162091 0.8553038
0.2493781 -0.6935919 1.626511
0.2696026 -0.04423478 0.7067875
0.2506305 -0.7241169 1.486339
9
0.272969 -0.0324805 1.654607
0.1690308 -0.02549336 1.614807
0.3613065 -0.03904566 1.617383
0.2617998 -0.08825355 1.155829
0.2508159 -0.4525754 1.585901
0.2356276 -0.1082073 0.8614886
0.1901563 -0.7930191 1.616181
0.2707009 -0.0470593 0.7142838
0.1405431 -0.849943 1.535828
9
0.272969 -0.0324805 1.654607
0.1690308 -0.02549336 1.614807
0.3613065 -0.03904566 1.617383
0.2617998 -0.08825355 1.155829
0.2508159 -0.4525754 1.585901
0.2356276 -0.1082073 0.8614886
0.1901563 -0.7930191 1.616181
0.2707009 -0.0470593 0.7142838
0.1405431 -0.849943 1.535828
9
0.2669546 -0.03252806 1.655095
0.1633504 -0.02470951 1.61659
0.356869 -0.03949442 1.617223
0.2267632 -0.04906102 1.155728
0.250442 -0.4537203 1.586535
0.2048701 -0.07473668 0.8615571
0.191479 -0.7922268 1.615628
0.2351602 -0.003000364 0.7184688
0.1468786 -0.8511657 1.533834
9
0.2669546 -0.03252806 1.655095
0.1633504 -0.02470951 1.61659
0.356869 -0.03949442 1.617223
0.2267632 -0.04906102 1.155728
0.250442 -0.4537203 1.586535
0.2048701 -0.07473668 0.8615571
0.191479 -0.7922268 1.615628
0.2351602 -0.003000364 0.7184688
0.1468786 -0.8511657 1.533834
9
0.2669546 -0.03252806 1.655095
0.1633504 -0.02470951 1.61659
0.356869 -0.03949442 1.617223
0.2267632 -0.04906102 1.155728
0.250442 -0.4537203 1.586535
0.2048701 -0.07473668 0.8615571
0.191479 -0.7922268 1.615628
0.2351602 -0.003000364 0.7184688
0.1468786 -0.8511657 1.533834
9
0.2669546 -0.03252806 1.655095
0.1633504 -0.02470951 1.61659
0.356869 -0.03949442 1.617223
0.2267632 -0.04906102 1.155728
0.250442 -0.4537203 1.586535
0.2048701 -0.07473668 0.8615571
0.191479 -0.7922268 1.615628
0.2351602 -0.003000364 0.7184688
0.1468786 -0.8511657 1.533834
9
0.2669546 -0.03252806 1.655095
0.1633504 -0.02470951 1.61659
0.356869 -0.03949442 1.617223
0.2267632 -0.04906102 1.155728
0.250442 -0.4537203 1.586535
0.2048701 -0.07473668 0.8615571
0.191479 -0.7922268 1.615628
0.2351602 -0.003000364 0.7184688
0.1468786 -0.8511657 1.533834
9
0.2669546 -0.03252806 1.655095
0.1633504 -0.02470951 1.61659
0.356869 -0.03949442 1.617223
0.2267632 -0.04906102 1.155728
0.250442 -0.4537203 1.586535
0.2048701 -0.07473668 0.8615571
0.191479 -0.7922268 1.615628
0.2351602 -0.003000364 0.7184688
0.1468786 -0.8511657 1.533834
