40
9
0.1861193 -0.01063354 1.593604
0.09687926 -0.004968166 1.554304
0.2664617 -0.01585442 1.557304
0.08927572 -0.406697 1.496975
0.1791203 -0.4296697 1.57802
0.07207788 -0.7394103 1.473921
0.1629946 -0.7858505 1.629729
0.07757424 -0.7695512 1.333253
0.05488502 -0.8429434 1.552359
9
0.1861193 -0.01063354 1.593604
0.09687926 -0.004968166 1.554304
0.2664617 -0.01585442 1.557304
0.08927572 -0.406697 1.496975
0.1791203 -0.4296697 1.57802
0.07207788 -0.7394103 1.473921
0.1629946 -0.7858505 1.629729
0.07757424 -0.7695512 1.333253
0.05488502 -0.8429434 1.552359
9
0.1861193 -0.01063354 1.593604
0.09687926 -0.004968166 1.554304
0.2664617 -0.01585442 1.557304
0.08927572 -0.406697 1.496975
0.1791203 -0.4296697 1.57802
0.07207788 -0.7394103 1.473921
0.1629946 -0.7858505 1.629729
0.07757424 -0.7695512 1.333253
0.05488502 -0.8429434 1.552359
9
0.1861193 -0.01063354 1.593604
0.09687926 -0.004968166 1.554304
0.2664617 -0.01585442 1.557304
0.08927572 -0.406697 1.496975
0.1791203 -0.4296697 1.57802
0.07207788 -0.7394103 1.473921
0.1629946 -0.7858505 1.629729
0.07757424 -0.7695512 1.333253
0.05488502 -0.8429434 1.552359
9
0.1861193 -0.01063354 1.593604
0.09687926 -0.004968166 1.554304
0.2664617 -0.01585442 1.557304
0.08927572 -0.406697 1.496975
0.1791203 -0.4296697 1.57802
0.07207788 -0.7394103 1.473921
0.1629946 -0.7858505 1.629729
0.07757424 -0.7695512 1.333253
0.05488502 -0.8429434 1.552359
9
0.1861193 -0.01063354 1.593604
0.09687926 -0.004968166 1.554304
0.2664617 -0.01585442 1.557304
0.08927572 -0.406697 1.496975
0.1791203 -0.4296697 1.57802
0.07207788 -0.7394103 1.473921
0.1629946 -0.7858505 1.629729
0.07757424 -0.7695512 1.333253
0.05488502 -0.8429434 1.552359
9
0.1861193 -0.01063354 1.593604
0.09687926 -0.004968166 1.554304
0.2664617 -0.01585442 1.557304
0.08927572 -0.406697 1.496975
0.1791203 -0.4296697 1.57802
0.07207788 -0.7394103 1.473921
0.1629946 -0.7858505 1.629729
0.07757424 -0.7695512 1.333253
0.05488502 -0.8429434 1.552359
9
0.1896121 -0.01145264 1.599855
0.0990193 -0.005629015 1.561682
0.2713067 -0.01680481 1.562784
0.07919651 -0.3251425 1.33197
0.2309636 -0.4307466 1.621397
0.06893701 -0.6446643 1.316378
0.2004073 -0.7572879 1.68098
0.05397783 -0.7148355 1.234809
0.1045926 -0.8141356 1.579128
9
0.1896121 -0.01145264 1.599855
0.0990193 -0.005629015 1.561682
0.2713067 -0.01680481 1.562784
0.07919651 -0.3251425 1.33197
0.2309636 -0.4307466 1.621397
0.06893701 -0.6446643 1.316378
0.2004073 -0.7572879 1.68098
0.05397783 -0.7148355 1.234809
0.1045926 -0.8141356 1.579128
9
0.1896121 -0.01145264 1.599855
0.0990193 -0.005629015 1.561682
0.2713067 -0.01680481 1.562784
0.07919651 -0.3251425 1.33197
0.2309636 -0.4307466 1.621397
0.06893701 -0.6446643 1.316378
0.2004073 -0.7572879 1.68098
0.05397783 -0.7148355 1.234809
0.1045926 -0.8141356 1.579128
9
0.1896121 -0.01145264 1.599855
0.0990193 -0.005629015 1.561682
0.2713067 -0.01680481 1.562784
0.07919651 -0.3251425 1.33197
0.2309636 -0.4307466 1.621397
0.06893701 -0.6446643 1.316378
0.2004073 -0.7572879 1.68098
0.05397783 -0.7148355 1.234809
0.1045926 -0.8141356 1.579128
9
0.194739 -0.007997554 1.609205
0.1021328 -0.001469795 1.572936
0.2782208 -0.0140236 1.570533
0.07939117 -0.2360793 1.264166
0.2320382 -0.4285012 1.620751
0.06118127 -0.5317048 1.141883
0.200287 -0.7671399 1.681772
0.05976464 -0.5818701 1.033248
0.2056885 -0.8398438 1.548828
9
0.194739 -0.007997554 1.609205
0.1021328 -0.001469795 1.572936
0.2782208 -0.0140236 1.570533
0.07939117 -0.2360793 1.264166
0.2320382 -0.4285012 1.620751
0.06118127 -0.5317048 1.141883
0.200287 -0.7671399 1.681772
0.05976464 -0.5818701 1.033248
0.2056885 -0.8398438 1.548828
9
0.2002354 -0.006038287 1.614227
0.1053529 -0.0007952348 1.576495
0.2861907 -0.01053327 1.576939
0.08186077 -0.2135881 1.231194
0.2336402 -0.4260091 1.620211
0.04571941 -0.4661489 1.051357
0.2114157 -0.7148801 1.66776
0.06631799 -0.4879941 0.9274154
0.2091467 -0.8181992 1.567857
9
0.2002354 -0.006038287 1.614227
0.1053529 -0.0007952348 1.576495
0.2861907 -0.01053327 1.576939
0.08186077 -0.2135881 1.231194
0.2336402 -0.4260091 1.620211
0.04571941 -0.4661489 1.051357
0.2114157 -0.7148801 1.66776
0.06631799 -0.4879941 0.9274154
0.2091467 -0.8181992 1.567857
9
0.2047026 -0.005016181 1.616582
0.1081812 -0.0008446074 1.577684
0.2921406 -0.008218766 1.580621
0.0810084 -0.174744 1.190244
0.2379941 -0.4151247 1.616037
0.02883489 -0.3936742 0.9788754
0.2215265 -0.7052 1.660076
0.05613752 -0.3879468 0.8127201
0.1321823 -0.7793257 1.569477
9
0.2047026 -0.005016181 1.616582
0.1081812 -0.0008446074 1.577684
0.2921406 -0.008218766 1.580621
0.0810084 -0.174744 1.190244
0.2379941 -0.4151247 1.616037
0.02883489 -0.3936742 0.9788754
0.2215265 -0.7052 1.660076
0.05613752 -0.3879468 0.8127201
0.1321823 -0.7793257 1.569477
9
0.2071914 -0.003283273 1.619765
0.1104117 0.001008029 1.581756
0.2944618 -0.006949119 1.582728
0.08444612 -0.113168 1.175877
0.2539012 -0.346755 1.597388
0.04642227 -0.2902768 0.925658
0.1688093 -0.7401101 1.612229
0.05905151 -0.3059082 0.7641602
0.08646998 -0.8268356 1.538246
9
0.2071914 -0.003283273 1.619765
0.1104117 0.001008029 1.581756
0.2944618 -0.006949119 1.582728
0.08444612 -0.113168 1.175877
0.2539012 -0.346755 1.597388
0.04642227 -0.2902768 0.925658
0.1688093 -0.7401101 1.612229
0.05905151 -0.3059082 0.7641602
0.08646998 -0.8268356 1.538246
9
0.2136269 -0.003134765 1.627687
0.1177119 0.0002287199 1.592157
0.2996809 -0.00627707 1.588282
0.08318458 -0.05784674 1.155533
0.2540976 -0.3466025 1.597319
0.04514845 -0.2354812 0.9056093
0.1553102 -0.7344886 1.634093
0.05681349 -0.2046563 0.7370666
0.09473298 -0.8306848 1.549517
9
0.2136269 -0.003134765 1.627687
0.1177119 0.0002287199 1.592157
0.2996809 -0.00627707 1.588282
0.08318458 -0.05784674 1.155533
0.2540976 -0.3466025 1.597319
0.04514845 -0.2354812 0.9056093
0.1553102 -0.7344886 1.634093
0.05681349 -0.2046563 0.7370666
0.09473298 -0.8306848 1.549517
9
0.2136269 -0.003134765 1.627687
0.1177119 0.0002287199 1.592157
0.2996809 -0.00627707 1.588282
0.08318458 -0.05784674 1.155533
0.2540976 -0.3466025 1.597319
0.04514845 -0.2354812 0.9056093
0.1553102 -0.7344886 1.634093
0.05681349 -0.2046563 0.7370666
0.09473298 -0.8306848 1.549517
9
0.2136269 -0.003134765 1.627687
0.1177119 0.0002287199 1.592157
0.2996809 -0.00627707 1.588282
0.08318458 -0.05784674 1.155533
0.2540976 -0.3466025 1.597319
0.04514845 -0.2354812 0.9056093
0.1553102 -0.7344886 1.634093
0.05681349 -0.2046563 0.7370666
0.09473298 -0.8306848 1.549517
9
0.2790329 0.02113643 1.616308
0.1771735 0.01621811 1.57763
0.3678224 0.02506838 1.580002
0.09727254 0.08532009 1.225761
0.2375843 -0.4055943 1.599819
0.059331 -0.09236156 0.9769222
0.1331359 -0.8045997 1.644506
0.07035179 -0.07022285 0.8069315
0.08699175 -0.8506929 1.542053
9
0.2790329 0.02113643 1.616308
0.1771735 0.01621811 1.57763
0.3678224 0.02506838 1.580002
0.09727254 0.08532009 1.225761
0.2375843 -0.4055943 1.599819
0.059331 -0.09236156 0.9769222
0.1331359 -0.8045997 1.644506
0.07035179 -0.07022285 0.8069315
0.08699175 -0.8506929 1.542053
9
0.1812809 -0.02366208 1.67361
0.08037885 -0.004208656 1.631963
0.2738874 -0.04202624 1.639588
-0.119505 0.08637615 1.278443
0.2196569 -0.4438777 1.601843
-0.01858275 -0.03710813 0.8993469
0.1297286 -0.8052983 1.645007
-0.0165391 -0.08246098 0.7546488
0.0817622 -0.8525256 1.546901
9
0.1812809 -0.02366208 1.67361
0.08037885 -0.004208656 1.631963
0.2738874 -0.04202624 1.639588
-0.119505 0.08637615 1.278443
0.2196569 -0.4438777 1.601843
-0.01858275 -0.03710813 0.8993469
0.1297286 -0.8052983 1.645007
-0.0165391 -0.08246098 0.7546488
0.0817622 -0.8525256 1.546901
9
0.1803154 -0.02229209 1.6731
0.07938118 -0.001908991 1.632028
0.2728187 -0.0412508 1.638496
-0.109696 0.1186185 1.298935
0.2156374 -0.4327351 1.598538
-0.008810917 -0.004688103 0.9199286
0.1254638 -0.8049858 1.646611
-0.007697723 -0.05117545 0.7751192
0.08064631 -0.8528727 1.547931
9
0.1803154 -0.02229209 1.6731
0.07938118 -0.001908991 1.632028
0.2728187 -0.0412508 1.638496
-0.109696 0.1186185 1.298935
0.2156374 -0.4327351 1.598538
-0.008810917 -0.004688103 0.9199286
0.1254638 -0.8049858 1.646611
-0.007697723 -0.05117545 0.7751192
0.08064631 -0.8528727 1.547931
9
0.1773133 -0.01028536 1.674758
0.0774124 0.01001202 1.634029
0.2690576 -0.03000049 1.639784
-0.1110246 0.1201916 1.304736
0.2130547 -0.4285998 1.597786
0.008964194 0.07065958 0.9150403
0.1215679 -0.8074082 1.648701
0.01118834 0.0212608 0.7703194
0.0715733 -0.854218 1.550452
9
0.1773133 -0.01028536 1.674758
0.0774124 0.01001202 1.634029
0.2690576 -0.03000049 1.639784
-0.1110246 0.1201916 1.304736
0.2130547 -0.4285998 1.597786
0.008964194 0.07065958 0.9150403
0.1215679 -0.8074082 1.648701
0.01118834 0.0212608 0.7703194
0.0715733 -0.854218 1.550452
9
0.175803 -0.002635451 1.677288
0.07607947 0.01820076 1.637385
0.2674967 -0.02323212 1.641559
-0.1114563 0.1308734 1.318468
0.2114895 -0.4281662 1.598005
0.0061843 0.07718292 0.9286516
0.1208349 -0.8082692 1.649444
0.009536264 0.02759208 0.7840409
0.07284744 -0.854423 1.550826
9
0.175803 -0.002635451 1.677288
0.07607947 0.01820076 1.637385
0.2674967 -0.02323212 1.641559
-0.1114563 0.1308734 1.318468
0.2114895 -0.4281662 1.598005
0.0061843 0.07718292 0.9286516
0.1208349 -0.8082692 1.649444
0.009536264 0.02759208 0.7840409
0.07284744 -0.854423 1.550826
9
0.1752579 -0.0004787981 1.678805
0.07577983 0.02019546 1.638826
0.2667317 -0.02104271 1.643132
-0.1119608 0.1303517 1.319816
0.2101312 -0.4275141 1.59835
0.005694488 0.07717096 0.9299382
0.1209275 -0.8085896 1.649158
0.009922776 0.02756683 0.7853591
0.07242123 -0.85455 1.551413
9
0.1749178 -0.001838942 1.678625
0.075618 0.01940091 1.63847
0.266148 -0.02316398 1.643225
-0.1133073 0.1265585 1.314786
0.2093303 -0.4273272 1.598841
0.005535712 0.07401638 0.9251652
0.1198136 -0.808766 1.649816
0.01035707 0.02436467 0.7806631
0.07221217 -0.8545817 1.551582
9
0.1749178 -0.001838942 1.678625
0.075618 0.01940091 1.63847
0.266148 -0.02316398 1.643225
-0.1133073 0.1265585 1.314786
0.2093303 -0.4273272 1.598841
0.005535712 0.07401638 0.9251652
0.1198136 -0.808766 1.649816
0.01035707 0.02436467 0.7806631
0.07221217 -0.8545817 1.551582
9
0.1727832 -0.01096395 1.672987
0.07459873 0.008368924 1.629882
0.2632572 -0.03032498 1.639839
-0.1297092 0.05657958 1.26088
0.2074331 -0.432319 1.602332
0.006058114 0.03246967 0.8737726
0.1188273 -0.8094103 1.650545
0.01155421 -0.01542374 0.7291255
0.07043227 -0.854862 1.552613
9
0.1727832 -0.01096395 1.672987
0.07459873 0.008368924 1.629882
0.2632572 -0.03032498 1.639839
-0.1297092 0.05657958 1.26088
0.2074331 -0.432319 1.602332
0.006058114 0.03246967 0.8737726
0.1188273 -0.8094103 1.650545
0.01155421 -0.01542374 0.7291255
0.07043227 -0.854862 1.552613
9
0.1358977 0.03631827 1.623317
0.03460984 0.04141712 1.58329
0.2307592 0.02952686 1.587486
0.09517133 0.09427623 1.227012
0.2111689 -0.4173796 1.606062
0.08181443 0.026237 0.8226314
0.1181822 -0.8131481 1.652767
0.08348633 -0.02045015 0.6777103
0.06948623 -0.8550135 1.55263
9
0.1358977 0.03631827 1.623317
0.03460984 0.04141712 1.58329
0.2307592 0.02952686 1.587486
0.09517133 0.09427623 1.227012
0.2111689 -0.4173796 1.606062
0.08181443 0.026237 0.8226314
0.1181822 -0.8131481 1.652767
0.08348633 -0.02045015 0.6777103
0.06948623 -0.8550135 1.55263
