40
9
0.1452968 -0.02415484 1.693138
0.0590697 -0.02165358 1.657923
0.2249827 -0.02558605 1.65248
0.06787325 -0.4600482 1.66638
0.1655327 -0.4575816 1.681448
0.03767461 -0.7589781 1.647795
0.1424822 -0.8008065 1.680001
-0.009096343 -0.8452451 1.54705
0.06295825 -0.8469412 1.552106
9
0.1452968 -0.02415484 1.693138
0.0590697 -0.02165358 1.657923
0.2249827 -0.02558605 1.65248
0.06787325 -0.4600482 1.66638
0.1655327 -0.4575816 1.681448
0.03767461 -0.7589781 1.647795
0.1424822 -0.8008065 1.680001
-0.009096343 -0.8452451 1.54705
0.06295825 -0.8469412 1.552106
9
0.1452968 -0.02415484 1.693138
0.0590697 -0.02165358 1.657923
0.2249827 -0.02558605 1.65248
0.06787325 -0.4600482 1.66638
0.1655327 -0.4575816 1.681448
0.03767461 -0.7589781 1.647795
0.1424822 -0.8008065 1.680001
-0.009096343 -0.8452451 1.54705
0.06295825 -0.8469412 1.552106
9
0.1505496 -0.02408137 1.690186
0.06379369 -0.02156628 1.655006
0.2305283 -0.02552532 1.649567
0.06943674 -0.4634736 1.623244
0.178393 -0.4588004 1.676227
0.03964651 -0.79318 1.647805
0.1425394 -0.8031038 1.678303
-0.01503797 -0.8448288 1.540922
0.06478048 -0.8482081 1.549795
9
0.1505496 -0.02408137 1.690186
0.06379369 -0.02156628 1.655006
0.2305283 -0.02552532 1.649567
0.06943674 -0.4634736 1.623244
0.178393 -0.4588004 1.676227
0.03964651 -0.79318 1.647805
0.1425394 -0.8031038 1.678303
-0.01503797 -0.8448288 1.540922
0.06478048 -0.8482081 1.549795
9
0.1505496 -0.02408137 1.690186
0.06379369 -0.02156628 1.655006
0.2305283 -0.02552532 1.649567
0.06943674 -0.4634736 1.623244
0.178393 -0.4588004 1.676227
0.03964651 -0.79318 1.647805
0.1425394 -0.8031038 1.678303
-0.01503797 -0.8448288 1.540922
0.06478048 -0.8482081 1.549795
9
0.1548311 -0.02312695 1.687842
0.06728283 -0.02051111 1.652626
0.2354904 -0.02472321 1.6473
0.06013429 -0.4322369 1.572869
0.1892741 -0.45849 1.674721
0.03863392 -0.7812204 1.627563
0.142233 -0.8025392 1.677545
-0.01631203 -0.8430943 1.533801
0.1797485 -0.8468135 1.573976
9
0.1628952 -0.02200184 1.686554
0.07429408 -0.01913434 1.651599
0.2442433 -0.0239312 1.645785
0.04474332 -0.4048325 1.511442
0.1941863 -0.4575404 1.674142
0.04860701 -0.7920349 1.620064
0.1423899 -0.8024574 1.677236
-0.01526857 -0.8400031 1.523565
0.1796583 -0.8467429 1.573686
9
0.1628952 -0.02200184 1.686554
0.07429408 -0.01913434 1.651599
0.2442433 -0.0239312 1.645785
0.04474332 -0.4048325 1.511442
0.1941863 -0.4575404 1.674142
0.04860701 -0.7920349 1.620064
0.1423899 -0.8024574 1.677236
-0.01526857 -0.8400031 1.523565
0.1796583 -0.8467429 1.573686
9
0.1687939 -0.0212038 1.685455
0.07982203 -0.01780741 1.650546
0.2502432 -0.02369208 1.644673
0.04628075 -0.3742841 1.460793
0.1986995 -0.4573117 1.673831
0.02707753 -0.7181553 1.495241
0.1420016 -0.8023602 1.671404
0.02874284 -0.7491912 1.352996
0.06506348 -0.8452148 1.544922
9
0.1687939 -0.0212038 1.685455
0.07982203 -0.01780741 1.650546
0.2502432 -0.02369208 1.644673
0.04628075 -0.3742841 1.460793
0.1986995 -0.4573117 1.673831
0.02707753 -0.7181553 1.495241
0.1420016 -0.8023602 1.671404
0.02874284 -0.7491912 1.352996
0.06506348 -0.8452148 1.544922
9
0.1738284 -0.02054999 1.685497
0.08423933 -0.01708587 1.650516
0.2556492 -0.02313533 1.644828
0.05111345 -0.3323322 1.411211
0.1785275 -0.4415413 1.627366
0.0368939 -0.6393275 1.40572
0.1462385 -0.8016548 1.668419
0.03696403 -0.6709469 1.263082
0.07097305 -0.8471626 1.547047
9
0.1738284 -0.02054999 1.685497
0.08423933 -0.01708587 1.650516
0.2556492 -0.02313533 1.644828
0.05111345 -0.3323322 1.411211
0.1785275 -0.4415413 1.627366
0.0368939 -0.6393275 1.40572
0.1462385 -0.8016548 1.668419
0.03696403 -0.6709469 1.263082
0.07097305 -0.8471626 1.547047
9
0.1771334 -0.01902347 1.684559
0.08655618 -0.01584676 1.649484
0.2599544 -0.02133834 1.644051
0.0533125 -0.2764024 1.36075
0.1725761 -0.4362249 1.609802
0.03396388 -0.5825244 1.297395
0.1507231 -0.8025969 1.663152
0.03097259 -0.6354255 1.18934
0.07099695 -0.8472096 1.546945
9
0.1771334 -0.01902347 1.684559
0.08655618 -0.01584676 1.649484
0.2599544 -0.02133834 1.644051
0.0533125 -0.2764024 1.36075
0.1725761 -0.4362249 1.609802
0.03396388 -0.5825244 1.297395
0.1507231 -0.8025969 1.663152
0.03097259 -0.6354255 1.18934
0.07099695 -0.8472096 1.546945
9
0.1771334 -0.01902347 1.684559
0.08655618 -0.01584676 1.649484
0.2599544 -0.02133834 1.644051
0.0533125 -0.2764024 1.36075
0.1725761 -0.4362249 1.609802
0.03396388 -0.5825244 1.297395
0.1507231 -0.8025969 1.663152
0.03097259 -0.6354255 1.18934
0.07099695 -0.8472096 1.546945
9
0.1771334 -0.01902347 1.684559
0.08655618 -0.01584676 1.649484
0.2599544 -0.02133834 1.644051
0.0533125 -0.2764024 1.36075
0.1725761 -0.4362249 1.609802
0.03396388 -0.5825244 1.297395
0.1507231 -0.8025969 1.663152
0.03097259 -0.6354255 1.18934
0.07099695 -0.8472096 1.546945
9
0.1771334 -0.01902347 1.684559
0.08655618 -0.01584676 1.649484
0.2599544 -0.02133834 1.644051
0.0533125 -0.2764024 1.36075
0.1725761 -0.4362249 1.609802
0.03396388 -0.5825244 1.297395
0.1507231 -0.8025969 1.663152
0.03097259 -0.6354255 1.18934
0.07099695 -0.8472096 1.546945
9
0.1771334 -0.01902347 1.684559
0.08655618 -0.01584676 1.649484
0.2599544 -0.02133834 1.644051
0.0533125 -0.2764024 1.36075
0.1725761 -0.4362249 1.609802
0.03396388 -0.5825244 1.297395
0.1507231 -0.8025969 1.663152
0.03097259 -0.6354255 1.18934
0.07099695 -0.8472096 1.546945
9
0.1893031 -0.01529499 1.680867
0.09477197 -0.0129557 1.646127
0.2760249 -0.01687394 1.640135
0.0648323 -0.1459362 1.229525
0.2289857 -0.4177544 1.648898
0.04525076 -0.4543315 1.166268
0.1549749 -0.8098937 1.656805
0.04180805 -0.5089049 1.057564
0.07103817 -0.8481685 1.547211
9
0.1893031 -0.01529499 1.680867
0.09477197 -0.0129557 1.646127
0.2760249 -0.01687394 1.640135
0.0648323 -0.1459362 1.229525
0.2289857 -0.4177544 1.648898
0.04525076 -0.4543315 1.166268
0.1549749 -0.8098937 1.656805
0.04180805 -0.5089049 1.057564
0.07103817 -0.8481685 1.547211
9
0.1893031 -0.01529499 1.680867
0.09477197 -0.0129557 1.646127
0.2760249 -0.01687394 1.640135
0.0648323 -0.1459362 1.229525
0.2289857 -0.4177544 1.648898
0.04525076 -0.4543315 1.166268
0.1549749 -0.8098937 1.656805
0.04180805 -0.5089049 1.057564
0.07103817 -0.8481685 1.547211
9
0.2138507 -0.006056759 1.661344
0.1141466 -0.003619657 1.624645
0.304326 -0.008154878 1.622567
0.07500641 -0.01910121 1.235699
0.2592964 -0.3762438 1.620665
0.05535856 -0.3290986 1.173262
0.1565146 -0.7680454 1.656944
0.05321668 -0.2664884 1.012043
0.07881483 -0.842478 1.553406
9
0.2138507 -0.006056759 1.661344
0.1141466 -0.003619657 1.624645
0.304326 -0.008154878 1.622567
0.07500641 -0.01910121 1.235699
0.2592964 -0.3762438 1.620665
0.05535856 -0.3290986 1.173262
0.1565146 -0.7680454 1.656944
0.05321668 -0.2664884 1.012043
0.07881483 -0.842478 1.553406
9
0.2384259 -0.002005239 1.651068
0.1416666 -0.003254785 1.611483
0.3248906 -0.001122421 1.61495
0.07506118 0.0433143 1.238605
0.2286621 -0.4322197 1.627702
0.05543856 -0.2673706 1.176645
0.1428158 -0.7977326 1.662169
0.0572803 -0.2081586 1.014351
0.07408168 -0.8499696 1.549008
9
0.2384259 -0.002005239 1.651068
0.1416666 -0.003254785 1.611483
0.3248906 -0.001122421 1.61495
0.07506118 0.0433143 1.238605
0.2286621 -0.4322197 1.627702
0.05543856 -0.2673706 1.176645
0.1428158 -0.7977326 1.662169
0.0572803 -0.2081586 1.014351
0.07408168 -0.8499696 1.549008
9
0.2384259 -0.002005239 1.651068
0.1416666 -0.003254785 1.611483
0.3248906 -0.001122421 1.61495
0.07506118 0.0433143 1.238605
0.2286621 -0.4322197 1.627702
0.05543856 -0.2673706 1.176645
0.1428158 -0.7977326 1.662169
0.0572803 -0.2081586 1.014351
0.07408168 -0.8499696 1.549008
9
0.2384259 -0.002005239 1.651068
0.1416666 -0.003254785 1.611483
0.3248906 -0.001122421 1.61495
0.07506118 0.0433143 1.238605
0.2286621 -0.4322197 1.627702
0.05543856 -0.2673706 1.176645
0.1428158 -0.7977326 1.662169
0.0572803 -0.2081586 1.014351
0.07408168 -0.8499696 1.549008
9
0.2414802 -0.004490226 1.651358
0.1439443 -0.005902235 1.611571
0.3283818 -0.003127684 1.615585
0.07510268 0.04217046 1.239619
0.2195273 -0.4330262 1.61709
0.0554803 -0.2684938 1.177652
0.1408142 -0.7986659 1.661747
0.06328361 -0.1947907 1.022526
0.07537028 -0.8523447 1.553308
9
0.2414802 -0.004490226 1.651358
0.1439443 -0.005902235 1.611571
0.3283818 -0.003127684 1.615585
0.07510268 0.04217046 1.239619
0.2195273 -0.4330262 1.61709
0.0554803 -0.2684938 1.177652
0.1408142 -0.7986659 1.661747
0.06328361 -0.1947907 1.022526
0.07537028 -0.8523447 1.553308
9
0.2414802 -0.004490226 1.651358
0.1439443 -0.005902235 1.611571
0.3283818 -0.003127684 1.615585
0.07510268 0.04217046 1.239619
0.2195273 -0.4330262 1.61709
0.0554803 -0.2684938 1.177652
0.1408142 -0.7986659 1.661747
0.06328361 -0.1947907 1.022526
0.07537028 -0.8523447 1.553308
9
0.1527722 -0.01549925 1.681715
0.05056947 -0.005700308 1.644162
0.2480277 -0.02459372 1.64346
-0.1076351 0.02712289 1.292255
0.2123525 -0.4488985 1.615553
-0.1255468 -0.2829361 1.230195
0.1342577 -0.8032182 1.663049
-0.07238895 -0.2151616 1.082178
0.07501221 -0.8525389 1.553344
9
0.1527722 -0.01549925 1.681715
0.05056947 -0.005700308 1.644162
0.2480277 -0.02459372 1.64346
-0.1076351 0.02712289 1.292255
0.2123525 -0.4488985 1.615553
-0.1255468 -0.2829361 1.230195
0.1342577 -0.8032182 1.663049
-0.07238895 -0.2151616 1.082178
0.07501221 -0.8525389 1.553344
9
0.1527722 -0.01549925 1.681715
0.05056947 -0.005700308 1.644162
0.2480277 -0.02459372 1.64346
-0.1076351 0.02712289 1.292255
0.2123525 -0.4488985 1.615553
-0.1255468 -0.2829361 1.230195
0.1342577 -0.8032182 1.663049
-0.07238895 -0.2151616 1.082178
0.07501221 -0.8525389 1.553344
9
0.1644545 -0.0322951 1.681391
0.06884563 -0.01812571 1.643102
0.2539616 -0.047425 1.643955
-0.1072603 0.02635714 1.290542
0.2123886 -0.4488902 1.61552
-0.1251743 -0.2837066 1.228474
0.1334285 -0.8025193 1.664069
-0.07115777 -0.2146508 1.08149
0.07491283 -0.853334 1.555928
9
0.1644545 -0.0322951 1.681391
0.06884563 -0.01812571 1.643102
0.2539616 -0.047425 1.643955
-0.1072603 0.02635714 1.290542
0.2123886 -0.4488902 1.61552
-0.1251743 -0.2837066 1.228474
0.1334285 -0.8025193 1.664069
-0.07115777 -0.2146508 1.08149
0.07491283 -0.853334 1.555928
9
0.1644545 -0.0322951 1.681391
0.06884563 -0.01812571 1.643102
0.2539616 -0.047425 1.643955
-0.1072603 0.02635714 1.290542
0.2123886 -0.4488902 1.61552
-0.1251743 -0.2837066 1.228474
0.1334285 -0.8025193 1.664069
-0.07115777 -0.2146508 1.08149
0.07491283 -0.853334 1.555928
9
0.1705408 -0.03851549 1.686705
0.0756816 -0.02205881 1.647943
0.2581059 -0.05434257 1.649514
-0.1058245 0.02671282 1.292391
0.2126998 -0.4556028 1.618827
-0.1237525 -0.2833422 1.230328
0.1343545 -0.8017687 1.66377
-0.07013011 -0.2149584 1.082822
0.07493053 -0.8534984 1.556034
9
0.1705408 -0.03851549 1.686705
0.0756816 -0.02205881 1.647943
0.2581059 -0.05434257 1.649514
-0.1058245 0.02671282 1.292391
0.2126998 -0.4556028 1.618827
-0.1237525 -0.2833422 1.230328
0.1343545 -0.8017687 1.66377
-0.07013011 -0.2149584 1.082822
0.07493053 -0.8534984 1.556034
9
0.1705408 -0.03851549 1.686705
0.0756816 -0.02205881 1.647943
0.2581059 -0.05434257 1.649514
-0.1058245 0.02671282 1.292391
0.2126998 -0.4556028 1.618827
-0.1237525 -0.2833422 1.230328
0.1343545 -0.8017687 1.66377
-0.07013011 -0.2149584 1.082822
0.07493053 -0.8534984 1.556034
