40
9
0.02139359 0.0006542598 2.19358
-0.05521396 0.003668632 2.147775
0.0971968 -0.002543322 2.16436
-0.1029024 -0.3718458 1.934913
0.0590971 -0.4396523 2.171457
-0.151747 -0.7476742 1.913927
0.0007824664 -0.7600645 2.168845
-0.154669 -0.7948695 1.832772
0.01255997 -0.8166873 2.093157
9
0.02139359 0.0006542598 2.19358
-0.05521396 0.003668632 2.147775
0.0971968 -0.002543322 2.16436
-0.1029024 -0.3718458 1.934913
0.0590971 -0.4396523 2.171457
-0.151747 -0.7476742 1.913927
0.0007824664 -0.7600645 2.168845
-0.154669 -0.7948695 1.832772
0.01255997 -0.8166873 2.093157
9
0.02124828 0.0007424175 2.193887
-0.0557634 0.003876858 2.148356
0.09724864 -0.002509163 2.164505
-0.09518895 -0.3095677 1.848884
0.05849765 -0.4413601 2.165946
-0.1255545 -0.6095338 1.774819
0.0004007198 -0.7599995 2.167088
-0.1235729 -0.6674011 1.66305
0.01222553 -0.8165337 2.093038
9
0.02124828 0.0007424175 2.193887
-0.0557634 0.003876858 2.148356
0.09724864 -0.002509163 2.164505
-0.09518895 -0.3095677 1.848884
0.05849765 -0.4413601 2.165946
-0.1255545 -0.6095338 1.774819
0.0004007198 -0.7599995 2.167088
-0.1235729 -0.6674011 1.66305
0.01222553 -0.8165337 2.093038
9
0.02124828 0.0007424175 2.193887
-0.0557634 0.003876858 2.148356
0.09724864 -0.002509163 2.164505
-0.09518895 -0.3095677 1.848884
0.05849765 -0.4413601 2.165946
-0.1255545 -0.6095338 1.774819
0.0004007198 -0.7599995 2.167088
-0.1235729 -0.6674011 1.66305
0.01222553 -0.8165337 2.093038
9
0.02124828 0.0007424175 2.193887
-0.0557634 0.003876858 2.148356
0.09724864 -0.002509163 2.164505
-0.09518895 -0.3095677 1.848884
0.05849765 -0.4413601 2.165946
-0.1255545 -0.6095338 1.774819
0.0004007198 -0.7599995 2.167088
-0.1235729 -0.6674011 1.66305
0.01222553 -0.8165337 2.093038
9
0.02124828 0.0007424175 2.193887
-0.0557634 0.003876858 2.148356
0.09724864 -0.002509163 2.164505
-0.09518895 -0.3095677 1.848884
0.05849765 -0.4413601 2.165946
-0.1255545 -0.6095338 1.774819
0.0004007198 -0.7599995 2.167088
-0.1235729 -0.6674011 1.66305
0.01222553 -0.8165337 2.093038
9
0.02031335 0.001604263 2.195112
-0.05994294 0.006825035 2.154451
0.09730662 -0.002395812 2.164345
-0.08420374 -0.1724261 1.735062
0.04839914 -0.4368716 2.138008
-0.1234025 -0.3929739 1.526141
-0.0005475751 -0.7590628 2.16422
-0.1116232 -0.4223313 1.394516
0.01291432 -0.8166742 2.091863
9
0.02031335 0.001604263 2.195112
-0.05994294 0.006825035 2.154451
0.09730662 -0.002395812 2.164345
-0.08420374 -0.1724261 1.735062
0.04839914 -0.4368716 2.138008
-0.1234025 -0.3929739 1.526141
-0.0005475751 -0.7590628 2.16422
-0.1116232 -0.4223313 1.394516
0.01291432 -0.8166742 2.091863
9
0.008071457 0.004041683 2.198767
-0.0768789 0.01140232 2.162138
0.09099633 -0.002096845 2.163737
-0.08010361 -0.1185533 1.706867
0.04638873 -0.4295743 2.130755
-0.09830553 -0.4095734 1.41515
-0.001747565 -0.7577354 2.161571
-0.09942627 -0.3352051 1.300781
0.01138148 -0.8153254 2.090558
9
0.008071457 0.004041683 2.198767
-0.0768789 0.01140232 2.162138
0.09099633 -0.002096845 2.163737
-0.08010361 -0.1185533 1.706867
0.04638873 -0.4295743 2.130755
-0.09830553 -0.4095734 1.41515
-0.001747565 -0.7577354 2.161571
-0.09942627 -0.3352051 1.300781
0.01138148 -0.8153254 2.090558
9
-0.02397116 0.004405352 2.205726
-0.1046794 0.01437079 2.169431
0.05843818 -0.005619641 2.167156
-0.08184055 -0.05207749 1.681566
0.04868121 -0.410543 2.119961
-0.1000683 -0.3435734 1.390125
-0.004423494 -0.7562644 2.159444
-0.101894 -0.2594815 1.282971
0.010315 -0.8170207 2.092769
9
-0.02397116 0.004405352 2.205726
-0.1046794 0.01437079 2.169431
0.05843818 -0.005619641 2.167156
-0.08184055 -0.05207749 1.681566
0.04868121 -0.410543 2.119961
-0.1000683 -0.3435734 1.390125
-0.004423494 -0.7562644 2.159444
-0.101894 -0.2594815 1.282971
0.010315 -0.8170207 2.092769
9
-0.02836344 0.002760961 2.213776
-0.1108124 0.01372288 2.180823
0.05521875 -0.007914233 2.172463
-0.06979843 0.007290618 1.677202
0.04894399 -0.3975852 2.115034
-0.08809078 -0.2845102 1.386062
-0.006041835 -0.7561474 2.15641
-0.1025784 -0.213048 1.284742
0.008509768 -0.8163067 2.09336
9
-0.02836344 0.002760961 2.213776
-0.1108124 0.01372288 2.180823
0.05521875 -0.007914233 2.172463
-0.06979843 0.007290618 1.677202
0.04894399 -0.3975852 2.115034
-0.08809078 -0.2845102 1.386062
-0.006041835 -0.7561474 2.15641
-0.1025784 -0.213048 1.284742
0.008509768 -0.8163067 2.09336
9
0.05380511 -0.008703019 2.145611
-0.02518715 -0.01847343 2.103132
0.1308884 0.001369674 2.112859
-0.05404096 0.06234044 1.666939
0.04972973 -0.3883586 2.11132
-0.07240481 -0.2297447 1.376085
-0.004492544 -0.7581471 2.151701
-0.08798218 -0.1544609 1.28418
0.008536705 -0.8176119 2.092446
9
0.05380511 -0.008703019 2.145611
-0.02518715 -0.01847343 2.103132
0.1308884 0.001369674 2.112859
-0.05404096 0.06234044 1.666939
0.04972973 -0.3883586 2.11132
-0.07240481 -0.2297447 1.376085
-0.004492544 -0.7581471 2.151701
-0.08798218 -0.1544609 1.28418
0.008536705 -0.8176119 2.092446
9
0.05639299 -0.009619985 2.148575
-0.02305749 -0.02020055 2.106147
0.1339868 0.001277754 2.11592
-0.03076204 0.1261157 1.752497
0.04942669 -0.3877714 2.11099
-0.04917704 -0.1657491 1.462013
-0.0030023 -0.7580605 2.147736
-0.06520081 -0.09650803 1.378906
0.008972697 -0.8188385 2.092207
9
0.05639299 -0.009619985 2.148575
-0.02305749 -0.02020055 2.106147
0.1339868 0.001277754 2.11592
-0.03076204 0.1261157 1.752497
0.04942669 -0.3877714 2.11099
-0.04917704 -0.1657491 1.462013
-0.0030023 -0.7580605 2.147736
-0.06520081 -0.09650803 1.378906
0.008972697 -0.8188385 2.092207
9
0.04705223 -0.01617492 2.164692
-0.0305792 -0.02442785 2.119616
0.1228895 -0.007719537 2.134845
-0.02820463 0.1314529 1.758966
0.0474339 -0.3942295 2.110078
-0.04662565 -0.1603971 1.468509
-0.003312913 -0.760254 2.145881
-0.06294633 -0.08716322 1.376291
0.01080601 -0.8201376 2.088868
9
0.04705223 -0.01617492 2.164692
-0.0305792 -0.02442785 2.119616
0.1228895 -0.007719537 2.134845
-0.02820463 0.1314529 1.758966
0.0474339 -0.3942295 2.110078
-0.04662565 -0.1603971 1.468509
-0.003312913 -0.760254 2.145881
-0.06294633 -0.08716322 1.376291
0.01080601 -0.8201376 2.088868
9
0.04564181 -0.0166195 2.168525
-0.03192391 -0.02419678 2.123041
0.1215117 -0.008784356 2.139001
-0.02645394 0.1331716 1.758681
0.0471016 -0.3948316 2.109632
-0.04488046 -0.1586853 1.468232
-0.003239526 -0.7611346 2.144938
-0.06124403 -0.08549243 1.376008
0.01129075 -0.8210044 2.088205
9
0.04564181 -0.0166195 2.168525
-0.03192391 -0.02419678 2.123041
0.1215117 -0.008784356 2.139001
-0.02645394 0.1331716 1.758681
0.0471016 -0.3948316 2.109632
-0.04488046 -0.1586853 1.468232
-0.003239526 -0.7611346 2.144938
-0.06124403 -0.08549243 1.376008
0.01129075 -0.8210044 2.088205
9
0.04235622 -0.01680786 2.170991
-0.03558347 -0.02385325 2.126085
0.1187115 -0.009332204 2.140891
-0.02935266 0.1334845 1.757963
0.0467405 -0.3943114 2.108955
-0.04777086 -0.1583765 1.467515
-0.002617076 -0.7605799 2.143776
-0.06406221 -0.08518958 1.375292
0.009490622 -0.8219252 2.090746
9
0.04235622 -0.01680786 2.170991
-0.03558347 -0.02385325 2.126085
0.1187115 -0.009332204 2.140891
-0.02935266 0.1334845 1.757963
0.0467405 -0.3943114 2.108955
-0.04777086 -0.1583765 1.467515
-0.002617076 -0.7605799 2.143776
-0.06406221 -0.08518958 1.375292
0.009490622 -0.8219252 2.090746
9
0.03971458 -0.01709595 2.174341
-0.03828819 -0.02350845 2.129867
0.1162423 -0.0101461 2.143785
-0.02868588 0.1355543 1.758725
0.04655683 -0.395473 2.108887
-0.04710605 -0.1563095 1.468288
-0.002452748 -0.7607344 2.143435
-0.06341431 -0.08317517 1.376059
0.009614734 -0.8221234 2.090574
9
0.03971458 -0.01709595 2.174341
-0.03828819 -0.02350845 2.129867
0.1162423 -0.0101461 2.143785
-0.02868588 0.1355543 1.758725
0.04655683 -0.395473 2.108887
-0.04710605 -0.1563095 1.468288
-0.002452748 -0.7607344 2.143435
-0.06341431 -0.08317517 1.376059
0.009614734 -0.8221234 2.090574
9
0.03944097 -0.0174184 2.174262
-0.03860233 -0.02387207 2.129809
0.1160211 -0.01041556 2.143671
-0.02705529 0.1372283 1.758068
0.04659356 -0.3953283 2.108738
-0.04548069 -0.1546439 1.467638
-0.002508475 -0.761191 2.14274
-0.0618286 -0.08154866 1.375404
0.009760862 -0.8225518 2.089943
9
0.03944097 -0.0174184 2.174262
-0.03860233 -0.02387207 2.129809
0.1160211 -0.01041556 2.143671
-0.02705529 0.1372283 1.758068
0.04659356 -0.3953283 2.108738
-0.04548069 -0.1546439 1.467638
-0.002508475 -0.761191 2.14274
-0.0618286 -0.08154866 1.375404
0.009760862 -0.8225518 2.089943
9
0.03932252 -0.0172846 2.174889
-0.03915858 -0.0244152 2.130694
0.116282 -0.009499077 2.144443
-0.02710137 0.1369221 1.755978
0.04682743 -0.3938659 2.108709
-0.04552733 -0.1549593 1.465546
-0.002474018 -0.761226 2.142583
-0.06187252 -0.08185095 1.373314
0.009856916 -0.8226411 2.090054
9
0.03932252 -0.0172846 2.174889
-0.03915858 -0.0244152 2.130694
0.116282 -0.009499077 2.144443
-0.02710137 0.1369221 1.755978
0.04682743 -0.3938659 2.108709
-0.04552733 -0.1549593 1.465546
-0.002474018 -0.761226 2.142583
-0.06187252 -0.08185095 1.373314
0.009856916 -0.8226411 2.090054
9
0.04438086 -0.01557013 2.167404
-0.03593102 -0.02435725 2.125802
0.123702 -0.005431378 2.133111
-0.03967542 0.09461787 1.708902
0.04855259 -0.3880622 2.108673
-0.05807447 -0.1973621 1.418246
-0.002159907 -0.7601936 2.142199
-0.07406616 -0.1230583 1.326172
0.01010216 -0.8217543 2.090173
9
0.04438086 -0.01557013 2.167404
-0.03593102 -0.02435725 2.125802
0.123702 -0.005431378 2.133111
-0.03967542 0.09461787 1.708902
0.04855259 -0.3880622 2.108673
-0.05807447 -0.1973621 1.418246
-0.002159907 -0.7601936 2.142199
-0.07406616 -0.1230583 1.326172
0.01010216 -0.8217543 2.090173
9
0.04710848 -0.01403256 2.161865
-0.03261656 -0.02225874 2.120031
0.1255157 -0.004763978 2.128255
-0.05862911 0.05175292 1.694625
0.04894781 -0.3866055 2.109364
-0.07696476 -0.2401415 1.403735
-0.00146041 -0.7588389 2.142164
-0.09246388 -0.1647141 1.311859
0.01029171 -0.8203915 2.089765
9
0.04710848 -0.01403256 2.161865
-0.03261656 -0.02225874 2.120031
0.1255157 -0.004763978 2.128255
-0.05862911 0.05175292 1.694625
0.04894781 -0.3866055 2.109364
-0.07696476 -0.2401415 1.403735
-0.00146041 -0.7588389 2.142164
-0.09246388 -0.1647141 1.311859
0.01029171 -0.8203915 2.089765
9
0.04714222 -0.01450645 2.163081
-0.0322332 -0.02264659 2.121482
0.1251651 -0.005452964 2.129432
-0.08105554 -0.02466566 1.660098
0.04915849 -0.3858412 2.111125
-0.09930401 -0.3164084 1.368767
-0.001679707 -0.7585271 2.14255
-0.1094505 -0.2219016 1.276609
0.01022165 -0.8199497 2.089688
9
0.04714222 -0.01450645 2.163081
-0.0322332 -0.02264659 2.121482
0.1251651 -0.005452964 2.129432
-0.08105554 -0.02466566 1.660098
0.04915849 -0.3858412 2.111125
-0.09930401 -0.3164084 1.368767
-0.001679707 -0.7585271 2.14255
-0.1094505 -0.2219016 1.276609
0.01022165 -0.8199497 2.089688
9
0.05359412 -0.01567689 2.163403
-0.02368836 -0.02366924 2.121307
0.1295513 -0.006775507 2.130118
-0.08377036 -0.07698327 1.693255
0.05064259 -0.386145 2.113192
-0.1019779 -0.368292 1.40171
-0.002021704 -0.7585585 2.143183
-0.1166118 -0.2862993 1.294105
0.01023555 -0.8199424 2.09039
9
0.05359412 -0.01567689 2.163403
-0.02368836 -0.02366924 2.121307
0.1295513 -0.006775507 2.130118
-0.08377036 -0.07698327 1.693255
0.05064259 -0.386145 2.113192
-0.1019779 -0.368292 1.40171
-0.002021704 -0.7585585 2.143183
-0.1166118 -0.2862993 1.294105
0.01023555 -0.8199424 2.09039
9
0.05852184 -0.01415583 2.164453
-0.01789026 -0.02106039 2.123337
0.133347 -0.006277744 2.130436
-0.08580096 -0.1409497 1.718532
0.05337353 -0.3920861 2.119503
-0.1416101 -0.4487265 1.450016
-0.00246437 -0.7581366 2.144199
-0.1240499 -0.3793768 1.330466
0.01001707 -0.8193975 2.090996
