40
9
0.02196707 0.0001765527 2.161776
-0.05616059 0.001803993 2.120157
0.09903161 -0.001741938 2.128704
-0.1161719 -0.3004293 1.817623
0.06124447 -0.4238459 2.137281
-0.158455 -0.6104005 1.713108
-0.002671081 -0.7594574 2.160138
-0.1402599 -0.63462 1.596423
0.01032559 -0.81577 2.091493
9
0.02196707 0.0001765527 2.161776
-0.05616059 0.001803993 2.120157
0.09903161 -0.001741938 2.128704
-0.1161719 -0.3004293 1.817623
0.06124447 -0.4238459 2.137281
-0.158455 -0.6104005 1.713108
-0.002671081 -0.7594574 2.160138
-0.1402599 -0.63462 1.596423
0.01032559 -0.81577 2.091493
9
0.02390505 0.0008802174 2.162853
-0.05427226 0.002421035 2.122257
0.10129 -0.0008210834 2.128885
-0.1139914 -0.2617347 1.778692
0.05961882 -0.4213792 2.126343
-0.1610945 -0.5268368 1.634574
-0.002946821 -0.7587286 2.15951
-0.1524658 -0.5605469 1.517578
0.01036906 -0.8155729 2.092088
9
0.02390505 0.0008802174 2.162853
-0.05427226 0.002421035 2.122257
0.10129 -0.0008210834 2.128885
-0.1139914 -0.2617347 1.778692
0.05961882 -0.4213792 2.126343
-0.1610945 -0.5268368 1.634574
-0.002946821 -0.7587286 2.15951
-0.1524658 -0.5605469 1.517578
0.01036906 -0.8155729 2.092088
9
0.009576932 0.002765169 2.172322
-0.07624069 0.008262519 2.135832
0.09323972 -0.00151767 2.13471
-0.1144303 -0.2013671 1.751543
0.05567992 -0.4172318 2.119697
-0.1605007 -0.4497018 1.515916
-0.003183367 -0.7581992 2.15952
-0.1302746 -0.4790487 1.419853
0.01046979 -0.8151785 2.092503
9
0.009576932 0.002765169 2.172322
-0.07624069 0.008262519 2.135832
0.09323972 -0.00151767 2.13471
-0.1144303 -0.2013671 1.751543
0.05567992 -0.4172318 2.119697
-0.1605007 -0.4497018 1.515916
-0.003183367 -0.7581992 2.15952
-0.1302746 -0.4790487 1.419853
0.01046979 -0.8151785 2.092503
9
0.00624812 0.003157264 2.172245
-0.07940581 0.008752101 2.134403
0.09031713 -0.001547934 2.135607
-0.1147577 -0.1443422 1.716528
0.05055877 -0.4146471 2.11234
-0.1487071 -0.3472335 1.42899
-0.00594949 -0.755017 2.158405
-0.1321404 -0.3751276 1.310947
0.009812194 -0.8127755 2.094026
9
0.00624812 0.003157264 2.172245
-0.07940581 0.008752101 2.134403
0.09031713 -0.001547934 2.135607
-0.1147577 -0.1443422 1.716528
0.05055877 -0.4146471 2.11234
-0.1487071 -0.3472335 1.42899
-0.00594949 -0.755017 2.158405
-0.1321404 -0.3751276 1.310947
0.009812194 -0.8127755 2.094026
9
0.001933185 0.003761796 2.171525
-0.08388293 0.009331324 2.133594
0.08700671 -0.001249491 2.134822
-0.1075038 -0.06930254 1.703975
0.04996107 -0.4000735 2.09728
-0.1372855 -0.2645501 1.407928
-0.006958041 -0.7549738 2.156002
-0.1213098 -0.2942236 1.289342
0.009831169 -0.813368 2.093738
9
0.001933185 0.003761796 2.171525
-0.08388293 0.009331324 2.133594
0.08700671 -0.001249491 2.134822
-0.1075038 -0.06930254 1.703975
0.04996107 -0.4000735 2.09728
-0.1372855 -0.2645501 1.407928
-0.006958041 -0.7549738 2.156002
-0.1213098 -0.2942236 1.289342
0.009831169 -0.813368 2.093738
9
-0.003385893 0.005047548 2.172146
-0.09099226 0.01107161 2.134364
0.08376986 -0.000613878 2.135111
-0.09774692 -0.01975368 1.679613
0.05184872 -0.3954397 2.090784
-0.1275933 -0.2152824 1.383723
-0.007026236 -0.7545224 2.152057
-0.1654343 -0.2041012 1.251289
0.01044472 -0.8139753 2.093152
9
-0.003385893 0.005047548 2.172146
-0.09099226 0.01107161 2.134364
0.08376986 -0.000613878 2.135111
-0.09774692 -0.01975368 1.679613
0.05184872 -0.3954397 2.090784
-0.1275933 -0.2152824 1.383723
-0.007026236 -0.7545224 2.152057
-0.1654343 -0.2041012 1.251289
0.01044472 -0.8139753 2.093152
9
0.07103554 -0.01255813 2.135783
-0.008773955 -0.02823573 2.089182
0.1483045 0.003553911 2.10716
-0.08194429 0.04574804 1.697202
0.05428752 -0.3859394 2.08189
-0.1088549 -0.1112833 1.397755
-0.005557928 -0.7521896 2.145187
-0.1440213 -0.1049718 1.263571
0.009788611 -0.8136601 2.091448
9
0.07103554 -0.01255813 2.135783
-0.008773955 -0.02823573 2.089182
0.1483045 0.003553911 2.10716
-0.08194429 0.04574804 1.697202
0.05428752 -0.3859394 2.08189
-0.1088549 -0.1112833 1.397755
-0.005557928 -0.7521896 2.145187
-0.1440213 -0.1049718 1.263571
0.009788611 -0.8136601 2.091448
9
0.06796724 -0.01428501 2.135051
-0.01320994 -0.03183378 2.086727
0.1461717 0.003011042 2.107458
-0.0785815 0.06855167 1.687648
0.05212312 -0.3895354 2.079903
-0.105512 -0.08857222 1.388265
-0.003823052 -0.7546615 2.140043
-0.1407432 -0.08283385 1.254034
0.01183502 -0.816713 2.089313
9
0.06796724 -0.01428501 2.135051
-0.01320994 -0.03183378 2.086727
0.1461717 0.003011042 2.107458
-0.0785815 0.06855167 1.687648
0.05212312 -0.3895354 2.079903
-0.105512 -0.08857222 1.388265
-0.003823052 -0.7546615 2.140043
-0.1407432 -0.08283385 1.254034
0.01183502 -0.816713 2.089313
9
0.06807438 -0.01479467 2.135225
-0.01312445 -0.03252615 2.086532
0.1464239 0.00257735 2.108238
-0.08006505 0.121543 1.689285
0.05036429 -0.3900776 2.077948
-0.1069991 -0.03571339 1.390048
-0.003432408 -0.7565303 2.135917
-0.133539 0.01589906 1.266435
0.01280969 -0.8190014 2.088219
9
0.06807438 -0.01479467 2.135225
-0.01312445 -0.03252615 2.086532
0.1464239 0.00257735 2.108238
-0.08006505 0.121543 1.689285
0.05036429 -0.3900776 2.077948
-0.1069991 -0.03571339 1.390048
-0.003432408 -0.7565303 2.135917
-0.133539 0.01589906 1.266435
0.01280969 -0.8190014 2.088219
9
0.06876998 -0.01488147 2.135441
-0.01259297 -0.03253684 2.086582
0.1474269 0.002507115 2.108781
-0.07311708 0.1533082 1.689995
0.04869431 -0.3924554 2.075649
-0.1000732 -0.004022527 1.390849
-0.003099011 -0.7600541 2.134331
-0.1267949 0.04675704 1.267211
0.01353318 -0.8224431 2.087017
9
0.06876998 -0.01488147 2.135441
-0.01259297 -0.03253684 2.086582
0.1474269 0.002507115 2.108781
-0.07311708 0.1533082 1.689995
0.04869431 -0.3924554 2.075649
-0.1000732 -0.004022527 1.390849
-0.003099011 -0.7600541 2.134331
-0.1267949 0.04675704 1.267211
0.01353318 -0.8224431 2.087017
9
0.0687781 -0.01488662 2.13544
-0.01261371 -0.03247236 2.086471
0.1475423 0.002428441 2.10893
-0.07451044 0.1553673 1.689817
0.04766667 -0.3929912 2.074029
-0.1014633 -0.001968428 1.390676
-0.002987578 -0.7605092 2.133492
-0.1281483 0.04875715 1.26704
0.0131748 -0.823264 2.087906
9
0.0687781 -0.01488662 2.13544
-0.01261371 -0.03247236 2.086471
0.1475423 0.002428441 2.10893
-0.07451044 0.1553673 1.689817
0.04766667 -0.3929912 2.074029
-0.1014633 -0.001968428 1.390676
-0.002987578 -0.7605092 2.133492
-0.1281483 0.04875715 1.26704
0.0131748 -0.823264 2.087906
9
0.06875265 -0.01490943 2.135413
-0.01276055 -0.03239111 2.086272
0.1475636 0.002345748 2.108979
-0.07625829 0.1575252 1.68944
0.04672681 -0.3931218 2.072379
-0.1032071 0.0001837338 1.390303
-0.00273291 -0.7611942 2.133066
-0.1298457 0.05085274 1.266671
0.01329752 -0.8240093 2.087794
9
0.06875265 -0.01490943 2.135413
-0.01276055 -0.03239111 2.086272
0.1475636 0.002345748 2.108979
-0.07625829 0.1575252 1.68944
0.04672681 -0.3931218 2.072379
-0.1032071 0.0001837338 1.390303
-0.00273291 -0.7611942 2.133066
-0.1298457 0.05085274 1.266671
0.01329752 -0.8240093 2.087794
9
0.06880893 -0.01488555 2.135593
-0.01280881 -0.0320931 2.086418
0.1478519 0.002104526 2.109459
-0.0766921 0.1729773 1.692513
0.04585337 -0.3931806 2.070655
-0.1036394 0.01560942 1.393416
-0.002291218 -0.7618663 2.132365
-0.130273 0.06587381 1.269787
0.01357703 -0.8248093 2.087885
9
0.06880893 -0.01488555 2.135593
-0.01280881 -0.0320931 2.086418
0.1478519 0.002104526 2.109459
-0.0766921 0.1729773 1.692513
0.04585337 -0.3931806 2.070655
-0.1036394 0.01560942 1.393416
-0.002291218 -0.7618663 2.132365
-0.130273 0.06587381 1.269787
0.01357703 -0.8248093 2.087885
9
0.06889532 -0.0151236 2.136624
-0.01277867 -0.03213967 2.087068
0.1480303 0.001737075 2.110973
-0.07680453 0.1681188 1.694251
0.04536998 -0.3936754 2.070512
-0.1037499 0.01076649 1.395141
-0.002277551 -0.7624007 2.13187
-0.1284463 0.0646653 1.273003
0.01404416 -0.8250359 2.085981
9
0.06889532 -0.0151236 2.136624
-0.01277867 -0.03213967 2.087068
0.1480303 0.001737075 2.110973
-0.07680453 0.1681188 1.694251
0.04536998 -0.3936754 2.070512
-0.1037499 0.01076649 1.395141
-0.002277551 -0.7624007 2.13187
-0.1284463 0.0646653 1.273003
0.01404416 -0.8250359 2.085981
9
0.06961817 -0.01588636 2.137786
-0.01210711 -0.03279485 2.088317
0.1487696 0.001032829 2.112014
-0.07453151 0.1645429 1.695056
0.04522687 -0.3937781 2.070565
-0.1014819 0.007200477 1.395938
-0.002270452 -0.7623522 2.13188
-0.127284 0.05998999 1.273384
0.01392728 -0.825094 2.086525
9
0.06961817 -0.01588636 2.137786
-0.01210711 -0.03279485 2.088317
0.1487696 0.001032829 2.112014
-0.07453151 0.1645429 1.695056
0.04522687 -0.3937781 2.070565
-0.1014819 0.007200477 1.395938
-0.002270452 -0.7623522 2.13188
-0.127284 0.05998999 1.273384
0.01392728 -0.825094 2.086525
9
0.06656493 -0.01764718 2.139364
-0.01470618 -0.03430209 2.089303
0.145394 -0.0007603346 2.114254
-0.09242681 0.129009 1.691669
0.04569032 -0.392564 2.071029
-0.1193272 -0.02825698 1.392445
-0.0008604422 -0.7603355 2.13107
-0.1399224 0.01486785 1.262912
0.01505669 -0.8229504 2.084359
9
0.06656493 -0.01764718 2.139364
-0.01470618 -0.03430209 2.089303
0.145394 -0.0007603346 2.114254
-0.09242681 0.129009 1.691669
0.04569032 -0.392564 2.071029
-0.1193272 -0.02825698 1.392445
-0.0008604422 -0.7603355 2.13107
-0.1399224 0.01486785 1.262912
0.01505669 -0.8229504 2.084359
9
0.04623983 -0.02383246 2.148686
-0.03180656 -0.03747531 2.098449
0.1222418 -0.009908557 2.123682
-0.08136553 0.03747593 1.663026
0.04645319 -0.3938827 2.073447
-0.1082986 -0.1196333 1.363546
-0.0007037001 -0.7615215 2.131922
-0.1689453 -0.1053467 1.24707
0.01530048 -0.8238596 2.083879
9
0.04623983 -0.02383246 2.148686
-0.03180656 -0.03747531 2.098449
0.1222418 -0.009908557 2.123682
-0.08136553 0.03747593 1.663026
0.04645319 -0.3938827 2.073447
-0.1082986 -0.1196333 1.363546
-0.0007037001 -0.7615215 2.131922
-0.1689453 -0.1053467 1.24707
0.01530048 -0.8238596 2.083879
9
0.04580388 -0.02389299 2.149234
-0.03256574 -0.03801716 2.099615
0.1220257 -0.009675251 2.123904
-0.08715001 0.03487928 1.675312
0.04805006 -0.3986129 2.0796
-0.1107629 -0.1205369 1.409922
-0.001030581 -0.7613825 2.131943
-0.1501586 -0.110114 1.277759
0.01511787 -0.8234006 2.082376
9
0.04580388 -0.02389299 2.149234
-0.03256574 -0.03801716 2.099615
0.1220257 -0.009675251 2.123904
-0.08715001 0.03487928 1.675312
0.04805006 -0.3986129 2.0796
-0.1107629 -0.1205369 1.409922
-0.001030581 -0.7613825 2.131943
-0.1501586 -0.110114 1.277759
0.01511787 -0.8234006 2.082376
9
0.04300236 -0.02039431 2.1445
-0.03480292 -0.03453423 2.096294
0.1187833 -0.0059408 2.117194
-0.09887479 -0.01813438 1.681563
0.04915911 -0.3981748 2.083298
-0.1293892 -0.1792025 1.397529
-0.001354396 -0.7620648 2.132887
-0.1177821 -0.2102628 1.277768
0.01513016 -0.8240663 2.083594
9
0.04300236 -0.02039431 2.1445
-0.03480292 -0.03453423 2.096294
0.1187833 -0.0059408 2.117194
-0.09887479 -0.01813438 1.681563
0.04915911 -0.3981748 2.083298
-0.1293892 -0.1792025 1.397529
-0.001354396 -0.7620648 2.132887
-0.1177821 -0.2102628 1.277768
0.01513016 -0.8240663 2.083594
9
0.009811828 -0.008935708 2.180687
-0.06973522 -0.01272757 2.138816
0.09293365 -0.004801027 2.143387
-0.1084453 -0.05671203 1.694759
0.04964408 -0.3965212 2.087257
-0.1402587 -0.232053 1.426631
-0.001052511 -0.7612829 2.133665
-0.1286181 -0.2624145 1.307246
0.01450508 -0.823508 2.084309
9
0.009811828 -0.008935708 2.180687
-0.06973522 -0.01272757 2.138816
0.09293365 -0.004801027 2.143387
-0.1084453 -0.05671203 1.694759
0.04964408 -0.3965212 2.087257
-0.1402587 -0.232053 1.426631
-0.001052511 -0.7612829 2.133665
-0.1286181 -0.2624145 1.307246
0.01450508 -0.823508 2.084309
