40
9
0.2009985 -0.03121112 1.67202
0.1115336 -0.02795368 1.639793
0.2812512 -0.03346835 1.628636
0.1117758 -0.4682294 1.606351
0.2364177 -0.4915287 1.661879
0.06695563 -0.7749027 1.557333
0.1954288 -0.8094289 1.639268
0.0594555 -0.8062536 1.418888
0.2285734 -0.8456988 1.531712
9
0.2009985 -0.03121112 1.67202
0.1115336 -0.02795368 1.639793
0.2812512 -0.03346835 1.628636
0.1117758 -0.4682294 1.606351
0.2364177 -0.4915287 1.661879
0.06695563 -0.7749027 1.557333
0.1954288 -0.8094289 1.639268
0.0594555 -0.8062536 1.418888
0.2285734 -0.8456988 1.531712
9
0.2019072 -0.03149043 1.670851
0.1128399 -0.02855477 1.637811
0.2818087 -0.03347405 1.628082
0.1089952 -0.4621043 1.589592
0.2373897 -0.4914784 1.661834
0.06659552 -0.7743878 1.555387
0.1947648 -0.8091484 1.637931
0.05936459 -0.8054609 1.416809
0.2287844 -0.8459333 1.531184
9
0.2019072 -0.03149043 1.670851
0.1128399 -0.02855477 1.637811
0.2818087 -0.03347405 1.628082
0.1089952 -0.4621043 1.589592
0.2373897 -0.4914784 1.661834
0.06659552 -0.7743878 1.555387
0.1947648 -0.8091484 1.637931
0.05936459 -0.8054609 1.416809
0.2287844 -0.8459333 1.531184
9
0.2054491 -0.03157433 1.668959
0.1164801 -0.02901007 1.634923
0.2852039 -0.0331125 1.627108
0.1071201 -0.4451299 1.550483
0.2408359 -0.490903 1.662541
0.06592188 -0.7738279 1.547789
0.1946939 -0.8088924 1.637625
0.06141929 -0.804482 1.40896
0.2282394 -0.8459902 1.53086
9
0.2054491 -0.03157433 1.668959
0.1164801 -0.02901007 1.634923
0.2852039 -0.0331125 1.627108
0.1071201 -0.4451299 1.550483
0.2408359 -0.490903 1.662541
0.06592188 -0.7738279 1.547789
0.1946939 -0.8088924 1.637625
0.06141929 -0.804482 1.40896
0.2282394 -0.8459902 1.53086
9
0.2116383 -0.03088967 1.667027
0.1218793 -0.02825759 1.631983
0.292076 -0.0323626 1.626375
0.1031082 -0.4199958 1.499481
0.2471463 -0.4879438 1.664106
0.06544631 -0.7654188 1.522919
0.1945553 -0.8087599 1.637676
0.06221132 -0.7956023 1.383926
0.09686202 -0.8444375 1.525598
9
0.2116383 -0.03088967 1.667027
0.1218793 -0.02825759 1.631983
0.292076 -0.0323626 1.626375
0.1031082 -0.4199958 1.499481
0.2471463 -0.4879438 1.664106
0.06544631 -0.7654188 1.522919
0.1945553 -0.8087599 1.637676
0.06221132 -0.7956023 1.383926
0.09686202 -0.8444375 1.525598
9
0.2214625 -0.02934641 1.66518
0.1301266 -0.02722676 1.629513
0.3029808 -0.03021544 1.62544
0.1051419 -0.3849734 1.443966
0.2581424 -0.4783869 1.665113
0.06493773 -0.7317983 1.469591
0.1951319 -0.807223 1.637289
0.1097412 -0.8154297 1.454102
0.1017261 -0.8409337 1.519142
9
0.2214625 -0.02934641 1.66518
0.1301266 -0.02722676 1.629513
0.3029808 -0.03021544 1.62544
0.1051419 -0.3849734 1.443966
0.2581424 -0.4783869 1.665113
0.06493773 -0.7317983 1.469591
0.1951319 -0.807223 1.637289
0.1097412 -0.8154297 1.454102
0.1017261 -0.8409337 1.519142
9
0.2267243 -0.02734547 1.662783
0.1352614 -0.02633349 1.626312
0.3082288 -0.02707952 1.623812
0.1164959 -0.3688624 1.410524
0.2691893 -0.4632617 1.660292
0.07744091 -0.6880302 1.414062
0.1989448 -0.8066772 1.635649
0.07315405 -0.7178188 1.274509
0.1122622 -0.8453837 1.527681
9
0.2267243 -0.02734547 1.662783
0.1352614 -0.02633349 1.626312
0.3082288 -0.02707952 1.623812
0.1164959 -0.3688624 1.410524
0.2691893 -0.4632617 1.660292
0.07744091 -0.6880302 1.414062
0.1989448 -0.8066772 1.635649
0.07315405 -0.7178188 1.274509
0.1122622 -0.8453837 1.527681
9
0.2267243 -0.02734547 1.662783
0.1352614 -0.02633349 1.626312
0.3082288 -0.02707952 1.623812
0.1164959 -0.3688624 1.410524
0.2691893 -0.4632617 1.660292
0.07744091 -0.6880302 1.414062
0.1989448 -0.8066772 1.635649
0.07315405 -0.7178188 1.274509
0.1122622 -0.8453837 1.527681
9
0.2267243 -0.02734547 1.662783
0.1352614 -0.02633349 1.626312
0.3082288 -0.02707952 1.623812
0.1164959 -0.3688624 1.410524
0.2691893 -0.4632617 1.660292
0.07744091 -0.6880302 1.414062
0.1989448 -0.8066772 1.635649
0.07315405 -0.7178188 1.274509
0.1122622 -0.8453837 1.527681
9
0.234703 -0.021076 1.658024
0.1405766 -0.02283951 1.622013
0.3188104 -0.01764767 1.618789
0.1403363 -0.2910585 1.321289
0.2336513 -0.3826135 1.504241
0.1181409 -0.582929 1.252143
0.2411554 -0.7509022 1.619272
0.1115301 -0.6462128 1.159778
0.1436409 -0.8194066 1.539645
9
0.234703 -0.021076 1.658024
0.1405766 -0.02283951 1.622013
0.3188104 -0.01764767 1.618789
0.1403363 -0.2910585 1.321289
0.2336513 -0.3826135 1.504241
0.1181409 -0.582929 1.252143
0.2411554 -0.7509022 1.619272
0.1115301 -0.6462128 1.159778
0.1436409 -0.8194066 1.539645
9
0.2378891 -0.01925932 1.656353
0.1434895 -0.02103027 1.619895
0.3217771 -0.01616572 1.617618
0.1467325 -0.2507262 1.282419
0.3099999 -0.401768 1.624168
0.140807 -0.5290321 1.149589
0.1397846 -0.7540457 1.648749
0.1292982 -0.5589386 1.009784
0.132161 -0.8367898 1.525112
9
0.2378891 -0.01925932 1.656353
0.1434895 -0.02103027 1.619895
0.3217771 -0.01616572 1.617618
0.1467325 -0.2507262 1.282419
0.3099999 -0.401768 1.624168
0.140807 -0.5290321 1.149589
0.1397846 -0.7540457 1.648749
0.1292982 -0.5589386 1.009784
0.132161 -0.8367898 1.525112
9
0.235165 -0.01621772 1.653382
0.1395805 -0.01734028 1.616974
0.3200034 -0.01388776 1.614526
0.1554109 -0.20531 1.250398
0.3091995 -0.3967816 1.622295
0.149631 -0.4502797 1.067965
0.1389806 -0.7491143 1.646876
0.1368092 -0.4811511 0.927737
0.0554878 -0.8195533 1.550782
9
0.235165 -0.01621772 1.653382
0.1395805 -0.01734028 1.616974
0.3200034 -0.01388776 1.614526
0.1554109 -0.20531 1.250398
0.3091995 -0.3967816 1.622295
0.149631 -0.4502797 1.067965
0.1389806 -0.7491143 1.646876
0.1368092 -0.4811511 0.927737
0.0554878 -0.8195533 1.550782
9
0.2280543 -0.01274959 1.652354
0.1291244 -0.01225273 1.617802
0.3154839 -0.01183431 1.612153
0.1631686 -0.1788115 1.20259
0.3069433 -0.3820243 1.619713
0.1573108 -0.4243351 1.020121
0.1929099 -0.7560006 1.641999
0.1640246 -0.3913448 0.8549443
0.1586138 -0.8342747 1.518775
9
0.2280543 -0.01274959 1.652354
0.1291244 -0.01225273 1.617802
0.3154839 -0.01183431 1.612153
0.1631686 -0.1788115 1.20259
0.3069433 -0.3820243 1.619713
0.1573108 -0.4243351 1.020121
0.1929099 -0.7560006 1.641999
0.1640246 -0.3913448 0.8549443
0.1586138 -0.8342747 1.518775
9
0.2280543 -0.01274959 1.652354
0.1291244 -0.01225273 1.617802
0.3154839 -0.01183431 1.612153
0.1631686 -0.1788115 1.20259
0.3069433 -0.3820243 1.619713
0.1573108 -0.4243351 1.020121
0.1929099 -0.7560006 1.641999
0.1640246 -0.3913448 0.8549443
0.1586138 -0.8342747 1.518775
9
0.2280543 -0.01274959 1.652354
0.1291244 -0.01225273 1.617802
0.3154839 -0.01183431 1.612153
0.1631686 -0.1788115 1.20259
0.3069433 -0.3820243 1.619713
0.1573108 -0.4243351 1.020121
0.1929099 -0.7560006 1.641999
0.1640246 -0.3913448 0.8549443
0.1586138 -0.8342747 1.518775
9
0.2248033 -0.0109429 1.652019
0.1248994 -0.01044212 1.61827
0.3134563 -0.0103481 1.61104
0.1592609 -0.1804578 1.203447
0.3133079 -0.3649187 1.619025
0.1534305 -0.4259618 1.020968
0.2021095 -0.7403311 1.63725
0.1643971 -0.3247373 0.8875972
0.2004208 -0.8472135 1.550213
9
0.2248033 -0.0109429 1.652019
0.1248994 -0.01044212 1.61827
0.3134563 -0.0103481 1.61104
0.1592609 -0.1804578 1.203447
0.3133079 -0.3649187 1.619025
0.1534305 -0.4259618 1.020968
0.2021095 -0.7403311 1.63725
0.1643971 -0.3247373 0.8875972
0.2004208 -0.8472135 1.550213
9
0.2233881 -0.01021811 1.652878
0.1223481 -0.01027826 1.620141
0.3129227 -0.009430069 1.611186
0.1454525 -0.1890793 1.211676
0.3281229 -0.3493922 1.62279
0.139722 -0.434451 1.029168
0.2135291 -0.7246487 1.63366
0.1542172 -0.3227131 0.9064912
0.1977428 -0.833836 1.552767
9
0.2233881 -0.01021811 1.652878
0.1223481 -0.01027826 1.620141
0.3129227 -0.009430069 1.611186
0.1454525 -0.1890793 1.211676
0.3281229 -0.3493922 1.62279
0.139722 -0.434451 1.029168
0.2135291 -0.7246487 1.63366
0.1542172 -0.3227131 0.9064912
0.1977428 -0.833836 1.552767
9
0.2223488 -0.0004789097 1.638287
0.118584 -0.006064071 1.60452
0.3157032 0.007235393 1.595352
0.1514913 -0.2038978 1.184345
0.3293192 -0.3241242 1.646096
0.1697372 -0.08655745 0.8022212
0.2324299 -0.7051198 1.642591
0.21521 -0.0276947 0.6816406
0.2168882 -0.7356405 1.502633
9
0.2223488 -0.0004789097 1.638287
0.118584 -0.006064071 1.60452
0.3157032 0.007235393 1.595352
0.1514913 -0.2038978 1.184345
0.3293192 -0.3241242 1.646096
0.1697372 -0.08655745 0.8022212
0.2324299 -0.7051198 1.642591
0.21521 -0.0276947 0.6816406
0.2168882 -0.7356405 1.502633
9
0.2291123 0.001638971 1.645741
0.1220966 -0.006399964 1.608616
0.3269484 0.01208472 1.608471
0.1502575 -0.2071512 1.188743
0.3692662 -0.3097744 1.677707
0.1700099 -0.04567247 0.8224916
0.2542187 -0.6861907 1.655683
0.1520862 -0.08861521 0.6800254
0.18243 -0.7762464 1.57188
9
0.2291123 0.001638971 1.645741
0.1220966 -0.006399964 1.608616
0.3269484 0.01208472 1.608471
0.1502575 -0.2071512 1.188743
0.3692662 -0.3097744 1.677707
0.1700099 -0.04567247 0.8224916
0.2542187 -0.6861907 1.655683
0.1520862 -0.08861521 0.6800254
0.18243 -0.7762464 1.57188
9
0.2304845 0.001656917 1.646874
0.1229624 -0.006799144 1.609591
0.3283722 0.01211067 1.609437
0.1490695 -0.2074739 1.190299
0.3691344 -0.310388 1.677595
0.1693393 -0.04591285 0.8241132
0.2539353 -0.6867441 1.655027
0.2246812 0.02989965 0.6964214
0.1822796 -0.7768764 1.571247
9
0.2304845 0.001656917 1.646874
0.1229624 -0.006799144 1.609591
0.3283722 0.01211067 1.609437
0.1490695 -0.2074739 1.190299
0.3691344 -0.310388 1.677595
0.1693393 -0.04591285 0.8241132
0.2539353 -0.6867441 1.655027
0.2246812 0.02989965 0.6964214
0.1822796 -0.7768764 1.571247
9
0.2308984 0.002032863 1.64708
0.1231444 -0.006823741 1.609869
0.3289378 0.01277417 1.609411
0.1473542 -0.2086167 1.192918
0.3690884 -0.3105239 1.675688
0.1683899 -0.04691574 0.8268446
0.2543817 -0.6870488 1.654275
0.2237375 0.03706225 0.7063211
0.1830673 -0.7775191 1.570806
9
0.2308984 0.002032863 1.64708
0.1231444 -0.006823741 1.609869
0.3289378 0.01277417 1.609411
0.1473542 -0.2086167 1.192918
0.3690884 -0.3105239 1.675688
0.1683899 -0.04691574 0.8268446
0.2543817 -0.6870488 1.654275
0.2237375 0.03706225 0.7063211
0.1830673 -0.7775191 1.570806
9
0.1503352 -0.04678835 1.667671
0.06745008 -0.02977266 1.633555
0.2263763 -0.06167645 1.626112
0.1465131 -0.2090508 1.193022
0.2480706 -0.4309787 1.587048
0.1675514 -0.04716285 0.8270339
0.1914843 -0.8014579 1.62404
0.2234912 0.03714144 0.7072506
0.1385002 -0.8495604 1.534979
9
0.1503352 -0.04678835 1.667671
0.06745008 -0.02977266 1.633555
0.2263763 -0.06167645 1.626112
0.1465131 -0.2090508 1.193022
0.2480706 -0.4309787 1.587048
0.1675514 -0.04716285 0.8270339
0.1914843 -0.8014579 1.62404
0.2234912 0.03714144 0.7072506
0.1385002 -0.8495604 1.534979
9
0.1512147 -0.04842791 1.675576
0.06836136 -0.03055548 1.63982
0.2271811 -0.06428303 1.635897
0.1434179 -0.2117902 1.201959
0.2474007 -0.4335116 1.587707
0.1603235 -0.02844627 0.8456523
0.1906786 -0.80061 1.623706
0.1442141 -0.07245983 0.7030464
0.1409941 -0.8511411 1.534653
9
0.1512147 -0.04842791 1.675576
0.06836136 -0.03055548 1.63982
0.2271811 -0.06428303 1.635897
0.1434179 -0.2117902 1.201959
0.2474007 -0.4335116 1.587707
0.1603235 -0.02844627 0.8456523
0.1906786 -0.80061 1.623706
0.1442141 -0.07245983 0.7030464
0.1409941 -0.8511411 1.534653
