40
9
0.03679086 -0.001376264 2.193011
-0.04133813 0.003360039 2.150433
0.113958 -0.00531574 2.160048
-0.09334477 -0.3593554 1.91122
0.06778353 -0.443576 2.167072
-0.1264626 -0.7033163 1.868215
0.001449042 -0.7656074 2.168597
-0.123291 -0.769043 1.769531
0.01009467 -0.8201241 2.097203
9
0.03626527 -0.0007991423 2.193338
-0.04212604 0.004582178 2.151329
0.1136079 -0.005189816 2.160093
-0.09277437 -0.3254933 1.872276
0.06691965 -0.4442568 2.166761
-0.1206702 -0.6387619 1.78933
0.001320407 -0.7655537 2.168529
-0.119634 -0.6919765 1.674397
0.01065887 -0.8204948 2.091332
9
0.03626527 -0.0007991423 2.193338
-0.04212604 0.004582178 2.151329
0.1136079 -0.005189816 2.160093
-0.09277437 -0.3254933 1.872276
0.06691965 -0.4442568 2.166761
-0.1206702 -0.6387619 1.78933
0.001320407 -0.7655537 2.168529
-0.119634 -0.6919765 1.674397
0.01065887 -0.8204948 2.091332
9
0.03530081 0.000910103 2.193408
-0.04370697 0.007030851 2.152324
0.1130488 -0.004178493 2.159566
-0.09077322 -0.2828514 1.827501
0.06311226 -0.4426383 2.160959
-0.1242518 -0.5615327 1.715031
8.242342E-05 -0.7633538 2.168281
-0.1106567 -0.6010742 1.602539
0.01134258 -0.8199667 2.091973
9
0.03530081 0.000910103 2.193408
-0.04370697 0.007030851 2.152324
0.1130488 -0.004178493 2.159566
-0.09077322 -0.2828514 1.827501
0.06311226 -0.4426383 2.160959
-0.1242518 -0.5615327 1.715031
8.242342E-05 -0.7633538 2.168281
-0.1106567 -0.6010742 1.602539
0.01134258 -0.8199667 2.091973
9
0.03525287 0.001918358 2.193505
-0.04410058 0.008256262 2.153134
0.1132837 -0.003307504 2.159051
-0.08832008 -0.2299584 1.7935
0.05665985 -0.439677 2.151601
-0.1284402 -0.4825674 1.628114
-0.0006205363 -0.7624052 2.167034
-0.1160875 -0.5163847 1.499648
0.01168562 -0.8199105 2.091784
9
0.03525287 0.001918358 2.193505
-0.04410058 0.008256262 2.153134
0.1132837 -0.003307504 2.159051
-0.08832008 -0.2299584 1.7935
0.05665985 -0.439677 2.151601
-0.1284402 -0.4825674 1.628114
-0.0006205363 -0.7624052 2.167034
-0.1160875 -0.5163847 1.499648
0.01168562 -0.8199105 2.091784
9
0.03281555 0.003687314 2.192738
-0.04789027 0.01032705 2.152961
0.1119255 -0.002057364 2.15776
-0.08819326 -0.1802783 1.754575
0.05266219 -0.4322865 2.140021
-0.1323204 -0.4924233 1.490037
-0.00246887 -0.7580321 2.165951
-0.1225586 -0.4577637 1.357422
0.01036939 -0.8182778 2.09219
9
0.03281555 0.003687314 2.192738
-0.04789027 0.01032705 2.152961
0.1119255 -0.002057364 2.15776
-0.08819326 -0.1802783 1.754575
0.05266219 -0.4322865 2.140021
-0.1323204 -0.4924233 1.490037
-0.00246887 -0.7580321 2.165951
-0.1225586 -0.4577637 1.357422
0.01036939 -0.8182778 2.09219
9
0.00666347 0.007883693 2.193107
-0.07899758 0.01688173 2.156419
0.09136286 -0.0006144153 2.155305
-0.08982724 -0.1231199 1.715637
0.04929568 -0.4259541 2.130272
-0.1405228 -0.4063822 1.420785
-0.004078696 -0.7555243 2.163694
-0.1220093 -0.3613281 1.308594
0.01039956 -0.8182836 2.092439
9
0.00666347 0.007883693 2.193107
-0.07899758 0.01688173 2.156419
0.09136286 -0.0006144153 2.155305
-0.08982724 -0.1231199 1.715637
0.04929568 -0.4259541 2.130272
-0.1405228 -0.4063822 1.420785
-0.004078696 -0.7555243 2.163694
-0.1220093 -0.3613281 1.308594
0.01039956 -0.8182836 2.092439
9
-0.0167156 0.008527268 2.199259
-0.1003753 0.01982926 2.163521
0.06747241 -0.002911378 2.159878
-0.08464848 -0.05809764 1.695232
0.05024251 -0.397845 2.112688
-0.1354147 -0.3417974 1.400648
-0.00590438 -0.7546354 2.160379
-0.1282005 -0.2721877 1.28128
0.01040386 -0.818346 2.092492
9
-0.0167156 0.008527268 2.199259
-0.1003753 0.01982926 2.163521
0.06747241 -0.002911378 2.159878
-0.08464848 -0.05809764 1.695232
0.05024251 -0.397845 2.112688
-0.1354147 -0.3417974 1.400648
-0.00590438 -0.7546354 2.160379
-0.1282005 -0.2721877 1.28128
0.01040386 -0.818346 2.092492
9
-0.01794932 0.008209755 2.200565
-0.1024645 0.01968004 2.166005
0.06688407 -0.003283454 2.16038
-0.07645096 -0.005623012 1.670856
0.05034444 -0.3942552 2.110354
-0.127295 -0.2896959 1.376503
-0.006978187 -0.7542517 2.156056
-0.1287318 -0.2027644 1.274124
0.01492965 -0.8196017 2.084696
9
-0.01794932 0.008209755 2.200565
-0.1024645 0.01968004 2.166005
0.06688407 -0.003283454 2.16038
-0.07645096 -0.005623012 1.670856
0.05034444 -0.3942552 2.110354
-0.127295 -0.2896959 1.376503
-0.006978187 -0.7542517 2.156056
-0.1287318 -0.2027644 1.274124
0.01492965 -0.8196017 2.084696
9
0.04111167 -0.0297331 2.188965
-0.03726172 -0.0445121 2.142714
0.1180408 -0.01393838 2.159981
-0.0604903 0.04690827 1.663043
0.05068659 -0.3926451 2.10871
-0.1114185 -0.2374305 1.368968
-0.006093748 -0.7557681 2.149388
-0.1132288 -0.1517734 1.266312
0.01399003 -0.8183339 2.084917
9
0.04111167 -0.0297331 2.188965
-0.03726172 -0.0445121 2.142714
0.1180408 -0.01393838 2.159981
-0.0604903 0.04690827 1.663043
0.05068659 -0.3926451 2.10871
-0.1114185 -0.2374305 1.368968
-0.006093748 -0.7557681 2.149388
-0.1132288 -0.1517734 1.266312
0.01399003 -0.8183339 2.084917
9
0.04111167 -0.0297331 2.188965
-0.03726172 -0.0445121 2.142714
0.1180408 -0.01393838 2.159981
-0.0604903 0.04690827 1.663043
0.05068659 -0.3926451 2.10871
-0.1114185 -0.2374305 1.368968
-0.006093748 -0.7557681 2.149388
-0.1132288 -0.1517734 1.266312
0.01399003 -0.8183339 2.084917
9
0.04111167 -0.0297331 2.188965
-0.03726172 -0.0445121 2.142714
0.1180408 -0.01393838 2.159981
-0.0604903 0.04690827 1.663043
0.05068659 -0.3926451 2.10871
-0.1114185 -0.2374305 1.368968
-0.006093748 -0.7557681 2.149388
-0.1132288 -0.1517734 1.266312
0.01399003 -0.8183339 2.084917
9
0.04111167 -0.0297331 2.188965
-0.03726172 -0.0445121 2.142714
0.1180408 -0.01393838 2.159981
-0.0604903 0.04690827 1.663043
0.05068659 -0.3926451 2.10871
-0.1114185 -0.2374305 1.368968
-0.006093748 -0.7557681 2.149388
-0.1132288 -0.1517734 1.266312
0.01399003 -0.8183339 2.084917
9
0.04111167 -0.0297331 2.188965
-0.03726172 -0.0445121 2.142714
0.1180408 -0.01393838 2.159981
-0.0604903 0.04690827 1.663043
0.05068659 -0.3926451 2.10871
-0.1114185 -0.2374305 1.368968
-0.006093748 -0.7557681 2.149388
-0.1132288 -0.1517734 1.266312
0.01399003 -0.8183339 2.084917
9
0.05150872 -0.008264966 2.174408
-0.02967504 -0.01730314 2.131356
0.1313895 0.002483328 2.141483
0.05444625 0.1508074 1.799222
0.04916441 -0.393056 2.104615
0.003280754 -0.1332195 1.5058
-0.004070682 -0.7558075 2.1444
-0.004593444 -0.04835345 1.405672
0.0137725 -0.8179746 2.08594
9
0.05150872 -0.008264966 2.174408
-0.02967504 -0.01730314 2.131356
0.1313895 0.002483328 2.141483
0.05444625 0.1508074 1.799222
0.04916441 -0.393056 2.104615
0.003280754 -0.1332195 1.5058
-0.004070682 -0.7558075 2.1444
-0.004593444 -0.04835345 1.405672
0.0137725 -0.8179746 2.08594
9
0.05150872 -0.008264966 2.174408
-0.02967504 -0.01730314 2.131356
0.1313895 0.002483328 2.141483
0.05444625 0.1508074 1.799222
0.04916441 -0.393056 2.104615
0.003280754 -0.1332195 1.5058
-0.004070682 -0.7558075 2.1444
-0.004593444 -0.04835345 1.405672
0.0137725 -0.8179746 2.08594
9
0.05150872 -0.008264966 2.174408
-0.02967504 -0.01730314 2.131356
0.1313895 0.002483328 2.141483
0.05444625 0.1508074 1.799222
0.04916441 -0.393056 2.104615
0.003280754 -0.1332195 1.5058
-0.004070682 -0.7558075 2.1444
-0.004593444 -0.04835345 1.405672
0.0137725 -0.8179746 2.08594
9
0.05326147 -0.005935466 2.172605
-0.02842796 -0.0149344 2.130076
0.1333313 0.004129178 2.139477
0.05484143 0.1518804 1.797022
0.04817602 -0.3928991 2.101723
0.00367318 -0.1321594 1.503605
-0.003798188 -0.7571279 2.143199
-0.004732361 -0.04689333 1.404086
0.01332581 -0.8181562 2.08594
9
0.05326147 -0.005935466 2.172605
-0.02842796 -0.0149344 2.130076
0.1333313 0.004129178 2.139477
0.05484143 0.1518804 1.797022
0.04817602 -0.3928991 2.101723
0.00367318 -0.1321594 1.503605
-0.003798188 -0.7571279 2.143199
-0.004732361 -0.04689333 1.404086
0.01332581 -0.8181562 2.08594
9
0.05391216 -0.005190421 2.172019
-0.02789002 -0.01401355 2.12963
0.1339952 0.004525233 2.138852
0.05468591 0.1522469 1.796098
0.04679081 -0.3952014 2.09866
0.003517423 -0.131798 1.502682
-0.003563335 -0.7573883 2.142592
-0.005186892 -0.046287 1.403533
0.01327399 -0.8182153 2.086038
9
0.05391216 -0.005190421 2.172019
-0.02789002 -0.01401355 2.12963
0.1339952 0.004525233 2.138852
0.05468591 0.1522469 1.796098
0.04679081 -0.3952014 2.09866
0.003517423 -0.131798 1.502682
-0.003563335 -0.7573883 2.142592
-0.005186892 -0.046287 1.403533
0.01327399 -0.8182153 2.086038
9
0.05276311 -0.006107514 2.171476
-0.02898716 -0.01434434 2.129575
0.1326267 0.002437678 2.137537
-0.04282287 0.1533335 1.74004
0.04567905 -0.3928275 2.098248
-0.09375997 -0.1309698 1.446546
-0.003446293 -0.757574 2.142395
-0.09613898 -0.04825775 1.34346
0.01289675 -0.817917 2.08731
9
0.05276311 -0.006107514 2.171476
-0.02898716 -0.01434434 2.129575
0.1326267 0.002437678 2.137537
-0.04282287 0.1533335 1.74004
0.04567905 -0.3928275 2.098248
-0.09375997 -0.1309698 1.446546
-0.003446293 -0.757574 2.142395
-0.09613898 -0.04825775 1.34346
0.01289675 -0.817917 2.08731
9
0.05287598 -0.006121526 2.171369
-0.028941 -0.01441529 2.129624
0.1329509 0.002548276 2.137062
-0.04475234 0.1112666 1.75091
0.04566268 -0.3927259 2.098178
-0.09566427 -0.1728575 1.457219
-0.003180095 -0.759106 2.141138
-0.09802002 -0.08913527 1.354241
0.01308573 -0.8192382 2.087009
9
0.05287598 -0.006121526 2.171369
-0.028941 -0.01441529 2.129624
0.1329509 0.002548276 2.137062
-0.04475234 0.1112666 1.75091
0.04566268 -0.3927259 2.098178
-0.09566427 -0.1728575 1.457219
-0.003180095 -0.759106 2.141138
-0.09802002 -0.08913527 1.354241
0.01308573 -0.8192382 2.087009
9
0.05150955 -0.007368104 2.171915
-0.03068075 -0.01553205 2.130869
0.1317821 0.001052267 2.137207
-0.0673459 0.05656176 1.661073
0.04562718 -0.3902098 2.098761
-0.1182577 -0.2278216 1.36704
-0.003510079 -0.7593496 2.141212
-0.1198817 -0.1424045 1.264358
0.01318994 -0.8194503 2.08734
9
0.05150955 -0.007368104 2.171915
-0.03068075 -0.01553205 2.130869
0.1317821 0.001052267 2.137207
-0.0673459 0.05656176 1.661073
0.04562718 -0.3902098 2.098761
-0.1182577 -0.2278216 1.36704
-0.003510079 -0.7593496 2.141212
-0.1198817 -0.1424045 1.264358
0.01318994 -0.8194503 2.08734
9
0.04192881 -0.006157745 2.165106
-0.03922248 -0.01199296 2.126549
0.1209949 -0.0005487302 2.127381
-0.07535723 0.0363372 1.668254
0.04617119 -0.3888316 2.099894
-0.1061246 -0.1893381 1.376047
-0.003445477 -0.7589632 2.141476
-0.1504447 -0.1499028 1.254002
0.0131743 -0.8190355 2.087364
9
0.04192881 -0.006157745 2.165106
-0.03922248 -0.01199296 2.126549
0.1209949 -0.0005487302 2.127381
-0.07535723 0.0363372 1.668254
0.04617119 -0.3888316 2.099894
-0.1061246 -0.1893381 1.376047
-0.003445477 -0.7589632 2.141476
-0.1504447 -0.1499028 1.254002
0.0131743 -0.8190355 2.087364
9
0.03523722 -0.01069736 2.177516
-0.04429294 -0.01538362 2.136457
0.1129613 -0.006055051 2.143466
-0.08877953 -0.02220273 1.727479
0.04679144 -0.3887537 2.102225
-0.115487 -0.237423 1.431551
-0.003330048 -0.7588755 2.141503
-0.1449163 -0.2198136 1.297557
0.015785 -0.8185027 2.084974
9
0.03523722 -0.01069736 2.177516
-0.04429294 -0.01538362 2.136457
0.1129613 -0.006055051 2.143466
-0.08877953 -0.02220273 1.727479
0.04679144 -0.3887537 2.102225
-0.115487 -0.237423 1.431551
-0.003330048 -0.7588755 2.141503
-0.1449163 -0.2198136 1.297557
0.015785 -0.8185027 2.084974
9
0.04204293 -0.005538513 2.161859
-0.03864633 -0.009384004 2.12418
0.121344 -0.001814378 2.123475
-0.1009387 -0.080575 1.685413
0.04692865 -0.3846376 2.105546
-0.1276082 -0.2957165 1.389219
-0.003059956 -0.7586913 2.142911
-0.1672448 -0.3016178 1.291366
0.01471192 -0.8186735 2.086773
