40
9
0.2364517 -0.2212555 2.134705
0.1472114 -0.2150693 2.085573
0.3182781 -0.2196964 2.110556
0.1380401 -0.407212 1.678085
0.2923884 -0.5772862 2.095409
0.1231933 -0.6410112 1.494925
0.2561688 -0.9348612 2.074161
0.1371917 -0.6475955 1.362895
0.2778079 -0.9628539 1.931835
9
0.2368062 -0.2185503 2.135176
0.1465434 -0.2110153 2.085699
0.3191694 -0.2179684 2.111073
0.1487405 -0.3678906 1.626464
0.2936645 -0.5761051 2.092277
0.1595474 -0.5647115 1.401965
0.257433 -0.9336901 2.071028
0.1580811 -0.5576172 1.265625
0.2793997 -0.9615584 1.928742
9
0.2368062 -0.2185503 2.135176
0.1465434 -0.2110153 2.085699
0.3191694 -0.2179684 2.111073
0.1487405 -0.3678906 1.626464
0.2936645 -0.5761051 2.092277
0.1595474 -0.5647115 1.401965
0.257433 -0.9336901 2.071028
0.1580811 -0.5576172 1.265625
0.2793997 -0.9615584 1.928742
9
0.2368062 -0.2185503 2.135176
0.1465434 -0.2110153 2.085699
0.3191694 -0.2179684 2.111073
0.1487405 -0.3678906 1.626464
0.2936645 -0.5761051 2.092277
0.1595474 -0.5647115 1.401965
0.257433 -0.9336901 2.071028
0.1580811 -0.5576172 1.265625
0.2793997 -0.9615584 1.928742
9
0.2368062 -0.2185503 2.135176
0.1465434 -0.2110153 2.085699
0.3191694 -0.2179684 2.111073
0.1487405 -0.3678906 1.626464
0.2936645 -0.5761051 2.092277
0.1595474 -0.5647115 1.401965
0.257433 -0.9336901 2.071028
0.1580811 -0.5576172 1.265625
0.2793997 -0.9615584 1.928742
9
0.2368062 -0.2185503 2.135176
0.1465434 -0.2110153 2.085699
0.3191694 -0.2179684 2.111073
0.1487405 -0.3678906 1.626464
0.2936645 -0.5761051 2.092277
0.1595474 -0.5647115 1.401965
0.257433 -0.9336901 2.071028
0.1580811 -0.5576172 1.265625
0.2793997 -0.9615584 1.928742
9
0.2368062 -0.2185503 2.135176
0.1465434 -0.2110153 2.085699
0.3191694 -0.2179684 2.111073
0.1487405 -0.3678906 1.626464
0.2936645 -0.5761051 2.092277
0.1595474 -0.5647115 1.401965
0.257433 -0.9336901 2.071028
0.1580811 -0.5576172 1.265625
0.2793997 -0.9615584 1.928742
9
0.2368062 -0.2185503 2.135176
0.1465434 -0.2110153 2.085699
0.3191694 -0.2179684 2.111073
0.1487405 -0.3678906 1.626464
0.2936645 -0.5761051 2.092277
0.1595474 -0.5647115 1.401965
0.257433 -0.9336901 2.071028
0.1580811 -0.5576172 1.265625
0.2793997 -0.9615584 1.928742
9
0.240171 -0.2123189 2.13104
0.1462276 -0.2035648 2.077701
0.3264718 -0.2117448 2.109171
0.1836983 -0.1714654 1.578012
0.2142462 -0.6587196 2.075541
0.2125479 -0.3543775 1.221063
0.1852005 -0.9531685 2.081986
0.2201232 -0.2627621 1.126526
0.2108439 -0.9804857 1.94019
9
0.240171 -0.2123189 2.13104
0.1462276 -0.2035648 2.077701
0.3264718 -0.2117448 2.109171
0.1836983 -0.1714654 1.578012
0.2142462 -0.6587196 2.075541
0.2125479 -0.3543775 1.221063
0.1852005 -0.9531685 2.081986
0.2201232 -0.2627621 1.126526
0.2108439 -0.9804857 1.94019
9
0.240171 -0.2123189 2.13104
0.1462276 -0.2035648 2.077701
0.3264718 -0.2117448 2.109171
0.1836983 -0.1714654 1.578012
0.2142462 -0.6587196 2.075541
0.2125479 -0.3543775 1.221063
0.1852005 -0.9531685 2.081986
0.2201232 -0.2627621 1.126526
0.2108439 -0.9804857 1.94019
9
0.240171 -0.2123189 2.13104
0.1462276 -0.2035648 2.077701
0.3264718 -0.2117448 2.109171
0.1836983 -0.1714654 1.578012
0.2142462 -0.6587196 2.075541
0.2125479 -0.3543775 1.221063
0.1852005 -0.9531685 2.081986
0.2201232 -0.2627621 1.126526
0.2108439 -0.9804857 1.94019
9
0.2361478 -0.2156618 2.12431
0.1385912 -0.213675 2.061719
0.3247252 -0.2121659 2.107726
0.1340971 -0.2762766 1.563681
0.2404184 -0.6134728 2.054235
0.1630007 -0.4588141 1.206311
0.1817591 -0.9560947 2.07696
0.1710052 -0.3721771 1.094727
0.2083415 -0.9830883 1.935332
9
0.2476027 -0.2165025 2.102743
0.1520987 -0.2203089 2.04132
0.3337001 -0.2062161 2.089287
0.174881 -0.3044143 1.547123
0.2417625 -0.61206 2.052142
0.2036542 -0.4868322 1.189564
0.1833816 -0.9569173 2.072404
0.2117157 -0.4000092 1.081055
0.2100837 -0.9833808 1.930646
9
0.2476027 -0.2165025 2.102743
0.1520987 -0.2203089 2.04132
0.3337001 -0.2062161 2.089287
0.174881 -0.3044143 1.547123
0.2417625 -0.61206 2.052142
0.2036542 -0.4868322 1.189564
0.1833816 -0.9569173 2.072404
0.2117157 -0.4000092 1.081055
0.2100837 -0.9833808 1.930646
9
0.2476027 -0.2165025 2.102743
0.1520987 -0.2203089 2.04132
0.3337001 -0.2062161 2.089287
0.174881 -0.3044143 1.547123
0.2417625 -0.61206 2.052142
0.2036542 -0.4868322 1.189564
0.1833816 -0.9569173 2.072404
0.2117157 -0.4000092 1.081055
0.2100837 -0.9833808 1.930646
9
0.2476027 -0.2165025 2.102743
0.1520987 -0.2203089 2.04132
0.3337001 -0.2062161 2.089287
0.174881 -0.3044143 1.547123
0.2417625 -0.61206 2.052142
0.2036542 -0.4868322 1.189564
0.1833816 -0.9569173 2.072404
0.2117157 -0.4000092 1.081055
0.2100837 -0.9833808 1.930646
9
0.2476027 -0.2165025 2.102743
0.1520987 -0.2203089 2.04132
0.3337001 -0.2062161 2.089287
0.174881 -0.3044143 1.547123
0.2417625 -0.61206 2.052142
0.2036542 -0.4868322 1.189564
0.1833816 -0.9569173 2.072404
0.2117157 -0.4000092 1.081055
0.2100837 -0.9833808 1.930646
9
0.2059072 -0.2471793 2.083803
0.1385687 -0.2262417 2.037237
0.2772594 -0.2542958 2.059587
0.1769351 -0.3032415 1.542844
0.245945 -0.5979475 2.042482
0.2057065 -0.4856809 1.185274
0.1846383 -0.9563609 2.069282
0.2140503 -0.3979374 1.080313
0.2113598 -0.982805 1.927539
9
0.2070981 -0.2470256 2.084772
0.1378435 -0.2272182 2.037505
0.278541 -0.2537269 2.060723
0.1792731 -0.3023097 1.542958
0.2456972 -0.5950001 2.039551
0.2080383 -0.4847513 1.185391
0.1849522 -0.9563496 2.069199
0.2164406 -0.3969958 1.080259
0.21072 -0.9827542 1.927187
9
0.2070981 -0.2470256 2.084772
0.1378435 -0.2272182 2.037505
0.278541 -0.2537269 2.060723
0.1792731 -0.3023097 1.542958
0.2456972 -0.5950001 2.039551
0.2080383 -0.4847513 1.185391
0.1849522 -0.9563496 2.069199
0.2164406 -0.3969958 1.080259
0.21072 -0.9827542 1.927187
9
0.2072538 -0.2471333 2.084948
0.1365968 -0.228212 2.037269
0.2786886 -0.253861 2.06099
0.1796032 -0.3017311 1.542526
0.2452046 -0.5952601 2.038147
0.2083684 -0.4841776 1.184958
0.1855963 -0.9565053 2.069317
0.2167852 -0.3963258 1.080116
0.2120882 -0.9829211 1.927505
9
0.2072538 -0.2471333 2.084948
0.1365968 -0.228212 2.037269
0.2786886 -0.253861 2.06099
0.1796032 -0.3017311 1.542526
0.2452046 -0.5952601 2.038147
0.2083684 -0.4841776 1.184958
0.1855963 -0.9565053 2.069317
0.2167852 -0.3963258 1.080116
0.2120882 -0.9829211 1.927505
9
0.2067044 -0.2475849 2.085127
0.133531 -0.2297623 2.037098
0.2779173 -0.2545541 2.061147
0.1787378 -0.3007012 1.54209
0.24476 -0.5960735 2.037464
0.207507 -0.4831562 1.184525
0.1858771 -0.9568522 2.0694
0.2160244 -0.3952405 1.079617
0.2127084 -0.9833015 1.927698
9
0.2067044 -0.2475849 2.085127
0.133531 -0.2297623 2.037098
0.2779173 -0.2545541 2.061147
0.1787378 -0.3007012 1.54209
0.24476 -0.5960735 2.037464
0.207507 -0.4831562 1.184525
0.1858771 -0.9568522 2.0694
0.2160244 -0.3952405 1.079617
0.2127084 -0.9833015 1.927698
9
0.2032452 -0.250566 2.087243
0.1285136 -0.2330714 2.038852
0.2733342 -0.2586089 2.063416
0.1781358 -0.3013879 1.543831
0.2444381 -0.6005219 2.037462
0.2069048 -0.4838327 1.18627
0.186445 -0.9576646 2.069508
0.2157851 -0.3960824 1.079678
0.2137364 -0.9841449 1.927951
9
0.2032452 -0.250566 2.087243
0.1285136 -0.2330714 2.038852
0.2733342 -0.2586089 2.063416
0.1781358 -0.3013879 1.543831
0.2444381 -0.6005219 2.037462
0.2069048 -0.4838327 1.18627
0.186445 -0.9576646 2.069508
0.2157851 -0.3960824 1.079678
0.2137364 -0.9841449 1.927951
9
0.1922905 -0.2549411 2.091427
0.1177733 -0.2354742 2.04205
0.2602001 -0.2657915 2.067983
0.1804605 -0.07300159 1.651936
0.2397208 -0.6081066 2.039653
0.2318758 -0.1527018 1.319986
0.1863745 -0.9575711 2.069948
0.2387629 -0.062119 1.231472
0.2142134 -0.9841751 1.928588
9
0.1922905 -0.2549411 2.091427
0.1177733 -0.2354742 2.04205
0.2602001 -0.2657915 2.067983
0.1804605 -0.07300159 1.651936
0.2397208 -0.6081066 2.039653
0.2318758 -0.1527018 1.319986
0.1863745 -0.9575711 2.069948
0.2387629 -0.062119 1.231472
0.2142134 -0.9841751 1.928588
9
0.1922905 -0.2549411 2.091427
0.1177733 -0.2354742 2.04205
0.2602001 -0.2657915 2.067983
0.1804605 -0.07300159 1.651936
0.2397208 -0.6081066 2.039653
0.2318758 -0.1527018 1.319986
0.1863745 -0.9575711 2.069948
0.2387629 -0.062119 1.231472
0.2142134 -0.9841751 1.928588
9
0.1922905 -0.2549411 2.091427
0.1177733 -0.2354742 2.04205
0.2602001 -0.2657915 2.067983
0.1804605 -0.07300159 1.651936
0.2397208 -0.6081066 2.039653
0.2318758 -0.1527018 1.319986
0.1863745 -0.9575711 2.069948
0.2387629 -0.062119 1.231472
0.2142134 -0.9841751 1.928588
9
0.1922905 -0.2549411 2.091427
0.1177733 -0.2354742 2.04205
0.2602001 -0.2657915 2.067983
0.1804605 -0.07300159 1.651936
0.2397208 -0.6081066 2.039653
0.2318758 -0.1527018 1.319986
0.1863745 -0.9575711 2.069948
0.2387629 -0.062119 1.231472
0.2142134 -0.9841751 1.928588
9
0.1485048 -0.2635835 2.125672
0.07640567 -0.2368647 2.073361
0.2153439 -0.281063 2.103628
0.2031376 -0.1316092 1.599068
0.2315164 -0.6228434 2.044971
0.2147567 -0.2670966 1.288289
0.1859328 -0.9583202 2.070243
0.2777547 -0.2326071 1.136326
0.2141643 -0.986263 1.929529
9
0.1015978 -0.2338383 2.11622
0.02946336 -0.2025134 2.069246
0.1701038 -0.2569046 2.088615
0.1999551 -0.1485201 1.643908
0.2206828 -0.6479619 2.053824
0.2119077 -0.32219 1.29679
0.184318 -0.9576814 2.071438
0.2690265 -0.2853839 1.141966
0.2127027 -0.9855888 1.930732
9
0.1015978 -0.2338383 2.11622
0.02946336 -0.2025134 2.069246
0.1701038 -0.2569046 2.088615
0.1999551 -0.1485201 1.643908
0.2206828 -0.6479619 2.053824
0.2119077 -0.32219 1.29679
0.184318 -0.9576814 2.071438
0.2690265 -0.2853839 1.141966
0.2127027 -0.9855888 1.930732
9
0.1918705 -0.2144356 2.120828
0.1035465 -0.201785 2.073726
0.2733923 -0.2195511 2.093467
0.2710463 -0.07614929 1.683829
0.4407715 -0.5070718 2.125643
0.2037476 -0.3322464 1.381403
0.2585925 -0.8540086 2.086404
0.2424327 -0.3294344 1.215335
0.285772 -0.8826286 1.944839
9
0.1918705 -0.2144356 2.120828
0.1035465 -0.201785 2.073726
0.2733923 -0.2195511 2.093467
0.2710463 -0.07614929 1.683829
0.4407715 -0.5070718 2.125643
0.2037476 -0.3322464 1.381403
0.2585925 -0.8540086 2.086404
0.2424327 -0.3294344 1.215335
0.285772 -0.8826286 1.944839
9
0.1918705 -0.2144356 2.120828
0.1035465 -0.201785 2.073726
0.2733923 -0.2195511 2.093467
0.2710463 -0.07614929 1.683829
0.4407715 -0.5070718 2.125643
0.2037476 -0.3322464 1.381403
0.2585925 -0.8540086 2.086404
0.2424327 -0.3294344 1.215335
0.285772 -0.8826286 1.944839
9
0.1918705 -0.2144356 2.120828
0.1035465 -0.201785 2.073726
0.2733923 -0.2195511 2.093467
0.2710463 -0.07614929 1.683829
0.4407715 -0.5070718 2.125643
0.2037476 -0.3322464 1.381403
0.2585925 -0.8540086 2.086404
0.2424327 -0.3294344 1.215335
0.285772 -0.8826286 1.944839
9
0.1918705 -0.2144356 2.120828
0.1035465 -0.201785 2.073726
0.2733923 -0.2195511 2.093467
0.2710463 -0.07614929 1.683829
0.4407715 -0.5070718 2.125643
0.2037476 -0.3322464 1.381403
0.2585925 -0.8540086 2.086404
0.2424327 -0.3294344 1.215335
0.285772 -0.8826286 1.944839
