40
9
0.1547865 -0.2227412 2.028249
0.06828561 -0.2169768 2.002561
0.2360779 -0.2205868 1.98027
0.01294069 -0.5262181 1.720618
0.1887382 -0.5818491 1.898139
-0.007222431 -0.8164352 1.672581
0.2194728 -0.9501014 1.992921
-0.03039408 -0.8701869 1.569323
0.1864592 -1.032236 1.955104
9
0.1547865 -0.2227412 2.028249
0.06828561 -0.2169768 2.002561
0.2360779 -0.2205868 1.98027
0.01294069 -0.5262181 1.720618
0.1887382 -0.5818491 1.898139
-0.007222431 -0.8164352 1.672581
0.2194728 -0.9501014 1.992921
-0.03039408 -0.8701869 1.569323
0.1864592 -1.032236 1.955104
9
0.1551286 -0.221858 2.024128
0.06778896 -0.2153981 1.999618
0.2373773 -0.2205693 1.974669
0.005727048 -0.4920554 1.669976
0.1666078 -0.5689024 1.865294
-0.02533645 -0.7673789 1.559795
0.2150542 -0.9374471 1.985826
-0.04035015 -0.7889274 1.433895
0.1948843 -0.9648524 1.842519
9
0.1551286 -0.221858 2.024128
0.06778896 -0.2153981 1.999618
0.2373773 -0.2205693 1.974669
0.005727048 -0.4920554 1.669976
0.1666078 -0.5689024 1.865294
-0.02533645 -0.7673789 1.559795
0.2150542 -0.9374471 1.985826
-0.04035015 -0.7889274 1.433895
0.1948843 -0.9648524 1.842519
9
0.1569552 -0.221339 2.020206
0.06833868 -0.2146082 1.997765
0.2407816 -0.2205979 1.968287
-0.002161709 -0.4315093 1.62149
0.2195216 -0.6050596 1.93119
-0.03988663 -0.6791434 1.454479
0.2143488 -0.9491338 1.986686
-0.05053792 -0.6755694 1.321211
0.1923486 -0.9761746 1.843667
9
0.1569552 -0.221339 2.020206
0.06833868 -0.2146082 1.997765
0.2407816 -0.2205979 1.968287
-0.002161709 -0.4315093 1.62149
0.2195216 -0.6050596 1.93119
-0.03988663 -0.6791434 1.454479
0.2143488 -0.9491338 1.986686
-0.05053792 -0.6755694 1.321211
0.1923486 -0.9761746 1.843667
9
0.1569552 -0.221339 2.020206
0.06833868 -0.2146082 1.997765
0.2407816 -0.2205979 1.968287
-0.002161709 -0.4315093 1.62149
0.2195216 -0.6050596 1.93119
-0.03988663 -0.6791434 1.454479
0.2143488 -0.9491338 1.986686
-0.05053792 -0.6755694 1.321211
0.1923486 -0.9761746 1.843667
9
0.1569552 -0.221339 2.020206
0.06833868 -0.2146082 1.997765
0.2407816 -0.2205979 1.968287
-0.002161709 -0.4315093 1.62149
0.2195216 -0.6050596 1.93119
-0.03988663 -0.6791434 1.454479
0.2143488 -0.9491338 1.986686
-0.05053792 -0.6755694 1.321211
0.1923486 -0.9761746 1.843667
9
0.1677489 -0.2196037 1.9997
0.07520169 -0.2129507 1.986006
0.2546895 -0.2185658 1.93853
-0.008005225 -0.3173753 1.525416
0.2192036 -0.603124 1.928392
-0.09249982 -0.5670314 1.253385
0.210438 -0.9501081 1.975641
-0.1125734 -0.4709041 1.16337
0.1857402 -0.976338 1.832877
9
0.1677489 -0.2196037 1.9997
0.07520169 -0.2129507 1.986006
0.2546895 -0.2185658 1.93853
-0.008005225 -0.3173753 1.525416
0.2192036 -0.603124 1.928392
-0.09249982 -0.5670314 1.253385
0.210438 -0.9501081 1.975641
-0.1125734 -0.4709041 1.16337
0.1857402 -0.976338 1.832877
9
0.1674294 -0.2193972 1.998748
0.07448401 -0.2127956 1.984763
0.254627 -0.2183407 1.938104
-0.005493144 -0.2445017 1.511712
0.2212086 -0.5889954 1.917982
-0.08101205 -0.3612547 1.189601
0.206706 -0.9527525 1.970068
-0.146333 -0.4233949 1.131541
0.1802937 -0.9788423 1.82768
9
0.1674294 -0.2193972 1.998748
0.07448401 -0.2127956 1.984763
0.254627 -0.2183407 1.938104
-0.005493144 -0.2445017 1.511712
0.2212086 -0.5889954 1.917982
-0.08101205 -0.3612547 1.189601
0.206706 -0.9527525 1.970068
-0.146333 -0.4233949 1.131541
0.1802937 -0.9788423 1.82768
9
0.174847 -0.2279649 1.990307
0.08713083 -0.2318951 1.969604
0.2577381 -0.2200761 1.935043
0.003605261 -0.1697446 1.520266
0.2208137 -0.5887454 1.911492
-0.06811772 -0.2767479 1.180456
0.2025849 -0.9560759 1.96407
-0.124524 -0.3454441 1.112679
0.1748755 -0.9819236 1.821973
9
0.174847 -0.2279649 1.990307
0.08713083 -0.2318951 1.969604
0.2577381 -0.2200761 1.935043
0.003605261 -0.1697446 1.520266
0.2208137 -0.5887454 1.911492
-0.06811772 -0.2767479 1.180456
0.2025849 -0.9560759 1.96407
-0.124524 -0.3454441 1.112679
0.1748755 -0.9819236 1.821973
9
0.2088779 -0.2433847 1.951178
0.1207504 -0.2523741 1.930906
0.2874622 -0.2250026 1.900608
0.01200661 -0.112555 1.542892
0.2200829 -0.5702726 1.893564
-0.05971148 -0.2196436 1.203292
0.1990727 -0.9557188 1.955588
-0.09267984 -0.2900909 1.110679
0.1697014 -0.9810027 1.813729
9
0.2088779 -0.2433847 1.951178
0.1207504 -0.2523741 1.930906
0.2874622 -0.2250026 1.900608
0.01200661 -0.112555 1.542892
0.2200829 -0.5702726 1.893564
-0.05971148 -0.2196436 1.203292
0.1990727 -0.9557188 1.955588
-0.09267984 -0.2900909 1.110679
0.1697014 -0.9810027 1.813729
9
0.2093164 -0.244847 1.950631
0.1213332 -0.2536238 1.93034
0.28815 -0.2269779 1.899566
0.003884113 -0.0744004 1.51444
0.2189722 -0.5670408 1.887705
-0.04556925 -0.1677427 1.187915
0.1985233 -0.9556267 1.948345
-0.1071285 -0.2074612 1.085716
0.1683075 -0.9808797 1.806718
9
0.2093164 -0.244847 1.950631
0.1213332 -0.2536238 1.93034
0.28815 -0.2269779 1.899566
0.003884113 -0.0744004 1.51444
0.2189722 -0.5670408 1.887705
-0.04556925 -0.1677427 1.187915
0.1985233 -0.9556267 1.948345
-0.1071285 -0.2074612 1.085716
0.1683075 -0.9808797 1.806718
9
0.2086885 -0.2472727 1.948704
0.1210893 -0.2556276 1.928805
0.2874142 -0.2299052 1.896638
0.003329378 -0.04447782 1.513695
0.2170891 -0.5661461 1.881656
-0.05231837 -0.1432655 1.123053
0.2004495 -0.9550552 1.939296
-0.1234339 -0.06733132 1.085339
0.1693801 -0.9802494 1.797919
9
0.2086885 -0.2472727 1.948704
0.1210893 -0.2556276 1.928805
0.2874142 -0.2299052 1.896638
0.003329378 -0.04447782 1.513695
0.2170891 -0.5661461 1.881656
-0.05231837 -0.1432655 1.123053
0.2004495 -0.9550552 1.939296
-0.1234339 -0.06733132 1.085339
0.1693801 -0.9802494 1.797919
9
0.2086885 -0.2472727 1.948704
0.1210893 -0.2556276 1.928805
0.2874142 -0.2299052 1.896638
0.003329378 -0.04447782 1.513695
0.2170891 -0.5661461 1.881656
-0.05231837 -0.1432655 1.123053
0.2004495 -0.9550552 1.939296
-0.1234339 -0.06733132 1.085339
0.1693801 -0.9802494 1.797919
9
0.2086885 -0.2472727 1.948704
0.1210893 -0.2556276 1.928805
0.2874142 -0.2299052 1.896638
0.003329378 -0.04447782 1.513695
0.2170891 -0.5661461 1.881656
-0.05231837 -0.1432655 1.123053
0.2004495 -0.9550552 1.939296
-0.1234339 -0.06733132 1.085339
0.1693801 -0.9802494 1.797919
9
0.2086885 -0.2472727 1.948704
0.1210893 -0.2556276 1.928805
0.2874142 -0.2299052 1.896638
0.003329378 -0.04447782 1.513695
0.2170891 -0.5661461 1.881656
-0.05231837 -0.1432655 1.123053
0.2004495 -0.9550552 1.939296
-0.1234339 -0.06733132 1.085339
0.1693801 -0.9802494 1.797919
9
0.2054358 -0.2504242 1.945755
0.1186977 -0.2578399 1.926816
0.2837362 -0.2338935 1.892241
0.006811398 -0.03644931 1.515464
0.2143193 -0.5644318 1.875375
-0.07480628 -0.08073028 1.135392
0.2003863 -0.9532233 1.935221
-0.166726 -0.09249067 1.063545
0.1682709 -0.9783864 1.794127
9
0.2041862 -0.2521751 1.944997
0.1180016 -0.258606 1.926203
0.2820584 -0.2368071 1.891291
0.007276976 -0.03898848 1.513526
0.2131416 -0.5648244 1.874163
-0.08158892 -0.08762615 1.180296
0.2002117 -0.9507902 1.934399
-0.108089 -0.1259497 1.035595
0.1679143 -0.975979 1.79334
9
0.2041862 -0.2521751 1.944997
0.1180016 -0.258606 1.926203
0.2820584 -0.2368071 1.891291
0.007276976 -0.03898848 1.513526
0.2131416 -0.5648244 1.874163
-0.08158892 -0.08762615 1.180296
0.2002117 -0.9507902 1.934399
-0.108089 -0.1259497 1.035595
0.1679143 -0.975979 1.79334
9
0.2041862 -0.2521751 1.944997
0.1180016 -0.258606 1.926203
0.2820584 -0.2368071 1.891291
0.007276976 -0.03898848 1.513526
0.2131416 -0.5648244 1.874163
-0.08158892 -0.08762615 1.180296
0.2002117 -0.9507902 1.934399
-0.108089 -0.1259497 1.035595
0.1679143 -0.975979 1.79334
9
0.2041862 -0.2521751 1.944997
0.1180016 -0.258606 1.926203
0.2820584 -0.2368071 1.891291
0.007276976 -0.03898848 1.513526
0.2131416 -0.5648244 1.874163
-0.08158892 -0.08762615 1.180296
0.2002117 -0.9507902 1.934399
-0.108089 -0.1259497 1.035595
0.1679143 -0.975979 1.79334
9
0.2061265 -0.2527177 1.946225
0.119943 -0.2585004 1.927044
0.284252 -0.2380376 1.893011
-0.002410404 -0.1053646 1.519468
0.2129414 -0.5649939 1.874617
-0.07888024 -0.2165118 1.188613
0.1997689 -0.9499472 1.935179
-0.133099 -0.1719433 1.07756
0.1671253 -0.9751756 1.794214
9
0.2061265 -0.2527177 1.946225
0.119943 -0.2585004 1.927044
0.284252 -0.2380376 1.893011
-0.002410404 -0.1053646 1.519468
0.2129414 -0.5649939 1.874617
-0.07888024 -0.2165118 1.188613
0.1997689 -0.9499472 1.935179
-0.133099 -0.1719433 1.07756
0.1671253 -0.9751756 1.794214
9
0.2074286 -0.2520724 1.949925
0.120964 -0.2576174 1.929666
0.28594 -0.2376057 1.897804
0.0005396722 -0.1367393 1.54248
0.212937 -0.5640147 1.87675
-0.07280048 -0.2492427 1.243199
0.1998339 -0.9481736 1.936014
-0.09993769 -0.2832393 1.099161
0.1673177 -0.9734808 1.79502
9
0.2074286 -0.2520724 1.949925
0.120964 -0.2576174 1.929666
0.28594 -0.2376057 1.897804
0.0005396722 -0.1367393 1.54248
0.212937 -0.5640147 1.87675
-0.07280048 -0.2492427 1.243199
0.1998339 -0.9481736 1.936014
-0.09993769 -0.2832393 1.099161
0.1673177 -0.9734808 1.79502
9
0.2045926 -0.2518651 1.955492
0.1189647 -0.257366 1.934115
0.282457 -0.237309 1.904247
-0.007797289 -0.2022808 1.540659
0.2141279 -0.5619716 1.880974
-0.13514 -0.3247741 1.172955
0.1999783 -0.9475469 1.937215
-0.1630693 -0.41098 1.152903
0.1674617 -0.9729515 1.796262
9
0.2045926 -0.2518651 1.955492
0.1189647 -0.257366 1.934115
0.282457 -0.237309 1.904247
-0.007797289 -0.2022808 1.540659
0.2141279 -0.5619716 1.880974
-0.13514 -0.3247741 1.172955
0.1999783 -0.9475469 1.937215
-0.1630693 -0.41098 1.152903
0.1674617 -0.9729515 1.796262
9
0.1824895 -0.2363402 1.99167
0.09246819 -0.2303697 1.98254
0.269056 -0.2333606 1.923759
-0.02602455 -0.2670154 1.53156
0.2150478 -0.561743 1.887655
-0.1529051 -0.4565812 1.209181
0.2002007 -0.9472969 1.93924
-0.1773595 -0.4857921 1.067131
0.1682023 -0.9734076 1.798426
9
0.1824895 -0.2363402 1.99167
0.09246819 -0.2303697 1.98254
0.269056 -0.2333606 1.923759
-0.02602455 -0.2670154 1.53156
0.2150478 -0.561743 1.887655
-0.1529051 -0.4565812 1.209181
0.2002007 -0.9472969 1.93924
-0.1773595 -0.4857921 1.067131
0.1682023 -0.9734076 1.798426
9
0.1750933 -0.2298758 1.989084
0.08267605 -0.2198535 1.97495
0.261101 -0.2291663 1.926116
-0.03237697 -0.3262239 1.557619
0.2172195 -0.5596226 1.896376
-0.1293834 -0.5075135 1.315627
0.2007835 -0.9472891 1.9426
-0.1549085 -0.536306 1.173555
0.1686482 -0.9732767 1.801754
9
0.1750933 -0.2298758 1.989084
0.08267605 -0.2198535 1.97495
0.261101 -0.2291663 1.926116
-0.03237697 -0.3262239 1.557619
0.2172195 -0.5596226 1.896376
-0.1293834 -0.5075135 1.315627
0.2007835 -0.9472891 1.9426
-0.1549085 -0.536306 1.173555
0.1686482 -0.9732767 1.801754
9
0.1728767 -0.227979 1.991773
0.08078605 -0.2175647 1.976082
0.257815 -0.2283907 1.93377
-0.03376738 -0.3865956 1.584614
0.2192315 -0.5594779 1.903447
-0.1367282 -0.603956 1.352021
0.2016773 -0.9464946 1.945892
-0.159651 -0.6033989 1.221858
0.1710815 -0.9726425 1.804681
9
0.1728767 -0.227979 1.991773
0.08078605 -0.2175647 1.976082
0.257815 -0.2283907 1.93377
-0.03376738 -0.3865956 1.584614
0.2192315 -0.5594779 1.903447
-0.1367282 -0.603956 1.352021
0.2016773 -0.9464946 1.945892
-0.159651 -0.6033989 1.221858
0.1710815 -0.9726425 1.804681
