40
9
0.03057561 0.005140558 2.121406
-0.04955572 0.004874105 2.091883
0.1092395 0.0056826 2.074985
-0.1164367 -0.3292347 1.767629
0.08729579 -0.4147918 2.060841
-0.1455457 -0.6192126 1.699204
0.04382043 -0.7549744 2.080532
-0.1820421 -0.6804746 1.604006
0.04888074 -0.8138232 2.005151
9
0.02838645 0.006343232 2.121057
-0.05379449 0.00778367 2.092473
0.1083942 0.00584767 2.07435
-0.1150714 -0.2488505 1.737685
0.08196867 -0.4096945 2.053055
-0.1541719 -0.5248353 1.621347
0.04212372 -0.7550197 2.079529
-0.1546455 -0.5496723 1.504301
0.04871058 -0.8134415 2.004312
9
0.02838645 0.006343232 2.121057
-0.05379449 0.00778367 2.092473
0.1083942 0.00584767 2.07435
-0.1150714 -0.2488505 1.737685
0.08196867 -0.4096945 2.053055
-0.1541719 -0.5248353 1.621347
0.04212372 -0.7550197 2.079529
-0.1546455 -0.5496723 1.504301
0.04871058 -0.8134415 2.004312
9
0.0226526 0.008015344 2.122316
-0.06161003 0.01071139 2.093968
0.1051881 0.006165944 2.075298
-0.1199413 -0.1996719 1.693881
0.07822078 -0.4091213 2.048632
-0.1602986 -0.4522845 1.521275
0.04036088 -0.754855 2.078279
-0.147706 -0.4681011 1.415046
0.0487814 -0.8134895 2.004385
9
0.0226526 0.008015344 2.122316
-0.06161003 0.01071139 2.093968
0.1051881 0.006165944 2.075298
-0.1199413 -0.1996719 1.693881
0.07822078 -0.4091213 2.048632
-0.1602986 -0.4522845 1.521275
0.04036088 -0.754855 2.078279
-0.147706 -0.4681011 1.415046
0.0487814 -0.8134895 2.004385
9
0.0205164 0.008996453 2.121949
-0.06458298 0.01196978 2.093886
0.1041099 0.006620504 2.074823
-0.1157625 -0.1526732 1.652996
0.076037 -0.4096271 2.044513
-0.158861 -0.3654334 1.438064
0.03874424 -0.754706 2.07563
-0.1600018 -0.3923495 1.320394
0.04865899 -0.8138211 2.002968
9
0.0205164 0.008996453 2.121949
-0.06458298 0.01196978 2.093886
0.1041099 0.006620504 2.074823
-0.1157625 -0.1526732 1.652996
0.076037 -0.4096271 2.044513
-0.158861 -0.3654334 1.438064
0.03874424 -0.754706 2.07563
-0.1600018 -0.3923495 1.320394
0.04865899 -0.8138211 2.002968
9
0.01803765 0.01009395 2.121727
-0.06857607 0.01385735 2.093601
0.1031181 0.006922255 2.074671
-0.1103634 -0.09117252 1.622858
0.0754656 -0.4028702 2.034008
-0.1830257 -0.3704635 1.329894
0.03725382 -0.7551686 2.071523
-0.1864958 -0.3081467 1.23997
0.05056757 -0.8159653 2.002725
9
0.01803765 0.01009395 2.121727
-0.06857607 0.01385735 2.093601
0.1031181 0.006922255 2.074671
-0.1103634 -0.09117252 1.622858
0.0754656 -0.4028702 2.034008
-0.1830257 -0.3704635 1.329894
0.03725382 -0.7551686 2.071523
-0.1864958 -0.3081467 1.23997
0.05056757 -0.8159653 2.002725
9
0.009266892 0.01180348 2.126669
-0.08105074 0.017899 2.101047
0.098106 0.006648905 2.077512
-0.09923749 -0.02776699 1.620019
0.07587077 -0.3968468 2.025051
-0.178284 -0.2808834 1.30582
0.037578 -0.7540768 2.067631
-0.1877304 -0.226155 1.211786
0.05074649 -0.8158826 2.001551
9
0.009266892 0.01180348 2.126669
-0.08105074 0.017899 2.101047
0.098106 0.006648905 2.077512
-0.09923749 -0.02776699 1.620019
0.07587077 -0.3968468 2.025051
-0.178284 -0.2808834 1.30582
0.037578 -0.7540768 2.067631
-0.1877304 -0.226155 1.211786
0.05074649 -0.8158826 2.001551
9
0.007215602 0.01173891 2.128396
-0.08360675 0.01792896 2.104095
0.09689608 0.006316065 2.078132
-0.08964156 0.03981972 1.638585
0.07577966 -0.396047 2.019722
-0.1601988 -0.09333601 1.257592
0.0363836 -0.7538432 2.062597
-0.1691087 -0.03574862 1.134706
0.05091057 -0.8153663 2.000055
9
0.007215602 0.01173891 2.128396
-0.08360675 0.01792896 2.104095
0.09689608 0.006316065 2.078132
-0.08964156 0.03981972 1.638585
0.07577966 -0.396047 2.019722
-0.1601988 -0.09333601 1.257592
0.0363836 -0.7538432 2.062597
-0.1691087 -0.03574862 1.134706
0.05091057 -0.8153663 2.000055
9
0.05836924 -0.01269586 2.063354
-0.0199771 -0.03194386 2.021519
0.1345651 0.007009359 2.02996
-0.07393508 0.1050744 1.667483
0.07488391 -0.392674 2.015006
-0.1444699 -0.02806825 1.286701
0.0364292 -0.7543826 2.060283
-0.1461231 -0.06260656 1.167764
0.05155481 -0.8150508 1.997624
9
0.05836924 -0.01269586 2.063354
-0.0199771 -0.03194386 2.021519
0.1345651 0.007009359 2.02996
-0.07393508 0.1050744 1.667483
0.07488391 -0.392674 2.015006
-0.1444699 -0.02806825 1.286701
0.0364292 -0.7543826 2.060283
-0.1461231 -0.06260656 1.167764
0.05155481 -0.8150508 1.997624
9
0.07506258 -0.01371237 2.064816
-0.005419567 -0.03395515 2.022104
0.153025 0.007149932 2.032429
-0.09670568 0.127241 1.5896
0.07392932 -0.3889866 2.011471
-0.1673818 -0.00611217 1.208809
0.03586348 -0.7530603 2.054904
-0.1864698 0.04738189 1.123284
0.05443243 -0.8165023 1.991066
9
0.07506258 -0.01371237 2.064816
-0.005419567 -0.03395515 2.022104
0.153025 0.007149932 2.032429
-0.09670568 0.127241 1.5896
0.07392932 -0.3889866 2.011471
-0.1673818 -0.00611217 1.208809
0.03586348 -0.7530603 2.054904
-0.1864698 0.04738189 1.123284
0.05443243 -0.8165023 1.991066
9
0.07506258 -0.01371237 2.064816
-0.005419567 -0.03395515 2.022104
0.153025 0.007149932 2.032429
-0.09670568 0.127241 1.5896
0.07392932 -0.3889866 2.011471
-0.1673818 -0.00611217 1.208809
0.03586348 -0.7530603 2.054904
-0.1864698 0.04738189 1.123284
0.05443243 -0.8165023 1.991066
9
0.07506258 -0.01371237 2.064816
-0.005419567 -0.03395515 2.022104
0.153025 0.007149932 2.032429
-0.09670568 0.127241 1.5896
0.07392932 -0.3889866 2.011471
-0.1673818 -0.00611217 1.208809
0.03586348 -0.7530603 2.054904
-0.1864698 0.04738189 1.123284
0.05443243 -0.8165023 1.991066
9
0.08564472 -0.002831432 2.075809
0.003106067 -0.0114886 2.049803
0.1653043 0.01167082 2.034368
-0.1229412 0.2573519 1.822197
0.07178415 -0.385919 2.008592
-0.1617638 0.1637617 1.426067
0.03599823 -0.7525721 2.053286
-0.1628016 0.1243117 1.307306
0.05428884 -0.8164654 1.991198
9
0.08564472 -0.002831432 2.075809
0.003106067 -0.0114886 2.049803
0.1653043 0.01167082 2.034368
-0.1229412 0.2573519 1.822197
0.07178415 -0.385919 2.008592
-0.1617638 0.1637617 1.426067
0.03599823 -0.7525721 2.053286
-0.1628016 0.1243117 1.307306
0.05428884 -0.8164654 1.991198
9
0.08564472 -0.002831432 2.075809
0.003106067 -0.0114886 2.049803
0.1653043 0.01167082 2.034368
-0.1229412 0.2573519 1.822197
0.07178415 -0.385919 2.008592
-0.1617638 0.1637617 1.426067
0.03599823 -0.7525721 2.053286
-0.1628016 0.1243117 1.307306
0.05428884 -0.8164654 1.991198
9
0.08564472 -0.002831432 2.075809
0.003106067 -0.0114886 2.049803
0.1653043 0.01167082 2.034368
-0.1229412 0.2573519 1.822197
0.07178415 -0.385919 2.008592
-0.1617638 0.1637617 1.426067
0.03599823 -0.7525721 2.053286
-0.1628016 0.1243117 1.307306
0.05428884 -0.8164654 1.991198
9
0.08636037 -0.0005940029 2.08035
0.002147157 -0.009929953 2.052706
0.1672799 0.0121937 2.036775
-0.1238579 0.2570373 1.822576
0.07049257 -0.3865061 2.007761
-0.1601838 0.1583681 1.42744
0.03583384 -0.7526051 2.052719
-0.1604382 0.1190663 1.308607
0.05366966 -0.8162926 1.991199
9
0.08636037 -0.0005940029 2.08035
0.002147157 -0.009929953 2.052706
0.1672799 0.0121937 2.036775
-0.1238579 0.2570373 1.822576
0.07049257 -0.3865061 2.007761
-0.1601838 0.1583681 1.42744
0.03583384 -0.7526051 2.052719
-0.1604382 0.1190663 1.308607
0.05366966 -0.8162926 1.991199
9
0.07943036 -0.0002681078 2.082494
-0.0070337 -0.007736702 2.053463
0.1622438 0.009894926 2.038715
-0.1241904 0.2606303 1.819948
0.06873317 -0.3879616 2.008639
-0.1521472 0.157732 1.425232
0.03544921 -0.7525795 2.052187
-0.1521043 0.1184425 1.30635
0.0534058 -0.8161021 1.99112
9
0.07943036 -0.0002681078 2.082494
-0.0070337 -0.007736702 2.053463
0.1622438 0.009894926 2.038715
-0.1241904 0.2606303 1.819948
0.06873317 -0.3879616 2.008639
-0.1521472 0.157732 1.425232
0.03544921 -0.7525795 2.052187
-0.1521043 0.1184425 1.30635
0.0534058 -0.8161021 1.99112
9
0.06930627 -0.001530554 2.087239
-0.01686187 -0.007317602 2.056831
0.1526836 0.005650694 2.043703
-0.1227701 0.2622325 1.818812
0.0678004 -0.3888595 2.010269
-0.1502286 0.1585383 1.424272
0.0353117 -0.7527202 2.052174
-0.149555 0.1192288 1.305357
0.05295701 -0.8158302 1.991231
9
0.06930627 -0.001530554 2.087239
-0.01686187 -0.007317602 2.056831
0.1526836 0.005650694 2.043703
-0.1227701 0.2622325 1.818812
0.0678004 -0.3888595 2.010269
-0.1502286 0.1585383 1.424272
0.0353117 -0.7527202 2.052174
-0.149555 0.1192288 1.305357
0.05295701 -0.8158302 1.991231
9
0.06007569 -0.003036316 2.091939
-0.02543951 -0.006630385 2.061518
0.1430058 0.001169002 2.047925
-0.07414579 0.09665996 1.652212
0.0668398 -0.3898231 2.014503
-0.09883875 -0.0109606 1.258302
0.03525126 -0.7528515 2.052478
-0.1116687 0.01674443 1.123253
0.05271409 -0.8157284 1.994455
9
0.06007569 -0.003036316 2.091939
-0.02543951 -0.006630385 2.061518
0.1430058 0.001169002 2.047925
-0.07414579 0.09665996 1.652212
0.0668398 -0.3898231 2.014503
-0.09883875 -0.0109606 1.258302
0.03525126 -0.7528515 2.052478
-0.1116687 0.01674443 1.123253
0.05271409 -0.8157284 1.994455
9
0.06746752 -0.007599583 2.10246
-0.0196091 -0.009842021 2.069398
0.1520303 -0.005030354 2.060901
-0.08679672 0.03143942 1.609296
0.06786174 -0.3879726 2.017067
-0.1549761 -0.0979601 1.226565
0.03533763 -0.7530761 2.053094
-0.1538001 -0.1714381 1.191917
0.05231299 -0.8150756 1.994661
9
0.06746752 -0.007599583 2.10246
-0.0196091 -0.009842021 2.069398
0.1520303 -0.005030354 2.060901
-0.08679672 0.03143942 1.609296
0.06786174 -0.3879726 2.017067
-0.1549761 -0.0979601 1.226565
0.03533763 -0.7530761 2.053094
-0.1538001 -0.1714381 1.191917
0.05231299 -0.8150756 1.994661
9
0.06746752 -0.007599583 2.10246
-0.0196091 -0.009842021 2.069398
0.1520303 -0.005030354 2.060901
-0.08679672 0.03143942 1.609296
0.06786174 -0.3879726 2.017067
-0.1549761 -0.0979601 1.226565
0.03533763 -0.7530761 2.053094
-0.1538001 -0.1714381 1.191917
0.05231299 -0.8150756 1.994661
9
0.06746752 -0.007599583 2.10246
-0.0196091 -0.009842021 2.069398
0.1520303 -0.005030354 2.060901
-0.08679672 0.03143942 1.609296
0.06786174 -0.3879726 2.017067
-0.1549761 -0.0979601 1.226565
0.03533763 -0.7530761 2.053094
-0.1538001 -0.1714381 1.191917
0.05231299 -0.8150756 1.994661
9
0.05351905 -0.003870566 2.106851
-0.02815378 -0.004466174 2.070772
0.130975 -0.004041712 2.069298
-0.1049871 -0.083398 1.606277
0.0663088 -0.3888842 2.024596
-0.171848 -0.2563747 1.240047
0.03547799 -0.7536455 2.054123
-0.1648825 -0.2843357 1.121774
0.05237903 -0.8153005 1.993253
9
0.05351905 -0.003870566 2.106851
-0.02815378 -0.004466174 2.070772
0.130975 -0.004041712 2.069298
-0.1049871 -0.083398 1.606277
0.0663088 -0.3888842 2.024596
-0.171848 -0.2563747 1.240047
0.03547799 -0.7536455 2.054123
-0.1648825 -0.2843357 1.121774
0.05237903 -0.8153005 1.993253
9
0.04652284 -0.002878697 2.111273
-0.03405679 -0.0007570243 2.074991
0.1242363 -0.005427036 2.073175
-0.1090682 -0.1296993 1.638414
0.06568085 -0.3894794 2.029489
-0.1621526 -0.4453154 1.380684
0.03507033 -0.7538297 2.055358
-0.1661261 -0.3845532 1.288373
0.05232985 -0.8151746 1.993449
9
0.04652284 -0.002878697 2.111273
-0.03405679 -0.0007570243 2.074991
0.1242363 -0.005427036 2.073175
-0.1090682 -0.1296993 1.638414
0.06568085 -0.3894794 2.029489
-0.1621526 -0.4453154 1.380684
0.03507033 -0.7538297 2.055358
-0.1661261 -0.3845532 1.288373
0.05232985 -0.8151746 1.993449
9
0.04708718 -0.00156392 2.109882
-0.0328362 0.002743657 2.072273
0.1246054 -0.0051642 2.072382
-0.1090508 -0.1727214 1.675423
0.06449279 -0.4024004 2.039361
-0.1655453 -0.4058611 1.482406
0.03505436 -0.7544309 2.058418
-0.1684817 -0.4266493 1.348622
0.05219296 -0.8154743 1.994931
