40
9
0.02547864 0.003198603 2.160437
-0.05268999 0.006744114 2.118068
0.1024998 -0.0002297219 2.127668
-0.1039556 -0.2929315 1.813768
0.05748731 -0.4303007 2.137303
-0.1476513 -0.6339294 1.765839
0.0001533024 -0.7620761 2.162972
-0.1490479 -0.6796875 1.668945
0.01241955 -0.8176526 2.092263
9
0.02547864 0.003198603 2.160437
-0.05268999 0.006744114 2.118068
0.1024998 -0.0002297219 2.127668
-0.1039556 -0.2929315 1.813768
0.05748731 -0.4303007 2.137303
-0.1476513 -0.6339294 1.765839
0.0001533024 -0.7620761 2.162972
-0.1490479 -0.6796875 1.668945
0.01241955 -0.8176526 2.092263
9
0.02547864 0.003198603 2.160437
-0.05268999 0.006744114 2.118068
0.1024998 -0.0002297219 2.127668
-0.1039556 -0.2929315 1.813768
0.05748731 -0.4303007 2.137303
-0.1476513 -0.6339294 1.765839
0.0001533024 -0.7620761 2.162972
-0.1490479 -0.6796875 1.668945
0.01241955 -0.8176526 2.092263
9
0.02176161 0.003789055 2.199595
-0.05939069 0.008129968 2.15843
0.1020026 -0.0006207321 2.165629
-0.1040253 -0.2548556 1.774829
0.05395468 -0.429301 2.132801
-0.1456437 -0.5423735 1.68701
-9.668968E-05 -0.7617816 2.163018
-0.1420898 -0.6015625 1.574219
0.01265641 -0.816981 2.09178
9
0.02176161 0.003789055 2.199595
-0.05939069 0.008129968 2.15843
0.1020026 -0.0006207321 2.165629
-0.1040253 -0.2548556 1.774829
0.05395468 -0.429301 2.132801
-0.1456437 -0.5423735 1.68701
-9.668968E-05 -0.7617816 2.163018
-0.1420898 -0.6015625 1.574219
0.01265641 -0.816981 2.09178
9
0.009224991 0.01528485 2.180961
-0.07676991 0.02413902 2.144707
0.09372114 0.006968354 2.139876
-0.1074739 -0.1110396 1.753733
0.04676454 -0.3907831 2.123431
-0.1317819 -0.4490068 1.61333
0.002098959 -0.7318526 2.158986
-0.1361084 -0.4931641 1.496094
0.01202845 -0.8129613 2.093715
9
0.009224991 0.01528485 2.180961
-0.07676991 0.02413902 2.144707
0.09372114 0.006968354 2.139876
-0.1074739 -0.1110396 1.753733
0.04676454 -0.3907831 2.123431
-0.1317819 -0.4490068 1.61333
0.002098959 -0.7318526 2.158986
-0.1361084 -0.4931641 1.496094
0.01202845 -0.8129613 2.093715
9
0.004117166 0.01564331 2.172068
-0.08201613 0.02461623 2.131152
0.08997056 0.006839985 2.135836
-0.1049878 -0.1340778 1.701921
0.04506258 -0.3946221 2.120572
-0.1509706 -0.3667485 1.505729
-0.001771676 -0.7414303 2.156591
-0.1282919 -0.3905236 1.402214
0.01138385 -0.8127481 2.092852
9
0.004117166 0.01564331 2.172068
-0.08201613 0.02461623 2.131152
0.08997056 0.006839985 2.135836
-0.1049878 -0.1340778 1.701921
0.04506258 -0.3946221 2.120572
-0.1509706 -0.3667485 1.505729
-0.001771676 -0.7414303 2.156591
-0.1282919 -0.3905236 1.402214
0.01138385 -0.8127481 2.092852
9
-0.001481313 0.01700259 2.165505
-0.08657939 0.02577436 2.124773
0.08393822 0.007978096 2.130282
-0.1019709 -0.08285921 1.670763
0.04379807 -0.3922319 2.116051
-0.1480059 -0.3159526 1.474704
-0.002907315 -0.7449349 2.155814
-0.1520912 -0.3198106 1.334715
0.01083538 -0.8127736 2.09274
9
-0.001481313 0.01700259 2.165505
-0.08657939 0.02577436 2.124773
0.08393822 0.007978096 2.130282
-0.1019709 -0.08285921 1.670763
0.04379807 -0.3922319 2.116051
-0.1480059 -0.3159526 1.474704
-0.002907315 -0.7449349 2.155814
-0.1520912 -0.3198106 1.334715
0.01083538 -0.8127736 2.09274
9
-0.006414541 0.0178428 2.163122
-0.09191401 0.02724152 2.122362
0.07944343 0.008114777 2.128127
-0.09545337 -0.01853418 1.661065
0.04378422 -0.39046 2.111089
-0.1415524 -0.252042 1.46523
-0.003120609 -0.7486426 2.151953
-0.1486125 -0.2275995 1.32617
0.01020594 -0.8129365 2.093413
9
-0.006414541 0.0178428 2.163122
-0.09191401 0.02724152 2.122362
0.07944343 0.008114777 2.128127
-0.09545337 -0.01853418 1.661065
0.04378422 -0.39046 2.111089
-0.1415524 -0.252042 1.46523
-0.003120609 -0.7486426 2.151953
-0.1486125 -0.2275995 1.32617
0.01020594 -0.8129365 2.093413
9
0.02253905 0.02301939 2.135578
-0.06564385 0.02893208 2.091834
0.1100387 0.01632075 2.103802
-0.07800726 0.04315228 1.681588
0.0458394 -0.384756 2.100048
-0.1166911 -0.1382167 1.434972
-0.003701325 -0.7502008 2.147833
-0.1364745 -0.1252251 1.296301
0.01115086 -0.8143479 2.09273
9
0.02253905 0.02301939 2.135578
-0.06564385 0.02893208 2.091834
0.1100387 0.01632075 2.103802
-0.07800726 0.04315228 1.681588
0.0458394 -0.384756 2.100048
-0.1166911 -0.1382167 1.434972
-0.003701325 -0.7502008 2.147833
-0.1364745 -0.1252251 1.296301
0.01115086 -0.8143479 2.09273
9
0.02253905 0.02301939 2.135578
-0.06564385 0.02893208 2.091834
0.1100387 0.01632075 2.103802
-0.07800726 0.04315228 1.681588
0.0458394 -0.384756 2.100048
-0.1166911 -0.1382167 1.434972
-0.003701325 -0.7502008 2.147833
-0.1364745 -0.1252251 1.296301
0.01115086 -0.8143479 2.09273
9
0.02253905 0.02301939 2.135578
-0.06564385 0.02893208 2.091834
0.1100387 0.01632075 2.103802
-0.07800726 0.04315228 1.681588
0.0458394 -0.384756 2.100048
-0.1166911 -0.1382167 1.434972
-0.003701325 -0.7502008 2.147833
-0.1364745 -0.1252251 1.296301
0.01115086 -0.8143479 2.09273
9
0.05242956 0.003174165 2.12595
-0.02139049 -0.003848159 2.078223
0.1251486 0.008207933 2.098449
-0.06871443 0.07200727 1.656714
0.0450576 -0.3831993 2.089583
-0.1074581 -0.1095573 1.410191
-0.003212689 -0.7538201 2.140892
-0.1274221 -0.09723754 1.271447
0.01282083 -0.8159572 2.089827
9
0.05242956 0.003174165 2.12595
-0.02139049 -0.003848159 2.078223
0.1251486 0.008207933 2.098449
-0.06871443 0.07200727 1.656714
0.0450576 -0.3831993 2.089583
-0.1074581 -0.1095573 1.410191
-0.003212689 -0.7538201 2.140892
-0.1274221 -0.09723754 1.271447
0.01282083 -0.8159572 2.089827
9
0.04651031 -0.001274951 2.129212
-0.02915628 -0.005336707 2.081855
0.1203289 0.001172282 2.101697
-0.0770866 0.07247294 1.651538
0.0440534 -0.3818771 2.08283
-0.1158026 -0.109109 1.405009
-0.002797636 -0.7541476 2.136636
-0.1355413 -0.09679175 1.266282
0.01280517 -0.8171365 2.08966
9
0.06131676 0.00693316 2.13167
-0.02310373 -0.001947 2.08352
0.1478519 0.01758534 2.104668
-0.08808376 0.08378255 1.6478
0.04370897 -0.3812976 2.080169
-0.1267634 -0.09785169 1.4013
-0.00269678 -0.7542474 2.135812
-0.1462098 -0.08581989 1.262577
0.01321399 -0.8161623 2.083626
9
0.06131676 0.00693316 2.13167
-0.02310373 -0.001947 2.08352
0.1478519 0.01758534 2.104668
-0.08808376 0.08378255 1.6478
0.04370897 -0.3812976 2.080169
-0.1267634 -0.09785169 1.4013
-0.00269678 -0.7542474 2.135812
-0.1462098 -0.08581989 1.262577
0.01321399 -0.8161623 2.083626
9
0.0673485 0.006046039 2.132547
-0.01652826 -0.00339586 2.08466
0.1508755 0.01681448 2.105139
-0.08789179 0.08175542 1.646541
0.043292 -0.3809397 2.077839
-0.1265727 -0.09987559 1.400034
-0.002508268 -0.7548596 2.134551
-0.1460213 -0.08778911 1.261315
0.0140342 -0.8165413 2.082229
9
0.0673485 0.006046039 2.132547
-0.01652826 -0.00339586 2.08466
0.1508755 0.01681448 2.105139
-0.08789179 0.08175542 1.646541
0.043292 -0.3809397 2.077839
-0.1265727 -0.09987559 1.400034
-0.002508268 -0.7548596 2.134551
-0.1460213 -0.08778911 1.261315
0.0140342 -0.8165413 2.082229
9
0.0703512 0.005395785 2.133126
-0.01352558 -0.004211583 2.085325
0.1529778 0.01608291 2.105585
-0.08742597 0.07971087 1.645797
0.04307837 -0.3804485 2.076368
-0.1261087 -0.1019151 1.399283
-0.002606535 -0.7551157 2.134116
-0.1455679 -0.0897744 1.260567
0.01338694 -0.8169905 2.082126
9
0.0703512 0.005395785 2.133126
-0.01352558 -0.004211583 2.085325
0.1529778 0.01608291 2.105585
-0.08742597 0.07971087 1.645797
0.04307837 -0.3804485 2.076368
-0.1261087 -0.1019151 1.399283
-0.002606535 -0.7551157 2.134116
-0.1455679 -0.0897744 1.260567
0.01338694 -0.8169905 2.082126
9
0.0703512 0.005395785 2.133126
-0.01352558 -0.004211583 2.085325
0.1529778 0.01608291 2.105585
-0.08742597 0.07971087 1.645797
0.04307837 -0.3804485 2.076368
-0.1261087 -0.1019151 1.399283
-0.002606535 -0.7551157 2.134116
-0.1455679 -0.0897744 1.260567
0.01338694 -0.8169905 2.082126
9
0.0703512 0.005395785 2.133126
-0.01352558 -0.004211583 2.085325
0.1529778 0.01608291 2.105585
-0.08742597 0.07971087 1.645797
0.04307837 -0.3804485 2.076368
-0.1261087 -0.1019151 1.399283
-0.002606535 -0.7551157 2.134116
-0.1455679 -0.0897744 1.260567
0.01338694 -0.8169905 2.082126
9
0.07448317 0.004230025 2.135554
-0.009757901 -0.004997494 2.087425
0.1568184 0.01418659 2.108323
-0.07875486 0.07208478 1.649169
0.04059477 -0.3919588 2.077727
-0.1174662 -0.1095033 1.402638
-0.003463004 -0.7566658 2.133749
-0.1371571 -0.09717144 1.263916
0.01288122 -0.8179663 2.079854
9
0.07448317 0.004230025 2.135554
-0.009757901 -0.004997494 2.087425
0.1568184 0.01418659 2.108323
-0.07875486 0.07208478 1.649169
0.04059477 -0.3919588 2.077727
-0.1174662 -0.1095033 1.402638
-0.003463004 -0.7566658 2.133749
-0.1371571 -0.09717144 1.263916
0.01288122 -0.8179663 2.079854
9
0.07448317 0.004230025 2.135554
-0.009757901 -0.004997494 2.087425
0.1568184 0.01418659 2.108323
-0.07875486 0.07208478 1.649169
0.04059477 -0.3919588 2.077727
-0.1174662 -0.1095033 1.402638
-0.003463004 -0.7566658 2.133749
-0.1371571 -0.09717144 1.263916
0.01288122 -0.8179663 2.079854
9
0.07946905 0.003100603 2.139658
-0.00481932 -0.005487651 2.091645
0.1613964 0.0121518 2.11235
-0.07501259 0.07937703 1.688851
0.04115533 -0.3916067 2.077678
-0.1137105 -0.1021088 1.442353
-0.003476092 -0.7569042 2.133439
-0.1335775 -0.09003957 1.303597
0.01323551 -0.8182688 2.080131
9
0.09531378 -0.002124147 2.150828
0.01509254 -0.007580805 2.104322
0.1733219 0.003915343 2.122578
-0.08477204 0.06161683 1.681602
0.04272394 -0.3896891 2.078479
-0.1211919 -0.124857 1.438475
-0.003531533 -0.7569959 2.133608
-0.1402383 -0.1050855 1.300555
0.01412178 -0.8182096 2.08057
9
0.09531378 -0.002124147 2.150828
0.01509254 -0.007580805 2.104322
0.1733219 0.003915343 2.122578
-0.08477204 0.06161683 1.681602
0.04272394 -0.3896891 2.078479
-0.1211919 -0.124857 1.438475
-0.003531533 -0.7569959 2.133608
-0.1402383 -0.1050855 1.300555
0.01412178 -0.8182096 2.08057
9
0.09531378 -0.002124147 2.150828
0.01509254 -0.007580805 2.104322
0.1733219 0.003915343 2.122578
-0.08477204 0.06161683 1.681602
0.04272394 -0.3896891 2.078479
-0.1211919 -0.124857 1.438475
-0.003531533 -0.7569959 2.133608
-0.1402383 -0.1050855 1.300555
0.01412178 -0.8182096 2.08057
9
0.09867468 -0.006925611 2.157519
0.01930333 -0.01238106 2.112496
0.1753626 -0.0008175853 2.127718
-0.1026671 -0.01736283 1.636635
0.04321887 -0.3892856 2.079507
-0.1367458 -0.2042111 1.393317
-0.003782418 -0.7569857 2.133807
-0.1625423 -0.1958648 1.256208
0.01372824 -0.8186532 2.082515
9
0.1010104 -0.008902615 2.162693
0.02244784 -0.01369778 2.118139
0.1766342 -0.00347187 2.132362
-0.1131814 -0.06155813 1.661001
0.04284508 -0.3881702 2.083273
-0.1471864 -0.248115 1.417551
-0.003592267 -0.7570124 2.133969
-0.1267217 -0.2777601 1.29916
0.01651264 -0.8184314 2.080908
9
0.1010104 -0.008902615 2.162693
0.02244784 -0.01369778 2.118139
0.1766342 -0.00347187 2.132362
-0.1131814 -0.06155813 1.661001
0.04284508 -0.3881702 2.083273
-0.1471864 -0.248115 1.417551
-0.003592267 -0.7570124 2.133969
-0.1267217 -0.2777601 1.29916
0.01651264 -0.8184314 2.080908
9
0.01692425 -0.004041458 2.16612
-0.06026281 -0.0008870205 2.124229
0.0935077 -0.007054857 2.132754
-0.1202391 -0.1216847 1.67945
0.0419944 -0.3895029 2.088312
-0.1786079 -0.3012514 1.435578
-0.00576201 -0.7569581 2.137334
-0.1569883 -0.33008 1.31775
0.01297956 -0.8179104 2.084206
9
0.01692425 -0.004041458 2.16612
-0.06026281 -0.0008870205 2.124229
0.0935077 -0.007054857 2.132754
-0.1202391 -0.1216847 1.67945
0.0419944 -0.3895029 2.088312
-0.1786079 -0.3012514 1.435578
-0.00576201 -0.7569581 2.137334
-0.1569883 -0.33008 1.31775
0.01297956 -0.8179104 2.084206
