40
9
0.2287891 -0.02516233 1.673625
0.1405287 -0.0208072 1.635377
0.306571 -0.02851979 1.636366
0.1367358 -0.4655462 1.609412
0.2386404 -0.4851927 1.66512
0.08391023 -0.7794522 1.585999
0.1843104 -0.8059341 1.631877
0.09070417 -0.8094837 1.446991
0.2292361 -0.8466378 1.534982
9
0.2287891 -0.02516233 1.673625
0.1405287 -0.0208072 1.635377
0.306571 -0.02851979 1.636366
0.1367358 -0.4655462 1.609412
0.2386404 -0.4851927 1.66512
0.08391023 -0.7794522 1.585999
0.1843104 -0.8059341 1.631877
0.09070417 -0.8094837 1.446991
0.2292361 -0.8466378 1.534982
9
0.2287891 -0.02516233 1.673625
0.1405287 -0.0208072 1.635377
0.306571 -0.02851979 1.636366
0.1367358 -0.4655462 1.609412
0.2386404 -0.4851927 1.66512
0.08391023 -0.7794522 1.585999
0.1843104 -0.8059341 1.631877
0.09070417 -0.8094837 1.446991
0.2292361 -0.8466378 1.534982
9
0.2292529 -0.02503518 1.672112
0.1407983 -0.02037214 1.633806
0.3072267 -0.02867098 1.63491
0.1201427 -0.4344784 1.540446
0.245637 -0.4862917 1.66305
0.07903995 -0.770611 1.56757
0.1881052 -0.8060349 1.632607
0.0856508 -0.8004604 1.428463
0.2295373 -0.8477129 1.534095
9
0.2292529 -0.02503518 1.672112
0.1407983 -0.02037214 1.633806
0.3072267 -0.02867098 1.63491
0.1201427 -0.4344784 1.540446
0.245637 -0.4862917 1.66305
0.07903995 -0.770611 1.56757
0.1881052 -0.8060349 1.632607
0.0856508 -0.8004604 1.428463
0.2295373 -0.8477129 1.534095
9
0.2298494 -0.02465824 1.671175
0.140995 -0.01962431 1.632852
0.3083455 -0.02863977 1.633868
0.1033273 -0.4107874 1.487812
0.2500727 -0.4866589 1.662206
0.07217007 -0.7582815 1.536842
0.1904369 -0.8045902 1.633067
0.07852603 -0.7879156 1.39766
0.0993042 -0.8442383 1.521484
9
0.2298494 -0.02465824 1.671175
0.140995 -0.01962431 1.632852
0.3083455 -0.02863977 1.633868
0.1033273 -0.4107874 1.487812
0.2500727 -0.4866589 1.662206
0.07217007 -0.7582815 1.536842
0.1904369 -0.8045902 1.633067
0.07852603 -0.7879156 1.39766
0.0993042 -0.8442383 1.521484
9
0.2298494 -0.02465824 1.671175
0.140995 -0.01962431 1.632852
0.3083455 -0.02863977 1.633868
0.1033273 -0.4107874 1.487812
0.2500727 -0.4866589 1.662206
0.07217007 -0.7582815 1.536842
0.1904369 -0.8045902 1.633067
0.07852603 -0.7879156 1.39766
0.0993042 -0.8442383 1.521484
9
0.2299921 -0.02442821 1.670564
0.1408346 -0.01899944 1.632373
0.308876 -0.02878965 1.632918
0.09757761 -0.3615108 1.417749
0.2543217 -0.4815553 1.659426
0.08219638 -0.6820737 1.412153
0.1939049 -0.8048183 1.63066
0.08616341 -0.7117071 1.272596
0.1053566 -0.8460848 1.527639
9
0.2299921 -0.02442821 1.670564
0.1408346 -0.01899944 1.632373
0.308876 -0.02878965 1.632918
0.09757761 -0.3615108 1.417749
0.2543217 -0.4815553 1.659426
0.08219638 -0.6820737 1.412153
0.1939049 -0.8048183 1.63066
0.08616341 -0.7117071 1.272596
0.1053566 -0.8460848 1.527639
9
0.2299578 -0.0234387 1.669635
0.1401886 -0.01730326 1.631759
0.3093568 -0.0282458 1.631572
0.09030773 -0.3278399 1.371059
0.2558869 -0.4785106 1.65712
0.07662638 -0.6245301 1.335202
0.1991468 -0.8030365 1.626698
0.07838424 -0.6544096 1.195271
0.1055374 -0.8464473 1.529134
9
0.2299578 -0.0234387 1.669635
0.1401886 -0.01730326 1.631759
0.3093568 -0.0282458 1.631572
0.09030773 -0.3278399 1.371059
0.2558869 -0.4785106 1.65712
0.07662638 -0.6245301 1.335202
0.1991468 -0.8030365 1.626698
0.07838424 -0.6544096 1.195271
0.1055374 -0.8464473 1.529134
9
0.2280253 -0.02161008 1.667196
0.136522 -0.0140177 1.629736
0.3086393 -0.02751847 1.62874
0.08669247 -0.2748322 1.331353
0.2059627 -0.408904 1.556051
0.06806123 -0.5640613 1.245552
0.2019231 -0.7900731 1.623653
0.05847736 -0.6102311 1.135301
0.2352289 -0.8404384 1.528281
9
0.2280253 -0.02161008 1.667196
0.136522 -0.0140177 1.629736
0.3086393 -0.02751847 1.62874
0.08669247 -0.2748322 1.331353
0.2059627 -0.408904 1.556051
0.06806123 -0.5640613 1.245552
0.2019231 -0.7900731 1.623653
0.05847736 -0.6102311 1.135301
0.2352289 -0.8404384 1.528281
9
0.2257262 -0.02036187 1.665333
0.1333913 -0.0123463 1.628993
0.3071384 -0.02678989 1.625661
0.08205798 -0.2393252 1.288576
0.2507161 -0.4682548 1.634745
0.03940091 -0.4961221 1.144551
0.2017277 -0.799395 1.626698
0.04258139 -0.521228 1.020664
0.2348989 -0.8423219 1.524331
9
0.2257262 -0.02036187 1.665333
0.1333913 -0.0123463 1.628993
0.3071384 -0.02678989 1.625661
0.08205798 -0.2393252 1.288576
0.2507161 -0.4682548 1.634745
0.03940091 -0.4961221 1.144551
0.2017277 -0.799395 1.626698
0.04258139 -0.521228 1.020664
0.2348989 -0.8423219 1.524331
9
0.2244248 -0.01967149 1.663232
0.1313958 -0.01147961 1.627532
0.306698 -0.02643497 1.622916
0.07437614 -0.2106159 1.241846
0.2499558 -0.4692063 1.634098
0.01976414 -0.4366237 1.053382
0.1970898 -0.8017097 1.62476
0.02250671 -0.4355469 0.9047852
0.1413574 -0.8476563 1.529297
9
0.2244248 -0.01967149 1.663232
0.1313958 -0.01147961 1.627532
0.306698 -0.02643497 1.622916
0.07437614 -0.2106159 1.241846
0.2499558 -0.4692063 1.634098
0.01976414 -0.4366237 1.053382
0.1970898 -0.8017097 1.62476
0.02250671 -0.4355469 0.9047852
0.1413574 -0.8476563 1.529297
9
0.2256538 -0.02062331 1.656624
0.1318573 -0.01305645 1.620494
0.3087146 -0.02694034 1.617014
0.06786068 -0.1562004 1.209917
0.2476695 -0.4704104 1.631332
0.02070108 -0.4606701 0.9708965
0.1919909 -0.8067039 1.632299
-0.02336121 -0.3752441 0.8637695
0.1374333 -0.8479469 1.531332
9
0.2256538 -0.02062331 1.656624
0.1318573 -0.01305645 1.620494
0.3087146 -0.02694034 1.617014
0.06786068 -0.1562004 1.209917
0.2476695 -0.4704104 1.631332
0.02070108 -0.4606701 0.9708965
0.1919909 -0.8067039 1.632299
-0.02336121 -0.3752441 0.8637695
0.1374333 -0.8479469 1.531332
9
0.2186625 -0.01753701 1.657844
0.1177161 -0.003328881 1.628803
0.305365 -0.02707503 1.615063
0.06236993 -0.09392104 1.182832
0.2456951 -0.4635415 1.624125
0.01519642 -0.3993492 0.944204
0.1904656 -0.8050656 1.633466
-0.009827185 -0.2868767 0.8233328
0.1367297 -0.8484244 1.53273
9
0.2186625 -0.01753701 1.657844
0.1177161 -0.003328881 1.628803
0.305365 -0.02707503 1.615063
0.06236993 -0.09392104 1.182832
0.2456951 -0.4635415 1.624125
0.01519642 -0.3993492 0.944204
0.1904656 -0.8050656 1.633466
-0.009827185 -0.2868767 0.8233328
0.1367297 -0.8484244 1.53273
9
0.2196281 -0.01771176 1.656629
0.1207392 -0.004848913 1.627265
0.306288 -0.02710511 1.612175
0.07450451 -0.02649049 1.183921
0.2442125 -0.4520042 1.615195
0.02728113 -0.33257 0.9459993
0.1899229 -0.8023218 1.634716
0.02302534 -0.2216882 0.8215863
0.1360576 -0.8482638 1.533165
9
0.2196281 -0.01771176 1.656629
0.1207392 -0.004848913 1.627265
0.306288 -0.02710511 1.612175
0.07450451 -0.02649049 1.183921
0.2442125 -0.4520042 1.615195
0.02728113 -0.33257 0.9459993
0.1899229 -0.8023218 1.634716
0.02302534 -0.2216882 0.8215863
0.1360576 -0.8482638 1.533165
9
0.2491177 -0.0237311 1.621598
0.1600226 -0.02565214 1.588865
0.3272414 -0.02218035 1.57948
0.09725856 0.02485567 1.1946
0.2435364 -0.4397026 1.605541
0.005109807 -0.07015973 0.8173681
0.1904696 -0.7988125 1.632082
-0.03070192 -0.1327573 0.7164209
0.1378254 -0.8477721 1.532985
9
0.2491177 -0.0237311 1.621598
0.1600226 -0.02565214 1.588865
0.3272414 -0.02218035 1.57948
0.09725856 0.02485567 1.1946
0.2435364 -0.4397026 1.605541
0.005109807 -0.07015973 0.8173681
0.1904696 -0.7988125 1.632082
-0.03070192 -0.1327573 0.7164209
0.1378254 -0.8477721 1.532985
9
0.2541997 -0.02367495 1.621957
0.1646545 -0.02697558 1.590685
0.333136 -0.02008319 1.578211
0.1151885 0.01774137 1.200004
0.242117 -0.4267382 1.595651
0.01109815 -0.04910095 0.8201658
0.1920794 -0.7936722 1.627559
0.01683941 -0.145124 0.7867417
0.1645793 -0.8464845 1.528235
9
0.2541997 -0.02367495 1.621957
0.1646545 -0.02697558 1.590685
0.333136 -0.02008319 1.578211
0.1151885 0.01774137 1.200004
0.242117 -0.4267382 1.595651
0.01109815 -0.04910095 0.8201658
0.1920794 -0.7936722 1.627559
0.01683941 -0.145124 0.7867417
0.1645793 -0.8464845 1.528235
9
0.2608052 -0.02843193 1.628259
0.1727162 -0.03689443 1.600991
0.3376992 -0.02092563 1.581575
0.1325592 -0.03736572 1.224249
0.2412477 -0.4244933 1.591517
0.02093139 -0.08642378 0.8438497
0.188855 -0.7975971 1.630251
-0.01055145 -0.001430511 0.7348633
0.1659198 -0.8474239 1.526642
9
0.2608052 -0.02843193 1.628259
0.1727162 -0.03689443 1.600991
0.3376992 -0.02092563 1.581575
0.1325592 -0.03736572 1.224249
0.2412477 -0.4244933 1.591517
0.02093139 -0.08642378 0.8438497
0.188855 -0.7975971 1.630251
-0.01055145 -0.001430511 0.7348633
0.1659198 -0.8474239 1.526642
9
0.2600156 -0.02826943 1.628548
0.1712696 -0.0366996 1.600884
0.3371077 -0.02044207 1.582119
0.1162362 -0.03724735 1.217762
0.2400296 -0.4232627 1.588182
0.03025796 0.04374281 0.836282
0.1874932 -0.799934 1.629168
-0.001757875 0.1303943 0.7046824
0.1652634 -0.849937 1.525609
9
0.2600156 -0.02826943 1.628548
0.1712696 -0.0366996 1.600884
0.3371077 -0.02044207 1.582119
0.1162362 -0.03724735 1.217762
0.2400296 -0.4232627 1.588182
0.03025796 0.04374281 0.836282
0.1874932 -0.799934 1.629168
-0.001757875 0.1303943 0.7046824
0.1652634 -0.849937 1.525609
9
0.2588803 -0.02768953 1.628688
0.1694314 -0.03577339 1.600404
0.3362598 -0.01974164 1.582597
0.1118893 -0.03530291 1.215673
0.2391104 -0.423393 1.585269
0.02408283 -0.02170644 0.8538399
0.1894934 -0.7990733 1.622986
-0.01239777 0.04733276 0.7260742
0.1664145 -0.8527123 1.523307
9
0.2588803 -0.02768953 1.628688
0.1694314 -0.03577339 1.600404
0.3362598 -0.01974164 1.582597
0.1118893 -0.03530291 1.215673
0.2391104 -0.423393 1.585269
0.02408283 -0.02170644 0.8538399
0.1894934 -0.7990733 1.622986
-0.01239777 0.04733276 0.7260742
0.1664145 -0.8527123 1.523307
9
0.2587282 -0.0276641 1.628734
0.1689864 -0.03569339 1.6001
0.336172 -0.01961031 1.582931
0.1116199 -0.03502942 1.215433
0.2386556 -0.4230435 1.583604
0.0235427 -0.02193332 0.854669
0.1889628 -0.7996349 1.623344
-0.01285087 0.04765202 0.7258614
0.1674328 -0.8528277 1.522819
9
0.2587282 -0.0276641 1.628734
0.1689864 -0.03569339 1.6001
0.336172 -0.01961031 1.582931
0.1116199 -0.03502942 1.215433
0.2386556 -0.4230435 1.583604
0.0235427 -0.02193332 0.854669
0.1889628 -0.7996349 1.623344
-0.01285087 0.04765202 0.7258614
0.1674328 -0.8528277 1.522819
9
0.2587282 -0.0276641 1.628734
0.1689864 -0.03569339 1.6001
0.336172 -0.01961031 1.582931
0.1116199 -0.03502942 1.215433
0.2386556 -0.4230435 1.583604
0.0235427 -0.02193332 0.854669
0.1889628 -0.7996349 1.623344
-0.01285087 0.04765202 0.7258614
0.1674328 -0.8528277 1.522819
9
0.2582442 -0.02808299 1.629078
0.1682659 -0.03611996 1.59991
0.3358584 -0.0199678 1.583911
0.1111313 -0.03501075 1.215492
0.2386065 -0.4228582 1.582547
0.02236464 -0.02272396 0.8563131
0.1888606 -0.79985 1.623531
-0.01655449 0.04244187 0.7259375
0.1706799 -0.8526796 1.521853
9
0.2551366 -0.03063803 1.631487
0.165051 -0.03880831 1.601369
0.3332548 -0.02182277 1.586937
0.09917995 -0.05026542 1.220078
0.2385801 -0.4227147 1.582169
0.00880834 -0.0423127 0.8655192
0.193249 -0.7966825 1.619751
-0.02865728 0.01746441 0.7238536
0.1715855 -0.8521215 1.521624
9
0.2551366 -0.03063803 1.631487
0.165051 -0.03880831 1.601369
0.3332548 -0.02182277 1.586937
0.09917995 -0.05026542 1.220078
0.2385801 -0.4227147 1.582169
0.00880834 -0.0423127 0.8655192
0.193249 -0.7966825 1.619751
-0.02865728 0.01746441 0.7238536
0.1715855 -0.8521215 1.521624
