40
9
0.0348176 0.01318157 1.980408
-0.04181809 0.01387805 1.937322
0.1102675 0.01198565 1.948013
-0.1059005 -0.3542653 1.725371
0.09000317 -0.4224893 1.960754
-0.1744068 -0.7185413 1.735852
0.04709981 -0.7525919 1.966853
-0.1857172 -0.7672224 1.661492
0.05992997 -0.8158415 1.899552
9
0.03523658 0.01350261 1.980106
-0.04190596 0.01432861 1.937311
0.1118903 0.0121858 1.946999
-0.1000456 -0.2978102 1.631919
0.08839184 -0.4181435 1.934241
-0.1483378 -0.607823 1.580939
0.04614938 -0.7548395 1.966401
-0.1306414 -0.6303039 1.466003
0.06265411 -0.8191713 1.886826
9
0.03523658 0.01350261 1.980106
-0.04190596 0.01432861 1.937311
0.1118903 0.0121858 1.946999
-0.1000456 -0.2978102 1.631919
0.08839184 -0.4181435 1.934241
-0.1483378 -0.607823 1.580939
0.04614938 -0.7548395 1.966401
-0.1306414 -0.6303039 1.466003
0.06265411 -0.8191713 1.886826
9
0.03331555 0.01465597 1.981953
-0.04843283 0.01979001 1.944498
0.1116976 0.01203562 1.947059
-0.09586062 -0.254915 1.588152
0.08564283 -0.4210142 1.9252
-0.1452974 -0.5344972 1.489415
0.04582976 -0.7551628 1.964216
-0.1447754 -0.5639648 1.381836
0.06372459 -0.8199271 1.88283
9
0.03331555 0.01465597 1.981953
-0.04843283 0.01979001 1.944498
0.1116976 0.01203562 1.947059
-0.09586062 -0.254915 1.588152
0.08564283 -0.4210142 1.9252
-0.1452974 -0.5344972 1.489415
0.04582976 -0.7551628 1.964216
-0.1447754 -0.5639648 1.381836
0.06372459 -0.8199271 1.88283
9
0.03367821 0.01505627 1.981471
-0.04835577 0.019951 1.944257
0.1131927 0.012347 1.945394
-0.09525796 -0.2082823 1.547312
0.08148122 -0.4201414 1.917649
-0.1459474 -0.4655871 1.395435
0.04493905 -0.7555404 1.961987
-0.1325684 -0.4724121 1.28125
0.06408945 -0.8200856 1.881231
9
0.03367821 0.01505627 1.981471
-0.04835577 0.019951 1.944257
0.1131927 0.012347 1.945394
-0.09525796 -0.2082823 1.547312
0.08148122 -0.4201414 1.917649
-0.1459474 -0.4655871 1.395435
0.04493905 -0.7555404 1.961987
-0.1325684 -0.4724121 1.28125
0.06408945 -0.8200856 1.881231
9
0.03310698 0.01536323 1.981088
-0.04988091 0.02028985 1.943663
0.113233 0.01238512 1.944884
-0.09224698 -0.1562461 1.514288
0.07770557 -0.4142237 1.912933
-0.1328623 -0.3768975 1.308065
0.04345473 -0.7562462 1.962707
-0.1334419 -0.3959217 1.202839
0.06418969 -0.8202184 1.881149
9
0.03310698 0.01536323 1.981088
-0.04988091 0.02028985 1.943663
0.113233 0.01238512 1.944884
-0.09224698 -0.1562461 1.514288
0.07770557 -0.4142237 1.912933
-0.1328623 -0.3768975 1.308065
0.04345473 -0.7562462 1.962707
-0.1334419 -0.3959217 1.202839
0.06418969 -0.8202184 1.881149
9
0.02338677 0.01715055 1.979524
-0.06338871 0.02291656 1.940749
0.1079976 0.01254383 1.943845
-0.0880274 -0.1022885 1.484161
0.07591844 -0.3961523 1.903721
-0.1287129 -0.3234403 1.278103
0.04181564 -0.7543676 1.960497
-0.1377273 -0.3277227 1.141423
0.06416847 -0.8204033 1.881131
9
0.02338677 0.01715055 1.979524
-0.06338871 0.02291656 1.940749
0.1079976 0.01254383 1.943845
-0.0880274 -0.1022885 1.484161
0.07591844 -0.3961523 1.903721
-0.1287129 -0.3234403 1.278103
0.04181564 -0.7543676 1.960497
-0.1377273 -0.3277227 1.141423
0.06416847 -0.8204033 1.881131
9
0.01759102 0.01775432 1.980819
-0.06975071 0.02342114 1.942249
0.1037817 0.01263101 1.944611
-0.08033367 -0.02819251 1.485258
0.07629092 -0.3912537 1.900593
-0.102751 -0.2172841 1.246701
0.04189814 -0.7546285 1.957476
-0.1292983 -0.2253532 1.113134
0.06424799 -0.8206015 1.881249
9
0.01759102 0.01775432 1.980819
-0.06975071 0.02342114 1.942249
0.1037817 0.01263101 1.944611
-0.08033367 -0.02819251 1.485258
0.07629092 -0.3912537 1.900593
-0.102751 -0.2172841 1.246701
0.04189814 -0.7546285 1.957476
-0.1292983 -0.2253532 1.113134
0.06424799 -0.8206015 1.881249
9
0.07568172 0.01941411 1.927122
-0.008294268 0.01151606 1.881742
0.1566558 0.02655013 1.897294
-0.06840105 0.008276098 1.46757
0.07682236 -0.3888395 1.898244
-0.08711525 -0.1684862 1.21945
0.0408467 -0.7557756 1.955009
-0.1250607 -0.148337 1.08982
0.06673398 -0.8223179 1.879611
9
0.07568172 0.01941411 1.927122
-0.008294268 0.01151606 1.881742
0.1566558 0.02655013 1.897294
-0.06840105 0.008276098 1.46757
0.07682236 -0.3888395 1.898244
-0.08711525 -0.1684862 1.21945
0.0408467 -0.7557756 1.955009
-0.1250607 -0.148337 1.08982
0.06673398 -0.8223179 1.879611
9
0.07316455 0.00245714 1.930863
-0.006714854 -0.02349355 1.885361
0.1525208 0.02055096 1.900684
-0.05479063 0.04706812 1.470302
0.07713912 -0.3908504 1.896158
-0.07630031 -0.1363087 1.227269
0.04151321 -0.7547899 1.948745
-0.1067851 -0.08632868 1.104797
0.06692026 -0.8224634 1.879136
9
0.07316455 0.00245714 1.930863
-0.006714854 -0.02349355 1.885361
0.1525208 0.02055096 1.900684
-0.05479063 0.04706812 1.470302
0.07713912 -0.3908504 1.896158
-0.07630031 -0.1363087 1.227269
0.04151321 -0.7547899 1.948745
-0.1067851 -0.08632868 1.104797
0.06692026 -0.8224634 1.879136
9
0.07433536 -0.003888858 1.935308
-0.005532642 -0.02707465 1.887765
0.1523461 0.01585622 1.906547
-0.04573446 0.08254384 1.475497
0.07700644 -0.3913687 1.893894
-0.06569858 -0.09761405 1.230035
0.0400114 -0.7544095 1.944455
-0.09930475 -0.05330079 1.106264
0.06690042 -0.8224716 1.879101
9
0.07433536 -0.003888858 1.935308
-0.005532642 -0.02707465 1.887765
0.1523461 0.01585622 1.906547
-0.04573446 0.08254384 1.475497
0.07700644 -0.3913687 1.893894
-0.06569858 -0.09761405 1.230035
0.0400114 -0.7544095 1.944455
-0.09930475 -0.05330079 1.106264
0.06690042 -0.8224716 1.879101
9
0.07395009 -0.004975182 1.935938
-0.005859366 -0.02769375 1.887989
0.151788 0.01501516 1.907834
-0.03892119 0.1161649 1.48687
0.07646801 -0.3866175 1.890015
-0.05963333 -0.066291 1.243245
0.03952719 -0.7543087 1.940594
-0.08555837 -0.01399162 1.121263
0.06662475 -0.8224534 1.878825
9
0.07395009 -0.004975182 1.935938
-0.005859366 -0.02769375 1.887989
0.151788 0.01501516 1.907834
-0.03892119 0.1161649 1.48687
0.07646801 -0.3866175 1.890015
-0.05963333 -0.066291 1.243245
0.03952719 -0.7543087 1.940594
-0.08555837 -0.01399162 1.121263
0.06662475 -0.8224534 1.878825
9
0.07406529 -0.00546501 1.935804
-0.005683055 -0.02799821 1.887819
0.1517424 0.0148029 1.90784
-0.02473653 0.1433143 1.540786
0.0759906 -0.3890289 1.888508
-0.04527373 -0.03832769 1.296744
0.0391355 -0.7544878 1.937713
-0.07250131 0.01034725 1.173408
0.06610917 -0.8223141 1.879303
9
0.07406529 -0.00546501 1.935804
-0.005683055 -0.02799821 1.887819
0.1517424 0.0148029 1.90784
-0.02473653 0.1433143 1.540786
0.0759906 -0.3890289 1.888508
-0.04527373 -0.03832769 1.296744
0.0391355 -0.7544878 1.937713
-0.07250131 0.01034725 1.173408
0.06610917 -0.8223141 1.879303
9
0.07462789 -0.007264842 1.936055
-0.005069331 -0.02945489 1.887938
0.1519783 0.01352909 1.908281
-0.0245618 0.141627 1.538789
0.07485572 -0.3904783 1.887052
-0.04510047 -0.04001737 1.294741
0.03957272 -0.7537556 1.935552
-0.07107654 -0.001487512 1.166167
0.0647566 -0.8223053 1.878341
9
0.07462789 -0.007264842 1.936055
-0.005069331 -0.02945489 1.887938
0.1519783 0.01352909 1.908281
-0.0245618 0.141627 1.538789
0.07485572 -0.3904783 1.887052
-0.04510047 -0.04001737 1.294741
0.03957272 -0.7537556 1.935552
-0.07107654 -0.001487512 1.166167
0.0647566 -0.8223053 1.878341
9
0.07391495 -0.00889024 1.937082
-0.005710366 -0.03095823 1.889104
0.1511522 0.01224882 1.909248
-0.02764234 0.1109782 1.510545
0.07455826 -0.390277 1.886837
-0.048182 -0.07067781 1.266381
0.0396056 -0.7532194 1.934217
-0.07459789 -0.01980025 1.143557
0.06474689 -0.8223624 1.878285
9
0.07391495 -0.00889024 1.937082
-0.005710366 -0.03095823 1.889104
0.1511522 0.01224882 1.909248
-0.02764234 0.1109782 1.510545
0.07455826 -0.390277 1.886837
-0.048182 -0.07067781 1.266381
0.0396056 -0.7532194 1.934217
-0.07459789 -0.01980025 1.143557
0.06474689 -0.8223624 1.878285
9
0.07349598 -0.01025905 1.938135
-0.005980251 -0.03231379 1.890583
0.1505429 0.01115687 1.910023
-0.03929318 0.07202172 1.47452
0.07460478 -0.390456 1.886824
-0.05980597 -0.1096473 1.230188
0.03937812 -0.7536422 1.933813
-0.08650867 -0.05959256 1.106565
0.06475748 -0.8223609 1.878279
9
0.07349598 -0.01025905 1.938135
-0.005980251 -0.03231379 1.890583
0.1505429 0.01115687 1.910023
-0.03929318 0.07202172 1.47452
0.07460478 -0.390456 1.886824
-0.05980597 -0.1096473 1.230188
0.03937812 -0.7536422 1.933813
-0.08650867 -0.05959256 1.106565
0.06475748 -0.8223609 1.878279
9
0.07056293 -0.01467236 1.945699
-0.008016508 -0.03676365 1.899596
0.1466772 0.007283762 1.91659
-0.04883379 0.03883279 1.461306
0.07485937 -0.3922194 1.888494
-0.06931295 -0.1427652 1.216823
0.03863296 -0.7546322 1.933765
-0.1123616 -0.1109331 1.092146
0.0646793 -0.8226886 1.87863
9
0.07056293 -0.01467236 1.945699
-0.008016508 -0.03676365 1.899596
0.1466772 0.007283762 1.91659
-0.04883379 0.03883279 1.461306
0.07485937 -0.3922194 1.888494
-0.06931295 -0.1427652 1.216823
0.03863296 -0.7546322 1.933765
-0.1123616 -0.1109331 1.092146
0.0646793 -0.8226886 1.87863
9
0.06688192 -0.01847961 1.96169
-0.01061401 -0.03978908 1.915811
0.1418869 0.003224828 1.932396
-0.06067405 0.008550374 1.466422
0.07603771 -0.3905236 1.890064
-0.08610213 -0.1936019 1.239034
0.03841772 -0.7546645 1.93409
-0.1236547 -0.1789249 1.108505
0.06559417 -0.8234899 1.880262
9
0.06688192 -0.01847961 1.96169
-0.01061401 -0.03978908 1.915811
0.1418869 0.003224828 1.932396
-0.06067405 0.008550374 1.466422
0.07603771 -0.3905236 1.890064
-0.08610213 -0.1936019 1.239034
0.03841772 -0.7546645 1.93409
-0.1236547 -0.1789249 1.108505
0.06559417 -0.8234899 1.880262
9
0.06731574 -0.0185373 1.962036
-0.009838019 -0.0397816 1.916283
0.1420601 0.003159344 1.932636
-0.07544265 -0.05773415 1.466681
0.07710222 -0.3872172 1.893581
-0.09707365 -0.25282 1.232828
0.03836807 -0.7563643 1.935377
-0.1398145 -0.244558 1.104716
0.06591426 -0.8239434 1.879731
9
0.06731574 -0.0185373 1.962036
-0.009838019 -0.0397816 1.916283
0.1420601 0.003159344 1.932636
-0.07544265 -0.05773415 1.466681
0.07710222 -0.3872172 1.893581
-0.09707365 -0.25282 1.232828
0.03836807 -0.7563643 1.935377
-0.1398145 -0.244558 1.104716
0.06591426 -0.8239434 1.879731
9
0.06852531 -0.01856749 1.963396
-0.008247502 -0.03945333 1.917379
0.1428912 0.002813781 1.934363
-0.08145013 -0.1101564 1.491969
0.07771073 -0.3894976 1.899442
-0.1030223 -0.3048337 1.257929
0.03846726 -0.7554198 1.937512
-0.1537115 -0.3286733 1.140727
0.06532452 -0.8237548 1.879858
9
0.06852531 -0.01856749 1.963396
-0.008247502 -0.03945333 1.917379
0.1428912 0.002813781 1.934363
-0.08145013 -0.1101564 1.491969
0.07771073 -0.3894976 1.899442
-0.1030223 -0.3048337 1.257929
0.03846726 -0.7554198 1.937512
-0.1537115 -0.3286733 1.140727
0.06532452 -0.8237548 1.879858
9
0.07003364 -0.01329869 1.972822
-0.006604351 -0.02410232 1.940616
0.1436981 0.003181668 1.93623
-0.08592174 -0.1606226 1.525032
0.07866956 -0.3898115 1.903251
-0.1485648 -0.3813043 1.324712
0.03800216 -0.7546948 1.939556
-0.1543679 -0.3941585 1.189804
0.06530762 -0.8237249 1.879829
9
0.07003364 -0.01329869 1.972822
-0.006604351 -0.02410232 1.940616
0.1436981 0.003181668 1.93623
-0.08592174 -0.1606226 1.525032
0.07866956 -0.3898115 1.903251
-0.1485648 -0.3813043 1.324712
0.03800216 -0.7546948 1.939556
-0.1543679 -0.3941585 1.189804
0.06530762 -0.8237249 1.879829
9
0.06534706 -0.002571735 1.974715
-0.01462442 -0.006869183 1.944628
0.1421204 0.006119215 1.934925
-0.08679019 -0.211496 1.561971
0.08082581 -0.3900019 1.909755
-0.1564847 -0.4522165 1.390713
0.03589294 -0.7602773 1.950806
-0.1566031 -0.462488 1.255467
0.06511942 -0.8235323 1.879988
