40
9
0.1761604 -0.218895 2.103171
0.0893193 -0.2094181 2.052648
0.2568161 -0.2206467 2.080402
0.09795018 -0.4948929 1.724726
0.2471748 -0.6512687 2.060461
0.09417563 -0.7782245 1.634377
0.2174183 -0.9523283 2.066872
0.09235877 -0.817265 1.515377
0.2156588 -1.031287 1.993936
9
0.1828308 -0.2172139 2.102288
0.0942966 -0.2086235 2.052066
0.2651703 -0.2179695 2.079192
0.1137212 -0.4330442 1.685985
0.2616256 -0.6151171 2.043251
0.1214861 -0.6984513 1.546178
0.2275189 -0.9133717 2.049591
0.1303728 -0.7186534 1.418046
0.2508987 -0.9422638 1.90799
9
0.1828308 -0.2172139 2.102288
0.0942966 -0.2086235 2.052066
0.2651703 -0.2179695 2.079192
0.1137212 -0.4330442 1.685985
0.2616256 -0.6151171 2.043251
0.1214861 -0.6984513 1.546178
0.2275189 -0.9133717 2.049591
0.1303728 -0.7186534 1.418046
0.2508987 -0.9422638 1.90799
9
0.1849682 -0.2145311 2.101019
0.09523354 -0.2072039 2.051154
0.2687447 -0.2138686 2.07759
0.1257383 -0.3537253 1.658087
0.2635262 -0.5600243 2.028277
0.1460527 -0.6057003 1.438288
0.1526527 -0.9400351 2.050301
0.1452637 -0.6147461 1.304688
0.1767257 -0.9683418 1.908568
9
0.1849682 -0.2145311 2.101019
0.09523354 -0.2072039 2.051154
0.2687447 -0.2138686 2.07759
0.1257383 -0.3537253 1.658087
0.2635262 -0.5600243 2.028277
0.1460527 -0.6057003 1.438288
0.1526527 -0.9400351 2.050301
0.1452637 -0.6147461 1.304688
0.1767257 -0.9683418 1.908568
9
0.1825552 -0.211732 2.101206
0.09071434 -0.2030953 2.051639
0.2677295 -0.2122838 2.077586
0.1454908 -0.3288024 1.592358
0.2661041 -0.5545848 2.027965
0.1671175 -0.5844109 1.361958
0.1552117 -0.9346398 2.049994
0.1838258 -0.5120166 1.205335
0.1670164 -1.020017 2.003101
9
0.1825552 -0.211732 2.101206
0.09071434 -0.2030953 2.051639
0.2677295 -0.2122838 2.077586
0.1454908 -0.3288024 1.592358
0.2661041 -0.5545848 2.027965
0.1671175 -0.5844109 1.361958
0.1552117 -0.9346398 2.049994
0.1838258 -0.5120166 1.205335
0.1670164 -1.020017 2.003101
9
0.1825552 -0.211732 2.101206
0.09071434 -0.2030953 2.051639
0.2677295 -0.2122838 2.077586
0.1454908 -0.3288024 1.592358
0.2661041 -0.5545848 2.027965
0.1671175 -0.5844109 1.361958
0.1552117 -0.9346398 2.049994
0.1838258 -0.5120166 1.205335
0.1670164 -1.020017 2.003101
9
0.1825552 -0.211732 2.101206
0.09071434 -0.2030953 2.051639
0.2677295 -0.2122838 2.077586
0.1454908 -0.3288024 1.592358
0.2661041 -0.5545848 2.027965
0.1671175 -0.5844109 1.361958
0.1552117 -0.9346398 2.049994
0.1838258 -0.5120166 1.205335
0.1670164 -1.020017 2.003101
9
0.180963 -0.2098386 2.100303
0.08723053 -0.2012335 2.049819
0.2673959 -0.2104818 2.077222
0.1342241 -0.333162 1.591515
0.2978713 -0.5362707 2.027474
0.2446653 -0.4170232 1.21115
0.1964346 -0.9204966 2.03047
0.21912 -0.279743 1.123279
0.2187139 -0.9488991 1.888476
9
0.180963 -0.2098386 2.100303
0.08723053 -0.2012335 2.049819
0.2673959 -0.2104818 2.077222
0.1342241 -0.333162 1.591515
0.2978713 -0.5362707 2.027474
0.2446653 -0.4170232 1.21115
0.1964346 -0.9204966 2.03047
0.21912 -0.279743 1.123279
0.2187139 -0.9488991 1.888476
9
0.189904 -0.2139122 2.09227
0.1031794 -0.2163544 2.033286
0.2724504 -0.2091418 2.073926
0.1427417 -0.407896 1.596839
0.3204104 -0.5325964 2.034974
0.2006247 -0.2523502 1.258487
0.2076307 -0.9140728 2.03173
0.1762777 -0.1196164 1.169191
0.2295759 -0.9421741 1.889547
9
0.189904 -0.2139122 2.09227
0.1031794 -0.2163544 2.033286
0.2724504 -0.2091418 2.073926
0.1427417 -0.407896 1.596839
0.3204104 -0.5325964 2.034974
0.2006247 -0.2523502 1.258487
0.2076307 -0.9140728 2.03173
0.1762777 -0.1196164 1.169191
0.2295759 -0.9421741 1.889547
9
0.206142 -0.2158583 2.082476
0.1165264 -0.2230916 2.025412
0.289307 -0.2024906 2.064858
0.1655771 -0.416406 1.590859
0.2305541 -0.61198 2.017286
0.2255689 -0.2643223 1.246305
0.1715271 -0.9638332 2.032814
0.2005097 -0.1312546 1.157218
0.1928316 -0.9907798 1.890447
9
0.206142 -0.2158583 2.082476
0.1165264 -0.2230916 2.025412
0.289307 -0.2024906 2.064858
0.1655771 -0.416406 1.590859
0.2305541 -0.61198 2.017286
0.2255689 -0.2643223 1.246305
0.1715271 -0.9638332 2.032814
0.2005097 -0.1312546 1.157218
0.1928316 -0.9907798 1.890447
9
0.206142 -0.2158583 2.082476
0.1165264 -0.2230916 2.025412
0.289307 -0.2024906 2.064858
0.1655771 -0.416406 1.590859
0.2305541 -0.61198 2.017286
0.2255689 -0.2643223 1.246305
0.1715271 -0.9638332 2.032814
0.2005097 -0.1312546 1.157218
0.1928316 -0.9907798 1.890447
9
0.206142 -0.2158583 2.082476
0.1165264 -0.2230916 2.025412
0.289307 -0.2024906 2.064858
0.1655771 -0.416406 1.590859
0.2305541 -0.61198 2.017286
0.2255689 -0.2643223 1.246305
0.1715271 -0.9638332 2.032814
0.2005097 -0.1312546 1.157218
0.1928316 -0.9907798 1.890447
9
0.2003838 -0.2389581 2.06315
0.1163045 -0.2322196 2.018076
0.2740918 -0.2409817 2.031512
0.2002652 -0.4133663 1.583686
0.2344479 -0.5820904 2.007407
0.2684036 -0.2658264 1.225603
0.1739675 -0.9592518 2.031432
0.2420907 -0.1326749 1.1368
0.1953437 -0.985926 1.888969
9
0.2003838 -0.2389581 2.06315
0.1163045 -0.2322196 2.018076
0.2740918 -0.2409817 2.031512
0.2002652 -0.4133663 1.583686
0.2344479 -0.5820904 2.007407
0.2684036 -0.2658264 1.225603
0.1739675 -0.9592518 2.031432
0.2420907 -0.1326749 1.1368
0.1953437 -0.985926 1.888969
9
0.2019018 -0.2411572 2.062002
0.1189544 -0.2368362 2.016126
0.2752908 -0.2410849 2.031487
0.20484 -0.4172869 1.581854
0.2341751 -0.5790836 2.006259
0.2729174 -0.2687645 1.225622
0.1748622 -0.9588243 2.031438
0.2464911 -0.1355651 1.136871
0.1960033 -0.9854729 1.888939
9
0.2019018 -0.2411572 2.062002
0.1189544 -0.2368362 2.016126
0.2752908 -0.2410849 2.031487
0.20484 -0.4172869 1.581854
0.2341751 -0.5790836 2.006259
0.2729174 -0.2687645 1.225622
0.1748622 -0.9588243 2.031438
0.2464911 -0.1355651 1.136871
0.1960033 -0.9854729 1.888939
9
0.2019018 -0.2411572 2.062002
0.1189544 -0.2368362 2.016126
0.2752908 -0.2410849 2.031487
0.20484 -0.4172869 1.581854
0.2341751 -0.5790836 2.006259
0.2729174 -0.2687645 1.225622
0.1748622 -0.9588243 2.031438
0.2464911 -0.1355651 1.136871
0.1960033 -0.9854729 1.888939
9
0.2019018 -0.2411572 2.062002
0.1189544 -0.2368362 2.016126
0.2752908 -0.2410849 2.031487
0.20484 -0.4172869 1.581854
0.2341751 -0.5790836 2.006259
0.2729174 -0.2687645 1.225622
0.1748622 -0.9588243 2.031438
0.2464911 -0.1355651 1.136871
0.1960033 -0.9854729 1.888939
9
0.1995745 -0.2427604 2.06214
0.1169337 -0.2380478 2.016473
0.2738539 -0.2417733 2.032011
0.2006143 -0.4160115 1.580666
0.2329112 -0.5773988 2.005326
0.2168392 -0.06054103 1.379635
0.1769916 -0.958586 2.031644
0.2354064 -0.1009915 1.234159
0.198314 -0.9852892 1.889239
9
0.1995745 -0.2427604 2.06214
0.1169337 -0.2380478 2.016473
0.2738539 -0.2417733 2.032011
0.2006143 -0.4160115 1.580666
0.2329112 -0.5773988 2.005326
0.2168392 -0.06054103 1.379635
0.1769916 -0.958586 2.031644
0.2354064 -0.1009915 1.234159
0.198314 -0.9852892 1.889239
9
0.1990155 -0.2436527 2.062041
0.1166111 -0.2385252 2.016394
0.273419 -0.2423961 2.032275
0.1915375 -0.4145353 1.578074
0.2320014 -0.5782517 2.005872
0.2195482 -0.06551585 1.367269
0.1779413 -0.9589867 2.03239
0.2381387 -0.1058316 1.221879
0.1993897 -0.985697 1.890047
9
0.1990155 -0.2436527 2.062041
0.1166111 -0.2385252 2.016394
0.273419 -0.2423961 2.032275
0.1915375 -0.4145353 1.578074
0.2320014 -0.5782517 2.005872
0.2195482 -0.06551585 1.367269
0.1779413 -0.9589867 2.03239
0.2381387 -0.1058316 1.221879
0.1993897 -0.985697 1.890047
9
0.1740176 -0.2553291 2.070312
0.09859374 -0.2440476 2.021971
0.242471 -0.2593531 2.04564
0.1830324 -0.418057 1.584634
0.2273912 -0.589598 2.010734
0.2297321 -0.1846398 1.243995
0.178221 -0.9585935 2.033708
0.2480339 -0.2219641 1.099381
0.2001452 -0.9858218 1.891661
9
0.1740176 -0.2553291 2.070312
0.09859374 -0.2440476 2.021971
0.242471 -0.2593531 2.04564
0.1830324 -0.418057 1.584634
0.2273912 -0.589598 2.010734
0.2297321 -0.1846398 1.243995
0.178221 -0.9585935 2.033708
0.2480339 -0.2219641 1.099381
0.2001452 -0.9858218 1.891661
9
0.1250355 -0.2511134 2.076107
0.0457273 -0.2335518 2.027331
0.2013564 -0.2594913 2.051395
0.1398434 -0.4067405 1.591567
0.2219251 -0.6021159 2.015829
0.1996758 -0.1661835 1.252413
0.1785908 -0.9595462 2.034092
0.2865969 -0.1565814 1.114704
0.2009764 -0.9874241 1.892415
9
0.1250355 -0.2511134 2.076107
0.0457273 -0.2335518 2.027331
0.2013564 -0.2594913 2.051395
0.1398434 -0.4067405 1.591567
0.2219251 -0.6021159 2.015829
0.1996758 -0.1661835 1.252413
0.1785908 -0.9595462 2.034092
0.2865969 -0.1565814 1.114704
0.2009764 -0.9874241 1.892415
9
0.1005433 -0.2434892 2.081629
0.02713662 -0.2231519 2.02987
0.1676808 -0.2555843 2.061205
0.1850418 -0.1416431 1.603108
0.2167228 -0.6211478 2.022337
0.2264837 0.1269287 1.32046
0.1768527 -0.9593538 2.035373
0.2334199 -0.003684014 1.232915
0.200323 -0.9877837 1.894178
9
0.1005433 -0.2434892 2.081629
0.02713662 -0.2231519 2.02987
0.1676808 -0.2555843 2.061205
0.1850418 -0.1416431 1.603108
0.2167228 -0.6211478 2.022337
0.2264837 0.1269287 1.32046
0.1768527 -0.9593538 2.035373
0.2334199 -0.003684014 1.232915
0.200323 -0.9877837 1.894178
9
0.1005433 -0.2434892 2.081629
0.02713662 -0.2231519 2.02987
0.1676808 -0.2555843 2.061205
0.1850418 -0.1416431 1.603108
0.2167228 -0.6211478 2.022337
0.2264837 0.1269287 1.32046
0.1768527 -0.9593538 2.035373
0.2334199 -0.003684014 1.232915
0.200323 -0.9877837 1.894178
9
0.1005433 -0.2434892 2.081629
0.02713662 -0.2231519 2.02987
0.1676808 -0.2555843 2.061205
0.1850418 -0.1416431 1.603108
0.2167228 -0.6211478 2.022337
0.2264837 0.1269287 1.32046
0.1768527 -0.9593538 2.035373
0.2334199 -0.003684014 1.232915
0.200323 -0.9877837 1.894178
9
0.1680396 -0.2083362 2.099749
0.07537676 -0.1965517 2.043434
0.2547314 -0.2128391 2.082748
0.1685943 -0.1928653 1.690881
0.179097 -0.6501856 2.078677
0.2031393 0.07535964 1.431082
0.1656119 -0.9410723 2.039361
0.200188 -0.06137386 1.365709
0.1910312 -0.9697893 1.898498
9
0.1680396 -0.2083362 2.099749
0.07537676 -0.1965517 2.043434
0.2547314 -0.2128391 2.082748
0.1685943 -0.1928653 1.690881
0.179097 -0.6501856 2.078677
0.2031393 0.07535964 1.431082
0.1656119 -0.9410723 2.039361
0.200188 -0.06137386 1.365709
0.1910312 -0.9697893 1.898498
9
0.1683944 -0.2089704 2.100422
0.07638082 -0.1974456 2.045654
0.2547924 -0.2133304 2.082741
0.1692013 -0.3358885 1.614075
0.1806293 -0.6510645 2.076881
0.1693165 -0.5697239 1.388546
0.1401946 -0.9405156 2.071145
0.1872181 -0.573092 1.257207
0.1675782 -0.9696083 1.93065
9
0.1683944 -0.2089704 2.100422
0.07638082 -0.1974456 2.045654
0.2547924 -0.2133304 2.082741
0.1692013 -0.3358885 1.614075
0.1806293 -0.6510645 2.076881
0.1693165 -0.5697239 1.388546
0.1401946 -0.9405156 2.071145
0.1872181 -0.573092 1.257207
0.1675782 -0.9696083 1.93065
9
0.1911595 -0.21654 2.099004
0.1062164 -0.2112387 2.039712
0.2710474 -0.2160079 2.084155
0.1513872 -0.4186075 1.631213
0.1883019 -0.6526595 2.074498
0.1351206 -0.6612617 1.452234
0.145673 -0.9417711 2.069839
0.147583 -0.6674805 1.303711
0.1739546 -0.9707146 1.929584
