40
9
0.05585761 -0.233994 2.120052
-0.03461863 -0.2271052 2.078923
0.1446902 -0.2326795 2.085654
-0.06056625 -0.4852824 1.782629
0.07975949 -0.6265746 1.983236
-0.07193781 -0.7920626 1.743434
0.1024463 -0.9751204 2.085277
-0.07291976 -0.8484652 1.636633
0.1034029 -1.047449 1.999278
9
0.0600941 -0.2340116 2.115458
-0.03049392 -0.2273773 2.074569
0.1486418 -0.232396 2.081116
-0.04940029 -0.4572195 1.712376
0.05733132 -0.6065298 1.92368
-0.05642669 -0.7345281 1.591363
0.09061162 -0.9713075 2.069962
-0.05140897 -0.7322476 1.456377
0.1179247 -1.050104 2.008947
9
0.0600941 -0.2340116 2.115458
-0.03049392 -0.2273773 2.074569
0.1486418 -0.232396 2.081116
-0.04940029 -0.4572195 1.712376
0.05733132 -0.6065298 1.92368
-0.05642669 -0.7345281 1.591363
0.09061162 -0.9713075 2.069962
-0.05140897 -0.7322476 1.456377
0.1179247 -1.050104 2.008947
9
0.0600941 -0.2340116 2.115458
-0.03049392 -0.2273773 2.074569
0.1486418 -0.232396 2.081116
-0.04940029 -0.4572195 1.712376
0.05733132 -0.6065298 1.92368
-0.05642669 -0.7345281 1.591363
0.09061162 -0.9713075 2.069962
-0.05140897 -0.7322476 1.456377
0.1179247 -1.050104 2.008947
9
0.0600941 -0.2340116 2.115458
-0.03049392 -0.2273773 2.074569
0.1486418 -0.232396 2.081116
-0.04940029 -0.4572195 1.712376
0.05733132 -0.6065298 1.92368
-0.05642669 -0.7345281 1.591363
0.09061162 -0.9713075 2.069962
-0.05140897 -0.7322476 1.456377
0.1179247 -1.050104 2.008947
9
0.0600941 -0.2340116 2.115458
-0.03049392 -0.2273773 2.074569
0.1486418 -0.232396 2.081116
-0.04940029 -0.4572195 1.712376
0.05733132 -0.6065298 1.92368
-0.05642669 -0.7345281 1.591363
0.09061162 -0.9713075 2.069962
-0.05140897 -0.7322476 1.456377
0.1179247 -1.050104 2.008947
9
0.0600941 -0.2340116 2.115458
-0.03049392 -0.2273773 2.074569
0.1486418 -0.232396 2.081116
-0.04940029 -0.4572195 1.712376
0.05733132 -0.6065298 1.92368
-0.05642669 -0.7345281 1.591363
0.09061162 -0.9713075 2.069962
-0.05140897 -0.7322476 1.456377
0.1179247 -1.050104 2.008947
9
0.07186561 -0.2404142 2.102947
-0.02129098 -0.2339023 2.067758
0.1631313 -0.2381045 2.061108
-0.04701317 -0.4655976 1.713128
0.1248476 -0.6103659 2.016557
-0.05405524 -0.7428331 1.592107
0.08540325 -0.9582624 2.040401
-0.05119632 -0.6278648 1.462138
0.0862183 -0.984606 1.894109
9
0.07186561 -0.2404142 2.102947
-0.02129098 -0.2339023 2.067758
0.1631313 -0.2381045 2.061108
-0.04701317 -0.4655976 1.713128
0.1248476 -0.6103659 2.016557
-0.05405524 -0.7428331 1.592107
0.08540325 -0.9582624 2.040401
-0.05119632 -0.6278648 1.462138
0.0862183 -0.984606 1.894109
9
0.07562747 -0.2424199 2.098247
-0.01750615 -0.2391483 2.065456
0.167318 -0.2368385 2.053373
-0.04735345 -0.4733576 1.71352
0.1272587 -0.6000881 2.009211
-0.0417386 -0.260254 1.361556
0.09566572 -0.9613317 2.034456
-0.0405395 -0.2951194 1.212299
0.0941953 -0.987399 1.888085
9
0.07562747 -0.2424199 2.098247
-0.01750615 -0.2391483 2.065456
0.167318 -0.2368385 2.053373
-0.04735345 -0.4733576 1.71352
0.1272587 -0.6000881 2.009211
-0.0417386 -0.260254 1.361556
0.09566572 -0.9613317 2.034456
-0.0405395 -0.2951194 1.212299
0.0941953 -0.987399 1.888085
9
0.1336788 -0.2531872 2.06161
0.04758803 -0.2644674 2.024246
0.214903 -0.2327166 2.024121
0.05147867 -0.5721062 1.660751
0.1324537 -0.5705826 1.989208
0.05727355 -0.3536098 1.312243
0.0978296 -0.962409 2.030972
0.05453018 -0.3852903 1.163444
0.09503536 -0.9879143 1.884448
9
0.1336788 -0.2531872 2.06161
0.04758803 -0.2644674 2.024246
0.214903 -0.2327166 2.024121
0.05147867 -0.5721062 1.660751
0.1324537 -0.5705826 1.989208
0.05727355 -0.3536098 1.312243
0.0978296 -0.962409 2.030972
0.05453018 -0.3852903 1.163444
0.09503536 -0.9879143 1.884448
9
0.1336788 -0.2531872 2.06161
0.04758803 -0.2644674 2.024246
0.214903 -0.2327166 2.024121
0.05147867 -0.5721062 1.660751
0.1324537 -0.5705826 1.989208
0.05727355 -0.3536098 1.312243
0.0978296 -0.962409 2.030972
0.05453018 -0.3852903 1.163444
0.09503536 -0.9879143 1.884448
9
0.1336788 -0.2531872 2.06161
0.04758803 -0.2644674 2.024246
0.214903 -0.2327166 2.024121
0.05147867 -0.5721062 1.660751
0.1324537 -0.5705826 1.989208
0.05727355 -0.3536098 1.312243
0.0978296 -0.962409 2.030972
0.05453018 -0.3852903 1.163444
0.09503536 -0.9879143 1.884448
9
0.13497 -0.2603083 2.057724
0.04705089 -0.2697727 2.001404
0.2192654 -0.2497205 2.032582
0.04708898 -0.5848488 1.644812
0.1354152 -0.5683452 1.975051
0.05289245 -0.3663267 1.296345
0.1035035 -0.9590809 2.020407
0.04898963 -0.3975566 1.147685
0.0993433 -0.9845473 1.873922
9
0.13497 -0.2603083 2.057724
0.04705089 -0.2697727 2.001404
0.2192654 -0.2497205 2.032582
0.04708898 -0.5848488 1.644812
0.1354152 -0.5683452 1.975051
0.05289245 -0.3663267 1.296345
0.1035035 -0.9590809 2.020407
0.04898963 -0.3975566 1.147685
0.0993433 -0.9845473 1.873922
9
0.13497 -0.2603083 2.057724
0.04705089 -0.2697727 2.001404
0.2192654 -0.2497205 2.032582
0.04708898 -0.5848488 1.644812
0.1354152 -0.5683452 1.975051
0.05289245 -0.3663267 1.296345
0.1035035 -0.9590809 2.020407
0.04898963 -0.3975566 1.147685
0.0993433 -0.9845473 1.873922
9
0.1343422 -0.2588299 2.056268
0.04469208 -0.2659165 1.996696
0.2190581 -0.2468004 2.033966
0.01623013 -0.582204 1.64238
0.1371907 -0.5655171 1.968238
0.02205924 -0.3636775 1.293918
0.1040503 -0.9384289 1.999644
0.01991988 -0.3949566 1.14523
0.1007835 -0.9640482 1.8531
9
0.1343422 -0.2588299 2.056268
0.04469208 -0.2659165 1.996696
0.2190581 -0.2468004 2.033966
0.01623013 -0.582204 1.64238
0.1371907 -0.5655171 1.968238
0.02205924 -0.3636775 1.293918
0.1040503 -0.9384289 1.999644
0.01991988 -0.3949566 1.14523
0.1007835 -0.9640482 1.8531
9
0.1344686 -0.2587997 2.056254
0.04476411 -0.2658935 1.996767
0.219578 -0.2460078 2.034736
0.01613552 -0.5836385 1.643905
0.1402866 -0.5650173 1.964618
0.02196436 -0.3651154 1.295445
0.1059783 -0.9370707 1.996473
0.02061639 -0.3963837 1.146761
0.1034647 -0.9627038 1.84993
9
0.1344686 -0.2587997 2.056254
0.04476411 -0.2658935 1.996767
0.219578 -0.2460078 2.034736
0.01613552 -0.5836385 1.643905
0.1402866 -0.5650173 1.964618
0.02196436 -0.3651154 1.295445
0.1059783 -0.9370707 1.996473
0.02061639 -0.3963837 1.146761
0.1034647 -0.9627038 1.84993
9
0.1339658 -0.2587723 2.0561
0.04415686 -0.2658136 2.00183
0.2169764 -0.2447535 2.030738
0.02006605 -0.5799591 1.645107
0.1404084 -0.5646928 1.964493
0.02589163 -0.3614367 1.296638
0.1059844 -0.9381139 1.995617
0.02362601 -0.3928379 1.147948
0.1026601 -0.9637581 1.849102
9
0.1339658 -0.2587723 2.0561
0.04415686 -0.2658136 2.00183
0.2169764 -0.2447535 2.030738
0.02006605 -0.5799591 1.645107
0.1404084 -0.5646928 1.964493
0.02589163 -0.3614367 1.296638
0.1059844 -0.9381139 1.995617
0.02362601 -0.3928379 1.147948
0.1026601 -0.9637581 1.849102
9
0.1339658 -0.2587723 2.0561
0.04415686 -0.2658136 2.00183
0.2169764 -0.2447535 2.030738
0.02006605 -0.5799591 1.645107
0.1404084 -0.5646928 1.964493
0.02589163 -0.3614367 1.296638
0.1059844 -0.9381139 1.995617
0.02362601 -0.3928379 1.147948
0.1026601 -0.9637581 1.849102
9
0.1341338 -0.2587451 2.056114
0.04552668 -0.2653156 2.00605
0.2175693 -0.2444292 2.029052
0.04555413 -0.5689185 1.639207
0.1402729 -0.5643259 1.964931
0.0513613 -0.3503802 1.290718
0.1053444 -0.9433973 1.996397
-0.006146792 -0.2245955 1.204424
0.1024201 -0.9690421 1.849933
9
0.1341338 -0.2587451 2.056114
0.04552668 -0.2653156 2.00605
0.2175693 -0.2444292 2.029052
0.04555413 -0.5689185 1.639207
0.1402729 -0.5643259 1.964931
0.0513613 -0.3503802 1.290718
0.1053444 -0.9433973 1.996397
-0.006146792 -0.2245955 1.204424
0.1024201 -0.9690421 1.849933
9
0.1341338 -0.2587451 2.056114
0.04552668 -0.2653156 2.00605
0.2175693 -0.2444292 2.029052
0.04555413 -0.5689185 1.639207
0.1402729 -0.5643259 1.964931
0.0513613 -0.3503802 1.290718
0.1053444 -0.9433973 1.996397
-0.006146792 -0.2245955 1.204424
0.1024201 -0.9690421 1.849933
9
0.1308805 -0.2614348 2.067351
0.0402776 -0.272708 2.031055
0.2159133 -0.2441592 2.033223
-0.01468367 -0.1236387 1.604533
0.1386001 -0.56432 1.974266
-0.01759904 0.09785607 1.256386
0.1046959 -0.9435024 1.99909
-0.05774376 -0.03625144 1.201274
0.1025456 -0.9690972 1.852595
9
0.1308805 -0.2614348 2.067351
0.0402776 -0.272708 2.031055
0.2159133 -0.2441592 2.033223
-0.01468367 -0.1236387 1.604533
0.1386001 -0.56432 1.974266
-0.01759904 0.09785607 1.256386
0.1046959 -0.9435024 1.99909
-0.05774376 -0.03625144 1.201274
0.1025456 -0.9690972 1.852595
9
0.1308805 -0.2614348 2.067351
0.0402776 -0.272708 2.031055
0.2159133 -0.2441592 2.033223
-0.01468367 -0.1236387 1.604533
0.1386001 -0.56432 1.974266
-0.01759904 0.09785607 1.256386
0.1046959 -0.9435024 1.99909
-0.05774376 -0.03625144 1.201274
0.1025456 -0.9690972 1.852595
9
0.1218527 -0.2645682 2.082351
0.03416797 -0.2757219 2.043666
0.2059422 -0.2449593 2.046036
-0.02681634 -0.1425515 1.629024
0.1387482 -0.567016 1.984646
-0.02971297 0.07885254 1.280959
0.1026804 -0.9477789 2.004654
-0.06667174 -0.05615516 1.231282
0.1007127 -0.9733156 1.858158
9
0.1107816 -0.2640092 2.097134
0.02423945 -0.2741039 2.0578
0.1933513 -0.2449571 2.061908
-0.06578364 -0.2377024 1.591398
0.1395281 -0.5688109 1.995384
-0.1671355 -0.3647141 1.211797
0.1020869 -0.9472232 2.011072
-0.1625072 -0.3955276 1.063632
0.1002125 -0.97289 1.864584
9
0.1107816 -0.2640092 2.097134
0.02423945 -0.2741039 2.0578
0.1933513 -0.2449571 2.061908
-0.06578364 -0.2377024 1.591398
0.1395281 -0.5688109 1.995384
-0.1671355 -0.3647141 1.211797
0.1020869 -0.9472232 2.011072
-0.1625072 -0.3955276 1.063632
0.1002125 -0.97289 1.864584
9
0.1107816 -0.2640092 2.097134
0.02423945 -0.2741039 2.0578
0.1933513 -0.2449571 2.061908
-0.06578364 -0.2377024 1.591398
0.1395281 -0.5688109 1.995384
-0.1671355 -0.3647141 1.211797
0.1020869 -0.9472232 2.011072
-0.1625072 -0.3955276 1.063632
0.1002125 -0.97289 1.864584
9
0.1119248 -0.2585927 2.101157
0.02572032 -0.2603994 2.067528
0.1939503 -0.2439983 2.062705
-0.08189743 -0.2875845 1.624362
0.1412392 -0.5688824 2.008506
-0.1646447 -0.582512 1.387219
0.103201 -0.9462312 2.018629
-0.1783447 -0.4946289 1.268555
0.100673 -0.9719801 1.872128
9
0.1119248 -0.2585927 2.101157
0.02572032 -0.2603994 2.067528
0.1939503 -0.2439983 2.062705
-0.08189743 -0.2875845 1.624362
0.1412392 -0.5688824 2.008506
-0.1646447 -0.582512 1.387219
0.103201 -0.9462312 2.018629
-0.1783447 -0.4946289 1.268555
0.100673 -0.9719801 1.872128
9
0.1082859 -0.2576631 2.131144
0.0235048 -0.2606569 2.098116
0.1895714 -0.2447563 2.088046
-0.09383617 -0.3481931 1.657248
0.1403766 -0.5701511 2.021958
-0.1803906 -0.5563157 1.449584
0.1055007 -0.9481075 2.027494
-0.1770227 -0.5652621 1.315416
0.1029842 -0.9744898 1.881204
9
0.1082859 -0.2576631 2.131144
0.0235048 -0.2606569 2.098116
0.1895714 -0.2447563 2.088046
-0.09383617 -0.3481931 1.657248
0.1403766 -0.5701511 2.021958
-0.1803906 -0.5563157 1.449584
0.1055007 -0.9481075 2.027494
-0.1770227 -0.5652621 1.315416
0.1029842 -0.9744898 1.881204
9
0.1030916 -0.2504762 2.132851
0.015002 -0.2474578 2.101611
0.1869515 -0.2421702 2.088892
-0.09933768 -0.4053881 1.699918
0.1395904 -0.5759094 2.03561
-0.1866566 -0.6343799 1.517796
0.1057862 -0.9498003 2.036827
-0.1942371 -0.6631881 1.391774
0.1031585 -0.9762334 1.89053
