40
9
0.1335375 -0.2251077 2.036321
0.05069073 -0.2171412 2.015486
0.211788 -0.2248087 1.982198
-0.03155961 -0.5790937 1.838472
0.2096868 -0.6088994 1.958622
-0.04611493 -0.9088742 1.825704
0.1982589 -0.9564861 1.992104
-0.09015891 -0.9689101 1.742081
0.1457766 -1.0302 1.960036
9
0.1335375 -0.2251077 2.036321
0.05069073 -0.2171412 2.015486
0.211788 -0.2248087 1.982198
-0.03155961 -0.5790937 1.838472
0.2096868 -0.6088994 1.958622
-0.04611493 -0.9088742 1.825704
0.1982589 -0.9564861 1.992104
-0.09015891 -0.9689101 1.742081
0.1457766 -1.0302 1.960036
9
0.1335375 -0.2251077 2.036321
0.05069073 -0.2171412 2.015486
0.211788 -0.2248087 1.982198
-0.03155961 -0.5790937 1.838472
0.2096868 -0.6088994 1.958622
-0.04611493 -0.9088742 1.825704
0.1982589 -0.9564861 1.992104
-0.09015891 -0.9689101 1.742081
0.1457766 -1.0302 1.960036
9
0.1396197 -0.2227283 2.025871
0.05665582 -0.2144817 2.00855
0.2174709 -0.222916 1.967714
-0.09041674 -0.4723506 1.721746
0.199468 -0.5924426 1.945234
-0.1536385 -0.7232763 1.579698
0.1987429 -0.9547517 1.992062
-0.1941603 -0.7537876 1.466387
0.1495333 -1.030215 1.95822
9
0.1396197 -0.2227283 2.025871
0.05665582 -0.2144817 2.00855
0.2174709 -0.222916 1.967714
-0.09041674 -0.4723506 1.721746
0.199468 -0.5924426 1.945234
-0.1536385 -0.7232763 1.579698
0.1987429 -0.9547517 1.992062
-0.1941603 -0.7537876 1.466387
0.1495333 -1.030215 1.95822
9
0.1396197 -0.2227283 2.025871
0.05665582 -0.2144817 2.00855
0.2174709 -0.222916 1.967714
-0.09041674 -0.4723506 1.721746
0.199468 -0.5924426 1.945234
-0.1536385 -0.7232763 1.579698
0.1987429 -0.9547517 1.992062
-0.1941603 -0.7537876 1.466387
0.1495333 -1.030215 1.95822
9
0.1396197 -0.2227283 2.025871
0.05665582 -0.2144817 2.00855
0.2174709 -0.222916 1.967714
-0.09041674 -0.4723506 1.721746
0.199468 -0.5924426 1.945234
-0.1536385 -0.7232763 1.579698
0.1987429 -0.9547517 1.992062
-0.1941603 -0.7537876 1.466387
0.1495333 -1.030215 1.95822
9
0.1511102 -0.2218741 2.012927
0.0670122 -0.2141343 1.999303
0.2294683 -0.2213772 1.951382
-0.1295847 -0.3878742 1.642998
0.1958693 -0.58724 1.938349
-0.2185656 -0.5819587 1.434928
0.1970151 -0.9539898 1.990507
-0.2695313 -0.5966797 1.310547
0.1541896 -1.032145 1.950858
9
0.1511102 -0.2218741 2.012927
0.0670122 -0.2141343 1.999303
0.2294683 -0.2213772 1.951382
-0.1295847 -0.3878742 1.642998
0.1958693 -0.58724 1.938349
-0.2185656 -0.5819587 1.434928
0.1970151 -0.9539898 1.990507
-0.2695313 -0.5966797 1.310547
0.1541896 -1.032145 1.950858
9
0.1576289 -0.2217242 2.00591
0.07378619 -0.2144085 1.993861
0.2355265 -0.220755 1.942981
-0.1273166 -0.3264334 1.630658
0.1928453 -0.5834143 1.931403
-0.2544589 -0.5119217 1.364791
0.1929235 -0.9557944 1.986594
-0.2768312 -0.5412137 1.222177
0.1610727 -0.9819432 1.844882
9
0.1601572 -0.2220687 2.001846
0.07586148 -0.2146284 1.990964
0.238431 -0.2212286 1.93784
-0.1215822 -0.2719718 1.618245
0.1889851 -0.5821901 1.923523
-0.2796949 -0.4318229 1.317273
0.18382 -0.9590411 1.98126
-0.3015065 -0.4624692 1.174376
0.1517305 -0.9849752 1.839625
9
0.164645 -0.2246103 1.993823
0.07981325 -0.2174973 1.985435
0.2433541 -0.2231576 1.927072
-0.1122135 -0.2197723 1.625334
0.1863939 -0.5869299 1.916487
-0.2899746 -0.3540226 1.290513
0.1754436 -0.9628146 1.975745
-0.312595 -0.3861756 1.147496
0.1421668 -0.9884524 1.834425
9
0.164645 -0.2246103 1.993823
0.07981325 -0.2174973 1.985435
0.2433541 -0.2231576 1.927072
-0.1122135 -0.2197723 1.625334
0.1863939 -0.5869299 1.916487
-0.2899746 -0.3540226 1.290513
0.1754436 -0.9628146 1.975745
-0.312595 -0.3861756 1.147496
0.1421668 -0.9884524 1.834425
9
0.164645 -0.2246103 1.993823
0.07981325 -0.2174973 1.985435
0.2433541 -0.2231576 1.927072
-0.1122135 -0.2197723 1.625334
0.1863939 -0.5869299 1.916487
-0.2899746 -0.3540226 1.290513
0.1754436 -0.9628146 1.975745
-0.312595 -0.3861756 1.147496
0.1421668 -0.9884524 1.834425
9
0.164645 -0.2246103 1.993823
0.07981325 -0.2174973 1.985435
0.2433541 -0.2231576 1.927072
-0.1122135 -0.2197723 1.625334
0.1863939 -0.5869299 1.916487
-0.2899746 -0.3540226 1.290513
0.1754436 -0.9628146 1.975745
-0.312595 -0.3861756 1.147496
0.1421668 -0.9884524 1.834425
9
0.1732855 -0.2268987 1.982112
0.08711941 -0.221977 1.977347
0.2533505 -0.2226362 1.911221
-0.1160901 -0.1481171 1.614816
0.1828223 -0.5777414 1.90126
-0.2940031 -0.2790496 1.278756
0.1739936 -0.9584619 1.970059
-0.352721 -0.246499 1.170719
0.1397163 -0.9839041 1.828934
9
0.1732855 -0.2268987 1.982112
0.08711941 -0.221977 1.977347
0.2533505 -0.2226362 1.911221
-0.1160901 -0.1481171 1.614816
0.1828223 -0.5777414 1.90126
-0.2940031 -0.2790496 1.278756
0.1739936 -0.9584619 1.970059
-0.352721 -0.246499 1.170719
0.1397163 -0.9839041 1.828934
9
0.1755483 -0.2282252 1.977817
0.08923183 -0.223969 1.9742
0.2555008 -0.2233045 1.906216
-0.1142687 -0.1364384 1.616734
0.1822246 -0.5769644 1.89821
-0.3060216 -0.278901 1.293083
0.173775 -0.9580495 1.965434
-0.3482792 -0.2401703 1.175155
0.1384481 -0.983399 1.824604
9
0.1755483 -0.2282252 1.977817
0.08923183 -0.223969 1.9742
0.2555008 -0.2233045 1.906216
-0.1142687 -0.1364384 1.616734
0.1822246 -0.5769644 1.89821
-0.3060216 -0.278901 1.293083
0.173775 -0.9580495 1.965434
-0.3482792 -0.2401703 1.175155
0.1384481 -0.983399 1.824604
9
0.1755483 -0.2282252 1.977817
0.08923183 -0.223969 1.9742
0.2555008 -0.2233045 1.906216
-0.1142687 -0.1364384 1.616734
0.1822246 -0.5769644 1.89821
-0.3060216 -0.278901 1.293083
0.173775 -0.9580495 1.965434
-0.3482792 -0.2401703 1.175155
0.1384481 -0.983399 1.824604
9
0.1755483 -0.2282252 1.977817
0.08923183 -0.223969 1.9742
0.2555008 -0.2233045 1.906216
-0.1142687 -0.1364384 1.616734
0.1822246 -0.5769644 1.89821
-0.3060216 -0.278901 1.293083
0.173775 -0.9580495 1.965434
-0.3482792 -0.2401703 1.175155
0.1384481 -0.983399 1.824604
9
0.1755483 -0.2282252 1.977817
0.08923183 -0.223969 1.9742
0.2555008 -0.2233045 1.906216
-0.1142687 -0.1364384 1.616734
0.1822246 -0.5769644 1.89821
-0.3060216 -0.278901 1.293083
0.173775 -0.9580495 1.965434
-0.3482792 -0.2401703 1.175155
0.1384481 -0.983399 1.824604
9
0.1755483 -0.2282252 1.977817
0.08923183 -0.223969 1.9742
0.2555008 -0.2233045 1.906216
-0.1142687 -0.1364384 1.616734
0.1822246 -0.5769644 1.89821
-0.3060216 -0.278901 1.293083
0.173775 -0.9580495 1.965434
-0.3482792 -0.2401703 1.175155
0.1384481 -0.983399 1.824604
9
0.1755483 -0.2282252 1.977817
0.08923183 -0.223969 1.9742
0.2555008 -0.2233045 1.906216
-0.1142687 -0.1364384 1.616734
0.1822246 -0.5769644 1.89821
-0.3060216 -0.278901 1.293083
0.173775 -0.9580495 1.965434
-0.3482792 -0.2401703 1.175155
0.1384481 -0.983399 1.824604
9
0.1755483 -0.2282252 1.977817
0.08923183 -0.223969 1.9742
0.2555008 -0.2233045 1.906216
-0.1142687 -0.1364384 1.616734
0.1822246 -0.5769644 1.89821
-0.3060216 -0.278901 1.293083
0.173775 -0.9580495 1.965434
-0.3482792 -0.2401703 1.175155
0.1384481 -0.983399 1.824604
9
0.1755483 -0.2282252 1.977817
0.08923183 -0.223969 1.9742
0.2555008 -0.2233045 1.906216
-0.1142687 -0.1364384 1.616734
0.1822246 -0.5769644 1.89821
-0.3060216 -0.278901 1.293083
0.173775 -0.9580495 1.965434
-0.3482792 -0.2401703 1.175155
0.1384481 -0.983399 1.824604
9
0.1755283 -0.2287042 1.977967
0.08925523 -0.224972 1.974626
0.2554546 -0.2235311 1.906283
-0.1252455 -0.1443661 1.617729
0.1822196 -0.5746512 1.897971
-0.33411 -0.2673883 1.302326
0.1763426 -0.9563972 1.962422
-0.3943196 -0.2469303 1.193593
0.141231 -0.9817691 1.821523
9
0.1755283 -0.2287042 1.977967
0.08925523 -0.224972 1.974626
0.2554546 -0.2235311 1.906283
-0.1252455 -0.1443661 1.617729
0.1822196 -0.5746512 1.897971
-0.33411 -0.2673883 1.302326
0.1763426 -0.9563972 1.962422
-0.3943196 -0.2469303 1.193593
0.141231 -0.9817691 1.821523
9
0.1755283 -0.2287042 1.977967
0.08925523 -0.224972 1.974626
0.2554546 -0.2235311 1.906283
-0.1252455 -0.1443661 1.617729
0.1822196 -0.5746512 1.897971
-0.33411 -0.2673883 1.302326
0.1763426 -0.9563972 1.962422
-0.3943196 -0.2469303 1.193593
0.141231 -0.9817691 1.821523
9
0.1755283 -0.2287042 1.977967
0.08925523 -0.224972 1.974626
0.2554546 -0.2235311 1.906283
-0.1252455 -0.1443661 1.617729
0.1822196 -0.5746512 1.897971
-0.33411 -0.2673883 1.302326
0.1763426 -0.9563972 1.962422
-0.3943196 -0.2469303 1.193593
0.141231 -0.9817691 1.821523
9
0.1755283 -0.2287042 1.977967
0.08925523 -0.224972 1.974626
0.2554546 -0.2235311 1.906283
-0.1252455 -0.1443661 1.617729
0.1822196 -0.5746512 1.897971
-0.33411 -0.2673883 1.302326
0.1763426 -0.9563972 1.962422
-0.3943196 -0.2469303 1.193593
0.141231 -0.9817691 1.821523
9
0.1614069 -0.2289919 1.99689
0.07811616 -0.222484 1.988512
0.237967 -0.2278258 1.932292
-0.1334755 -0.2354366 1.675084
0.1846414 -0.5747789 1.90526
-0.3524871 -0.4005124 1.381235
0.1779356 -0.9576572 1.964195
-0.37491 -0.4324043 1.238855
0.143837 -0.9834661 1.823167
9
0.1614069 -0.2289919 1.99689
0.07811616 -0.222484 1.988512
0.237967 -0.2278258 1.932292
-0.1334755 -0.2354366 1.675084
0.1846414 -0.5747789 1.90526
-0.3524871 -0.4005124 1.381235
0.1779356 -0.9576572 1.964195
-0.37491 -0.4324043 1.238855
0.143837 -0.9834661 1.823167
9
0.1612752 -0.2290527 2.001585
0.07757518 -0.2224685 1.992642
0.2385294 -0.2277218 1.936752
-0.1453785 -0.2864849 1.679706
0.1872602 -0.5729384 1.911817
-0.3581766 -0.4779857 1.407694
0.1798832 -0.9561533 1.966612
-0.3797814 -0.5085956 1.265592
0.1467125 -0.9822571 1.825396
9
0.1612752 -0.2290527 2.001585
0.07757518 -0.2224685 1.992642
0.2385294 -0.2277218 1.936752
-0.1453785 -0.2864849 1.679706
0.1872602 -0.5729384 1.911817
-0.3581766 -0.4779857 1.407694
0.1798832 -0.9561533 1.966612
-0.3797814 -0.5085956 1.265592
0.1467125 -0.9822571 1.825396
9
0.1563753 -0.2281099 2.009838
0.07399493 -0.2213206 1.997827
0.2327627 -0.2269456 1.94815
-0.1566306 -0.336624 1.691159
0.190012 -0.5705644 1.91871
-0.348099 -0.5407655 1.45337
0.1822288 -0.9541835 1.971515
-0.3695631 -0.5707005 1.31143
0.149721 -0.9806844 1.830214
9
0.1563753 -0.2281099 2.009838
0.07399493 -0.2213206 1.997827
0.2327627 -0.2269456 1.94815
-0.1566306 -0.336624 1.691159
0.190012 -0.5705644 1.91871
-0.348099 -0.5407655 1.45337
0.1822288 -0.9541835 1.971515
-0.3695631 -0.5707005 1.31143
0.149721 -0.9806844 1.830214
9
0.1540435 -0.2267571 2.01513
0.07185411 -0.219791 2.002482
0.230514 -0.2257364 1.953642
-0.1595687 -0.3942138 1.708427
0.1930114 -0.5702905 1.925377
-0.3367814 -0.6076545 1.503908
0.1836632 -0.9534908 1.975424
-0.3584686 -0.6369531 1.362247
0.1514885 -0.9803618 1.834144
9
0.1540435 -0.2267571 2.01513
0.07185411 -0.219791 2.002482
0.230514 -0.2257364 1.953642
-0.1595687 -0.3942138 1.708427
0.1930114 -0.5702905 1.925377
-0.3367814 -0.6076545 1.503908
0.1836632 -0.9534908 1.975424
-0.3584686 -0.6369531 1.362247
0.1514885 -0.9803618 1.834144
9
0.152057 -0.2261072 2.020653
0.07018476 -0.218466 2.006568
0.2283052 -0.2258655 1.960725
-0.1336028 -0.4325469 1.752266
0.1960485 -0.5725648 1.93307
-0.3194791 -0.6838499 1.562231
0.1887301 -0.9494891 1.980001
-0.3693437 -0.7024755 1.450975
0.1566359 -0.9768019 1.838784
