40
9
0.04886517 0.007913064 2.083561
-0.03137413 0.01133619 2.042748
0.1260073 0.005574946 2.049342
-0.08390856 -0.2314242 1.670377
0.0795747 -0.4215137 2.030863
-0.1265446 -0.506263 1.551939
0.0409927 -0.7553561 2.075279
-0.1254883 -0.5439453 1.432617
0.04784157 -0.8128455 2.005687
9
0.04886517 0.007913064 2.083561
-0.03137413 0.01133619 2.042748
0.1260073 0.005574946 2.049342
-0.08390856 -0.2314242 1.670377
0.0795747 -0.4215137 2.030863
-0.1265446 -0.506263 1.551939
0.0409927 -0.7553561 2.075279
-0.1254883 -0.5439453 1.432617
0.04784157 -0.8128455 2.005687
9
0.04475274 0.008823312 2.081543
-0.03751511 0.01329571 2.041243
0.1238564 0.005353736 2.046936
-0.08812924 -0.191733 1.629479
0.07670268 -0.4208998 2.026567
-0.1417715 -0.4445601 1.469324
0.0393917 -0.7552167 2.073023
-0.1149258 -0.4509933 1.363877
0.04806284 -0.8132682 2.004438
9
0.04475274 0.008823312 2.081543
-0.03751511 0.01329571 2.041243
0.1238564 0.005353736 2.046936
-0.08812924 -0.191733 1.629479
0.07670268 -0.4208998 2.026567
-0.1417715 -0.4445601 1.469324
0.0393917 -0.7552167 2.073023
-0.1149258 -0.4509933 1.363877
0.04806284 -0.8132682 2.004438
9
0.04362672 0.009516412 2.079522
-0.03979037 0.01424645 2.038849
0.1238863 0.005598415 2.045053
-0.08685677 -0.139852 1.605214
0.07434448 -0.4198258 2.023443
-0.126908 -0.3576971 1.394874
0.03585638 -0.7542237 2.070896
-0.110087 -0.3838334 1.278158
0.04855746 -0.8145057 2.002371
9
0.04362672 0.009516412 2.079522
-0.03979037 0.01424645 2.038849
0.1238863 0.005598415 2.045053
-0.08685677 -0.139852 1.605214
0.07434448 -0.4198258 2.023443
-0.126908 -0.3576971 1.394874
0.03585638 -0.7542237 2.070896
-0.110087 -0.3838334 1.278158
0.04855746 -0.8145057 2.002371
9
0.01025261 0.01308706 2.085588
-0.07948784 0.02270481 2.048732
0.09905878 0.004319558 2.047794
-0.08747092 -0.09087151 1.5809
0.07035404 -0.400477 2.013837
-0.1229169 -0.2969418 1.357788
0.03343629 -0.7537233 2.068514
-0.1069678 -0.3244672 1.240696
0.04893617 -0.8147496 2.000949
9
0.01025261 0.01308706 2.085588
-0.07948784 0.02270481 2.048732
0.09905878 0.004319558 2.047794
-0.08747092 -0.09087151 1.5809
0.07035404 -0.400477 2.013837
-0.1229169 -0.2969418 1.357788
0.03343629 -0.7537233 2.068514
-0.1069678 -0.3244672 1.240696
0.04893617 -0.8147496 2.000949
9
0.006839595 0.01377311 2.085979
-0.08174976 0.02316715 2.049062
0.09480467 0.004818194 2.04804
-0.08495609 -0.02755248 1.580977
0.0702608 -0.3980461 2.012156
-0.1204377 -0.2339702 1.358104
0.03350088 -0.7540625 2.066216
-0.1052397 -0.2630893 1.240601
0.04976383 -0.8152982 2.00036
9
0.006839595 0.01377311 2.085979
-0.08174976 0.02316715 2.049062
0.09480467 0.004818194 2.04804
-0.08495609 -0.02755248 1.580977
0.0702608 -0.3980461 2.012156
-0.1204377 -0.2339702 1.358104
0.03350088 -0.7540625 2.066216
-0.1052397 -0.2630893 1.240601
0.04976383 -0.8152982 2.00036
9
0.003059803 0.01478869 2.089014
-0.08664741 0.02521314 2.052703
0.09226636 0.004751653 2.050348
-0.07649162 0.004720358 1.578638
0.07125088 -0.3956985 2.011163
-0.1002204 -0.170558 1.329091
0.03305258 -0.7545582 2.06469
-0.1336514 -0.1624605 1.196352
0.04960569 -0.8149569 1.998646
9
0.003059803 0.01478869 2.089014
-0.08664741 0.02521314 2.052703
0.09226636 0.004751653 2.050348
-0.07649162 0.004720358 1.578638
0.07125088 -0.3956985 2.011163
-0.1002204 -0.170558 1.329091
0.03305258 -0.7545582 2.06469
-0.1336514 -0.1624605 1.196352
0.04960569 -0.8149569 1.998646
9
0.001544167 0.01510652 2.090322
-0.08854546 0.02561323 2.05424
0.09127562 0.004820087 2.051322
-0.07226125 0.02685811 1.562358
0.07197528 -0.3937472 2.009513
-0.09648868 -0.1581367 1.3199
0.03189972 -0.7577051 2.060543
-0.1267065 -0.1154661 1.193714
0.05022902 -0.815375 1.997365
9
0.07530124 -0.01627371 2.058851
-0.008816184 -0.03357713 2.008061
0.1566064 0.001611131 2.034419
-0.05675658 0.0906721 1.623918
0.07189994 -0.3929899 2.008682
-0.07979336 -0.09281246 1.380434
0.03106025 -0.7581239 2.057296
-0.1040969 -0.05045233 1.252607
0.05029066 -0.8153952 1.99739
9
0.07530124 -0.01627371 2.058851
-0.008816184 -0.03357713 2.008061
0.1566064 0.001611131 2.034419
-0.05675658 0.0906721 1.623918
0.07189994 -0.3929899 2.008682
-0.07979336 -0.09281246 1.380434
0.03106025 -0.7581239 2.057296
-0.1040969 -0.05045233 1.252607
0.05029066 -0.8153952 1.99739
9
0.07513775 -0.01627297 2.058694
-0.008978216 -0.03355825 2.007925
0.1564458 0.001592432 2.034238
-0.0507577 0.09605634 1.649166
0.07140058 -0.3932097 2.00767
-0.07380556 -0.08736143 1.405704
0.03120695 -0.7583474 2.055564
-0.0981999 -0.04623579 1.277373
0.05014205 -0.8157299 1.996021
9
0.07513775 -0.01627297 2.058694
-0.008978216 -0.03355825 2.007925
0.1564458 0.001592432 2.034238
-0.0507577 0.09605634 1.649166
0.07140058 -0.3932097 2.00767
-0.07380556 -0.08736143 1.405704
0.03120695 -0.7583474 2.055564
-0.0981999 -0.04623579 1.277373
0.05014205 -0.8157299 1.996021
9
0.07560798 -0.01638397 2.058515
-0.008400793 -0.03365504 2.007406
0.1568862 0.001458088 2.034292
-0.07628755 0.1435112 1.60229
0.07013579 -0.39284 2.005853
-0.09927299 -0.04023134 1.35898
0.03091939 -0.7586626 2.054845
-0.1224953 0.001992781 1.231522
0.05023964 -0.8154153 1.994468
9
0.07560798 -0.01638397 2.058515
-0.008400793 -0.03365504 2.007406
0.1568862 0.001458088 2.034292
-0.07628755 0.1435112 1.60229
0.07013579 -0.39284 2.005853
-0.09927299 -0.04023134 1.35898
0.03091939 -0.7586626 2.054845
-0.1224953 0.001992781 1.231522
0.05023964 -0.8154153 1.994468
9
0.07570051 -0.01653421 2.058511
-0.00832906 -0.03378188 2.007392
0.156991 0.001291326 2.034306
-0.07658584 0.1432752 1.602859
0.06936722 -0.3927121 2.005159
-0.09956983 -0.04046441 1.359548
0.03126798 -0.7585948 2.052522
-0.1224409 -0.002198167 1.230304
0.05024201 -0.8155903 1.994283
9
0.07570051 -0.01653421 2.058511
-0.00832906 -0.03378188 2.007392
0.156991 0.001291326 2.034306
-0.07658584 0.1432752 1.602859
0.06936722 -0.3927121 2.005159
-0.09956983 -0.04046441 1.359548
0.03126798 -0.7585948 2.052522
-0.1224409 -0.002198167 1.230304
0.05024201 -0.8155903 1.994283
9
0.07599938 -0.01689448 2.058627
-0.008054039 -0.03411285 2.00749
0.157293 0.0009175147 2.034451
-0.05960931 0.09506033 1.632697
0.06879114 -0.39205 2.004722
-0.08263198 -0.08840908 1.389228
0.03112835 -0.7584291 2.051666
-0.1046465 -0.04878264 1.259694
0.05063152 -0.8156691 1.994615
9
0.07599938 -0.01689448 2.058627
-0.008054039 -0.03411285 2.00749
0.157293 0.0009175147 2.034451
-0.05960931 0.09506033 1.632697
0.06879114 -0.39205 2.004722
-0.08263198 -0.08840908 1.389228
0.03112835 -0.7584291 2.051666
-0.1046465 -0.04878264 1.259694
0.05063152 -0.8156691 1.994615
9
0.07599938 -0.01689448 2.058627
-0.008054039 -0.03411285 2.00749
0.157293 0.0009175147 2.034451
-0.05960931 0.09506033 1.632697
0.06879114 -0.39205 2.004722
-0.08263198 -0.08840908 1.389228
0.03112835 -0.7584291 2.051666
-0.1046465 -0.04878264 1.259694
0.05063152 -0.8156691 1.994615
9
0.07599938 -0.01689448 2.058627
-0.008054039 -0.03411285 2.00749
0.157293 0.0009175147 2.034451
-0.05960931 0.09506033 1.632697
0.06879114 -0.39205 2.004722
-0.08263198 -0.08840908 1.389228
0.03112835 -0.7584291 2.051666
-0.1046465 -0.04878264 1.259694
0.05063152 -0.8156691 1.994615
9
0.07599938 -0.01689448 2.058627
-0.008054039 -0.03411285 2.00749
0.157293 0.0009175147 2.034451
-0.05960931 0.09506033 1.632697
0.06879114 -0.39205 2.004722
-0.08263198 -0.08840908 1.389228
0.03112835 -0.7584291 2.051666
-0.1046465 -0.04878264 1.259694
0.05063152 -0.8156691 1.994615
9
0.07132629 -0.01812569 2.059509
-0.01191089 -0.03528097 2.009281
0.151601 -0.0003983059 2.034365
-0.07552043 0.04638213 1.616137
0.06936988 -0.3928282 2.005172
-0.1046674 -0.1354699 1.372079
0.03096509 -0.7582819 2.051549
-0.1290853 -0.106802 1.239476
0.05080242 -0.8156314 1.994212
9
0.07132629 -0.01812569 2.059509
-0.01191089 -0.03528097 2.009281
0.151601 -0.0003983059 2.034365
-0.07552043 0.04638213 1.616137
0.06936988 -0.3928282 2.005172
-0.1046674 -0.1354699 1.372079
0.03096509 -0.7582819 2.051549
-0.1290853 -0.106802 1.239476
0.05080242 -0.8156314 1.994212
9
0.07132629 -0.01812569 2.059509
-0.01191089 -0.03528097 2.009281
0.151601 -0.0003983059 2.034365
-0.07552043 0.04638213 1.616137
0.06936988 -0.3928282 2.005172
-0.1046674 -0.1354699 1.372079
0.03096509 -0.7582819 2.051549
-0.1290853 -0.106802 1.239476
0.05080242 -0.8156314 1.994212
9
0.07132629 -0.01812569 2.059509
-0.01191089 -0.03528097 2.009281
0.151601 -0.0003983059 2.034365
-0.07552043 0.04638213 1.616137
0.06936988 -0.3928282 2.005172
-0.1046674 -0.1354699 1.372079
0.03096509 -0.7582819 2.051549
-0.1290853 -0.106802 1.239476
0.05080242 -0.8156314 1.994212
9
0.06949059 -0.0173432 2.058887
-0.01299981 -0.03415438 2.009383
0.1486021 -5.774579E-05 2.032626
-0.09612679 -0.04689879 1.600476
0.07048506 -0.3915423 2.007427
-0.1251707 -0.2283757 1.356102
0.03127322 -0.7581778 2.052003
-0.165056 -0.2427361 1.228755
0.05237282 -0.8165463 1.993625
9
0.03347923 -0.002349349 2.102624
-0.04686675 -0.004035028 2.065719
0.1150615 -0.0005442953 2.062142
-0.1061114 -0.1040974 1.609167
0.07173885 -0.3892648 2.011044
-0.1814416 -0.4084943 1.347279
0.03122048 -0.7579009 2.053912
-0.1828613 -0.3408203 1.24707
0.05181924 -0.8165308 1.9939
9
0.03347923 -0.002349349 2.102624
-0.04686675 -0.004035028 2.065719
0.1150615 -0.0005442953 2.062142
-0.1061114 -0.1040974 1.609167
0.07173885 -0.3892648 2.011044
-0.1814416 -0.4084943 1.347279
0.03122048 -0.7579009 2.053912
-0.1828613 -0.3408203 1.24707
0.05181924 -0.8165308 1.9939
9
0.03555393 -0.00244656 2.101547
-0.04481457 -0.004501406 2.06499
0.1161945 -0.0003304959 2.061402
-0.1064168 -0.154971 1.641284
0.07286014 -0.388915 2.013886
-0.1663046 -0.3774794 1.441474
0.03054953 -0.7571173 2.056031
-0.1730337 -0.396645 1.30773
0.05173375 -0.8164775 1.993958
9
0.03555393 -0.00244656 2.101547
-0.04481457 -0.004501406 2.06499
0.1161945 -0.0003304959 2.061402
-0.1064168 -0.154971 1.641284
0.07286014 -0.388915 2.013886
-0.1663046 -0.3774794 1.441474
0.03054953 -0.7571173 2.056031
-0.1730337 -0.396645 1.30773
0.05173375 -0.8164775 1.993958
9
0.0404484 -0.001154928 2.097384
-0.04026309 -0.003639508 2.0623
0.1202715 0.001278216 2.056525
-0.1072251 -0.2057766 1.673365
0.07513051 -0.398387 2.021503
-0.1643505 -0.4488389 1.499781
0.03036818 -0.7559064 2.058932
-0.151589 -0.4696885 1.395972
0.05130234 -0.8161159 1.994828
9
0.0404484 -0.001154928 2.097384
-0.04026309 -0.003639508 2.0623
0.1202715 0.001278216 2.056525
-0.1072251 -0.2057766 1.673365
0.07513051 -0.398387 2.021503
-0.1643505 -0.4488389 1.499781
0.03036818 -0.7559064 2.058932
-0.151589 -0.4696885 1.395972
0.05130234 -0.8161159 1.994828
9
0.03676586 0.002271833 2.100918
-0.04712129 0.004479622 2.068426
0.1185188 0.001983818 2.058548
-0.1046953 -0.2595088 1.710296
0.07803939 -0.4020404 2.02654
-0.1574163 -0.5717421 1.544952
0.03066945 -0.7553516 2.062158
-0.1469036 -0.5950096 1.428914
0.05113715 -0.8159553 1.995233
9
0.03676586 0.002271833 2.100918
-0.04712129 0.004479622 2.068426
0.1185188 0.001983818 2.058548
-0.1046953 -0.2595088 1.710296
0.07803939 -0.4020404 2.02654
-0.1574163 -0.5717421 1.544952
0.03066945 -0.7553516 2.062158
-0.1469036 -0.5950096 1.428914
0.05113715 -0.8159553 1.995233
9
0.03627147 0.002585073 2.101355
-0.04755703 0.004764756 2.068463
0.1180839 0.002032734 2.059502
-0.1009747 -0.3167932 1.74914
0.08219816 -0.3994938 2.031097
-0.1575739 -0.6098508 1.64555
0.0309772 -0.755565 2.063311
-0.1475565 -0.6331781 1.529512
0.05091134 -0.8163065 1.996215
