40
9
0.09464063 -0.2272827 2.067556
0.01190626 -0.2211686 2.030045
0.1740794 -0.2250424 2.029691
-0.0006892515 -0.630569 2.018834
0.1772302 -0.6381547 2.018865
0.01746972 -0.9664528 2.107517
0.1857885 -0.9588402 2.056373
0.02616102 -0.996115 1.963214
0.1611572 -1.031323 1.976076
9
0.09464063 -0.2272827 2.067556
0.01190626 -0.2211686 2.030045
0.1740794 -0.2250424 2.029691
-0.0006892515 -0.630569 2.018834
0.1772302 -0.6381547 2.018865
0.01746972 -0.9664528 2.107517
0.1857885 -0.9588402 2.056373
0.02616102 -0.996115 1.963214
0.1611572 -1.031323 1.976076
9
0.09464063 -0.2272827 2.067556
0.01190626 -0.2211686 2.030045
0.1740794 -0.2250424 2.029691
-0.0006892515 -0.630569 2.018834
0.1772302 -0.6381547 2.018865
0.01746972 -0.9664528 2.107517
0.1857885 -0.9588402 2.056373
0.02616102 -0.996115 1.963214
0.1611572 -1.031323 1.976076
9
0.09464063 -0.2272827 2.067556
0.01190626 -0.2211686 2.030045
0.1740794 -0.2250424 2.029691
-0.0006892515 -0.630569 2.018834
0.1772302 -0.6381547 2.018865
0.01746972 -0.9664528 2.107517
0.1857885 -0.9588402 2.056373
0.02616102 -0.996115 1.963214
0.1611572 -1.031323 1.976076
9
0.1219788 -0.2260443 2.061838
0.03846119 -0.2177025 2.020751
0.2016112 -0.226111 2.027997
-0.001989231 -0.5765584 1.913854
0.1849019 -0.6387336 2.020032
-0.006591767 -0.9431582 2.030739
0.1854157 -0.9612856 2.057781
0.008353475 -0.9720369 1.886886
0.1612462 -1.033923 1.977616
9
0.1219788 -0.2260443 2.061838
0.03846119 -0.2177025 2.020751
0.2016112 -0.226111 2.027997
-0.001989231 -0.5765584 1.913854
0.1849019 -0.6387336 2.020032
-0.006591767 -0.9431582 2.030739
0.1854157 -0.9612856 2.057781
0.008353475 -0.9720369 1.886886
0.1612462 -1.033923 1.977616
9
0.132495 -0.2245528 2.060384
0.04780503 -0.2161077 2.018768
0.2124922 -0.2248592 2.027328
0.001812282 -0.561319 1.869221
0.1901799 -0.6372225 2.018695
-0.01716771 -0.92901 1.982103
0.1854186 -0.9612925 2.057791
-0.0549948 -1.007232 1.935346
0.1620533 -1.035889 1.981102
9
0.132495 -0.2245528 2.060384
0.04780503 -0.2161077 2.018768
0.2124922 -0.2248592 2.027328
0.001812282 -0.561319 1.869221
0.1901799 -0.6372225 2.018695
-0.01716771 -0.92901 1.982103
0.1854186 -0.9612925 2.057791
-0.0549948 -1.007232 1.935346
0.1620533 -1.035889 1.981102
9
0.132495 -0.2245528 2.060384
0.04780503 -0.2161077 2.018768
0.2124922 -0.2248592 2.027328
0.001812282 -0.561319 1.869221
0.1901799 -0.6372225 2.018695
-0.01716771 -0.92901 1.982103
0.1854186 -0.9612925 2.057791
-0.0549948 -1.007232 1.935346
0.1620533 -1.035889 1.981102
9
0.132495 -0.2245528 2.060384
0.04780503 -0.2161077 2.018768
0.2124922 -0.2248592 2.027328
0.001812282 -0.561319 1.869221
0.1901799 -0.6372225 2.018695
-0.01716771 -0.92901 1.982103
0.1854186 -0.9612925 2.057791
-0.0549948 -1.007232 1.935346
0.1620533 -1.035889 1.981102
9
0.1444093 -0.2229502 2.059901
0.0568839 -0.2144997 2.018141
0.2270204 -0.2233884 2.027137
0.01727905 -0.5504232 1.79464
0.1957084 -0.6361457 2.015259
-0.01055179 -0.8881531 1.8141
0.185411 -0.9609309 2.057161
-0.03393766 -0.9557729 1.727726
0.1623037 -1.035028 1.979334
9
0.1444093 -0.2229502 2.059901
0.0568839 -0.2144997 2.018141
0.2270204 -0.2233884 2.027137
0.01727905 -0.5504232 1.79464
0.1957084 -0.6361457 2.015259
-0.01055179 -0.8881531 1.8141
0.185411 -0.9609309 2.057161
-0.03393766 -0.9557729 1.727726
0.1623037 -1.035028 1.979334
9
0.1598927 -0.2224892 2.058489
0.0729863 -0.2142762 2.016567
0.2409888 -0.2226994 2.025941
0.02622612 -0.525815 1.754694
0.2000741 -0.6389199 2.01086
-0.000555729 -0.8284572 1.708693
0.1837819 -0.9620709 2.055135
-0.01087207 -0.8889146 1.60884
0.1615183 -1.038181 1.981256
9
0.1598927 -0.2224892 2.058489
0.0729863 -0.2142762 2.016567
0.2409888 -0.2226994 2.025941
0.02622612 -0.525815 1.754694
0.2000741 -0.6389199 2.01086
-0.000555729 -0.8284572 1.708693
0.1837819 -0.9620709 2.055135
-0.01087207 -0.8889146 1.60884
0.1615183 -1.038181 1.981256
9
0.1598927 -0.2224892 2.058489
0.0729863 -0.2142762 2.016567
0.2409888 -0.2226994 2.025941
0.02622612 -0.525815 1.754694
0.2000741 -0.6389199 2.01086
-0.000555729 -0.8284572 1.708693
0.1837819 -0.9620709 2.055135
-0.01087207 -0.8889146 1.60884
0.1615183 -1.038181 1.981256
9
0.1598927 -0.2224892 2.058489
0.0729863 -0.2142762 2.016567
0.2409888 -0.2226994 2.025941
0.02622612 -0.525815 1.754694
0.2000741 -0.6389199 2.01086
-0.000555729 -0.8284572 1.708693
0.1837819 -0.9620709 2.055135
-0.01087207 -0.8889146 1.60884
0.1615183 -1.038181 1.981256
9
0.1598927 -0.2224892 2.058489
0.0729863 -0.2142762 2.016567
0.2409888 -0.2226994 2.025941
0.02622612 -0.525815 1.754694
0.2000741 -0.6389199 2.01086
-0.000555729 -0.8284572 1.708693
0.1837819 -0.9620709 2.055135
-0.01087207 -0.8889146 1.60884
0.1615183 -1.038181 1.981256
9
0.1598927 -0.2224892 2.058489
0.0729863 -0.2142762 2.016567
0.2409888 -0.2226994 2.025941
0.02622612 -0.525815 1.754694
0.2000741 -0.6389199 2.01086
-0.000555729 -0.8284572 1.708693
0.1837819 -0.9620709 2.055135
-0.01087207 -0.8889146 1.60884
0.1615183 -1.038181 1.981256
9
0.1656297 -0.2241942 2.055552
0.07639375 -0.2157719 2.015168
0.249487 -0.2244283 2.020927
0.04950309 -0.4254437 1.622318
0.206272 -0.6468334 1.994757
0.01849921 -0.6835198 1.454978
0.1773045 -0.9691595 2.030513
0.01607502 -0.6434695 1.285921
0.1866456 -0.9966121 1.886155
9
0.1656297 -0.2241942 2.055552
0.07639375 -0.2157719 2.015168
0.249487 -0.2244283 2.020927
0.04950309 -0.4254437 1.622318
0.206272 -0.6468334 1.994757
0.01849921 -0.6835198 1.454978
0.1773045 -0.9691595 2.030513
0.01607502 -0.6434695 1.285921
0.1866456 -0.9966121 1.886155
9
0.1782356 -0.2258542 2.04747
0.08628304 -0.2180362 2.010245
0.2640143 -0.2251709 2.009584
0.05390304 -0.3765975 1.569828
0.2095111 -0.6440114 1.985955
-0.006658596 -0.5340675 1.32262
0.1779281 -0.9671219 2.025499
0.02087371 -0.5391015 1.154585
0.1860893 -0.9941285 1.880854
9
0.1782356 -0.2258542 2.04747
0.08628304 -0.2180362 2.010245
0.2640143 -0.2251709 2.009584
0.05390304 -0.3765975 1.569828
0.2095111 -0.6440114 1.985955
-0.006658596 -0.5340675 1.32262
0.1779281 -0.9671219 2.025499
0.02087371 -0.5391015 1.154585
0.1860893 -0.9941285 1.880854
9
0.1782356 -0.2258542 2.04747
0.08628304 -0.2180362 2.010245
0.2640143 -0.2251709 2.009584
0.05390304 -0.3765975 1.569828
0.2095111 -0.6440114 1.985955
-0.006658596 -0.5340675 1.32262
0.1779281 -0.9671219 2.025499
0.02087371 -0.5391015 1.154585
0.1860893 -0.9941285 1.880854
9
0.1782356 -0.2258542 2.04747
0.08628304 -0.2180362 2.010245
0.2640143 -0.2251709 2.009584
0.05390304 -0.3765975 1.569828
0.2095111 -0.6440114 1.985955
-0.006658596 -0.5340675 1.32262
0.1779281 -0.9671219 2.025499
0.02087371 -0.5391015 1.154585
0.1860893 -0.9941285 1.880854
9
0.1782356 -0.2258542 2.04747
0.08628304 -0.2180362 2.010245
0.2640143 -0.2251709 2.009584
0.05390304 -0.3765975 1.569828
0.2095111 -0.6440114 1.985955
-0.006658596 -0.5340675 1.32262
0.1779281 -0.9671219 2.025499
0.02087371 -0.5391015 1.154585
0.1860893 -0.9941285 1.880854
9
0.1782356 -0.2258542 2.04747
0.08628304 -0.2180362 2.010245
0.2640143 -0.2251709 2.009584
0.05390304 -0.3765975 1.569828
0.2095111 -0.6440114 1.985955
-0.006658596 -0.5340675 1.32262
0.1779281 -0.9671219 2.025499
0.02087371 -0.5391015 1.154585
0.1860893 -0.9941285 1.880854
9
0.1894315 -0.2264039 2.030069
0.09262598 -0.2199959 1.999668
0.2804189 -0.2235848 1.984528
0.07164691 -0.1988722 1.537541
0.2450818 -0.6007004 1.945649
-0.00392258 -0.3168086 1.272762
0.1828232 -0.9295992 1.993108
0.04835778 -0.3057111 1.10936
0.1869074 -0.9560767 1.847699
9
0.1894315 -0.2264039 2.030069
0.09262598 -0.2199959 1.999668
0.2804189 -0.2235848 1.984528
0.07164691 -0.1988722 1.537541
0.2450818 -0.6007004 1.945649
-0.00392258 -0.3168086 1.272762
0.1828232 -0.9295992 1.993108
0.04835778 -0.3057111 1.10936
0.1869074 -0.9560767 1.847699
9
0.1894315 -0.2264039 2.030069
0.09262598 -0.2199959 1.999668
0.2804189 -0.2235848 1.984528
0.07164691 -0.1988722 1.537541
0.2450818 -0.6007004 1.945649
-0.00392258 -0.3168086 1.272762
0.1828232 -0.9295992 1.993108
0.04835778 -0.3057111 1.10936
0.1869074 -0.9560767 1.847699
9
0.1894315 -0.2264039 2.030069
0.09262598 -0.2199959 1.999668
0.2804189 -0.2235848 1.984528
0.07164691 -0.1988722 1.537541
0.2450818 -0.6007004 1.945649
-0.00392258 -0.3168086 1.272762
0.1828232 -0.9295992 1.993108
0.04835778 -0.3057111 1.10936
0.1869074 -0.9560767 1.847699
9
0.1894315 -0.2264039 2.030069
0.09262598 -0.2199959 1.999668
0.2804189 -0.2235848 1.984528
0.07164691 -0.1988722 1.537541
0.2450818 -0.6007004 1.945649
-0.00392258 -0.3168086 1.272762
0.1828232 -0.9295992 1.993108
0.04835778 -0.3057111 1.10936
0.1869074 -0.9560767 1.847699
9
0.1894315 -0.2264039 2.030069
0.09262598 -0.2199959 1.999668
0.2804189 -0.2235848 1.984528
0.07164691 -0.1988722 1.537541
0.2450818 -0.6007004 1.945649
-0.00392258 -0.3168086 1.272762
0.1828232 -0.9295992 1.993108
0.04835778 -0.3057111 1.10936
0.1869074 -0.9560767 1.847699
9
0.1626599 -0.2237463 2.033564
0.05481612 -0.2181405 2.005265
0.2621651 -0.2210708 1.987292
0.09034995 -0.1195274 1.513467
0.2424902 -0.5993531 1.943255
0.04209722 -0.2221466 1.236378
0.1814071 -0.9269825 1.992121
0.09566057 -0.1735334 1.080776
0.1822721 -0.953516 1.846549
9
0.1626599 -0.2237463 2.033564
0.05481612 -0.2181405 2.005265
0.2621651 -0.2210708 1.987292
0.09034995 -0.1195274 1.513467
0.2424902 -0.5993531 1.943255
0.04209722 -0.2221466 1.236378
0.1814071 -0.9269825 1.992121
0.09566057 -0.1735334 1.080776
0.1822721 -0.953516 1.846549
9
0.1604446 -0.2237479 2.033725
0.05448226 -0.2179976 2.005219
0.2578232 -0.2215954 1.987921
0.0923636 -0.1229921 1.512884
0.2422685 -0.5997797 1.942872
0.04139886 -0.2276498 1.237023
0.1804694 -0.9260188 1.992114
0.09773522 -0.2033039 1.076721
0.1807207 -0.9525537 1.846511
9
0.1604446 -0.2237479 2.033725
0.05448226 -0.2179976 2.005219
0.2578232 -0.2215954 1.987921
0.0923636 -0.1229921 1.512884
0.2422685 -0.5997797 1.942872
0.04139886 -0.2276498 1.237023
0.1804694 -0.9260188 1.992114
0.09773522 -0.2033039 1.076721
0.1807207 -0.9525537 1.846511
9
0.1581343 -0.2244754 2.034359
0.05434494 -0.2179262 2.005277
0.2523765 -0.2242109 1.989511
0.08945286 -0.1569071 1.514345
0.2439417 -0.615098 1.943223
0.03954172 -0.2579028 1.236922
0.1805293 -0.9260182 1.992148
0.09693159 -0.2282798 1.077965
0.1804544 -0.9525757 1.846544
9
0.1581343 -0.2244754 2.034359
0.05434494 -0.2179262 2.005277
0.2523765 -0.2242109 1.989511
0.08945286 -0.1569071 1.514345
0.2439417 -0.615098 1.943223
0.03954172 -0.2579028 1.236922
0.1805293 -0.9260182 1.992148
0.09693159 -0.2282798 1.077965
0.1804544 -0.9525757 1.846544
9
0.1581343 -0.2244754 2.034359
0.05434494 -0.2179262 2.005277
0.2523765 -0.2242109 1.989511
0.08945286 -0.1569071 1.514345
0.2439417 -0.615098 1.943223
0.03954172 -0.2579028 1.236922
0.1805293 -0.9260182 1.992148
0.09693159 -0.2282798 1.077965
0.1804544 -0.9525757 1.846544
9
0.1581343 -0.2244754 2.034359
0.05434494 -0.2179262 2.005277
0.2523765 -0.2242109 1.989511
0.08945286 -0.1569071 1.514345
0.2439417 -0.615098 1.943223
0.03954172 -0.2579028 1.236922
0.1805293 -0.9260182 1.992148
0.09693159 -0.2282798 1.077965
0.1804544 -0.9525757 1.846544
