40
9
0.2249454 -0.03399415 1.695078
0.1351861 -0.02838278 1.658647
0.3045677 -0.03791891 1.655731
0.1216676 -0.4418556 1.559964
0.248661 -0.4905458 1.683685
0.09720373 -0.7865899 1.606327
0.1869919 -0.802893 1.640326
0.0493563 -0.8444862 1.52756
0.09783936 -0.8447266 1.538086
9
0.2249454 -0.03399415 1.695078
0.1351861 -0.02838278 1.658647
0.3045677 -0.03791891 1.655731
0.1216676 -0.4418556 1.559964
0.248661 -0.4905458 1.683685
0.09720373 -0.7865899 1.606327
0.1869919 -0.802893 1.640326
0.0493563 -0.8444862 1.52756
0.09783936 -0.8447266 1.538086
9
0.2249454 -0.03399415 1.695078
0.1351861 -0.02838278 1.658647
0.3045677 -0.03791891 1.655731
0.1216676 -0.4418556 1.559964
0.248661 -0.4905458 1.683685
0.09720373 -0.7865899 1.606327
0.1869919 -0.802893 1.640326
0.0493563 -0.8444862 1.52756
0.09783936 -0.8447266 1.538086
9
0.2249454 -0.03399415 1.695078
0.1351861 -0.02838278 1.658647
0.3045677 -0.03791891 1.655731
0.1216676 -0.4418556 1.559964
0.248661 -0.4905458 1.683685
0.09720373 -0.7865899 1.606327
0.1869919 -0.802893 1.640326
0.0493563 -0.8444862 1.52756
0.09783936 -0.8447266 1.538086
9
0.2409018 -0.01802888 1.678015
0.14765 -0.0173222 1.640737
0.3238507 -0.01708155 1.639897
0.1621556 -0.3187457 1.365041
0.3123071 -0.4145669 1.661283
0.1613958 -0.6004725 1.289161
0.2303634 -0.7312292 1.609552
0.1555393 -0.6598136 1.19205
0.1328146 -0.8055133 1.542911
9
0.2409018 -0.01802888 1.678015
0.14765 -0.0173222 1.640737
0.3238507 -0.01708155 1.639897
0.1621556 -0.3187457 1.365041
0.3123071 -0.4145669 1.661283
0.1613958 -0.6004725 1.289161
0.2303634 -0.7312292 1.609552
0.1555393 -0.6598136 1.19205
0.1328146 -0.8055133 1.542911
9
0.2409018 -0.01802888 1.678015
0.14765 -0.0173222 1.640737
0.3238507 -0.01708155 1.639897
0.1621556 -0.3187457 1.365041
0.3123071 -0.4145669 1.661283
0.1613958 -0.6004725 1.289161
0.2303634 -0.7312292 1.609552
0.1555393 -0.6598136 1.19205
0.1328146 -0.8055133 1.542911
9
0.2409018 -0.01802888 1.678015
0.14765 -0.0173222 1.640737
0.3238507 -0.01708155 1.639897
0.1621556 -0.3187457 1.365041
0.3123071 -0.4145669 1.661283
0.1613958 -0.6004725 1.289161
0.2303634 -0.7312292 1.609552
0.1555393 -0.6598136 1.19205
0.1328146 -0.8055133 1.542911
9
0.2428989 -0.01350269 1.670655
0.1488585 -0.01270355 1.631885
0.3261085 -0.01326816 1.634081
0.1836115 -0.2584256 1.281223
0.3122486 -0.4106553 1.658244
0.1875131 -0.4956214 1.102879
0.1892868 -0.7804143 1.641093
0.1865218 -0.5262303 0.9632781
0.1063311 -0.8409297 1.532849
9
0.2428989 -0.01350269 1.670655
0.1488585 -0.01270355 1.631885
0.3261085 -0.01326816 1.634081
0.1836115 -0.2584256 1.281223
0.3122486 -0.4106553 1.658244
0.1875131 -0.4956214 1.102879
0.1892868 -0.7804143 1.641093
0.1865218 -0.5262303 0.9632781
0.1063311 -0.8409297 1.532849
9
0.2428989 -0.01350269 1.670655
0.1488585 -0.01270355 1.631885
0.3261085 -0.01326816 1.634081
0.1836115 -0.2584256 1.281223
0.3122486 -0.4106553 1.658244
0.1875131 -0.4956214 1.102879
0.1892868 -0.7804143 1.641093
0.1865218 -0.5262303 0.9632781
0.1063311 -0.8409297 1.532849
9
0.2428989 -0.01350269 1.670655
0.1488585 -0.01270355 1.631885
0.3261085 -0.01326816 1.634081
0.1836115 -0.2584256 1.281223
0.3122486 -0.4106553 1.658244
0.1875131 -0.4956214 1.102879
0.1892868 -0.7804143 1.641093
0.1865218 -0.5262303 0.9632781
0.1063311 -0.8409297 1.532849
9
0.2319737 -0.001745147 1.662975
0.1325086 0.002238554 1.624706
0.3196947 -0.004709504 1.626039
0.1900773 -0.1777445 1.20734
0.3151197 -0.3645632 1.645368
0.1978001 -0.3742468 0.9828442
0.19567 -0.7359427 1.635035
0.2064209 -0.4592285 0.9145508
0.181399 -0.829073 1.524718
9
0.2319737 -0.001745147 1.662975
0.1325086 0.002238554 1.624706
0.3196947 -0.004709504 1.626039
0.1900773 -0.1777445 1.20734
0.3151197 -0.3645632 1.645368
0.1978001 -0.3742468 0.9828442
0.19567 -0.7359427 1.635035
0.2064209 -0.4592285 0.9145508
0.181399 -0.829073 1.524718
9
0.2319737 -0.001745147 1.662975
0.1325086 0.002238554 1.624706
0.3196947 -0.004709504 1.626039
0.1900773 -0.1777445 1.20734
0.3151197 -0.3645632 1.645368
0.1978001 -0.3742468 0.9828442
0.19567 -0.7359427 1.635035
0.2064209 -0.4592285 0.9145508
0.181399 -0.829073 1.524718
9
0.2319737 -0.001745147 1.662975
0.1325086 0.002238554 1.624706
0.3196947 -0.004709504 1.626039
0.1900773 -0.1777445 1.20734
0.3151197 -0.3645632 1.645368
0.1978001 -0.3742468 0.9828442
0.19567 -0.7359427 1.635035
0.2064209 -0.4592285 0.9145508
0.181399 -0.829073 1.524718
9
0.2319737 -0.001745147 1.662975
0.1325086 0.002238554 1.624706
0.3196947 -0.004709504 1.626039
0.1900773 -0.1777445 1.20734
0.3151197 -0.3645632 1.645368
0.1978001 -0.3742468 0.9828442
0.19567 -0.7359427 1.635035
0.2064209 -0.4592285 0.9145508
0.181399 -0.829073 1.524718
9
0.2319737 -0.001745147 1.662975
0.1325086 0.002238554 1.624706
0.3196947 -0.004709504 1.626039
0.1900773 -0.1777445 1.20734
0.3151197 -0.3645632 1.645368
0.1978001 -0.3742468 0.9828442
0.19567 -0.7359427 1.635035
0.2064209 -0.4592285 0.9145508
0.181399 -0.829073 1.524718
9
0.2298166 0.006847949 1.657619
0.1286359 0.007277976 1.620001
0.3204349 0.007800451 1.619624
0.2020853 -0.02847798 1.155938
0.3325164 -0.3307811 1.646831
0.2037132 -0.1597041 0.8884453
0.2211916 -0.7049841 1.636093
0.237793 -0.1473389 0.7358398
0.2226087 -0.7355317 1.495955
9
0.2298166 0.006847949 1.657619
0.1286359 0.007277976 1.620001
0.3204349 0.007800451 1.619624
0.2020853 -0.02847798 1.155938
0.3325164 -0.3307811 1.646831
0.2037132 -0.1597041 0.8884453
0.2211916 -0.7049841 1.636093
0.237793 -0.1473389 0.7358398
0.2226087 -0.7355317 1.495955
9
0.2298166 0.006847949 1.657619
0.1286359 0.007277976 1.620001
0.3204349 0.007800451 1.619624
0.2020853 -0.02847798 1.155938
0.3325164 -0.3307811 1.646831
0.2037132 -0.1597041 0.8884453
0.2211916 -0.7049841 1.636093
0.237793 -0.1473389 0.7358398
0.2226087 -0.7355317 1.495955
9
0.2317513 0.007642641 1.656143
0.129325 0.006586866 1.617665
0.3248783 0.01046801 1.618761
0.2102349 0.06961652 1.253783
0.35177 -0.3250697 1.653748
0.2118149 -0.06136141 0.9868773
0.2310635 -0.6965821 1.636516
0.2308904 -0.0496168 0.8207632
0.2311911 -0.7272623 1.496269
9
0.2317513 0.007642641 1.656143
0.129325 0.006586866 1.617665
0.3248783 0.01046801 1.618761
0.2102349 0.06961652 1.253783
0.35177 -0.3250697 1.653748
0.2118149 -0.06136141 0.9868773
0.2310635 -0.6965821 1.636516
0.2308904 -0.0496168 0.8207632
0.2311911 -0.7272623 1.496269
9
0.2317513 0.007642641 1.656143
0.129325 0.006586866 1.617665
0.3248783 0.01046801 1.618761
0.2102349 0.06961652 1.253783
0.35177 -0.3250697 1.653748
0.2118149 -0.06136141 0.9868773
0.2310635 -0.6965821 1.636516
0.2308904 -0.0496168 0.8207632
0.2311911 -0.7272623 1.496269
9
0.2324941 0.008425189 1.655427
0.1290701 0.006148791 1.616518
0.3274307 0.0132731 1.618382
0.2105432 0.06968476 1.252856
0.2469049 -0.4473864 1.627313
0.2121235 -0.06129713 0.9859489
0.1882411 -0.7942663 1.625197
0.231159 -0.04961338 0.8198276
0.1858591 -0.855091 1.530896
9
0.232694 0.009290888 1.654793
0.1284196 0.006041305 1.615559
0.328401 0.01521609 1.617989
0.2101448 0.07001043 1.252023
0.2469874 -0.4454669 1.626236
0.1811777 -0.08130848 0.8849798
0.1894118 -0.7931564 1.624182
0.1975041 -0.07763396 0.7179221
0.1839212 -0.8542631 1.530223
9
0.232694 0.009290888 1.654793
0.1284196 0.006041305 1.615559
0.328401 0.01521609 1.617989
0.2101448 0.07001043 1.252023
0.2469874 -0.4454669 1.626236
0.1811777 -0.08130848 0.8849798
0.1894118 -0.7931564 1.624182
0.1975041 -0.07763396 0.7179221
0.1839212 -0.8542631 1.530223
9
0.2334302 0.00849426 1.656005
0.1284594 0.004046345 1.617432
0.3294347 0.01464756 1.619085
0.2077966 0.07152739 1.253988
0.2442043 -0.44543 1.627232
0.1756351 -0.08480087 0.9051748
0.1890378 -0.7953193 1.624719
0.1926007 -0.08052254 0.7380965
0.1812477 -0.8550907 1.529256
9
0.2334302 0.00849426 1.656005
0.1284594 0.004046345 1.617432
0.3294347 0.01464756 1.619085
0.2077966 0.07152739 1.253988
0.2442043 -0.44543 1.627232
0.1756351 -0.08480087 0.9051748
0.1890378 -0.7953193 1.624719
0.1926007 -0.08052254 0.7380965
0.1812477 -0.8550907 1.529256
9
0.2338551 0.007235732 1.656865
0.1286305 0.002165676 1.618957
0.3298044 0.01341475 1.619573
0.2003403 0.02370694 1.20484
0.2378828 -0.44532 1.628968
0.174949 -0.1017911 0.9112495
0.2001729 -0.729405 1.618363
0.2082147 -0.1167692 0.7496852
0.2018234 -0.7594014 1.478416
9
0.2338551 0.007235732 1.656865
0.1286305 0.002165676 1.618957
0.3298044 0.01341475 1.619573
0.2003403 0.02370694 1.20484
0.2378828 -0.44532 1.628968
0.174949 -0.1017911 0.9112495
0.2001729 -0.729405 1.618363
0.2082147 -0.1167692 0.7496852
0.2018234 -0.7594014 1.478416
9
0.2320105 0.004371871 1.664104
0.1268685 -0.000255922 1.628289
0.3273858 0.009626608 1.62528
0.1943186 -0.04664211 1.137289
0.2323223 -0.4484086 1.634279
0.1695352 -0.1653756 0.8652993
0.2009117 -0.7332042 1.6179
0.2081724 -0.1360306 0.7332904
0.2034765 -0.7633259 1.478115
9
0.2320105 0.004371871 1.664104
0.1268685 -0.000255922 1.628289
0.3273858 0.009626608 1.62528
0.1943186 -0.04664211 1.137289
0.2323223 -0.4484086 1.634279
0.1695352 -0.1653756 0.8652993
0.2009117 -0.7332042 1.6179
0.2081724 -0.1360306 0.7332904
0.2034765 -0.7633259 1.478115
9
0.2320105 0.004371871 1.664104
0.1268685 -0.000255922 1.628289
0.3273858 0.009626608 1.62528
0.1943186 -0.04664211 1.137289
0.2323223 -0.4484086 1.634279
0.1695352 -0.1653756 0.8652993
0.2009117 -0.7332042 1.6179
0.2081724 -0.1360306 0.7332904
0.2034765 -0.7633259 1.478115
9
0.2320105 0.004371871 1.664104
0.1268685 -0.000255922 1.628289
0.3273858 0.009626608 1.62528
0.1943186 -0.04664211 1.137289
0.2323223 -0.4484086 1.634279
0.1695352 -0.1653756 0.8652993
0.2009117 -0.7332042 1.6179
0.2081724 -0.1360306 0.7332904
0.2034765 -0.7633259 1.478115
9
0.2269793 0.001565007 1.667838
0.1236409 -0.001073953 1.632465
0.3192447 0.003534719 1.628438
0.1746706 -0.1345677 1.176353
0.2094081 -0.4516928 1.633767
0.1442195 -0.2951431 0.9265118
0.2223317 -0.7374213 1.609628
0.1790771 -0.2718506 0.7685547
0.2261578 -0.7684278 1.470502
9
0.2269793 0.001565007 1.667838
0.1236409 -0.001073953 1.632465
0.3192447 0.003534719 1.628438
0.1746706 -0.1345677 1.176353
0.2094081 -0.4516928 1.633767
0.1442195 -0.2951431 0.9265118
0.2223317 -0.7374213 1.609628
0.1790771 -0.2718506 0.7685547
0.2261578 -0.7684278 1.470502
9
0.2252181 -0.0007222515 1.671011
0.1232383 -0.002421604 1.633763
0.315866 0.00057715 1.633892
0.1632991 -0.1821218 1.201597
0.1774454 -0.4501043 1.576379
0.1328696 -0.3422247 0.9515497
0.2067536 -0.7343209 1.545435
0.1593018 -0.3466797 0.8212891
0.2111796 -0.7651618 1.406694
9
0.2252181 -0.0007222515 1.671011
0.1232383 -0.002421604 1.633763
0.315866 0.00057715 1.633892
0.1632991 -0.1821218 1.201597
0.1774454 -0.4501043 1.576379
0.1328696 -0.3422247 0.9515497
0.2067536 -0.7343209 1.545435
0.1593018 -0.3466797 0.8212891
0.2111796 -0.7651618 1.406694
9
0.2268214 -0.002625494 1.671543
0.1268887 -0.006064574 1.632868
0.316574 -0.0003522199 1.635128
0.1532515 -0.2149584 1.249374
0.3208963 -0.3446284 1.629256
0.1322573 -0.4261741 1.040135
0.273742 -0.7230902 1.533083
0.1331396 -0.4326499 0.9100434
0.1558239 -0.7769787 1.518683
