40
9
-0.08333961 -0.06698797 2.265167
-0.1615768 -0.05233969 2.224818
-0.002302079 -0.07931693 2.225847
-0.1657756 -0.5518867 2.183752
-0.0181344 -0.6563415 2.279065
-0.2077711 -0.8336487 2.183342
-0.008460135 -0.9502814 2.088914
-0.167338 -0.8768635 2.025548
-0.07130674 -0.942494 1.929544
9
-0.08333961 -0.06698797 2.265167
-0.1615768 -0.05233969 2.224818
-0.002302079 -0.07931693 2.225847
-0.1657756 -0.5518867 2.183752
-0.0181344 -0.6563415 2.279065
-0.2077711 -0.8336487 2.183342
-0.008460135 -0.9502814 2.088914
-0.167338 -0.8768635 2.025548
-0.07130674 -0.942494 1.929544
9
-0.08333961 -0.06698797 2.265167
-0.1615768 -0.05233969 2.224818
-0.002302079 -0.07931693 2.225847
-0.1657756 -0.5518867 2.183752
-0.0181344 -0.6563415 2.279065
-0.2077711 -0.8336487 2.183342
-0.008460135 -0.9502814 2.088914
-0.167338 -0.8768635 2.025548
-0.07130674 -0.942494 1.929544
9
-0.08333961 -0.06698797 2.265167
-0.1615768 -0.05233969 2.224818
-0.002302079 -0.07931693 2.225847
-0.1657756 -0.5518867 2.183752
-0.0181344 -0.6563415 2.279065
-0.2077711 -0.8336487 2.183342
-0.008460135 -0.9502814 2.088914
-0.167338 -0.8768635 2.025548
-0.07130674 -0.942494 1.929544
9
-0.08333961 -0.06698797 2.265167
-0.1615768 -0.05233969 2.224818
-0.002302079 -0.07931693 2.225847
-0.1657756 -0.5518867 2.183752
-0.0181344 -0.6563415 2.279065
-0.2077711 -0.8336487 2.183342
-0.008460135 -0.9502814 2.088914
-0.167338 -0.8768635 2.025548
-0.07130674 -0.942494 1.929544
9
-0.08333961 -0.06698797 2.265167
-0.1615768 -0.05233969 2.224818
-0.002302079 -0.07931693 2.225847
-0.1657756 -0.5518867 2.183752
-0.0181344 -0.6563415 2.279065
-0.2077711 -0.8336487 2.183342
-0.008460135 -0.9502814 2.088914
-0.167338 -0.8768635 2.025548
-0.07130674 -0.942494 1.929544
9
-0.09918101 -0.06119069 2.247931
-0.1792689 -0.04863255 2.20807
-0.01578248 -0.07158109 2.208074
-0.1661897 -0.5544293 2.182605
-0.02206426 -0.6540733 2.23709
-0.2084059 -0.8361411 2.182162
0.005905534 -0.9392501 2.089634
-0.1676852 -0.8769785 2.023259
-0.06353252 -0.9380836 1.934095
9
-0.1034109 -0.05752369 2.241664
-0.1841129 -0.04818985 2.202022
-0.019472 -0.06377144 2.200891
-0.1698103 -0.5574263 2.180123
-0.006523026 -0.6170915 2.182555
-0.1955642 -0.8411766 2.178886
0.01863776 -0.9279847 2.095809
-0.1678467 -0.8901367 2.027344
-0.05426919 -0.9321429 1.942782
9
-0.1034109 -0.05752369 2.241664
-0.1841129 -0.04818985 2.202022
-0.019472 -0.06377144 2.200891
-0.1698103 -0.5574263 2.180123
-0.006523026 -0.6170915 2.182555
-0.1955642 -0.8411766 2.178886
0.01863776 -0.9279847 2.095809
-0.1678467 -0.8901367 2.027344
-0.05426919 -0.9321429 1.942782
9
-0.109188 -0.05177613 2.237551
-0.1894846 -0.04701015 2.197341
-0.02587585 -0.05197685 2.197607
-0.1729405 -0.5580047 2.179296
-0.001556183 -0.5266755 2.110703
-0.1954393 -0.841159 2.178781
0.0597041 -0.896648 2.08837
-0.2119834 -0.862366 2.047695
-0.02660938 -0.9164677 1.947884
9
-0.109188 -0.05177613 2.237551
-0.1894846 -0.04701015 2.197341
-0.02587585 -0.05197685 2.197607
-0.1729405 -0.5580047 2.179296
-0.001556183 -0.5266755 2.110703
-0.1954393 -0.841159 2.178781
0.0597041 -0.896648 2.08837
-0.2119834 -0.862366 2.047695
-0.02660938 -0.9164677 1.947884
9
-0.1138857 -0.04887804 2.236444
-0.1952464 -0.04757528 2.195388
-0.02985986 -0.04582893 2.197434
-0.1788406 -0.5525132 2.175877
0.006219278 -0.5669042 2.065473
-0.1935783 -0.8350319 2.179759
0.05093981 -0.9194013 2.017713
-0.2105151 -0.8620873 2.051045
0.02658929 -0.9193484 1.845692
9
-0.1138857 -0.04887804 2.236444
-0.1952464 -0.04757528 2.195388
-0.02985986 -0.04582893 2.197434
-0.1788406 -0.5525132 2.175877
0.006219278 -0.5669042 2.065473
-0.1935783 -0.8350319 2.179759
0.05093981 -0.9194013 2.017713
-0.2105151 -0.8620873 2.051045
0.02658929 -0.9193484 1.845692
9
-0.1173662 -0.04840406 2.23411
-0.2005491 -0.04705958 2.193344
-0.03140602 -0.0460341 2.195178
-0.1825296 -0.5475501 2.173434
0.01021407 -0.5414945 1.975628
-0.196594 -0.8290408 2.184508
0.06330169 -0.9183843 2.010916
-0.2089226 -0.8609074 2.057013
0.03682163 -0.8959941 1.838383
9
-0.1173662 -0.04840406 2.23411
-0.2005491 -0.04705958 2.193344
-0.03140602 -0.0460341 2.195178
-0.1825296 -0.5475501 2.173434
0.01021407 -0.5414945 1.975628
-0.196594 -0.8290408 2.184508
0.06330169 -0.9183843 2.010916
-0.2089226 -0.8609074 2.057013
0.03682163 -0.8959941 1.838383
9
-0.121755 -0.04831366 2.23046
-0.2060659 -0.04666766 2.190561
-0.03419593 -0.04687105 2.190713
-0.1828764 -0.5469876 2.17286
0.005902734 -0.4046156 1.89038
-0.1965531 -0.8284753 2.184223
-0.03289041 -0.7825954 1.938213
-0.2087519 -0.8603919 2.056659
-0.005260555 -0.8237026 1.776861
9
-0.121755 -0.04831366 2.23046
-0.2060659 -0.04666766 2.190561
-0.03419593 -0.04687105 2.190713
-0.1828764 -0.5469876 2.17286
0.005902734 -0.4046156 1.89038
-0.1965531 -0.8284753 2.184223
-0.03289041 -0.7825954 1.938213
-0.2087519 -0.8603919 2.056659
-0.005260555 -0.8237026 1.776861
9
-0.1245885 -0.04795041 2.229553
-0.2104209 -0.04671652 2.190373
-0.03561195 -0.04651616 2.189374
-0.183445 -0.5323765 2.170903
0.008265472 -0.3184993 1.815547
-0.195792 -0.8139722 2.18293
-0.02723531 -0.6881885 1.904418
-0.2065805 -0.8586825 2.062472
-0.005621217 -0.765559 1.76349
9
-0.1245885 -0.04795041 2.229553
-0.2104209 -0.04671652 2.190373
-0.03561195 -0.04651616 2.189374
-0.183445 -0.5323765 2.170903
0.008265472 -0.3184993 1.815547
-0.195792 -0.8139722 2.18293
-0.02723531 -0.6881885 1.904418
-0.2065805 -0.8586825 2.062472
-0.005621217 -0.765559 1.76349
9
-0.1275659 -0.04604537 2.230269
-0.2132935 -0.04665569 2.190369
-0.03846305 -0.04229356 2.191131
-0.1834573 -0.5323514 2.170825
0.009116624 -0.2207118 1.763299
-0.1931607 -0.8143822 2.17939
0.006952429 -0.6038578 1.804446
-0.2071798 -0.8602847 2.0604
0.02823794 -0.71756 1.710944
9
-0.1275659 -0.04604537 2.230269
-0.2132935 -0.04665569 2.190369
-0.03846305 -0.04229356 2.191131
-0.1834573 -0.5323514 2.170825
0.009116624 -0.2207118 1.763299
-0.1931607 -0.8143822 2.17939
0.006952429 -0.6038578 1.804446
-0.2071798 -0.8602847 2.0604
0.02823794 -0.71756 1.710944
9
-0.1297224 -0.0436319 2.23152
-0.2156572 -0.04558904 2.190514
-0.0399023 -0.03858627 2.193797
-0.1834464 -0.5321624 2.170826
0.007687377 -0.1375773 1.741031
-0.1925968 -0.8142819 2.178605
-0.02434983 -0.5094581 1.830852
-0.205474 -0.8601281 2.059323
-0.01422336 -0.6219706 1.727424
9
-0.1297224 -0.0436319 2.23152
-0.2156572 -0.04558904 2.190514
-0.0399023 -0.03858627 2.193797
-0.1834464 -0.5321624 2.170826
0.007687377 -0.1375773 1.741031
-0.1925968 -0.8142819 2.178605
-0.02434983 -0.5094581 1.830852
-0.205474 -0.8601281 2.059323
-0.01422336 -0.6219706 1.727424
9
-0.1387174 -0.03884726 2.230517
-0.2269425 -0.03959218 2.188481
-0.04591064 -0.03579061 2.193373
-0.1872942 -0.4951421 2.167887
0.008678898 -0.0707287 1.731653
-0.1875039 -0.79189 2.176999
0.01657963 -0.4589109 1.742884
-0.2034798 -0.8545521 2.066423
0.02216088 -0.5044665 1.597297
9
-0.1387174 -0.03884726 2.230517
-0.2269425 -0.03959218 2.188481
-0.04591064 -0.03579061 2.193373
-0.1872942 -0.4951421 2.167887
0.008678898 -0.0707287 1.731653
-0.1875039 -0.79189 2.176999
0.01657963 -0.4589109 1.742884
-0.2034798 -0.8545521 2.066423
0.02216088 -0.5044665 1.597297
9
-0.1399843 -0.03273427 2.228887
-0.2294997 -0.03442085 2.187067
-0.04560683 -0.02916832 2.19139
-0.182925 -0.4630917 2.166408
-0.008302108 -0.01698465 1.72669
-0.1803849 -0.7822587 2.178937
0.04578877 -0.1967061 1.378553
-0.1987749 -0.8462902 2.077083
0.06670875 -0.09937856 1.298264
9
-0.1399843 -0.03273427 2.228887
-0.2294997 -0.03442085 2.187067
-0.04560683 -0.02916832 2.19139
-0.182925 -0.4630917 2.166408
-0.008302108 -0.01698465 1.72669
-0.1803849 -0.7822587 2.178937
0.04578877 -0.1967061 1.378553
-0.1987749 -0.8462902 2.077083
0.06670875 -0.09937856 1.298264
9
-0.1439466 -0.0321418 2.228301
-0.2334916 -0.0320846 2.186763
-0.05000007 -0.03046884 2.190393
-0.1827757 -0.4603814 2.166328
-0.01741642 0.008456882 1.726836
-0.1776856 -0.7814978 2.179891
0.05567282 -0.1298026 1.363978
-0.1988016 -0.845291 2.078664
0.05834038 -0.0324763 1.281846
9
-0.1439466 -0.0321418 2.228301
-0.2334916 -0.0320846 2.186763
-0.05000007 -0.03046884 2.190393
-0.1827757 -0.4603814 2.166328
-0.01741642 0.008456882 1.726836
-0.1776856 -0.7814978 2.179891
0.05567282 -0.1298026 1.363978
-0.1988016 -0.845291 2.078664
0.05834038 -0.0324763 1.281846
9
-0.1549125 -0.03697247 2.230386
-0.2412226 -0.03153805 2.191234
-0.0665509 -0.04446177 2.189142
-0.1818796 -0.4591561 2.165359
-0.02224545 0.03623682 1.732154
-0.1758291 -0.7802708 2.180114
0.0534516 -0.1126461 1.37402
-0.1986479 -0.8453127 2.080626
0.05596412 0.01849231 1.278288
9
-0.1549125 -0.03697247 2.230386
-0.2412226 -0.03153805 2.191234
-0.0665509 -0.04446177 2.189142
-0.1818796 -0.4591561 2.165359
-0.02224545 0.03623682 1.732154
-0.1758291 -0.7802708 2.180114
0.0534516 -0.1126461 1.37402
-0.1986479 -0.8453127 2.080626
0.05596412 0.01849231 1.278288
9
-0.158086 -0.03707793 2.230664
-0.2447728 -0.03060317 2.192481
-0.06811474 -0.04461832 2.188921
-0.1807748 -0.457762 2.163884
-0.02289559 0.04374805 1.733489
-0.174372 -0.7793223 2.18027
0.05302013 -0.1026047 1.374402
-0.1984076 -0.8446029 2.081463
0.05785282 0.02608497 1.274043
9
-0.158086 -0.03707793 2.230664
-0.2447728 -0.03060317 2.192481
-0.06811474 -0.04461832 2.188921
-0.1807748 -0.457762 2.163884
-0.02289559 0.04374805 1.733489
-0.174372 -0.7793223 2.18027
0.05302013 -0.1026047 1.374402
-0.1984076 -0.8446029 2.081463
0.05785282 0.02608497 1.274043
9
-0.158086 -0.03707793 2.230664
-0.2447728 -0.03060317 2.192481
-0.06811474 -0.04461832 2.188921
-0.1807748 -0.457762 2.163884
-0.02289559 0.04374805 1.733489
-0.174372 -0.7793223 2.18027
0.05302013 -0.1026047 1.374402
-0.1984076 -0.8446029 2.081463
0.05785282 0.02608497 1.274043
9
-0.158086 -0.03707793 2.230664
-0.2447728 -0.03060317 2.192481
-0.06811474 -0.04461832 2.188921
-0.1807748 -0.457762 2.163884
-0.02289559 0.04374805 1.733489
-0.174372 -0.7793223 2.18027
0.05302013 -0.1026047 1.374402
-0.1984076 -0.8446029 2.081463
0.05785282 0.02608497 1.274043
9
-0.1607589 -0.03644059 2.229827
-0.2471315 -0.02934072 2.192191
-0.07026065 -0.04413576 2.187745
-0.1836288 -0.4568236 2.157645
-0.01880966 0.04425326 1.732994
-0.1736452 -0.7790426 2.179056
0.04369829 -0.09787413 1.422437
-0.1985052 -0.8449256 2.081831
0.08416748 -0.04000854 1.291992
9
-0.1607589 -0.03644059 2.229827
-0.2471315 -0.02934072 2.192191
-0.07026065 -0.04413576 2.187745
-0.1836288 -0.4568236 2.157645
-0.01880966 0.04425326 1.732994
-0.1736452 -0.7790426 2.179056
0.04369829 -0.09787413 1.422437
-0.1985052 -0.8449256 2.081831
0.08416748 -0.04000854 1.291992
9
-0.1611944 -0.03626437 2.229447
-0.2474712 -0.0289488 2.192023
-0.07061424 -0.04398466 2.187142
-0.1810911 -0.4560776 2.156189
-0.01121407 0.03518219 1.725235
-0.1737484 -0.7787553 2.178657
0.04520799 -0.1011124 1.431452
-0.1987149 -0.8450133 2.081968
0.08872963 -0.05979788 1.299036
9
-0.1611944 -0.03626437 2.229447
-0.2474712 -0.0289488 2.192023
-0.07061424 -0.04398466 2.187142
-0.1810911 -0.4560776 2.156189
-0.01121407 0.03518219 1.725235
-0.1737484 -0.7787553 2.178657
0.04520799 -0.1011124 1.431452
-0.1987149 -0.8450133 2.081968
0.08872963 -0.05979788 1.299036
9
-0.1613686 -0.03605678 2.229414
-0.2475888 -0.02858159 2.192092
-0.07076196 -0.04374585 2.187038
-0.1811752 -0.4557121 2.156312
0.001007093 0.008628382 1.718714
-0.1737357 -0.7787111 2.178592
0.08908401 -0.07752444 1.342943
-0.1985411 -0.844793 2.081643
0.1472968 -0.1584332 1.313532
