40
9
-0.09889922 -0.01552338 2.111189
-0.1731615 -0.02266628 2.083597
-0.02123921 -0.006736428 2.060064
-0.1516768 -0.4185399 2.091361
0.03994606 -0.4156951 1.961738
-0.1047284 -0.7540503 2.09048
0.09080227 -0.7406922 2.024549
-0.1278741 -0.8264325 2.007431
0.08961062 -0.8197633 1.948297
9
-0.1007298 -0.01514398 2.110535
-0.1750644 -0.02350386 2.083099
-0.02324144 -0.005172936 2.059304
-0.1509185 -0.4203513 2.091956
0.04047512 -0.3989869 1.913734
-0.1047295 -0.7541566 2.090575
0.09863919 -0.7259645 1.975021
-0.1279105 -0.8265048 2.007487
0.09297974 -0.8035986 1.895963
9
-0.1007298 -0.01514398 2.110535
-0.1750644 -0.02350386 2.083099
-0.02324144 -0.005172936 2.059304
-0.1509185 -0.4203513 2.091956
0.04047512 -0.3989869 1.913734
-0.1047295 -0.7541566 2.090575
0.09863919 -0.7259645 1.975021
-0.1279105 -0.8265048 2.007487
0.09297974 -0.8035986 1.895963
9
-0.1032181 -0.01438227 2.11003
-0.1771395 -0.02387406 2.082709
-0.02607393 -0.003249576 2.058865
-0.1506184 -0.4203111 2.091991
0.03821367 -0.3849953 1.887354
-0.1047603 -0.7542648 2.090863
0.09215958 -0.7168797 1.918312
-0.1275777 -0.8262621 2.006963
0.09431545 -0.7813553 1.818971
9
-0.1032181 -0.01438227 2.11003
-0.1771395 -0.02387406 2.082709
-0.02607393 -0.003249576 2.058865
-0.1506184 -0.4203111 2.091991
0.03821367 -0.3849953 1.887354
-0.1047603 -0.7542648 2.090863
0.09215958 -0.7168797 1.918312
-0.1275777 -0.8262621 2.006963
0.09431545 -0.7813553 1.818971
9
-0.1043253 -0.01316298 2.109496
-0.1780305 -0.02378067 2.082488
-0.02722785 -0.0004260946 2.057989
-0.1488771 -0.4201273 2.091323
0.03876618 -0.357803 1.837692
-0.1049512 -0.7541843 2.090959
0.09833714 -0.6751654 1.839278
-0.1261407 -0.8265045 2.006823
0.08917236 -0.734375 1.725586
9
-0.1043253 -0.01316298 2.109496
-0.1780305 -0.02378067 2.082488
-0.02722785 -0.0004260946 2.057989
-0.1488771 -0.4201273 2.091323
0.03876618 -0.357803 1.837692
-0.1049512 -0.7541843 2.090959
0.09833714 -0.6751654 1.839278
-0.1261407 -0.8265045 2.006823
0.08917236 -0.734375 1.725586
9
-0.1047384 -0.01188863 2.109066
-0.1785164 -0.02354701 2.082285
-0.02719113 0.002177306 2.057395
-0.1440482 -0.4179679 2.088334
0.03926249 -0.332304 1.794991
-0.1050137 -0.7542472 2.091019
0.1007596 -0.6234702 1.750116
-0.1267631 -0.8266425 2.007289
0.09155273 -0.6757813 1.62793
9
-0.1047384 -0.01188863 2.109066
-0.1785164 -0.02354701 2.082285
-0.02719113 0.002177306 2.057395
-0.1440482 -0.4179679 2.088334
0.03926249 -0.332304 1.794991
-0.1050137 -0.7542472 2.091019
0.1007596 -0.6234702 1.750116
-0.1267631 -0.8266425 2.007289
0.09155273 -0.6757813 1.62793
9
-0.1062943 -0.009955486 2.110217
-0.1797777 -0.02321734 2.082536
-0.02890643 0.006214384 2.060334
-0.1391913 -0.4154496 2.084076
0.04036442 -0.3070837 1.748015
-0.1047363 -0.7540722 2.090965
0.1082398 -0.5896013 1.661148
-0.1262086 -0.8261169 2.006477
0.0853983 -0.5980833 1.529204
9
-0.1062943 -0.009955486 2.110217
-0.1797777 -0.02321734 2.082536
-0.02890643 0.006214384 2.060334
-0.1391913 -0.4154496 2.084076
0.04036442 -0.3070837 1.748015
-0.1047363 -0.7540722 2.090965
0.1082398 -0.5896013 1.661148
-0.1262086 -0.8261169 2.006477
0.0853983 -0.5980833 1.529204
9
-0.1062943 -0.009955486 2.110217
-0.1797777 -0.02321734 2.082536
-0.02890643 0.006214384 2.060334
-0.1391913 -0.4154496 2.084076
0.04036442 -0.3070837 1.748015
-0.1047363 -0.7540722 2.090965
0.1082398 -0.5896013 1.661148
-0.1262086 -0.8261169 2.006477
0.0853983 -0.5980833 1.529204
9
-0.1062943 -0.009955486 2.110217
-0.1797777 -0.02321734 2.082536
-0.02890643 0.006214384 2.060334
-0.1391913 -0.4154496 2.084076
0.04036442 -0.3070837 1.748015
-0.1047363 -0.7540722 2.090965
0.1082398 -0.5896013 1.661148
-0.1262086 -0.8261169 2.006477
0.0853983 -0.5980833 1.529204
9
-0.1173542 -0.007898276 2.116058
-0.1888431 -0.02192283 2.086389
-0.04153283 0.007681618 2.068303
-0.1314467 -0.4090849 2.082618
0.03658829 -0.1949278 1.675196
-0.1033171 -0.7536482 2.090859
0.0959871 -0.422367 1.476161
-0.1262124 -0.8254336 2.006589
0.07720947 -0.4509277 1.325195
9
-0.1173542 -0.007898276 2.116058
-0.1888431 -0.02192283 2.086389
-0.04153283 0.007681618 2.068303
-0.1314467 -0.4090849 2.082618
0.03658829 -0.1949278 1.675196
-0.1033171 -0.7536482 2.090859
0.0959871 -0.422367 1.476161
-0.1262124 -0.8254336 2.006589
0.07720947 -0.4509277 1.325195
9
-0.1196426 -0.006807425 2.117623
-0.1918662 -0.02143857 2.087297
-0.04316635 0.009104942 2.070556
-0.1251471 -0.4013291 2.08096
0.03893676 -0.1203672 1.653915
-0.1024254 -0.7513256 2.090756
0.08196296 -0.3799871 1.333034
-0.1252269 -0.8229647 2.006109
0.03453275 -0.3348006 1.213665
9
-0.1196426 -0.006807425 2.117623
-0.1918662 -0.02143857 2.087297
-0.04316635 0.009104942 2.070556
-0.1251471 -0.4013291 2.08096
0.03893676 -0.1203672 1.653915
-0.1024254 -0.7513256 2.090756
0.08196296 -0.3799871 1.333034
-0.1252269 -0.8229647 2.006109
0.03453275 -0.3348006 1.213665
9
-0.120419 -0.006377217 2.118384
-0.1929431 -0.02141644 2.087642
-0.04364263 0.009897271 2.071878
-0.1116553 -0.4210706 2.083457
0.03769302 -0.04695095 1.63645
-0.1018639 -0.7506105 2.090434
0.0883077 -0.3120134 1.321096
-0.1254496 -0.8221496 2.005991
0.05035392 -0.2428669 1.211996
9
-0.120419 -0.006377217 2.118384
-0.1929431 -0.02141644 2.087642
-0.04364263 0.009897271 2.071878
-0.1116553 -0.4210706 2.083457
0.03769302 -0.04695095 1.63645
-0.1018639 -0.7506105 2.090434
0.0883077 -0.3120134 1.321096
-0.1254496 -0.8221496 2.005991
0.05035392 -0.2428669 1.211996
9
-0.1203905 -0.006347661 2.118622
-0.1928766 -0.02136625 2.087671
-0.04371496 0.009735875 2.072539
-0.1128599 -0.3951063 2.07588
0.02324144 0.01943085 1.632569
-0.101566 -0.7500076 2.08905
0.06218107 -0.1734288 1.268196
-0.1247531 -0.8216965 2.004649
0.03510284 -0.1163406 1.148199
9
-0.1203905 -0.006347661 2.118622
-0.1928766 -0.02136625 2.087671
-0.04371496 0.009735875 2.072539
-0.1128599 -0.3951063 2.07588
0.02324144 0.01943085 1.632569
-0.101566 -0.7500076 2.08905
0.06218107 -0.1734288 1.268196
-0.1247531 -0.8216965 2.004649
0.03510284 -0.1163406 1.148199
9
-0.1210168 -0.006330757 2.119466
-0.1935594 -0.02110072 2.088576
-0.04421762 0.009425092 2.07321
-0.1130435 -0.3728774 2.070121
-0.003543466 0.09432463 1.68035
-0.0993429 -0.7464893 2.086419
0.03539834 -0.09846131 1.316322
-0.1221625 -0.8193633 2.003834
0.03961182 -0.05487061 1.170898
9
-0.1210168 -0.006330757 2.119466
-0.1935594 -0.02110072 2.088576
-0.04421762 0.009425092 2.07321
-0.1130435 -0.3728774 2.070121
-0.003543466 0.09432463 1.68035
-0.0993429 -0.7464893 2.086419
0.03539834 -0.09846131 1.316322
-0.1221625 -0.8193633 2.003834
0.03961182 -0.05487061 1.170898
9
-0.1231275 -0.006984926 2.118885
-0.1963187 -0.02081222 2.087953
-0.04602979 0.007554764 2.072402
-0.1128616 -0.3726823 2.070055
-0.005145834 0.0841957 1.67309
-0.09796712 -0.7473902 2.084736
0.03380383 -0.1086046 1.309024
-0.1211958 -0.823134 2.008112
0.02865066 0.003925994 1.190192
9
-0.1231275 -0.006984926 2.118885
-0.1963187 -0.02081222 2.087953
-0.04602979 0.007554764 2.072402
-0.1128616 -0.3726823 2.070055
-0.005145834 0.0841957 1.67309
-0.09796712 -0.7473902 2.084736
0.03380383 -0.1086046 1.309024
-0.1211958 -0.823134 2.008112
0.02865066 0.003925994 1.190192
9
-0.153816 -0.003974043 2.12289
-0.2429418 -0.01212236 2.099146
-0.06318957 0.006580593 2.07162
-0.1116116 -0.3593783 2.06444
-0.1311983 0.003636178 1.699373
-0.09624501 -0.7476568 2.083477
-0.09207325 -0.1888981 1.335073
-0.1205176 -0.8249082 2.010999
-0.04677537 -0.06848107 1.23863
9
-0.153816 -0.003974043 2.12289
-0.2429418 -0.01212236 2.099146
-0.06318957 0.006580593 2.07162
-0.1116116 -0.3593783 2.06444
-0.1311983 0.003636178 1.699373
-0.09624501 -0.7476568 2.083477
-0.09207325 -0.1888981 1.335073
-0.1205176 -0.8249082 2.010999
-0.04677537 -0.06848107 1.23863
9
-0.157878 -0.003088812 2.123313
-0.2442935 -0.01186836 2.099349
-0.068124 0.00732034 2.07135
-0.1109928 -0.359469 2.062029
-0.133804 0.009362434 1.698661
-0.09406967 -0.746132 2.080453
-0.04035703 0.03317171 1.297384
-0.1203703 -0.824232 2.011686
0.007403605 0.1227459 1.169007
9
-0.157878 -0.003088812 2.123313
-0.2442935 -0.01186836 2.099349
-0.068124 0.00732034 2.07135
-0.1109928 -0.359469 2.062029
-0.133804 0.009362434 1.698661
-0.09406967 -0.746132 2.080453
-0.04035703 0.03317171 1.297384
-0.1203703 -0.824232 2.011686
0.007403605 0.1227459 1.169007
9
-0.157878 -0.003088812 2.123313
-0.2442935 -0.01186836 2.099349
-0.068124 0.00732034 2.07135
-0.1109928 -0.359469 2.062029
-0.133804 0.009362434 1.698661
-0.09406967 -0.746132 2.080453
-0.04035703 0.03317171 1.297384
-0.1203703 -0.824232 2.011686
0.007403605 0.1227459 1.169007
9
-0.157878 -0.003088812 2.123313
-0.2442935 -0.01186836 2.099349
-0.068124 0.00732034 2.07135
-0.1109928 -0.359469 2.062029
-0.133804 0.009362434 1.698661
-0.09406967 -0.746132 2.080453
-0.04035703 0.03317171 1.297384
-0.1203703 -0.824232 2.011686
0.007403605 0.1227459 1.169007
9
-0.1571401 -0.002594186 2.122044
-0.2425501 -0.01171435 2.097944
-0.06759855 0.008012567 2.069348
-0.1088886 -0.363432 2.053017
-0.1327708 0.01543718 1.696635
-0.09288156 -0.746883 2.07656
-0.03785908 0.03604693 1.295519
-0.1214351 -0.8264521 2.014628
0.005184103 0.135239 1.175485
9
-0.1571401 -0.002594186 2.122044
-0.2425501 -0.01171435 2.097944
-0.06759855 0.008012567 2.069348
-0.1088886 -0.363432 2.053017
-0.1327708 0.01543718 1.696635
-0.09288156 -0.746883 2.07656
-0.03785908 0.03604693 1.295519
-0.1214351 -0.8264521 2.014628
0.005184103 0.135239 1.175485
9
-0.1575518 -0.002635736 2.12132
-0.2425919 -0.01190627 2.097395
-0.06828627 0.007974121 2.068185
-0.108718 -0.3634077 2.047886
-0.1314511 0.01882691 1.695193
-0.09252133 -0.747327 2.073807
-0.03562972 0.03780451 1.294207
-0.1207356 -0.8279986 2.015756
0.007387564 0.1363483 1.17347
9
-0.1575518 -0.002635736 2.12132
-0.2425919 -0.01190627 2.097395
-0.06828627 0.007974121 2.068185
-0.108718 -0.3634077 2.047886
-0.1314511 0.01882691 1.695193
-0.09252133 -0.747327 2.073807
-0.03562972 0.03780451 1.294207
-0.1207356 -0.8279986 2.015756
0.007387564 0.1363483 1.17347
9
-0.1574997 -0.003143502 2.119462
-0.2423192 -0.01275218 2.096053
-0.0681268 0.007589816 2.065237
-0.153812 -0.4698086 2.065482
-0.132311 0.01906529 1.69245
-0.08429975 -0.7581151 2.079295
-0.03620552 0.03732818 1.2915
-0.1241802 -0.8317767 2.013338
0.01347458 0.1283586 1.165832
9
-0.1574997 -0.003143502 2.119462
-0.2423192 -0.01275218 2.096053
-0.0681268 0.007589816 2.065237
-0.153812 -0.4698086 2.065482
-0.132311 0.01906529 1.69245
-0.08429975 -0.7581151 2.079295
-0.03620552 0.03732818 1.2915
-0.1241802 -0.8317767 2.013338
0.01347458 0.1283586 1.165832
9
-0.1557069 -0.003651071 2.116746
-0.2397522 -0.01408625 2.092074
-0.06661465 0.007451316 2.063344
-0.1522667 -0.4711995 2.06433
-0.1288539 0.02111619 1.690278
-0.0838652 -0.7598358 2.077297
-0.03201845 0.03821537 1.289443
-0.1241321 -0.8340955 2.013759
0.03201025 0.1006527 1.148888
9
-0.1557069 -0.003651071 2.116746
-0.2397522 -0.01408625 2.092074
-0.06661465 0.007451316 2.063344
-0.1522667 -0.4711995 2.06433
-0.1288539 0.02111619 1.690278
-0.0838652 -0.7598358 2.077297
-0.03201845 0.03821537 1.289443
-0.1241321 -0.8340955 2.013759
0.03201025 0.1006527 1.148888
9
-0.1502594 -0.005607083 2.113052
-0.2318217 -0.01874094 2.087379
-0.06279304 0.007241429 2.060433
-0.1020946 -0.369092 2.040891
-0.004492952 0.07711653 1.615919
-0.09116991 -0.7509522 2.069028
0.09347854 0.09239063 1.214969
-0.1206751 -0.8315551 2.012778
0.02822151 0.05868484 1.104452
