40
9
-0.05886114 -0.0307528 2.369197
-0.1311777 -0.03626888 2.3467
0.01525142 -0.02408676 2.313899
-0.1436006 -0.4235525 2.334896
0.05940906 -0.426709 2.268744
-0.1173973 -0.7864291 2.350054
0.08695551 -0.7739289 2.316443
-0.200352 -0.8582052 2.381134
0.05019643 -0.8059077 2.175876
9
-0.0883442 -0.02707897 2.378009
-0.1623038 -0.03531482 2.356503
-0.01166371 -0.01808164 2.321819
-0.1487864 -0.4310564 2.35375
0.03609745 -0.420679 2.186332
-0.1182765 -0.786086 2.355228
0.09093317 -0.7567427 2.242936
-0.2103965 -0.853219 2.3467
0.112625 -0.8288623 2.156224
9
-0.0883442 -0.02707897 2.378009
-0.1623038 -0.03531482 2.356503
-0.01166371 -0.01808164 2.321819
-0.1487864 -0.4310564 2.35375
0.03609745 -0.420679 2.186332
-0.1182765 -0.786086 2.355228
0.09093317 -0.7567427 2.242936
-0.2103965 -0.853219 2.3467
0.112625 -0.8288623 2.156224
9
-0.09639043 -0.02706752 2.380543
-0.1697469 -0.03598065 2.358884
-0.01994571 -0.0173039 2.32448
-0.1504932 -0.436118 2.35831
0.02616912 -0.4071876 2.155205
-0.1198658 -0.78553 2.357954
0.08284734 -0.7357588 2.178482
-0.2057367 -0.8539686 2.349622
0.08522849 -0.8049043 2.082633
9
-0.09639043 -0.02706752 2.380543
-0.1697469 -0.03598065 2.358884
-0.01994571 -0.0173039 2.32448
-0.1504932 -0.436118 2.35831
0.02616912 -0.4071876 2.155205
-0.1198658 -0.78553 2.357954
0.08284734 -0.7357588 2.178482
-0.2057367 -0.8539686 2.349622
0.08522849 -0.8049043 2.082633
9
-0.09639043 -0.02706752 2.380543
-0.1697469 -0.03598065 2.358884
-0.01994571 -0.0173039 2.32448
-0.1504932 -0.436118 2.35831
0.02616912 -0.4071876 2.155205
-0.1198658 -0.78553 2.357954
0.08284734 -0.7357588 2.178482
-0.2057367 -0.8539686 2.349622
0.08522849 -0.8049043 2.082633
9
-0.09639043 -0.02706752 2.380543
-0.1697469 -0.03598065 2.358884
-0.01994571 -0.0173039 2.32448
-0.1504932 -0.436118 2.35831
0.02616912 -0.4071876 2.155205
-0.1198658 -0.78553 2.357954
0.08284734 -0.7357588 2.178482
-0.2057367 -0.8539686 2.349622
0.08522849 -0.8049043 2.082633
9
-0.1070219 -0.02338701 2.384324
-0.1831207 -0.03292896 2.362928
-0.02789094 -0.01322763 2.328009
-0.157313 -0.4342837 2.35826
-0.006509972 -0.3663716 2.094695
-0.1210051 -0.7864952 2.358706
0.02765287 -0.65437 2.01069
-0.1962765 -0.8517991 2.323261
0.02548218 -0.6938477 1.881836
9
-0.1070219 -0.02338701 2.384324
-0.1831207 -0.03292896 2.362928
-0.02789094 -0.01322763 2.328009
-0.157313 -0.4342837 2.35826
-0.006509972 -0.3663716 2.094695
-0.1210051 -0.7864952 2.358706
0.02765287 -0.65437 2.01069
-0.1962765 -0.8517991 2.323261
0.02548218 -0.6938477 1.881836
9
-0.1147581 -0.01927722 2.389892
-0.1906692 -0.03105753 2.367587
-0.03546112 -0.006533181 2.334711
-0.1657704 -0.4293128 2.357373
-0.01617339 -0.3298495 2.03816
-0.1236158 -0.7819532 2.35983
-0.00345554 -0.6059267 1.91148
-0.2071761 -0.8418496 2.402849
-0.00573349 -0.6240234 1.766602
9
-0.1147581 -0.01927722 2.389892
-0.1906692 -0.03105753 2.367587
-0.03546112 -0.006533181 2.334711
-0.1657704 -0.4293128 2.357373
-0.01617339 -0.3298495 2.03816
-0.1236158 -0.7819532 2.35983
-0.00345554 -0.6059267 1.91148
-0.2071761 -0.8418496 2.402849
-0.00573349 -0.6240234 1.766602
9
-0.1221406 -0.01600219 2.395638
-0.1987713 -0.02796045 2.374057
-0.04161882 -0.003428379 2.339558
-0.1888049 -0.3818499 2.352455
-0.02848146 -0.2719197 2.007098
-0.1583033 -0.7026337 2.374178
-0.03366154 -0.5248562 1.835065
-0.2111657 -0.7996562 2.401332
-0.03842163 -0.5556641 1.678711
9
-0.1208718 -0.01533402 2.398111
-0.1973063 -0.02744851 2.376177
-0.04057088 -0.002627749 2.34242
-0.2099942 -0.368091 2.358147
-0.04463244 -0.1634372 2.00255
-0.174502 -0.7692689 2.312785
-0.05840549 -0.4395683 1.767249
-0.2071351 -0.7985445 2.171117
-0.07893854 -0.4821333 1.605777
9
-0.1208718 -0.01533402 2.398111
-0.1973063 -0.02744851 2.376177
-0.04057088 -0.002627749 2.34242
-0.2099942 -0.368091 2.358147
-0.04463244 -0.1634372 2.00255
-0.174502 -0.7692689 2.312785
-0.05840549 -0.4395683 1.767249
-0.2071351 -0.7985445 2.171117
-0.07893854 -0.4821333 1.605777
9
-0.1209605 -0.01104652 2.407589
-0.1982071 -0.02428231 2.383816
-0.03961601 0.002751995 2.353901
-0.2206821 -0.3646983 2.361143
-0.06067733 -0.1093979 1.994163
-0.1398755 -0.7605236 2.354723
-0.07118484 -0.3736103 1.676261
-0.2114186 -0.8414146 2.387287
-0.1187134 -0.3869629 1.526367
9
-0.1209605 -0.01104652 2.407589
-0.1982071 -0.02428231 2.383816
-0.03961601 0.002751995 2.353901
-0.2206821 -0.3646983 2.361143
-0.06067733 -0.1093979 1.994163
-0.1398755 -0.7605236 2.354723
-0.07118484 -0.3736103 1.676261
-0.2114186 -0.8414146 2.387287
-0.1187134 -0.3869629 1.526367
9
-0.1274761 -0.01214414 2.410505
-0.2033025 -0.02350591 2.387735
-0.04836289 -0.0007730838 2.355812
-0.2328138 -0.3629451 2.369781
-0.08017327 -0.03293781 1.980101
-0.1468169 -0.7575544 2.368712
-0.09880583 -0.2718253 1.643144
-0.1386719 -0.8374023 2.277344
-0.1448975 -0.3007813 1.489258
9
-0.1274761 -0.01214414 2.410505
-0.2033025 -0.02350591 2.387735
-0.04836289 -0.0007730838 2.355812
-0.2328138 -0.3629451 2.369781
-0.08017327 -0.03293781 1.980101
-0.1468169 -0.7575544 2.368712
-0.09880583 -0.2718253 1.643144
-0.1386719 -0.8374023 2.277344
-0.1448975 -0.3007813 1.489258
9
-0.1099653 -0.01042429 2.408854
-0.1816917 -0.02186852 2.385214
-0.03406663 0.001186281 2.354691
-0.1009209 -0.4730007 2.37373
-0.09409445 -0.022349 1.962577
-0.1219449 -0.7697797 2.364347
-0.1055184 -0.2042936 1.67331
-0.1529072 -0.8391624 2.277757
-0.1459998 -0.2236835 1.508132
9
-0.1099653 -0.01042429 2.408854
-0.1816917 -0.02186852 2.385214
-0.03406663 0.001186281 2.354691
-0.1009209 -0.4730007 2.37373
-0.09409445 -0.022349 1.962577
-0.1219449 -0.7697797 2.364347
-0.1055184 -0.2042936 1.67331
-0.1529072 -0.8391624 2.277757
-0.1459998 -0.2236835 1.508132
9
-0.1094536 -0.009552836 2.409735
-0.1815692 -0.02088927 2.386069
-0.03322259 0.001993885 2.355663
-0.1133673 -0.452651 2.368382
-0.08483099 -0.0007727089 1.980833
-0.1230243 -0.7675883 2.363419
-0.1211552 -0.1778091 1.609357
-0.1499202 -0.8402414 2.279748
-0.1511992 -0.2148766 1.465204
9
-0.1094536 -0.009552836 2.409735
-0.1815692 -0.02088927 2.386069
-0.03322259 0.001993885 2.355663
-0.1133673 -0.452651 2.368382
-0.08483099 -0.0007727089 1.980833
-0.1230243 -0.7675883 2.363419
-0.1211552 -0.1778091 1.609357
-0.1499202 -0.8402414 2.279748
-0.1511992 -0.2148766 1.465204
9
-0.1203177 -0.01069557 2.421733
-0.1924289 -0.01937036 2.39727
-0.0444577 -0.001931645 2.36896
-0.1241814 -0.4405265 2.364812
-0.1022359 0.04889407 1.963531
-0.1237512 -0.7683014 2.362138
-0.1473715 -0.1190288 1.588883
-0.15156 -0.8405212 2.278302
-0.176383 -0.1578134 1.444698
9
-0.1203177 -0.01069557 2.421733
-0.1924289 -0.01937036 2.39727
-0.0444577 -0.001931645 2.36896
-0.1241814 -0.4405265 2.364812
-0.1022359 0.04889407 1.963531
-0.1237512 -0.7683014 2.362138
-0.1473715 -0.1190288 1.588883
-0.15156 -0.8405212 2.278302
-0.176383 -0.1578134 1.444698
9
-0.1369795 -0.02197468 2.427489
-0.2196973 -0.04718399 2.407483
-0.05333458 -0.003360781 2.371595
-0.1297221 -0.4356123 2.363788
-0.08796679 0.09343547 2.008242
-0.1229338 -0.7721049 2.360439
-0.1326412 -0.03309784 1.66963
-0.1527398 -0.8435056 2.27657
-0.161447 -0.0738727 1.525064
9
-0.1369795 -0.02197468 2.427489
-0.2196973 -0.04718399 2.407483
-0.05333458 -0.003360781 2.371595
-0.1297221 -0.4356123 2.363788
-0.08796679 0.09343547 2.008242
-0.1229338 -0.7721049 2.360439
-0.1326412 -0.03309784 1.66963
-0.1527398 -0.8435056 2.27657
-0.161447 -0.0738727 1.525064
9
-0.1428685 -0.02362356 2.426325
-0.2228646 -0.04728374 2.405916
-0.05974006 -0.003981713 2.370686
-0.130651 -0.434206 2.363487
-0.0878268 0.09580802 2.007591
-0.1240107 -0.7747469 2.357607
-0.1330221 -0.03072576 1.668264
-0.1529957 -0.8467845 2.274431
-0.1610501 -0.07126289 1.52336
9
-0.1428685 -0.02362356 2.426325
-0.2228646 -0.04728374 2.405916
-0.05974006 -0.003981713 2.370686
-0.130651 -0.434206 2.363487
-0.0878268 0.09580802 2.007591
-0.1240107 -0.7747469 2.357607
-0.1330221 -0.03072576 1.668264
-0.1529957 -0.8467845 2.274431
-0.1610501 -0.07126289 1.52336
9
-0.1495348 -0.02278113 2.423321
-0.2291737 -0.04542243 2.402419
-0.06607696 -0.002362441 2.367513
-0.1323371 -0.4290076 2.361732
-0.08922091 0.1012061 2.005182
-0.1256898 -0.7768222 2.355782
-0.1346686 -0.02593127 1.666819
-0.1531838 -0.8497589 2.273362
-0.1624298 -0.0661753 1.521697
9
-0.1495348 -0.02278113 2.423321
-0.2291737 -0.04542243 2.402419
-0.06607696 -0.002362441 2.367513
-0.1323371 -0.4290076 2.361732
-0.08922091 0.1012061 2.005182
-0.1256898 -0.7768222 2.355782
-0.1346686 -0.02593127 1.666819
-0.1531838 -0.8497589 2.273362
-0.1624298 -0.0661753 1.521697
9
-0.1627464 -0.02545783 2.421959
-0.2399589 -0.04566478 2.401009
-0.0803668 -0.006054295 2.365794
-0.1327997 -0.4266737 2.360964
-0.1255291 0.1042944 1.966371
-0.125558 -0.7780832 2.355211
-0.1726965 -0.01550081 1.605084
-0.1534386 -0.8508084 2.272694
-0.1990256 -0.05557932 1.459784
9
-0.1627464 -0.02545783 2.421959
-0.2399589 -0.04566478 2.401009
-0.0803668 -0.006054295 2.365794
-0.1327997 -0.4266737 2.360964
-0.1255291 0.1042944 1.966371
-0.125558 -0.7780832 2.355211
-0.1726965 -0.01550081 1.605084
-0.1534386 -0.8508084 2.272694
-0.1990256 -0.05557932 1.459784
9
-0.1637686 -0.02554548 2.421627
-0.2410612 -0.04563336 2.400364
-0.08130391 -0.006023341 2.365649
-0.1334862 -0.4264381 2.360872
-0.1058931 0.1073037 2.006586
-0.1259144 -0.7795691 2.354697
-0.152022 -0.01692604 1.657877
-0.1551116 -0.852031 2.272617
-0.1790728 -0.05684782 1.512504
9
-0.1637686 -0.02554548 2.421627
-0.2410612 -0.04563336 2.400364
-0.08130391 -0.006023341 2.365649
-0.1334862 -0.4264381 2.360872
-0.1058931 0.1073037 2.006586
-0.1259144 -0.7795691 2.354697
-0.152022 -0.01692604 1.657877
-0.1551116 -0.852031 2.272617
-0.1790728 -0.05684782 1.512504
9
-0.1625511 -0.02530564 2.421549
-0.2398456 -0.04596446 2.400238
-0.07971411 -0.004707458 2.36552
-0.1346125 -0.4266727 2.361378
-0.1146219 0.08349235 1.973251
-0.1260288 -0.7797136 2.354672
-0.1618065 -0.03624865 1.61194
-0.1550513 -0.8522311 2.272583
-0.1889232 -0.07557146 1.466666
9
-0.1625511 -0.02530564 2.421549
-0.2398456 -0.04596446 2.400238
-0.07971411 -0.004707458 2.36552
-0.1346125 -0.4266727 2.361378
-0.1146219 0.08349235 1.973251
-0.1260288 -0.7797136 2.354672
-0.1618065 -0.03624865 1.61194
-0.1550513 -0.8522311 2.272583
-0.1889232 -0.07557146 1.466666
9
-0.1511519 -0.0178751 2.41385
-0.2298948 -0.04373228 2.392923
-0.06624325 0.01038001 2.356559
-0.1348686 -0.4271754 2.361457
-0.1419929 0.0476341 1.877517
-0.1254493 -0.780771 2.354303
-0.1891998 -0.07219385 1.516102
-0.1551689 -0.8529889 2.272167
-0.2155702 -0.1102004 1.370869
9
-0.1511519 -0.0178751 2.41385
-0.2298948 -0.04373228 2.392923
-0.06624325 0.01038001 2.356559
-0.1348686 -0.4271754 2.361457
-0.1419929 0.0476341 1.877517
-0.1254493 -0.780771 2.354303
-0.1891998 -0.07219385 1.516102
-0.1551689 -0.8529889 2.272167
-0.2155702 -0.1102004 1.370869
9
-0.1499959 -0.01927521 2.416084
-0.2275693 -0.04526653 2.394972
-0.06641667 0.008344199 2.359668
-0.1351783 -0.4275067 2.361725
-0.1444904 0.04140589 1.888309
-0.1260919 -0.7802035 2.354565
-0.1916791 -0.07838796 1.526883
-0.1548135 -0.8525946 2.272062
-0.2183248 -0.1163277 1.381775
9
-0.1499959 -0.01927521 2.416084
-0.2275693 -0.04526653 2.394972
-0.06641667 0.008344199 2.359668
-0.1351783 -0.4275067 2.361725
-0.1444904 0.04140589 1.888309
-0.1260919 -0.7802035 2.354565
-0.1916791 -0.07838796 1.526883
-0.1548135 -0.8525946 2.272062
-0.2183248 -0.1163277 1.381775
