40
9
0.07809466 -0.2258512 2.128845
-0.001906439 -0.2265892 2.076793
0.1549231 -0.2164972 2.104388
-0.01364899 -0.608356 2.066015
0.2760055 -0.5129395 1.890463
0.002900209 -0.9780885 2.108274
0.3196846 -0.8244628 1.802175
0.0296582 -1.007369 1.964158
0.3529345 -0.8644111 1.690127
9
0.07113072 -0.2226032 2.128484
-0.00899776 -0.2244466 2.075643
0.1484302 -0.2124297 2.104837
-0.01293735 -0.6071816 2.065598
0.2964815 -0.4831921 1.845553
0.002937125 -0.9774513 2.109113
0.3596707 -0.7449946 1.705075
0.029446 -1.006581 1.964865
0.3942055 -0.7736111 1.586897
9
0.07113072 -0.2226032 2.128484
-0.00899776 -0.2244466 2.075643
0.1484302 -0.2124297 2.104837
-0.01293735 -0.6071816 2.065598
0.2964815 -0.4831921 1.845553
0.002937125 -0.9774513 2.109113
0.3596707 -0.7449946 1.705075
0.029446 -1.006581 1.964865
0.3942055 -0.7736111 1.586897
9
0.06643716 -0.2204748 2.12801
-0.01432559 -0.2227252 2.074588
0.1445461 -0.2101197 2.104881
-0.01041438 -0.6020873 2.063556
0.3079879 -0.4271201 1.802783
0.002781389 -0.9739584 2.108369
0.4192429 -0.6858523 1.583197
0.02874926 -1.002968 1.963906
0.4597133 -0.6923447 1.461041
9
0.06643716 -0.2204748 2.12801
-0.01432559 -0.2227252 2.074588
0.1445461 -0.2101197 2.104881
-0.01041438 -0.6020873 2.063556
0.3079879 -0.4271201 1.802783
0.002781389 -0.9739584 2.108369
0.4192429 -0.6858523 1.583197
0.02874926 -1.002968 1.963906
0.4597133 -0.6923447 1.461041
9
0.06643716 -0.2204748 2.12801
-0.01432559 -0.2227252 2.074588
0.1445461 -0.2101197 2.104881
-0.01041438 -0.6020873 2.063556
0.3079879 -0.4271201 1.802783
0.002781389 -0.9739584 2.108369
0.4192429 -0.6858523 1.583197
0.02874926 -1.002968 1.963906
0.4597133 -0.6923447 1.461041
9
0.06643716 -0.2204748 2.12801
-0.01432559 -0.2227252 2.074588
0.1445461 -0.2101197 2.104881
-0.01041438 -0.6020873 2.063556
0.3079879 -0.4271201 1.802783
0.002781389 -0.9739584 2.108369
0.4192429 -0.6858523 1.583197
0.02874926 -1.002968 1.963906
0.4597133 -0.6923447 1.461041
9
0.06643716 -0.2204748 2.12801
-0.01432559 -0.2227252 2.074588
0.1445461 -0.2101197 2.104881
-0.01041438 -0.6020873 2.063556
0.3079879 -0.4271201 1.802783
0.002781389 -0.9739584 2.108369
0.4192429 -0.6858523 1.583197
0.02874926 -1.002968 1.963906
0.4597133 -0.6923447 1.461041
9
0.06643716 -0.2204748 2.12801
-0.01432559 -0.2227252 2.074588
0.1445461 -0.2101197 2.104881
-0.01041438 -0.6020873 2.063556
0.3079879 -0.4271201 1.802783
0.002781389 -0.9739584 2.108369
0.4192429 -0.6858523 1.583197
0.02874926 -1.002968 1.963906
0.4597133 -0.6923447 1.461041
9
0.06643716 -0.2204748 2.12801
-0.01432559 -0.2227252 2.074588
0.1445461 -0.2101197 2.104881
-0.01041438 -0.6020873 2.063556
0.3079879 -0.4271201 1.802783
0.002781389 -0.9739584 2.108369
0.4192429 -0.6858523 1.583197
0.02874926 -1.002968 1.963906
0.4597133 -0.6923447 1.461041
9
0.05055959 -0.2158749 2.121557
-0.03552022 -0.2201078 2.068291
0.1334672 -0.2041225 2.098273
-0.002950451 -0.5910498 2.056088
0.3061074 -0.2302711 1.755786
0.005751659 -0.9718461 2.103582
0.4490336 -0.3687776 1.483111
0.03065876 -1.000394 1.958701
0.5177202 -0.3495266 1.332979
9
0.05055959 -0.2158749 2.121557
-0.03552022 -0.2201078 2.068291
0.1334672 -0.2041225 2.098273
-0.002950451 -0.5910498 2.056088
0.3061074 -0.2302711 1.755786
0.005751659 -0.9718461 2.103582
0.4490336 -0.3687776 1.483111
0.03065876 -1.000394 1.958701
0.5177202 -0.3495266 1.332979
9
0.05055959 -0.2158749 2.121557
-0.03552022 -0.2201078 2.068291
0.1334672 -0.2041225 2.098273
-0.002950451 -0.5910498 2.056088
0.3061074 -0.2302711 1.755786
0.005751659 -0.9718461 2.103582
0.4490336 -0.3687776 1.483111
0.03065876 -1.000394 1.958701
0.5177202 -0.3495266 1.332979
9
0.05055959 -0.2158749 2.121557
-0.03552022 -0.2201078 2.068291
0.1334672 -0.2041225 2.098273
-0.002950451 -0.5910498 2.056088
0.3061074 -0.2302711 1.755786
0.005751659 -0.9718461 2.103582
0.4490336 -0.3687776 1.483111
0.03065876 -1.000394 1.958701
0.5177202 -0.3495266 1.332979
9
0.03727534 -0.2151399 2.114609
-0.04985238 -0.2200155 2.061579
0.122703 -0.202702 2.091369
0.0006168499 -0.5791427 2.049262
0.2944479 -0.1295119 1.737544
0.006199255 -0.9618988 2.093652
0.4967038 -0.1537516 1.376588
0.02948659 -0.9901919 1.948258
0.5074509 -0.1937663 1.230189
9
0.03727534 -0.2151399 2.114609
-0.04985238 -0.2200155 2.061579
0.122703 -0.202702 2.091369
0.0006168499 -0.5791427 2.049262
0.2944479 -0.1295119 1.737544
0.006199255 -0.9618988 2.093652
0.4967038 -0.1537516 1.376588
0.02948659 -0.9901919 1.948258
0.5074509 -0.1937663 1.230189
9
0.03265785 -0.2160167 2.112732
-0.05448628 -0.2213143 2.06029
0.118295 -0.2030542 2.088784
0.001790516 -0.5759849 2.046278
0.2804749 -0.099597 1.7498
0.008995773 -0.9574754 2.088877
0.4784585 -0.1377539 1.387748
0.03133609 -0.9856828 1.943238
0.5249023 -0.06854248 1.277344
9
0.03104924 -0.2167663 2.111016
-0.05622699 -0.2224238 2.058642
0.1169034 -0.2034085 2.086953
0.003605554 -0.5700893 2.039564
0.282172 -0.07072283 1.739691
0.009196882 -0.9571431 2.086028
0.4706679 -0.08687138 1.371045
0.03089631 -0.9852979 1.940253
0.5300022 -0.05197877 1.268046
9
0.03104924 -0.2167663 2.111016
-0.05622699 -0.2224238 2.058642
0.1169034 -0.2034085 2.086953
0.003605554 -0.5700893 2.039564
0.282172 -0.07072283 1.739691
0.009196882 -0.9571431 2.086028
0.4706679 -0.08687138 1.371045
0.03089631 -0.9852979 1.940253
0.5300022 -0.05197877 1.268046
9
0.03104924 -0.2167663 2.111016
-0.05622699 -0.2224238 2.058642
0.1169034 -0.2034085 2.086953
0.003605554 -0.5700893 2.039564
0.282172 -0.07072283 1.739691
0.009196882 -0.9571431 2.086028
0.4706679 -0.08687138 1.371045
0.03089631 -0.9852979 1.940253
0.5300022 -0.05197877 1.268046
9
0.03104924 -0.2167663 2.111016
-0.05622699 -0.2224238 2.058642
0.1169034 -0.2034085 2.086953
0.003605554 -0.5700893 2.039564
0.282172 -0.07072283 1.739691
0.009196882 -0.9571431 2.086028
0.4706679 -0.08687138 1.371045
0.03089631 -0.9852979 1.940253
0.5300022 -0.05197877 1.268046
9
0.03104924 -0.2167663 2.111016
-0.05622699 -0.2224238 2.058642
0.1169034 -0.2034085 2.086953
0.003605554 -0.5700893 2.039564
0.282172 -0.07072283 1.739691
0.009196882 -0.9571431 2.086028
0.4706679 -0.08687138 1.371045
0.03089631 -0.9852979 1.940253
0.5300022 -0.05197877 1.268046
9
0.0301562 -0.2207147 2.105716
-0.05711304 -0.2241892 2.056744
0.116518 -0.2102142 2.076372
0.005854848 -0.5709825 2.034039
0.2761196 -0.01559297 1.742644
0.01096831 -0.9553357 2.079893
0.4631048 -0.03074522 1.377286
0.03052348 -0.9833079 1.933666
0.4709065 -0.07355629 1.2296
9
0.0301562 -0.2207147 2.105716
-0.05711304 -0.2241892 2.056744
0.116518 -0.2102142 2.076372
0.005854848 -0.5709825 2.034039
0.2761196 -0.01559297 1.742644
0.01096831 -0.9553357 2.079893
0.4631048 -0.03074522 1.377286
0.03052348 -0.9833079 1.933666
0.4709065 -0.07355629 1.2296
9
0.02790454 -0.2228853 2.103529
-0.05939225 -0.2256051 2.055571
0.1145266 -0.2127209 2.073689
0.007813923 -0.5731122 2.030645
0.2761976 -0.01504807 1.742644
0.01158192 -0.9528115 2.077602
0.4636397 -0.03061363 1.376952
0.03047486 -0.9807522 1.931233
0.4707745 -0.07337663 1.229139
9
0.02790454 -0.2228853 2.103529
-0.05939225 -0.2256051 2.055571
0.1145266 -0.2127209 2.073689
0.007813923 -0.5731122 2.030645
0.2761976 -0.01504807 1.742644
0.01158192 -0.9528115 2.077602
0.4636397 -0.03061363 1.376952
0.03047486 -0.9807522 1.931233
0.4707745 -0.07337663 1.229139
9
0.0275011 -0.2238698 2.102922
-0.05997674 -0.2266021 2.055433
0.1142704 -0.2135493 2.072799
0.008538537 -0.5743027 2.02925
0.2762906 -0.01490786 1.743146
0.01205587 -0.9542398 2.076762
0.4641212 -0.03086335 1.377196
0.03044919 -0.9821517 1.93032
0.470755 -0.07361571 1.229302
9
0.0275011 -0.2238698 2.102922
-0.05997674 -0.2266021 2.055433
0.1142704 -0.2135493 2.072799
0.008538537 -0.5743027 2.02925
0.2762906 -0.01490786 1.743146
0.01205587 -0.9542398 2.076762
0.4641212 -0.03086335 1.377196
0.03044919 -0.9821517 1.93032
0.470755 -0.07361571 1.229302
9
0.02706908 -0.2249929 2.10261
-0.06085346 -0.2282094 2.055937
0.114074 -0.2143908 2.071937
0.008936994 -0.5749035 2.0286
0.2742424 -0.02410888 1.752355
0.0122362 -0.9548235 2.076784
0.4623494 -0.03559488 1.383403
0.02891169 -0.9827071 1.930068
0.4673582 -0.0782083 1.235203
9
0.02706908 -0.2249929 2.10261
-0.06085346 -0.2282094 2.055937
0.114074 -0.2143908 2.071937
0.008936994 -0.5749035 2.0286
0.2742424 -0.02410888 1.752355
0.0122362 -0.9548235 2.076784
0.4623494 -0.03559488 1.383403
0.02891169 -0.9827071 1.930068
0.4673582 -0.0782083 1.235203
9
0.02690793 -0.2250741 2.103243
-0.06127663 -0.2292072 2.056366
0.1140635 -0.2131026 2.073869
0.009126664 -0.5749624 2.02836
0.2745149 -0.03647333 1.758474
0.01365678 -0.9584802 2.07682
0.4626701 -0.04803294 1.38957
0.02952607 -0.9863381 1.930021
0.4669387 -0.09035589 1.241261
9
0.02690793 -0.2250741 2.103243
-0.06127663 -0.2292072 2.056366
0.1140635 -0.2131026 2.073869
0.009126664 -0.5749624 2.02836
0.2745149 -0.03647333 1.758474
0.01365678 -0.9584802 2.07682
0.4626701 -0.04803294 1.38957
0.02952607 -0.9863381 1.930021
0.4669387 -0.09035589 1.241261
9
0.02683433 -0.2248439 2.104582
-0.06151612 -0.2299683 2.057876
0.1141555 -0.2116113 2.075492
0.00927227 -0.5751652 2.028517
0.2796316 -0.05305208 1.759463
0.01405358 -0.9597914 2.077945
0.4731455 -0.08555966 1.394539
0.02962187 -0.9876783 1.931124
0.53106 -0.01042621 1.270683
9
0.02683433 -0.2248439 2.104582
-0.06151612 -0.2299683 2.057876
0.1141555 -0.2116113 2.075492
0.00927227 -0.5751652 2.028517
0.2796316 -0.05305208 1.759463
0.01405358 -0.9597914 2.077945
0.4731455 -0.08555966 1.394539
0.02962187 -0.9876783 1.931124
0.53106 -0.01042621 1.270683
9
0.02677051 -0.2245879 2.106438
-0.06155187 -0.2306647 2.059679
0.1140587 -0.2102563 2.077536
0.009032198 -0.5762821 2.029524
0.2879545 -0.08616487 1.758398
0.01421186 -0.9615346 2.078494
0.4856263 -0.131941 1.397082
0.02913056 -0.9894531 1.931614
0.5444336 -0.08709717 1.280273
9
0.02677051 -0.2245879 2.106438
-0.06155187 -0.2306647 2.059679
0.1140587 -0.2102563 2.077536
0.009032198 -0.5762821 2.029524
0.2879545 -0.08616487 1.758398
0.01421186 -0.9615346 2.078494
0.4856263 -0.131941 1.397082
0.02913056 -0.9894531 1.931614
0.5444336 -0.08709717 1.280273
9
0.02717144 -0.2240686 2.108038
-0.06113723 -0.230584 2.061233
0.1144251 -0.2093427 2.078979
0.008615221 -0.5785146 2.032397
0.3032506 -0.1203337 1.750491
0.01499059 -0.9649317 2.079101
0.49198 -0.2194506 1.405085
0.02934944 -0.9928613 1.932189
0.5499792 -0.182591 1.300619
9
0.02717144 -0.2240686 2.108038
-0.06113723 -0.230584 2.061233
0.1144251 -0.2093427 2.078979
0.008615221 -0.5785146 2.032397
0.3032506 -0.1203337 1.750491
0.01499059 -0.9649317 2.079101
0.49198 -0.2194506 1.405085
0.02934944 -0.9928613 1.932189
0.5499792 -0.182591 1.300619
9
0.02717144 -0.2240686 2.108038
-0.06113723 -0.230584 2.061233
0.1144251 -0.2093427 2.078979
0.008615221 -0.5785146 2.032397
0.3032506 -0.1203337 1.750491
0.01499059 -0.9649317 2.079101
0.49198 -0.2194506 1.405085
0.02934944 -0.9928613 1.932189
0.5499792 -0.182591 1.300619
9
0.02717144 -0.2240686 2.108038
-0.06113723 -0.230584 2.061233
0.1144251 -0.2093427 2.078979
0.008615221 -0.5785146 2.032397
0.3032506 -0.1203337 1.750491
0.01499059 -0.9649317 2.079101
0.49198 -0.2194506 1.405085
0.02934944 -0.9928613 1.932189
0.5499792 -0.182591 1.300619
