40
9
-0.07039955 -0.03077994 2.404667
-0.1480684 -0.03650406 2.368982
0.009297942 -0.02394981 2.362342
-0.1750078 -0.4182999 2.31246
0.08255508 -0.3978618 2.274352
-0.160871 -0.7756544 2.333707
0.1044098 -0.7628493 2.392566
-0.2184173 -0.8550279 2.350038
0.1249568 -0.8339342 2.302837
9
-0.07039955 -0.03077994 2.404667
-0.1480684 -0.03650406 2.368982
0.009297942 -0.02394981 2.362342
-0.1750078 -0.4182999 2.31246
0.08255508 -0.3978618 2.274352
-0.160871 -0.7756544 2.333707
0.1044098 -0.7628493 2.392566
-0.2184173 -0.8550279 2.350038
0.1249568 -0.8339342 2.302837
9
-0.08020872 -0.02916871 2.401817
-0.1574731 -0.03615224 2.365901
-0.0004847498 -0.02114334 2.35983
-0.177073 -0.4147536 2.315905
0.09138008 -0.3819517 2.23998
-0.1625317 -0.7718357 2.335181
0.1143728 -0.7424003 2.342752
-0.2196984 -0.8539367 2.347533
0.1261087 -0.8282633 2.283472
9
-0.08020872 -0.02916871 2.401817
-0.1574731 -0.03615224 2.365901
-0.0004847498 -0.02114334 2.35983
-0.177073 -0.4147536 2.315905
0.09138008 -0.3819517 2.23998
-0.1625317 -0.7718357 2.335181
0.1143728 -0.7424003 2.342752
-0.2196984 -0.8539367 2.347533
0.1261087 -0.8282633 2.283472
9
-0.08654691 -0.02810997 2.400001
-0.1634433 -0.03605627 2.363479
-0.007061591 -0.01913307 2.358654
-0.1778615 -0.4131696 2.317444
0.09897846 -0.3779962 2.210175
-0.1641614 -0.7672775 2.336291
0.132487 -0.7264456 2.256745
-0.1682994 -0.7962157 2.189006
0.1521806 -0.7948973 2.163229
9
-0.08654691 -0.02810997 2.400001
-0.1634433 -0.03605627 2.363479
-0.007061591 -0.01913307 2.358654
-0.1778615 -0.4131696 2.317444
0.09897846 -0.3779962 2.210175
-0.1641614 -0.7672775 2.336291
0.132487 -0.7264456 2.256745
-0.1682994 -0.7962157 2.189006
0.1521806 -0.7948973 2.163229
9
-0.09227011 -0.02712762 2.39927
-0.1689379 -0.03601735 2.361932
-0.01293534 -0.01721189 2.358783
-0.177303 -0.4140602 2.319472
0.1098731 -0.3647014 2.172802
-0.165569 -0.7633775 2.338199
0.1525547 -0.6891648 2.174742
-0.1679309 -0.7921749 2.190738
0.170794 -0.7493019 2.070608
9
-0.09227011 -0.02712762 2.39927
-0.1689379 -0.03601735 2.361932
-0.01293534 -0.01721189 2.358783
-0.177303 -0.4140602 2.319472
0.1098731 -0.3647014 2.172802
-0.165569 -0.7633775 2.338199
0.1525547 -0.6891648 2.174742
-0.1679309 -0.7921749 2.190738
0.170794 -0.7493019 2.070608
9
-0.09913998 -0.02500723 2.39901
-0.1771714 -0.03525468 2.361601
-0.0184158 -0.01397403 2.358602
-0.1765618 -0.4141964 2.320761
0.1208994 -0.3417175 2.138734
-0.1668181 -0.7606028 2.339878
0.174789 -0.6365449 2.081069
-0.2219238 -0.8481445 2.322266
0.2003174 -0.6826172 1.961914
9
-0.09913998 -0.02500723 2.39901
-0.1771714 -0.03525468 2.361601
-0.0184158 -0.01397403 2.358602
-0.1765618 -0.4141964 2.320761
0.1208994 -0.3417175 2.138734
-0.1668181 -0.7606028 2.339878
0.174789 -0.6365449 2.081069
-0.2219238 -0.8481445 2.322266
0.2003174 -0.6826172 1.961914
9
-0.09975211 -0.0239169 2.39901
-0.1773139 -0.03518543 2.361286
-0.02001293 -0.01022568 2.359687
-0.1733526 -0.4166291 2.323982
0.1302992 -0.3168696 2.094791
-0.1671509 -0.7588398 2.340827
0.2121392 -0.5795587 1.966177
-0.2212673 -0.8479257 2.323141
0.2347412 -0.6123047 1.838867
9
-0.09975211 -0.0239169 2.39901
-0.1773139 -0.03518543 2.361286
-0.02001293 -0.01022568 2.359687
-0.1733526 -0.4166291 2.323982
0.1302992 -0.3168696 2.094791
-0.1671509 -0.7588398 2.340827
0.2121392 -0.5795587 1.966177
-0.2212673 -0.8479257 2.323141
0.2347412 -0.6123047 1.838867
9
-0.1007549 -0.02261917 2.399501
-0.1778644 -0.03514069 2.360983
-0.02144395 -0.006692208 2.361869
-0.1683748 -0.4243508 2.329875
0.1441389 -0.2852749 2.047974
-0.1671004 -0.7587922 2.341117
0.2335019 -0.517241 1.870147
-0.2208439 -0.8478476 2.323454
0.2630878 -0.5480096 1.748095
9
-0.1007549 -0.02261917 2.399501
-0.1778644 -0.03514069 2.360983
-0.02144395 -0.006692208 2.361869
-0.1683748 -0.4243508 2.329875
0.1441389 -0.2852749 2.047974
-0.1671004 -0.7587922 2.341117
0.2335019 -0.517241 1.870147
-0.2208439 -0.8478476 2.323454
0.2630878 -0.5480096 1.748095
9
-0.1007549 -0.02261917 2.399501
-0.1778644 -0.03514069 2.360983
-0.02144395 -0.006692208 2.361869
-0.1683748 -0.4243508 2.329875
0.1441389 -0.2852749 2.047974
-0.1671004 -0.7587922 2.341117
0.2335019 -0.517241 1.870147
-0.2208439 -0.8478476 2.323454
0.2630878 -0.5480096 1.748095
9
-0.1007549 -0.02261917 2.399501
-0.1778644 -0.03514069 2.360983
-0.02144395 -0.006692208 2.361869
-0.1683748 -0.4243508 2.329875
0.1441389 -0.2852749 2.047974
-0.1671004 -0.7587922 2.341117
0.2335019 -0.517241 1.870147
-0.2208439 -0.8478476 2.323454
0.2630878 -0.5480096 1.748095
9
-0.1154232 -0.01894661 2.395405
-0.193201 -0.03287705 2.353442
-0.03430238 -0.003305694 2.360061
-0.1666556 -0.4100045 2.329403
0.1374491 -0.1382001 2.023931
-0.166486 -0.7604927 2.340651
0.2555781 -0.3411032 1.766356
-0.2330736 -0.8539147 2.35205
0.2548746 -0.3736191 1.617671
9
-0.1154232 -0.01894661 2.395405
-0.193201 -0.03287705 2.353442
-0.03430238 -0.003305694 2.360061
-0.1666556 -0.4100045 2.329403
0.1374491 -0.1382001 2.023931
-0.166486 -0.7604927 2.340651
0.2555781 -0.3411032 1.766356
-0.2330736 -0.8539147 2.35205
0.2548746 -0.3736191 1.617671
9
-0.1294834 -0.01516774 2.392349
-0.2084161 -0.02832097 2.349229
-0.04640202 -0.0009437586 2.357884
-0.1608178 -0.4409677 2.333559
0.1279566 -0.08469926 2.014252
-0.1662468 -0.7615656 2.340356
0.2532904 -0.2601496 1.752954
-0.232994 -0.8547351 2.357671
0.2537512 -0.2940277 1.603968
9
-0.1294834 -0.01516774 2.392349
-0.2084161 -0.02832097 2.349229
-0.04640202 -0.0009437586 2.357884
-0.1608178 -0.4409677 2.333559
0.1279566 -0.08469926 2.014252
-0.1662468 -0.7615656 2.340356
0.2532904 -0.2601496 1.752954
-0.232994 -0.8547351 2.357671
0.2537512 -0.2940277 1.603968
9
-0.1369968 -0.01431857 2.390092
-0.2168859 -0.02637927 2.344415
-0.05323265 -0.001193408 2.35759
-0.1627081 -0.4041198 2.327976
0.1244676 -0.04925806 2.000797
-0.1657925 -0.7623845 2.339464
0.2652836 -0.2438414 1.730182
-0.156148 -0.7898907 2.191656
0.3104634 -0.1949838 1.574098
9
-0.1369968 -0.01431857 2.390092
-0.2168859 -0.02637927 2.344415
-0.05323265 -0.001193408 2.35759
-0.1627081 -0.4041198 2.327976
0.1244676 -0.04925806 2.000797
-0.1657925 -0.7623845 2.339464
0.2652836 -0.2438414 1.730182
-0.156148 -0.7898907 2.191656
0.3104634 -0.1949838 1.574098
9
-0.1369968 -0.01431857 2.390092
-0.2168859 -0.02637927 2.344415
-0.05323265 -0.001193408 2.35759
-0.1627081 -0.4041198 2.327976
0.1244676 -0.04925806 2.000797
-0.1657925 -0.7623845 2.339464
0.2652836 -0.2438414 1.730182
-0.156148 -0.7898907 2.191656
0.3104634 -0.1949838 1.574098
9
-0.1369968 -0.01431857 2.390092
-0.2168859 -0.02637927 2.344415
-0.05323265 -0.001193408 2.35759
-0.1627081 -0.4041198 2.327976
0.1244676 -0.04925806 2.000797
-0.1657925 -0.7623845 2.339464
0.2652836 -0.2438414 1.730182
-0.156148 -0.7898907 2.191656
0.3104634 -0.1949838 1.574098
9
-0.1392364 -0.0142396 2.388597
-0.2194531 -0.02648207 2.341437
-0.05502962 -0.001108175 2.357224
-0.1628524 -0.4043985 2.328054
0.117541 0.02162015 1.99087
-0.1653439 -0.7626587 2.338475
0.2533284 -0.07999188 1.718141
-0.1539989 -0.7900499 2.190755
0.3035002 -0.06078096 1.557237
9
-0.1392364 -0.0142396 2.388597
-0.2194531 -0.02648207 2.341437
-0.05502962 -0.001108175 2.357224
-0.1628524 -0.4043985 2.328054
0.117541 0.02162015 1.99087
-0.1653439 -0.7626587 2.338475
0.2533284 -0.07999188 1.718141
-0.1539989 -0.7900499 2.190755
0.3035002 -0.06078096 1.557237
9
-0.1404317 -0.01516854 2.38993
-0.2198427 -0.02646426 2.341507
-0.05748908 -0.004615784 2.362019
-0.1621268 -0.4225846 2.329704
0.1141308 0.03232226 1.99463
-0.16378 -0.763654 2.337742
0.2574652 -0.04373173 1.707178
-0.150732 -0.7910655 2.190196
0.2623399 -0.08193231 1.558114
9
-0.1404317 -0.01516854 2.38993
-0.2198427 -0.02646426 2.341507
-0.05748908 -0.004615784 2.362019
-0.1621268 -0.4225846 2.329704
0.1141308 0.03232226 1.99463
-0.16378 -0.763654 2.337742
0.2574652 -0.04373173 1.707178
-0.150732 -0.7910655 2.190196
0.2623399 -0.08193231 1.558114
9
-0.1404317 -0.01516854 2.38993
-0.2198427 -0.02646426 2.341507
-0.05748908 -0.004615784 2.362019
-0.1621268 -0.4225846 2.329704
0.1141308 0.03232226 1.99463
-0.16378 -0.763654 2.337742
0.2574652 -0.04373173 1.707178
-0.150732 -0.7910655 2.190196
0.2623399 -0.08193231 1.558114
9
-0.1413106 -0.01592918 2.390787
-0.2202179 -0.02646138 2.341481
-0.05874746 -0.006593252 2.36436
-0.1624269 -0.4187303 2.327771
0.1111381 0.04404432 1.996612
-0.1625556 -0.7636732 2.335889
0.2575698 -0.04375073 1.707236
-0.1477803 -0.7911287 2.188556
0.2641867 -0.08200394 1.558384
9
-0.1413106 -0.01592918 2.390787
-0.2202179 -0.02646138 2.341481
-0.05874746 -0.006593252 2.36436
-0.1624269 -0.4187303 2.327771
0.1111381 0.04404432 1.996612
-0.1625556 -0.7636732 2.335889
0.2575698 -0.04375073 1.707236
-0.1477803 -0.7911287 2.188556
0.2641867 -0.08200394 1.558384
9
-0.1413106 -0.01592918 2.390787
-0.2202179 -0.02646138 2.341481
-0.05874746 -0.006593252 2.36436
-0.1624269 -0.4187303 2.327771
0.1111381 0.04404432 1.996612
-0.1625556 -0.7636732 2.335889
0.2575698 -0.04375073 1.707236
-0.1477803 -0.7911287 2.188556
0.2641867 -0.08200394 1.558384
9
-0.1407167 -0.01715063 2.390686
-0.219568 -0.02711153 2.339684
-0.05754719 -0.009030007 2.365752
-0.1608418 -0.4236701 2.325533
0.1091661 0.05241803 1.999982
-0.1618101 -0.7652774 2.334393
0.2576714 -0.04236001 1.708618
-0.1472784 -0.7928836 2.187113
0.2640574 -0.08082461 1.559809
9
-0.1407167 -0.01715063 2.390686
-0.219568 -0.02711153 2.339684
-0.05754719 -0.009030007 2.365752
-0.1608418 -0.4236701 2.325533
0.1091661 0.05241803 1.999982
-0.1618101 -0.7652774 2.334393
0.2576714 -0.04236001 1.708618
-0.1472784 -0.7928836 2.187113
0.2640574 -0.08082461 1.559809
9
-0.1407167 -0.01715063 2.390686
-0.219568 -0.02711153 2.339684
-0.05754719 -0.009030007 2.365752
-0.1608418 -0.4236701 2.325533
0.1091661 0.05241803 1.999982
-0.1618101 -0.7652774 2.334393
0.2576714 -0.04236001 1.708618
-0.1472784 -0.7928836 2.187113
0.2640574 -0.08082461 1.559809
9
-0.1370595 -0.01681295 2.388936
-0.2156647 -0.02679536 2.336217
-0.05361381 -0.007952592 2.364749
-0.1606862 -0.4174877 2.322471
0.1092826 0.05250172 2.000609
-0.1611926 -0.7652712 2.333162
0.2760172 -0.028846 1.631743
-0.1451201 -0.7927513 2.186027
0.2832817 -0.06745858 1.483179
9
-0.1370595 -0.01681295 2.388936
-0.2156647 -0.02679536 2.336217
-0.05361381 -0.007952592 2.364749
-0.1606862 -0.4174877 2.322471
0.1092826 0.05250172 2.000609
-0.1611926 -0.7652712 2.333162
0.2760172 -0.028846 1.631743
-0.1451201 -0.7927513 2.186027
0.2832817 -0.06745858 1.483179
9
-0.1339306 -0.01786725 2.388205
-0.2124739 -0.027368 2.334387
-0.05065187 -0.009034462 2.364793
-0.1600434 -0.4219919 2.32263
0.1126173 0.04764992 1.999952
-0.1611908 -0.7658066 2.332645
0.2790925 -0.02514525 1.629201
-0.1448247 -0.7933301 2.185576
0.2865719 -0.0638952 1.480711
9
-0.1338564 -0.01794588 2.387306
-0.2127007 -0.02769598 2.333239
-0.05034538 -0.008719466 2.363867
-0.1593804 -0.4235601 2.322701
0.1203028 0.02937157 1.999765
-0.1611193 -0.7659206 2.332342
0.2919176 -0.04470889 1.635793
-0.1737757 -0.8381026 2.242594
0.2992523 -0.08293518 1.487344
9
-0.1338564 -0.01794588 2.387306
-0.2127007 -0.02769598 2.333239
-0.05034538 -0.008719466 2.363867
-0.1593804 -0.4235601 2.322701
0.1203028 0.02937157 1.999765
-0.1611193 -0.7659206 2.332342
0.2919176 -0.04470889 1.635793
-0.1737757 -0.8381026 2.242594
0.2992523 -0.08293518 1.487344
