40
9
-0.05628248 -0.009142107 2.174014
-0.1342911 -0.018343 2.141397
0.02331166 0.0005657055 2.128767
-0.1163516 -0.4045061 2.120113
0.09237967 -0.3233602 1.857377
-0.07814229 -0.7610072 2.159196
0.13791 -0.6159232 1.775015
-0.1102463 -0.8306682 2.076814
0.1353794 -0.6564857 1.65411
9
-0.06199963 -0.006498368 2.175991
-0.139297 -0.01727448 2.142127
0.01706954 0.005065373 2.132346
-0.1155936 -0.4042805 2.119839
0.08793259 -0.3075444 1.807608
-0.07879085 -0.7604336 2.159408
0.1504708 -0.5773289 1.678834
-0.1079673 -0.8304693 2.075747
0.1293945 -0.5922852 1.535156
9
-0.06199963 -0.006498368 2.175991
-0.139297 -0.01727448 2.142127
0.01706954 0.005065373 2.132346
-0.1155936 -0.4042805 2.119839
0.08793259 -0.3075444 1.807608
-0.07879085 -0.7604336 2.159408
0.1504708 -0.5773289 1.678834
-0.1079673 -0.8304693 2.075747
0.1293945 -0.5922852 1.535156
9
-0.06717844 -0.005620001 2.177086
-0.1442637 -0.01711848 2.142767
0.01210774 0.006465103 2.133771
-0.113772 -0.4055647 2.120699
0.08209091 -0.25538 1.770702
-0.07947155 -0.7600906 2.159579
0.1281573 -0.4980831 1.587329
-0.1089724 -0.8296558 2.075315
0.1223755 -0.5239258 1.449219
9
-0.06717844 -0.005620001 2.177086
-0.1442637 -0.01711848 2.142767
0.01210774 0.006465103 2.133771
-0.113772 -0.4055647 2.120699
0.08209091 -0.25538 1.770702
-0.07947155 -0.7600906 2.159579
0.1281573 -0.4980831 1.587329
-0.1089724 -0.8296558 2.075315
0.1223755 -0.5239258 1.449219
9
-0.07232628 -0.003925699 2.177054
-0.1507424 -0.01615332 2.142174
0.008282006 0.008588483 2.134127
-0.1110905 -0.4075482 2.123288
0.07693158 -0.1992427 1.735737
-0.08053455 -0.7592751 2.159129
0.1094487 -0.4944215 1.445342
-0.1094433 -0.8282456 2.073468
0.1201505 -0.4099389 1.341287
9
-0.07232628 -0.003925699 2.177054
-0.1507424 -0.01615332 2.142174
0.008282006 0.008588483 2.134127
-0.1110905 -0.4075482 2.123288
0.07693158 -0.1992427 1.735737
-0.08053455 -0.7592751 2.159129
0.1094487 -0.4944215 1.445342
-0.1094433 -0.8282456 2.073468
0.1201505 -0.4099389 1.341287
9
-0.08978336 -0.002918183 2.174712
-0.1675079 -0.0139363 2.138815
-0.008924451 0.008263408 2.132792
-0.1088876 -0.4057925 2.125515
0.06834292 -0.1235454 1.724228
-0.0809209 -0.7583334 2.159371
0.1227898 -0.418857 1.437066
-0.1092002 -0.8274226 2.0735
0.108064 -0.3567947 1.315498
9
-0.08978336 -0.002918183 2.174712
-0.1675079 -0.0139363 2.138815
-0.008924451 0.008263408 2.132792
-0.1088876 -0.4057925 2.125515
0.06834292 -0.1235454 1.724228
-0.0809209 -0.7583334 2.159371
0.1227898 -0.418857 1.437066
-0.1092002 -0.8274226 2.0735
0.108064 -0.3567947 1.315498
9
-0.09146529 -0.002109858 2.173776
-0.1696181 -0.0135086 2.137684
-0.0102118 0.009399473 2.131986
-0.1079102 -0.3989327 2.126366
0.06352516 -0.06144959 1.706751
-0.08067347 -0.7581969 2.159163
0.09085626 -0.2022446 1.318026
-0.121435 -0.8348089 2.141591
0.07415137 -0.1281217 1.208621
9
-0.09146529 -0.002109858 2.173776
-0.1696181 -0.0135086 2.137684
-0.0102118 0.009399473 2.131986
-0.1079102 -0.3989327 2.126366
0.06352516 -0.06144959 1.706751
-0.08067347 -0.7581969 2.159163
0.09085626 -0.2022446 1.318026
-0.121435 -0.8348089 2.141591
0.07415137 -0.1281217 1.208621
9
-0.09703159 0.0006845773 2.171506
-0.1775413 -0.0107876 2.134752
-0.01365511 0.01206319 2.13028
-0.1063326 -0.3840656 2.12507
0.03927311 -0.00561662 1.716571
-0.08101572 -0.7565925 2.157916
0.09627315 -0.1347682 1.327198
-0.1046521 -0.8255019 2.069212
0.07725247 -0.0894495 1.199695
9
-0.09703159 0.0006845773 2.171506
-0.1775413 -0.0107876 2.134752
-0.01365511 0.01206319 2.13028
-0.1063326 -0.3840656 2.12507
0.03927311 -0.00561662 1.716571
-0.08101572 -0.7565925 2.157916
0.09627315 -0.1347682 1.327198
-0.1046521 -0.8255019 2.069212
0.07725247 -0.0894495 1.199695
9
-0.09712894 0.0002857963 2.17178
-0.177262 -0.01106225 2.13518
-0.01418054 0.01134615 2.130511
-0.1064933 -0.3705122 2.120363
0.014368 0.04021152 1.723405
-0.08087535 -0.7551732 2.155272
0.07139495 -0.0889829 1.334188
-0.1048755 -0.8258244 2.06952
0.07714844 -0.0418396 1.205078
9
-0.09712894 0.0002857963 2.17178
-0.177262 -0.01106225 2.13518
-0.01418054 0.01134615 2.130511
-0.1064933 -0.3705122 2.120363
0.014368 0.04021152 1.723405
-0.08087535 -0.7551732 2.155272
0.07139495 -0.0889829 1.334188
-0.1048755 -0.8258244 2.06952
0.07714844 -0.0418396 1.205078
9
-0.145033 -0.01298817 2.187
-0.2197973 -0.01630263 2.151798
-0.0632145 -0.009096502 2.143672
-0.1068033 -0.3698819 2.119805
0.00538534 0.04744944 1.704706
-0.08006772 -0.7544163 2.153004
0.06244665 -0.08180328 1.315516
-0.1040504 -0.827173 2.070889
0.05641201 0.03146809 1.199593
9
-0.145033 -0.01298817 2.187
-0.2197973 -0.01630263 2.151798
-0.0632145 -0.009096502 2.143672
-0.1068033 -0.3698819 2.119805
0.00538534 0.04744944 1.704706
-0.08006772 -0.7544163 2.153004
0.06244665 -0.08180328 1.315516
-0.1040504 -0.827173 2.070889
0.05641201 0.03146809 1.199593
9
-0.1443506 -0.01147105 2.182508
-0.2201839 -0.0147439 2.147992
-0.06197717 -0.00778302 2.138855
-0.1070766 -0.3704064 2.118548
3.444155E-05 0.05703255 1.700564
-0.07976299 -0.7524806 2.149786
0.05710696 -0.07224088 1.311405
-0.1036257 -0.8273983 2.07179
0.05061799 0.04636112 1.204127
9
-0.1443506 -0.01147105 2.182508
-0.2201839 -0.0147439 2.147992
-0.06197717 -0.00778302 2.138855
-0.1070766 -0.3704064 2.118548
3.444155E-05 0.05703255 1.700564
-0.07976299 -0.7524806 2.149786
0.05710696 -0.07224088 1.311405
-0.1036257 -0.8273983 2.07179
0.05061799 0.04636112 1.204127
9
-0.1477118 -0.008207855 2.176971
-0.2253516 -0.01190688 2.144978
-0.06398643 -0.003628767 2.129464
-0.1083213 -0.3716074 2.115227
-0.007695542 0.08776607 1.694633
-0.079872 -0.7532082 2.147481
0.04939282 -0.04154871 1.305561
-0.1039417 -0.8288288 2.071162
0.04134258 0.08017378 1.205602
9
-0.1477118 -0.008207855 2.176971
-0.2253516 -0.01190688 2.144978
-0.06398643 -0.003628767 2.129464
-0.1083213 -0.3716074 2.115227
-0.007695542 0.08776607 1.694633
-0.079872 -0.7532082 2.147481
0.04939282 -0.04154871 1.305561
-0.1039417 -0.8288288 2.071162
0.04134258 0.08017378 1.205602
9
-0.1501434 -0.006672001 2.174592
-0.2294523 -0.01018096 2.142779
-0.06518602 -0.002475341 2.127452
-0.1097584 -0.3717211 2.11329
-0.01250282 0.09390572 1.694778
-0.0797588 -0.756559 2.143616
0.0445894 -0.03541319 1.305726
-0.1052381 -0.8327841 2.069776
0.03934249 0.08579273 1.20488
9
-0.1501434 -0.006672001 2.174592
-0.2294523 -0.01018096 2.142779
-0.06518602 -0.002475341 2.127452
-0.1097584 -0.3717211 2.11329
-0.01250282 0.09390572 1.694778
-0.0797588 -0.756559 2.143616
0.0445894 -0.03541319 1.305726
-0.1052381 -0.8327841 2.069776
0.03934249 0.08579273 1.20488
9
-0.1524457 -0.005680906 2.172059
-0.2324542 -0.009378128 2.140864
-0.06676391 -0.001457717 2.12465
-0.1113944 -0.3718662 2.11057
-0.0150085 0.09917486 1.691703
-0.08012633 -0.7548191 2.141754
0.04208958 -0.03015533 1.302667
-0.1043708 -0.8326857 2.071019
0.03797978 0.09119484 1.202322
9
-0.1524457 -0.005680906 2.172059
-0.2324542 -0.009378128 2.140864
-0.06676391 -0.001457717 2.12465
-0.1113944 -0.3718662 2.11057
-0.0150085 0.09917486 1.691703
-0.08012633 -0.7548191 2.141754
0.04208958 -0.03015533 1.302667
-0.1043708 -0.8326857 2.071019
0.03797978 0.09119484 1.202322
9
-0.1543372 -0.006217577 2.169932
-0.2343304 -0.009807351 2.138973
-0.06856444 -0.002140164 2.122572
-0.1110208 -0.3746408 2.106946
-0.01621609 0.09863847 1.694436
-0.07992025 -0.7551659 2.140862
0.04087957 -0.03068459 1.3054
-0.1046811 -0.8331751 2.070913
0.03781097 0.08801658 1.200128
9
-0.1543372 -0.006217577 2.169932
-0.2343304 -0.009807351 2.138973
-0.06856444 -0.002140164 2.122572
-0.1110208 -0.3746408 2.106946
-0.01621609 0.09863847 1.694436
-0.07992025 -0.7551659 2.140862
0.04087957 -0.03068459 1.3054
-0.1046811 -0.8331751 2.070913
0.03781097 0.08801658 1.200128
9
-0.1554267 -0.00856363 2.170125
-0.2348943 -0.01087396 2.139024
-0.07040618 -0.00634058 2.123171
-0.1115101 -0.3746332 2.106012
-0.02128228 0.09227347 1.711602
-0.07627624 -0.7754881 2.136549
0.03579694 -0.03700255 1.322556
-0.1127611 -0.847716 2.063711
0.03688251 0.07150358 1.201754
9
-0.1554267 -0.00856363 2.170125
-0.2348943 -0.01087396 2.139024
-0.07040618 -0.00634058 2.123171
-0.1115101 -0.3746332 2.106012
-0.02128228 0.09227347 1.711602
-0.07627624 -0.7754881 2.136549
0.03579694 -0.03700255 1.322556
-0.1127611 -0.847716 2.063711
0.03688251 0.07150358 1.201754
9
-0.1552789 -0.01220747 2.172067
-0.2343497 -0.01300018 2.140803
-0.07082268 -0.01171157 2.125376
-0.1116049 -0.3744853 2.105382
-0.02248449 0.07982288 1.724381
-0.07877839 -0.7656801 2.138151
0.03458096 -0.0494112 1.335307
-0.1080998 -0.8415496 2.066899
0.04885864 0.0174408 1.188477
9
-0.1552789 -0.01220747 2.172067
-0.2343497 -0.01300018 2.140803
-0.07082268 -0.01171157 2.125376
-0.1116049 -0.3744853 2.105382
-0.02248449 0.07982288 1.724381
-0.07877839 -0.7656801 2.138151
0.03458096 -0.0494112 1.335307
-0.1080998 -0.8415496 2.066899
0.04885864 0.0174408 1.188477
9
-0.1513148 -0.01784407 2.176092
-0.2296067 -0.01796624 2.144738
-0.06770179 -0.01753091 2.129572
-0.1122517 -0.3738755 2.104978
-0.01106557 0.06314436 1.71468
-0.08009786 -0.7564142 2.140368
0.08227418 -0.0674693 1.332864
-0.1051207 -0.8342839 2.070323
0.05674464 -0.03002511 1.192315
9
-0.1513148 -0.01784407 2.176092
-0.2296067 -0.01796624 2.144738
-0.06770179 -0.01753091 2.129572
-0.1122517 -0.3738755 2.104978
-0.01106557 0.06314436 1.71468
-0.08009786 -0.7564142 2.140368
0.08227418 -0.0674693 1.332864
-0.1051207 -0.8342839 2.070323
0.05674464 -0.03002511 1.192315
9
-0.1513148 -0.01784407 2.176092
-0.2296067 -0.01796624 2.144738
-0.06770179 -0.01753091 2.129572
-0.1122517 -0.3738755 2.104978
-0.01106557 0.06314436 1.71468
-0.08009786 -0.7564142 2.140368
0.08227418 -0.0674693 1.332864
-0.1051207 -0.8342839 2.070323
0.05674464 -0.03002511 1.192315
9
-0.1513148 -0.01784407 2.176092
-0.2296067 -0.01796624 2.144738
-0.06770179 -0.01753091 2.129572
-0.1122517 -0.3738755 2.104978
-0.01106557 0.06314436 1.71468
-0.08009786 -0.7564142 2.140368
0.08227418 -0.0674693 1.332864
-0.1051207 -0.8342839 2.070323
0.05674464 -0.03002511 1.192315
9
-0.1193327 -0.01271049 2.172396
-0.1943801 -0.02053362 2.138381
-0.03776185 -0.004555528 2.128206
-0.1177949 -0.3963162 2.11404
0.03902164 -0.03644118 1.671637
-0.08032626 -0.7551715 2.141641
0.07595499 -0.1571921 1.277217
-0.1235352 -0.8374023 2.136719
0.02300848 -0.08479347 1.185787
9
-0.1193327 -0.01271049 2.172396
-0.1943801 -0.02053362 2.138381
-0.03776185 -0.004555528 2.128206
-0.1177949 -0.3963162 2.11404
0.03902164 -0.03644118 1.671637
-0.08032626 -0.7551715 2.141641
0.07595499 -0.1571921 1.277217
-0.1235352 -0.8374023 2.136719
0.02300848 -0.08479347 1.185787
9
-0.1211035 -0.01130011 2.164824
-0.1970066 -0.02020082 2.130154
-0.03955802 -0.002098654 2.121224
-0.1185998 -0.3994992 2.11622
0.04977488 -0.08847469 1.679383
-0.08005132 -0.7548704 2.142332
0.08755285 -0.2383101 1.294674
-0.1062259 -0.8310446 2.068827
0.08870785 -0.3270694 1.287545
9
-0.1211035 -0.01130011 2.164824
-0.1970066 -0.02020082 2.130154
-0.03955802 -0.002098654 2.121224
-0.1185998 -0.3994992 2.11622
0.04977488 -0.08847469 1.679383
-0.08005132 -0.7548704 2.142332
0.08755285 -0.2383101 1.294674
-0.1062259 -0.8310446 2.068827
0.08870785 -0.3270694 1.287545
9
-0.1212172 -0.01109571 2.164899
-0.1972869 -0.01994929 2.130188
-0.0396546 -0.001862753 2.121399
-0.1190853 -0.4001079 2.117555
0.04880025 -0.1325656 1.71153
-0.08010896 -0.7542992 2.144661
0.08722658 -0.3164828 1.341534
-0.107154 -0.8295217 2.06954
0.1027327 -0.4064919 1.304698
