40
9
-0.005023988 -0.007362839 1.973006
-0.07762336 -0.01721093 1.953809
0.0676092 0.002703111 1.914316
-0.06127507 -0.3848994 1.959658
0.1332482 -0.3670774 1.783928
-0.02210072 -0.7461963 2.020967
0.2116835 -0.7132152 1.821572
-0.05942193 -0.8239698 1.963301
0.1990924 -0.7969024 1.761792
9
-0.01668632 -0.008225798 1.977063
-0.08836908 -0.01856538 1.956658
0.05558902 0.002453265 1.919668
-0.06402688 -0.3870935 1.96159
0.1245136 -0.3698686 1.753387
-0.02215833 -0.7462081 2.020965
0.1920496 -0.7089146 1.761576
-0.05939546 -0.8240047 1.963254
0.1912371 -0.7827514 1.677222
9
-0.01668632 -0.008225798 1.977063
-0.08836908 -0.01856538 1.956658
0.05558902 0.002453265 1.919668
-0.06402688 -0.3870935 1.96159
0.1245136 -0.3698686 1.753387
-0.02215833 -0.7462081 2.020965
0.1920496 -0.7089146 1.761576
-0.05939546 -0.8240047 1.963254
0.1912371 -0.7827514 1.677222
9
-0.0217863 -0.009307351 1.980237
-0.09387588 -0.01989096 1.95897
0.05104124 0.001636298 1.923746
-0.06575666 -0.3932426 1.965326
0.1176259 -0.3686064 1.723671
-0.02270478 -0.7481863 2.021345
0.1699066 -0.6935881 1.68336
-0.06011146 -0.8256095 1.962561
0.1639008 -0.7428316 1.570211
9
-0.0217863 -0.009307351 1.980237
-0.09387588 -0.01989096 1.95897
0.05104124 0.001636298 1.923746
-0.06575666 -0.3932426 1.965326
0.1176259 -0.3686064 1.723671
-0.02270478 -0.7481863 2.021345
0.1699066 -0.6935881 1.68336
-0.06011146 -0.8256095 1.962561
0.1639008 -0.7428316 1.570211
9
-0.02688688 -0.008449141 1.984314
-0.09969395 -0.01893703 1.96207
0.04679927 0.002390616 1.928868
-0.06597348 -0.3969736 1.965901
0.1031396 -0.3411154 1.676396
-0.02282067 -0.7504684 2.021243
0.1389193 -0.6332163 1.608975
-0.06159637 -0.8273051 1.962603
0.1361084 -0.6713867 1.486328
9
-0.02688688 -0.008449141 1.984314
-0.09969395 -0.01893703 1.96207
0.04679927 0.002390616 1.928868
-0.06597348 -0.3969736 1.965901
0.1031396 -0.3411154 1.676396
-0.02282067 -0.7504684 2.021243
0.1389193 -0.6332163 1.608975
-0.06159637 -0.8273051 1.962603
0.1361084 -0.6713867 1.486328
9
-0.02948935 -0.00779119 1.988925
-0.1039888 -0.018832 1.96682
0.0457414 0.00353529 1.933494
-0.06159069 -0.416131 1.970496
0.0883034 -0.2892676 1.643463
-0.02236087 -0.7529334 2.021816
0.1093286 -0.5663265 1.517461
-0.06257927 -0.8293031 1.964001
0.1034603 -0.5821206 1.385456
9
-0.02948935 -0.00779119 1.988925
-0.1039888 -0.018832 1.96682
0.0457414 0.00353529 1.933494
-0.06159069 -0.416131 1.970496
0.0883034 -0.2892676 1.643463
-0.02236087 -0.7529334 2.021816
0.1093286 -0.5663265 1.517461
-0.06257927 -0.8293031 1.964001
0.1034603 -0.5821206 1.385456
9
-0.03575164 -0.004586937 2.001115
-0.1105476 -0.01857645 1.97481
0.04053902 0.01065857 1.951141
-0.0602448 -0.4216216 1.97173
0.07969088 -0.232332 1.604653
-0.02243778 -0.7576298 2.021509
0.09533677 -0.4864433 1.432751
-0.06448803 -0.8325989 1.961897
0.07936172 -0.5083069 1.265437
9
-0.03575164 -0.004586937 2.001115
-0.1105476 -0.01857645 1.97481
0.04053902 0.01065857 1.951141
-0.0602448 -0.4216216 1.97173
0.07969088 -0.232332 1.604653
-0.02243778 -0.7576298 2.021509
0.09533677 -0.4864433 1.432751
-0.06448803 -0.8325989 1.961897
0.07936172 -0.5083069 1.265437
9
-0.0387132 -0.00303868 2.009011
-0.1162482 -0.0163054 1.983206
0.03996909 0.01112566 1.957759
-0.07105122 -0.3943979 1.969296
0.06834335 -0.165058 1.573662
-0.02456185 -0.7582622 2.020267
0.05940201 -0.4546075 1.276257
-0.06499976 -0.8341887 1.961541
0.05647244 -0.3925971 1.152555
9
-0.0387132 -0.00303868 2.009011
-0.1162482 -0.0163054 1.983206
0.03996909 0.01112566 1.957759
-0.07105122 -0.3943979 1.969296
0.06834335 -0.165058 1.573662
-0.02456185 -0.7582622 2.020267
0.05940201 -0.4546075 1.276257
-0.06499976 -0.8341887 1.961541
0.05647244 -0.3925971 1.152555
9
-0.0387132 -0.00303868 2.009011
-0.1162482 -0.0163054 1.983206
0.03996909 0.01112566 1.957759
-0.07105122 -0.3943979 1.969296
0.06834335 -0.165058 1.573662
-0.02456185 -0.7582622 2.020267
0.05940201 -0.4546075 1.276257
-0.06499976 -0.8341887 1.961541
0.05647244 -0.3925971 1.152555
9
-0.0387132 -0.00303868 2.009011
-0.1162482 -0.0163054 1.983206
0.03996909 0.01112566 1.957759
-0.07105122 -0.3943979 1.969296
0.06834335 -0.165058 1.573662
-0.02456185 -0.7582622 2.020267
0.05940201 -0.4546075 1.276257
-0.06499976 -0.8341887 1.961541
0.05647244 -0.3925971 1.152555
9
-0.0387132 -0.00303868 2.009011
-0.1162482 -0.0163054 1.983206
0.03996909 0.01112566 1.957759
-0.07105122 -0.3943979 1.969296
0.06834335 -0.165058 1.573662
-0.02456185 -0.7582622 2.020267
0.05940201 -0.4546075 1.276257
-0.06499976 -0.8341887 1.961541
0.05647244 -0.3925971 1.152555
9
-0.0387132 -0.00303868 2.009011
-0.1162482 -0.0163054 1.983206
0.03996909 0.01112566 1.957759
-0.07105122 -0.3943979 1.969296
0.06834335 -0.165058 1.573662
-0.02456185 -0.7582622 2.020267
0.05940201 -0.4546075 1.276257
-0.06499976 -0.8341887 1.961541
0.05647244 -0.3925971 1.152555
9
-0.02282968 0.01506721 2.051951
-0.1119237 0.004864815 2.030028
0.06740318 0.02511522 1.996863
-0.07407544 -0.4059417 1.977728
0.0542702 0.03723188 1.539759
-0.02839075 -0.7500935 2.014229
0.04542538 -0.2536672 1.243521
-0.060842 -0.8308513 1.962744
0.01546922 -0.1410254 1.124106
9
-0.02282968 0.01506721 2.051951
-0.1119237 0.004864815 2.030028
0.06740318 0.02511522 1.996863
-0.07407544 -0.4059417 1.977728
0.0542702 0.03723188 1.539759
-0.02839075 -0.7500935 2.014229
0.04542538 -0.2536672 1.243521
-0.060842 -0.8308513 1.962744
0.01546922 -0.1410254 1.124106
9
0.004028939 -0.0180351 2.029207
-0.07533623 -0.03196635 2.005028
0.08258438 -0.001033628 1.977361
-0.05757985 -0.4097314 1.983184
0.1415516 -0.03583607 1.485638
-0.02995128 -0.748602 2.012614
0.06185834 -0.1906439 1.110221
-0.05551772 -0.8313903 1.960456
0.005220398 -0.05929483 1.066683
9
0.004028939 -0.0180351 2.029207
-0.07533623 -0.03196635 2.005028
0.08258438 -0.001033628 1.977361
-0.05757985 -0.4097314 1.983184
0.1415516 -0.03583607 1.485638
-0.02995128 -0.748602 2.012614
0.06185834 -0.1906439 1.110221
-0.05551772 -0.8313903 1.960456
0.005220398 -0.05929483 1.066683
9
0.0103684 -0.004010655 2.044356
-0.0737379 -0.01430508 2.023275
0.09296431 0.007845589 1.98855
-0.04863431 -0.4066642 1.984423
0.1508133 -0.001353559 1.513429
-0.02899128 -0.7498429 2.012167
0.07116631 -0.1560627 1.138199
-0.05626375 -0.7797158 1.86961
0.008749444 -0.03084034 1.076251
9
0.0103684 -0.004010655 2.044356
-0.0737379 -0.01430508 2.023275
0.09296431 0.007845589 1.98855
-0.04863431 -0.4066642 1.984423
0.1508133 -0.001353559 1.513429
-0.02899128 -0.7498429 2.012167
0.07116631 -0.1560627 1.138199
-0.05626375 -0.7797158 1.86961
0.008749444 -0.03084034 1.076251
9
0.01003106 0.0002600006 2.04582
-0.07412026 -0.008053484 2.025513
0.09296371 0.009745194 1.989076
-0.04692419 -0.4056531 1.984946
0.1464875 -0.01441605 1.509985
-0.028368 -0.7500834 2.010481
0.04306039 -0.103642 1.120273
-0.05505113 -0.7799409 1.867775
-0.01400904 0.02335729 1.065874
9
0.01003106 0.0002600006 2.04582
-0.07412026 -0.008053484 2.025513
0.09296371 0.009745194 1.989076
-0.04692419 -0.4056531 1.984946
0.1464875 -0.01441605 1.509985
-0.028368 -0.7500834 2.010481
0.04306039 -0.103642 1.120273
-0.05505113 -0.7799409 1.867775
-0.01400904 0.02335729 1.065874
9
0.008172213 0.003038811 2.048357
-0.07490507 -0.002973969 2.029009
0.09064746 0.01055818 1.990741
-0.04501595 -0.402137 1.984447
0.1263757 -0.06751245 1.514678
-0.02811074 -0.7497105 2.009823
0.02567028 -0.1467254 1.122045
-0.05509499 -0.7795812 1.867198
-0.01820314 -0.0128447 1.072496
9
0.008172213 0.003038811 2.048357
-0.07490507 -0.002973969 2.029009
0.09064746 0.01055818 1.990741
-0.04501595 -0.402137 1.984447
0.1263757 -0.06751245 1.514678
-0.02811074 -0.7497105 2.009823
0.02567028 -0.1467254 1.122045
-0.05509499 -0.7795812 1.867198
-0.01820314 -0.0128447 1.072496
9
0.009713667 0.005095901 2.054477
-0.07262765 -0.001445511 2.03526
0.09149352 0.01235909 1.996051
-0.04461904 -0.4023805 1.984603
0.1378583 -0.04890002 1.530245
-0.02775562 -0.750497 2.009148
0.03598942 -0.1311366 1.138588
-0.05493122 -0.7807583 1.866739
-0.004488934 0.001232892 1.074666
9
0.009713667 0.005095901 2.054477
-0.07262765 -0.001445511 2.03526
0.09149352 0.01235909 1.996051
-0.04461904 -0.4023805 1.984603
0.1378583 -0.04890002 1.530245
-0.02775562 -0.750497 2.009148
0.03598942 -0.1311366 1.138588
-0.05493122 -0.7807583 1.866739
-0.004488934 0.001232892 1.074666
9
0.01331665 0.005863373 2.056154
-0.07144067 -0.001735069 2.035741
0.09899962 0.01496482 1.999655
-0.0440897 -0.4023287 1.984449
0.1586257 0.008550484 1.534165
-0.02748428 -0.7510248 2.007816
0.05493816 -0.1002258 1.149415
-0.05319976 -0.7812526 1.865038
-0.005315192 0.02032428 1.073472
9
0.01331665 0.005863373 2.056154
-0.07144067 -0.001735069 2.035741
0.09899962 0.01496482 1.999655
-0.0440897 -0.4023287 1.984449
0.1586257 0.008550484 1.534165
-0.02748428 -0.7510248 2.007816
0.05493816 -0.1002258 1.149415
-0.05319976 -0.7812526 1.865038
-0.005315192 0.02032428 1.073472
9
0.01442399 0.005574874 2.05649
-0.07132024 -0.002027939 2.035811
0.1016707 0.01455597 2.000241
-0.04378328 -0.4027692 1.984729
0.1586473 0.007656722 1.533429
-0.02746328 -0.7517405 2.00774
0.08298171 -0.1523222 1.159613
-0.05276682 -0.7816898 1.864758
0.01869928 -0.03127771 1.085389
9
0.01442399 0.005574874 2.05649
-0.07132024 -0.002027939 2.035811
0.1016707 0.01455597 2.000241
-0.04378328 -0.4027692 1.984729
0.1586473 0.007656722 1.533429
-0.02746328 -0.7517405 2.00774
0.08298171 -0.1523222 1.159613
-0.05276682 -0.7816898 1.864758
0.01869928 -0.03127771 1.085389
9
0.02020336 0.0005228667 2.052198
-0.06200654 -0.009398548 2.029444
0.1040713 0.01090481 1.997192
-0.04560301 -0.408211 1.985809
0.06242645 0.05866511 1.504725
-0.02761964 -0.7509335 2.007414
-0.01421188 -0.09921757 1.130243
-0.05951316 -0.8321533 1.957947
0.01654484 -0.006720118 1.056334
9
0.02020336 0.0005228667 2.052198
-0.06200654 -0.009398548 2.029444
0.1040713 0.01090481 1.997192
-0.04560301 -0.408211 1.985809
0.06242645 0.05866511 1.504725
-0.02761964 -0.7509335 2.007414
-0.01421188 -0.09921757 1.130243
-0.05951316 -0.8321533 1.957947
0.01654484 -0.006720118 1.056334
9
0.02692001 -0.00114915 2.047445
-0.05433918 -0.01325962 2.023353
0.1085563 0.01086614 1.993747
-0.04940458 -0.4168922 1.988884
0.06532904 0.01176396 1.529015
-0.027906 -0.7420642 2.008198
0.04347603 -0.1044039 1.133359
-0.05983635 -0.8230568 1.956459
-0.005310267 -0.1819914 1.058702
9
0.02692001 -0.00114915 2.047445
-0.05433918 -0.01325962 2.023353
0.1085563 0.01086614 1.993747
-0.04940458 -0.4168922 1.988884
0.06532904 0.01176396 1.529015
-0.027906 -0.7420642 2.008198
0.04347603 -0.1044039 1.133359
-0.05983635 -0.8230568 1.956459
-0.005310267 -0.1819914 1.058702
9
0.03250397 -0.003133125 2.04409
-0.04520623 -0.01513179 2.016754
0.1109091 0.009237507 1.992597
-0.05193162 -0.4260305 1.99594
0.069247 -0.05191947 1.525075
-0.02785552 -0.7439303 2.008771
0.05713641 -0.1776528 1.13157
-0.06007275 -0.8245825 1.955833
0.01857779 -0.264685 1.108221
9
0.03250397 -0.003133125 2.04409
-0.04520623 -0.01513179 2.016754
0.1109091 0.009237507 1.992597
-0.05193162 -0.4260305 1.99594
0.069247 -0.05191947 1.525075
-0.02785552 -0.7439303 2.008771
0.05713641 -0.1776528 1.13157
-0.06007275 -0.8245825 1.955833
0.01857779 -0.264685 1.108221
9
0.03829876 -0.002235136 2.044116
-0.04091366 -0.01526609 2.016313
0.1170882 0.01119719 1.993526
-0.04968908 -0.4241688 1.997651
0.07576741 -0.1104652 1.548406
-0.02535036 -0.7435905 2.010881
0.1428315 -0.3098997 1.322328
-0.05978968 -0.8231794 1.956434
0.0817 -0.3169086 1.162663
