40
9
0.02179722 -0.0684378 1.983998
-0.0602946 -0.07346502 1.961144
0.1024138 -0.05741153 1.92526
-0.01011502 -0.5060958 1.959145
0.1032541 -0.4815559 1.802097
0.03671094 -0.8058341 1.937654
0.1239684 -0.7557829 1.77397
-0.04492332 -0.841301 1.796095
0.04127324 -0.8339343 1.668185
9
0.02179722 -0.0684378 1.983998
-0.0602946 -0.07346502 1.961144
0.1024138 -0.05741153 1.92526
-0.01011502 -0.5060958 1.959145
0.1032541 -0.4815559 1.802097
0.03671094 -0.8058341 1.937654
0.1239684 -0.7557829 1.77397
-0.04492332 -0.841301 1.796095
0.04127324 -0.8339343 1.668185
9
0.02198082 -0.06614673 1.986449
-0.05999411 -0.07306606 1.961364
0.1020908 -0.05367685 1.930363
-0.009909104 -0.5091832 1.960107
0.1106481 -0.4701238 1.772982
0.03547371 -0.8091077 1.938355
0.1178695 -0.7582588 1.713196
0.005374897 -0.8314352 1.767838
0.05959063 -0.8309588 1.581685
9
0.02198082 -0.06614673 1.986449
-0.05999411 -0.07306606 1.961364
0.1020908 -0.05367685 1.930363
-0.009909104 -0.5091832 1.960107
0.1106481 -0.4701238 1.772982
0.03547371 -0.8091077 1.938355
0.1178695 -0.7582588 1.713196
0.005374897 -0.8314352 1.767838
0.05959063 -0.8309588 1.581685
9
0.02198082 -0.06614673 1.986449
-0.05999411 -0.07306606 1.961364
0.1020908 -0.05367685 1.930363
-0.009909104 -0.5091832 1.960107
0.1106481 -0.4701238 1.772982
0.03547371 -0.8091077 1.938355
0.1178695 -0.7582588 1.713196
0.005374897 -0.8314352 1.767838
0.05959063 -0.8309588 1.581685
9
0.02228189 -0.0647759 1.988956
-0.0597776 -0.07267205 1.961672
0.102516 -0.05219392 1.935133
-0.008508679 -0.4963492 1.962655
0.1187445 -0.4488344 1.721722
0.02648642 -0.7769194 1.941049
0.1033259 -0.8226087 1.580248
-0.0007874034 -0.8183477 1.776507
0.001343876 -0.8313254 1.558109
9
0.02228189 -0.0647759 1.988956
-0.0597776 -0.07267205 1.961672
0.102516 -0.05219392 1.935133
-0.008508679 -0.4963492 1.962655
0.1187445 -0.4488344 1.721722
0.02648642 -0.7769194 1.941049
0.1033259 -0.8226087 1.580248
-0.0007874034 -0.8183477 1.776507
0.001343876 -0.8313254 1.558109
9
0.02179828 -0.06377715 1.990357
-0.05997992 -0.07218169 1.961794
0.1020166 -0.05133716 1.93761
-0.007811011 -0.4958824 1.961868
0.1209293 -0.4265248 1.681903
0.02530689 -0.7763541 1.941427
0.1168429 -0.8380618 1.631887
-0.01451242 -0.8227945 1.782634
0.03607214 -0.7880362 1.527777
9
0.02179828 -0.06377715 1.990357
-0.05997992 -0.07218169 1.961794
0.1020166 -0.05133716 1.93761
-0.007811011 -0.4958824 1.961868
0.1209293 -0.4265248 1.681903
0.02530689 -0.7763541 1.941427
0.1168429 -0.8380618 1.631887
-0.01451242 -0.8227945 1.782634
0.03607214 -0.7880362 1.527777
9
0.02167841 -0.0623798 1.994362
-0.05990603 -0.07108541 1.962607
0.1017784 -0.05081166 1.945428
-0.007614188 -0.4951201 1.960061
0.1260204 -0.3806349 1.626759
0.02441743 -0.7723603 1.942572
0.139838 -0.7883549 1.672204
-0.02423168 -0.8180795 1.78658
0.02865483 -0.8438416 1.581152
9
0.02167841 -0.0623798 1.994362
-0.05990603 -0.07108541 1.962607
0.1017784 -0.05081166 1.945428
-0.007614188 -0.4951201 1.960061
0.1260204 -0.3806349 1.626759
0.02441743 -0.7723603 1.942572
0.139838 -0.7883549 1.672204
-0.02423168 -0.8180795 1.78658
0.02865483 -0.8438416 1.581152
9
0.01912113 -0.06172394 1.997311
-0.06207772 -0.07020877 1.964065
0.09955186 -0.05064694 1.948598
-0.002320709 -0.4940722 1.954726
0.1284217 -0.3256574 1.57778
0.02438951 -0.7730915 1.942663
0.143031 -0.7346902 1.619846
-0.02506794 -0.8177779 1.786487
0.04838863 -0.8253299 1.578314
9
0.01912113 -0.06172394 1.997311
-0.06207772 -0.07020877 1.964065
0.09955186 -0.05064694 1.948598
-0.002320709 -0.4940722 1.954726
0.1284217 -0.3256574 1.57778
0.02438951 -0.7730915 1.942663
0.143031 -0.7346902 1.619846
-0.02506794 -0.8177779 1.786487
0.04838863 -0.8253299 1.578314
9
0.01618612 -0.06063037 2.000383
-0.0648265 -0.06887175 1.96454
0.09637024 -0.04995297 1.954972
-0.0003024038 -0.4923435 1.952798
0.1298153 -0.2563949 1.539908
0.02795476 -0.7690989 1.944215
0.1178218 -0.5406978 1.289627
-0.03825118 -0.8109617 1.794867
0.118103 -0.4453125 1.18457
9
0.01618612 -0.06063037 2.000383
-0.0648265 -0.06887175 1.96454
0.09637024 -0.04995297 1.954972
-0.0003024038 -0.4923435 1.952798
0.1298153 -0.2563949 1.539908
0.02795476 -0.7690989 1.944215
0.1178218 -0.5406978 1.289627
-0.03825118 -0.8109617 1.794867
0.118103 -0.4453125 1.18457
9
0.01795591 -0.06046259 2.001703
-0.06451283 -0.06838253 1.964725
0.1008637 -0.05085702 1.957581
0.002677173 -0.491705 1.950417
0.1325551 -0.192733 1.515015
0.02817013 -0.7687706 1.944052
0.1730656 -0.4245338 1.215115
-0.03488425 -0.8125208 1.793867
0.1070142 -0.3425018 1.126714
9
0.01633265 -0.06029321 2.00197
-0.06906618 -0.06620797 1.963799
0.1002332 -0.05141991 1.957969
0.007198182 -0.4883217 1.947194
0.1393611 -0.1187505 1.498159
0.02853239 -0.768219 1.943865
0.149354 -0.2525325 1.09683
-0.03741116 -0.8114263 1.795042
0.1186998 -0.2929523 0.9477994
9
0.01633265 -0.06029321 2.00197
-0.06906618 -0.06620797 1.963799
0.1002332 -0.05141991 1.957969
0.007198182 -0.4883217 1.947194
0.1393611 -0.1187505 1.498159
0.02853239 -0.768219 1.943865
0.149354 -0.2525325 1.09683
-0.03741116 -0.8114263 1.795042
0.1186998 -0.2929523 0.9477994
9
0.01822131 -0.05928602 2.001474
-0.06858626 -0.06520942 1.962488
0.1055114 -0.05017487 1.95803
0.009363553 -0.4870811 1.945578
0.1440084 -0.0398067 1.493219
0.02951245 -0.7667812 1.942795
0.1504892 -0.1558184 1.086821
-0.03796378 -0.8112964 1.795568
0.1207414 -0.1995616 0.9369307
9
0.01822131 -0.05928602 2.001474
-0.06858626 -0.06520942 1.962488
0.1055114 -0.05017487 1.95803
0.009363553 -0.4870811 1.945578
0.1440084 -0.0398067 1.493219
0.02951245 -0.7667812 1.942795
0.1504892 -0.1558184 1.086821
-0.03796378 -0.8112964 1.795568
0.1207414 -0.1995616 0.9369307
9
0.01822131 -0.05928602 2.001474
-0.06858626 -0.06520942 1.962488
0.1055114 -0.05017487 1.95803
0.009363553 -0.4870811 1.945578
0.1440084 -0.0398067 1.493219
0.02951245 -0.7667812 1.942795
0.1504892 -0.1558184 1.086821
-0.03796378 -0.8112964 1.795568
0.1207414 -0.1995616 0.9369307
9
0.01822131 -0.05928602 2.001474
-0.06858626 -0.06520942 1.962488
0.1055114 -0.05017487 1.95803
0.009363553 -0.4870811 1.945578
0.1440084 -0.0398067 1.493219
0.02951245 -0.7667812 1.942795
0.1504892 -0.1558184 1.086821
-0.03796378 -0.8112964 1.795568
0.1207414 -0.1995616 0.9369307
9
0.01822131 -0.05928602 2.001474
-0.06858626 -0.06520942 1.962488
0.1055114 -0.05017487 1.95803
0.009363553 -0.4870811 1.945578
0.1440084 -0.0398067 1.493219
0.02951245 -0.7667812 1.942795
0.1504892 -0.1558184 1.086821
-0.03796378 -0.8112964 1.795568
0.1207414 -0.1995616 0.9369307
9
0.01822131 -0.05928602 2.001474
-0.06858626 -0.06520942 1.962488
0.1055114 -0.05017487 1.95803
0.009363553 -0.4870811 1.945578
0.1440084 -0.0398067 1.493219
0.02951245 -0.7667812 1.942795
0.1504892 -0.1558184 1.086821
-0.03796378 -0.8112964 1.795568
0.1207414 -0.1995616 0.9369307
9
0.01992514 -0.05661428 2.000376
-0.0691869 -0.05938378 1.959412
0.1092589 -0.04912724 1.957497
0.01046285 -0.4810926 1.942855
0.1111132 0.01372374 1.49522
0.0322784 -0.7598006 1.942322
0.117606 -0.102326 1.088941
-0.0346717 -0.8078978 1.796654
0.1618592 -0.01215854 1.080963
9
0.01992514 -0.05661428 2.000376
-0.0691869 -0.05938378 1.959412
0.1092589 -0.04912724 1.957497
0.01046285 -0.4810926 1.942855
0.1111132 0.01372374 1.49522
0.0322784 -0.7598006 1.942322
0.117606 -0.102326 1.088941
-0.0346717 -0.8078978 1.796654
0.1618592 -0.01215854 1.080963
9
0.02701531 -0.0578753 2.011044
-0.06289963 -0.0588426 1.968601
0.1163677 -0.05368618 1.969658
0.01058424 -0.4824124 1.940243
0.1111072 0.01177522 1.507771
0.03389373 -0.7534481 1.943123
0.1175863 -0.1042717 1.101341
-0.03231389 -0.8052765 1.799132
0.162511 -0.009146839 1.072013
9
0.02701531 -0.0578753 2.011044
-0.06289963 -0.0588426 1.968601
0.1163677 -0.05368618 1.969658
0.01058424 -0.4824124 1.940243
0.1111072 0.01177522 1.507771
0.03389373 -0.7534481 1.943123
0.1175863 -0.1042717 1.101341
-0.03231389 -0.8052765 1.799132
0.162511 -0.009146839 1.072013
9
0.02891988 -0.05806537 2.013242
-0.06110083 -0.05852167 1.970382
0.1181478 -0.05465351 1.972222
0.009627381 -0.4826546 1.93987
0.1148029 -0.001089978 1.501416
0.03428556 -0.7524648 1.943183
0.1768437 -0.09690935 1.108694
-0.03227429 -0.8044131 1.799464
0.1160731 -0.004325449 1.069633
9
0.02891988 -0.05806537 2.013242
-0.06110083 -0.05852167 1.970382
0.1181478 -0.05465351 1.972222
0.009627381 -0.4826546 1.93987
0.1148029 -0.001089978 1.501416
0.03428556 -0.7524648 1.943183
0.1768437 -0.09690935 1.108694
-0.03227429 -0.8044131 1.799464
0.1160731 -0.004325449 1.069633
9
0.02737506 -0.06333449 2.017767
-0.06121933 -0.06078654 1.975713
0.1142483 -0.06496569 1.976237
0.008872913 -0.4851768 1.939701
0.1202046 -0.01014846 1.497443
0.03432976 -0.7524842 1.943192
0.1767531 -0.1031006 1.108675
-0.03223386 -0.8044207 1.799468
0.1237175 -0.006020725 1.066758
9
0.02737506 -0.06333449 2.017767
-0.06121933 -0.06078654 1.975713
0.1142483 -0.06496569 1.976237
0.008872913 -0.4851768 1.939701
0.1202046 -0.01014846 1.497443
0.03432976 -0.7524842 1.943192
0.1767531 -0.1031006 1.108675
-0.03223386 -0.8044207 1.799468
0.1237175 -0.006020725 1.066758
9
0.02737506 -0.06333449 2.017767
-0.06121933 -0.06078654 1.975713
0.1142483 -0.06496569 1.976237
0.008872913 -0.4851768 1.939701
0.1202046 -0.01014846 1.497443
0.03432976 -0.7524842 1.943192
0.1767531 -0.1031006 1.108675
-0.03223386 -0.8044207 1.799468
0.1237175 -0.006020725 1.066758
9
0.02424386 -0.06794639 2.023078
-0.06282999 -0.06370421 1.981067
0.109912 -0.07039145 1.980998
0.008434528 -0.4879812 1.939237
0.131894 -0.0263948 1.514508
0.03435787 -0.7524397 1.943305
0.1787919 -0.1207531 1.109173
-0.03165226 -0.8052552 1.799795
0.1352451 -0.01899576 1.06346
9
0.02424386 -0.06794639 2.023078
-0.06282999 -0.06370421 1.981067
0.109912 -0.07039145 1.980998
0.008434528 -0.4879812 1.939237
0.131894 -0.0263948 1.514508
0.03435787 -0.7524397 1.943305
0.1787919 -0.1207531 1.109173
-0.03165226 -0.8052552 1.799795
0.1352451 -0.01899576 1.06346
9
0.02309176 -0.07080244 2.025338
-0.06345426 -0.06595188 1.983554
0.1084069 -0.07337955 1.98291
0.007508268 -0.4902465 1.939902
0.1447672 -0.05524354 1.518167
0.03427861 -0.7524051 1.943313
0.1822412 -0.1742172 1.113456
-0.02980481 -0.8058685 1.799046
0.1436462 -0.06880856 1.078672
9
0.02362847 -0.06937291 2.023686
-0.06327604 -0.06548341 1.981377
0.109581 -0.07024202 1.98146
0.006721617 -0.4898376 1.942606
0.1559212 -0.1158064 1.519633
0.03300013 -0.7545366 1.943124
0.1715138 -0.2425985 1.136342
-0.02925462 -0.8074552 1.797492
0.1470801 -0.2839657 0.9860332
9
0.02362847 -0.06937291 2.023686
-0.06327604 -0.06548341 1.981377
0.109581 -0.07024202 1.98146
0.006721617 -0.4898376 1.942606
0.1559212 -0.1158064 1.519633
0.03300013 -0.7545366 1.943124
0.1715138 -0.2425985 1.136342
-0.02925462 -0.8074552 1.797492
0.1470801 -0.2839657 0.9860332
9
0.01216526 -0.07188077 2.018507
-0.07281246 -0.06635163 1.97573
0.09627794 -0.07460735 1.976954
0.008281653 -0.4883715 1.947464
0.1568442 -0.162451 1.523223
0.03214925 -0.7569947 1.945905
0.1784079 -0.3180663 1.128842
-0.03087784 -0.8081441 1.799653
0.1545442 -0.3567952 0.9790114
9
0.01216526 -0.07188077 2.018507
-0.07281246 -0.06635163 1.97573
0.09627794 -0.07460735 1.976954
0.008281653 -0.4883715 1.947464
0.1568442 -0.162451 1.523223
0.03214925 -0.7569947 1.945905
0.1784079 -0.3180663 1.128842
-0.03087784 -0.8081441 1.799653
0.1545442 -0.3567952 0.9790114
