40
9
0.1710021 -0.2459368 2.125603
0.08540682 -0.2406278 2.095129
0.2500965 -0.2423425 2.080144
0.06053041 -0.6268461 2.074589
0.2835646 -0.6308851 2.066087
0.04988813 -0.969391 2.142691
0.3065197 -0.9660507 2.095437
0.06718332 -1.052318 2.081636
0.290431 -0.9974167 1.949916
9
0.1644474 -0.2435628 2.126633
0.07930011 -0.2398511 2.096508
0.2433077 -0.2382632 2.080769
0.05387311 -0.6214648 2.081088
0.2879864 -0.6119711 2.016905
0.04929166 -0.9695754 2.143003
0.3105265 -0.9659384 2.076292
0.06517072 -1.052731 2.081868
0.2943745 -0.9969214 1.93072
9
0.1644474 -0.2435628 2.126633
0.07930011 -0.2398511 2.096508
0.2433077 -0.2382632 2.080769
0.05387311 -0.6214648 2.081088
0.2879864 -0.6119711 2.016905
0.04929166 -0.9695754 2.143003
0.3105265 -0.9659384 2.076292
0.06517072 -1.052731 2.081868
0.2943745 -0.9969214 1.93072
9
0.1583402 -0.241556 2.12785
0.07329767 -0.2393055 2.097281
0.2373485 -0.2348296 2.082468
0.04817788 -0.6139775 2.087504
0.2961806 -0.5890378 1.978998
0.04914779 -0.9695999 2.142911
0.3236889 -0.9636198 2.027524
0.07054897 -1.052257 2.084019
0.3070417 -0.9941877 1.882073
9
0.1583402 -0.241556 2.12785
0.07329767 -0.2393055 2.097281
0.2373485 -0.2348296 2.082468
0.04817788 -0.6139775 2.087504
0.2961806 -0.5890378 1.978998
0.04914779 -0.9695999 2.142911
0.3236889 -0.9636198 2.027524
0.07054897 -1.052257 2.084019
0.3070417 -0.9941877 1.882073
9
0.1540315 -0.2402788 2.128784
0.0689719 -0.2391678 2.097956
0.2332153 -0.2324663 2.083671
0.04684476 -0.6127062 2.089654
0.3025801 -0.5831921 1.954048
0.04859892 -0.9695884 2.142962
0.3342733 -0.9461972 1.963918
0.06492358 -1.052828 2.082412
0.3493887 -1.013862 1.873312
9
0.1540315 -0.2402788 2.128784
0.0689719 -0.2391678 2.097956
0.2332153 -0.2324663 2.083671
0.04684476 -0.6127062 2.089654
0.3025801 -0.5831921 1.954048
0.04859892 -0.9695884 2.142962
0.3342733 -0.9461972 1.963918
0.06492358 -1.052828 2.082412
0.3493887 -1.013862 1.873312
9
0.1500815 -0.2387491 2.129888
0.06499255 -0.2387867 2.098577
0.229418 -0.2297768 2.085308
0.04639033 -0.6104478 2.090781
0.3166567 -0.5612209 1.909453
0.04764733 -0.969211 2.143313
0.3526821 -0.8932626 1.876995
0.06518221 -1.052184 2.082539
0.3723122 -0.9478258 1.772331
9
0.1500815 -0.2387491 2.129888
0.06499255 -0.2387867 2.098577
0.229418 -0.2297768 2.085308
0.04639033 -0.6104478 2.090781
0.3166567 -0.5612209 1.909453
0.04764733 -0.969211 2.143313
0.3526821 -0.8932626 1.876995
0.06518221 -1.052184 2.082539
0.3723122 -0.9478258 1.772331
9
0.1450015 -0.2364532 2.131885
0.06032613 -0.2385462 2.099154
0.2238023 -0.2248265 2.089269
0.04618143 -0.6058696 2.090792
0.3240936 -0.5184495 1.875435
0.04757062 -0.9691149 2.143207
0.37295 -0.8220326 1.778417
0.06343493 -1.051708 2.080054
0.3818765 -0.8690316 1.664009
9
0.1450015 -0.2364532 2.131885
0.06032613 -0.2385462 2.099154
0.2238023 -0.2248265 2.089269
0.04618143 -0.6058696 2.090792
0.3240936 -0.5184495 1.875435
0.04757062 -0.9691149 2.143207
0.37295 -0.8220326 1.778417
0.06343493 -1.051708 2.080054
0.3818765 -0.8690316 1.664009
9
0.1399705 -0.2343322 2.13473
0.05532553 -0.2386116 2.100943
0.2190191 -0.2205331 2.093184
0.04682658 -0.6029775 2.08983
0.333579 -0.4699178 1.835562
0.04763248 -0.9683784 2.142715
0.3858466 -0.7318382 1.685868
0.06335738 -1.050908 2.079247
0.4078882 -0.7702217 1.568444
9
0.1399705 -0.2343322 2.13473
0.05532553 -0.2386116 2.100943
0.2190191 -0.2205331 2.093184
0.04682658 -0.6029775 2.08983
0.333579 -0.4699178 1.835562
0.04763248 -0.9683784 2.142715
0.3858466 -0.7318382 1.685868
0.06335738 -1.050908 2.079247
0.4078882 -0.7702217 1.568444
9
0.1351055 -0.2325529 2.137295
0.04985992 -0.2387101 2.102495
0.2149123 -0.217143 2.096687
0.0484932 -0.5986125 2.086941
0.3438841 -0.4409543 1.780873
0.04858506 -0.9664471 2.140454
0.4198151 -0.6809835 1.563518
0.06282125 -1.050369 2.081101
0.4467856 -0.6934266 1.436941
9
0.1351055 -0.2325529 2.137295
0.04985992 -0.2387101 2.102495
0.2149123 -0.217143 2.096687
0.0484932 -0.5986125 2.086941
0.3438841 -0.4409543 1.780873
0.04858506 -0.9664471 2.140454
0.4198151 -0.6809835 1.563518
0.06282125 -1.050369 2.081101
0.4467856 -0.6934266 1.436941
9
0.1310841 -0.2325864 2.138282
0.04519341 -0.2394065 2.102122
0.2115361 -0.2168396 2.098792
0.05212323 -0.592787 2.081176
0.3342269 -0.356057 1.775518
0.05018393 -0.9650371 2.137595
0.4439278 -0.5870739 1.468934
0.04275868 -0.9953635 1.99082
0.4272115 -0.6194192 1.322799
9
0.1310841 -0.2325864 2.138282
0.04519341 -0.2394065 2.102122
0.2115361 -0.2168396 2.098792
0.05212323 -0.592787 2.081176
0.3342269 -0.356057 1.775518
0.05018393 -0.9650371 2.137595
0.4439278 -0.5870739 1.468934
0.04275868 -0.9953635 1.99082
0.4272115 -0.6194192 1.322799
9
0.1267805 -0.2320103 2.137918
0.03805361 -0.2394763 2.100421
0.2095861 -0.2161397 2.099087
0.05439806 -0.5834535 2.074591
0.3341511 -0.2959912 1.751344
0.05156463 -0.9661722 2.131133
0.4290345 -0.445531 1.483687
0.0448344 -0.9962824 1.984276
0.4131599 -0.4807066 1.336366
9
0.1267805 -0.2320103 2.137918
0.03805361 -0.2394763 2.100421
0.2095861 -0.2161397 2.099087
0.05439806 -0.5834535 2.074591
0.3341511 -0.2959912 1.751344
0.05156463 -0.9661722 2.131133
0.4290345 -0.445531 1.483687
0.0448344 -0.9962824 1.984276
0.4131599 -0.4807066 1.336366
9
0.07178199 -0.2400206 2.138184
-0.01756265 -0.2459561 2.098921
0.1588958 -0.225471 2.101237
0.05409861 -0.5797688 2.07108
0.3272857 -0.2384941 1.729113
0.05273157 -0.9656155 2.123781
0.4375256 -0.3897182 1.399682
0.04629782 -0.9955184 1.976857
0.4837883 -0.3581921 1.281624
9
0.07178199 -0.2400206 2.138184
-0.01756265 -0.2459561 2.098921
0.1588958 -0.225471 2.101237
0.05409861 -0.5797688 2.07108
0.3272857 -0.2384941 1.729113
0.05273157 -0.9656155 2.123781
0.4375256 -0.3897182 1.399682
0.04629782 -0.9955184 1.976857
0.4837883 -0.3581921 1.281624
9
0.07135377 -0.2404811 2.137662
-0.01802801 -0.2464262 2.098288
0.1584607 -0.2259272 2.100803
0.05373572 -0.5761845 2.068227
0.3163421 -0.1825437 1.71664
0.05352582 -0.9675057 2.121319
0.4324569 -0.2977366 1.396282
0.04736232 -0.9972404 1.974348
0.4697266 -0.2666016 1.270508
9
0.07135377 -0.2404811 2.137662
-0.01802801 -0.2464262 2.098288
0.1584607 -0.2259272 2.100803
0.05373572 -0.5761845 2.068227
0.3163421 -0.1825437 1.71664
0.05352582 -0.9675057 2.121319
0.4324569 -0.2977366 1.396282
0.04736232 -0.9972404 1.974348
0.4697266 -0.2666016 1.270508
9
0.06990501 -0.2414753 2.135692
-0.02017182 -0.24731 2.096351
0.1575649 -0.2270396 2.098712
0.05272458 -0.5721296 2.06393
0.2949367 -0.126868 1.735453
0.05559323 -0.9688406 2.116969
0.3941896 -0.2358881 1.451619
0.04950097 -0.9983989 1.969962
0.4459621 -0.1896572 1.29677
9
0.06990501 -0.2414753 2.135692
-0.02017182 -0.24731 2.096351
0.1575649 -0.2270396 2.098712
0.05272458 -0.5721296 2.06393
0.2949367 -0.126868 1.735453
0.05559323 -0.9688406 2.116969
0.3941896 -0.2358881 1.451619
0.04950097 -0.9983989 1.969962
0.4459621 -0.1896572 1.29677
9
0.06815282 -0.2423901 2.133636
-0.02318344 -0.2480229 2.094145
0.1567695 -0.2281253 2.096693
0.05277351 -0.5705162 2.059475
0.2933089 -0.100026 1.726801
0.05711673 -0.9669785 2.11389
0.3949478 -0.1692991 1.42051
0.05122367 -0.9964091 1.966816
0.380034 -0.2099993 1.271641
9
0.06815282 -0.2423901 2.133636
-0.02318344 -0.2480229 2.094145
0.1567695 -0.2281253 2.096693
0.05277351 -0.5705162 2.059475
0.2933089 -0.100026 1.726801
0.05711673 -0.9669785 2.11389
0.3949478 -0.1692991 1.42051
0.05122367 -0.9964091 1.966816
0.380034 -0.2099993 1.271641
9
0.06746031 -0.243441 2.131567
-0.02457187 -0.2491551 2.091913
0.1567451 -0.2290787 2.094776
0.05283057 -0.571283 2.057632
0.2880148 -0.0652907 1.717757
0.05819153 -0.9681091 2.109896
0.3912525 -0.1485519 1.415491
0.05246893 -0.9974307 1.962806
0.3765672 -0.1896839 1.266519
9
0.06746031 -0.243441 2.131567
-0.02457187 -0.2491551 2.091913
0.1567451 -0.2290787 2.094776
0.05283057 -0.571283 2.057632
0.2880148 -0.0652907 1.717757
0.05819153 -0.9681091 2.109896
0.3912525 -0.1485519 1.415491
0.05246893 -0.9974307 1.962806
0.3765672 -0.1896839 1.266519
9
0.06565836 -0.2455918 2.12958
-0.02684862 -0.2506163 2.090128
0.1555534 -0.2319433 2.092578
0.05225725 -0.5723787 2.054174
0.2838853 -0.05142862 1.71791
0.05879526 -0.9690856 2.106952
0.3858247 -0.1295182 1.415088
0.05302446 -0.9982837 1.959841
0.4384452 -0.06626154 1.269021
9
0.06565836 -0.2455918 2.12958
-0.02684862 -0.2506163 2.090128
0.1555534 -0.2319433 2.092578
0.05225725 -0.5723787 2.054174
0.2838853 -0.05142862 1.71791
0.05879526 -0.9690856 2.106952
0.3858247 -0.1295182 1.415088
0.05302446 -0.9982837 1.959841
0.4384452 -0.06626154 1.269021
9
0.06395625 -0.2473241 2.127843
-0.02923753 -0.2520703 2.088399
0.1545693 -0.2338531 2.090874
0.05171536 -0.5733801 2.052015
0.272803 -0.04549181 1.731622
0.05943101 -0.9701085 2.104497
0.375213 -0.1241048 1.428291
0.05340058 -0.9992214 1.957387
0.4309567 -0.06857003 1.279904
9
0.06395625 -0.2473241 2.127843
-0.02923753 -0.2520703 2.088399
0.1545693 -0.2338531 2.090874
0.05171536 -0.5733801 2.052015
0.272803 -0.04549181 1.731622
0.05943101 -0.9701085 2.104497
0.375213 -0.1241048 1.428291
0.05340058 -0.9992214 1.957387
0.4309567 -0.06857003 1.279904
9
0.06240514 -0.2480876 2.126604
-0.03106852 -0.252248 2.087246
0.1533363 -0.2351964 2.089529
0.05088808 -0.5733256 2.050569
0.2715547 -0.04384009 1.731852
0.05912843 -0.9698802 2.10397
0.3739494 -0.1224879 1.428555
0.05320215 -0.9989785 1.95685
0.4295937 -0.06775717 1.279728
9
0.06240514 -0.2480876 2.126604
-0.03106852 -0.252248 2.087246
0.1533363 -0.2351964 2.089529
0.05088808 -0.5733256 2.050569
0.2715547 -0.04384009 1.731852
0.05912843 -0.9698802 2.10397
0.3739494 -0.1224879 1.428555
0.05320215 -0.9989785 1.95685
0.4295937 -0.06775717 1.279728
9
0.06024484 -0.2495923 2.126078
-0.03349365 -0.2533754 2.086559
0.1515668 -0.2369746 2.089213
0.05059692 -0.5739268 2.049076
0.2720801 -0.04526411 1.729169
0.05890264 -0.9704881 2.102401
0.3744509 -0.1239274 1.425911
0.05305006 -0.9995626 1.955284
0.4297979 -0.07086141 1.276175
9
0.06024484 -0.2495923 2.126078
-0.03349365 -0.2533754 2.086559
0.1515668 -0.2369746 2.089213
0.05059692 -0.5739268 2.049076
0.2720801 -0.04526411 1.729169
0.05890264 -0.9704881 2.102401
0.3744509 -0.1239274 1.425911
0.05305006 -0.9995626 1.955284
0.4297979 -0.07086141 1.276175
9
0.05920628 -0.2503177 2.12597
-0.03453997 -0.2537672 2.086543
0.1505998 -0.2380476 2.089035
0.04994848 -0.5742236 2.048686
0.2690021 -0.06949379 1.739458
0.05799894 -0.9708003 2.101942
0.3712984 -0.1481971 1.436269
0.05224555 -0.9998856 1.954831
0.4211394 -0.08297564 1.289166
9
0.05920628 -0.2503177 2.12597
-0.03453997 -0.2537672 2.086543
0.1505998 -0.2380476 2.089035
0.04994848 -0.5742236 2.048686
0.2690021 -0.06949379 1.739458
0.05799894 -0.9708003 2.101942
0.3712984 -0.1481971 1.436269
0.05224555 -0.9998856 1.954831
0.4211394 -0.08297564 1.289166
9
0.05920628 -0.2503177 2.12597
-0.03453997 -0.2537672 2.086543
0.1505998 -0.2380476 2.089035
0.04994848 -0.5742236 2.048686
0.2690021 -0.06949379 1.739458
0.05799894 -0.9708003 2.101942
0.3712984 -0.1481971 1.436269
0.05224555 -0.9998856 1.954831
0.4211394 -0.08297564 1.289166
