40
9
-0.08927026 -0.01685284 2.125969
-0.1695857 -0.0213887 2.094868
-0.005322176 -0.01197257 2.07715
-0.1378621 -0.4498933 2.08287
0.0223475 -0.4581341 2.06379
-0.1115619 -0.7858525 2.111045
0.04108712 -0.7810429 2.081988
-0.1526387 -0.8434122 2.014457
0.06782649 -0.8397335 1.978218
9
-0.08927026 -0.01685284 2.125969
-0.1695857 -0.0213887 2.094868
-0.005322176 -0.01197257 2.07715
-0.1378621 -0.4498933 2.08287
0.0223475 -0.4581341 2.06379
-0.1115619 -0.7858525 2.111045
0.04108712 -0.7810429 2.081988
-0.1526387 -0.8434122 2.014457
0.06782649 -0.8397335 1.978218
9
-0.09056067 -0.0161509 2.125588
-0.170543 -0.02105235 2.094655
-0.007050556 -0.01073149 2.07662
-0.1441245 -0.4418217 2.085952
0.02820759 -0.4282685 1.968532
-0.111301 -0.7861255 2.111168
0.05484191 -0.7631259 2.033345
-0.1525549 -0.8438485 2.014902
0.07241934 -0.845184 1.964847
9
-0.09056067 -0.0161509 2.125588
-0.170543 -0.02105235 2.094655
-0.007050556 -0.01073149 2.07662
-0.1441245 -0.4418217 2.085952
0.02820759 -0.4282685 1.968532
-0.111301 -0.7861255 2.111168
0.05484191 -0.7631259 2.033345
-0.1525549 -0.8438485 2.014902
0.07241934 -0.845184 1.964847
9
-0.09235226 -0.01584176 2.125881
-0.1721904 -0.02096093 2.09418
-0.00935852 -0.0100698 2.078052
-0.146128 -0.4417393 2.088243
0.031718 -0.4167219 1.918626
-0.1112442 -0.786047 2.11123
0.05573781 -0.7525342 1.993336
-0.1526501 -0.844004 2.01535
0.08221734 -0.8196436 1.900059
9
-0.09235226 -0.01584176 2.125881
-0.1721904 -0.02096093 2.09418
-0.00935852 -0.0100698 2.078052
-0.146128 -0.4417393 2.088243
0.031718 -0.4167219 1.918626
-0.1112442 -0.786047 2.11123
0.05573781 -0.7525342 1.993336
-0.1526501 -0.844004 2.01535
0.08221734 -0.8196436 1.900059
9
-0.09403788 -0.01539005 2.126111
-0.1739374 -0.02071721 2.093937
-0.01095372 -0.009405117 2.078787
-0.1486207 -0.4400043 2.089616
0.03218849 -0.3943707 1.866861
-0.1114947 -0.7857823 2.111337
0.06057585 -0.7053804 1.899599
-0.1525504 -0.8439342 2.015421
0.09339724 -0.7841996 1.765235
9
-0.09403788 -0.01539005 2.126111
-0.1739374 -0.02071721 2.093937
-0.01095372 -0.009405117 2.078787
-0.1486207 -0.4400043 2.089616
0.03218849 -0.3943707 1.866861
-0.1114947 -0.7857823 2.111337
0.06057585 -0.7053804 1.899599
-0.1525504 -0.8439342 2.015421
0.09339724 -0.7841996 1.765235
9
-0.09403788 -0.01539005 2.126111
-0.1739374 -0.02071721 2.093937
-0.01095372 -0.009405117 2.078787
-0.1486207 -0.4400043 2.089616
0.03218849 -0.3943707 1.866861
-0.1114947 -0.7857823 2.111337
0.06057585 -0.7053804 1.899599
-0.1525504 -0.8439342 2.015421
0.09339724 -0.7841996 1.765235
9
-0.09658096 -0.01472333 2.126723
-0.1771364 -0.01969827 2.094316
-0.01274604 -0.009070545 2.079556
-0.1489576 -0.4393199 2.089784
0.03602293 -0.3623945 1.811556
-0.1116799 -0.7855367 2.11109
0.05232064 -0.649749 1.796371
-0.152485 -0.8439775 2.015342
0.07607411 -0.7437553 1.675181
9
-0.111886 -0.02046692 2.177422
-0.1943915 -0.02406495 2.141465
-0.02526563 -0.0161203 2.133887
-0.1484567 -0.4437948 2.089678
0.03417832 -0.2788799 1.770616
-0.1117912 -0.7853326 2.110636
0.0513713 -0.5596954 1.692104
-0.1525481 -0.8441194 2.015264
0.03804164 -0.5970326 1.545838
9
-0.111886 -0.02046692 2.177422
-0.1943915 -0.02406495 2.141465
-0.02526563 -0.0161203 2.133887
-0.1484567 -0.4437948 2.089678
0.03417832 -0.2788799 1.770616
-0.1117912 -0.7853326 2.110636
0.0513713 -0.5596954 1.692104
-0.1525481 -0.8441194 2.015264
0.03804164 -0.5970326 1.545838
9
-0.111886 -0.02046692 2.177422
-0.1943915 -0.02406495 2.141465
-0.02526563 -0.0161203 2.133887
-0.1484567 -0.4437948 2.089678
0.03417832 -0.2788799 1.770616
-0.1117912 -0.7853326 2.110636
0.0513713 -0.5596954 1.692104
-0.1525481 -0.8441194 2.015264
0.03804164 -0.5970326 1.545838
9
-0.111886 -0.02046692 2.177422
-0.1943915 -0.02406495 2.141465
-0.02526563 -0.0161203 2.133887
-0.1484567 -0.4437948 2.089678
0.03417832 -0.2788799 1.770616
-0.1117912 -0.7853326 2.110636
0.0513713 -0.5596954 1.692104
-0.1525481 -0.8441194 2.015264
0.03804164 -0.5970326 1.545838
9
-0.111886 -0.02046692 2.177422
-0.1943915 -0.02406495 2.141465
-0.02526563 -0.0161203 2.133887
-0.1484567 -0.4437948 2.089678
0.03417832 -0.2788799 1.770616
-0.1117912 -0.7853326 2.110636
0.0513713 -0.5596954 1.692104
-0.1525481 -0.8441194 2.015264
0.03804164 -0.5970326 1.545838
9
-0.1286726 -0.01668145 2.127702
-0.2131314 -0.0187976 2.086061
-0.0382807 -0.01411357 2.09334
-0.1323829 -0.4300587 2.095723
0.04473279 -0.1245615 1.65902
-0.1026821 -0.8162518 2.113577
0.04356068 -0.38381 1.470103
-0.1609227 -0.8434469 2.005027
0.07226563 -0.4208984 1.333008
9
-0.1286726 -0.01668145 2.127702
-0.2131314 -0.0187976 2.086061
-0.0382807 -0.01411357 2.09334
-0.1323829 -0.4300587 2.095723
0.04473279 -0.1245615 1.65902
-0.1026821 -0.8162518 2.113577
0.04356068 -0.38381 1.470103
-0.1609227 -0.8434469 2.005027
0.07226563 -0.4208984 1.333008
9
-0.1202001 -0.0124503 2.131109
-0.2047131 -0.01623377 2.08996
-0.03088784 -0.008495957 2.094635
-0.1365026 -0.4305162 2.092922
0.03921128 -0.1193356 1.658068
-0.1111101 -0.7770897 2.107006
0.07288913 -0.2700637 1.289922
-0.1504853 -0.8408563 2.017022
0.05991248 -0.3106814 1.14199
9
-0.1202001 -0.0124503 2.131109
-0.2047131 -0.01623377 2.08996
-0.03088784 -0.008495957 2.094635
-0.1365026 -0.4305162 2.092922
0.03921128 -0.1193356 1.658068
-0.1111101 -0.7770897 2.107006
0.07288913 -0.2700637 1.289922
-0.1504853 -0.8408563 2.017022
0.05991248 -0.3106814 1.14199
9
-0.1225112 -0.01069768 2.132606
-0.2080573 -0.01436528 2.093332
-0.03260471 -0.006719812 2.094523
-0.1361734 -0.4286618 2.091682
0.02745185 -0.04979898 1.644248
-0.1116785 -0.7778341 2.105962
0.08418372 -0.1955818 1.277067
-0.1510265 -0.8418161 2.016319
0.07552605 -0.2901248 1.259333
9
-0.1203336 -0.01302428 2.140973
-0.203751 -0.0162467 2.103748
-0.03216796 -0.009036538 2.099872
-0.1357908 -0.4321817 2.090715
0.01279398 -0.009661846 1.645677
-0.1113387 -0.7780255 2.104875
0.06955584 -0.1555226 1.278656
-0.1511831 -0.8421565 2.015851
0.0849134 -0.06853736 1.181435
9
-0.1203336 -0.01302428 2.140973
-0.203751 -0.0162467 2.103748
-0.03216796 -0.009036538 2.099872
-0.1357908 -0.4321817 2.090715
0.01279398 -0.009661846 1.645677
-0.1113387 -0.7780255 2.104875
0.06955584 -0.1555226 1.278656
-0.1511831 -0.8421565 2.015851
0.0849134 -0.06853736 1.181435
9
-0.1203336 -0.01302428 2.140973
-0.203751 -0.0162467 2.103748
-0.03216796 -0.009036538 2.099872
-0.1357908 -0.4321817 2.090715
0.01279398 -0.009661846 1.645677
-0.1113387 -0.7780255 2.104875
0.06955584 -0.1555226 1.278656
-0.1511831 -0.8421565 2.015851
0.0849134 -0.06853736 1.181435
9
-0.1203336 -0.01302428 2.140973
-0.203751 -0.0162467 2.103748
-0.03216796 -0.009036538 2.099872
-0.1357908 -0.4321817 2.090715
0.01279398 -0.009661846 1.645677
-0.1113387 -0.7780255 2.104875
0.06955584 -0.1555226 1.278656
-0.1511831 -0.8421565 2.015851
0.0849134 -0.06853736 1.181435
9
-0.1203336 -0.01302428 2.140973
-0.203751 -0.0162467 2.103748
-0.03216796 -0.009036538 2.099872
-0.1357908 -0.4321817 2.090715
0.01279398 -0.009661846 1.645677
-0.1113387 -0.7780255 2.104875
0.06955584 -0.1555226 1.278656
-0.1511831 -0.8421565 2.015851
0.0849134 -0.06853736 1.181435
9
-0.1327909 -0.01943768 2.146051
-0.2125764 -0.02019401 2.111168
-0.04965523 -0.01889258 2.101624
-0.1301827 -0.4333541 2.08579
-0.001050706 0.05848504 1.636573
-0.1036144 -0.796108 2.099698
0.1095999 -0.02230879 1.26219
-0.145364 -0.859856 2.012102
0.06315943 0.04307781 1.156533
9
-0.1327909 -0.01943768 2.146051
-0.2125764 -0.02019401 2.111168
-0.04965523 -0.01889258 2.101624
-0.1301827 -0.4333541 2.08579
-0.001050706 0.05848504 1.636573
-0.1036144 -0.796108 2.099698
0.1095999 -0.02230879 1.26219
-0.145364 -0.859856 2.012102
0.06315943 0.04307781 1.156533
9
-0.151013 -0.02057845 2.150375
-0.2303304 -0.01999995 2.117669
-0.06610951 -0.02067669 2.103725
-0.133799 -0.4295736 2.086051
-0.0009205818 0.06632934 1.641563
-0.1062956 -0.7974403 2.099921
0.1108624 -0.01971414 1.268664
-0.148212 -0.861265 2.012659
0.08544922 0.07122803 1.172852
9
-0.151013 -0.02057845 2.150375
-0.2303304 -0.01999995 2.117669
-0.06610951 -0.02067669 2.103725
-0.133799 -0.4295736 2.086051
-0.0009205818 0.06632934 1.641563
-0.1062956 -0.7974403 2.099921
0.1108624 -0.01971414 1.268664
-0.148212 -0.861265 2.012659
0.08544922 0.07122803 1.172852
9
-0.1515066 -0.0205102 2.15086
-0.2307712 -0.01996961 2.118307
-0.06664623 -0.02054272 2.104084
-0.1338401 -0.4285263 2.086494
0.001847743 0.07396785 1.636912
-0.1059608 -0.7980539 2.10025
0.1252633 0.02733203 1.260736
-0.102383 -0.8643073 1.950577
0.07427718 0.08831289 1.155175
9
-0.1515066 -0.0205102 2.15086
-0.2307712 -0.01996961 2.118307
-0.06664623 -0.02054272 2.104084
-0.1338401 -0.4285263 2.086494
0.001847743 0.07396785 1.636912
-0.1059608 -0.7980539 2.10025
0.1252633 0.02733203 1.260736
-0.102383 -0.8643073 1.950577
0.07427718 0.08831289 1.155175
9
-0.1515066 -0.0205102 2.15086
-0.2307712 -0.01996961 2.118307
-0.06664623 -0.02054272 2.104084
-0.1338401 -0.4285263 2.086494
0.001847743 0.07396785 1.636912
-0.1059608 -0.7980539 2.10025
0.1252633 0.02733203 1.260736
-0.102383 -0.8643073 1.950577
0.07427718 0.08831289 1.155175
9
-0.1515066 -0.0205102 2.15086
-0.2307712 -0.01996961 2.118307
-0.06664623 -0.02054272 2.104084
-0.1338401 -0.4285263 2.086494
0.001847743 0.07396785 1.636912
-0.1059608 -0.7980539 2.10025
0.1252633 0.02733203 1.260736
-0.102383 -0.8643073 1.950577
0.07427718 0.08831289 1.155175
9
-0.1530102 -0.02084704 2.152446
-0.2320732 -0.0201756 2.119804
-0.06828858 -0.02095181 2.105738
-0.1336523 -0.4275998 2.087189
0.009907846 0.05170489 1.624708
-0.08146296 -0.8118604 2.101085
0.1378462 0.0009315188 1.250462
-0.08961955 -0.8732168 1.948691
0.0857432 0.07611248 1.161074
9
-0.1530102 -0.02084704 2.152446
-0.2320732 -0.0201756 2.119804
-0.06828858 -0.02095181 2.105738
-0.1336523 -0.4275998 2.087189
0.009907846 0.05170489 1.624708
-0.08146296 -0.8118604 2.101085
0.1378462 0.0009315188 1.250462
-0.08961955 -0.8732168 1.948691
0.0857432 0.07611248 1.161074
9
-0.1530102 -0.02084704 2.152446
-0.2320732 -0.0201756 2.119804
-0.06828858 -0.02095181 2.105738
-0.1336523 -0.4275998 2.087189
0.009907846 0.05170489 1.624708
-0.08146296 -0.8118604 2.101085
0.1378462 0.0009315188 1.250462
-0.08961955 -0.8732168 1.948691
0.0857432 0.07611248 1.161074
9
-0.1530102 -0.02084704 2.152446
-0.2320732 -0.0201756 2.119804
-0.06828858 -0.02095181 2.105738
-0.1336523 -0.4275998 2.087189
0.009907846 0.05170489 1.624708
-0.08146296 -0.8118604 2.101085
0.1378462 0.0009315188 1.250462
-0.08961955 -0.8732168 1.948691
0.0857432 0.07611248 1.161074
9
-0.1458084 -0.02182334 2.15174
-0.2225718 -0.02322845 2.117035
-0.06274644 -0.02033811 2.106495
-0.1268388 -0.450443 2.088861
0.03238044 -0.01853914 1.609248
-0.1137033 -0.8221703 1.960454
0.1121748 -0.1104743 1.242552
-0.1226956 -0.8306515 1.806818
0.05301866 -0.02385077 1.181461
9
-0.1458084 -0.02182334 2.15174
-0.2225718 -0.02322845 2.117035
-0.06274644 -0.02033811 2.106495
-0.1268388 -0.450443 2.088861
0.03238044 -0.01853914 1.609248
-0.1137033 -0.8221703 1.960454
0.1121748 -0.1104743 1.242552
-0.1226956 -0.8306515 1.806818
0.05301866 -0.02385077 1.181461
9
-0.139508 -0.02502531 2.156724
-0.2153875 -0.03113894 2.121917
-0.05692742 -0.01956596 2.112464
-0.1209231 -0.5118285 2.102836
0.04178272 -0.04159005 1.65017
-0.1157146 -0.8761239 1.953377
0.1115352 -0.1881945 1.285507
-0.101386 -0.9543886 1.816637
0.05517825 -0.1056058 1.204893
