40
9
-0.02805206 -0.241671 2.13217
-0.112567 -0.2384216 2.091897
0.05736024 -0.2362686 2.095951
-0.1011437 -0.6312277 2.105096
0.08717076 -0.6344852 2.068399
-0.06847014 -0.9729649 2.140342
0.1071861 -0.9758083 2.150584
-0.0808045 -1.048084 2.057347
0.1229852 -1.042654 2.055653
9
-0.03246541 -0.24081 2.133002
-0.1170357 -0.2387398 2.092589
0.05293756 -0.2341489 2.097
-0.1040645 -0.6294594 2.102649
0.08909398 -0.6017126 2.00971
-0.06898064 -0.9737978 2.140221
0.1113562 -0.967775 2.106938
-0.08355212 -1.049065 2.05823
0.135475 -1.046719 2.038779
9
-0.03246541 -0.24081 2.133002
-0.1170357 -0.2387398 2.092589
0.05293756 -0.2341489 2.097
-0.1040645 -0.6294594 2.102649
0.08909398 -0.6017126 2.00971
-0.06898064 -0.9737978 2.140221
0.1113562 -0.967775 2.106938
-0.08355212 -1.049065 2.05823
0.135475 -1.046719 2.038779
9
-0.03492127 -0.2405826 2.133758
-0.1192346 -0.2392093 2.092964
0.05023325 -0.2331295 2.098255
-0.1058619 -0.6327395 2.102029
0.09169859 -0.5981414 1.987197
-0.06949283 -0.9749565 2.139776
0.1112228 -0.9463873 2.04372
-0.08032626 -1.052915 2.062127
0.1411561 -1.026899 1.987192
9
-0.03492127 -0.2405826 2.133758
-0.1192346 -0.2392093 2.092964
0.05023325 -0.2331295 2.098255
-0.1058619 -0.6327395 2.102029
0.09169859 -0.5981414 1.987197
-0.06949283 -0.9749565 2.139776
0.1112228 -0.9463873 2.04372
-0.08032626 -1.052915 2.062127
0.1411561 -1.026899 1.987192
9
-0.03772737 -0.239584 2.134812
-0.1221104 -0.2388873 2.093539
0.04763937 -0.2314683 2.099844
-0.1077458 -0.6312697 2.099581
0.09987232 -0.5932266 1.934369
-0.07047902 -0.9750472 2.138736
0.1197399 -0.9261208 1.961548
-0.08182114 -1.05302 2.061341
0.1465107 -0.9888714 1.866511
9
-0.03772737 -0.239584 2.134812
-0.1221104 -0.2388873 2.093539
0.04763937 -0.2314683 2.099844
-0.1077458 -0.6312697 2.099581
0.09987232 -0.5932266 1.934369
-0.07047902 -0.9750472 2.138736
0.1197399 -0.9261208 1.961548
-0.08182114 -1.05302 2.061341
0.1465107 -0.9888714 1.866511
9
-0.04159451 -0.2386992 2.137103
-0.12569 -0.2389372 2.094784
0.0436148 -0.2295386 2.103403
-0.1087525 -0.6295166 2.096725
0.106514 -0.563065 1.888572
-0.07123695 -0.9792504 2.137794
0.1341691 -0.8619648 1.85126
-0.08363551 -1.055647 2.057596
0.1595859 -0.9151531 1.744973
9
-0.04159451 -0.2386992 2.137103
-0.12569 -0.2389372 2.094784
0.0436148 -0.2295386 2.103403
-0.1087525 -0.6295166 2.096725
0.106514 -0.563065 1.888572
-0.07123695 -0.9792504 2.137794
0.1341691 -0.8619648 1.85126
-0.08363551 -1.055647 2.057596
0.1595859 -0.9151531 1.744973
9
-0.04522941 -0.2382298 2.139766
-0.1293602 -0.2393674 2.09638
0.04016061 -0.2281663 2.107251
-0.1082806 -0.6290616 2.093828
0.1157551 -0.5404828 1.829018
-0.07062691 -0.9808657 2.137372
0.1506369 -0.8198869 1.722286
-0.08280627 -1.056371 2.055431
0.1755974 -0.8285916 1.591705
9
-0.04522941 -0.2382298 2.139766
-0.1293602 -0.2393674 2.09638
0.04016061 -0.2281663 2.107251
-0.1082806 -0.6290616 2.093828
0.1157551 -0.5404828 1.829018
-0.07062691 -0.9808657 2.137372
0.1506369 -0.8198869 1.722286
-0.08280627 -1.056371 2.055431
0.1755974 -0.8285916 1.591705
9
-0.04744634 -0.2373593 2.141747
-0.1329611 -0.2396009 2.098083
0.03902218 -0.2263066 2.10965
-0.1057262 -0.6280094 2.089816
0.1228352 -0.4840635 1.772641
-0.06928448 -0.9822376 2.13563
0.166558 -0.738175 1.611705
-0.08137679 -1.058835 2.055865
0.1914691 -0.7289203 1.478162
9
-0.04744634 -0.2373593 2.141747
-0.1329611 -0.2396009 2.098083
0.03902218 -0.2263066 2.10965
-0.1057262 -0.6280094 2.089816
0.1228352 -0.4840635 1.772641
-0.06928448 -0.9822376 2.13563
0.166558 -0.738175 1.611705
-0.08137679 -1.058835 2.055865
0.1914691 -0.7289203 1.478162
9
-0.04744634 -0.2373593 2.141747
-0.1329611 -0.2396009 2.098083
0.03902218 -0.2263066 2.10965
-0.1057262 -0.6280094 2.089816
0.1228352 -0.4840635 1.772641
-0.06928448 -0.9822376 2.13563
0.166558 -0.738175 1.611705
-0.08137679 -1.058835 2.055865
0.1914691 -0.7289203 1.478162
9
-0.04744634 -0.2373593 2.141747
-0.1329611 -0.2396009 2.098083
0.03902218 -0.2263066 2.10965
-0.1057262 -0.6280094 2.089816
0.1228352 -0.4840635 1.772641
-0.06928448 -0.9822376 2.13563
0.166558 -0.738175 1.611705
-0.08137679 -1.058835 2.055865
0.1914691 -0.7289203 1.478162
9
-0.04744634 -0.2373593 2.141747
-0.1329611 -0.2396009 2.098083
0.03902218 -0.2263066 2.10965
-0.1057262 -0.6280094 2.089816
0.1228352 -0.4840635 1.772641
-0.06928448 -0.9822376 2.13563
0.166558 -0.738175 1.611705
-0.08137679 -1.058835 2.055865
0.1914691 -0.7289203 1.478162
9
-0.04744634 -0.2373593 2.141747
-0.1329611 -0.2396009 2.098083
0.03902218 -0.2263066 2.10965
-0.1057262 -0.6280094 2.089816
0.1228352 -0.4840635 1.772641
-0.06928448 -0.9822376 2.13563
0.166558 -0.738175 1.611705
-0.08137679 -1.058835 2.055865
0.1914691 -0.7289203 1.478162
9
-0.05543638 -0.2322614 2.137729
-0.1458237 -0.2366084 2.091918
0.03478163 -0.2195455 2.106708
-0.1011104 -0.59712 2.07631
0.1305089 -0.2859127 1.684798
-0.0688985 -0.9713804 2.123327
0.2052508 -0.4488686 1.329052
-0.06064549 -1.000263 1.975765
0.2828483 -0.446731 1.23239
9
-0.05543638 -0.2322614 2.137729
-0.1458237 -0.2366084 2.091918
0.03478163 -0.2195455 2.106708
-0.1011104 -0.59712 2.07631
0.1305089 -0.2859127 1.684798
-0.0688985 -0.9713804 2.123327
0.2052508 -0.4488686 1.329052
-0.06064549 -1.000263 1.975765
0.2828483 -0.446731 1.23239
9
-0.08996826 -0.227693 2.129025
-0.1791163 -0.2326178 2.085789
0.003484138 -0.2147833 2.096148
-0.09958266 -0.5880819 2.073348
0.117003 -0.2467559 1.669564
-0.06971804 -0.9704871 2.121343
0.1835736 -0.3428212 1.359247
-0.08495135 -1.053782 2.060218
0.1845455 -0.3777659 1.209478
9
-0.08996826 -0.227693 2.129025
-0.1791163 -0.2326178 2.085789
0.003484138 -0.2147833 2.096148
-0.09958266 -0.5880819 2.073348
0.117003 -0.2467559 1.669564
-0.06971804 -0.9704871 2.121343
0.1835736 -0.3428212 1.359247
-0.08495135 -1.053782 2.060218
0.1845455 -0.3777659 1.209478
9
-0.09108622 -0.2295735 2.130839
-0.1798395 -0.2338488 2.087349
0.001612486 -0.2173725 2.098189
-0.0984695 -0.5838397 2.072206
0.1013989 -0.163571 1.70486
-0.07096548 -0.9637105 2.114824
0.1698648 -0.2665185 1.391011
-0.06538752 -0.9921734 1.966918
0.1698402 -0.3035063 1.240649
9
-0.09108622 -0.2295735 2.130839
-0.1798395 -0.2338488 2.087349
0.001612486 -0.2173725 2.098189
-0.0984695 -0.5838397 2.072206
0.1013989 -0.163571 1.70486
-0.07096548 -0.9637105 2.114824
0.1698648 -0.2665185 1.391011
-0.06538752 -0.9921734 1.966918
0.1698402 -0.3035063 1.240649
9
-0.1007082 -0.2309812 2.131978
-0.189035 -0.2342769 2.090036
-0.009026278 -0.2197249 2.097646
-0.09847055 -0.5832642 2.071605
0.103618 -0.1465157 1.677499
-0.07195629 -0.9615591 2.111167
0.1615985 -0.2345661 1.366507
-0.06789166 -0.9900157 1.963206
0.1601667 -0.2722449 1.215948
9
-0.1007082 -0.2309812 2.131978
-0.189035 -0.2342769 2.090036
-0.009026278 -0.2197249 2.097646
-0.09847055 -0.5832642 2.071605
0.103618 -0.1465157 1.677499
-0.07195629 -0.9615591 2.111167
0.1615985 -0.2345661 1.366507
-0.06789166 -0.9900157 1.963206
0.1601667 -0.2722449 1.215948
9
-0.106011 -0.2302643 2.132929
-0.1958658 -0.2324726 2.093237
-0.01318147 -0.2197119 2.096951
-0.09869007 -0.5819629 2.069976
0.1060092 -0.1169134 1.642113
-0.07230066 -0.9596169 2.10908
0.1670799 -0.1939432 1.334631
-0.06964044 -0.9879968 1.96105
0.2228402 -0.1931569 1.213524
9
-0.106011 -0.2302643 2.132929
-0.1958658 -0.2324726 2.093237
-0.01318147 -0.2197119 2.096951
-0.09869007 -0.5819629 2.069976
0.1060092 -0.1169134 1.642113
-0.07230066 -0.9596169 2.10908
0.1670799 -0.1939432 1.334631
-0.06964044 -0.9879968 1.96105
0.2228402 -0.1931569 1.213524
9
-0.1063971 -0.2301222 2.132817
-0.1960438 -0.232482 2.093433
-0.01403501 -0.219188 2.095962
-0.09902441 -0.5742262 2.065724
0.08624631 -0.08928576 1.667398
-0.07302476 -0.9564182 2.105905
0.1654942 -0.192848 1.33185
-0.07137255 -0.9846891 1.957805
0.2183918 -0.1543586 1.21523
9
-0.1063971 -0.2301222 2.132817
-0.1960438 -0.232482 2.093433
-0.01403501 -0.219188 2.095962
-0.09902441 -0.5742262 2.065724
0.08624631 -0.08928576 1.667398
-0.07302476 -0.9564182 2.105905
0.1654942 -0.192848 1.33185
-0.07137255 -0.9846891 1.957805
0.2183918 -0.1543586 1.21523
9
-0.1071735 -0.2291792 2.131864
-0.1963032 -0.2321918 2.093348
-0.01526927 -0.2173312 2.093284
-0.0995379 -0.5728151 2.064572
0.08332213 -0.07476432 1.676901
-0.07405762 -0.956634 2.103932
0.1615738 -0.1311924 1.337786
-0.07484399 -0.9848192 1.955829
0.1551187 -0.1712415 1.186751
9
-0.1071735 -0.2291792 2.131864
-0.1963032 -0.2321918 2.093348
-0.01526927 -0.2173312 2.093284
-0.0995379 -0.5728151 2.064572
0.08332213 -0.07476432 1.676901
-0.07405762 -0.956634 2.103932
0.1615738 -0.1311924 1.337786
-0.07484399 -0.9848192 1.955829
0.1551187 -0.1712415 1.186751
9
-0.1082666 -0.22815 2.131262
-0.1971229 -0.2314753 2.093397
-0.01637941 -0.2161189 2.091958
-0.09952588 -0.5725594 2.064056
0.08357605 -0.06701659 1.676849
-0.07473756 -0.9569404 2.102673
0.1607793 -0.1270117 1.335716
-0.07596347 -0.9850639 1.954565
0.1538868 -0.1671198 1.184659
9
-0.1082666 -0.22815 2.131262
-0.1971229 -0.2314753 2.093397
-0.01637941 -0.2161189 2.091958
-0.09952588 -0.5725594 2.064056
0.08357605 -0.06701659 1.676849
-0.07473756 -0.9569404 2.102673
0.1607793 -0.1270117 1.335716
-0.07596347 -0.9850639 1.954565
0.1538868 -0.1671198 1.184659
9
-0.1084969 -0.226948 2.130874
-0.1973268 -0.2306689 2.093616
-0.01646193 -0.2144538 2.090772
-0.09903093 -0.5701277 2.063083
0.08450938 -0.06106848 1.675116
-0.07557115 -0.9555371 2.100913
0.1595743 -0.1241204 1.336245
-0.07720194 -0.9836231 1.952794
0.1522961 -0.1642632 1.185168
9
-0.1084969 -0.226948 2.130874
-0.1973268 -0.2306689 2.093616
-0.01646193 -0.2144538 2.090772
-0.09903093 -0.5701277 2.063083
0.08450938 -0.06106848 1.675116
-0.07557115 -0.9555371 2.100913
0.1595743 -0.1241204 1.336245
-0.07720194 -0.9836231 1.952794
0.1522961 -0.1642632 1.185168
9
-0.1088212 -0.2262085 2.130923
-0.1975992 -0.2301039 2.09411
-0.01678054 -0.213519 2.090454
-0.098763 -0.5698401 2.062962
0.08322707 -0.0591181 1.679201
-0.07625414 -0.9542822 2.099701
0.1595015 -0.1237754 1.336214
-0.0784007 -0.9823601 1.951586
0.1516973 -0.1639099 1.185144
9
-0.1088212 -0.2262085 2.130923
-0.1975992 -0.2301039 2.09411
-0.01678054 -0.213519 2.090454
-0.098763 -0.5698401 2.062962
0.08322707 -0.0591181 1.679201
-0.07625414 -0.9542822 2.099701
0.1595015 -0.1237754 1.336214
-0.0784007 -0.9823601 1.951586
0.1516973 -0.1639099 1.185144
9
-0.1089862 -0.2256478 2.131456
-0.197707 -0.2295075 2.095457
-0.01691204 -0.2130475 2.090616
-0.09871514 -0.5697108 2.063141
0.08044315 -0.06331631 1.690657
-0.07627369 -0.9537203 2.099579
0.1600001 -0.1277665 1.333358
-0.0789017 -0.9817922 1.951471
0.2094838 -0.1102838 1.208743
9
-0.1089862 -0.2256478 2.131456
-0.197707 -0.2295075 2.095457
-0.01691204 -0.2130475 2.090616
-0.09871514 -0.5697108 2.063141
0.08044315 -0.06331631 1.690657
-0.07627369 -0.9537203 2.099579
0.1600001 -0.1277665 1.333358
-0.0789017 -0.9817922 1.951471
0.2094838 -0.1102838 1.208743
9
-0.1091122 -0.2249125 2.132061
-0.1978923 -0.2284943 2.096626
-0.01692885 -0.2126497 2.090866
-0.09815457 -0.569963 2.063427
0.07842556 -0.07202161 1.696332
-0.07620586 -0.9541714 2.099475
0.1677183 -0.15601 1.309283
-0.07941899 -0.9822403 1.951393
0.2226013 -0.1316823 1.189778
