40
9
-0.0669441 -0.01107342 2.095742
-0.1423985 -0.01995129 2.067791
0.01067974 -0.001869769 2.045982
-0.1361182 -0.401747 2.067238
0.06229586 -0.3698992 1.865762
-0.09785863 -0.7523512 2.088412
0.05956311 -0.7196094 1.880141
-0.1248608 -0.825277 2.008456
0.07946584 -0.7792064 1.778787
9
-0.0726392 -0.01050822 2.097327
-0.1482172 -0.01995239 2.068242
0.005287436 -0.0006944102 2.048739
-0.09936675 -0.410232 2.012364
0.05631588 -0.3338167 1.821183
-0.09946622 -0.7536051 2.088004
0.04617461 -0.6720383 1.787452
-0.1254292 -0.8266276 2.007643
0.05004883 -0.7319336 1.673828
9
-0.0726392 -0.01050822 2.097327
-0.1482172 -0.01995239 2.068242
0.005287436 -0.0006944102 2.048739
-0.09936675 -0.410232 2.012364
0.05631588 -0.3338167 1.821183
-0.09946622 -0.7536051 2.088004
0.04617461 -0.6720383 1.787452
-0.1254292 -0.8266276 2.007643
0.05004883 -0.7319336 1.673828
9
-0.0726392 -0.01050822 2.097327
-0.1482172 -0.01995239 2.068242
0.005287436 -0.0006944102 2.048739
-0.09936675 -0.410232 2.012364
0.05631588 -0.3338167 1.821183
-0.09946622 -0.7536051 2.088004
0.04617461 -0.6720383 1.787452
-0.1254292 -0.8266276 2.007643
0.05004883 -0.7319336 1.673828
9
-0.0726392 -0.01050822 2.097327
-0.1482172 -0.01995239 2.068242
0.005287436 -0.0006944102 2.048739
-0.09936675 -0.410232 2.012364
0.05631588 -0.3338167 1.821183
-0.09946622 -0.7536051 2.088004
0.04617461 -0.6720383 1.787452
-0.1254292 -0.8266276 2.007643
0.05004883 -0.7319336 1.673828
9
-0.0726392 -0.01050822 2.097327
-0.1482172 -0.01995239 2.068242
0.005287436 -0.0006944102 2.048739
-0.09936675 -0.410232 2.012364
0.05631588 -0.3338167 1.821183
-0.09946622 -0.7536051 2.088004
0.04617461 -0.6720383 1.787452
-0.1254292 -0.8266276 2.007643
0.05004883 -0.7319336 1.673828
9
-0.0726392 -0.01050822 2.097327
-0.1482172 -0.01995239 2.068242
0.005287436 -0.0006944102 2.048739
-0.09936675 -0.410232 2.012364
0.05631588 -0.3338167 1.821183
-0.09946622 -0.7536051 2.088004
0.04617461 -0.6720383 1.787452
-0.1254292 -0.8266276 2.007643
0.05004883 -0.7319336 1.673828
9
-0.09479772 -0.007659275 2.105244
-0.174167 -0.01924535 2.072246
-0.0131458 0.004161485 2.060489
-0.1370813 -0.4232512 2.057221
0.02645882 -0.2476407 1.700407
-0.09984934 -0.7554114 2.08769
0.03905832 -0.4850861 1.496037
-0.1286279 -0.8249639 2.002916
0.04559326 -0.5083008 1.347656
9
-0.09479772 -0.007659275 2.105244
-0.174167 -0.01924535 2.072246
-0.0131458 0.004161485 2.060489
-0.1370813 -0.4232512 2.057221
0.02645882 -0.2476407 1.700407
-0.09984934 -0.7554114 2.08769
0.03905832 -0.4850861 1.496037
-0.1286279 -0.8249639 2.002916
0.04559326 -0.5083008 1.347656
9
-0.0999648 -0.007035065 2.105938
-0.1797526 -0.01868488 2.072457
-0.01707776 0.00479168 2.061533
-0.1325433 -0.4293224 2.057953
0.01962025 -0.184402 1.66352
-0.09966217 -0.7549132 2.087561
0.0323578 -0.4294307 1.354513
-0.12786 -0.8242583 2.002072
0.05748166 -0.3841012 1.227152
9
-0.0999648 -0.007035065 2.105938
-0.1797526 -0.01868488 2.072457
-0.01707776 0.00479168 2.061533
-0.1325433 -0.4293224 2.057953
0.01962025 -0.184402 1.66352
-0.09966217 -0.7549132 2.087561
0.0323578 -0.4294307 1.354513
-0.12786 -0.8242583 2.002072
0.05748166 -0.3841012 1.227152
9
-0.1156692 -0.007768054 2.102454
-0.1950881 -0.01709711 2.068283
-0.03223241 0.001833817 2.058794
-0.1292115 -0.4323395 2.0583
0.01977581 -0.1170173 1.632449
-0.09935229 -0.7545655 2.086931
0.02731381 -0.3931794 1.323048
-0.1278181 -0.8249738 2.0034
0.03460693 -0.3032227 1.212891
9
-0.1156692 -0.007768054 2.102454
-0.1950881 -0.01709711 2.068283
-0.03223241 0.001833817 2.058794
-0.1292115 -0.4323395 2.0583
0.01977581 -0.1170173 1.632449
-0.09935229 -0.7545655 2.086931
0.02731381 -0.3931794 1.323048
-0.1278181 -0.8249738 2.0034
0.03460693 -0.3032227 1.212891
9
-0.1205778 -0.007853149 2.100844
-0.2001847 -0.01662431 2.066023
-0.0367009 0.001251305 2.057794
-0.1296515 -0.4162524 2.052639
0.01928476 -0.02865164 1.644289
-0.09804557 -0.750999 2.083709
0.05718226 -0.2695272 1.309224
-0.1277205 -0.8228619 2.003536
0.02503967 -0.1950684 1.171875
9
-0.1205778 -0.007853149 2.100844
-0.2001847 -0.01662431 2.066023
-0.0367009 0.001251305 2.057794
-0.1296515 -0.4162524 2.052639
0.01928476 -0.02865164 1.644289
-0.09804557 -0.750999 2.083709
0.05718226 -0.2695272 1.309224
-0.1277205 -0.8228619 2.003536
0.02503967 -0.1950684 1.171875
9
-0.1207647 -0.00757175 2.100177
-0.2004039 -0.01580871 2.064954
-0.03683373 0.001207533 2.057393
-0.1285719 -0.3998719 2.047448
0.008448604 0.04861487 1.676505
-0.09895136 -0.7498111 2.080109
0.0250034 -0.0651959 1.280221
-0.1253585 -0.8254021 2.005349
-0.001437092 -0.003417429 1.122672
9
-0.1207647 -0.00757175 2.100177
-0.2004039 -0.01580871 2.064954
-0.03683373 0.001207533 2.057393
-0.1285719 -0.3998719 2.047448
0.008448604 0.04861487 1.676505
-0.09895136 -0.7498111 2.080109
0.0250034 -0.0651959 1.280221
-0.1253585 -0.8254021 2.005349
-0.001437092 -0.003417429 1.122672
9
-0.1279899 -0.004558019 2.097452
-0.2127587 -0.009661415 2.060023
-0.04001103 0.002007216 2.056301
-0.13016 -0.3858825 2.042266
-0.01054324 0.09256198 1.680694
-0.09953714 -0.752624 2.075888
0.006020785 -0.0212621 1.284516
-0.1212756 -0.8310559 2.004918
-0.006798274 -0.05948327 1.135362
9
-0.1279899 -0.004558019 2.097452
-0.2127587 -0.009661415 2.060023
-0.04001103 0.002007216 2.056301
-0.13016 -0.3858825 2.042266
-0.01054324 0.09256198 1.680694
-0.09953714 -0.752624 2.075888
0.006020785 -0.0212621 1.284516
-0.1212756 -0.8310559 2.004918
-0.006798274 -0.05948327 1.135362
9
-0.1444934 -0.00668123 2.093854
-0.225723 -0.008658989 2.058953
-0.05885294 -0.004753599 2.050148
-0.1281278 -0.372656 2.037408
-0.03451718 -0.007845261 1.654055
-0.0987343 -0.7519448 2.073296
-0.01793125 -0.1216749 1.257636
-0.1201318 -0.8317083 2.005736
-0.001032079 0.003839307 1.161149
9
-0.1444934 -0.00668123 2.093854
-0.225723 -0.008658989 2.058953
-0.05885294 -0.004753599 2.050148
-0.1281278 -0.372656 2.037408
-0.03451718 -0.007845261 1.654055
-0.0987343 -0.7519448 2.073296
-0.01793125 -0.1216749 1.257636
-0.1201318 -0.8317083 2.005736
-0.001032079 0.003839307 1.161149
9
-0.1444934 -0.00668123 2.093854
-0.225723 -0.008658989 2.058953
-0.05885294 -0.004753599 2.050148
-0.1281278 -0.372656 2.037408
-0.03451718 -0.007845261 1.654055
-0.0987343 -0.7519448 2.073296
-0.01793125 -0.1216749 1.257636
-0.1201318 -0.8317083 2.005736
-0.001032079 0.003839307 1.161149
9
-0.1444934 -0.00668123 2.093854
-0.225723 -0.008658989 2.058953
-0.05885294 -0.004753599 2.050148
-0.1281278 -0.372656 2.037408
-0.03451718 -0.007845261 1.654055
-0.0987343 -0.7519448 2.073296
-0.01793125 -0.1216749 1.257636
-0.1201318 -0.8317083 2.005736
-0.001032079 0.003839307 1.161149
9
-0.1444934 -0.00668123 2.093854
-0.225723 -0.008658989 2.058953
-0.05885294 -0.004753599 2.050148
-0.1281278 -0.372656 2.037408
-0.03451718 -0.007845261 1.654055
-0.0987343 -0.7519448 2.073296
-0.01793125 -0.1216749 1.257636
-0.1201318 -0.8317083 2.005736
-0.001032079 0.003839307 1.161149
9
-0.1444934 -0.00668123 2.093854
-0.225723 -0.008658989 2.058953
-0.05885294 -0.004753599 2.050148
-0.1281278 -0.372656 2.037408
-0.03451718 -0.007845261 1.654055
-0.0987343 -0.7519448 2.073296
-0.01793125 -0.1216749 1.257636
-0.1201318 -0.8317083 2.005736
-0.001032079 0.003839307 1.161149
9
-0.15358 -0.004379622 2.098902
-0.236802 -0.00567113 2.068075
-0.06554874 -0.002979603 2.052497
-0.1290827 -0.3869625 2.03229
-0.03798303 -0.0276227 1.66669
-0.09938093 -0.7520867 2.071768
-0.02139689 -0.1413982 1.270222
-0.119999 -0.8327984 2.006528
-0.01312498 -0.008442566 1.188566
9
-0.15358 -0.004379622 2.098902
-0.236802 -0.00567113 2.068075
-0.06554874 -0.002979603 2.052497
-0.1290827 -0.3869625 2.03229
-0.03798303 -0.0276227 1.66669
-0.09938093 -0.7520867 2.071768
-0.02139689 -0.1413982 1.270222
-0.119999 -0.8327984 2.006528
-0.01312498 -0.008442566 1.188566
9
-0.1587136 -0.00311932 2.100784
-0.241426 -0.004079638 2.070587
-0.07051685 -0.0021112 2.053569
-0.1292734 -0.3894517 2.030807
-0.04073517 -0.0311511 1.667874
-0.09950998 -0.7512206 2.068426
-0.02414729 -0.1449194 1.271397
-0.1183966 -0.8336774 2.007866
-0.0137473 -0.01233557 1.18876
9
-0.1587136 -0.00311932 2.100784
-0.241426 -0.004079638 2.070587
-0.07051685 -0.0021112 2.053569
-0.1292734 -0.3894517 2.030807
-0.04073517 -0.0311511 1.667874
-0.09950998 -0.7512206 2.068426
-0.02414729 -0.1449194 1.271397
-0.1183966 -0.8336774 2.007866
-0.0137473 -0.01233557 1.18876
9
-0.1633683 -0.00499702 2.101594
-0.2458176 -0.00508826 2.071497
-0.07509959 -0.004817094 2.054186
-0.1296477 -0.3810967 2.026742
-0.04735678 -0.03668492 1.668199
-0.09899716 -0.7513071 2.067228
-0.03076419 -0.1504461 1.271708
-0.1183117 -0.8339174 2.00764
-0.01378801 -0.01933223 1.186363
9
-0.1633683 -0.00499702 2.101594
-0.2458176 -0.00508826 2.071497
-0.07509959 -0.004817094 2.054186
-0.1296477 -0.3810967 2.026742
-0.04735678 -0.03668492 1.668199
-0.09899716 -0.7513071 2.067228
-0.03076419 -0.1504461 1.271708
-0.1183117 -0.8339174 2.00764
-0.01378801 -0.01933223 1.186363
9
-0.1643965 -0.007665304 2.099953
-0.2465239 -0.007027891 2.069301
-0.07643617 -0.00834341 2.053025
-0.1294574 -0.3738846 2.025057
-0.04816906 -0.03951719 1.667361
-0.09825737 -0.7522959 2.066506
-0.0315756 -0.1532776 1.270862
-0.1190262 -0.8347462 2.00765
-0.007076554 -0.02658945 1.177517
9
-0.1643965 -0.007665304 2.099953
-0.2465239 -0.007027891 2.069301
-0.07643617 -0.00834341 2.053025
-0.1294574 -0.3738846 2.025057
-0.04816906 -0.03951719 1.667361
-0.09825737 -0.7522959 2.066506
-0.0315756 -0.1532776 1.270862
-0.1190262 -0.8347462 2.00765
-0.007076554 -0.02658945 1.177517
9
-0.1695534 -0.01802727 2.099627
-0.2489708 -0.01441571 2.06734
-0.08487356 -0.02193663 2.054997
-0.1301885 -0.3730123 2.025378
-0.07672665 -0.08559969 1.675432
-0.09808698 -0.7529984 2.066039
-0.06010747 -0.1992744 1.278808
-0.1186479 -0.8356543 2.007844
-0.01941436 -0.07495037 1.186358
9
-0.1695534 -0.01802727 2.099627
-0.2489708 -0.01441571 2.06734
-0.08487356 -0.02193663 2.054997
-0.1301885 -0.3730123 2.025378
-0.07672665 -0.08559969 1.675432
-0.09808698 -0.7529984 2.066039
-0.06010747 -0.1992744 1.278808
-0.1186479 -0.8356543 2.007844
-0.01941436 -0.07495037 1.186358
9
-0.1695534 -0.01802727 2.099627
-0.2489708 -0.01441571 2.06734
-0.08487356 -0.02193663 2.054997
-0.1301885 -0.3730123 2.025378
-0.07672665 -0.08559969 1.675432
-0.09808698 -0.7529984 2.066039
-0.06010747 -0.1992744 1.278808
-0.1186479 -0.8356543 2.007844
-0.01941436 -0.07495037 1.186358
9
-0.1695534 -0.01802727 2.099627
-0.2489708 -0.01441571 2.06734
-0.08487356 -0.02193663 2.054997
-0.1301885 -0.3730123 2.025378
-0.07672665 -0.08559969 1.675432
-0.09808698 -0.7529984 2.066039
-0.06010747 -0.1992744 1.278808
-0.1186479 -0.8356543 2.007844
-0.01941436 -0.07495037 1.186358
9
-0.1345227 -0.02179558 2.083106
-0.2062173 -0.02106511 2.045368
-0.0561548 -0.02253006 2.042103
-0.1330545 -0.3774544 2.031034
0.009467586 -5.876628E-05 1.611096
-0.09836334 -0.7522376 2.066411
0.02604998 -0.114018 1.214673
-0.1205453 -0.8340183 2.006185
0.09932727 -0.1380938 1.114455
9
-0.1345227 -0.02179558 2.083106
-0.2062173 -0.02106511 2.045368
-0.0561548 -0.02253006 2.042103
-0.1330545 -0.3774544 2.031034
0.009467586 -5.876628E-05 1.611096
-0.09836334 -0.7522376 2.066411
0.02604998 -0.114018 1.214673
-0.1205453 -0.8340183 2.006185
0.09932727 -0.1380938 1.114455
9
-0.1322667 -0.02088879 2.088477
-0.2060907 -0.0209134 2.050413
-0.05172779 -0.02027846 2.048831
-0.1352425 -0.3854544 2.038313
0.02817889 -0.05178992 1.615947
-0.09869172 -0.7514132 2.067456
0.06655927 -0.1695154 1.221882
-0.1222172 -0.8321115 2.004494
0.07133818 -0.264796 1.187384
