40
9
0.06647959 -0.2402692 2.291245
-0.0100863 -0.2448647 2.280964
0.140815 -0.2276443 2.225139
0.02166878 -0.6575419 2.257048
0.1549841 -0.590916 1.975391
0.05903591 -0.9871046 2.27172
0.1881113 -0.8906091 1.932304
0.010187 -1.057298 2.202767
0.1833149 -0.9454799 1.822459
9
0.06647959 -0.2402692 2.291245
-0.0100863 -0.2448647 2.280964
0.140815 -0.2276443 2.225139
0.02166878 -0.6575419 2.257048
0.1549841 -0.590916 1.975391
0.05903591 -0.9871046 2.27172
0.1881113 -0.8906091 1.932304
0.010187 -1.057298 2.202767
0.1833149 -0.9454799 1.822459
9
0.06063293 -0.2374757 2.291641
-0.01656853 -0.2429713 2.281557
0.1356747 -0.224016 2.225334
0.01421682 -0.6669734 2.25596
0.135821 -0.5402797 1.928783
0.05589225 -0.9866925 2.269202
0.1541799 -0.8234485 1.82661
-0.001752019 -1.055361 2.211888
0.1287566 -0.8509016 1.700917
9
0.06063293 -0.2374757 2.291641
-0.01656853 -0.2429713 2.281557
0.1356747 -0.224016 2.225334
0.01421682 -0.6669734 2.25596
0.135821 -0.5402797 1.928783
0.05589225 -0.9866925 2.269202
0.1541799 -0.8234485 1.82661
-0.001752019 -1.055361 2.211888
0.1287566 -0.8509016 1.700917
9
0.05183536 -0.2345486 2.294376
-0.02644477 -0.2394632 2.284282
0.1283165 -0.2217538 2.228005
0.002888967 -0.6582568 2.25439
0.1168767 -0.4857964 1.888067
0.02862451 -0.9759485 2.261297
0.1199377 -0.7393032 1.718724
-0.02064926 -1.005935 2.124585
0.09375272 -0.744747 1.585572
9
0.05183536 -0.2345486 2.294376
-0.02644477 -0.2394632 2.284282
0.1283165 -0.2217538 2.228005
0.002888967 -0.6582568 2.25439
0.1168767 -0.4857964 1.888067
0.02862451 -0.9759485 2.261297
0.1199377 -0.7393032 1.718724
-0.02064926 -1.005935 2.124585
0.09375272 -0.744747 1.585572
9
0.0500255 -0.2331931 2.294299
-0.02928629 -0.2376391 2.284651
0.1273413 -0.2208175 2.227643
-0.02529151 -0.5687848 2.245711
0.09785237 -0.4300239 1.842458
0.006352267 -0.8631709 2.249932
0.08978184 -0.647407 1.626135
-0.04224559 -0.8945017 2.11244
0.06542969 -0.6689453 1.487305
9
0.0500255 -0.2331931 2.294299
-0.02928629 -0.2376391 2.284651
0.1273413 -0.2208175 2.227643
-0.02529151 -0.5687848 2.245711
0.09785237 -0.4300239 1.842458
0.006352267 -0.8631709 2.249932
0.08978184 -0.647407 1.626135
-0.04224559 -0.8945017 2.11244
0.06542969 -0.6689453 1.487305
9
0.0500255 -0.2331931 2.294299
-0.02928629 -0.2376391 2.284651
0.1273413 -0.2208175 2.227643
-0.02529151 -0.5687848 2.245711
0.09785237 -0.4300239 1.842458
0.006352267 -0.8631709 2.249932
0.08978184 -0.647407 1.626135
-0.04224559 -0.8945017 2.11244
0.06542969 -0.6689453 1.487305
9
0.04427514 -0.2305254 2.29707
-0.03678476 -0.2342717 2.287133
0.1234246 -0.2189085 2.2305
-0.03784681 -0.5653267 2.253959
0.09595267 -0.3477109 1.874179
0.04897793 -0.9578252 2.258113
0.0475673 -0.4207925 1.533155
0.003316879 -1.036133 2.236328
-0.002646506 -0.4556615 1.394828
9
0.04427514 -0.2305254 2.29707
-0.03678476 -0.2342717 2.287133
0.1234246 -0.2189085 2.2305
-0.03784681 -0.5653267 2.253959
0.09595267 -0.3477109 1.874179
0.04897793 -0.9578252 2.258113
0.0475673 -0.4207925 1.533155
0.003316879 -1.036133 2.236328
-0.002646506 -0.4556615 1.394828
9
0.04427514 -0.2305254 2.29707
-0.03678476 -0.2342717 2.287133
0.1234246 -0.2189085 2.2305
-0.03784681 -0.5653267 2.253959
0.09595267 -0.3477109 1.874179
0.04897793 -0.9578252 2.258113
0.0475673 -0.4207925 1.533155
0.003316879 -1.036133 2.236328
-0.002646506 -0.4556615 1.394828
9
0.03742333 -0.2276676 2.298646
-0.04616472 -0.2298471 2.288191
0.1190742 -0.2174434 2.232338
-0.05235292 -0.5604137 2.264583
0.05382659 -0.2349025 1.750589
0.04219469 -0.9515629 2.26003
0.02876655 -0.3683622 1.447405
0.01650249 -1.037605 2.224351
-0.0475409 -0.2934577 1.312964
9
0.03742333 -0.2276676 2.298646
-0.04616472 -0.2298471 2.288191
0.1190742 -0.2174434 2.232338
-0.05235292 -0.5604137 2.264583
0.05382659 -0.2349025 1.750589
0.04219469 -0.9515629 2.26003
0.02876655 -0.3683622 1.447405
0.01650249 -1.037605 2.224351
-0.0475409 -0.2934577 1.312964
9
0.03742333 -0.2276676 2.298646
-0.04616472 -0.2298471 2.288191
0.1190742 -0.2174434 2.232338
-0.05235292 -0.5604137 2.264583
0.05382659 -0.2349025 1.750589
0.04219469 -0.9515629 2.26003
0.02876655 -0.3683622 1.447405
0.01650249 -1.037605 2.224351
-0.0475409 -0.2934577 1.312964
9
0.03742333 -0.2276676 2.298646
-0.04616472 -0.2298471 2.288191
0.1190742 -0.2174434 2.232338
-0.05235292 -0.5604137 2.264583
0.05382659 -0.2349025 1.750589
0.04219469 -0.9515629 2.26003
0.02876655 -0.3683622 1.447405
0.01650249 -1.037605 2.224351
-0.0475409 -0.2934577 1.312964
9
0.04575434 -0.2279412 2.297725
-0.03305272 -0.2327806 2.291147
0.1253683 -0.2159566 2.228492
0.003136222 -0.6307216 2.237465
0.1210443 -0.2608479 1.743584
0.05657741 -0.972014 2.255214
-0.01022699 -0.2140381 1.398332
0.01160615 -1.05084 2.226175
-0.08554292 -0.1427009 1.263159
9
0.04575434 -0.2279412 2.297725
-0.03305272 -0.2327806 2.291147
0.1253683 -0.2159566 2.228492
0.003136222 -0.6307216 2.237465
0.1210443 -0.2608479 1.743584
0.05657741 -0.972014 2.255214
-0.01022699 -0.2140381 1.398332
0.01160615 -1.05084 2.226175
-0.08554292 -0.1427009 1.263159
9
0.04794509 -0.2277916 2.293948
-0.03102877 -0.2332555 2.289065
0.1268521 -0.2146757 2.221956
-0.0005599349 -0.6198214 2.236595
0.1179308 -0.2605561 1.7372
0.05543835 -0.9727054 2.251189
-0.01784958 -0.1505696 1.414176
0.00244014 -1.002768 2.116176
-0.06953191 -0.1915141 1.276296
9
0.04794509 -0.2277916 2.293948
-0.03102877 -0.2332555 2.289065
0.1268521 -0.2146757 2.221956
-0.0005599349 -0.6198214 2.236595
0.1179308 -0.2605561 1.7372
0.05543835 -0.9727054 2.251189
-0.01784958 -0.1505696 1.414176
0.00244014 -1.002768 2.116176
-0.06953191 -0.1915141 1.276296
9
0.05028475 -0.2439852 2.283763
-0.01963731 -0.2550732 2.269224
0.1224506 -0.2275828 2.217909
-0.001605796 -0.6166264 2.235296
0.05459195 -0.3247234 1.746019
0.05433445 -0.9740903 2.24802
-0.01598829 -0.06986969 1.428256
1.601502E-05 -1.004033 2.113688
-0.07794189 -0.119751 1.288086
9
0.05007652 -0.2441513 2.280856
-0.01981869 -0.2543147 2.266929
0.1214267 -0.2279945 2.215828
-0.003295294 -0.6150215 2.234509
0.05073466 -0.327614 1.744907
0.05124035 -0.9765097 2.246046
-0.01980243 -0.0711796 1.42839
-0.003853176 -1.0064 2.112171
-0.07971266 -0.1270815 1.298479
9
0.05007652 -0.2441513 2.280856
-0.01981869 -0.2543147 2.266929
0.1214267 -0.2279945 2.215828
-0.003295294 -0.6150215 2.234509
0.05073466 -0.327614 1.744907
0.05124035 -0.9765097 2.246046
-0.01980243 -0.0711796 1.42839
-0.003853176 -1.0064 2.112171
-0.07971266 -0.1270815 1.298479
9
0.05007652 -0.2441513 2.280856
-0.01981869 -0.2543147 2.266929
0.1214267 -0.2279945 2.215828
-0.003295294 -0.6150215 2.234509
0.05073466 -0.327614 1.744907
0.05124035 -0.9765097 2.246046
-0.01980243 -0.0711796 1.42839
-0.003853176 -1.0064 2.112171
-0.07971266 -0.1270815 1.298479
9
0.05007652 -0.2441513 2.280856
-0.01981869 -0.2543147 2.266929
0.1214267 -0.2279945 2.215828
-0.003295294 -0.6150215 2.234509
0.05073466 -0.327614 1.744907
0.05124035 -0.9765097 2.246046
-0.01980243 -0.0711796 1.42839
-0.003853176 -1.0064 2.112171
-0.07971266 -0.1270815 1.298479
9
0.05007652 -0.2441513 2.280856
-0.01981869 -0.2543147 2.266929
0.1214267 -0.2279945 2.215828
-0.003295294 -0.6150215 2.234509
0.05073466 -0.327614 1.744907
0.05124035 -0.9765097 2.246046
-0.01980243 -0.0711796 1.42839
-0.003853176 -1.0064 2.112171
-0.07971266 -0.1270815 1.298479
9
0.0499094 -0.2441031 2.27347
-0.01904803 -0.2534096 2.261604
0.1188416 -0.2280918 2.207689
-0.004855881 -0.6109771 2.232458
0.03772265 -0.3444026 1.742543
0.05004605 -0.9764864 2.245612
-0.01579828 -0.06315082 1.444033
-0.00698388 -1.006278 2.112785
-0.07884181 -0.1258354 1.299959
9
0.05113646 -0.2447938 2.272949
-0.0162726 -0.2543779 2.260745
0.1189194 -0.2282465 2.207607
-0.005193045 -0.6096087 2.231626
0.04529205 -0.3351463 1.738825
0.0497945 -0.976389 2.244251
-0.01433009 -0.06931273 1.427778
-0.0101454 -1.006378 2.113243
-0.07473315 -0.1330792 1.294688
9
0.05113646 -0.2447938 2.272949
-0.0162726 -0.2543779 2.260745
0.1189194 -0.2282465 2.207607
-0.005193045 -0.6096087 2.231626
0.04529205 -0.3351463 1.738825
0.0497945 -0.976389 2.244251
-0.01433009 -0.06931273 1.427778
-0.0101454 -1.006378 2.113243
-0.07473315 -0.1330792 1.294688
9
0.05113646 -0.2447938 2.272949
-0.0162726 -0.2543779 2.260745
0.1189194 -0.2282465 2.207607
-0.005193045 -0.6096087 2.231626
0.04529205 -0.3351463 1.738825
0.0497945 -0.976389 2.244251
-0.01433009 -0.06931273 1.427778
-0.0101454 -1.006378 2.113243
-0.07473315 -0.1330792 1.294688
9
0.06048966 -0.2494524 2.278008
-0.004485591 -0.2606438 2.26746
0.1246158 -0.2307216 2.211461
-0.005340873 -0.6117948 2.230795
0.04799112 -0.3398157 1.743709
0.05012355 -0.9768327 2.243921
-0.01302284 -0.1273378 1.388894
-0.01075018 -1.007333 2.113735
-0.07021508 -0.183287 1.289111
9
0.06048966 -0.2494524 2.278008
-0.004485591 -0.2606438 2.26746
0.1246158 -0.2307216 2.211461
-0.005340873 -0.6117948 2.230795
0.04799112 -0.3398157 1.743709
0.05012355 -0.9768327 2.243921
-0.01302284 -0.1273378 1.388894
-0.01075018 -1.007333 2.113735
-0.07021508 -0.183287 1.289111
9
0.06048966 -0.2494524 2.278008
-0.004485591 -0.2606438 2.26746
0.1246158 -0.2307216 2.211461
-0.005340873 -0.6117948 2.230795
0.04799112 -0.3398157 1.743709
0.05012355 -0.9768327 2.243921
-0.01302284 -0.1273378 1.388894
-0.01075018 -1.007333 2.113735
-0.07021508 -0.183287 1.289111
9
0.06048966 -0.2494524 2.278008
-0.004485591 -0.2606438 2.26746
0.1246158 -0.2307216 2.211461
-0.005340873 -0.6117948 2.230795
0.04799112 -0.3398157 1.743709
0.05012355 -0.9768327 2.243921
-0.01302284 -0.1273378 1.388894
-0.01075018 -1.007333 2.113735
-0.07021508 -0.183287 1.289111
9
0.02643819 -0.2152888 2.280236
-0.04900898 -0.214165 2.287275
0.104359 -0.2119438 2.200419
0.0006315095 -0.6248658 2.233302
0.04508661 -0.3419941 1.735673
0.05035632 -0.9768744 2.243718
0.01441333 -0.2229638 1.391454
-0.01174609 -1.006736 2.114011
-0.04351135 -0.276408 1.291987
9
0.02643819 -0.2152888 2.280236
-0.04900898 -0.214165 2.287275
0.104359 -0.2119438 2.200419
0.0006315095 -0.6248658 2.233302
0.04508661 -0.3419941 1.735673
0.05035632 -0.9768744 2.243718
0.01441333 -0.2229638 1.391454
-0.01174609 -1.006736 2.114011
-0.04351135 -0.276408 1.291987
9
0.02464803 -0.2168693 2.281418
-0.0503879 -0.2163164 2.28827
0.1011128 -0.2123708 2.201038
0.02068698 -0.6608633 2.241261
0.04961982 -0.1812502 1.717535
0.05013979 -0.9765772 2.243684
-0.01865536 -0.3137992 1.325488
-0.01193973 -1.006568 2.114022
-0.05999756 -0.1953125 1.266602
9
0.02464803 -0.2168693 2.281418
-0.0503879 -0.2163164 2.28827
0.1011128 -0.2123708 2.201038
0.02068698 -0.6608633 2.241261
0.04961982 -0.1812502 1.717535
0.05013979 -0.9765772 2.243684
-0.01865536 -0.3137992 1.325488
-0.01193973 -1.006568 2.114022
-0.05999756 -0.1953125 1.266602
9
0.009761441 -0.2263295 2.301167
-0.06566959 -0.2280988 2.307062
0.08618557 -0.2175253 2.218919
0.009121436 -0.6717881 2.255199
0.06765722 -0.1636903 1.852033
0.05008266 -0.9648783 2.245935
0.04806749 -0.2641992 1.52515
-0.01206818 -0.9955762 2.116506
-0.01411051 -0.2566489 1.362031
9
0.009761441 -0.2263295 2.301167
-0.06566959 -0.2280988 2.307062
0.08618557 -0.2175253 2.218919
0.009121436 -0.6717881 2.255199
0.06765722 -0.1636903 1.852033
0.05008266 -0.9648783 2.245935
0.04806749 -0.2641992 1.52515
-0.01206818 -0.9955762 2.116506
-0.01411051 -0.2566489 1.362031
