40
9
0.1130925 -0.2351691 2.191902
0.02903794 -0.2400273 2.16593
0.1930723 -0.2221444 2.141794
0.05700791 -0.6193346 2.157209
0.2405442 -0.4956288 1.821066
0.08989732 -0.9739327 2.183443
0.2756548 -0.75726 1.669536
0.0657098 -1.052777 2.112479
0.2693391 -0.770966 1.536482
9
0.1101954 -0.2341635 2.193352
0.02540931 -0.2399458 2.166425
0.1906124 -0.2200016 2.1445
0.0563844 -0.6173356 2.153028
0.2421388 -0.4406174 1.771503
0.08973803 -0.9733928 2.182819
0.2705391 -0.6734452 1.574227
0.06712224 -1.052596 2.111826
0.2738812 -0.6790341 1.43914
9
0.1101954 -0.2341635 2.193352
0.02540931 -0.2399458 2.166425
0.1906124 -0.2200016 2.1445
0.0563844 -0.6173356 2.153028
0.2421388 -0.4406174 1.771503
0.08973803 -0.9733928 2.182819
0.2705391 -0.6734452 1.574227
0.06712224 -1.052596 2.111826
0.2738812 -0.6790341 1.43914
9
0.1074057 -0.2331707 2.194087
0.02095254 -0.239337 2.167315
0.1892641 -0.218918 2.145001
0.05608264 -0.6016759 2.139483
0.2421584 -0.3557682 1.75047
0.09001068 -0.9727526 2.179846
0.2360807 -0.5965721 1.511916
0.06697769 -1.053071 2.112132
0.2820774 -0.5734622 1.347537
9
0.1074057 -0.2331707 2.194087
0.02095254 -0.239337 2.167315
0.1892641 -0.218918 2.145001
0.05608264 -0.6016759 2.139483
0.2421584 -0.3557682 1.75047
0.09001068 -0.9727526 2.179846
0.2360807 -0.5965721 1.511916
0.06697769 -1.053071 2.112132
0.2820774 -0.5734622 1.347537
9
0.1057037 -0.2323542 2.193793
0.01851075 -0.2387915 2.167134
0.1883392 -0.2179259 2.144566
0.05495088 -0.5878925 2.133251
0.2380249 -0.2760838 1.729355
0.08585938 -0.9682258 2.174684
0.2927534 -0.522209 1.40032
0.06746883 -1.052222 2.116139
0.2804947 -0.4453045 1.284807
9
0.1057037 -0.2323542 2.193793
0.01851075 -0.2387915 2.167134
0.1883392 -0.2179259 2.144566
0.05495088 -0.5878925 2.133251
0.2380249 -0.2760838 1.729355
0.08585938 -0.9682258 2.174684
0.2927534 -0.522209 1.40032
0.06746883 -1.052222 2.116139
0.2804947 -0.4453045 1.284807
9
0.09332839 -0.2378287 2.195765
0.007249225 -0.2418289 2.168959
0.1759041 -0.2257884 2.146504
0.05521584 -0.5742592 2.129544
0.2220456 -0.2813942 1.665004
0.08284304 -0.9636718 2.170346
0.3028959 -0.4222489 1.319904
0.05832183 -0.9929533 2.025194
0.2805086 -0.3156093 1.247851
9
0.09332839 -0.2378287 2.195765
0.007249225 -0.2418289 2.168959
0.1759041 -0.2257884 2.146504
0.05521584 -0.5742592 2.129544
0.2220456 -0.2813942 1.665004
0.08284304 -0.9636718 2.170346
0.3028959 -0.4222489 1.319904
0.05832183 -0.9929533 2.025194
0.2805086 -0.3156093 1.247851
9
0.04037627 -0.2500195 2.217863
-0.04674587 -0.2499607 2.189356
0.1261404 -0.2414868 2.170167
0.0551976 -0.5738018 2.129181
0.2017073 -0.1572186 1.716209
0.08174574 -0.9628031 2.169357
0.2565303 -0.2325186 1.313442
0.05690746 -0.9925395 2.024454
0.3069779 -0.2265031 1.191206
9
0.04037627 -0.2500195 2.217863
-0.04674587 -0.2499607 2.189356
0.1261404 -0.2414868 2.170167
0.0551976 -0.5738018 2.129181
0.2017073 -0.1572186 1.716209
0.08174574 -0.9628031 2.169357
0.2565303 -0.2325186 1.313442
0.05690746 -0.9925395 2.024454
0.3069779 -0.2265031 1.191206
9
0.03866953 -0.2457972 2.214315
-0.05003841 -0.2429396 2.187346
0.1255673 -0.2390357 2.164486
0.05508891 -0.5737208 2.128668
0.1944147 -0.1147077 1.698702
0.08058737 -0.9607059 2.166595
0.2493062 -0.1901173 1.296012
0.05527809 -0.990229 2.0217
0.277832 -0.08526611 1.213867
9
0.03866953 -0.2457972 2.214315
-0.05003841 -0.2429396 2.187346
0.1255673 -0.2390357 2.164486
0.05508891 -0.5737208 2.128668
0.1944147 -0.1147077 1.698702
0.08058737 -0.9607059 2.166595
0.2493062 -0.1901173 1.296012
0.05527809 -0.990229 2.0217
0.277832 -0.08526611 1.213867
9
0.03537913 -0.2427997 2.211459
-0.05422658 -0.238417 2.185743
0.1231663 -0.2376712 2.160536
0.05454564 -0.5747665 2.127501
0.1897725 -0.06270003 1.711317
0.08092574 -0.9627681 2.161529
0.2446723 -0.1381596 1.308744
0.05540938 -0.9920713 2.016637
0.2732497 -0.04620681 1.22085
9
0.03537913 -0.2427997 2.211459
-0.05422658 -0.238417 2.185743
0.1231663 -0.2376712 2.160536
0.05454564 -0.5747665 2.127501
0.1897725 -0.06270003 1.711317
0.08092574 -0.9627681 2.161529
0.2446723 -0.1381596 1.308744
0.05540938 -0.9920713 2.016637
0.2732497 -0.04620681 1.22085
9
0.03552203 -0.2407754 2.208025
-0.05429082 -0.2364488 2.183275
0.1237414 -0.2360989 2.156232
0.05444742 -0.5744455 2.125788
0.182719 -0.03734732 1.716135
0.08221422 -0.9619531 2.157268
0.2376305 -0.1128319 1.313621
0.05644646 -0.9910861 2.012372
0.2654624 0.001192537 1.230369
9
0.03552203 -0.2407754 2.208025
-0.05429082 -0.2364488 2.183275
0.1237414 -0.2360989 2.156232
0.05444742 -0.5744455 2.125788
0.182719 -0.03734732 1.716135
0.08221422 -0.9619531 2.157268
0.2376305 -0.1128319 1.313621
0.05644646 -0.9910861 2.012372
0.2654624 0.001192537 1.230369
9
0.03584352 -0.2397585 2.20458
-0.05393608 -0.2355667 2.180566
0.1241122 -0.2351946 2.152158
0.05393408 -0.5683258 2.121428
0.168001 -0.00537176 1.736052
0.08280803 -0.962051 2.155889
0.2203759 -0.008113584 1.377694
0.0564469 -0.99106 2.011081
0.2477817 0.08995416 1.334477
9
0.03584352 -0.2397585 2.20458
-0.05393608 -0.2355667 2.180566
0.1241122 -0.2351946 2.152158
0.05393408 -0.5683258 2.121428
0.168001 -0.00537176 1.736052
0.08280803 -0.962051 2.155889
0.2203759 -0.008113584 1.377694
0.0564469 -0.99106 2.011081
0.2477817 0.08995416 1.334477
9
0.03613511 -0.2391182 2.202212
-0.0535386 -0.2353153 2.17928
0.1242502 -0.2341618 2.148452
0.05331545 -0.5664243 2.118563
0.168308 -0.004426884 1.73429
0.08257166 -0.9612818 2.153562
0.2188032 0.009463316 1.385503
0.05503239 -0.9902292 2.009007
0.2462822 0.1070619 1.342274
9
0.03613511 -0.2391182 2.202212
-0.0535386 -0.2353153 2.17928
0.1242502 -0.2341618 2.148452
0.05331545 -0.5664243 2.118563
0.168308 -0.004426884 1.73429
0.08257166 -0.9612818 2.153562
0.2188032 0.009463316 1.385503
0.05503239 -0.9902292 2.009007
0.2462822 0.1070619 1.342274
9
0.03613511 -0.2391182 2.202212
-0.0535386 -0.2353153 2.17928
0.1242502 -0.2341618 2.148452
0.05331545 -0.5664243 2.118563
0.168308 -0.004426884 1.73429
0.08257166 -0.9612818 2.153562
0.2188032 0.009463316 1.385503
0.05503239 -0.9902292 2.009007
0.2462822 0.1070619 1.342274
9
0.03613511 -0.2391182 2.202212
-0.0535386 -0.2353153 2.17928
0.1242502 -0.2341618 2.148452
0.05331545 -0.5664243 2.118563
0.168308 -0.004426884 1.73429
0.08257166 -0.9612818 2.153562
0.2188032 0.009463316 1.385503
0.05503239 -0.9902292 2.009007
0.2462822 0.1070619 1.342274
9
0.03594701 -0.2392118 2.201446
-0.05347995 -0.2356094 2.178642
0.1238171 -0.2340819 2.147562
0.05163063 -0.569923 2.115421
0.1392638 -0.02611196 1.834769
0.08264095 -0.961662 2.152179
0.2217775 0.07580562 1.442887
0.05301189 -0.9906015 2.008148
0.2603751 0.1740709 1.318675
9
0.03594701 -0.2392118 2.201446
-0.05347995 -0.2356094 2.178642
0.1238171 -0.2340819 2.147562
0.05163063 -0.569923 2.115421
0.1392638 -0.02611196 1.834769
0.08264095 -0.961662 2.152179
0.2217775 0.07580562 1.442887
0.05301189 -0.9906015 2.008148
0.2603751 0.1740709 1.318675
9
0.03540181 -0.2396045 2.200657
-0.053608 -0.2358562 2.178315
0.1227189 -0.2346839 2.146215
0.05121843 -0.5696501 2.114387
0.1768567 -0.01977212 1.713297
0.08261731 -0.9590217 2.149882
0.2259419 -0.0356762 1.409309
0.05173268 -0.9879792 2.006171
0.1904574 -0.07890444 1.26282
9
0.03540181 -0.2396045 2.200657
-0.053608 -0.2358562 2.178315
0.1227189 -0.2346839 2.146215
0.05121843 -0.5696501 2.114387
0.1768567 -0.01977212 1.713297
0.08261731 -0.9590217 2.149882
0.2259419 -0.0356762 1.409309
0.05173268 -0.9879792 2.006171
0.1904574 -0.07890444 1.26282
9
0.03458939 -0.2399861 2.2004
-0.05424156 -0.2361581 2.178626
0.1215794 -0.2353235 2.145151
0.0509317 -0.5700505 2.114191
0.1778051 -0.02015853 1.712638
0.0824014 -0.9590274 2.149437
0.2222739 -0.04878433 1.408872
0.05136269 -0.9879852 2.005771
0.1867256 -0.09167223 1.262422
9
0.03458939 -0.2399861 2.2004
-0.05424156 -0.2361581 2.178626
0.1215794 -0.2353235 2.145151
0.0509317 -0.5700505 2.114191
0.1778051 -0.02015853 1.712638
0.0824014 -0.9590274 2.149437
0.2222739 -0.04878433 1.408872
0.05136269 -0.9879852 2.005771
0.1867256 -0.09167223 1.262422
9
0.03131558 -0.240497 2.20159
-0.05767925 -0.2363988 2.1812
0.118564 -0.2361193 2.14542
0.05055341 -0.5707321 2.114218
0.187176 -0.04050239 1.705299
0.0825383 -0.9588977 2.149073
0.2491926 -0.08287599 1.351111
0.05114188 -0.9878913 2.005519
0.2834744 -0.03222976 1.204787
9
0.03131558 -0.240497 2.20159
-0.05767925 -0.2363988 2.1812
0.118564 -0.2361193 2.14542
0.05055341 -0.5707321 2.114218
0.187176 -0.04050239 1.705299
0.0825383 -0.9588977 2.149073
0.2491926 -0.08287599 1.351111
0.05114188 -0.9878913 2.005519
0.2834744 -0.03222976 1.204787
9
0.0272846 -0.2413183 2.203624
-0.06102519 -0.2371491 2.184873
0.11387 -0.2371089 2.146148
0.05000838 -0.5705485 2.11446
0.1946157 -0.08090128 1.70075
0.08300794 -0.9582434 2.148572
0.2449436 -0.1324426 1.37058
0.05115993 -0.9873091 2.005166
0.2078721 -0.1731732 1.224662
9
0.0272846 -0.2413183 2.203624
-0.06102519 -0.2371491 2.184873
0.11387 -0.2371089 2.146148
0.05000838 -0.5705485 2.11446
0.1946157 -0.08090128 1.70075
0.08300794 -0.9582434 2.148572
0.2449436 -0.1324426 1.37058
0.05115993 -0.9873091 2.005166
0.2078721 -0.1731732 1.224662
9
0.02485102 -0.2393152 2.204868
-0.06376047 -0.2345763 2.187519
0.1119598 -0.2356259 2.146344
0.0492966 -0.5715206 2.115491
0.1993377 -0.1146163 1.713874
0.08367793 -0.9573223 2.148395
0.2611588 -0.2218972 1.348693
0.04989796 -0.9864851 2.005573
0.2995605 -0.1973877 1.205078
9
0.02485102 -0.2393152 2.204868
-0.06376047 -0.2345763 2.187519
0.1119598 -0.2356259 2.146344
0.0492966 -0.5715206 2.115491
0.1993377 -0.1146163 1.713874
0.08367793 -0.9573223 2.148395
0.2611588 -0.2218972 1.348693
0.04989796 -0.9864851 2.005573
0.2995605 -0.1973877 1.205078
9
0.02483513 -0.2394633 2.205489
-0.06308578 -0.2347448 2.18822
0.1113267 -0.2358466 2.147146
0.04833611 -0.572362 2.117326
0.2076422 -0.1688035 1.706386
0.08414576 -0.9570959 2.148291
0.2713808 -0.2889378 1.34637
0.04945172 -0.9863961 2.005799
0.2308014 -0.3257377 1.202144
9
0.02483513 -0.2394633 2.205489
-0.06308578 -0.2347448 2.18822
0.1113267 -0.2358466 2.147146
0.04833611 -0.572362 2.117326
0.2076422 -0.1688035 1.706386
0.08414576 -0.9570959 2.148291
0.2713808 -0.2889378 1.34637
0.04945172 -0.9863961 2.005799
0.2308014 -0.3257377 1.202144
9
0.025679 -0.242794 2.208421
-0.05921203 -0.2401914 2.190986
0.1101307 -0.2380514 2.150564
0.04705048 -0.5726339 2.119922
0.2263819 -0.2251249 1.694408
0.08421511 -0.9567246 2.149902
0.2761213 -0.38662 1.377099
0.0498862 -0.9862721 2.007387
0.3161621 -0.3747559 1.230469
9
0.025679 -0.242794 2.208421
-0.05921203 -0.2401914 2.190986
0.1101307 -0.2380514 2.150564
0.04705048 -0.5726339 2.119922
0.2263819 -0.2251249 1.694408
0.08421511 -0.9567246 2.149902
0.2761213 -0.38662 1.377099
0.0498862 -0.9862721 2.007387
0.3161621 -0.3747559 1.230469
9
0.05899379 -0.2513475 2.213925
-0.01578551 -0.2474231 2.188344
0.1347816 -0.2468891 2.162178
0.04533375 -0.5746719 2.123528
0.247225 -0.2846898 1.690298
0.08500066 -0.9608297 2.154505
0.3116623 -0.5498143 1.378122
0.04975434 -0.9912823 2.012674
0.3179026 -0.4677484 1.26779
