40
9
0.01043794 -0.007597805 1.958693
-0.06530747 -0.0145691 1.927159
0.08683465 -0.001181941 1.914484
-0.01247204 -0.4509989 1.954896
0.1309616 -0.4610387 1.706938
0.02988273 -0.7824606 1.941856
0.140201 -0.7631918 1.628076
-0.02540739 -0.8220087 1.78422
0.1420999 -0.8283401 1.524295
9
0.01043794 -0.007597805 1.958693
-0.06530747 -0.0145691 1.927159
0.08683465 -0.001181941 1.914484
-0.01247204 -0.4509989 1.954896
0.1309616 -0.4610387 1.706938
0.02988273 -0.7824606 1.941856
0.140201 -0.7631918 1.628076
-0.02540739 -0.8220087 1.78422
0.1420999 -0.8283401 1.524295
9
0.01268848 -0.007843809 1.95801
-0.06359925 -0.01494849 1.925666
0.08948518 -0.001102588 1.914548
-0.01094298 -0.4484026 1.953217
0.1391121 -0.3973554 1.668842
0.03080427 -0.7822434 1.943506
0.1540217 -0.6706312 1.602629
-0.03522227 -0.8227417 1.791899
0.08343833 -0.7798313 1.533461
9
0.01268848 -0.007843809 1.95801
-0.06359925 -0.01494849 1.925666
0.08948518 -0.001102588 1.914548
-0.01094298 -0.4484026 1.953217
0.1391121 -0.3973554 1.668842
0.03080427 -0.7822434 1.943506
0.1540217 -0.6706312 1.602629
-0.03522227 -0.8227417 1.791899
0.08343833 -0.7798313 1.533461
9
0.01433775 -0.00739436 1.957546
-0.06257311 -0.01501229 1.924585
0.09198837 0.0002653082 1.914774
-0.009036068 -0.445843 1.95042
0.145763 -0.3395686 1.63496
0.0312109 -0.7823221 1.944282
0.1651194 -0.607875 1.548199
-0.03702445 -0.8225353 1.794098
0.1499023 -0.6538086 1.422852
9
0.01433775 -0.00739436 1.957546
-0.06257311 -0.01501229 1.924585
0.09198837 0.0002653082 1.914774
-0.009036068 -0.445843 1.95042
0.145763 -0.3395686 1.63496
0.0312109 -0.7823221 1.944282
0.1651194 -0.607875 1.548199
-0.03702445 -0.8225353 1.794098
0.1499023 -0.6538086 1.422852
9
0.01433775 -0.00739436 1.957546
-0.06257311 -0.01501229 1.924585
0.09198837 0.0002653082 1.914774
-0.009036068 -0.445843 1.95042
0.145763 -0.3395686 1.63496
0.0312109 -0.7823221 1.944282
0.1651194 -0.607875 1.548199
-0.03702445 -0.8225353 1.794098
0.1499023 -0.6538086 1.422852
9
0.01433775 -0.00739436 1.957546
-0.06257311 -0.01501229 1.924585
0.09198837 0.0002653082 1.914774
-0.009036068 -0.445843 1.95042
0.145763 -0.3395686 1.63496
0.0312109 -0.7823221 1.944282
0.1651194 -0.607875 1.548199
-0.03702445 -0.8225353 1.794098
0.1499023 -0.6538086 1.422852
9
0.01767692 -0.005903083 1.957224
-0.06005491 -0.01437444 1.921479
0.09745298 0.003652595 1.917843
-0.006778699 -0.4389207 1.943435
0.1597176 -0.2526763 1.566946
0.03125381 -0.7812282 1.944461
0.1916652 -0.4879889 1.388102
-0.03759801 -0.8210489 1.794718
0.1764458 -0.518911 1.256388
9
0.01767692 -0.005903083 1.957224
-0.06005491 -0.01437444 1.921479
0.09745298 0.003652595 1.917843
-0.006778699 -0.4389207 1.943435
0.1597176 -0.2526763 1.566946
0.03125381 -0.7812282 1.944461
0.1916652 -0.4879889 1.388102
-0.03759801 -0.8210489 1.794718
0.1764458 -0.518911 1.256388
9
0.02274957 -0.003256845 1.9562
-0.05747565 -0.01355873 1.919855
0.1040992 0.008184484 1.917665
-0.002270563 -0.4297031 1.93565
0.1680081 -0.1870397 1.544716
0.03116662 -0.7805204 1.944226
0.1984663 -0.462168 1.275604
-0.03759652 -0.8206933 1.794485
0.2116162 -0.4423067 1.13626
9
0.02274957 -0.003256845 1.9562
-0.05747565 -0.01355873 1.919855
0.1040992 0.008184484 1.917665
-0.002270563 -0.4297031 1.93565
0.1680081 -0.1870397 1.544716
0.03116662 -0.7805204 1.944226
0.1984663 -0.462168 1.275604
-0.03759652 -0.8206933 1.794485
0.2116162 -0.4423067 1.13626
9
0.02415195 -0.001364199 1.956083
-0.05671712 -0.01174803 1.918295
0.1059261 0.01020833 1.918853
0.0005839419 -0.4162159 1.927554
0.1757997 -0.1293906 1.521411
0.0311976 -0.7766428 1.941979
0.2022234 -0.3341518 1.284388
-0.03761929 -0.8186579 1.79342
0.1879403 -0.3751962 1.134389
9
0.02415195 -0.001364199 1.956083
-0.05671712 -0.01174803 1.918295
0.1059261 0.01020833 1.918853
0.0005839419 -0.4162159 1.927554
0.1757997 -0.1293906 1.521411
0.0311976 -0.7766428 1.941979
0.2022234 -0.3341518 1.284388
-0.03761929 -0.8186579 1.79342
0.1879403 -0.3751962 1.134389
9
0.02425074 0.001099362 1.955068
-0.05780422 -0.008565635 1.915277
0.1064389 0.01207741 1.918914
0.00296176 -0.3988429 1.917425
0.1715359 -0.07233519 1.518598
0.03213016 -0.773331 1.93813
0.2250445 -0.2328208 1.169845
-0.03775583 -0.8159804 1.790211
0.256366 -0.3119775 1.084088
9
0.02425074 0.001099362 1.955068
-0.05780422 -0.008565635 1.915277
0.1064389 0.01207741 1.918914
0.00296176 -0.3988429 1.917425
0.1715359 -0.07233519 1.518598
0.03213016 -0.773331 1.93813
0.2250445 -0.2328208 1.169845
-0.03775583 -0.8159804 1.790211
0.256366 -0.3119775 1.084088
9
0.02057177 0.001727404 1.954973
-0.06389059 -0.006587576 1.913536
0.1037501 0.01154147 1.919953
0.0006538674 -0.3869068 1.909585
0.1752795 -0.05944727 1.463861
0.03298818 -0.7608815 1.933822
0.2429674 -0.1658889 1.103067
-0.03156888 -0.8116923 1.786555
0.2840489 -0.254327 1.083697
9
0.02057177 0.001727404 1.954973
-0.06389059 -0.006587576 1.913536
0.1037501 0.01154147 1.919953
0.0006538674 -0.3869068 1.909585
0.1752795 -0.05944727 1.463861
0.03298818 -0.7608815 1.933822
0.2429674 -0.1658889 1.103067
-0.03156888 -0.8116923 1.786555
0.2840489 -0.254327 1.083697
9
0.02057177 0.001727404 1.954973
-0.06389059 -0.006587576 1.913536
0.1037501 0.01154147 1.919953
0.0006538674 -0.3869068 1.909585
0.1752795 -0.05944727 1.463861
0.03298818 -0.7608815 1.933822
0.2429674 -0.1658889 1.103067
-0.03156888 -0.8116923 1.786555
0.2840489 -0.254327 1.083697
9
0.02057177 0.001727404 1.954973
-0.06389059 -0.006587576 1.913536
0.1037501 0.01154147 1.919953
0.0006538674 -0.3869068 1.909585
0.1752795 -0.05944727 1.463861
0.03298818 -0.7608815 1.933822
0.2429674 -0.1658889 1.103067
-0.03156888 -0.8116923 1.786555
0.2840489 -0.254327 1.083697
9
-0.01486932 -0.001953789 1.954496
-0.09836181 -0.005138068 1.912003
0.06837879 0.001319167 1.921089
0.000428743 -0.3838155 1.906369
0.1734583 0.01658521 1.477551
0.03658035 -0.7583713 1.92922
0.234942 -0.0906385 1.164002
-0.02507183 -0.8111464 1.781834
0.2789176 -0.08493976 1.034238
9
-0.01486932 -0.001953789 1.954496
-0.09836181 -0.005138068 1.912003
0.06837879 0.001319167 1.921089
0.000428743 -0.3838155 1.906369
0.1734583 0.01658521 1.477551
0.03658035 -0.7583713 1.92922
0.234942 -0.0906385 1.164002
-0.02507183 -0.8111464 1.781834
0.2789176 -0.08493976 1.034238
9
-0.01486932 -0.001953789 1.954496
-0.09836181 -0.005138068 1.912003
0.06837879 0.001319167 1.921089
0.000428743 -0.3838155 1.906369
0.1734583 0.01658521 1.477551
0.03658035 -0.7583713 1.92922
0.234942 -0.0906385 1.164002
-0.02507183 -0.8111464 1.781834
0.2789176 -0.08493976 1.034238
9
-0.01486932 -0.001953789 1.954496
-0.09836181 -0.005138068 1.912003
0.06837879 0.001319167 1.921089
0.000428743 -0.3838155 1.906369
0.1734583 0.01658521 1.477551
0.03658035 -0.7583713 1.92922
0.234942 -0.0906385 1.164002
-0.02507183 -0.8111464 1.781834
0.2789176 -0.08493976 1.034238
9
-0.01558837 -0.002111692 1.953262
-0.09901316 -0.004887634 1.910861
0.06773181 0.0007167815 1.919793
-0.0002314457 -0.3911545 1.904116
0.1642496 0.05976442 1.508776
0.03783445 -0.7648831 1.928064
0.2435929 -0.0451091 1.149763
-0.0332172 -0.815119 1.784867
0.2882631 -0.03438693 1.021025
9
-0.01558837 -0.002111692 1.953262
-0.09901316 -0.004887634 1.910861
0.06773181 0.0007167815 1.919793
-0.0002314457 -0.3911545 1.904116
0.1642496 0.05976442 1.508776
0.03783445 -0.7648831 1.928064
0.2435929 -0.0451091 1.149763
-0.0332172 -0.815119 1.784867
0.2882631 -0.03438693 1.021025
9
-0.01537662 -0.002474898 1.951917
-0.09875657 -0.004952518 1.909338
0.0680173 7.392664E-05 1.918574
-0.0008607616 -0.3921713 1.902957
0.164293 0.0596595 1.508728
0.03789383 -0.7639216 1.926228
0.2439017 -0.04536181 1.150119
-0.03377933 -0.8156511 1.784322
0.288521 -0.03531199 1.021291
9
-0.01537662 -0.002474898 1.951917
-0.09875657 -0.004952518 1.909338
0.0680173 7.392664E-05 1.918574
-0.0008607616 -0.3921713 1.902957
0.164293 0.0596595 1.508728
0.03789383 -0.7639216 1.926228
0.2439017 -0.04536181 1.150119
-0.03377933 -0.8156511 1.784322
0.288521 -0.03531199 1.021291
9
-0.01546467 -0.002525353 1.951025
-0.0988531 -0.004733202 1.908385
0.06801281 -0.0002326203 1.917719
-0.001405937 -0.3936354 1.901473
0.1665182 0.049904 1.50702
0.03839952 -0.763127 1.925193
0.2456532 -0.0553898 1.154256
-0.02752234 -0.8166081 1.780743
0.2355977 -0.1040501 1.003104
9
-0.01546467 -0.002525353 1.951025
-0.0988531 -0.004733202 1.908385
0.06801281 -0.0002326203 1.917719
-0.001405937 -0.3936354 1.901473
0.1665182 0.049904 1.50702
0.03839952 -0.763127 1.925193
0.2456532 -0.0553898 1.154256
-0.02752234 -0.8166081 1.780743
0.2355977 -0.1040501 1.003104
9
-0.01546467 -0.002525353 1.951025
-0.0988531 -0.004733202 1.908385
0.06801281 -0.0002326203 1.917719
-0.001405937 -0.3936354 1.901473
0.1665182 0.049904 1.50702
0.03839952 -0.763127 1.925193
0.2456532 -0.0553898 1.154256
-0.02752234 -0.8166081 1.780743
0.2355977 -0.1040501 1.003104
9
-0.01546467 -0.002525353 1.951025
-0.0988531 -0.004733202 1.908385
0.06801281 -0.0002326203 1.917719
-0.001405937 -0.3936354 1.901473
0.1665182 0.049904 1.50702
0.03839952 -0.763127 1.925193
0.2456532 -0.0553898 1.154256
-0.02752234 -0.8166081 1.780743
0.2355977 -0.1040501 1.003104
9
-0.01452161 -0.002621941 1.950022
-0.09765354 -0.004864456 1.906721
0.06879992 -0.0002991815 1.917203
-0.001812659 -0.3939619 1.900695
0.1744938 -0.01952489 1.501934
0.03878625 -0.7609323 1.924939
0.2680679 -0.1467571 1.150878
-0.03282367 -0.8133731 1.783377
0.2571032 -0.1926301 1.000133
9
-0.01452161 -0.002621941 1.950022
-0.09765354 -0.004864456 1.906721
0.06879992 -0.0002991815 1.917203
-0.001812659 -0.3939619 1.900695
0.1744938 -0.01952489 1.501934
0.03878625 -0.7609323 1.924939
0.2680679 -0.1467571 1.150878
-0.03282367 -0.8133731 1.783377
0.2571032 -0.1926301 1.000133
9
-0.01452161 -0.002621941 1.950022
-0.09765354 -0.004864456 1.906721
0.06879992 -0.0002991815 1.917203
-0.001812659 -0.3939619 1.900695
0.1744938 -0.01952489 1.501934
0.03878625 -0.7609323 1.924939
0.2680679 -0.1467571 1.150878
-0.03282367 -0.8133731 1.783377
0.2571032 -0.1926301 1.000133
9
-0.01452161 -0.002621941 1.950022
-0.09765354 -0.004864456 1.906721
0.06879992 -0.0002991815 1.917203
-0.001812659 -0.3939619 1.900695
0.1744938 -0.01952489 1.501934
0.03878625 -0.7609323 1.924939
0.2680679 -0.1467571 1.150878
-0.03282367 -0.8133731 1.783377
0.2571032 -0.1926301 1.000133
9
-0.01452161 -0.002621941 1.950022
-0.09765354 -0.004864456 1.906721
0.06879992 -0.0002991815 1.917203
-0.001812659 -0.3939619 1.900695
0.1744938 -0.01952489 1.501934
0.03878625 -0.7609323 1.924939
0.2680679 -0.1467571 1.150878
-0.03282367 -0.8133731 1.783377
0.2571032 -0.1926301 1.000133
9
-0.01452161 -0.002621941 1.950022
-0.09765354 -0.004864456 1.906721
0.06879992 -0.0002991815 1.917203
-0.001812659 -0.3939619 1.900695
0.1744938 -0.01952489 1.501934
0.03878625 -0.7609323 1.924939
0.2680679 -0.1467571 1.150878
-0.03282367 -0.8133731 1.783377
0.2571032 -0.1926301 1.000133
9
-0.01452161 -0.002621941 1.950022
-0.09765354 -0.004864456 1.906721
0.06879992 -0.0002991815 1.917203
-0.001812659 -0.3939619 1.900695
0.1744938 -0.01952489 1.501934
0.03878625 -0.7609323 1.924939
0.2680679 -0.1467571 1.150878
-0.03282367 -0.8133731 1.783377
0.2571032 -0.1926301 1.000133
9
-0.01449355 -0.002639361 1.94992
-0.09740057 -0.004894867 1.906815
0.06876035 -0.0003465506 1.917028
-0.002772609 -0.3924931 1.901214
0.199777 -0.1633507 1.536707
0.03644584 -0.7651463 1.927101
0.2718299 -0.3816783 1.220262
-0.03128562 -0.8153629 1.781862
0.2589546 -0.4772377 1.19495
