40
9
-0.1114543 -0.01432662 2.150676
-0.187689 -0.02333468 2.120097
-0.03117539 -0.00519954 2.103861
-0.1508637 -0.4233038 2.13974
0.03120774 -0.3884326 1.961477
-0.08453641 -0.7694317 2.161262
0.08557952 -0.7283893 1.985793
-0.1162297 -0.8372418 2.07543
0.08669944 -0.7942724 1.888132
9
-0.1114543 -0.01432662 2.150676
-0.187689 -0.02333468 2.120097
-0.03117539 -0.00519954 2.103861
-0.1508637 -0.4233038 2.13974
0.03120774 -0.3884326 1.961477
-0.08453641 -0.7694317 2.161262
0.08557952 -0.7283893 1.985793
-0.1162297 -0.8372418 2.07543
0.08669944 -0.7942724 1.888132
9
-0.1126893 -0.01418912 2.151489
-0.1888455 -0.02360972 2.120617
-0.0325365 -0.004476779 2.105007
-0.1506121 -0.4230094 2.139264
0.03806718 -0.3794812 1.909938
-0.08444935 -0.7694373 2.161328
0.0856422 -0.7070301 1.906643
-0.1163355 -0.8370944 2.075377
0.08538818 -0.7636719 1.796875
9
-0.1126893 -0.01418912 2.151489
-0.1888455 -0.02360972 2.120617
-0.0325365 -0.004476779 2.105007
-0.1506121 -0.4230094 2.139264
0.03806718 -0.3794812 1.909938
-0.08444935 -0.7694373 2.161328
0.0856422 -0.7070301 1.906643
-0.1163355 -0.8370944 2.075377
0.08538818 -0.7636719 1.796875
9
-0.1137008 -0.01365712 2.152201
-0.1898998 -0.02358826 2.120939
-0.03354611 -0.003153197 2.106255
-0.1495823 -0.4220763 2.137056
0.04000404 -0.3496278 1.869029
-0.08400544 -0.7697002 2.161266
0.08902024 -0.6543922 1.825724
-0.116413 -0.8371176 2.075283
0.08886719 -0.7060547 1.69043
9
-0.1137008 -0.01365712 2.152201
-0.1898998 -0.02358826 2.120939
-0.03354611 -0.003153197 2.106255
-0.1495823 -0.4220763 2.137056
0.04000404 -0.3496278 1.869029
-0.08400544 -0.7697002 2.161266
0.08902024 -0.6543922 1.825724
-0.116413 -0.8371176 2.075283
0.08886719 -0.7060547 1.69043
9
-0.1137008 -0.01365712 2.152201
-0.1898998 -0.02358826 2.120939
-0.03354611 -0.003153197 2.106255
-0.1495823 -0.4220763 2.137056
0.04000404 -0.3496278 1.869029
-0.08400544 -0.7697002 2.161266
0.08902024 -0.6543922 1.825724
-0.116413 -0.8371176 2.075283
0.08886719 -0.7060547 1.69043
9
-0.1137008 -0.01365712 2.152201
-0.1898998 -0.02358826 2.120939
-0.03354611 -0.003153197 2.106255
-0.1495823 -0.4220763 2.137056
0.04000404 -0.3496278 1.869029
-0.08400544 -0.7697002 2.161266
0.08902024 -0.6543922 1.825724
-0.116413 -0.8371176 2.075283
0.08886719 -0.7060547 1.69043
9
-0.1162592 -0.01242675 2.154348
-0.1919003 -0.02344173 2.121533
-0.03670348 -0.0002154936 2.110735
-0.1445804 -0.4176842 2.131559
0.0414151 -0.3089648 1.774412
-0.08306855 -0.7698933 2.161757
0.1087068 -0.5716123 1.633327
-0.1136648 -0.8364907 2.073337
0.07905659 -0.5673091 1.50125
9
-0.1162592 -0.01242675 2.154348
-0.1919003 -0.02344173 2.121533
-0.03670348 -0.0002154936 2.110735
-0.1445804 -0.4176842 2.131559
0.0414151 -0.3089648 1.774412
-0.08306855 -0.7698933 2.161757
0.1087068 -0.5716123 1.633327
-0.1136648 -0.8364907 2.073337
0.07905659 -0.5673091 1.50125
9
-0.1162592 -0.01242675 2.154348
-0.1919003 -0.02344173 2.121533
-0.03670348 -0.0002154936 2.110735
-0.1445804 -0.4176842 2.131559
0.0414151 -0.3089648 1.774412
-0.08306855 -0.7698933 2.161757
0.1087068 -0.5716123 1.633327
-0.1136648 -0.8364907 2.073337
0.07905659 -0.5673091 1.50125
9
-0.1162592 -0.01242675 2.154348
-0.1919003 -0.02344173 2.121533
-0.03670348 -0.0002154936 2.110735
-0.1445804 -0.4176842 2.131559
0.0414151 -0.3089648 1.774412
-0.08306855 -0.7698933 2.161757
0.1087068 -0.5716123 1.633327
-0.1136648 -0.8364907 2.073337
0.07905659 -0.5673091 1.50125
9
-0.1180603 -0.01018034 2.15581
-0.1938889 -0.02210773 2.121795
-0.03807282 0.002936147 2.113413
-0.1379981 -0.4100083 2.1249
0.03882904 -0.1824808 1.712376
-0.08174836 -0.7684654 2.161945
0.07517783 -0.4939991 1.440869
-0.1145169 -0.8359355 2.076223
0.08920964 -0.4183204 1.32873
9
-0.1180603 -0.01018034 2.15581
-0.1938889 -0.02210773 2.121795
-0.03807282 0.002936147 2.113413
-0.1379981 -0.4100083 2.1249
0.03882904 -0.1824808 1.712376
-0.08174836 -0.7684654 2.161945
0.07517783 -0.4939991 1.440869
-0.1145169 -0.8359355 2.076223
0.08920964 -0.4183204 1.32873
9
-0.1212014 -0.009055399 2.154298
-0.1987669 -0.02058239 2.119282
-0.0398003 0.003535264 2.112349
-0.1334755 -0.4033124 2.121188
0.03582864 -0.1175204 1.69008
-0.08046336 -0.7642554 2.161609
0.08854173 -0.3849408 1.376942
-0.1153478 -0.8324935 2.078505
0.07879683 -0.2695212 1.254722
9
-0.1212014 -0.009055399 2.154298
-0.1987669 -0.02058239 2.119282
-0.0398003 0.003535264 2.112349
-0.1334755 -0.4033124 2.121188
0.03582864 -0.1175204 1.69008
-0.08046336 -0.7642554 2.161609
0.08854173 -0.3849408 1.376942
-0.1153478 -0.8324935 2.078505
0.07879683 -0.2695212 1.254722
9
-0.1228204 -0.007566947 2.154144
-0.2012289 -0.01925295 2.118947
-0.04057655 0.004914647 2.112192
-0.1314223 -0.3957532 2.117454
0.03165365 -0.0511304 1.678462
-0.0801212 -0.759665 2.159502
0.07463978 -0.1989539 1.294205
-0.1155665 -0.8276361 2.076256
0.04983551 -0.1203255 1.191399
9
-0.1225484 -0.008790269 2.155583
-0.2007591 -0.01987489 2.120063
-0.04045874 0.002796377 2.113914
-0.1287461 -0.3898711 2.113959
0.01513677 -0.009004923 1.644312
-0.0800014 -0.7564615 2.15712
0.05818772 -0.1570214 1.260196
-0.1133158 -0.8270116 2.076731
0.07527995 -0.06299558 1.180638
9
-0.1225484 -0.008790269 2.155583
-0.2007591 -0.01987489 2.120063
-0.04045874 0.002796377 2.113914
-0.1287461 -0.3898711 2.113959
0.01513677 -0.009004923 1.644312
-0.0800014 -0.7564615 2.15712
0.05818772 -0.1570214 1.260196
-0.1133158 -0.8270116 2.076731
0.07527995 -0.06299558 1.180638
9
-0.1225484 -0.008790269 2.155583
-0.2007591 -0.01987489 2.120063
-0.04045874 0.002796377 2.113914
-0.1287461 -0.3898711 2.113959
0.01513677 -0.009004923 1.644312
-0.0800014 -0.7564615 2.15712
0.05818772 -0.1570214 1.260196
-0.1133158 -0.8270116 2.076731
0.07527995 -0.06299558 1.180638
9
-0.1226807 -0.008761063 2.155002
-0.2010217 -0.01973952 2.119462
-0.04039943 0.002694598 2.113172
-0.1255356 -0.38234 2.107913
-1.144048E-05 0.04103416 1.633556
-0.08080477 -0.7520742 2.152968
0.04307081 -0.1070799 1.249623
-0.1053339 -0.8256125 2.072179
0.104708 -0.03468575 1.175054
9
-0.1269475 -0.009808673 2.152757
-0.2055722 -0.01971718 2.11779
-0.04428516 0.0004284164 2.110047
-0.1254933 -0.3785764 2.103357
-0.009087757 0.06081792 1.632902
-0.08082569 -0.7521433 2.149234
0.03400312 -0.08731572 1.249043
-0.1057938 -0.8271718 2.071806
0.04934692 0.03552246 1.176758
9
-0.1269475 -0.009808673 2.152757
-0.2055722 -0.01971718 2.11779
-0.04428516 0.0004284164 2.110047
-0.1254933 -0.3785764 2.103357
-0.009087757 0.06081792 1.632902
-0.08082569 -0.7521433 2.149234
0.03400312 -0.08731572 1.249043
-0.1057938 -0.8271718 2.071806
0.04934692 0.03552246 1.176758
9
-0.1269475 -0.009808673 2.152757
-0.2055722 -0.01971718 2.11779
-0.04428516 0.0004284164 2.110047
-0.1254933 -0.3785764 2.103357
-0.009087757 0.06081792 1.632902
-0.08082569 -0.7521433 2.149234
0.03400312 -0.08731572 1.249043
-0.1057938 -0.8271718 2.071806
0.04934692 0.03552246 1.176758
9
-0.1289562 -0.01410997 2.148641
-0.2066483 -0.02063672 2.116024
-0.04708979 -0.009513281 2.102362
-0.1207513 -0.3961139 2.100379
-0.02826767 0.1267247 1.681274
-0.0811645 -0.7518787 2.147218
0.01479195 -0.02130448 1.297628
-0.1057185 -0.8279892 2.071893
0.03952317 0.07690045 1.175857
9
-0.1289562 -0.01410997 2.148641
-0.2066483 -0.02063672 2.116024
-0.04708979 -0.009513281 2.102362
-0.1207513 -0.3961139 2.100379
-0.02826767 0.1267247 1.681274
-0.0811645 -0.7518787 2.147218
0.01479195 -0.02130448 1.297628
-0.1057185 -0.8279892 2.071893
0.03952317 0.07690045 1.175857
9
-0.1289562 -0.01410997 2.148641
-0.2066483 -0.02063672 2.116024
-0.04708979 -0.009513281 2.102362
-0.1207513 -0.3961139 2.100379
-0.02826767 0.1267247 1.681274
-0.0811645 -0.7518787 2.147218
0.01479195 -0.02130448 1.297628
-0.1057185 -0.8279892 2.071893
0.03952317 0.07690045 1.175857
9
-0.1289562 -0.01410997 2.148641
-0.2066483 -0.02063672 2.116024
-0.04708979 -0.009513281 2.102362
-0.1207513 -0.3961139 2.100379
-0.02826767 0.1267247 1.681274
-0.0811645 -0.7518787 2.147218
0.01479195 -0.02130448 1.297628
-0.1057185 -0.8279892 2.071893
0.03952317 0.07690045 1.175857
9
-0.1318582 -0.01517551 2.147829
-0.2098467 -0.02095821 2.116131
-0.04943313 -0.01066029 2.100946
-0.1186657 -0.3980086 2.098331
-0.03573185 0.1370687 1.684713
-0.08067647 -0.7528314 2.142157
0.007330107 -0.01095669 1.3011
-0.1024126 -0.8331764 2.075879
0.02196353 0.1053154 1.193754
9
-0.1318582 -0.01517551 2.147829
-0.2098467 -0.02095821 2.116131
-0.04943313 -0.01066029 2.100946
-0.1186657 -0.3980086 2.098331
-0.03573185 0.1370687 1.684713
-0.08067647 -0.7528314 2.142157
0.007330107 -0.01095669 1.3011
-0.1024126 -0.8331764 2.075879
0.02196353 0.1053154 1.193754
9
-0.1439235 -0.01583753 2.150434
-0.2238682 -0.02180389 2.119615
-0.05904846 -0.01034278 2.10314
-0.1165764 -0.3906576 2.093442
-0.08088415 0.192204 1.707418
-0.08014461 -0.7543623 2.140756
-0.0378096 0.04421357 1.323966
-0.1022885 -0.8347537 2.075089
0.01764198 0.1224415 1.190137
9
-0.1439235 -0.01583753 2.150434
-0.2238682 -0.02180389 2.119615
-0.05904846 -0.01034278 2.10314
-0.1165764 -0.3906576 2.093442
-0.08088415 0.192204 1.707418
-0.08014461 -0.7543623 2.140756
-0.0378096 0.04421357 1.323966
-0.1022885 -0.8347537 2.075089
0.01764198 0.1224415 1.190137
9
-0.1426069 -0.0164744 2.149276
-0.2222771 -0.02220274 2.118731
-0.05797955 -0.01100063 2.101763
-0.1144218 -0.3863264 2.090578
-0.04254363 0.1555162 1.688031
-0.07914774 -0.7544636 2.138817
0.0005196051 0.007490404 1.304471
-0.1020798 -0.8355677 2.076215
0.02129651 0.1158969 1.187522
9
-0.1426069 -0.0164744 2.149276
-0.2222771 -0.02220274 2.118731
-0.05797955 -0.01100063 2.101763
-0.1144218 -0.3863264 2.090578
-0.04254363 0.1555162 1.688031
-0.07914774 -0.7544636 2.138817
0.0005196051 0.007490404 1.304471
-0.1020798 -0.8355677 2.076215
0.02129651 0.1158969 1.187522
9
-0.1426069 -0.0164744 2.149276
-0.2222771 -0.02220274 2.118731
-0.05797955 -0.01100063 2.101763
-0.1144218 -0.3863264 2.090578
-0.04254363 0.1555162 1.688031
-0.07914774 -0.7544636 2.138817
0.0005196051 0.007490404 1.304471
-0.1020798 -0.8355677 2.076215
0.02129651 0.1158969 1.187522
9
-0.1426069 -0.0164744 2.149276
-0.2222771 -0.02220274 2.118731
-0.05797955 -0.01100063 2.101763
-0.1144218 -0.3863264 2.090578
-0.04254363 0.1555162 1.688031
-0.07914774 -0.7544636 2.138817
0.0005196051 0.007490404 1.304471
-0.1020798 -0.8355677 2.076215
0.02129651 0.1158969 1.187522
9
-0.1346493 -0.02105012 2.146374
-0.2127009 -0.02543132 2.11564
-0.05155975 -0.01635147 2.099108
-0.1159848 -0.3798311 2.087678
-0.03809498 0.1112675 1.735019
-0.07927477 -0.7553837 2.137958
0.004930615 -0.0366016 1.351332
-0.1024623 -0.8366342 2.076172
0.02318471 0.04099189 1.202614
9
-0.1346493 -0.02105012 2.146374
-0.2127009 -0.02543132 2.11564
-0.05155975 -0.01635147 2.099108
-0.1159848 -0.3798311 2.087678
-0.03809498 0.1112675 1.735019
-0.07927477 -0.7553837 2.137958
0.004930615 -0.0366016 1.351332
-0.1024623 -0.8366342 2.076172
0.02318471 0.04099189 1.202614
9
-0.1195299 -0.02505007 2.147257
-0.1929558 -0.02924517 2.116435
-0.04099495 -0.02000707 2.10011
-0.1160301 -0.3769673 2.087005
-0.008509699 0.08600931 1.687217
-0.07931017 -0.7535437 2.137464
0.03452824 -0.06197289 1.303439
-0.1034455 -0.8343363 2.07483
0.04713232 -0.01636465 1.176162
9
-0.1195299 -0.02505007 2.147257
-0.1929558 -0.02924517 2.116435
-0.04099495 -0.02000707 2.10011
-0.1160301 -0.3769673 2.087005
-0.008509699 0.08600931 1.687217
-0.07931017 -0.7535437 2.137464
0.03452824 -0.06197289 1.303439
-0.1034455 -0.8343363 2.07483
0.04713232 -0.01636465 1.176162
