40
9
0.1492223 -0.2410426 2.324733
0.07112033 -0.2435293 2.315217
0.2219027 -0.2305412 2.258201
0.09928656 -0.6435034 2.300032
0.2404749 -0.6097192 2.102005
0.1478548 -0.9921309 2.327689
0.291993 -0.9471786 2.135493
0.08798304 -1.061962 2.27684
0.298739 -1.021547 2.050467
9
0.1492223 -0.2410426 2.324733
0.07112033 -0.2435293 2.315217
0.2219027 -0.2305412 2.258201
0.09928656 -0.6435034 2.300032
0.2404749 -0.6097192 2.102005
0.1478548 -0.9921309 2.327689
0.291993 -0.9471786 2.135493
0.08798304 -1.061962 2.27684
0.298739 -1.021547 2.050467
9
0.1492223 -0.2410426 2.324733
0.07112033 -0.2435293 2.315217
0.2219027 -0.2305412 2.258201
0.09928656 -0.6435034 2.300032
0.2404749 -0.6097192 2.102005
0.1478548 -0.9921309 2.327689
0.291993 -0.9471786 2.135493
0.08798304 -1.061962 2.27684
0.298739 -1.021547 2.050467
9
0.1492223 -0.2410426 2.324733
0.07112033 -0.2435293 2.315217
0.2219027 -0.2305412 2.258201
0.09928656 -0.6435034 2.300032
0.2404749 -0.6097192 2.102005
0.1478548 -0.9921309 2.327689
0.291993 -0.9471786 2.135493
0.08798304 -1.061962 2.27684
0.298739 -1.021547 2.050467
9
0.1316338 -0.2372489 2.332962
0.0537555 -0.240903 2.326346
0.2050323 -0.2258609 2.26357
0.09422603 -0.6640491 2.303659
0.200814 -0.5284973 1.966851
0.1343687 -1.001432 2.314861
0.2248903 -0.8107497 1.862853
0.06792519 -1.057019 2.240291
0.192749 -0.8300781 1.723633
9
0.1316338 -0.2372489 2.332962
0.0537555 -0.240903 2.326346
0.2050323 -0.2258609 2.26357
0.09422603 -0.6640491 2.303659
0.200814 -0.5284973 1.966851
0.1343687 -1.001432 2.314861
0.2248903 -0.8107497 1.862853
0.06792519 -1.057019 2.240291
0.192749 -0.8300781 1.723633
9
0.1316338 -0.2372489 2.332962
0.0537555 -0.240903 2.326346
0.2050323 -0.2258609 2.26357
0.09422603 -0.6640491 2.303659
0.200814 -0.5284973 1.966851
0.1343687 -1.001432 2.314861
0.2248903 -0.8107497 1.862853
0.06792519 -1.057019 2.240291
0.192749 -0.8300781 1.723633
9
0.126127 -0.2356031 2.336048
0.04850691 -0.2398573 2.328885
0.1995977 -0.2236442 2.26709
0.09161099 -0.6590759 2.302391
0.1849262 -0.479531 1.924134
0.1203099 -1.000513 2.311035
0.1949979 -0.7341393 1.756829
0.06152719 -1.072113 2.272923
0.1604594 -0.7368371 1.625019
9
0.1239334 -0.2336821 2.338009
0.04548217 -0.2376276 2.331568
0.198199 -0.2220964 2.268386
0.07235969 -0.6176684 2.298347
0.1717605 -0.4011504 1.895254
0.09660229 -0.9705027 2.306611
0.1640665 -0.6368174 1.668591
0.04254145 -1.001548 2.172072
0.1323242 -0.6552734 1.505859
9
0.1239334 -0.2336821 2.338009
0.04548217 -0.2376276 2.331568
0.198199 -0.2220964 2.268386
0.07235969 -0.6176684 2.298347
0.1717605 -0.4011504 1.895254
0.09660229 -0.9705027 2.306611
0.1640665 -0.6368174 1.668591
0.04254145 -1.001548 2.172072
0.1323242 -0.6552734 1.505859
9
0.1212103 -0.2326985 2.343126
0.04283285 -0.2363255 2.33511
0.1956238 -0.2215949 2.275306
0.05174762 -0.5675916 2.288473
0.1637876 -0.3579248 1.829003
0.07325338 -0.9038302 2.296512
0.1373658 -0.5634466 1.577101
0.01921549 -0.9358039 2.161855
0.09033203 -0.527832 1.425781
9
0.1212103 -0.2326985 2.343126
0.04283285 -0.2363255 2.33511
0.1956238 -0.2215949 2.275306
0.05174762 -0.5675916 2.288473
0.1637876 -0.3579248 1.829003
0.07325338 -0.9038302 2.296512
0.1373658 -0.5634466 1.577101
0.01921549 -0.9358039 2.161855
0.09033203 -0.527832 1.425781
9
0.1212103 -0.2326985 2.343126
0.04283285 -0.2363255 2.33511
0.1956238 -0.2215949 2.275306
0.05174762 -0.5675916 2.288473
0.1637876 -0.3579248 1.829003
0.07325338 -0.9038302 2.296512
0.1373658 -0.5634466 1.577101
0.01921549 -0.9358039 2.161855
0.09033203 -0.527832 1.425781
9
0.1212103 -0.2326985 2.343126
0.04283285 -0.2363255 2.33511
0.1956238 -0.2215949 2.275306
0.05174762 -0.5675916 2.288473
0.1637876 -0.3579248 1.829003
0.07325338 -0.9038302 2.296512
0.1373658 -0.5634466 1.577101
0.01921549 -0.9358039 2.161855
0.09033203 -0.527832 1.425781
9
0.1595452 -0.2311576 2.350466
0.07778437 -0.236487 2.342813
0.2363964 -0.2182092 2.281888
0.02483982 -0.5639092 2.300626
0.1426446 -0.1783684 1.893237
0.1128015 -0.9563255 2.301877
0.1293525 -0.3021975 1.573727
0.05796511 -0.988925 2.168211
0.06085699 -0.2773337 1.41445
9
0.1595452 -0.2311576 2.350466
0.07778437 -0.236487 2.342813
0.2363964 -0.2182092 2.281888
0.02483982 -0.5639092 2.300626
0.1426446 -0.1783684 1.893237
0.1128015 -0.9563255 2.301877
0.1293525 -0.3021975 1.573727
0.05796511 -0.988925 2.168211
0.06085699 -0.2773337 1.41445
9
0.1595452 -0.2311576 2.350466
0.07778437 -0.236487 2.342813
0.2363964 -0.2182092 2.281888
0.02483982 -0.5639092 2.300626
0.1426446 -0.1783684 1.893237
0.1128015 -0.9563255 2.301877
0.1293525 -0.3021975 1.573727
0.05796511 -0.988925 2.168211
0.06085699 -0.2773337 1.41445
9
0.1754235 -0.2112764 2.337563
0.08653057 -0.2224317 2.33469
0.2605903 -0.1922956 2.262996
0.09693307 -0.6697421 2.289989
0.132617 -0.1443153 1.896587
0.1366545 -0.9617954 2.302782
0.1167218 -0.2413252 1.51926
0.08113554 -0.994056 2.169204
0.0440459 -0.190367 1.369556
9
0.3000165 -0.2140803 2.331582
0.225502 -0.237271 2.315472
0.3648104 -0.1839122 2.271845
0.08847447 -0.6085348 2.282504
0.1324112 -0.1427011 1.897913
0.1375212 -0.9631085 2.299829
0.09704663 -0.1822044 1.488966
0.08200938 -0.9992238 2.168177
0.02837516 -0.1365655 1.335413
9
0.3000165 -0.2140803 2.331582
0.225502 -0.237271 2.315472
0.3648104 -0.1839122 2.271845
0.08847447 -0.6085348 2.282504
0.1324112 -0.1427011 1.897913
0.1375212 -0.9631085 2.299829
0.09704663 -0.1822044 1.488966
0.08200938 -0.9992238 2.168177
0.02837516 -0.1365655 1.335413
9
0.2821639 -0.2141253 2.321401
0.2089053 -0.2359118 2.306955
0.3460849 -0.1854561 2.259739
0.08597849 -0.6073039 2.281053
0.125807 -0.1531963 1.888971
0.1349161 -0.9642578 2.295515
0.08564765 -0.13467 1.479125
0.1041805 -1.044129 2.292891
0.01937606 -0.09018363 1.324242
9
0.2821639 -0.2141253 2.321401
0.2089053 -0.2359118 2.306955
0.3460849 -0.1854561 2.259739
0.08597849 -0.6073039 2.281053
0.125807 -0.1531963 1.888971
0.1349161 -0.9642578 2.295515
0.08564765 -0.13467 1.479125
0.1041805 -1.044129 2.292891
0.01937606 -0.09018363 1.324242
9
0.2821639 -0.2141253 2.321401
0.2089053 -0.2359118 2.306955
0.3460849 -0.1854561 2.259739
0.08597849 -0.6073039 2.281053
0.125807 -0.1531963 1.888971
0.1349161 -0.9642578 2.295515
0.08564765 -0.13467 1.479125
0.1041805 -1.044129 2.292891
0.01937606 -0.09018363 1.324242
9
0.2714544 -0.2162088 2.325335
0.194093 -0.2372551 2.316346
0.3385047 -0.1879303 2.260056
0.08445548 -0.6067562 2.279771
0.09845818 -0.1590402 1.903982
0.1316849 -0.973128 2.290358
0.06226573 -0.1337589 1.494131
0.1011104 -1.049694 2.296047
-0.004550576 -0.08822036 1.340239
9
0.2599024 -0.2171855 2.323989
0.1843538 -0.2360017 2.313855
0.3261521 -0.1914441 2.259134
0.08175111 -0.6074807 2.277968
0.08749964 -0.1609964 1.902215
0.1300226 -0.9742859 2.2885
0.07861763 -0.06407622 1.501526
0.1002216 -1.049802 2.296949
0.0113677 -0.01788744 1.348447
9
0.2599024 -0.2171855 2.323989
0.1843538 -0.2360017 2.313855
0.3261521 -0.1914441 2.259134
0.08175111 -0.6074807 2.277968
0.08749964 -0.1609964 1.902215
0.1300226 -0.9742859 2.2885
0.07861763 -0.06407622 1.501526
0.1002216 -1.049802 2.296949
0.0113677 -0.01788744 1.348447
9
0.2599024 -0.2171855 2.323989
0.1843538 -0.2360017 2.313855
0.3261521 -0.1914441 2.259134
0.08175111 -0.6074807 2.277968
0.08749964 -0.1609964 1.902215
0.1300226 -0.9742859 2.2885
0.07861763 -0.06407622 1.501526
0.1002216 -1.049802 2.296949
0.0113677 -0.01788744 1.348447
9
0.257898 -0.2175952 2.322266
0.1824602 -0.2362953 2.312024
0.3242776 -0.1919106 2.257273
0.07436735 -0.5961052 2.269603
0.08672355 -0.1608471 1.900154
0.1302798 -0.9715917 2.288005
0.08058731 -0.06336904 1.499544
0.09902201 -1.047736 2.294153
0.01330736 -0.01716693 1.346466
9
0.257898 -0.2175952 2.322266
0.1824602 -0.2362953 2.312024
0.3242776 -0.1919106 2.257273
0.07436735 -0.5961052 2.269603
0.08672355 -0.1608471 1.900154
0.1302798 -0.9715917 2.288005
0.08058731 -0.06336904 1.499544
0.09902201 -1.047736 2.294153
0.01330736 -0.01716693 1.346466
9
0.25747 -0.2192598 2.320293
0.1819784 -0.2388563 2.309141
0.3240297 -0.1928442 2.255837
0.07328231 -0.5983545 2.268993
0.08805359 -0.1596038 1.898125
0.1299572 -0.9700587 2.287347
0.07705891 -0.1226185 1.48772
0.1031362 -1.046932 2.294823
0.01380017 -0.07841463 1.331332
9
0.25747 -0.2192598 2.320293
0.1819784 -0.2388563 2.309141
0.3240297 -0.1928442 2.255837
0.07328231 -0.5983545 2.268993
0.08805359 -0.1596038 1.898125
0.1299572 -0.9700587 2.287347
0.07705891 -0.1226185 1.48772
0.1031362 -1.046932 2.294823
0.01380017 -0.07841463 1.331332
9
0.2616177 -0.2210277 2.313796
0.1886618 -0.2419088 2.29711
0.326357 -0.1935617 2.252969
0.07312748 -0.6013457 2.268472
0.1079538 -0.1558504 1.883894
0.130081 -0.9700637 2.287295
0.07827228 -0.1295158 1.473593
0.1017113 -1.047044 2.293575
0.008329116 -0.0822616 1.321936
9
0.2616177 -0.2210277 2.313796
0.1886618 -0.2419088 2.29711
0.326357 -0.1935617 2.252969
0.07312748 -0.6013457 2.268472
0.1079538 -0.1558504 1.883894
0.130081 -0.9700637 2.287295
0.07827228 -0.1295158 1.473593
0.1017113 -1.047044 2.293575
0.008329116 -0.0822616 1.321936
9
0.2675621 -0.2211606 2.311992
0.1938057 -0.2427765 2.295499
0.3327117 -0.1926344 2.251571
0.07751146 -0.6192932 2.270977
0.115648 -0.1430288 1.890344
0.1301467 -0.9707927 2.287413
0.1005028 -0.1644818 1.542001
0.1015316 -1.047225 2.294732
0.04300395 -0.2092771 1.407678
9
0.2675621 -0.2211606 2.311992
0.1938057 -0.2427765 2.295499
0.3327117 -0.1926344 2.251571
0.07751146 -0.6192932 2.270977
0.115648 -0.1430288 1.890344
0.1301467 -0.9707927 2.287413
0.1005028 -0.1644818 1.542001
0.1015316 -1.047225 2.294732
0.04300395 -0.2092771 1.407678
9
0.2693415 -0.2212108 2.311681
0.1961175 -0.2428376 2.295031
0.3339246 -0.192616 2.251548
0.1017925 -0.6812452 2.29186
0.1161112 -0.1429779 1.890048
0.1388655 -0.9747065 2.287298
0.1110427 -0.2466086 1.511432
0.1026382 -1.047752 2.296314
0.03695756 -0.212915 1.357178
9
0.2693415 -0.2212108 2.311681
0.1961175 -0.2428376 2.295031
0.3339246 -0.192616 2.251548
0.1017925 -0.6812452 2.29186
0.1161112 -0.1429779 1.890048
0.1388655 -0.9747065 2.287298
0.1110427 -0.2466086 1.511432
0.1026382 -1.047752 2.296314
0.03695756 -0.212915 1.357178
9
0.1455773 -0.2320926 2.343113
0.06462269 -0.2401841 2.33883
0.2218788 -0.216436 2.271113
0.08110018 -0.6894197 2.299939
0.1276365 -0.1740807 1.882315
0.1715708 -0.9712808 2.286724
0.1230584 -0.2897404 1.566948
0.09005997 -1.045286 2.283598
0.06151368 -0.2858382 1.402981
9
0.1455773 -0.2320926 2.343113
0.06462269 -0.2401841 2.33883
0.2218788 -0.216436 2.271113
0.08110018 -0.6894197 2.299939
0.1276365 -0.1740807 1.882315
0.1715708 -0.9712808 2.286724
0.1230584 -0.2897404 1.566948
0.09005997 -1.045286 2.283598
0.06151368 -0.2858382 1.402981
9
0.1455773 -0.2320926 2.343113
0.06462269 -0.2401841 2.33883
0.2218788 -0.216436 2.271113
0.08110018 -0.6894197 2.299939
0.1276365 -0.1740807 1.882315
0.1715708 -0.9712808 2.286724
0.1230584 -0.2897404 1.566948
0.09005997 -1.045286 2.283598
0.06151368 -0.2858382 1.402981
