40
9
0.0529584 -0.008673305 1.997568
-0.02430185 -0.01138153 1.96875
0.1277066 -0.007035448 1.948986
0.003187535 -0.4377331 1.973279
0.149162 -0.4494572 1.866115
0.03321155 -0.7747781 1.955844
0.180248 -0.7743003 1.919563
-0.03605293 -0.8309048 1.817069
0.1810694 -0.8378292 1.813309
9
0.0529584 -0.008673305 1.997568
-0.02430185 -0.01138153 1.96875
0.1277066 -0.007035448 1.948986
0.003187535 -0.4377331 1.973279
0.149162 -0.4494572 1.866115
0.03321155 -0.7747781 1.955844
0.180248 -0.7743003 1.919563
-0.03605293 -0.8309048 1.817069
0.1810694 -0.8378292 1.813309
9
0.04795602 -0.008313121 1.994837
-0.02835825 -0.01158109 1.967562
0.1222854 -0.005496683 1.94524
0.002141704 -0.4383494 1.973786
0.1368694 -0.4166243 1.822919
0.03296426 -0.774893 1.956012
0.1784043 -0.756882 1.868832
-0.03632466 -0.8308839 1.817175
0.1802797 -0.8389195 1.790064
9
0.04795602 -0.008313121 1.994837
-0.02835825 -0.01158109 1.967562
0.1222854 -0.005496683 1.94524
0.002141704 -0.4383494 1.973786
0.1368694 -0.4166243 1.822919
0.03296426 -0.774893 1.956012
0.1784043 -0.756882 1.868832
-0.03632466 -0.8308839 1.817175
0.1802797 -0.8389195 1.790064
9
0.04142975 -0.007161867 1.991482
-0.0344165 -0.01121558 1.965361
0.1157468 -0.003241578 1.941284
-0.0001246254 -0.446831 1.974033
0.1370899 -0.4053166 1.775824
0.03283984 -0.7748597 1.956064
0.1689255 -0.7408836 1.812155
-0.03467054 -0.8268607 1.813622
0.08964564 -0.8066643 1.686802
9
0.04142975 -0.007161867 1.991482
-0.0344165 -0.01121558 1.965361
0.1157468 -0.003241578 1.941284
-0.0001246254 -0.446831 1.974033
0.1370899 -0.4053166 1.775824
0.03283984 -0.7748597 1.956064
0.1689255 -0.7408836 1.812155
-0.03467054 -0.8268607 1.813622
0.08964564 -0.8066643 1.686802
9
0.03723908 -0.007189977 1.988191
-0.03831803 -0.01121911 1.963322
0.1115151 -0.003155829 1.936939
-0.001894548 -0.446215 1.972907
0.1184657 -0.4426416 1.766924
0.03243599 -0.7755401 1.956302
0.1517814 -0.7749693 1.69537
-0.03466819 -0.8263697 1.812958
0.05295261 -0.8338337 1.585769
9
0.03723908 -0.007189977 1.988191
-0.03831803 -0.01121911 1.963322
0.1115151 -0.003155829 1.936939
-0.001894548 -0.446215 1.972907
0.1184657 -0.4426416 1.766924
0.03243599 -0.7755401 1.956302
0.1517814 -0.7749693 1.69537
-0.03466819 -0.8263697 1.812958
0.05295261 -0.8338337 1.585769
9
0.03336451 -0.005816652 1.986429
-0.04248685 -0.009939764 1.961863
0.1080619 -0.001673685 1.935109
-0.004761524 -0.4446361 1.969894
0.1151623 -0.4018748 1.695912
0.02652035 -0.7760387 1.95116
0.1400542 -0.7548118 1.543172
-0.02702648 -0.8232926 1.798807
0.03892149 -0.816964 1.545147
9
0.03336451 -0.005816652 1.986429
-0.04248685 -0.009939764 1.961863
0.1080619 -0.001673685 1.935109
-0.004761524 -0.4446361 1.969894
0.1151623 -0.4018748 1.695912
0.02652035 -0.7760387 1.95116
0.1400542 -0.7548118 1.543172
-0.02702648 -0.8232926 1.798807
0.03892149 -0.816964 1.545147
9
0.02847512 -0.004905183 1.985492
-0.04798437 -0.009100762 1.961724
0.1037779 -0.0006460928 1.933566
-0.008768823 -0.4431931 1.965778
0.09942286 -0.3826083 1.650093
0.02031224 -0.7742858 1.948217
0.1199213 -0.7600733 1.668901
-0.01569887 -0.8213466 1.789422
0.04220384 -0.8011532 1.527615
9
0.02847512 -0.004905183 1.985492
-0.04798437 -0.009100762 1.961724
0.1037779 -0.0006460928 1.933566
-0.008768823 -0.4431931 1.965778
0.09942286 -0.3826083 1.650093
0.02031224 -0.7742858 1.948217
0.1199213 -0.7600733 1.668901
-0.01569887 -0.8213466 1.789422
0.04220384 -0.8011532 1.527615
9
0.02209547 -0.002811645 1.984127
-0.05478819 -0.006799961 1.960215
0.09813201 0.001201512 1.932455
-0.01739741 -0.4382837 1.959663
0.0916509 -0.3137644 1.613358
-0.002551919 -0.7739924 1.942176
0.08496545 -0.5630527 1.470896
-0.0569839 -0.8105697 1.785622
0.06659307 -0.5751096 1.335245
9
0.02209547 -0.002811645 1.984127
-0.05478819 -0.006799961 1.960215
0.09813201 0.001201512 1.932455
-0.01739741 -0.4382837 1.959663
0.0916509 -0.3137644 1.613358
-0.002551919 -0.7739924 1.942176
0.08496545 -0.5630527 1.470896
-0.0569839 -0.8105697 1.785622
0.06659307 -0.5751096 1.335245
9
0.01511191 8.535333E-05 1.983358
-0.06249132 -0.003202951 1.958487
0.09202365 0.00342515 1.932584
-0.03207423 -0.4186533 1.95298
0.08115641 -0.2664499 1.574523
-0.01639061 -0.7598799 1.938641
0.06844059 -0.4929007 1.395746
-0.02971112 -0.8002589 1.772598
0.05165035 -0.5038278 1.259106
9
0.01511191 8.535333E-05 1.983358
-0.06249132 -0.003202951 1.958487
0.09202365 0.00342515 1.932584
-0.03207423 -0.4186533 1.95298
0.08115641 -0.2664499 1.574523
-0.01639061 -0.7598799 1.938641
0.06844059 -0.4929007 1.395746
-0.02971112 -0.8002589 1.772598
0.05165035 -0.5038278 1.259106
9
0.01035116 0.003517003 1.982875
-0.0692899 0.001865606 1.957549
0.08915877 0.005399546 1.932499
-0.04297323 -0.3876376 1.953208
0.07060823 -0.1905981 1.565097
-0.02916121 -0.728259 1.939483
0.06459473 -0.3894587 1.354414
-0.03866288 -0.7744074 1.775256
0.01565151 -0.4008314 1.185922
9
0.01035116 0.003517003 1.982875
-0.0692899 0.001865606 1.957549
0.08915877 0.005399546 1.932499
-0.04297323 -0.3876376 1.953208
0.07060823 -0.1905981 1.565097
-0.02916121 -0.728259 1.939483
0.06459473 -0.3894587 1.354414
-0.03866288 -0.7744074 1.775256
0.01565151 -0.4008314 1.185922
9
0.002026262 0.009126227 1.979657
-0.0801275 0.009633538 1.95531
0.08345766 0.008878007 1.928761
-0.04376586 -0.3717996 1.954378
0.06241029 -0.116186 1.534838
0.07964544 -0.7291099 1.957215
0.04835074 -0.3037217 1.30525
0.003692225 -0.7781414 1.817691
-0.007934909 -0.3184985 1.139583
9
0.002026262 0.009126227 1.979657
-0.0801275 0.009633538 1.95531
0.08345766 0.008878007 1.928761
-0.04376586 -0.3717996 1.954378
0.06241029 -0.116186 1.534838
0.07964544 -0.7291099 1.957215
0.04835074 -0.3037217 1.30525
0.003692225 -0.7781414 1.817691
-0.007934909 -0.3184985 1.139583
9
-0.03365503 0.008077847 1.9851
-0.112589 0.01327076 1.963989
0.04587278 0.002366694 1.93075
-0.04879309 -0.3690193 1.957901
0.03622926 -0.1383471 1.438305
0.01537398 -0.7430544 1.935055
-0.02710324 -0.2669984 1.127495
-0.0198822 -0.8295898 1.874023
-0.07762744 -0.1680967 1.073322
9
-0.03365503 0.008077847 1.9851
-0.112589 0.01327076 1.963989
0.04587278 0.002366694 1.93075
-0.04879309 -0.3690193 1.957901
0.03622926 -0.1383471 1.438305
0.01537398 -0.7430544 1.935055
-0.02710324 -0.2669984 1.127495
-0.0198822 -0.8295898 1.874023
-0.07762744 -0.1680967 1.073322
9
-0.04527173 0.01048485 1.988017
-0.1275195 0.01807297 1.969808
0.03782436 0.002992535 1.931551
0.03722401 -0.4725522 1.942979
0.05245471 0.001348534 1.517452
0.008227188 -0.7501975 1.934362
-0.01279238 -0.1270614 1.25623
-0.01649327 -0.7870334 1.789088
-0.03699562 -0.1734722 1.108662
9
-0.04527173 0.01048485 1.988017
-0.1275195 0.01807297 1.969808
0.03782436 0.002992535 1.931551
0.03722401 -0.4725522 1.942979
0.05245471 0.001348534 1.517452
0.008227188 -0.7501975 1.934362
-0.01279238 -0.1270614 1.25623
-0.01649327 -0.7870334 1.789088
-0.03699562 -0.1734722 1.108662
9
-0.04341479 0.0229573 1.98391
-0.1297856 0.02879714 1.968258
0.04584633 0.01825194 1.923188
0.0219757 -0.4663476 1.941286
0.03547044 0.00912007 1.483447
0.02246243 -0.760326 1.933706
-0.02987882 -0.1085612 1.118928
-0.033152 -0.8461355 1.874459
-0.1011724 -0.1409741 1.014308
9
-0.04341479 0.0229573 1.98391
-0.1297856 0.02879714 1.968258
0.04584633 0.01825194 1.923188
0.0219757 -0.4663476 1.941286
0.03547044 0.00912007 1.483447
0.02246243 -0.760326 1.933706
-0.02987882 -0.1085612 1.118928
-0.033152 -0.8461355 1.874459
-0.1011724 -0.1409741 1.014308
9
-0.04341479 0.0229573 1.98391
-0.1297856 0.02879714 1.968258
0.04584633 0.01825194 1.923188
0.0219757 -0.4663476 1.941286
0.03547044 0.00912007 1.483447
0.02246243 -0.760326 1.933706
-0.02987882 -0.1085612 1.118928
-0.033152 -0.8461355 1.874459
-0.1011724 -0.1409741 1.014308
9
-0.04341479 0.0229573 1.98391
-0.1297856 0.02879714 1.968258
0.04584633 0.01825194 1.923188
0.0219757 -0.4663476 1.941286
0.03547044 0.00912007 1.483447
0.02246243 -0.760326 1.933706
-0.02987882 -0.1085612 1.118928
-0.033152 -0.8461355 1.874459
-0.1011724 -0.1409741 1.014308
9
0.06863075 0.03207279 1.952035
-0.0174769 0.03328626 1.94082
0.1521937 0.02961964 1.887904
-0.001030695 -0.4230738 1.928616
0.2090269 -0.0863842 1.448697
0.02674968 -0.7658885 1.931376
-0.0001046702 -0.07605466 1.167474
-0.03218693 -0.8464318 1.872852
-0.05660215 -0.1186948 1.05382
9
0.06863075 0.03207279 1.952035
-0.0174769 0.03328626 1.94082
0.1521937 0.02961964 1.887904
-0.001030695 -0.4230738 1.928616
0.2090269 -0.0863842 1.448697
0.02674968 -0.7658885 1.931376
-0.0001046702 -0.07605466 1.167474
-0.03218693 -0.8464318 1.872852
-0.05660215 -0.1186948 1.05382
9
0.0689408 0.03278262 1.95276
-0.01738028 0.03388804 1.942099
0.1527296 0.03051116 1.888265
-0.001260075 -0.4223605 1.928376
0.2107084 -0.08068297 1.454142
0.02856217 -0.7670715 1.930575
-0.00247043 -0.04761684 1.176452
-0.02692809 -0.8441846 1.873918
-0.02859194 -0.09647448 1.029318
9
0.0689408 0.03278262 1.95276
-0.01738028 0.03388804 1.942099
0.1527296 0.03051116 1.888265
-0.001260075 -0.4223605 1.928376
0.2107084 -0.08068297 1.454142
0.02856217 -0.7670715 1.930575
-0.00247043 -0.04761684 1.176452
-0.02692809 -0.8441846 1.873918
-0.02859194 -0.09647448 1.029318
9
0.06881992 0.03291711 1.95248
-0.01745213 0.03402411 1.941978
0.1525331 0.03061567 1.887696
-0.002222353 -0.4203742 1.927601
0.2096798 -0.08273292 1.45266
0.02980448 -0.7677229 1.930242
-0.00306227 -0.04533597 1.176003
-0.02482021 -0.8426277 1.876635
-0.02981845 -0.09424387 1.029083
9
0.06881992 0.03291711 1.95248
-0.01745213 0.03402411 1.941978
0.1525331 0.03061567 1.887696
-0.002222353 -0.4203742 1.927601
0.2096798 -0.08273292 1.45266
0.02980448 -0.7677229 1.930242
-0.00306227 -0.04533597 1.176003
-0.02482021 -0.8426277 1.876635
-0.02981845 -0.09424387 1.029083
9
0.06846206 0.03269522 1.952371
-0.01779599 0.03386034 1.942003
0.1521372 0.03029894 1.887401
-0.002350118 -0.4204065 1.927403
0.2098597 -0.08378078 1.450858
0.0305796 -0.7680114 1.93003
-0.001398462 -0.06150211 1.170522
-0.02354237 -0.8419305 1.871494
-0.02809235 -0.1099143 1.023676
9
0.06846206 0.03269522 1.952371
-0.01779599 0.03386034 1.942003
0.1521372 0.03029894 1.887401
-0.002350118 -0.4204065 1.927403
0.2098597 -0.08378078 1.450858
0.0305796 -0.7680114 1.93003
-0.001398462 -0.06150211 1.170522
-0.02354237 -0.8419305 1.871494
-0.02809235 -0.1099143 1.023676
9
0.06546886 0.02721662 1.957935
-0.02162361 0.02594672 1.948339
0.1499525 0.026946 1.892281
-0.002389209 -0.4228519 1.927231
0.2108968 -0.07534371 1.45544
0.03122599 -0.7690996 1.930109
0.009617835 -0.05278406 1.228063
-0.02328412 -0.8429447 1.872368
-0.01805136 -0.1014247 1.081352
9
0.06546886 0.02721662 1.957935
-0.02162361 0.02594672 1.948339
0.1499525 0.026946 1.892281
-0.002389209 -0.4228519 1.927231
0.2108968 -0.07534371 1.45544
0.03122599 -0.7690996 1.930109
0.009617835 -0.05278406 1.228063
-0.02328412 -0.8429447 1.872368
-0.01805136 -0.1014247 1.081352
9
0.06546886 0.02721662 1.957935
-0.02162361 0.02594672 1.948339
0.1499525 0.026946 1.892281
-0.002389209 -0.4228519 1.927231
0.2108968 -0.07534371 1.45544
0.03122599 -0.7690996 1.930109
0.009617835 -0.05278406 1.228063
-0.02328412 -0.8429447 1.872368
-0.01805136 -0.1014247 1.081352
9
0.06546886 0.02721662 1.957935
-0.02162361 0.02594672 1.948339
0.1499525 0.026946 1.892281
-0.002389209 -0.4228519 1.927231
0.2108968 -0.07534371 1.45544
0.03122599 -0.7690996 1.930109
0.009617835 -0.05278406 1.228063
-0.02328412 -0.8429447 1.872368
-0.01805136 -0.1014247 1.081352
