40
9
0.0660882 -0.06154092 1.967827
-0.01948806 -0.06038189 1.937305
0.1488241 -0.06009516 1.914435
-0.002633391 -0.4896758 1.918352
0.1578649 -0.4908831 1.862142
0.02185799 -0.7666444 1.951722
0.1754409 -0.7541832 1.887997
-0.03581685 -0.8324036 1.820674
0.1732266 -0.8180931 1.782087
9
0.0660882 -0.06154092 1.967827
-0.01948806 -0.06038189 1.937305
0.1488241 -0.06009516 1.914435
-0.002633391 -0.4896758 1.918352
0.1578649 -0.4908831 1.862142
0.02185799 -0.7666444 1.951722
0.1754409 -0.7541832 1.887997
-0.03581685 -0.8324036 1.820674
0.1732266 -0.8180931 1.782087
9
0.0660882 -0.06154092 1.967827
-0.01948806 -0.06038189 1.937305
0.1488241 -0.06009516 1.914435
-0.002633391 -0.4896758 1.918352
0.1578649 -0.4908831 1.862142
0.02185799 -0.7666444 1.951722
0.1754409 -0.7541832 1.887997
-0.03581685 -0.8324036 1.820674
0.1732266 -0.8180931 1.782087
9
0.05684762 -0.06164893 1.97576
-0.02822318 -0.06209425 1.942837
0.1392801 -0.05829991 1.925205
-0.015244 -0.4900462 1.938395
0.1605903 -0.4745888 1.767742
0.02231196 -0.7670825 1.95355
0.1605782 -0.7846147 1.759403
-0.0370391 -0.8325064 1.821443
0.1657147 -0.8204318 1.632368
9
0.05684762 -0.06164893 1.97576
-0.02822318 -0.06209425 1.942837
0.1392801 -0.05829991 1.925205
-0.015244 -0.4900462 1.938395
0.1605903 -0.4745888 1.767742
0.02231196 -0.7670825 1.95355
0.1605782 -0.7846147 1.759403
-0.0370391 -0.8325064 1.821443
0.1657147 -0.8204318 1.632368
9
0.05684762 -0.06164893 1.97576
-0.02822318 -0.06209425 1.942837
0.1392801 -0.05829991 1.925205
-0.015244 -0.4900462 1.938395
0.1605903 -0.4745888 1.767742
0.02231196 -0.7670825 1.95355
0.1605782 -0.7846147 1.759403
-0.0370391 -0.8325064 1.821443
0.1657147 -0.8204318 1.632368
9
0.05684762 -0.06164893 1.97576
-0.02822318 -0.06209425 1.942837
0.1392801 -0.05829991 1.925205
-0.015244 -0.4900462 1.938395
0.1605903 -0.4745888 1.767742
0.02231196 -0.7670825 1.95355
0.1605782 -0.7846147 1.759403
-0.0370391 -0.8325064 1.821443
0.1657147 -0.8204318 1.632368
9
0.04758075 -0.05854782 1.984356
-0.03638761 -0.06059885 1.946557
0.129275 -0.05329254 1.940202
-0.01487027 -0.4877189 1.946602
0.1549015 -0.4166276 1.665185
0.0220974 -0.7670479 1.954996
0.1526251 -0.7170529 1.568943
-0.03322932 -0.8179123 1.804794
0.05264518 -0.7228469 1.499137
9
0.04758075 -0.05854782 1.984356
-0.03638761 -0.06059885 1.946557
0.129275 -0.05329254 1.940202
-0.01487027 -0.4877189 1.946602
0.1549015 -0.4166276 1.665185
0.0220974 -0.7670479 1.954996
0.1526251 -0.7170529 1.568943
-0.03322932 -0.8179123 1.804794
0.05264518 -0.7228469 1.499137
9
0.03933082 -0.05793896 1.99018
-0.04617403 -0.05917028 1.950899
0.123119 -0.05376764 1.946241
-0.01182277 -0.4853732 1.95212
0.1495929 -0.3694566 1.611644
0.02188859 -0.7673795 1.955302
0.1605292 -0.6401347 1.443087
-0.03667434 -0.8147604 1.804746
0.1339029 -0.5656446 1.322082
9
0.03933082 -0.05793896 1.99018
-0.04617403 -0.05917028 1.950899
0.123119 -0.05376764 1.946241
-0.01182277 -0.4853732 1.95212
0.1495929 -0.3694566 1.611644
0.02188859 -0.7673795 1.955302
0.1605292 -0.6401347 1.443087
-0.03667434 -0.8147604 1.804746
0.1339029 -0.5656446 1.322082
9
0.03359466 -0.05828412 1.99382
-0.05302512 -0.05925417 1.95373
0.1186614 -0.05450686 1.950263
-0.009687909 -0.4846325 1.955239
0.1509882 -0.3030311 1.559679
0.02183719 -0.7674402 1.955296
0.1390228 -0.5586029 1.347278
-0.03729702 -0.8122746 1.803659
0.1690948 -0.4786179 1.234892
9
0.03359466 -0.05828412 1.99382
-0.05302512 -0.05925417 1.95373
0.1186614 -0.05450686 1.950263
-0.009687909 -0.4846325 1.955239
0.1509882 -0.3030311 1.559679
0.02183719 -0.7674402 1.955296
0.1390228 -0.5586029 1.347278
-0.03729702 -0.8122746 1.803659
0.1690948 -0.4786179 1.234892
9
0.02885124 -0.05976454 1.998842
-0.05741978 -0.05971766 1.956748
0.113824 -0.05739028 1.95761
-0.008689072 -0.4848116 1.955942
0.1500139 -0.2243714 1.524094
0.02182205 -0.7674355 1.955748
0.1592335 -0.3759575 1.224447
-0.03863367 -0.813463 1.805434
0.1872784 -0.4624609 1.176335
9
0.02885124 -0.05976454 1.998842
-0.05741978 -0.05971766 1.956748
0.113824 -0.05739028 1.95761
-0.008689072 -0.4848116 1.955942
0.1500139 -0.2243714 1.524094
0.02182205 -0.7674355 1.955748
0.1592335 -0.3759575 1.224447
-0.03863367 -0.813463 1.805434
0.1872784 -0.4624609 1.176335
9
0.02500612 -0.05985399 1.999771
-0.06281964 -0.05868736 1.956348
0.1109542 -0.05836898 1.959488
-0.006887926 -0.4828995 1.95613
0.1514682 -0.1468876 1.503006
0.02184507 -0.7656554 1.955465
0.1688362 -0.2805511 1.1586
-0.05079654 -0.819216 1.817383
0.1727825 -0.3660694 1.160765
9
0.02500612 -0.05985399 1.999771
-0.06281964 -0.05868736 1.956348
0.1109542 -0.05836898 1.959488
-0.006887926 -0.4828995 1.95613
0.1514682 -0.1468876 1.503006
0.02184507 -0.7656554 1.955465
0.1688362 -0.2805511 1.1586
-0.05079654 -0.819216 1.817383
0.1727825 -0.3660694 1.160765
9
0.0180955 -0.06559678 2.005369
-0.06730153 -0.06128824 1.95928
0.1020575 -0.06804089 1.96821
-0.005828789 -0.4851123 1.955575
0.1504426 -0.0634563 1.503743
0.02213097 -0.7619441 1.954876
0.1391605 -0.2360173 1.199155
-0.04098976 -0.810154 1.807231
0.197472 -0.2324908 1.07621
9
0.0180955 -0.06559678 2.005369
-0.06730153 -0.06128824 1.95928
0.1020575 -0.06804089 1.96821
-0.005828789 -0.4851123 1.955575
0.1504426 -0.0634563 1.503743
0.02213097 -0.7619441 1.954876
0.1391605 -0.2360173 1.199155
-0.04098976 -0.810154 1.807231
0.197472 -0.2324908 1.07621
9
0.01658999 -0.07293128 2.021617
-0.06818458 -0.06661377 1.97592
0.1004376 -0.07631995 1.983008
-0.005803476 -0.4921576 1.948599
0.1315844 -0.02881112 1.507846
0.02351131 -0.7571061 1.955009
0.1823769 -0.121078 1.112499
-0.036318 -0.8070034 1.806422
0.2387318 -0.1210406 0.9892963
9
0.01658999 -0.07293128 2.021617
-0.06818458 -0.06661377 1.97592
0.1004376 -0.07631995 1.983008
-0.005803476 -0.4921576 1.948599
0.1315844 -0.02881112 1.507846
0.02351131 -0.7571061 1.955009
0.1823769 -0.121078 1.112499
-0.036318 -0.8070034 1.806422
0.2387318 -0.1210406 0.9892963
9
0.01426662 -0.07204115 2.020765
-0.07218978 -0.06433095 1.97473
0.0993828 -0.076262 1.982459
-0.007002404 -0.4896123 1.94631
0.1187455 0.00747898 1.518798
0.02430047 -0.7513034 1.954118
0.1846719 -0.07507218 1.111707
-0.03570749 -0.8036662 1.807011
0.2409178 -0.07668806 0.9883759
9
0.01426662 -0.07204115 2.020765
-0.07218978 -0.06433095 1.97473
0.0993828 -0.076262 1.982459
-0.007002404 -0.4896123 1.94631
0.1187455 0.00747898 1.518798
0.02430047 -0.7513034 1.954118
0.1846719 -0.07507218 1.111707
-0.03570749 -0.8036662 1.807011
0.2409178 -0.07668806 0.9883759
9
0.006928092 -0.07167402 2.021418
-0.08213717 -0.06244559 1.975961
0.09475382 -0.07710817 1.982714
-0.005161153 -0.4860456 1.944795
0.1194134 0.0417609 1.531551
0.02497113 -0.7480264 1.952601
0.1867841 -0.04444642 1.122568
-0.03560678 -0.8016538 1.806544
0.1281061 0.04705945 1.073016
9
0.006928092 -0.07167402 2.021418
-0.08213717 -0.06244559 1.975961
0.09475382 -0.07710817 1.982714
-0.005161153 -0.4860456 1.944795
0.1194134 0.0417609 1.531551
0.02497113 -0.7480264 1.952601
0.1867841 -0.04444642 1.122568
-0.03560678 -0.8016538 1.806544
0.1281061 0.04705945 1.073016
9
0.006928092 -0.07167402 2.021418
-0.08213717 -0.06244559 1.975961
0.09475382 -0.07710817 1.982714
-0.005161153 -0.4860456 1.944795
0.1194134 0.0417609 1.531551
0.02497113 -0.7480264 1.952601
0.1867841 -0.04444642 1.122568
-0.03560678 -0.8016538 1.806544
0.1281061 0.04705945 1.073016
9
0.006928092 -0.07167402 2.021418
-0.08213717 -0.06244559 1.975961
0.09475382 -0.07710817 1.982714
-0.005161153 -0.4860456 1.944795
0.1194134 0.0417609 1.531551
0.02497113 -0.7480264 1.952601
0.1867841 -0.04444642 1.122568
-0.03560678 -0.8016538 1.806544
0.1281061 0.04705945 1.073016
9
-0.00824938 -0.06951085 2.024142
-0.09907969 -0.05955855 1.980971
0.08258977 -0.07609104 1.983426
-0.001993422 -0.479557 1.942751
0.1115938 0.04330615 1.533099
0.02559614 -0.7479741 1.952218
0.1790136 -0.04269334 1.12575
-0.03337439 -0.8045543 1.807189
0.1443137 0.05843807 1.073152
9
-0.00824938 -0.06951085 2.024142
-0.09907969 -0.05955855 1.980971
0.08258977 -0.07609104 1.983426
-0.001993422 -0.479557 1.942751
0.1115938 0.04330615 1.533099
0.02559614 -0.7479741 1.952218
0.1790136 -0.04269334 1.12575
-0.03337439 -0.8045543 1.807189
0.1443137 0.05843807 1.073152
9
-0.01099628 -0.06899094 2.024556
-0.1015046 -0.05913876 1.981614
0.0797675 -0.07561306 1.98351
-0.002381141 -0.4787368 1.942055
0.1079866 0.04410574 1.533216
0.02562985 -0.747435 1.95191
0.1753815 -0.04204406 1.127313
-0.03402689 -0.8041652 1.807352
0.1461228 0.05941119 1.068131
9
-0.01099628 -0.06899094 2.024556
-0.1015046 -0.05913876 1.981614
0.0797675 -0.07561306 1.98351
-0.002381141 -0.4787368 1.942055
0.1079866 0.04410574 1.533216
0.02562985 -0.747435 1.95191
0.1753815 -0.04204406 1.127313
-0.03402689 -0.8041652 1.807352
0.1461228 0.05941119 1.068131
9
-0.01079823 -0.068761 2.024164
-0.1008155 -0.05893532 1.981006
0.07967956 -0.07536176 1.983167
-0.003865706 -0.4790184 1.941861
0.1079025 0.05211523 1.535063
0.02552087 -0.7464946 1.951707
0.1738084 -0.03996561 1.149644
-0.03499351 -0.8020077 1.806805
0.1457473 0.03525008 1.038861
9
-0.01079823 -0.068761 2.024164
-0.1008155 -0.05893532 1.981006
0.07967956 -0.07536176 1.983167
-0.003865706 -0.4790184 1.941861
0.1079025 0.05211523 1.535063
0.02552087 -0.7464946 1.951707
0.1738084 -0.03996561 1.149644
-0.03499351 -0.8020077 1.806805
0.1457473 0.03525008 1.038861
9
-0.008945259 -0.06842647 2.023376
-0.09703743 -0.05914521 1.979588
0.08032586 -0.07486983 1.982774
-0.00524551 -0.4802767 1.942186
0.1156765 -0.0098192 1.490998
0.02541994 -0.7461039 1.952232
0.1799072 -0.09426126 1.104782
-0.03652717 -0.8014756 1.807981
0.1310823 0.004068874 1.07359
9
-0.008945259 -0.06842647 2.023376
-0.09703743 -0.05914521 1.979588
0.08032586 -0.07486983 1.982774
-0.00524551 -0.4802767 1.942186
0.1156765 -0.0098192 1.490998
0.02541994 -0.7461039 1.952232
0.1799072 -0.09426126 1.104782
-0.03652717 -0.8014756 1.807981
0.1310823 0.004068874 1.07359
9
-0.007482209 -0.06817065 2.022513
-0.09431329 -0.05958155 1.978114
0.08085164 -0.07426169 1.982326
-0.00650235 -0.4814194 1.943359
0.1222828 -0.02120511 1.499007
0.02478988 -0.7469102 1.952682
0.1782749 -0.1055798 1.100982
-0.02977433 -0.8024496 1.804537
0.1789899 -0.1999612 1.094985
9
-0.007482209 -0.06817065 2.022513
-0.09431329 -0.05958155 1.978114
0.08085164 -0.07426169 1.982326
-0.00650235 -0.4814194 1.943359
0.1222828 -0.02120511 1.499007
0.02478988 -0.7469102 1.952682
0.1782749 -0.1055798 1.100982
-0.02977433 -0.8024496 1.804537
0.1789899 -0.1999612 1.094985
9
-0.007482209 -0.06817065 2.022513
-0.09431329 -0.05958155 1.978114
0.08085164 -0.07426169 1.982326
-0.00650235 -0.4814194 1.943359
0.1222828 -0.02120511 1.499007
0.02478988 -0.7469102 1.952682
0.1782749 -0.1055798 1.100982
-0.02977433 -0.8024496 1.804537
0.1789899 -0.1999612 1.094985
9
-0.007482209 -0.06817065 2.022513
-0.09431329 -0.05958155 1.978114
0.08085164 -0.07426169 1.982326
-0.00650235 -0.4814194 1.943359
0.1222828 -0.02120511 1.499007
0.02478988 -0.7469102 1.952682
0.1782749 -0.1055798 1.100982
-0.02977433 -0.8024496 1.804537
0.1789899 -0.1999612 1.094985
9
-0.004712742 -0.0691693 2.024971
-0.08819371 -0.0632418 1.982145
0.08147314 -0.07382882 1.98387
-0.009283536 -0.4866745 1.946283
0.1525898 -0.1201505 1.524843
0.022918 -0.7498323 1.953353
0.1629531 -0.2785993 1.175284
-0.03116669 -0.8044263 1.80444
0.1994537 -0.3610125 1.1094
