40
9
-0.1111343 -0.2249719 2.274344
-0.1871075 -0.2325484 2.263344
-0.03190904 -0.2099316 2.21212
-0.1542057 -0.6674702 2.2494
-0.01715083 -0.4173785 1.881834
-0.1201859 -0.9662052 2.236099
-0.01557532 -0.6693649 1.641763
-0.213067 -0.9731507 2.177013
-0.03973389 -0.6875 1.500977
9
-0.1160174 -0.2211026 2.280042
-0.1942637 -0.2281735 2.2693
-0.03459309 -0.2067149 2.21743
-0.1741052 -0.6191514 2.249284
-0.02720699 -0.3526577 1.867483
-0.1313373 -0.9170633 2.241372
-0.03361313 -0.5857041 1.588485
-0.1812847 -1.026034 2.181015
-0.07153526 -0.6162632 1.451678
9
-0.1160174 -0.2211026 2.280042
-0.1942637 -0.2281735 2.2693
-0.03459309 -0.2067149 2.21743
-0.1741052 -0.6191514 2.249284
-0.02720699 -0.3526577 1.867483
-0.1313373 -0.9170633 2.241372
-0.03361313 -0.5857041 1.588485
-0.1812847 -1.026034 2.181015
-0.07153526 -0.6162632 1.451678
9
-0.1160174 -0.2211026 2.280042
-0.1942637 -0.2281735 2.2693
-0.03459309 -0.2067149 2.21743
-0.1741052 -0.6191514 2.249284
-0.02720699 -0.3526577 1.867483
-0.1313373 -0.9170633 2.241372
-0.03361313 -0.5857041 1.588485
-0.1812847 -1.026034 2.181015
-0.07153526 -0.6162632 1.451678
9
-0.1160174 -0.2211026 2.280042
-0.1942637 -0.2281735 2.2693
-0.03459309 -0.2067149 2.21743
-0.1741052 -0.6191514 2.249284
-0.02720699 -0.3526577 1.867483
-0.1313373 -0.9170633 2.241372
-0.03361313 -0.5857041 1.588485
-0.1812847 -1.026034 2.181015
-0.07153526 -0.6162632 1.451678
9
-0.1174778 -0.2172513 2.293572
-0.1977111 -0.2248128 2.281898
-0.03357818 -0.2025569 2.232023
-0.1873173 -0.6059411 2.264071
-0.05399841 -0.2384199 1.854238
-0.1008493 -0.9787585 2.241976
-0.05268714 -0.4224965 1.518089
-0.1569824 -1.047852 2.212891
-0.09731856 -0.416984 1.355582
9
-0.1174778 -0.2172513 2.293572
-0.1977111 -0.2248128 2.281898
-0.03357818 -0.2025569 2.232023
-0.1873173 -0.6059411 2.264071
-0.05399841 -0.2384199 1.854238
-0.1008493 -0.9787585 2.241976
-0.05268714 -0.4224965 1.518089
-0.1569824 -1.047852 2.212891
-0.09731856 -0.416984 1.355582
9
-0.1227867 -0.214608 2.299572
-0.20526 -0.2208941 2.289553
-0.03678552 -0.2011111 2.236373
-0.2033195 -0.5895017 2.280911
-0.06574391 -0.1698298 1.865731
-0.1022041 -0.9744614 2.242585
-0.06844251 -0.3404148 1.482831
-0.1532286 -1.045689 2.209858
-0.1242555 -0.3173759 1.325554
9
-0.1227867 -0.214608 2.299572
-0.20526 -0.2208941 2.289553
-0.03678552 -0.2011111 2.236373
-0.2033195 -0.5895017 2.280911
-0.06574391 -0.1698298 1.865731
-0.1022041 -0.9744614 2.242585
-0.06844251 -0.3404148 1.482831
-0.1532286 -1.045689 2.209858
-0.1242555 -0.3173759 1.325554
9
-0.1062741 -0.2107092 2.300097
-0.189733 -0.2186585 2.291148
-0.01908175 -0.1956487 2.23551
-0.1111323 -0.6669595 2.25277
-0.07502887 -0.1583316 1.820249
-0.1061825 -0.967712 2.242693
-0.06985436 -0.2612047 1.525317
-0.1508091 -1.04395 2.208613
-0.1182388 -0.2422586 1.364188
9
-0.1062741 -0.2107092 2.300097
-0.189733 -0.2186585 2.291148
-0.01908175 -0.1956487 2.23551
-0.1111323 -0.6669595 2.25277
-0.07502887 -0.1583316 1.820249
-0.1061825 -0.967712 2.242693
-0.06985436 -0.2612047 1.525317
-0.1508091 -1.04395 2.208613
-0.1182388 -0.2422586 1.364188
9
-0.09477045 -0.2018963 2.3012
-0.1802385 -0.2119151 2.292971
-0.006010575 -0.1851041 2.235647
-0.1354664 -0.6485437 2.247221
-0.06811338 -0.121711 1.838837
-0.1024774 -0.9756759 2.242212
-0.09046435 -0.2141301 1.430959
-0.153982 -1.046601 2.209234
-0.1249888 -0.2523047 1.291889
9
-0.09477045 -0.2018963 2.3012
-0.1802385 -0.2119151 2.292971
-0.006010575 -0.1851041 2.235647
-0.1354664 -0.6485437 2.247221
-0.06811338 -0.121711 1.838837
-0.1024774 -0.9756759 2.242212
-0.09046435 -0.2141301 1.430959
-0.153982 -1.046601 2.209234
-0.1249888 -0.2523047 1.291889
9
-0.08861896 -0.191999 2.298065
-0.1739702 -0.2029267 2.291872
-0.000195409 -0.1745729 2.230282
-0.1400165 -0.6313187 2.243804
-0.06855503 -0.1215106 1.839646
-0.1039242 -0.9795353 2.239708
-0.09357257 -0.2092956 1.430927
-0.151689 -1.052384 2.200561
-0.1282477 -0.2474633 1.291874
9
-0.08861896 -0.191999 2.298065
-0.1739702 -0.2029267 2.291872
-0.000195409 -0.1745729 2.230282
-0.1400165 -0.6313187 2.243804
-0.06855503 -0.1215106 1.839646
-0.1039242 -0.9795353 2.239708
-0.09357257 -0.2092956 1.430927
-0.151689 -1.052384 2.200561
-0.1282477 -0.2474633 1.291874
9
-0.08861896 -0.191999 2.298065
-0.1739702 -0.2029267 2.291872
-0.000195409 -0.1745729 2.230282
-0.1400165 -0.6313187 2.243804
-0.06855503 -0.1215106 1.839646
-0.1039242 -0.9795353 2.239708
-0.09357257 -0.2092956 1.430927
-0.151689 -1.052384 2.200561
-0.1282477 -0.2474633 1.291874
9
-0.08861896 -0.191999 2.298065
-0.1739702 -0.2029267 2.291872
-0.000195409 -0.1745729 2.230282
-0.1400165 -0.6313187 2.243804
-0.06855503 -0.1215106 1.839646
-0.1039242 -0.9795353 2.239708
-0.09357257 -0.2092956 1.430927
-0.151689 -1.052384 2.200561
-0.1282477 -0.2474633 1.291874
9
-0.09938255 -0.230854 2.28283
-0.1695903 -0.243025 2.26216
-0.02821556 -0.2187766 2.227191
-0.1420607 -0.6265928 2.242428
-0.1679927 -0.2205433 1.816991
-0.1048405 -0.9801095 2.239144
-0.1072178 -0.1283108 1.440086
-0.1527187 -1.053072 2.206685
-0.1501224 -0.1178821 1.276533
9
-0.09938255 -0.230854 2.28283
-0.1695903 -0.243025 2.26216
-0.02821556 -0.2187766 2.227191
-0.1420607 -0.6265928 2.242428
-0.1679927 -0.2205433 1.816991
-0.1048405 -0.9801095 2.239144
-0.1072178 -0.1283108 1.440086
-0.1527187 -1.053072 2.206685
-0.1501224 -0.1178821 1.276533
9
-0.1033183 -0.2312298 2.281298
-0.1739253 -0.2416364 2.260885
-0.03051867 -0.2187032 2.226383
-0.143184 -0.6225977 2.241603
-0.1717855 -0.2205094 1.816445
-0.105504 -0.9803144 2.238759
-0.1110058 -0.128277 1.439543
-0.1533635 -1.05325 2.206211
-0.1538044 -0.1178506 1.276031
9
-0.1033183 -0.2312298 2.281298
-0.1739253 -0.2416364 2.260885
-0.03051867 -0.2187032 2.226383
-0.143184 -0.6225977 2.241603
-0.1717855 -0.2205094 1.816445
-0.105504 -0.9803144 2.238759
-0.1110058 -0.128277 1.439543
-0.1533635 -1.05325 2.206211
-0.1538044 -0.1178506 1.276031
9
-0.1184893 -0.2336117 2.283825
-0.1894368 -0.2403263 2.264487
-0.04387144 -0.2216376 2.228826
-0.1435857 -0.617618 2.240968
-0.1837194 -0.2198439 1.818574
-0.1068212 -0.9808414 2.237916
-0.1229264 -0.1276162 1.441678
-0.1533391 -1.052737 2.187403
-0.1654355 -0.1172132 1.278193
9
-0.1184893 -0.2336117 2.283825
-0.1894368 -0.2403263 2.264487
-0.04387144 -0.2216376 2.228826
-0.1435857 -0.617618 2.240968
-0.1837194 -0.2198439 1.818574
-0.1068212 -0.9808414 2.237916
-0.1229264 -0.1276162 1.441678
-0.1533391 -1.052737 2.187403
-0.1654355 -0.1172132 1.278193
9
-0.1184893 -0.2336117 2.283825
-0.1894368 -0.2403263 2.264487
-0.04387144 -0.2216376 2.228826
-0.1435857 -0.617618 2.240968
-0.1837194 -0.2198439 1.818574
-0.1068212 -0.9808414 2.237916
-0.1229264 -0.1276162 1.441678
-0.1533391 -1.052737 2.187403
-0.1654355 -0.1172132 1.278193
9
-0.1184893 -0.2336117 2.283825
-0.1894368 -0.2403263 2.264487
-0.04387144 -0.2216376 2.228826
-0.1435857 -0.617618 2.240968
-0.1837194 -0.2198439 1.818574
-0.1068212 -0.9808414 2.237916
-0.1229264 -0.1276162 1.441678
-0.1533391 -1.052737 2.187403
-0.1654355 -0.1172132 1.278193
9
-0.1189028 -0.2340876 2.283455
-0.189856 -0.240743 2.264132
-0.04412784 -0.2218097 2.228635
-0.1456769 -0.6170965 2.241925
-0.1866089 -0.2208988 1.819632
-0.1075681 -0.9809549 2.237686
-0.125813 -0.1286713 1.442738
-0.1537245 -1.053106 2.187488
-0.1682535 -0.1182452 1.279261
9
-0.1189028 -0.2340876 2.283455
-0.189856 -0.240743 2.264132
-0.04412784 -0.2218097 2.228635
-0.1456769 -0.6170965 2.241925
-0.1866089 -0.2208988 1.819632
-0.1075681 -0.9809549 2.237686
-0.125813 -0.1286713 1.442738
-0.1537245 -1.053106 2.187488
-0.1682535 -0.1182452 1.279261
9
-0.1176045 -0.235491 2.283865
-0.1877252 -0.2434729 2.265496
-0.04352349 -0.2220629 2.228621
-0.1496755 -0.6192298 2.242963
-0.1865926 -0.2221311 1.820513
-0.1082571 -0.98111 2.237492
-0.1257974 -0.129903 1.44362
-0.1434061 -1.058552 2.187762
-0.1682404 -0.1194486 1.280145
9
-0.1176045 -0.235491 2.283865
-0.1877252 -0.2434729 2.265496
-0.04352349 -0.2220629 2.228621
-0.1496755 -0.6192298 2.242963
-0.1865926 -0.2221311 1.820513
-0.1082571 -0.98111 2.237492
-0.1257974 -0.129903 1.44362
-0.1434061 -1.058552 2.187762
-0.1682404 -0.1194486 1.280145
9
-0.1107244 -0.2380644 2.285311
-0.1795576 -0.2482105 2.268277
-0.03789664 -0.2222096 2.229105
-0.1524071 -0.6229993 2.243676
-0.1865586 -0.2275719 1.825463
-0.1085278 -0.9820518 2.237845
-0.1305574 -0.1309776 1.421494
-0.1677246 -1.058594 2.228516
-0.1728221 -0.1204503 1.258078
9
-0.1107244 -0.2380644 2.285311
-0.1795576 -0.2482105 2.268277
-0.03789664 -0.2222096 2.229105
-0.1524071 -0.6229993 2.243676
-0.1865586 -0.2275719 1.825463
-0.1085278 -0.9820518 2.237845
-0.1305574 -0.1309776 1.421494
-0.1677246 -1.058594 2.228516
-0.1728221 -0.1204503 1.258078
9
-0.1024358 -0.2469906 2.298847
-0.1696821 -0.2588141 2.283036
-0.03177335 -0.2280631 2.240907
-0.1543885 -0.6242399 2.244476
-0.1746174 -0.2335321 1.83439
-0.1090398 -0.9830278 2.237869
-0.1278452 -0.1551443 1.424802
-0.1615544 -1.052041 2.224147
-0.1701876 -0.1440246 1.261442
9
-0.1024358 -0.2469906 2.298847
-0.1696821 -0.2588141 2.283036
-0.03177335 -0.2280631 2.240907
-0.1543885 -0.6242399 2.244476
-0.1746174 -0.2335321 1.83439
-0.1090398 -0.9830278 2.237869
-0.1278452 -0.1551443 1.424802
-0.1615544 -1.052041 2.224147
-0.1701876 -0.1440246 1.261442
9
-0.06303071 -0.2413877 2.30795
-0.1304825 -0.2589085 2.291038
0.007446982 -0.2159352 2.251582
-0.1551849 -0.6358284 2.24771
-0.1131323 -0.1118514 1.788908
-0.1083306 -0.981114 2.239205
-0.1199063 -0.2118867 1.407569
-0.1513904 -1.048311 2.168674
-0.1525923 -0.2511783 1.268771
9
-0.06303071 -0.2413877 2.30795
-0.1304825 -0.2589085 2.291038
0.007446982 -0.2159352 2.251582
-0.1551849 -0.6358284 2.24771
-0.1131323 -0.1118514 1.788908
-0.1083306 -0.981114 2.239205
-0.1199063 -0.2118867 1.407569
-0.1513904 -1.048311 2.168674
-0.1525923 -0.2511783 1.268771
9
-0.1281662 -0.2047747 2.317157
-0.2135912 -0.2145991 2.30968
-0.03856544 -0.1884354 2.251061
-0.145349 -0.6640452 2.25769
-0.09828296 -0.1274108 1.866186
-0.1080963 -0.9819363 2.239575
-0.1141776 -0.2392352 1.484684
-0.1546902 -1.051744 2.181139
-0.1611918 -0.2194445 1.323676
9
-0.1281662 -0.2047747 2.317157
-0.2135912 -0.2145991 2.30968
-0.03856544 -0.1884354 2.251061
-0.145349 -0.6640452 2.25769
-0.09828296 -0.1274108 1.866186
-0.1080963 -0.9819363 2.239575
-0.1141776 -0.2392352 1.484684
-0.1546902 -1.051744 2.181139
-0.1611918 -0.2194445 1.323676
9
-0.1273598 -0.2049272 2.316458
-0.2119375 -0.2149957 2.308434
-0.03831376 -0.188445 2.250747
-0.1346823 -0.6631243 2.262304
-0.1081888 -0.1691155 1.816268
-0.1103876 -0.9641278 2.242039
-0.109657 -0.3010879 1.484433
-0.145479 -1.039765 2.183516
-0.1582623 -0.2663068 1.326551
9
-0.1273598 -0.2049272 2.316458
-0.2119375 -0.2149957 2.308434
-0.03831376 -0.188445 2.250747
-0.1346823 -0.6631243 2.262304
-0.1081888 -0.1691155 1.816268
-0.1103876 -0.9641278 2.242039
-0.109657 -0.3010879 1.484433
-0.145479 -1.039765 2.183516
-0.1582623 -0.2663068 1.326551
9
-0.1272319 -0.2063895 2.317315
-0.2106603 -0.2174782 2.308757
-0.03925333 -0.1895294 2.252496
-0.1376632 -0.6662179 2.261635
-0.1080237 -0.248719 1.771591
-0.1135699 -0.9672452 2.242976
-0.1530166 -0.3539056 1.334415
-0.1473658 -1.042872 2.182788
-0.2104177 -0.2682366 1.278459
