40
9
-0.02355351 -0.009170247 2.04705
-0.1020626 -0.01881718 2.017806
0.05461432 0.0007554448 1.998214
-0.0766972 -0.4104509 2.009855
0.124958 -0.3431008 1.76825
-0.0270837 -0.7523407 2.030425
0.1655129 -0.6431075 1.720936
-0.05859406 -0.8303241 1.965808
0.1652832 -0.6914063 1.602539
9
-0.02355351 -0.009170247 2.04705
-0.1020626 -0.01881718 2.017806
0.05461432 0.0007554448 1.998214
-0.0766972 -0.4104509 2.009855
0.124958 -0.3431008 1.76825
-0.0270837 -0.7523407 2.030425
0.1655129 -0.6431075 1.720936
-0.05859406 -0.8303241 1.965808
0.1652832 -0.6914063 1.602539
9
-0.02450979 -0.009100213 2.047341
-0.1031862 -0.01955265 2.017656
0.05362533 0.001792852 1.999196
-0.07359499 -0.4068801 2.007184
0.1294656 -0.3092092 1.72051
-0.02701488 -0.7519441 2.030539
0.1748971 -0.5912513 1.617508
-0.05861755 -0.829327 1.964174
0.1616211 -0.6225586 1.464844
9
-0.02450979 -0.009100213 2.047341
-0.1031862 -0.01955265 2.017656
0.05362533 0.001792852 1.999196
-0.07359499 -0.4068801 2.007184
0.1294656 -0.3092092 1.72051
-0.02701488 -0.7519441 2.030539
0.1748971 -0.5912513 1.617508
-0.05861755 -0.829327 1.964174
0.1616211 -0.6225586 1.464844
9
-0.02591697 -0.007646889 2.048327
-0.1036408 -0.01949989 2.017622
0.05120308 0.00633442 2.002596
-0.06681494 -0.4027308 2.002804
0.129468 -0.2562937 1.671886
-0.02710665 -0.7513204 2.030335
0.175124 -0.507246 1.501578
-0.05839135 -0.8282958 1.962456
0.163894 -0.5257959 1.369993
9
-0.02591697 -0.007646889 2.048327
-0.1036408 -0.01949989 2.017622
0.05120308 0.00633442 2.002596
-0.06681494 -0.4027308 2.002804
0.129468 -0.2562937 1.671886
-0.02710665 -0.7513204 2.030335
0.175124 -0.507246 1.501578
-0.05839135 -0.8282958 1.962456
0.163894 -0.5257959 1.369993
9
-0.02533433 -0.006963906 2.049378
-0.1034154 -0.01969541 2.017481
0.05309825 0.009236687 2.006928
-0.0617341 -0.3990243 1.999477
0.1333677 -0.1853799 1.630134
-0.02701835 -0.7512887 2.029915
0.1704023 -0.5047358 1.368498
-0.05817434 -0.8280987 1.961458
0.1790132 -0.4164224 1.267258
9
-0.02533433 -0.006963906 2.049378
-0.1034154 -0.01969541 2.017481
0.05309825 0.009236687 2.006928
-0.0617341 -0.3990243 1.999477
0.1333677 -0.1853799 1.630134
-0.02701835 -0.7512887 2.029915
0.1704023 -0.5047358 1.368498
-0.05817434 -0.8280987 1.961458
0.1790132 -0.4164224 1.267258
9
-0.0254258 -0.006679126 2.049427
-0.1039213 -0.01997375 2.016498
0.05333491 0.01012976 2.007558
-0.05662885 -0.3924805 1.99499
0.1338333 -0.100312 1.603983
-0.02603488 -0.7501094 2.027895
0.1783815 -0.2758078 1.231558
-0.05879734 -0.8271948 1.961834
0.1927733 -0.3628004 1.221845
9
-0.0254258 -0.006679126 2.049427
-0.1039213 -0.01997375 2.016498
0.05333491 0.01012976 2.007558
-0.05662885 -0.3924805 1.99499
0.1338333 -0.100312 1.603983
-0.02603488 -0.7501094 2.027895
0.1783815 -0.2758078 1.231558
-0.05879734 -0.8271948 1.961834
0.1927733 -0.3628004 1.221845
9
-0.03191875 -0.006064135 2.045567
-0.1126843 -0.01935076 2.010415
0.04888675 0.009653476 2.004256
-0.05412865 -0.3842943 1.990746
0.1157834 -0.04818 1.566985
-0.02394253 -0.7484747 2.024389
0.1541815 -0.2016301 1.301762
-0.05684841 -0.8261161 1.960133
0.1931152 -0.2115479 1.167969
9
-0.03191875 -0.006064135 2.045567
-0.1126843 -0.01935076 2.010415
0.04888675 0.009653476 2.004256
-0.05412865 -0.3842943 1.990746
0.1157834 -0.04818 1.566985
-0.02394253 -0.7484747 2.024389
0.1541815 -0.2016301 1.301762
-0.05684841 -0.8261161 1.960133
0.1931152 -0.2115479 1.167969
9
-0.04321503 -0.003710454 2.045672
-0.1279325 -0.01693862 2.009743
0.04231606 0.01083039 2.004343
-0.05316169 -0.371626 1.98643
0.09952495 0.02767033 1.593408
-0.02280717 -0.7492474 2.020144
0.1563816 -0.09367698 1.315454
-0.05724424 -0.8277671 1.96105
0.1879547 -0.06362723 1.149109
9
-0.04321503 -0.003710454 2.045672
-0.1279325 -0.01693862 2.009743
0.04231606 0.01083039 2.004343
-0.05316169 -0.371626 1.98643
0.09952495 0.02767033 1.593408
-0.02280717 -0.7492474 2.020144
0.1563816 -0.09367698 1.315454
-0.05724424 -0.8277671 1.96105
0.1879547 -0.06362723 1.149109
9
-0.1017512 -0.009504132 2.072597
-0.1866192 -0.01728131 2.039492
-0.01302067 -0.001366244 2.027866
-0.053107 -0.369895 1.986028
0.09847109 0.08693446 1.582598
-0.0222432 -0.7502147 2.01711
0.1553606 -0.03462751 1.304792
-0.05884847 -0.829154 1.963796
0.1800695 0.02869219 1.149264
9
-0.1017512 -0.009504132 2.072597
-0.1866192 -0.01728131 2.039492
-0.01302067 -0.001366244 2.027866
-0.053107 -0.369895 1.986028
0.09847109 0.08693446 1.582598
-0.0222432 -0.7502147 2.01711
0.1553606 -0.03462751 1.304792
-0.05884847 -0.829154 1.963796
0.1800695 0.02869219 1.149264
9
-0.1012562 -0.009205093 2.071956
-0.1862407 -0.01723331 2.038911
-0.01237875 -0.0007477847 2.027126
-0.05010656 -0.3606622 1.98443
0.1043329 0.1320419 1.563626
-0.02177759 -0.7499688 2.014694
0.1601316 0.05713905 1.269833
-0.05754564 -0.8292158 1.961296
0.1916188 0.1153945 1.115086
9
-0.1012562 -0.009205093 2.071956
-0.1862407 -0.01723331 2.038911
-0.01237875 -0.0007477847 2.027126
-0.05010656 -0.3606622 1.98443
0.1043329 0.1320419 1.563626
-0.02177759 -0.7499688 2.014694
0.1601316 0.05713905 1.269833
-0.05754564 -0.8292158 1.961296
0.1916188 0.1153945 1.115086
9
-0.1008698 -0.008960589 2.070706
-0.1857764 -0.01713069 2.035987
-0.0121186 -0.0005121814 2.026806
-0.04946589 -0.3604715 1.984054
0.09800046 0.1735648 1.590191
-0.02203032 -0.7490887 2.014014
0.2261454 0.1509595 1.197873
-0.05641121 -0.8284225 1.958403
0.1940918 0.2592773 1.089844
9
-0.1008698 -0.008960589 2.070706
-0.1857764 -0.01713069 2.035987
-0.0121186 -0.0005121814 2.026806
-0.04946589 -0.3604715 1.984054
0.09800046 0.1735648 1.590191
-0.02203032 -0.7490887 2.014014
0.2261454 0.1509595 1.197873
-0.05641121 -0.8284225 1.958403
0.1940918 0.2592773 1.089844
9
-0.1007367 -0.008969027 2.069218
-0.1855549 -0.01754434 2.034283
-0.01206845 -0.0001797115 2.025678
-0.04766744 -0.3492518 1.979419
0.100076 0.1871703 1.580788
-0.02114259 -0.7496895 2.012281
0.2305811 0.1912141 1.18847
-0.05558509 -0.8290528 1.956984
0.2025415 0.2967129 1.090699
9
-0.1007367 -0.008969027 2.069218
-0.1855549 -0.01754434 2.034283
-0.01206845 -0.0001797115 2.025678
-0.04766744 -0.3492518 1.979419
0.100076 0.1871703 1.580788
-0.02114259 -0.7496895 2.012281
0.2305811 0.1912141 1.18847
-0.05558509 -0.8290528 1.956984
0.2025415 0.2967129 1.090699
9
-0.1007386 -0.008812532 2.067523
-0.1855639 -0.01770812 2.032499
-0.01206561 0.0002826527 2.024233
-0.04691093 -0.3469388 1.977792
0.1010161 0.1925727 1.581774
-0.02113956 -0.7473754 2.011223
0.2321417 0.19132 1.189653
-0.05429531 -0.8276646 1.958023
0.2044805 0.3002351 1.090178
9
-0.1007386 -0.008812532 2.067523
-0.1855639 -0.01770812 2.032499
-0.01206561 0.0002826527 2.024233
-0.04691093 -0.3469388 1.977792
0.1010161 0.1925727 1.581774
-0.02113956 -0.7473754 2.011223
0.2321417 0.19132 1.189653
-0.05429531 -0.8276646 1.958023
0.2044805 0.3002351 1.090178
9
-0.1007593 -0.00874733 2.065663
-0.185526 -0.01796095 2.031097
-0.01215846 0.000776307 2.021981
-0.04598277 -0.3468918 1.976987
0.102977 0.1948181 1.58086
-0.02083585 -0.7452492 2.007957
0.2512305 0.1523456 1.197071
-0.05297332 -0.8265689 1.958708
0.2129587 0.1628356 1.065287
9
-0.1007593 -0.00874733 2.065663
-0.185526 -0.01796095 2.031097
-0.01215846 0.000776307 2.021981
-0.04598277 -0.3468918 1.976987
0.102977 0.1948181 1.58086
-0.02083585 -0.7452492 2.007957
0.2512305 0.1523456 1.197071
-0.05297332 -0.8265689 1.958708
0.2129587 0.1628356 1.065287
9
-0.09999505 -0.008662396 2.064023
-0.1848607 -0.0181467 2.02978
-0.01132943 0.001181725 2.020093
-0.04479859 -0.3488584 1.975519
0.1058383 0.1951406 1.579486
-0.02011989 -0.7458741 2.00705
0.2602879 0.1292384 1.201373
-0.05183221 -0.8274115 1.958408
0.2172132 0.1649776 1.078656
9
-0.09999505 -0.008662396 2.064023
-0.1848607 -0.0181467 2.02978
-0.01132943 0.001181725 2.020093
-0.04479859 -0.3488584 1.975519
0.1058383 0.1951406 1.579486
-0.02011989 -0.7458741 2.00705
0.2602879 0.1292384 1.201373
-0.05183221 -0.8274115 1.958408
0.2172132 0.1649776 1.078656
9
-0.09652073 -0.008023091 2.060897
-0.1820944 -0.01818528 2.027174
-0.007194354 0.002597947 2.016495
-0.0437171 -0.3489084 1.974525
0.1195924 0.1725284 1.568425
-0.01863025 -0.7481458 2.006392
0.197676 0.1064024 1.277532
-0.05351421 -0.8287629 1.959598
0.2292222 0.1364054 1.113126
9
-0.09652073 -0.008023091 2.060897
-0.1820944 -0.01818528 2.027174
-0.007194354 0.002597947 2.016495
-0.0437171 -0.3489084 1.974525
0.1195924 0.1725284 1.568425
-0.01863025 -0.7481458 2.006392
0.197676 0.1064024 1.277532
-0.05351421 -0.8287629 1.959598
0.2292222 0.1364054 1.113126
9
-0.07287209 -0.005978139 2.051939
-0.1571069 -0.01926902 2.016945
0.01448417 0.007393395 2.0088
-0.04357295 -0.3534512 1.974226
0.131171 0.1552037 1.561685
-0.01842029 -0.7482559 2.006234
0.2072124 0.07956482 1.272536
-0.05328565 -0.8288715 1.959452
0.1925888 0.03864943 1.123258
9
-0.07287209 -0.005978139 2.051939
-0.1571069 -0.01926902 2.016945
0.01448417 0.007393395 2.0088
-0.04357295 -0.3534512 1.974226
0.131171 0.1552037 1.561685
-0.01842029 -0.7482559 2.006234
0.2072124 0.07956482 1.272536
-0.05328565 -0.8288715 1.959452
0.1925888 0.03864943 1.123258
9
-0.06864381 -0.006301416 2.051494
-0.1530536 -0.0201901 2.016794
0.01864538 0.007727838 2.008122
-0.04224913 -0.3521604 1.973526
0.1440622 0.1107664 1.563767
-0.01774611 -0.7493584 2.005913
0.2242676 -0.002357751 1.242407
-0.05331225 -0.8297175 1.959336
0.2086421 -0.04082805 1.093182
9
-0.06864381 -0.006301416 2.051494
-0.1530536 -0.0201901 2.016794
0.01864538 0.007727838 2.008122
-0.04224913 -0.3521604 1.973526
0.1440622 0.1107664 1.563767
-0.01774611 -0.7493584 2.005913
0.2242676 -0.002357751 1.242407
-0.05331225 -0.8297175 1.959336
0.2086421 -0.04082805 1.093182
9
-0.06537036 -0.00613253 2.052644
-0.1499753 -0.02093136 2.017935
0.02212149 0.008906915 2.009395
-0.04127666 -0.3519821 1.973671
0.1663448 0.07273363 1.542934
-0.01737741 -0.7494711 2.005764
0.2293203 -0.09000476 1.257928
-0.05355079 -0.8295242 1.958605
0.2614746 -0.0645752 1.115234
9
-0.06537036 -0.00613253 2.052644
-0.1499753 -0.02093136 2.017935
0.02212149 0.008906915 2.009395
-0.04127666 -0.3519821 1.973671
0.1663448 0.07273363 1.542934
-0.01737741 -0.7494711 2.005764
0.2293203 -0.09000476 1.257928
-0.05355079 -0.8295242 1.958605
0.2614746 -0.0645752 1.115234
9
-0.0583819 -0.005681119 2.053436
-0.1419286 -0.02192111 2.018839
0.0278874 0.01058705 2.010112
-0.04061632 -0.3508775 1.97422
0.1545151 0.03869179 1.600101
-0.01717514 -0.7493243 2.005957
0.2348164 -0.1859472 1.261115
-0.0541894 -0.8285043 1.955054
0.2719727 -0.1428223 1.129883
9
-0.0583819 -0.005681119 2.053436
-0.1419286 -0.02192111 2.018839
0.0278874 0.01058705 2.010112
-0.04061632 -0.3508775 1.97422
0.1545151 0.03869179 1.600101
-0.01717514 -0.7493243 2.005957
0.2348164 -0.1859472 1.261115
-0.0541894 -0.8285043 1.955054
0.2719727 -0.1428223 1.129883
9
-0.05462215 -0.006198015 2.054454
-0.1359746 -0.02357922 2.019521
0.02987177 0.01085643 2.011283
-0.03884405 -0.3536752 1.975122
0.1637651 -0.02661656 1.58445
-0.01655139 -0.7503098 2.006461
0.2539541 -0.1985938 1.33668
-0.05447344 -0.8290077 1.954964
0.2351376 -0.2319992 1.188299
9
-0.05462215 -0.006198015 2.054454
-0.1359746 -0.02357922 2.019521
0.02987177 0.01085643 2.011283
-0.03884405 -0.3536752 1.975122
0.1637651 -0.02661656 1.58445
-0.01655139 -0.7503098 2.006461
0.2539541 -0.1985938 1.33668
-0.05447344 -0.8290077 1.954964
0.2351376 -0.2319992 1.188299
