40
9
0.08741276 -0.2312729 2.143042
0.005548405 -0.2384452 2.126918
0.1653546 -0.2160477 2.083369
0.05210874 -0.6252159 2.098962
0.1759244 -0.3053212 1.662919
0.07882619 -0.9675629 2.132223
0.1703255 -0.4850681 1.289426
0.05770754 -1.049358 2.06859
0.1238724 -0.5168701 1.149495
9
0.08741276 -0.2312729 2.143042
0.005548405 -0.2384452 2.126918
0.1653546 -0.2160477 2.083369
0.05210874 -0.6252159 2.098962
0.1759244 -0.3053212 1.662919
0.07882619 -0.9675629 2.132223
0.1703255 -0.4850681 1.289426
0.05770754 -1.049358 2.06859
0.1238724 -0.5168701 1.149495
9
0.07718196 -0.2328409 2.142406
-0.007432249 -0.2399883 2.126603
0.1584737 -0.217414 2.082396
0.0526492 -0.6133422 2.092717
0.1709429 -0.2304396 1.659366
0.07906541 -0.9668291 2.129095
0.1615615 -0.3582972 1.265843
0.05785899 -1.050456 2.072429
0.1156414 -0.3928861 1.124667
9
0.07718196 -0.2328409 2.142406
-0.007432249 -0.2399883 2.126603
0.1584737 -0.217414 2.082396
0.0526492 -0.6133422 2.092717
0.1709429 -0.2304396 1.659366
0.07906541 -0.9668291 2.129095
0.1615615 -0.3582972 1.265843
0.05785899 -1.050456 2.072429
0.1156414 -0.3928861 1.124667
9
0.05429057 -0.2379634 2.144009
-0.02552331 -0.2406715 2.128072
0.1314156 -0.2278359 2.083867
0.05254194 -0.6079379 2.089232
0.164217 -0.1461104 1.689952
0.0771244 -0.9645588 2.1249
0.1409505 -0.2254861 1.285199
0.03453964 -0.9936104 1.985307
0.1231318 -0.2880836 1.172676
9
0.05429057 -0.2379634 2.144009
-0.02552331 -0.2406715 2.128072
0.1314156 -0.2278359 2.083867
0.05254194 -0.6079379 2.089232
0.164217 -0.1461104 1.689952
0.0771244 -0.9645588 2.1249
0.1409505 -0.2254861 1.285199
0.03453964 -0.9936104 1.985307
0.1231318 -0.2880836 1.172676
9
0.04901208 -0.2428328 2.14148
-0.03047369 -0.2427326 2.126381
0.1264078 -0.2356678 2.080259
0.05130122 -0.5992536 2.084764
0.1712427 -0.198473 1.66828
0.07606404 -0.9603397 2.113935
0.1479584 -0.2778191 1.263382
0.03359272 -0.9893036 1.974273
0.1143188 -0.1766357 1.173828
9
0.04901208 -0.2428328 2.14148
-0.03047369 -0.2427326 2.126381
0.1264078 -0.2356678 2.080259
0.05130122 -0.5992536 2.084764
0.1712427 -0.198473 1.66828
0.07606404 -0.9603397 2.113935
0.1479584 -0.2778191 1.263382
0.03359272 -0.9893036 1.974273
0.1143188 -0.1766357 1.173828
9
0.0407822 -0.2450274 2.135765
-0.04167592 -0.2429809 2.119942
0.1210333 -0.2387433 2.075243
0.05238452 -0.5852753 2.077247
0.1663005 -0.1921661 1.666757
0.07649742 -0.9606946 2.107792
0.1430229 -0.2715285 1.261875
0.0340694 -0.9894142 1.968044
0.1083252 -0.133361 1.184366
9
0.0407822 -0.2450274 2.135765
-0.04167592 -0.2429809 2.119942
0.1210333 -0.2387433 2.075243
0.05238452 -0.5852753 2.077247
0.1663005 -0.1921661 1.666757
0.07649742 -0.9606946 2.107792
0.1430229 -0.2715285 1.261875
0.0340694 -0.9894142 1.968044
0.1083252 -0.133361 1.184366
9
0.0407822 -0.2450274 2.135765
-0.04167592 -0.2429809 2.119942
0.1210333 -0.2387433 2.075243
0.05238452 -0.5852753 2.077247
0.1663005 -0.1921661 1.666757
0.07649742 -0.9606946 2.107792
0.1430229 -0.2715285 1.261875
0.0340694 -0.9894142 1.968044
0.1083252 -0.133361 1.184366
9
0.0407822 -0.2450274 2.135765
-0.04167592 -0.2429809 2.119942
0.1210333 -0.2387433 2.075243
0.05238452 -0.5852753 2.077247
0.1663005 -0.1921661 1.666757
0.07649742 -0.9606946 2.107792
0.1430229 -0.2715285 1.261875
0.0340694 -0.9894142 1.968044
0.1083252 -0.133361 1.184366
9
0.03473067 -0.2380194 2.146807
-0.04744485 -0.2318544 2.127389
0.1145425 -0.2355033 2.09199
0.05356631 -0.5598222 2.062391
0.1652225 -0.2259915 1.697942
0.07751635 -0.9581717 2.101365
0.1419296 -0.3052134 1.293007
0.03688688 -0.9871119 1.961024
0.1110236 -0.1654898 1.215746
9
0.03473067 -0.2380194 2.146807
-0.04744485 -0.2318544 2.127389
0.1145425 -0.2355033 2.09199
0.05356631 -0.5598222 2.062391
0.1652225 -0.2259915 1.697942
0.07751635 -0.9581717 2.101365
0.1419296 -0.3052134 1.293007
0.03688688 -0.9871119 1.961024
0.1110236 -0.1654898 1.215746
9
0.03473067 -0.2380194 2.146807
-0.04744485 -0.2318544 2.127389
0.1145425 -0.2355033 2.09199
0.05356631 -0.5598222 2.062391
0.1652225 -0.2259915 1.697942
0.07751635 -0.9581717 2.101365
0.1419296 -0.3052134 1.293007
0.03688688 -0.9871119 1.961024
0.1110236 -0.1654898 1.215746
9
0.03473067 -0.2380194 2.146807
-0.04744485 -0.2318544 2.127389
0.1145425 -0.2355033 2.09199
0.05356631 -0.5598222 2.062391
0.1652225 -0.2259915 1.697942
0.07751635 -0.9581717 2.101365
0.1419296 -0.3052134 1.293007
0.03688688 -0.9871119 1.961024
0.1110236 -0.1654898 1.215746
9
0.03473067 -0.2380194 2.146807
-0.04744485 -0.2318544 2.127389
0.1145425 -0.2355033 2.09199
0.05356631 -0.5598222 2.062391
0.1652225 -0.2259915 1.697942
0.07751635 -0.9581717 2.101365
0.1419296 -0.3052134 1.293007
0.03688688 -0.9871119 1.961024
0.1110236 -0.1654898 1.215746
9
0.03473067 -0.2380194 2.146807
-0.04744485 -0.2318544 2.127389
0.1145425 -0.2355033 2.09199
0.05356631 -0.5598222 2.062391
0.1652225 -0.2259915 1.697942
0.07751635 -0.9581717 2.101365
0.1419296 -0.3052134 1.293007
0.03688688 -0.9871119 1.961024
0.1110236 -0.1654898 1.215746
9
0.03827878 -0.2370693 2.149035
-0.04169327 -0.226213 2.129482
0.1179957 -0.2379547 2.094587
0.05251502 -0.5647836 2.060193
0.2017528 -0.3033205 1.682405
0.07743105 -0.954049 2.098607
0.178391 -0.3823944 1.277253
0.03796578 -0.9833217 1.957948
0.1468436 -0.2407629 1.199893
9
0.03827878 -0.2370693 2.149035
-0.04169327 -0.226213 2.129482
0.1179957 -0.2379547 2.094587
0.05251502 -0.5647836 2.060193
0.2017528 -0.3033205 1.682405
0.07743105 -0.954049 2.098607
0.178391 -0.3823944 1.277253
0.03796578 -0.9833217 1.957948
0.1468436 -0.2407629 1.199893
9
0.03312362 -0.2388075 2.151666
-0.04808821 -0.2279698 2.132102
0.1136482 -0.2401625 2.096582
0.05233158 -0.5646737 2.059354
0.1484149 -0.2404554 1.701414
0.07723813 -0.9535635 2.09812
0.1251352 -0.3196445 1.296449
0.03922352 -0.9829251 1.956987
0.103217 -0.1786181 1.217556
9
0.03312362 -0.2388075 2.151666
-0.04808821 -0.2279698 2.132102
0.1136482 -0.2401625 2.096582
0.05233158 -0.5646737 2.059354
0.1484149 -0.2404554 1.701414
0.07723813 -0.9535635 2.09812
0.1251352 -0.3196445 1.296449
0.03922352 -0.9829251 1.956987
0.103217 -0.1786181 1.217556
9
0.02087351 -0.244277 2.154144
-0.06282081 -0.234899 2.134295
0.1036277 -0.2447469 2.098597
0.05022489 -0.5638669 2.058583
0.1131986 -0.1723195 1.715402
0.07712626 -0.9536075 2.097489
0.08996799 -0.2516072 1.310612
0.03749201 -0.9830014 1.956943
0.0868628 -0.1188506 1.212222
9
0.02087351 -0.244277 2.154144
-0.06282081 -0.234899 2.134295
0.1036277 -0.2447469 2.098597
0.05022489 -0.5638669 2.058583
0.1131986 -0.1723195 1.715402
0.07712626 -0.9536075 2.097489
0.08996799 -0.2516072 1.310612
0.03749201 -0.9830014 1.956943
0.0868628 -0.1188506 1.212222
9
0.02087351 -0.244277 2.154144
-0.06282081 -0.234899 2.134295
0.1036277 -0.2447469 2.098597
0.05022489 -0.5638669 2.058583
0.1131986 -0.1723195 1.715402
0.07712626 -0.9536075 2.097489
0.08996799 -0.2516072 1.310612
0.03749201 -0.9830014 1.956943
0.0868628 -0.1188506 1.212222
9
0.02087351 -0.244277 2.154144
-0.06282081 -0.234899 2.134295
0.1036277 -0.2447469 2.098597
0.05022489 -0.5638669 2.058583
0.1131986 -0.1723195 1.715402
0.07712626 -0.9536075 2.097489
0.08996799 -0.2516072 1.310612
0.03749201 -0.9830014 1.956943
0.0868628 -0.1188506 1.212222
9
0.02087351 -0.244277 2.154144
-0.06282081 -0.234899 2.134295
0.1036277 -0.2447469 2.098597
0.05022489 -0.5638669 2.058583
0.1131986 -0.1723195 1.715402
0.07712626 -0.9536075 2.097489
0.08996799 -0.2516072 1.310612
0.03749201 -0.9830014 1.956943
0.0868628 -0.1188506 1.212222
9
0.02087351 -0.244277 2.154144
-0.06282081 -0.234899 2.134295
0.1036277 -0.2447469 2.098597
0.05022489 -0.5638669 2.058583
0.1131986 -0.1723195 1.715402
0.07712626 -0.9536075 2.097489
0.08996799 -0.2516072 1.310612
0.03749201 -0.9830014 1.956943
0.0868628 -0.1188506 1.212222
9
0.03087562 -0.2542199 2.144611
-0.05110414 -0.2509439 2.12447
0.1125663 -0.2500272 2.088433
0.03985934 -0.6040162 2.068296
0.1654843 -0.169008 1.642007
0.07746933 -0.9549965 2.097307
0.1378948 -0.2465692 1.237088
0.03866882 -0.9844013 1.956485
0.1082338 -0.3058618 1.125593
9
0.03087562 -0.2542199 2.144611
-0.05110414 -0.2509439 2.12447
0.1125663 -0.2500272 2.088433
0.03985934 -0.6040162 2.068296
0.1654843 -0.169008 1.642007
0.07746933 -0.9549965 2.097307
0.1378948 -0.2465692 1.237088
0.03866882 -0.9844013 1.956485
0.1082338 -0.3058618 1.125593
9
0.04271383 -0.2559482 2.138366
-0.04002388 -0.2542266 2.118728
0.1242474 -0.2492731 2.081856
0.04041365 -0.6099513 2.070678
0.1724397 -0.2436813 1.621185
0.08057038 -0.959323 2.099649
0.1544693 -0.3563397 1.2234
0.04217452 -0.988701 1.958697
0.1342563 -0.4420551 1.152521
9
0.04271383 -0.2559482 2.138366
-0.04002388 -0.2542266 2.118728
0.1242474 -0.2492731 2.081856
0.04041365 -0.6099513 2.070678
0.1724397 -0.2436813 1.621185
0.08057038 -0.959323 2.099649
0.1544693 -0.3563397 1.2234
0.04217452 -0.988701 1.958697
0.1342563 -0.4420551 1.152521
9
0.06126263 -0.2500618 2.135031
-0.02641863 -0.2524427 2.118338
0.1483653 -0.2374028 2.07442
0.04176718 -0.6155746 2.073611
0.1784607 -0.3229409 1.612943
0.08346746 -0.9652294 2.108077
0.167322 -0.5248653 1.260279
0.04483202 -0.9948012 1.967301
0.1587524 -0.4464889 1.144863
9
0.06126263 -0.2500618 2.135031
-0.02641863 -0.2524427 2.118338
0.1483653 -0.2374028 2.07442
0.04176718 -0.6155746 2.073611
0.1784607 -0.3229409 1.612943
0.08346746 -0.9652294 2.108077
0.167322 -0.5248653 1.260279
0.04483202 -0.9948012 1.967301
0.1587524 -0.4464889 1.144863
9
0.07411475 -0.2458141 2.137406
-0.01136991 -0.2500563 2.12055
0.1577106 -0.2325274 2.077369
0.04212553 -0.6151208 2.074009
0.1863643 -0.3870644 1.643829
0.08337522 -0.9653542 2.108204
0.2242153 -0.5825017 1.408644
0.04385807 -0.995472 1.967974
0.1818848 -0.5864258 1.267578
9
0.07411475 -0.2458141 2.137406
-0.01136991 -0.2500563 2.12055
0.1577106 -0.2325274 2.077369
0.04212553 -0.6151208 2.074009
0.1863643 -0.3870644 1.643829
0.08337522 -0.9653542 2.108204
0.2242153 -0.5825017 1.408644
0.04385807 -0.995472 1.967974
0.1818848 -0.5864258 1.267578
9
0.07959829 -0.2428045 2.137119
-0.005407839 -0.2475606 2.120391
0.1621712 -0.2293328 2.077217
0.04369885 -0.6184236 2.077384
0.1982409 -0.437939 1.689445
0.08428197 -0.9672186 2.111425
0.238807 -0.6679601 1.487797
0.04402727 -0.9976217 1.971586
0.2048254 -0.6909294 1.362142
9
0.07959829 -0.2428045 2.137119
-0.005407839 -0.2475606 2.120391
0.1621712 -0.2293328 2.077217
0.04369885 -0.6184236 2.077384
0.1982409 -0.437939 1.689445
0.08428197 -0.9672186 2.111425
0.238807 -0.6679601 1.487797
0.04402727 -0.9976217 1.971586
0.2048254 -0.6909294 1.362142
9
0.08240154 -0.2411838 2.13766
-0.0009897768 -0.2454826 2.121845
0.1636178 -0.2281878 2.077254
0.04545756 -0.6245575 2.08178
0.2074707 -0.4912524 1.734068
0.08449934 -0.9711629 2.117656
0.258403 -0.7612412 1.568376
0.0433412 -1.00187 1.9783
0.2118635 -0.8001072 1.457606
9
0.08240154 -0.2411838 2.13766
-0.0009897768 -0.2454826 2.121845
0.1636178 -0.2281878 2.077254
0.04545756 -0.6245575 2.08178
0.2074707 -0.4912524 1.734068
0.08449934 -0.9711629 2.117656
0.258403 -0.7612412 1.568376
0.0433412 -1.00187 1.9783
0.2118635 -0.8001072 1.457606
