40
9
-0.1148342 -0.02670116 2.389159
-0.1905725 -0.03421035 2.359326
-0.03548607 -0.01820374 2.341066
-0.18635 -0.4192821 2.333887
0.02802141 -0.3830412 2.150435
-0.1517003 -0.7729797 2.318288
0.08553009 -0.7165163 2.160969
-0.2133682 -0.8589387 2.330725
0.09233695 -0.7878472 2.068407
9
-0.1148342 -0.02670116 2.389159
-0.1905725 -0.03421035 2.359326
-0.03548607 -0.01820374 2.341066
-0.18635 -0.4192821 2.333887
0.02802141 -0.3830412 2.150435
-0.1517003 -0.7729797 2.318288
0.08553009 -0.7165163 2.160969
-0.2133682 -0.8589387 2.330725
0.09233695 -0.7878472 2.068407
9
-0.1211668 -0.02544778 2.386331
-0.1973764 -0.03354207 2.356605
-0.04108255 -0.01648426 2.338222
-0.1866471 -0.4229964 2.334104
0.016505 -0.3701121 2.096635
-0.154221 -0.7714839 2.318491
0.06640269 -0.6827862 2.067242
-0.1986316 -0.8485726 2.291765
0.07343088 -0.7322807 1.951453
9
-0.1211668 -0.02544778 2.386331
-0.1973764 -0.03354207 2.356605
-0.04108255 -0.01648426 2.338222
-0.1866471 -0.4229964 2.334104
0.016505 -0.3701121 2.096635
-0.154221 -0.7714839 2.318491
0.06640269 -0.6827862 2.067242
-0.1986316 -0.8485726 2.291765
0.07343088 -0.7322807 1.951453
9
-0.1298473 -0.02263568 2.384939
-0.2052889 -0.03225176 2.354464
-0.05044607 -0.01202785 2.337699
-0.1858007 -0.4278871 2.33305
0.005028139 -0.3410689 2.046914
-0.1546153 -0.7712539 2.318755
0.05092056 -0.6279991 1.965199
-0.2209771 -0.8570172 2.325375
0.05361938 -0.6621094 1.820313
9
-0.1298473 -0.02263568 2.384939
-0.2052889 -0.03225176 2.354464
-0.05044607 -0.01202785 2.337699
-0.1858007 -0.4278871 2.33305
0.005028139 -0.3410689 2.046914
-0.1546153 -0.7712539 2.318755
0.05092056 -0.6279991 1.965199
-0.2209771 -0.8570172 2.325375
0.05361938 -0.6621094 1.820313
9
-0.1298473 -0.02263568 2.384939
-0.2052889 -0.03225176 2.354464
-0.05044607 -0.01202785 2.337699
-0.1858007 -0.4278871 2.33305
0.005028139 -0.3410689 2.046914
-0.1546153 -0.7712539 2.318755
0.05092056 -0.6279991 1.965199
-0.2209771 -0.8570172 2.325375
0.05361938 -0.6621094 1.820313
9
-0.1298473 -0.02263568 2.384939
-0.2052889 -0.03225176 2.354464
-0.05044607 -0.01202785 2.337699
-0.1858007 -0.4278871 2.33305
0.005028139 -0.3410689 2.046914
-0.1546153 -0.7712539 2.318755
0.05092056 -0.6279991 1.965199
-0.2209771 -0.8570172 2.325375
0.05361938 -0.6621094 1.820313
9
-0.1406337 -0.01896217 2.382904
-0.2161767 -0.0300168 2.352104
-0.06063609 -0.007146515 2.336004
-0.1792775 -0.4446267 2.330489
-0.01397475 -0.2338676 1.968145
-0.155249 -0.7720233 2.318524
0.02984545 -0.4766721 1.786726
-0.2249143 -0.856993 2.326732
0.01317215 -0.5219907 1.626068
9
-0.1406337 -0.01896217 2.382904
-0.2161767 -0.0300168 2.352104
-0.06063609 -0.007146515 2.336004
-0.1792775 -0.4446267 2.330489
-0.01397475 -0.2338676 1.968145
-0.155249 -0.7720233 2.318524
0.02984545 -0.4766721 1.786726
-0.2249143 -0.856993 2.326732
0.01317215 -0.5219907 1.626068
9
-0.1578621 -0.01581172 2.378963
-0.2325303 -0.02678934 2.347262
-0.07804202 -0.004265666 2.33302
-0.1778898 -0.451648 2.329082
-0.02204362 -0.1814878 1.930188
-0.15836 -0.7690429 2.318135
-0.005446553 -0.5069711 1.676752
-0.2165527 -0.8452148 2.261719
-0.01186051 -0.4184526 1.528119
9
-0.1578621 -0.01581172 2.378963
-0.2325303 -0.02678934 2.347262
-0.07804202 -0.004265666 2.33302
-0.1778898 -0.451648 2.329082
-0.02204362 -0.1814878 1.930188
-0.15836 -0.7690429 2.318135
-0.005446553 -0.5069711 1.676752
-0.2165527 -0.8452148 2.261719
-0.01186051 -0.4184526 1.528119
9
-0.1654821 -0.01385415 2.376875
-0.2414061 -0.02402687 2.345733
-0.08435077 -0.003071057 2.330454
-0.1817436 -0.4669298 2.328838
-0.03428595 -0.1031086 1.92252
-0.1600143 -0.7709058 2.316461
0.0188562 -0.2989519 1.661343
-0.2163086 -0.8515625 2.332031
-0.02412502 -0.3159704 1.496351
9
-0.1654821 -0.01385415 2.376875
-0.2414061 -0.02402687 2.345733
-0.08435077 -0.003071057 2.330454
-0.1817436 -0.4669298 2.328838
-0.03428595 -0.1031086 1.92252
-0.1600143 -0.7709058 2.316461
0.0188562 -0.2989519 1.661343
-0.2163086 -0.8515625 2.332031
-0.02412502 -0.3159704 1.496351
9
-0.1663025 -0.01239007 2.374777
-0.2429953 -0.02496029 2.34426
-0.08409625 0.003583103 2.325881
-0.1803268 -0.4744682 2.328755
-0.04232952 -0.05195557 1.890342
-0.1603993 -0.7709699 2.314667
0.00969415 -0.2154076 1.634528
-0.185216 -0.842504 2.228908
-0.03832744 -0.2219236 1.469423
9
-0.1663025 -0.01239007 2.374777
-0.2429953 -0.02496029 2.34426
-0.08409625 0.003583103 2.325881
-0.1803268 -0.4744682 2.328755
-0.04232952 -0.05195557 1.890342
-0.1603993 -0.7709699 2.314667
0.00969415 -0.2154076 1.634528
-0.185216 -0.842504 2.228908
-0.03832744 -0.2219236 1.469423
9
-0.1741818 -0.00525898 2.373655
-0.2569795 -0.01904828 2.345203
-0.08742204 0.01023446 2.323973
-0.1768445 -0.4722399 2.326338
-0.04771365 -0.00761897 1.859107
-0.1607759 -0.7689645 2.313913
0.0004884464 -0.1529202 1.591768
-0.1840509 -0.841708 2.229342
-0.0577628 -0.1248522 1.432837
9
-0.1741818 -0.00525898 2.373655
-0.2569795 -0.01904828 2.345203
-0.08742204 0.01023446 2.323973
-0.1768445 -0.4722399 2.326338
-0.04771365 -0.00761897 1.859107
-0.1607759 -0.7689645 2.313913
0.0004884464 -0.1529202 1.591768
-0.1840509 -0.841708 2.229342
-0.0577628 -0.1248522 1.432837
9
-0.2002832 0.003792341 2.385912
-0.2905529 -0.008705025 2.361202
-0.10422 0.01642448 2.33288
-0.1636231 -0.4445642 2.315849
-0.05675833 0.03635316 1.838494
-0.1603427 -0.7619497 2.312265
-0.04776336 -0.1593977 1.474872
-0.1827498 -0.8356253 2.228693
-0.08239746 -0.04949951 1.379883
9
-0.2002832 0.003792341 2.385912
-0.2905529 -0.008705025 2.361202
-0.10422 0.01642448 2.33288
-0.1636231 -0.4445642 2.315849
-0.05675833 0.03635316 1.838494
-0.1603427 -0.7619497 2.312265
-0.04776336 -0.1593977 1.474872
-0.1827498 -0.8356253 2.228693
-0.08239746 -0.04949951 1.379883
9
-0.09214582 -0.0002359846 2.375201
-0.1790949 -0.0222798 2.3531
-0.002114315 0.02183149 2.319483
-0.1615902 -0.443624 2.315705
-0.05764549 0.1073918 1.907849
-0.1597048 -0.7628611 2.309759
-0.03193836 -0.01336156 1.514478
-0.1728893 -0.8388252 2.226473
-0.09863281 0.008483887 1.369141
9
-0.09214582 -0.0002359846 2.375201
-0.1790949 -0.0222798 2.3531
-0.002114315 0.02183149 2.319483
-0.1615902 -0.443624 2.315705
-0.05764549 0.1073918 1.907849
-0.1597048 -0.7628611 2.309759
-0.03193836 -0.01336156 1.514478
-0.1728893 -0.8388252 2.226473
-0.09863281 0.008483887 1.369141
9
-0.1006692 -0.01075558 2.370379
-0.1860152 -0.03318574 2.346961
-0.01214902 0.01182947 2.315906
-0.1586786 -0.4378241 2.31336
-0.05919755 0.1053139 1.903521
-0.1591446 -0.765685 2.306855
-0.03348694 -0.01544405 1.510148
-0.1729068 -0.8424277 2.225362
-0.10268 0.04167232 1.369515
9
-0.1006692 -0.01075558 2.370379
-0.1860152 -0.03318574 2.346961
-0.01214902 0.01182947 2.315906
-0.1586786 -0.4378241 2.31336
-0.05919755 0.1053139 1.903521
-0.1591446 -0.765685 2.306855
-0.03348694 -0.01544405 1.510148
-0.1729068 -0.8424277 2.225362
-0.10268 0.04167232 1.369515
9
-0.1220863 -0.01231608 2.370568
-0.1960079 -0.0314151 2.34423
-0.05008706 0.004414747 2.321836
-0.1582937 -0.4384846 2.31243
-0.1868628 0.1851252 1.983685
-0.1579665 -0.7676219 2.304498
-0.1609768 0.06439652 1.590437
-0.1729482 -0.8459462 2.226825
-0.176876 0.02393922 1.442224
9
-0.1220863 -0.01231608 2.370568
-0.1960079 -0.0314151 2.34423
-0.05008706 0.004414747 2.321836
-0.1582937 -0.4384846 2.31243
-0.1868628 0.1851252 1.983685
-0.1579665 -0.7676219 2.304498
-0.1609768 0.06439652 1.590437
-0.1729482 -0.8459462 2.226825
-0.176876 0.02393922 1.442224
9
-0.1216795 -0.01157275 2.369324
-0.1962957 -0.03087031 2.342915
-0.04589942 0.007156059 2.318646
-0.1571151 -0.4370414 2.310304
-0.2029894 0.241955 1.924863
-0.1577935 -0.7677531 2.302921
-0.17709 0.1210755 1.5317
-0.1737455 -0.8455514 2.224581
-0.1925637 0.0792084 1.383648
9
-0.1216795 -0.01157275 2.369324
-0.1962957 -0.03087031 2.342915
-0.04589942 0.007156059 2.318646
-0.1571151 -0.4370414 2.310304
-0.2029894 0.241955 1.924863
-0.1577935 -0.7677531 2.302921
-0.17709 0.1210755 1.5317
-0.1737455 -0.8455514 2.224581
-0.1925637 0.0792084 1.383648
9
-0.1216755 -0.01070486 2.36844
-0.1969282 -0.03013239 2.342026
-0.04429566 0.008871119 2.317131
-0.1566371 -0.4366647 2.309228
-0.2029838 0.2421151 1.924159
-0.1565276 -0.7693689 2.300642
-0.1770844 0.1212345 1.530996
-0.1736591 -0.8482645 2.225374
-0.1925297 0.07938848 1.382945
9
-0.1216755 -0.01070486 2.36844
-0.1969282 -0.03013239 2.342026
-0.04429566 0.008871119 2.317131
-0.1566371 -0.4366647 2.309228
-0.2029838 0.2421151 1.924159
-0.1565276 -0.7693689 2.300642
-0.1770844 0.1212345 1.530996
-0.1736591 -0.8482645 2.225374
-0.1925297 0.07938848 1.382945
9
-0.1217714 -0.01066318 2.368421
-0.1974613 -0.0300585 2.341956
-0.04411451 0.008952637 2.317117
-0.1559957 -0.4369648 2.307881
-0.2035276 0.240097 1.921935
-0.15531 -0.7713715 2.298979
-0.1776275 0.1192159 1.528769
-0.174029 -0.8503942 2.224963
-0.193366 0.07739211 1.380798
9
-0.1217714 -0.01066318 2.368421
-0.1974613 -0.0300585 2.341956
-0.04411451 0.008952637 2.317117
-0.1559957 -0.4369648 2.307881
-0.2035276 0.240097 1.921935
-0.15531 -0.7713715 2.298979
-0.1776275 0.1192159 1.528769
-0.174029 -0.8503942 2.224963
-0.193366 0.07739211 1.380798
9
-0.1195725 -0.01229128 2.361756
-0.1961799 -0.03378408 2.335398
-0.03983274 0.009477399 2.309443
-0.1549786 -0.4347737 2.307775
-0.2009557 0.2483118 1.90919
-0.1547695 -0.7720506 2.298163
-0.1750619 0.1274044 1.516038
-0.1752872 -0.8504825 2.223814
-0.1911115 0.08558851 1.368051
9
-0.1195725 -0.01229128 2.361756
-0.1961799 -0.03378408 2.335398
-0.03983274 0.009477399 2.309443
-0.1549786 -0.4347737 2.307775
-0.2009557 0.2483118 1.90919
-0.1547695 -0.7720506 2.298163
-0.1750619 0.1274044 1.516038
-0.1752872 -0.8504825 2.223814
-0.1911115 0.08558851 1.368051
9
-0.1163292 -0.0178792 2.358499
-0.1913339 -0.04507208 2.330549
-0.03770194 0.007692408 2.307671
-0.1533339 -0.433986 2.308073
-0.1956632 0.2553971 1.916016
-0.1539582 -0.7731494 2.297367
-0.1697768 0.13449 1.522872
-0.1770945 -0.8516511 2.224922
-0.1860442 0.09255169 1.374881
9
-0.1163292 -0.0178792 2.358499
-0.1913339 -0.04507208 2.330549
-0.03770194 0.007692408 2.307671
-0.1533339 -0.433986 2.308073
-0.1956632 0.2553971 1.916016
-0.1539582 -0.7731494 2.297367
-0.1697768 0.13449 1.522872
-0.1770945 -0.8516511 2.224922
-0.1860442 0.09255169 1.374881
9
-0.1169072 -0.02678743 2.359225
-0.1910788 -0.05661842 2.332167
-0.03865661 0.002686304 2.308031
-0.1530882 -0.4374842 2.309466
-0.06056492 0.06884944 1.834646
-0.1541251 -0.7719196 2.297097
-0.07160694 -0.1304387 1.473018
-0.1750646 -0.8502917 2.222865
-0.08642578 -0.02650452 1.365234
9
-0.1169072 -0.02678743 2.359225
-0.1910788 -0.05661842 2.332167
-0.03865661 0.002686304 2.308031
-0.1530882 -0.4374842 2.309466
-0.06056492 0.06884944 1.834646
-0.1541251 -0.7719196 2.297097
-0.07160694 -0.1304387 1.473018
-0.1750646 -0.8502917 2.222865
-0.08642578 -0.02650452 1.365234
9
-0.1126812 -0.0251218 2.361789
-0.1874898 -0.05304384 2.334513
-0.03335261 0.002944065 2.311368
-0.1547907 -0.4401803 2.311558
-0.05274367 0.03230948 1.852226
-0.15388 -0.7661924 2.297953
-0.05873528 -0.0669124 1.452103
-0.1727142 -0.7931992 2.151879
-0.08815607 -0.1270405 1.34072
9
-0.1126812 -0.0251218 2.361789
-0.1874898 -0.05304384 2.334513
-0.03335261 0.002944065 2.311368
-0.1547907 -0.4401803 2.311558
-0.05274367 0.03230948 1.852226
-0.15388 -0.7661924 2.297953
-0.05873528 -0.0669124 1.452103
-0.1727142 -0.7931992 2.151879
-0.08815607 -0.1270405 1.34072
