40
9
0.03133988 -0.008134536 1.932315
-0.04681556 -0.01450663 1.903336
0.1072184 -0.002760018 1.885365
-0.003929663 -0.443177 1.933037
0.1346145 -0.4521089 1.701916
0.03299863 -0.782627 1.947154
0.1652771 -0.7751955 1.665973
-0.0404241 -0.8274209 1.802205
0.1657275 -0.8291286 1.551209
9
0.02140444 -0.006045029 1.938724
-0.05704886 -0.01395966 1.91184
0.09824827 0.001285724 1.890224
-0.004997688 -0.4463403 1.933127
0.1085124 -0.3313279 1.57708
0.0199274 -0.7827122 1.943095
0.1465725 -0.6988832 1.657111
-0.02330654 -0.8206571 1.780655
0.05961534 -0.7972978 1.588034
9
0.02140444 -0.006045029 1.938724
-0.05704886 -0.01395966 1.91184
0.09824827 0.001285724 1.890224
-0.004997688 -0.4463403 1.933127
0.1085124 -0.3313279 1.57708
0.0199274 -0.7827122 1.943095
0.1465725 -0.6988832 1.657111
-0.02330654 -0.8206571 1.780655
0.05961534 -0.7972978 1.588034
9
0.01856987 -0.003950974 1.940752
-0.05926792 -0.01340625 1.912905
0.09496713 0.005995688 1.89371
-0.008558676 -0.43624 1.930597
0.1046678 -0.2434692 1.564854
0.01126694 -0.7658058 1.935842
0.10721 -0.4834149 1.396922
-0.0454534 -0.8122665 1.782799
0.08917236 -0.5117188 1.238281
9
0.01256446 -0.002947715 1.94262
-0.06656387 -0.01252782 1.915201
0.09081556 0.006887245 1.894949
-0.01222517 -0.4295966 1.929475
0.09928217 -0.2024726 1.524974
-0.0007792709 -0.7773468 1.946628
0.09791939 -0.4171815 1.329129
-0.0288004 -0.8123833 1.779338
0.06619696 -0.4442471 1.157812
9
0.01256446 -0.002947715 1.94262
-0.06656387 -0.01252782 1.915201
0.09081556 0.006887245 1.894949
-0.01222517 -0.4295966 1.929475
0.09928217 -0.2024726 1.524974
-0.0007792709 -0.7773468 1.946628
0.09791939 -0.4171815 1.329129
-0.0288004 -0.8123833 1.779338
0.06619696 -0.4442471 1.157812
9
0.01256446 -0.002947715 1.94262
-0.06656387 -0.01252782 1.915201
0.09081556 0.006887245 1.894949
-0.01222517 -0.4295966 1.929475
0.09928217 -0.2024726 1.524974
-0.0007792709 -0.7773468 1.946628
0.09791939 -0.4171815 1.329129
-0.0288004 -0.8123833 1.779338
0.06619696 -0.4442471 1.157812
9
0.006309994 -0.0005918263 1.944279
-0.07327566 -0.009761834 1.916284
0.08547797 0.008690776 1.89698
-0.0304284 -0.3836266 1.921098
0.08673694 -0.1469797 1.498814
-0.001062085 -0.760867 1.945527
0.05790034 -0.3881943 1.191945
-0.04443359 -0.8364258 1.858398
0.03657665 -0.3522893 1.055056
9
0.006309994 -0.0005918263 1.944279
-0.07327566 -0.009761834 1.916284
0.08547797 0.008690776 1.89698
-0.0304284 -0.3836266 1.921098
0.08673694 -0.1469797 1.498814
-0.001062085 -0.760867 1.945527
0.05790034 -0.3881943 1.191945
-0.04443359 -0.8364258 1.858398
0.03657665 -0.3522893 1.055056
9
0.006309994 -0.0005918263 1.944279
-0.07327566 -0.009761834 1.916284
0.08547797 0.008690776 1.89698
-0.0304284 -0.3836266 1.921098
0.08673694 -0.1469797 1.498814
-0.001062085 -0.760867 1.945527
0.05790034 -0.3881943 1.191945
-0.04443359 -0.8364258 1.858398
0.03657665 -0.3522893 1.055056
9
0.006309994 -0.0005918263 1.944279
-0.07327566 -0.009761834 1.916284
0.08547797 0.008690776 1.89698
-0.0304284 -0.3836266 1.921098
0.08673694 -0.1469797 1.498814
-0.001062085 -0.760867 1.945527
0.05790034 -0.3881943 1.191945
-0.04443359 -0.8364258 1.858398
0.03657665 -0.3522893 1.055056
9
0.006309994 -0.0005918263 1.944279
-0.07327566 -0.009761834 1.916284
0.08547797 0.008690776 1.89698
-0.0304284 -0.3836266 1.921098
0.08673694 -0.1469797 1.498814
-0.001062085 -0.760867 1.945527
0.05790034 -0.3881943 1.191945
-0.04443359 -0.8364258 1.858398
0.03657665 -0.3522893 1.055056
9
-0.05426642 0.01867266 1.942824
-0.1393152 0.01826875 1.915071
0.03294491 0.01835169 1.895146
-0.04759632 -0.3591253 1.922464
0.06990822 0.01857833 1.484901
0.01980095 -0.7331647 1.931336
0.05229362 -0.1702714 1.14364
-0.02717069 -0.834909 1.866892
0.002103806 -0.0970459 1.008789
9
-0.05426642 0.01867266 1.942824
-0.1393152 0.01826875 1.915071
0.03294491 0.01835169 1.895146
-0.04759632 -0.3591253 1.922464
0.06990822 0.01857833 1.484901
0.01980095 -0.7331647 1.931336
0.05229362 -0.1702714 1.14364
-0.02717069 -0.834909 1.866892
0.002103806 -0.0970459 1.008789
9
-0.05426642 0.01867266 1.942824
-0.1393152 0.01826875 1.915071
0.03294491 0.01835169 1.895146
-0.04759632 -0.3591253 1.922464
0.06990822 0.01857833 1.484901
0.01980095 -0.7331647 1.931336
0.05229362 -0.1702714 1.14364
-0.02717069 -0.834909 1.866892
0.002103806 -0.0970459 1.008789
9
-0.05426642 0.01867266 1.942824
-0.1393152 0.01826875 1.915071
0.03294491 0.01835169 1.895146
-0.04759632 -0.3591253 1.922464
0.06990822 0.01857833 1.484901
0.01980095 -0.7331647 1.931336
0.05229362 -0.1702714 1.14364
-0.02717069 -0.834909 1.866892
0.002103806 -0.0970459 1.008789
9
0.06718419 0.02101832 1.913686
-0.01671325 0.01109532 1.886229
0.1484673 0.03011708 1.865756
-0.00146803 -0.4494265 1.911878
0.0548454 0.09841799 1.470819
0.02593167 -0.7590325 1.932004
0.0635435 -0.07235703 1.120001
-0.04421848 -0.8542112 1.890906
-0.01847839 -0.01476288 0.9990234
9
0.06718419 0.02101832 1.913686
-0.01671325 0.01109532 1.886229
0.1484673 0.03011708 1.865756
-0.00146803 -0.4494265 1.911878
0.0548454 0.09841799 1.470819
0.02593167 -0.7590325 1.932004
0.0635435 -0.07235703 1.120001
-0.04421848 -0.8542112 1.890906
-0.01847839 -0.01476288 0.9990234
9
0.06706446 0.02080695 1.913964
-0.01675873 0.01105178 1.886426
0.1482391 0.02964843 1.866181
-0.002065846 -0.4440864 1.910606
0.05451046 0.09756508 1.471215
0.02651867 -0.7590332 1.931072
0.03606759 -0.07831767 1.123251
-0.03326297 -0.8472418 1.881976
-0.01883759 -0.0109472 0.9988883
9
0.06706446 0.02080695 1.913964
-0.01675873 0.01105178 1.886426
0.1482391 0.02964843 1.866181
-0.002065846 -0.4440864 1.910606
0.05451046 0.09756508 1.471215
0.02651867 -0.7590332 1.931072
0.03606759 -0.07831767 1.123251
-0.03326297 -0.8472418 1.881976
-0.01883759 -0.0109472 0.9988883
9
0.06666534 0.02063363 1.913859
-0.01704531 0.01100917 1.886339
0.1477199 0.02931283 1.866079
-0.00294088 -0.43836 1.908337
0.05343168 0.09647524 1.47113
0.02704269 -0.7594457 1.929852
0.06586007 -0.06932639 1.158633
-0.03101015 -0.8451734 1.880403
-0.01150436 -0.01378164 1.01091
9
0.06666534 0.02063363 1.913859
-0.01704531 0.01100917 1.886339
0.1477199 0.02931283 1.866079
-0.00294088 -0.43836 1.908337
0.05343168 0.09647524 1.47113
0.02704269 -0.7594457 1.929852
0.06586007 -0.06932639 1.158633
-0.03101015 -0.8451734 1.880403
-0.01150436 -0.01378164 1.01091
9
0.06602958 0.0203778 1.914098
-0.01746951 0.01094219 1.886719
0.1467926 0.02881831 1.866181
-0.003654281 -0.4380487 1.908029
0.05161898 0.09452792 1.471211
0.02707345 -0.7596712 1.929278
0.04472158 -0.07367357 1.118211
-0.03004891 -0.8445001 1.880171
-0.02022241 -0.007816145 0.9988745
9
0.06602958 0.0203778 1.914098
-0.01746951 0.01094219 1.886719
0.1467926 0.02881831 1.866181
-0.003654281 -0.4380487 1.908029
0.05161898 0.09452792 1.471211
0.02707345 -0.7596712 1.929278
0.04472158 -0.07367357 1.118211
-0.03004891 -0.8445001 1.880171
-0.02022241 -0.007816145 0.9988745
9
0.0827125 0.04689992 1.894844
-0.001507103 0.04083913 1.8656
0.1636785 0.05151971 1.848568
-0.003840188 -0.4495206 1.910764
0.03858796 0.09595541 1.459091
0.02715957 -0.7599342 1.928948
0.06890741 -0.0207791 1.253411
-0.02745121 -0.8439802 1.879416
0.01162981 -0.01691521 1.08347
9
0.0827125 0.04689992 1.894844
-0.001507103 0.04083913 1.8656
0.1636785 0.05151971 1.848568
-0.003840188 -0.4495206 1.910764
0.03858796 0.09595541 1.459091
0.02715957 -0.7599342 1.928948
0.06890741 -0.0207791 1.253411
-0.02745121 -0.8439802 1.879416
0.01162981 -0.01691521 1.08347
9
-0.008991227 0.03655548 1.940362
-0.1013875 0.03126775 1.914762
0.08381467 0.04042616 1.890579
-0.0034593 -0.4714179 1.923594
0.05606657 0.03289491 1.465813
0.02387989 -0.7501693 1.926654
0.0358207 -0.1631367 1.127738
-0.02414541 -0.8392168 1.871987
-0.02634626 -0.05918752 1.005443
9
-0.008991227 0.03655548 1.940362
-0.1013875 0.03126775 1.914762
0.08381467 0.04042616 1.890579
-0.0034593 -0.4714179 1.923594
0.05606657 0.03289491 1.465813
0.02387989 -0.7501693 1.926654
0.0358207 -0.1631367 1.127738
-0.02414541 -0.8392168 1.871987
-0.02634626 -0.05918752 1.005443
9
-0.007045165 0.03572617 1.940076
-0.09761128 0.02826216 1.914255
0.08470707 0.04065875 1.89042
0.0002085995 -0.475578 1.911073
0.05425792 0.01286022 1.480247
0.01770815 -0.7534378 1.931056
0.05751063 -0.1860749 1.165079
-0.0235513 -0.8381899 1.87047
-0.02451155 -0.1176781 1.026168
9
-0.007045165 0.03572617 1.940076
-0.09761128 0.02826216 1.914255
0.08470707 0.04065875 1.89042
0.0002085995 -0.475578 1.911073
0.05425792 0.01286022 1.480247
0.01770815 -0.7534378 1.931056
0.05751063 -0.1860749 1.165079
-0.0235513 -0.8381899 1.87047
-0.02451155 -0.1176781 1.026168
9
-0.007045165 0.03572617 1.940076
-0.09761128 0.02826216 1.914255
0.08470707 0.04065875 1.89042
0.0002085995 -0.475578 1.911073
0.05425792 0.01286022 1.480247
0.01770815 -0.7534378 1.931056
0.05751063 -0.1860749 1.165079
-0.0235513 -0.8381899 1.87047
-0.02451155 -0.1176781 1.026168
9
-0.007045165 0.03572617 1.940076
-0.09761128 0.02826216 1.914255
0.08470707 0.04065875 1.89042
0.0002085995 -0.475578 1.911073
0.05425792 0.01286022 1.480247
0.01770815 -0.7534378 1.931056
0.05751063 -0.1860749 1.165079
-0.0235513 -0.8381899 1.87047
-0.02451155 -0.1176781 1.026168
9
-0.007045165 0.03572617 1.940076
-0.09761128 0.02826216 1.914255
0.08470707 0.04065875 1.89042
0.0002085995 -0.475578 1.911073
0.05425792 0.01286022 1.480247
0.01770815 -0.7534378 1.931056
0.05751063 -0.1860749 1.165079
-0.0235513 -0.8381899 1.87047
-0.02451155 -0.1176781 1.026168
9
-0.007045165 0.03572617 1.940076
-0.09761128 0.02826216 1.914255
0.08470707 0.04065875 1.89042
0.0002085995 -0.475578 1.911073
0.05425792 0.01286022 1.480247
0.01770815 -0.7534378 1.931056
0.05751063 -0.1860749 1.165079
-0.0235513 -0.8381899 1.87047
-0.02451155 -0.1176781 1.026168
9
-0.007045165 0.03572617 1.940076
-0.09761128 0.02826216 1.914255
0.08470707 0.04065875 1.89042
0.0002085995 -0.475578 1.911073
0.05425792 0.01286022 1.480247
0.01770815 -0.7534378 1.931056
0.05751063 -0.1860749 1.165079
-0.0235513 -0.8381899 1.87047
-0.02451155 -0.1176781 1.026168
9
-0.007045165 0.03572617 1.940076
-0.09761128 0.02826216 1.914255
0.08470707 0.04065875 1.89042
0.0002085995 -0.475578 1.911073
0.05425792 0.01286022 1.480247
0.01770815 -0.7534378 1.931056
0.05751063 -0.1860749 1.165079
-0.0235513 -0.8381899 1.87047
-0.02451155 -0.1176781 1.026168
9
-0.007045165 0.03572617 1.940076
-0.09761128 0.02826216 1.914255
0.08470707 0.04065875 1.89042
0.0002085995 -0.475578 1.911073
0.05425792 0.01286022 1.480247
0.01770815 -0.7534378 1.931056
0.05751063 -0.1860749 1.165079
-0.0235513 -0.8381899 1.87047
-0.02451155 -0.1176781 1.026168
9
-0.01072452 0.02232743 1.948578
-0.09466569 0.01200884 1.92491
0.07392617 0.02926111 1.898181
-0.04794526 -0.3975827 1.923819
0.06983581 -0.2045912 1.529833
-0.04237237 -0.7697529 1.825976
0.05803682 -0.4279432 1.333719
-0.06471119 -0.8061563 1.679432
0.03662109 -0.4624023 1.192383
9
-0.01072452 0.02232743 1.948578
-0.09466569 0.01200884 1.92491
0.07392617 0.02926111 1.898181
-0.04794526 -0.3975827 1.923819
0.06983581 -0.2045912 1.529833
-0.04237237 -0.7697529 1.825976
0.05803682 -0.4279432 1.333719
-0.06471119 -0.8061563 1.679432
0.03662109 -0.4624023 1.192383
9
-0.01039753 0.01772825 1.949942
-0.09249538 0.00719041 1.927394
0.07271834 0.02579957 1.898284
-0.04026345 -0.4307892 1.93092
0.07200313 -0.2849888 1.543122
-0.01902535 -0.7395192 1.958136
0.06856244 -0.5242634 1.379473
-0.04318763 -0.7772622 1.811384
0.05219113 -0.5373133 1.242606
