40
9
-0.0852766 -0.01065753 2.171021
-0.1617288 -0.01704268 2.135416
-0.006138379 -0.003584243 2.128798
-0.1418456 -0.413704 2.13639
0.06510124 -0.3726498 1.935871
-0.082727 -0.7642214 2.162693
0.1222439 -0.7138149 1.932026
-0.1152847 -0.8329509 2.079045
0.1240317 -0.7730435 1.827115
9
-0.0852766 -0.01065753 2.171021
-0.1617288 -0.01704268 2.135416
-0.006138379 -0.003584243 2.128798
-0.1418456 -0.413704 2.13639
0.06510124 -0.3726498 1.935871
-0.082727 -0.7642214 2.162693
0.1222439 -0.7138149 1.932026
-0.1152847 -0.8329509 2.079045
0.1240317 -0.7730435 1.827115
9
-0.08845383 -0.008846056 2.17215
-0.1646508 -0.01682256 2.135795
-0.009654893 0.0004204667 2.131058
-0.1375004 -0.4120826 2.132759
0.06794538 -0.3332649 1.831953
-0.08315831 -0.7636026 2.162698
0.1271672 -0.6174811 1.743088
-0.1174195 -0.8391674 2.158819
0.1237183 -0.6557617 1.583008
9
-0.08845383 -0.008846056 2.17215
-0.1646508 -0.01682256 2.135795
-0.009654893 0.0004204667 2.131058
-0.1375004 -0.4120826 2.132759
0.06794538 -0.3332649 1.831953
-0.08315831 -0.7636026 2.162698
0.1271672 -0.6174811 1.743088
-0.1174195 -0.8391674 2.158819
0.1237183 -0.6557617 1.583008
9
-0.08845383 -0.008846056 2.17215
-0.1646508 -0.01682256 2.135795
-0.009654893 0.0004204667 2.131058
-0.1375004 -0.4120826 2.132759
0.06794538 -0.3332649 1.831953
-0.08315831 -0.7636026 2.162698
0.1271672 -0.6174811 1.743088
-0.1174195 -0.8391674 2.158819
0.1237183 -0.6557617 1.583008
9
-0.08845383 -0.008846056 2.17215
-0.1646508 -0.01682256 2.135795
-0.009654893 0.0004204667 2.131058
-0.1375004 -0.4120826 2.132759
0.06794538 -0.3332649 1.831953
-0.08315831 -0.7636026 2.162698
0.1271672 -0.6174811 1.743088
-0.1174195 -0.8391674 2.158819
0.1237183 -0.6557617 1.583008
9
-0.09001964 -0.006645432 2.172074
-0.1668304 -0.01561138 2.135377
-0.01044737 0.003610333 2.131259
-0.1314738 -0.4103025 2.130207
0.06553221 -0.2411435 1.752217
-0.08300714 -0.7624645 2.163006
0.106315 -0.5268222 1.484908
-0.1078157 -0.8305275 2.073636
0.1509611 -0.4784241 1.368217
9
-0.09001964 -0.006645432 2.172074
-0.1668304 -0.01561138 2.135377
-0.01044737 0.003610333 2.131259
-0.1314738 -0.4103025 2.130207
0.06553221 -0.2411435 1.752217
-0.08300714 -0.7624645 2.163006
0.106315 -0.5268222 1.484908
-0.1078157 -0.8305275 2.073636
0.1509611 -0.4784241 1.368217
9
-0.09001964 -0.006645432 2.172074
-0.1668304 -0.01561138 2.135377
-0.01044737 0.003610333 2.131259
-0.1314738 -0.4103025 2.130207
0.06553221 -0.2411435 1.752217
-0.08300714 -0.7624645 2.163006
0.106315 -0.5268222 1.484908
-0.1078157 -0.8305275 2.073636
0.1509611 -0.4784241 1.368217
9
-0.09001964 -0.006645432 2.172074
-0.1668304 -0.01561138 2.135377
-0.01044737 0.003610333 2.131259
-0.1314738 -0.4103025 2.130207
0.06553221 -0.2411435 1.752217
-0.08300714 -0.7624645 2.163006
0.106315 -0.5268222 1.484908
-0.1078157 -0.8305275 2.073636
0.1509611 -0.4784241 1.368217
9
-0.09001964 -0.006645432 2.172074
-0.1668304 -0.01561138 2.135377
-0.01044737 0.003610333 2.131259
-0.1314738 -0.4103025 2.130207
0.06553221 -0.2411435 1.752217
-0.08300714 -0.7624645 2.163006
0.106315 -0.5268222 1.484908
-0.1078157 -0.8305275 2.073636
0.1509611 -0.4784241 1.368217
9
-0.09001964 -0.006645432 2.172074
-0.1668304 -0.01561138 2.135377
-0.01044737 0.003610333 2.131259
-0.1314738 -0.4103025 2.130207
0.06553221 -0.2411435 1.752217
-0.08300714 -0.7624645 2.163006
0.106315 -0.5268222 1.484908
-0.1078157 -0.8305275 2.073636
0.1509611 -0.4784241 1.368217
9
-0.09885828 -0.00272849 2.167352
-0.1790786 -0.01306711 2.128954
-0.01605502 0.007933818 2.127788
-0.1204538 -0.3944561 2.125043
0.04191715 -0.03330102 1.71266
-0.08327932 -0.7591082 2.160007
0.08290094 -0.3204229 1.446178
-0.123291 -0.8344727 2.160156
0.09882227 -0.2580429 1.286035
9
-0.09885828 -0.00272849 2.167352
-0.1790786 -0.01306711 2.128954
-0.01605502 0.007933818 2.127788
-0.1204538 -0.3944561 2.125043
0.04191715 -0.03330102 1.71266
-0.08327932 -0.7591082 2.160007
0.08290094 -0.3204229 1.446178
-0.123291 -0.8344727 2.160156
0.09882227 -0.2580429 1.286035
9
-0.09953882 -0.00362029 2.167293
-0.1793139 -0.01311852 2.129263
-0.01750106 0.004877903 2.126695
-0.1152511 -0.383663 2.123571
0.02528392 0.008063479 1.675567
-0.08261301 -0.7549881 2.155508
0.1081137 -0.1142076 1.288386
-0.1053776 -0.8281101 2.073379
0.08276416 -0.04663837 1.176893
9
-0.09953882 -0.00362029 2.167293
-0.1793139 -0.01311852 2.129263
-0.01750106 0.004877903 2.126695
-0.1152511 -0.383663 2.123571
0.02528392 0.008063479 1.675567
-0.08261301 -0.7549881 2.155508
0.1081137 -0.1142076 1.288386
-0.1053776 -0.8281101 2.073379
0.08276416 -0.04663837 1.176893
9
-0.1020457 -0.007449118 2.167027
-0.1802961 -0.01308948 2.130085
-0.02228869 -0.007929936 2.123472
-0.1119426 -0.3750651 2.120336
0.01536482 0.0369782 1.663865
-0.08088818 -0.7542481 2.153568
0.108146 -0.08529205 1.278934
-0.1051979 -0.8280534 2.073564
0.07310793 -0.00493601 1.186479
9
-0.1020457 -0.007449118 2.167027
-0.1802961 -0.01308948 2.130085
-0.02228869 -0.007929936 2.123472
-0.1119426 -0.3750651 2.120336
0.01536482 0.0369782 1.663865
-0.08088818 -0.7542481 2.153568
0.108146 -0.08529205 1.278934
-0.1051979 -0.8280534 2.073564
0.07310793 -0.00493601 1.186479
9
-0.1020457 -0.007449118 2.167027
-0.1802961 -0.01308948 2.130085
-0.02228869 -0.007929936 2.123472
-0.1119426 -0.3750651 2.120336
0.01536482 0.0369782 1.663865
-0.08088818 -0.7542481 2.153568
0.108146 -0.08529205 1.278934
-0.1051979 -0.8280534 2.073564
0.07310793 -0.00493601 1.186479
9
-0.1020457 -0.007449118 2.167027
-0.1802961 -0.01308948 2.130085
-0.02228869 -0.007929936 2.123472
-0.1119426 -0.3750651 2.120336
0.01536482 0.0369782 1.663865
-0.08088818 -0.7542481 2.153568
0.108146 -0.08529205 1.278934
-0.1051979 -0.8280534 2.073564
0.07310793 -0.00493601 1.186479
9
-0.1110129 -0.0006403398 2.157185
-0.1913853 -0.001985328 2.123665
-0.02842779 -0.00140283 2.110935
-0.1098226 -0.3717048 2.119154
-0.002170779 0.1299951 1.682259
-0.07891785 -0.7511803 2.150362
0.09314944 0.008790451 1.297854
-0.1037528 -0.8267791 2.074272
0.05725051 0.1191786 1.188667
9
-0.1110129 -0.0006403398 2.157185
-0.1913853 -0.001985328 2.123665
-0.02842779 -0.00140283 2.110935
-0.1098226 -0.3717048 2.119154
-0.002170779 0.1299951 1.682259
-0.07891785 -0.7511803 2.150362
0.09314944 0.008790451 1.297854
-0.1037528 -0.8267791 2.074272
0.05725051 0.1191786 1.188667
9
-0.1471538 0.002060428 2.169148
-0.2336934 0.002893373 2.14385
-0.05604961 0.00100817 2.117606
-0.1075944 -0.3695465 2.117894
-0.002728275 0.1339954 1.6817
-0.07781984 -0.7503402 2.148364
0.09259361 0.01278703 1.297305
-0.1034914 -0.8266136 2.074342
0.05733167 0.1275056 1.195221
9
-0.1471538 0.002060428 2.169148
-0.2336934 0.002893373 2.14385
-0.05604961 0.00100817 2.117606
-0.1075944 -0.3695465 2.117894
-0.002728275 0.1339954 1.6817
-0.07781984 -0.7503402 2.148364
0.09259361 0.01278703 1.297305
-0.1034914 -0.8266136 2.074342
0.05733167 0.1275056 1.195221
9
-0.1508893 0.002801073 2.170133
-0.2351203 0.003045778 2.144077
-0.06241546 0.002660699 2.119405
-0.1044396 -0.3718645 2.116851
-0.01465283 0.1526775 1.684588
-0.07584914 -0.7496084 2.146134
0.08067305 0.03146457 1.300255
-0.1022878 -0.8269737 2.075329
0.05312305 0.1466838 1.196743
9
-0.1508893 0.002801073 2.170133
-0.2351203 0.003045778 2.144077
-0.06241546 0.002660699 2.119405
-0.1044396 -0.3718645 2.116851
-0.01465283 0.1526775 1.684588
-0.07584914 -0.7496084 2.146134
0.08067305 0.03146457 1.300255
-0.1022878 -0.8269737 2.075329
0.05312305 0.1466838 1.196743
9
-0.1484328 0.002421434 2.170087
-0.230804 0.003112577 2.143602
-0.06086662 0.001959694 2.119446
-0.1031223 -0.3726915 2.11599
0.02510951 0.1160902 1.67447
-0.07488899 -0.7500048 2.144919
0.1204188 -0.00512193 1.289975
-0.1023865 -0.827548 2.075475
0.0716366 0.1140101 1.204997
9
-0.1484328 0.002421434 2.170087
-0.230804 0.003112577 2.143602
-0.06086662 0.001959694 2.119446
-0.1031223 -0.3726915 2.11599
0.02510951 0.1160902 1.67447
-0.07488899 -0.7500048 2.144919
0.1204188 -0.00512193 1.289975
-0.1023865 -0.827548 2.075475
0.0716366 0.1140101 1.204997
9
-0.1459499 0.00202183 2.16978
-0.2275876 0.002899906 2.143212
-0.058969 0.001356971 2.11907
-0.1025321 -0.3722192 2.115135
0.02506578 0.1161344 1.67447
-0.07359262 -0.7489005 2.143287
0.1203752 -0.005077728 1.289975
-0.1021936 -0.8268049 2.075787
0.07166327 0.1140064 1.204814
9
-0.1459499 0.00202183 2.16978
-0.2275876 0.002899906 2.143212
-0.058969 0.001356971 2.11907
-0.1025321 -0.3722192 2.115135
0.02506578 0.1161344 1.67447
-0.07359262 -0.7489005 2.143287
0.1203752 -0.005077728 1.289975
-0.1021936 -0.8268049 2.075787
0.07166327 0.1140064 1.204814
9
-0.1442748 0.001140392 2.169458
-0.225756 0.002222829 2.142531
-0.05741368 0.000201844 2.118975
-0.1018361 -0.3724177 2.114771
0.008042512 0.135494 1.667393
-0.07361607 -0.7487707 2.142951
0.1204518 0.03021946 1.282841
-0.1018427 -0.8268996 2.075743
0.06220721 0.1385448 1.185805
9
-0.1442748 0.001140392 2.169458
-0.225756 0.002222829 2.142531
-0.05741368 0.000201844 2.118975
-0.1018361 -0.3724177 2.114771
0.008042512 0.135494 1.667393
-0.07361607 -0.7487707 2.142951
0.1204518 0.03021946 1.282841
-0.1018427 -0.8268996 2.075743
0.06220721 0.1385448 1.185805
9
-0.1449467 0.001375754 2.169528
-0.2266385 0.002239154 2.14216
-0.05811394 0.0007146588 2.119478
-0.1008647 -0.3721464 2.114408
-0.03486393 0.1935596 1.676206
-0.0737166 -0.7487776 2.142671
0.1032705 0.04927641 1.312948
-0.101877 -0.8270196 2.075736
0.06868176 0.07925979 1.185228
9
-0.1449467 0.001375754 2.169528
-0.2266385 0.002239154 2.14216
-0.05811394 0.0007146588 2.119478
-0.1008647 -0.3721464 2.114408
-0.03486393 0.1935596 1.676206
-0.0737166 -0.7487776 2.142671
0.1032705 0.04927641 1.312948
-0.101877 -0.8270196 2.075736
0.06868176 0.07925979 1.185228
9
-0.1449467 0.001375754 2.169528
-0.2266385 0.002239154 2.14216
-0.05811394 0.0007146588 2.119478
-0.1008647 -0.3721464 2.114408
-0.03486393 0.1935596 1.676206
-0.0737166 -0.7487776 2.142671
0.1032705 0.04927641 1.312948
-0.101877 -0.8270196 2.075736
0.06868176 0.07925979 1.185228
9
-0.1449467 0.001375754 2.169528
-0.2266385 0.002239154 2.14216
-0.05811394 0.0007146588 2.119478
-0.1008647 -0.3721464 2.114408
-0.03486393 0.1935596 1.676206
-0.0737166 -0.7487776 2.142671
0.1032705 0.04927641 1.312948
-0.101877 -0.8270196 2.075736
0.06868176 0.07925979 1.185228
9
-0.1324253 -0.00619068 2.173973
-0.2085124 -0.008722088 2.144977
-0.05007837 -0.004228354 2.124866
-0.09960444 -0.3706393 2.116144
0.02211031 0.04935084 1.663828
-0.0737057 -0.7493805 2.14273
0.1182776 -0.09415016 1.286915
-0.1024738 -0.8274825 2.075995
0.09042347 -0.01163963 1.193417
9
-0.1324253 -0.00619068 2.173973
-0.2085124 -0.008722088 2.144977
-0.05007837 -0.004228354 2.124866
-0.09960444 -0.3706393 2.116144
0.02211031 0.04935084 1.663828
-0.0737057 -0.7493805 2.14273
0.1182776 -0.09415016 1.286915
-0.1024738 -0.8274825 2.075995
0.09042347 -0.01163963 1.193417
9
-0.09580354 -0.002410652 2.168701
-0.1752488 -0.007277898 2.135008
-0.01278461 0.002495964 2.124707
-0.09851786 -0.3698694 2.118369
0.03441042 0.02446949 1.658041
-0.07442959 -0.7491326 2.143741
0.1219383 -0.1060038 1.274461
-0.1024154 -0.8271437 2.075998
0.08961497 -0.1235354 1.142909
9
-0.09580354 -0.002410652 2.168701
-0.1752488 -0.007277898 2.135008
-0.01278461 0.002495964 2.124707
-0.09851786 -0.3698694 2.118369
0.03441042 0.02446949 1.658041
-0.07442959 -0.7491326 2.143741
0.1219383 -0.1060038 1.274461
-0.1024154 -0.8271437 2.075998
0.08961497 -0.1235354 1.142909
