40
9
-0.03389862 -0.2256351 2.171059
-0.1156842 -0.2324798 2.145039
0.04892533 -0.2107899 2.120857
-0.0760847 -0.6315306 2.133628
0.1031587 -0.454551 1.767001
-0.03903524 -0.9823218 2.162354
0.1475494 -0.6981713 1.589278
-0.06371086 -1.060878 2.092551
0.131232 -0.7091359 1.455556
9
-0.03389862 -0.2256351 2.171059
-0.1156842 -0.2324798 2.145039
0.04892533 -0.2107899 2.120857
-0.0760847 -0.6315306 2.133628
0.1031587 -0.454551 1.767001
-0.03903524 -0.9823218 2.162354
0.1475494 -0.6981713 1.589278
-0.06371086 -1.060878 2.092551
0.131232 -0.7091359 1.455556
9
-0.03389862 -0.2256351 2.171059
-0.1156842 -0.2324798 2.145039
0.04892533 -0.2107899 2.120857
-0.0760847 -0.6315306 2.133628
0.1031587 -0.454551 1.767001
-0.03903524 -0.9823218 2.162354
0.1475494 -0.6981713 1.589278
-0.06371086 -1.060878 2.092551
0.131232 -0.7091359 1.455556
9
-0.04102395 -0.2231023 2.169384
-0.125236 -0.2313439 2.142793
0.04386534 -0.2071565 2.119496
-0.07499649 -0.6073082 2.10973
0.09437642 -0.2731321 1.680039
-0.03821286 -0.9758565 2.157045
0.1397142 -0.5330368 1.361864
-0.06501397 -1.056383 2.094651
0.12375 -0.4558685 1.246137
9
-0.04102395 -0.2231023 2.169384
-0.125236 -0.2313439 2.142793
0.04386534 -0.2071565 2.119496
-0.07499649 -0.6073082 2.10973
0.09437642 -0.2731321 1.680039
-0.03821286 -0.9758565 2.157045
0.1397142 -0.5330368 1.361864
-0.06501397 -1.056383 2.094651
0.12375 -0.4558685 1.246137
9
-0.04102395 -0.2231023 2.169384
-0.125236 -0.2313439 2.142793
0.04386534 -0.2071565 2.119496
-0.07499649 -0.6073082 2.10973
0.09437642 -0.2731321 1.680039
-0.03821286 -0.9758565 2.157045
0.1397142 -0.5330368 1.361864
-0.06501397 -1.056383 2.094651
0.12375 -0.4558685 1.246137
9
-0.04102395 -0.2231023 2.169384
-0.125236 -0.2313439 2.142793
0.04386534 -0.2071565 2.119496
-0.07499649 -0.6073082 2.10973
0.09437642 -0.2731321 1.680039
-0.03821286 -0.9758565 2.157045
0.1397142 -0.5330368 1.361864
-0.06501397 -1.056383 2.094651
0.12375 -0.4558685 1.246137
9
-0.04796296 -0.2264715 2.16512
-0.1295766 -0.2320461 2.140093
0.03438772 -0.2141159 2.113297
-0.07639787 -0.5972977 2.10456
0.0646166 -0.1673614 1.65801
-0.04330286 -0.9574867 2.143945
0.08338979 -0.2891013 1.303091
-0.07150694 -0.9867207 1.999865
0.1254238 -0.2416054 1.181525
9
-0.04796296 -0.2264715 2.16512
-0.1295766 -0.2320461 2.140093
0.03438772 -0.2141159 2.113297
-0.07639787 -0.5972977 2.10456
0.0646166 -0.1673614 1.65801
-0.04330286 -0.9574867 2.143945
0.08338979 -0.2891013 1.303091
-0.07150694 -0.9867207 1.999865
0.1254238 -0.2416054 1.181525
9
-0.05793388 -0.2345704 2.148379
-0.1361345 -0.2330541 2.128341
0.02128899 -0.2309152 2.090695
-0.07813818 -0.5866962 2.099952
0.04663356 -0.1412533 1.632804
-0.04488253 -0.9540944 2.13901
0.06546237 -0.26315 1.277945
-0.07329379 -0.9827671 1.994753
0.08863554 -0.1317855 1.180197
9
-0.05793388 -0.2345704 2.148379
-0.1361345 -0.2330541 2.128341
0.02128899 -0.2309152 2.090695
-0.07813818 -0.5866962 2.099952
0.04663356 -0.1412533 1.632804
-0.04488253 -0.9540944 2.13901
0.06546237 -0.26315 1.277945
-0.07329379 -0.9827671 1.994753
0.08863554 -0.1317855 1.180197
9
-0.06114835 -0.2382792 2.149082
-0.1392509 -0.234164 2.128538
0.01872896 -0.2367135 2.092538
-0.07815312 -0.5858028 2.098166
0.03419301 -0.1179174 1.634899
-0.044327 -0.9560401 2.135172
0.05304795 -0.2398724 1.280119
-0.07232211 -0.9845924 1.990797
0.07343151 -0.1054802 1.188956
9
-0.06114835 -0.2382792 2.149082
-0.1392509 -0.234164 2.128538
0.01872896 -0.2367135 2.092538
-0.07815312 -0.5858028 2.098166
0.03419301 -0.1179174 1.634899
-0.044327 -0.9560401 2.135172
0.05304795 -0.2398724 1.280119
-0.07232211 -0.9845924 1.990797
0.07343151 -0.1054802 1.188956
9
-0.1011894 -0.2397291 2.157927
-0.1860642 -0.2320166 2.139288
-0.01324133 -0.2388852 2.100217
-0.07877107 -0.582502 2.093891
-0.03608181 -0.06053587 1.658255
-0.04500309 -0.9538032 2.128979
-0.01711218 -0.1825613 1.303686
-0.07324114 -0.9822766 1.984646
0.0535635 -0.07766868 1.197121
9
-0.1011894 -0.2397291 2.157927
-0.1860642 -0.2320166 2.139288
-0.01324133 -0.2388852 2.100217
-0.07877107 -0.582502 2.093891
-0.03608181 -0.06053587 1.658255
-0.04500309 -0.9538032 2.128979
-0.01711218 -0.1825613 1.303686
-0.07324114 -0.9822766 1.984646
0.0535635 -0.07766868 1.197121
9
-0.1044654 -0.2380868 2.157402
-0.1879427 -0.2311696 2.139095
-0.01782145 -0.236364 2.099254
-0.07869211 -0.5787446 2.089663
-0.04157888 -0.04947318 1.657784
-0.04471582 -0.955832 2.125247
-0.02260046 -0.1715234 1.303247
-0.07303056 -0.9842105 1.980937
0.04550934 -0.06169075 1.201869
9
-0.1044654 -0.2380868 2.157402
-0.1879427 -0.2311696 2.139095
-0.01782145 -0.236364 2.099254
-0.07869211 -0.5787446 2.089663
-0.04157888 -0.04947318 1.657784
-0.04471582 -0.955832 2.125247
-0.02260046 -0.1715234 1.303247
-0.07303056 -0.9842105 1.980937
0.04550934 -0.06169075 1.201869
9
-0.1044654 -0.2380868 2.157402
-0.1879427 -0.2311696 2.139095
-0.01782145 -0.236364 2.099254
-0.07869211 -0.5787446 2.089663
-0.04157888 -0.04947318 1.657784
-0.04471582 -0.955832 2.125247
-0.02260046 -0.1715234 1.303247
-0.07303056 -0.9842105 1.980937
0.04550934 -0.06169075 1.201869
9
-0.1044654 -0.2380868 2.157402
-0.1879427 -0.2311696 2.139095
-0.01782145 -0.236364 2.099254
-0.07869211 -0.5787446 2.089663
-0.04157888 -0.04947318 1.657784
-0.04471582 -0.955832 2.125247
-0.02260046 -0.1715234 1.303247
-0.07303056 -0.9842105 1.980937
0.04550934 -0.06169075 1.201869
9
-0.1044654 -0.2380868 2.157402
-0.1879427 -0.2311696 2.139095
-0.01782145 -0.236364 2.099254
-0.07869211 -0.5787446 2.089663
-0.04157888 -0.04947318 1.657784
-0.04471582 -0.955832 2.125247
-0.02260046 -0.1715234 1.303247
-0.07303056 -0.9842105 1.980937
0.04550934 -0.06169075 1.201869
9
-0.1044654 -0.2380868 2.157402
-0.1879427 -0.2311696 2.139095
-0.01782145 -0.236364 2.099254
-0.07869211 -0.5787446 2.089663
-0.04157888 -0.04947318 1.657784
-0.04471582 -0.955832 2.125247
-0.02260046 -0.1715234 1.303247
-0.07303056 -0.9842105 1.980937
0.04550934 -0.06169075 1.201869
9
-0.1060639 -0.2377008 2.156719
-0.1891775 -0.2309044 2.138379
-0.01954891 -0.2359198 2.098675
-0.07932391 -0.578092 2.087362
-0.04200373 -0.04673184 1.656726
-0.04491061 -0.9557763 2.124681
-0.02302445 -0.1687908 1.302197
-0.07323615 -0.9841166 1.980362
0.04327638 -0.0580163 1.200588
9
-0.1060639 -0.2377008 2.156719
-0.1891775 -0.2309044 2.138379
-0.01954891 -0.2359198 2.098675
-0.07932391 -0.578092 2.087362
-0.04200373 -0.04673184 1.656726
-0.04491061 -0.9557763 2.124681
-0.02302445 -0.1687908 1.302197
-0.07323615 -0.9841166 1.980362
0.04327638 -0.0580163 1.200588
9
-0.1065181 -0.239151 2.157353
-0.1891213 -0.231696 2.138641
-0.02075711 -0.2383148 2.099906
-0.07939385 -0.5783572 2.08695
-0.04458639 -0.06766737 1.660211
-0.04485475 -0.9557595 2.124656
-0.02560287 -0.1896711 1.305626
-0.07307099 -0.9841 1.980308
0.03687706 -0.07579989 1.204456
9
-0.1065181 -0.239151 2.157353
-0.1891213 -0.231696 2.138641
-0.02075711 -0.2383148 2.099906
-0.07939385 -0.5783572 2.08695
-0.04458639 -0.06766737 1.660211
-0.04485475 -0.9557595 2.124656
-0.02560287 -0.1896711 1.305626
-0.07307099 -0.9841 1.980308
0.03687706 -0.07579989 1.204456
9
-0.1065181 -0.239151 2.157353
-0.1891213 -0.231696 2.138641
-0.02075711 -0.2383148 2.099906
-0.07939385 -0.5783572 2.08695
-0.04458639 -0.06766737 1.660211
-0.04485475 -0.9557595 2.124656
-0.02560287 -0.1896711 1.305626
-0.07307099 -0.9841 1.980308
0.03687706 -0.07579989 1.204456
9
-0.1065181 -0.239151 2.157353
-0.1891213 -0.231696 2.138641
-0.02075711 -0.2383148 2.099906
-0.07939385 -0.5783572 2.08695
-0.04458639 -0.06766737 1.660211
-0.04485475 -0.9557595 2.124656
-0.02560287 -0.1896711 1.305626
-0.07307099 -0.9841 1.980308
0.03687706 -0.07579989 1.204456
9
-0.07693304 -0.2368856 2.127198
-0.1543151 -0.2330239 2.099513
0.003375055 -0.2330475 2.077705
-0.07987904 -0.5781933 2.086766
0.02576556 -0.1116875 1.629857
-0.044246 -0.9548448 2.125163
0.04463903 -0.2336753 1.275096
-0.0723291 -0.9829451 1.98069
0.06266984 -0.1073246 1.167502
9
-0.07693304 -0.2368856 2.127198
-0.1543151 -0.2330239 2.099513
0.003375055 -0.2330475 2.077705
-0.07987904 -0.5781933 2.086766
0.02576556 -0.1116875 1.629857
-0.044246 -0.9548448 2.125163
0.04463903 -0.2336753 1.275096
-0.0723291 -0.9829451 1.98069
0.06266984 -0.1073246 1.167502
9
-0.07569833 -0.2362486 2.126158
-0.153668 -0.2328167 2.09928
0.005310856 -0.2315535 2.075527
-0.08016577 -0.5791209 2.087088
0.04013356 -0.1237209 1.656523
-0.04411465 -0.9550434 2.125653
0.05896516 -0.2455938 1.301742
-0.07226314 -0.9831448 1.981196
0.08696068 -0.2009824 1.173018
9
-0.07569833 -0.2362486 2.126158
-0.153668 -0.2328167 2.09928
0.005310856 -0.2315535 2.075527
-0.08016577 -0.5791209 2.087088
0.04013356 -0.1237209 1.656523
-0.04411465 -0.9550434 2.125653
0.05896516 -0.2455938 1.301742
-0.07226314 -0.9831448 1.981196
0.08696068 -0.2009824 1.173018
9
-0.07713404 -0.2289603 2.134034
-0.1574664 -0.2306661 2.106913
0.006936627 -0.2153841 2.086032
-0.08055957 -0.5857712 2.090024
0.06169421 -0.1797946 1.626713
-0.04384951 -0.9554895 2.12589
0.08048791 -0.301594 1.271722
-0.07203916 -0.983624 1.98146
0.1273711 -0.2841903 1.144469
9
-0.07713404 -0.2289603 2.134034
-0.1574664 -0.2306661 2.106913
0.006936627 -0.2153841 2.086032
-0.08055957 -0.5857712 2.090024
0.06169421 -0.1797946 1.626713
-0.04384951 -0.9554895 2.12589
0.08048791 -0.301594 1.271722
-0.07203916 -0.983624 1.98146
0.1273711 -0.2841903 1.144469
9
-0.0775589 -0.2287664 2.135357
-0.1580988 -0.2308738 2.109442
0.006643503 -0.2154311 2.086357
-0.08193965 -0.5946778 2.094793
0.07348329 -0.2191719 1.631813
-0.04248914 -0.9591344 2.128242
0.1049115 -0.3229724 1.23411
-0.07099514 -0.9872616 1.983915
0.1145673 -0.4140649 1.220032
9
-0.0775589 -0.2287664 2.135357
-0.1580988 -0.2308738 2.109442
0.006643503 -0.2154311 2.086357
-0.08193965 -0.5946778 2.094793
0.07348329 -0.2191719 1.631813
-0.04248914 -0.9591344 2.128242
0.1049115 -0.3229724 1.23411
-0.07099514 -0.9872616 1.983915
0.1145673 -0.4140649 1.220032
9
-0.0775589 -0.2287664 2.135357
-0.1580988 -0.2308738 2.109442
0.006643503 -0.2154311 2.086357
-0.08193965 -0.5946778 2.094793
0.07348329 -0.2191719 1.631813
-0.04248914 -0.9591344 2.128242
0.1049115 -0.3229724 1.23411
-0.07099514 -0.9872616 1.983915
0.1145673 -0.4140649 1.220032
9
-0.0775589 -0.2287664 2.135357
-0.1580988 -0.2308738 2.109442
0.006643503 -0.2154311 2.086357
-0.08193965 -0.5946778 2.094793
0.07348329 -0.2191719 1.631813
-0.04248914 -0.9591344 2.128242
0.1049115 -0.3229724 1.23411
-0.07099514 -0.9872616 1.983915
0.1145673 -0.4140649 1.220032
9
-0.06164028 -0.2239331 2.153312
-0.1457021 -0.2308162 2.123063
0.02448537 -0.2075361 2.107182
-0.08123988 -0.6012392 2.099476
0.08961972 -0.3290459 1.656298
-0.03979155 -0.966276 2.134032
0.1223202 -0.4653845 1.268089
-0.06822491 -0.9947433 1.989859
0.1360919 -0.5517922 1.257768
9
-0.06164028 -0.2239331 2.153312
-0.1457021 -0.2308162 2.123063
0.02448537 -0.2075361 2.107182
-0.08123988 -0.6012392 2.099476
0.08961972 -0.3290459 1.656298
-0.03979155 -0.966276 2.134032
0.1223202 -0.4653845 1.268089
-0.06822491 -0.9947433 1.989859
0.1360919 -0.5517922 1.257768
9
-0.05878012 -0.2234083 2.155202
-0.1419438 -0.2309485 2.127043
0.0267318 -0.2069312 2.107695
-0.08061833 -0.606353 2.101807
0.09377687 -0.3836555 1.679436
-0.0388789 -0.9682729 2.137191
0.1433635 -0.5670739 1.438126
-0.06692297 -1.051905 2.092288
0.1110077 -0.5974592 1.293389
