40
9
0.06663093 -0.228505 2.111766
-0.01224932 -0.2295973 2.095561
0.1431173 -0.2191435 2.051588
-0.002258969 -0.6269273 2.092456
0.1809365 -0.6190515 1.944602
0.02795751 -0.9799219 2.124455
0.2496311 -0.9770771 2.017078
-0.005800255 -1.054233 2.051242
0.2225326 -1.056495 1.950841
9
0.05579408 -0.2276042 2.117198
-0.02251946 -0.2293862 2.100778
0.1321214 -0.2175794 2.057223
-0.007018358 -0.630307 2.099101
0.1722459 -0.6106363 1.919111
0.02687565 -0.9803282 2.124974
0.2375655 -0.963177 1.962119
-0.007219268 -1.055104 2.053164
0.2251841 -1.040307 1.884793
9
0.05579408 -0.2276042 2.117198
-0.02251946 -0.2293862 2.100778
0.1321214 -0.2175794 2.057223
-0.007018358 -0.630307 2.099101
0.1722459 -0.6106363 1.919111
0.02687565 -0.9803282 2.124974
0.2375655 -0.963177 1.962119
-0.007219268 -1.055104 2.053164
0.2251841 -1.040307 1.884793
9
0.04998304 -0.2264528 2.120645
-0.02840127 -0.2284229 2.104671
0.1266064 -0.2163125 2.060232
-0.009778951 -0.6325653 2.102615
0.1643896 -0.61138 1.888102
0.0262628 -0.9802855 2.125598
0.2206775 -0.9473226 1.893651
-0.008849816 -1.05415 2.052553
0.2130187 -1.018193 1.804938
9
0.04998304 -0.2264528 2.120645
-0.02840127 -0.2284229 2.104671
0.1266064 -0.2163125 2.060232
-0.009778951 -0.6325653 2.102615
0.1643896 -0.61138 1.888102
0.0262628 -0.9802855 2.125598
0.2206775 -0.9473226 1.893651
-0.008849816 -1.05415 2.052553
0.2130187 -1.018193 1.804938
9
0.04998304 -0.2264528 2.120645
-0.02840127 -0.2284229 2.104671
0.1266064 -0.2163125 2.060232
-0.009778951 -0.6325653 2.102615
0.1643896 -0.61138 1.888102
0.0262628 -0.9802855 2.125598
0.2206775 -0.9473226 1.893651
-0.008849816 -1.05415 2.052553
0.2130187 -1.018193 1.804938
9
0.04998304 -0.2264528 2.120645
-0.02840127 -0.2284229 2.104671
0.1266064 -0.2163125 2.060232
-0.009778951 -0.6325653 2.102615
0.1643896 -0.61138 1.888102
0.0262628 -0.9802855 2.125598
0.2206775 -0.9473226 1.893651
-0.008849816 -1.05415 2.052553
0.2130187 -1.018193 1.804938
9
0.04998304 -0.2264528 2.120645
-0.02840127 -0.2284229 2.104671
0.1266064 -0.2163125 2.060232
-0.009778951 -0.6325653 2.102615
0.1643896 -0.61138 1.888102
0.0262628 -0.9802855 2.125598
0.2206775 -0.9473226 1.893651
-0.008849816 -1.05415 2.052553
0.2130187 -1.018193 1.804938
9
0.04998304 -0.2264528 2.120645
-0.02840127 -0.2284229 2.104671
0.1266064 -0.2163125 2.060232
-0.009778951 -0.6325653 2.102615
0.1643896 -0.61138 1.888102
0.0262628 -0.9802855 2.125598
0.2206775 -0.9473226 1.893651
-0.008849816 -1.05415 2.052553
0.2130187 -1.018193 1.804938
9
0.04998304 -0.2264528 2.120645
-0.02840127 -0.2284229 2.104671
0.1266064 -0.2163125 2.060232
-0.009778951 -0.6325653 2.102615
0.1643896 -0.61138 1.888102
0.0262628 -0.9802855 2.125598
0.2206775 -0.9473226 1.893651
-0.008849816 -1.05415 2.052553
0.2130187 -1.018193 1.804938
9
0.0231849 -0.2216698 2.141443
-0.05753895 -0.225819 2.124148
0.1028328 -0.2096126 2.082432
-0.0138309 -0.6650075 2.107002
0.1246708 -0.4718156 1.732585
0.02371215 -0.9818805 2.124129
0.1329542 -0.7086648 1.538268
-0.009930918 -1.056025 2.050571
0.1099711 -0.7128004 1.404602
9
0.0231849 -0.2216698 2.141443
-0.05753895 -0.225819 2.124148
0.1028328 -0.2096126 2.082432
-0.0138309 -0.6650075 2.107002
0.1246708 -0.4718156 1.732585
0.02371215 -0.9818805 2.124129
0.1329542 -0.7086648 1.538268
-0.009930918 -1.056025 2.050571
0.1099711 -0.7128004 1.404602
9
0.0231849 -0.2216698 2.141443
-0.05753895 -0.225819 2.124148
0.1028328 -0.2096126 2.082432
-0.0138309 -0.6650075 2.107002
0.1246708 -0.4718156 1.732585
0.02371215 -0.9818805 2.124129
0.1329542 -0.7086648 1.538268
-0.009930918 -1.056025 2.050571
0.1099711 -0.7128004 1.404602
9
0.02182999 -0.2207799 2.143494
-0.05907099 -0.225091 2.125367
0.1018198 -0.2085372 2.085554
-0.01586268 -0.6565094 2.104204
0.1155281 -0.4116043 1.7017
0.003139545 -0.9582738 2.124033
0.1137537 -0.6205201 1.465047
-0.03211075 -0.9871624 1.981865
0.09472656 -0.6235352 1.302734
9
0.02182999 -0.2207799 2.143494
-0.05907099 -0.225091 2.125367
0.1018198 -0.2085372 2.085554
-0.01586268 -0.6565094 2.104204
0.1155281 -0.4116043 1.7017
0.003139545 -0.9582738 2.124033
0.1137537 -0.6205201 1.465047
-0.03211075 -0.9871624 1.981865
0.09472656 -0.6235352 1.302734
9
0.02182999 -0.2207799 2.143494
-0.05907099 -0.225091 2.125367
0.1018198 -0.2085372 2.085554
-0.01586268 -0.6565094 2.104204
0.1155281 -0.4116043 1.7017
0.003139545 -0.9582738 2.124033
0.1137537 -0.6205201 1.465047
-0.03211075 -0.9871624 1.981865
0.09472656 -0.6235352 1.302734
9
0.02182999 -0.2207799 2.143494
-0.05907099 -0.225091 2.125367
0.1018198 -0.2085372 2.085554
-0.01586268 -0.6565094 2.104204
0.1155281 -0.4116043 1.7017
0.003139545 -0.9582738 2.124033
0.1137537 -0.6205201 1.465047
-0.03211075 -0.9871624 1.981865
0.09472656 -0.6235352 1.302734
9
0.02182999 -0.2207799 2.143494
-0.05907099 -0.225091 2.125367
0.1018198 -0.2085372 2.085554
-0.01586268 -0.6565094 2.104204
0.1155281 -0.4116043 1.7017
0.003139545 -0.9582738 2.124033
0.1137537 -0.6205201 1.465047
-0.03211075 -0.9871624 1.981865
0.09472656 -0.6235352 1.302734
9
0.02182999 -0.2207799 2.143494
-0.05907099 -0.225091 2.125367
0.1018198 -0.2085372 2.085554
-0.01586268 -0.6565094 2.104204
0.1155281 -0.4116043 1.7017
0.003139545 -0.9582738 2.124033
0.1137537 -0.6205201 1.465047
-0.03211075 -0.9871624 1.981865
0.09472656 -0.6235352 1.302734
9
0.02182999 -0.2207799 2.143494
-0.05907099 -0.225091 2.125367
0.1018198 -0.2085372 2.085554
-0.01586268 -0.6565094 2.104204
0.1155281 -0.4116043 1.7017
0.003139545 -0.9582738 2.124033
0.1137537 -0.6205201 1.465047
-0.03211075 -0.9871624 1.981865
0.09472656 -0.6235352 1.302734
9
0.03091773 -0.2123873 2.146307
-0.05615432 -0.2204521 2.126491
0.1203753 -0.1955293 2.090613
-0.04659473 -0.6595766 2.102696
0.08348534 -0.1575169 1.724172
0.01037944 -0.9553598 2.116825
0.09372986 -0.2659021 1.421486
-0.01147534 -1.039551 2.063796
0.04036383 -0.2481816 1.254546
9
0.03091773 -0.2123873 2.146307
-0.05615432 -0.2204521 2.126491
0.1203753 -0.1955293 2.090613
-0.04659473 -0.6595766 2.102696
0.08348534 -0.1575169 1.724172
0.01037944 -0.9553598 2.116825
0.09372986 -0.2659021 1.421486
-0.01147534 -1.039551 2.063796
0.04036383 -0.2481816 1.254546
9
0.0641648 -0.1970418 2.155202
-0.03384805 -0.2075351 2.135331
0.1593165 -0.180522 2.097648
-0.04558211 -0.65126 2.100135
0.1354165 -0.155397 1.729074
0.01254605 -0.9487337 2.109533
0.08518948 -0.2028806 1.428594
-0.02272211 -0.9778967 1.967399
0.04791804 -0.2421437 1.283603
9
0.0641648 -0.1970418 2.155202
-0.03384805 -0.2075351 2.135331
0.1593165 -0.180522 2.097648
-0.04558211 -0.65126 2.100135
0.1354165 -0.155397 1.729074
0.01254605 -0.9487337 2.109533
0.08518948 -0.2028806 1.428594
-0.02272211 -0.9778967 1.967399
0.04791804 -0.2421437 1.283603
9
0.1169673 -0.1774933 2.137705
0.02320584 -0.1929825 2.119727
0.2066075 -0.1556357 2.079131
-0.02201226 -0.6397725 2.087443
0.1314931 -0.1588767 1.716918
0.01265389 -0.9511133 2.104625
0.06703004 -0.2141678 1.312808
-0.02263281 -0.9799638 1.962422
-0.000282295 -0.1544835 1.164061
9
0.1169133 -0.1776423 2.137959
0.02342021 -0.1932165 2.120533
0.2063983 -0.1557781 2.079165
-0.01781034 -0.6317201 2.081697
0.1337818 -0.1654339 1.716577
0.01223382 -0.95614 2.097024
0.06672943 -0.1213192 1.418985
-0.02346097 -0.9848257 1.954988
0.02948121 -0.1623498 1.273751
9
0.1169133 -0.1776423 2.137959
0.02342021 -0.1932165 2.120533
0.2063983 -0.1557781 2.079165
-0.01781034 -0.6317201 2.081697
0.1337818 -0.1654339 1.716577
0.01223382 -0.95614 2.097024
0.06672943 -0.1213192 1.418985
-0.02346097 -0.9848257 1.954988
0.02948121 -0.1623498 1.273751
9
0.1169133 -0.1776423 2.137959
0.02342021 -0.1932165 2.120533
0.2063983 -0.1557781 2.079165
-0.01781034 -0.6317201 2.081697
0.1337818 -0.1654339 1.716577
0.01223382 -0.95614 2.097024
0.06672943 -0.1213192 1.418985
-0.02346097 -0.9848257 1.954988
0.02948121 -0.1623498 1.273751
9
0.171945 -0.1949079 2.115638
0.09997887 -0.2174574 2.090763
0.2280598 -0.1623721 2.068843
-0.01748647 -0.6076459 2.072966
0.1191091 -0.2379039 1.687458
0.01544019 -0.9575344 2.094614
0.04913541 -0.1869234 1.284028
-0.02089528 -0.9861473 1.952772
0.01163433 -0.2257111 1.139213
9
0.1794097 -0.1919427 2.125266
0.1064118 -0.2172578 2.099404
0.2432979 -0.1573813 2.078168
-0.01766274 -0.602515 2.070468
0.1339483 -0.1871442 1.719364
0.01598558 -0.9574458 2.093284
0.05450944 -0.1817598 1.31442
-0.02066413 -0.9864284 1.951703
0.01658316 -0.2211897 1.169831
9
0.1794097 -0.1919427 2.125266
0.1064118 -0.2172578 2.099404
0.2432979 -0.1573813 2.078168
-0.01766274 -0.602515 2.070468
0.1339483 -0.1871442 1.719364
0.01598558 -0.9574458 2.093284
0.05450944 -0.1817598 1.31442
-0.02066413 -0.9864284 1.951703
0.01658316 -0.2211897 1.169831
9
0.1794097 -0.1919427 2.125266
0.1064118 -0.2172578 2.099404
0.2432979 -0.1573813 2.078168
-0.01766274 -0.602515 2.070468
0.1339483 -0.1871442 1.719364
0.01598558 -0.9574458 2.093284
0.05450944 -0.1817598 1.31442
-0.02066413 -0.9864284 1.951703
0.01658316 -0.2211897 1.169831
9
0.1794097 -0.1919427 2.125266
0.1064118 -0.2172578 2.099404
0.2432979 -0.1573813 2.078168
-0.01766274 -0.602515 2.070468
0.1339483 -0.1871442 1.719364
0.01598558 -0.9574458 2.093284
0.05450944 -0.1817598 1.31442
-0.02066413 -0.9864284 1.951703
0.01658316 -0.2211897 1.169831
9
0.1694182 -0.200699 2.131998
0.09713252 -0.2238677 2.107582
0.2344821 -0.1692636 2.081567
-0.01782403 -0.6033915 2.070039
0.09873809 -0.2691029 1.722058
0.01692122 -0.9605219 2.091511
0.04667696 -0.1883028 1.320824
-0.02066816 -0.9896951 1.950373
0.008053891 -0.2278186 1.176667
9
0.1694182 -0.200699 2.131998
0.09713252 -0.2238677 2.107582
0.2344821 -0.1692636 2.081567
-0.01782403 -0.6033915 2.070039
0.09873809 -0.2691029 1.722058
0.01692122 -0.9605219 2.091511
0.04667696 -0.1883028 1.320824
-0.02066816 -0.9896951 1.950373
0.008053891 -0.2278186 1.176667
9
0.1693118 -0.2013977 2.128314
0.09732636 -0.2239385 2.103225
0.2344027 -0.1709698 2.077569
-0.01792149 -0.6033569 2.069877
0.1171039 -0.2676787 1.696618
0.01735399 -0.9590117 2.090615
0.04202678 -0.1877244 1.298814
-0.02021055 -0.9880283 1.949388
0.003546413 -0.2269969 1.154581
9
0.1693118 -0.2013977 2.128314
0.09732636 -0.2239385 2.103225
0.2344027 -0.1709698 2.077569
-0.01792149 -0.6033569 2.069877
0.1171039 -0.2676787 1.696618
0.01735399 -0.9590117 2.090615
0.04202678 -0.1877244 1.298814
-0.02021055 -0.9880283 1.949388
0.003546413 -0.2269969 1.154581
9
0.1759892 -0.1978658 2.129669
0.1026769 -0.2232353 2.103148
0.2434508 -0.1635256 2.080926
-0.01773603 -0.6037819 2.069826
0.1358155 -0.1864282 1.727178
0.01840988 -0.9552934 2.090109
0.04629734 -0.1937333 1.324287
-0.01919766 -0.98448 1.948928
0.007695481 -0.2330656 1.180134
9
0.1759892 -0.1978658 2.129669
0.1026769 -0.2232353 2.103148
0.2434508 -0.1635256 2.080926
-0.01773603 -0.6037819 2.069826
0.1358155 -0.1864282 1.727178
0.01840988 -0.9552934 2.090109
0.04629734 -0.1937333 1.324287
-0.01919766 -0.98448 1.948928
0.007695481 -0.2330656 1.180134
9
0.1804158 -0.1960677 2.13134
0.1070575 -0.2231721 2.104173
0.2476271 -0.1604815 2.082989
-0.01501347 -0.6218268 2.072977
0.1366006 -0.1858347 1.728145
0.01845862 -0.9551331 2.090143
0.04530277 -0.1991934 1.325775
-0.01904466 -0.984462 1.948983
0.006835889 -0.2385222 1.181664
