40
9
-0.004118172 -0.09021046 2.12464
-0.08502655 -0.08836409 2.095004
0.07698549 -0.08833758 2.069807
-0.03965041 -0.6467154 2.085654
0.0775272 -0.6647623 2.12017
-0.1012247 -0.9348029 1.874586
0.1227051 -0.9482257 1.961108
-0.008471638 -0.9590877 1.808055
0.1663818 -0.9355469 1.80957
9
-0.004118172 -0.09021046 2.12464
-0.08502655 -0.08836409 2.095004
0.07698549 -0.08833758 2.069807
-0.03965041 -0.6467154 2.085654
0.0775272 -0.6647623 2.12017
-0.1012247 -0.9348029 1.874586
0.1227051 -0.9482257 1.961108
-0.008471638 -0.9590877 1.808055
0.1663818 -0.9355469 1.80957
9
-0.004118172 -0.09021046 2.12464
-0.08502655 -0.08836409 2.095004
0.07698549 -0.08833758 2.069807
-0.03965041 -0.6467154 2.085654
0.0775272 -0.6647623 2.12017
-0.1012247 -0.9348029 1.874586
0.1227051 -0.9482257 1.961108
-0.008471638 -0.9590877 1.808055
0.1663818 -0.9355469 1.80957
9
-0.004118172 -0.09021046 2.12464
-0.08502655 -0.08836409 2.095004
0.07698549 -0.08833758 2.069807
-0.03965041 -0.6467154 2.085654
0.0775272 -0.6647623 2.12017
-0.1012247 -0.9348029 1.874586
0.1227051 -0.9482257 1.961108
-0.008471638 -0.9590877 1.808055
0.1663818 -0.9355469 1.80957
9
-0.004118172 -0.09021046 2.12464
-0.08502655 -0.08836409 2.095004
0.07698549 -0.08833758 2.069807
-0.03965041 -0.6467154 2.085654
0.0775272 -0.6647623 2.12017
-0.1012247 -0.9348029 1.874586
0.1227051 -0.9482257 1.961108
-0.008471638 -0.9590877 1.808055
0.1663818 -0.9355469 1.80957
9
-0.004118172 -0.09021046 2.12464
-0.08502655 -0.08836409 2.095004
0.07698549 -0.08833758 2.069807
-0.03965041 -0.6467154 2.085654
0.0775272 -0.6647623 2.12017
-0.1012247 -0.9348029 1.874586
0.1227051 -0.9482257 1.961108
-0.008471638 -0.9590877 1.808055
0.1663818 -0.9355469 1.80957
9
-0.004118172 -0.09021046 2.12464
-0.08502655 -0.08836409 2.095004
0.07698549 -0.08833758 2.069807
-0.03965041 -0.6467154 2.085654
0.0775272 -0.6647623 2.12017
-0.1012247 -0.9348029 1.874586
0.1227051 -0.9482257 1.961108
-0.008471638 -0.9590877 1.808055
0.1663818 -0.9355469 1.80957
9
-0.02005295 -0.07843249 2.104806
-0.1035499 -0.08808498 2.06925
0.0616807 -0.06334893 2.052828
-0.05471306 -0.6379311 2.067618
0.08382297 -0.5627487 1.986172
-0.09097188 -0.9373106 1.883221
0.1363036 -0.8912182 1.893994
-0.06911826 -0.9590179 1.75195
0.1473389 -0.9257813 1.750977
9
-0.02473575 -0.07577444 2.101816
-0.1078884 -0.08708616 2.066124
0.05848189 -0.06043835 2.05149
-0.07025012 -0.6441543 2.064311
0.06926025 -0.5475575 1.940291
-0.08545343 -0.9339834 1.89194
0.115081 -0.9196513 1.844284
-0.07104257 -0.9553301 1.75915
0.1383057 -0.909668 1.704102
9
-0.02473575 -0.07577444 2.101816
-0.1078884 -0.08708616 2.066124
0.05848189 -0.06043835 2.05149
-0.07025012 -0.6441543 2.064311
0.06926025 -0.5475575 1.940291
-0.08545343 -0.9339834 1.89194
0.115081 -0.9196513 1.844284
-0.07104257 -0.9553301 1.75915
0.1383057 -0.909668 1.704102
9
-0.02473575 -0.07577444 2.101816
-0.1078884 -0.08708616 2.066124
0.05848189 -0.06043835 2.05149
-0.07025012 -0.6441543 2.064311
0.06926025 -0.5475575 1.940291
-0.08545343 -0.9339834 1.89194
0.115081 -0.9196513 1.844284
-0.07104257 -0.9553301 1.75915
0.1383057 -0.909668 1.704102
9
-0.02473575 -0.07577444 2.101816
-0.1078884 -0.08708616 2.066124
0.05848189 -0.06043835 2.05149
-0.07025012 -0.6441543 2.064311
0.06926025 -0.5475575 1.940291
-0.08545343 -0.9339834 1.89194
0.115081 -0.9196513 1.844284
-0.07104257 -0.9553301 1.75915
0.1383057 -0.909668 1.704102
9
-0.0384663 -0.07258476 2.100354
-0.1207641 -0.08374441 2.061748
0.04470684 -0.05798748 2.053865
-0.07166864 -0.6408411 2.064742
0.09255125 -0.4052164 1.753954
-0.07009451 -0.9293272 1.911399
0.1615734 -0.7073213 1.557708
-0.07235909 -0.9444278 1.774616
0.1053538 -0.8001137 1.593108
9
-0.0384663 -0.07258476 2.100354
-0.1207641 -0.08374441 2.061748
0.04470684 -0.05798748 2.053865
-0.07166864 -0.6408411 2.064742
0.09255125 -0.4052164 1.753954
-0.07009451 -0.9293272 1.911399
0.1615734 -0.7073213 1.557708
-0.07235909 -0.9444278 1.774616
0.1053538 -0.8001137 1.593108
9
-0.0384663 -0.07258476 2.100354
-0.1207641 -0.08374441 2.061748
0.04470684 -0.05798748 2.053865
-0.07166864 -0.6408411 2.064742
0.09255125 -0.4052164 1.753954
-0.07009451 -0.9293272 1.911399
0.1615734 -0.7073213 1.557708
-0.07235909 -0.9444278 1.774616
0.1053538 -0.8001137 1.593108
9
-0.0462015 -0.07183864 2.099365
-0.1280917 -0.08155301 2.060121
0.03705918 -0.05889633 2.053836
-0.07145635 -0.6381181 2.064108
0.0874135 -0.3511666 1.695078
-0.07138528 -0.9298749 1.919073
0.1479729 -0.6109525 1.411511
-0.07208446 -0.9418194 1.77502
0.1380479 -0.5983167 1.251095
9
-0.0505948 -0.07138567 2.098323
-0.1334279 -0.08069068 2.057997
0.03382168 -0.05886655 2.053781
-0.07163514 -0.6371328 2.063097
0.08383773 -0.2702443 1.639587
-0.07293081 -0.9307379 1.922277
0.07457706 -0.5182661 1.419529
-0.07208385 -0.937103 1.776359
0.06247041 -0.5110075 1.258444
9
-0.0505948 -0.07138567 2.098323
-0.1334279 -0.08069068 2.057997
0.03382168 -0.05886655 2.053781
-0.07163514 -0.6371328 2.063097
0.08383773 -0.2702443 1.639587
-0.07293081 -0.9307379 1.922277
0.07457706 -0.5182661 1.419529
-0.07208385 -0.937103 1.776359
0.06247041 -0.5110075 1.258444
9
-0.05108188 -0.0705099 2.096377
-0.1344946 -0.07989012 2.055662
0.03391385 -0.05806277 2.052343
-0.0729982 -0.629214 2.060294
0.07772735 -0.1977515 1.607681
-0.0919113 -0.917941 1.897084
0.06853392 -0.4456275 1.388527
-0.07181866 -0.9391744 1.764759
0.05650451 -0.4394843 1.226866
9
-0.05108188 -0.0705099 2.096377
-0.1344946 -0.07989012 2.055662
0.03391385 -0.05806277 2.052343
-0.0729982 -0.629214 2.060294
0.07772735 -0.1977515 1.607681
-0.0919113 -0.917941 1.897084
0.06853392 -0.4456275 1.388527
-0.07181866 -0.9391744 1.764759
0.05650451 -0.4394843 1.226866
9
-0.07339904 -0.07282056 2.08888
-0.1561813 -0.08037935 2.049753
0.01238105 -0.06227754 2.043659
-0.07315899 -0.6288965 2.058959
0.082637 -0.1260129 1.585664
-0.09185219 -0.9166414 1.902871
0.1151276 -0.2120935 1.151919
-0.07235775 -0.9367609 1.770083
0.1050081 -0.1888832 0.9898828
9
-0.07339904 -0.07282056 2.08888
-0.1561813 -0.08037935 2.049753
0.01238105 -0.06227754 2.043659
-0.07315899 -0.6288965 2.058959
0.082637 -0.1260129 1.585664
-0.09185219 -0.9166414 1.902871
0.1151276 -0.2120935 1.151919
-0.07235775 -0.9367609 1.770083
0.1050081 -0.1888832 0.9898828
9
-0.07468378 -0.07609117 2.091856
-0.1562558 -0.08094454 2.051856
0.008806393 -0.07057942 2.048096
-0.07490844 -0.6254585 2.055988
0.06979044 -0.05109159 1.585514
-0.08012703 -0.9438429 1.86079
0.1019834 -0.1339495 1.150494
-0.06406793 -0.9491559 1.723401
0.09205597 -0.1136519 0.9879704
9
-0.07468378 -0.07609117 2.091856
-0.1562558 -0.08094454 2.051856
0.008806393 -0.07057942 2.048096
-0.07490844 -0.6254585 2.055988
0.06979044 -0.05109159 1.585514
-0.08012703 -0.9438429 1.86079
0.1019834 -0.1339495 1.150494
-0.06406793 -0.9491559 1.723401
0.09205597 -0.1136519 0.9879704
9
-0.07588437 -0.07667199 2.091067
-0.1572735 -0.08051817 2.051417
0.007519182 -0.07213192 2.046623
-0.08152921 -0.6113979 2.046862
0.0512849 -0.009072538 1.586776
-0.05238604 -0.9422987 1.88958
0.1054782 -0.1000299 1.154772
-0.0753859 -0.941789 1.752586
0.09688852 -0.08126502 0.9919906
9
-0.07588437 -0.07667199 2.091067
-0.1572735 -0.08051817 2.051417
0.007519182 -0.07213192 2.046623
-0.08152921 -0.6113979 2.046862
0.0512849 -0.009072538 1.586776
-0.05238604 -0.9422987 1.88958
0.1054782 -0.1000299 1.154772
-0.0753859 -0.941789 1.752586
0.09688852 -0.08126502 0.9919906
9
-0.07717907 -0.07701757 2.090119
-0.1589499 -0.07965028 2.049983
0.006601604 -0.0730547 2.045933
-0.09811874 -0.5037149 2.0294
0.03222931 0.005861538 1.584687
-0.08758304 -0.9232736 1.893162
0.08795258 -0.07939963 1.150271
-0.06806505 -0.9413032 1.759707
0.0801333 -0.06080557 0.9874729
9
-0.07717907 -0.07701757 2.090119
-0.1589499 -0.07965028 2.049983
0.006601604 -0.0730547 2.045933
-0.09811874 -0.5037149 2.0294
0.03222931 0.005861538 1.584687
-0.08758304 -0.9232736 1.893162
0.08795258 -0.07939963 1.150271
-0.06806505 -0.9413032 1.759707
0.0801333 -0.06080557 0.9874729
9
-0.1001144 -0.09340587 2.094705
-0.1806549 -0.08444744 2.056041
-0.01698816 -0.1028361 2.049048
-0.09725552 -0.505334 2.027812
-0.001589402 -0.1270066 1.583667
-0.08876441 -0.927358 1.894204
0.05460124 -0.213103 1.147466
-0.07204511 -0.9291036 1.718029
0.06945147 -0.06616111 1.124641
9
-0.1001144 -0.09340587 2.094705
-0.1806549 -0.08444744 2.056041
-0.01698816 -0.1028361 2.049048
-0.09725552 -0.505334 2.027812
-0.001589402 -0.1270066 1.583667
-0.08876441 -0.927358 1.894204
0.05460124 -0.213103 1.147466
-0.07204511 -0.9291036 1.718029
0.06945147 -0.06616111 1.124641
9
-0.1020127 -0.09419353 2.094771
-0.1835781 -0.08469263 2.056576
-0.01759536 -0.1031397 2.048895
-0.09699211 -0.5051012 2.02598
0.01361463 0.04579825 1.585903
-0.08880221 -0.9284866 1.892518
0.1197097 -0.07133258 1.169652
-0.05629967 -0.9423333 1.760947
0.04824183 0.01012705 1.115513
9
-0.1020127 -0.09419353 2.094771
-0.1835781 -0.08469263 2.056576
-0.01759536 -0.1031397 2.048895
-0.09699211 -0.5051012 2.02598
0.01361463 0.04579825 1.585903
-0.08880221 -0.9284866 1.892518
0.1197097 -0.07133258 1.169652
-0.05629967 -0.9423333 1.760947
0.04824183 0.01012705 1.115513
9
-0.1035362 -0.09488238 2.093922
-0.1850888 -0.08485172 2.05603
-0.01863514 -0.1036693 2.047872
-0.08783617 -0.6094652 2.028878
0.01354211 0.04692049 1.585093
-0.09201048 -0.9384648 1.884729
0.1196397 -0.07021213 1.168847
-0.05277049 -0.943829 1.75325
0.05276377 0.01503152 1.115528
9
-0.1035362 -0.09488238 2.093922
-0.1850888 -0.08485172 2.05603
-0.01863514 -0.1036693 2.047872
-0.08783617 -0.6094652 2.028878
0.01354211 0.04692049 1.585093
-0.09201048 -0.9384648 1.884729
0.1196397 -0.07021213 1.168847
-0.05277049 -0.943829 1.75325
0.05276377 0.01503152 1.115528
9
-0.1035362 -0.09488238 2.093922
-0.1850888 -0.08485172 2.05603
-0.01863514 -0.1036693 2.047872
-0.08783617 -0.6094652 2.028878
0.01354211 0.04692049 1.585093
-0.09201048 -0.9384648 1.884729
0.1196397 -0.07021213 1.168847
-0.05277049 -0.943829 1.75325
0.05276377 0.01503152 1.115528
9
-0.1035362 -0.09488238 2.093922
-0.1850888 -0.08485172 2.05603
-0.01863514 -0.1036693 2.047872
-0.08783617 -0.6094652 2.028878
0.01354211 0.04692049 1.585093
-0.09201048 -0.9384648 1.884729
0.1196397 -0.07021213 1.168847
-0.05277049 -0.943829 1.75325
0.05276377 0.01503152 1.115528
9
-0.1053951 -0.09656178 2.093404
-0.186736 -0.08585921 2.055397
-0.02014375 -0.1051615 2.047549
-0.08510824 -0.6331823 2.032745
0.01307364 0.04718287 1.584967
-0.09141883 -0.9303665 1.890617
0.1191712 -0.06994963 1.168725
-0.05631842 -0.9426789 1.759449
0.04979236 0.01320097 1.114695
9
-0.1053951 -0.09656178 2.093404
-0.186736 -0.08585921 2.055397
-0.02014375 -0.1051615 2.047549
-0.08510824 -0.6331823 2.032745
0.01307364 0.04718287 1.584967
-0.09141883 -0.9303665 1.890617
0.1191712 -0.06994963 1.168725
-0.05631842 -0.9426789 1.759449
0.04979236 0.01320097 1.114695
9
-0.1071353 -0.09867775 2.093772
-0.1883092 -0.08731213 2.055641
-0.02168544 -0.1072433 2.04797
-0.1052552 -0.508154 2.024201
0.01222712 0.0464214 1.585573
-0.08940918 -0.9334264 1.893613
0.118322 -0.07070911 1.169333
-0.05942915 -0.9406093 1.759348
0.03705376 0.000261344 1.111258
9
-0.1071353 -0.09867775 2.093772
-0.1883092 -0.08731213 2.055641
-0.02168544 -0.1072433 2.04797
-0.1052552 -0.508154 2.024201
0.01222712 0.0464214 1.585573
-0.08940918 -0.9334264 1.893613
0.118322 -0.07070911 1.169333
-0.05942915 -0.9406093 1.759348
0.03705376 0.000261344 1.111258
