40
9
0.04562793 -0.2338303 2.423635
-0.03302178 -0.2361258 2.40843
0.1227898 -0.2241647 2.362506
-0.01117784 -0.6318046 2.410471
0.1652139 -0.6082551 2.193817
0.02556602 -0.9781587 2.445569
0.2366691 -0.9665125 2.223624
-0.0304369 -1.046584 2.381251
0.2414191 -1.025009 2.116673
9
0.04562793 -0.2338303 2.423635
-0.03302178 -0.2361258 2.40843
0.1227898 -0.2241647 2.362506
-0.01117784 -0.6318046 2.410471
0.1652139 -0.6082551 2.193817
0.02556602 -0.9781587 2.445569
0.2366691 -0.9665125 2.223624
-0.0304369 -1.046584 2.381251
0.2414191 -1.025009 2.116673
9
0.04562793 -0.2338303 2.423635
-0.03302178 -0.2361258 2.40843
0.1227898 -0.2241647 2.362506
-0.01117784 -0.6318046 2.410471
0.1652139 -0.6082551 2.193817
0.02556602 -0.9781587 2.445569
0.2366691 -0.9665125 2.223624
-0.0304369 -1.046584 2.381251
0.2414191 -1.025009 2.116673
9
0.04562793 -0.2338303 2.423635
-0.03302178 -0.2361258 2.40843
0.1227898 -0.2241647 2.362506
-0.01117784 -0.6318046 2.410471
0.1652139 -0.6082551 2.193817
0.02556602 -0.9781587 2.445569
0.2366691 -0.9665125 2.223624
-0.0304369 -1.046584 2.381251
0.2414191 -1.025009 2.116673
9
0.04562793 -0.2338303 2.423635
-0.03302178 -0.2361258 2.40843
0.1227898 -0.2241647 2.362506
-0.01117784 -0.6318046 2.410471
0.1652139 -0.6082551 2.193817
0.02556602 -0.9781587 2.445569
0.2366691 -0.9665125 2.223624
-0.0304369 -1.046584 2.381251
0.2414191 -1.025009 2.116673
9
0.04562793 -0.2338303 2.423635
-0.03302178 -0.2361258 2.40843
0.1227898 -0.2241647 2.362506
-0.01117784 -0.6318046 2.410471
0.1652139 -0.6082551 2.193817
0.02556602 -0.9781587 2.445569
0.2366691 -0.9665125 2.223624
-0.0304369 -1.046584 2.381251
0.2414191 -1.025009 2.116673
9
0.02747686 -0.2304257 2.436287
-0.0500964 -0.2339482 2.419252
0.104221 -0.2195836 2.376973
-0.01200784 -0.64325 2.412803
0.1325726 -0.5482833 2.089174
0.0250726 -0.9801909 2.445426
0.1685342 -0.8236939 1.970961
-0.03264531 -1.046963 2.379943
0.1491699 -0.8500977 1.832031
9
0.02747686 -0.2304257 2.436287
-0.0500964 -0.2339482 2.419252
0.104221 -0.2195836 2.376973
-0.01200784 -0.64325 2.412803
0.1325726 -0.5482833 2.089174
0.0250726 -0.9801909 2.445426
0.1685342 -0.8236939 1.970961
-0.03264531 -1.046963 2.379943
0.1491699 -0.8500977 1.832031
9
0.02747686 -0.2304257 2.436287
-0.0500964 -0.2339482 2.419252
0.104221 -0.2195836 2.376973
-0.01200784 -0.64325 2.412803
0.1325726 -0.5482833 2.089174
0.0250726 -0.9801909 2.445426
0.1685342 -0.8236939 1.970961
-0.03264531 -1.046963 2.379943
0.1491699 -0.8500977 1.832031
9
0.02747686 -0.2304257 2.436287
-0.0500964 -0.2339482 2.419252
0.104221 -0.2195836 2.376973
-0.01200784 -0.64325 2.412803
0.1325726 -0.5482833 2.089174
0.0250726 -0.9801909 2.445426
0.1685342 -0.8236939 1.970961
-0.03264531 -1.046963 2.379943
0.1491699 -0.8500977 1.832031
9
0.02747686 -0.2304257 2.436287
-0.0500964 -0.2339482 2.419252
0.104221 -0.2195836 2.376973
-0.01200784 -0.64325 2.412803
0.1325726 -0.5482833 2.089174
0.0250726 -0.9801909 2.445426
0.1685342 -0.8236939 1.970961
-0.03264531 -1.046963 2.379943
0.1491699 -0.8500977 1.832031
9
0.02747686 -0.2304257 2.436287
-0.0500964 -0.2339482 2.419252
0.104221 -0.2195836 2.376973
-0.01200784 -0.64325 2.412803
0.1325726 -0.5482833 2.089174
0.0250726 -0.9801909 2.445426
0.1685342 -0.8236939 1.970961
-0.03264531 -1.046963 2.379943
0.1491699 -0.8500977 1.832031
9
0.01769639 -0.2280897 2.441836
-0.06667341 -0.2287391 2.429498
0.09965581 -0.2191534 2.379207
-0.03413791 -0.5885676 2.394139
0.09644441 -0.3920362 1.972698
-0.001238388 -0.9838809 2.439284
0.07263534 -0.6707429 1.669425
-0.0457911 -1.058035 2.373115
0.06199247 -0.5881274 1.55759
9
0.01769639 -0.2280897 2.441836
-0.06667341 -0.2287391 2.429498
0.09965581 -0.2191534 2.379207
-0.03413791 -0.5885676 2.394139
0.09644441 -0.3920362 1.972698
-0.001238388 -0.9838809 2.439284
0.07263534 -0.6707429 1.669425
-0.0457911 -1.058035 2.373115
0.06199247 -0.5881274 1.55759
9
0.005852782 -0.2242128 2.451186
-0.07463926 -0.2255407 2.433102
0.08555497 -0.2157979 2.39472
-0.04881889 -0.555213 2.386025
0.0860253 -0.3493298 1.928424
-0.003113907 -0.9504893 2.427532
0.05419295 -0.5995231 1.604386
-0.039434 -1.045993 2.377724
0.03567128 -0.4961594 1.52139
9
0.005852782 -0.2242128 2.451186
-0.07463926 -0.2255407 2.433102
0.08555497 -0.2157979 2.39472
-0.04881889 -0.555213 2.386025
0.0860253 -0.3493298 1.928424
-0.003113907 -0.9504893 2.427532
0.05419295 -0.5995231 1.604386
-0.039434 -1.045993 2.377724
0.03567128 -0.4961594 1.52139
9
-0.002837026 -0.2195625 2.452213
-0.08780407 -0.2179063 2.433282
0.08101999 -0.2136295 2.395466
-0.05706831 -0.6624106 2.439751
0.08095898 -0.2049789 2.025055
0.01571891 -0.9493449 2.423065
0.08233806 -0.389484 1.693669
-0.03906023 -1.045969 2.381073
0.03821065 -0.3907548 1.523864
9
-0.002837026 -0.2195625 2.452213
-0.08780407 -0.2179063 2.433282
0.08101999 -0.2136295 2.395466
-0.05706831 -0.6624106 2.439751
0.08095898 -0.2049789 2.025055
0.01571891 -0.9493449 2.423065
0.08233806 -0.389484 1.693669
-0.03906023 -1.045969 2.381073
0.03821065 -0.3907548 1.523864
9
-0.03328969 -0.2080087 2.44598
-0.1241861 -0.1999468 2.428374
0.05791783 -0.2082794 2.387768
-0.07177926 -0.6437809 2.42858
0.06571846 -0.1830103 1.999844
0.009451628 -0.9709873 2.431138
0.06585494 -0.3116093 1.654925
-0.03891642 -1.047871 2.382876
-0.005793102 -0.2753943 1.500314
9
-0.03328969 -0.2080087 2.44598
-0.1241861 -0.1999468 2.428374
0.05791783 -0.2082794 2.387768
-0.07177926 -0.6437809 2.42858
0.06571846 -0.1830103 1.999844
0.009451628 -0.9709873 2.431138
0.06585494 -0.3116093 1.654925
-0.03891642 -1.047871 2.382876
-0.005793102 -0.2753943 1.500314
9
-0.03328969 -0.2080087 2.44598
-0.1241861 -0.1999468 2.428374
0.05791783 -0.2082794 2.387768
-0.07177926 -0.6437809 2.42858
0.06571846 -0.1830103 1.999844
0.009451628 -0.9709873 2.431138
0.06585494 -0.3116093 1.654925
-0.03891642 -1.047871 2.382876
-0.005793102 -0.2753943 1.500314
9
-0.03328969 -0.2080087 2.44598
-0.1241861 -0.1999468 2.428374
0.05791783 -0.2082794 2.387768
-0.07177926 -0.6437809 2.42858
0.06571846 -0.1830103 1.999844
0.009451628 -0.9709873 2.431138
0.06585494 -0.3116093 1.654925
-0.03891642 -1.047871 2.382876
-0.005793102 -0.2753943 1.500314
9
0.05765391 -0.2097318 2.458895
-0.02668626 -0.215007 2.448613
0.1402721 -0.1979214 2.39262
-0.02458914 -0.6139342 2.397931
0.2404429 -0.182061 2.019062
0.01433195 -0.9654322 2.422961
0.04282573 -0.1739249 1.668081
-0.03472946 -1.046069 2.388596
0.003652487 -0.2150254 1.524128
9
0.05765391 -0.2097318 2.458895
-0.02668626 -0.215007 2.448613
0.1402721 -0.1979214 2.39262
-0.02458914 -0.6139342 2.397931
0.2404429 -0.182061 2.019062
0.01433195 -0.9654322 2.422961
0.04282573 -0.1739249 1.668081
-0.03472946 -1.046069 2.388596
0.003652487 -0.2150254 1.524128
9
0.05765391 -0.2097318 2.458895
-0.02668626 -0.215007 2.448613
0.1402721 -0.1979214 2.39262
-0.02458914 -0.6139342 2.397931
0.2404429 -0.182061 2.019062
0.01433195 -0.9654322 2.422961
0.04282573 -0.1739249 1.668081
-0.03472946 -1.046069 2.388596
0.003652487 -0.2150254 1.524128
9
0.05765391 -0.2097318 2.458895
-0.02668626 -0.215007 2.448613
0.1402721 -0.1979214 2.39262
-0.02458914 -0.6139342 2.397931
0.2404429 -0.182061 2.019062
0.01433195 -0.9654322 2.422961
0.04282573 -0.1739249 1.668081
-0.03472946 -1.046069 2.388596
0.003652487 -0.2150254 1.524128
9
0.04998223 -0.2092574 2.458549
-0.03248229 -0.2133396 2.449455
0.130172 -0.1990023 2.390712
-0.02700785 -0.6096954 2.394608
0.2150007 -0.2004688 2.009702
0.01629406 -0.9682528 2.419436
0.0511919 -0.1564453 1.634134
-0.02989086 -1.046522 2.37288
0.01100997 -0.1976487 1.490355
9
0.04998223 -0.2092574 2.458549
-0.03248229 -0.2133396 2.449455
0.130172 -0.1990023 2.390712
-0.02700785 -0.6096954 2.394608
0.2150007 -0.2004688 2.009702
0.01629406 -0.9682528 2.419436
0.0511919 -0.1564453 1.634134
-0.02989086 -1.046522 2.37288
0.01100997 -0.1976487 1.490355
9
0.05589964 -0.2221739 2.441215
-0.01569556 -0.2314484 2.421688
0.1295273 -0.2075303 2.38086
-0.03156928 -0.6002629 2.390713
0.1840232 -0.2734844 1.954462
0.01640981 -0.9699217 2.417751
0.02405204 -0.2251472 1.577729
-0.02938041 -1.048836 2.375883
-0.01607395 -0.2641396 1.434138
9
0.05589964 -0.2221739 2.441215
-0.01569556 -0.2314484 2.421688
0.1295273 -0.2075303 2.38086
-0.03156928 -0.6002629 2.390713
0.1840232 -0.2734844 1.954462
0.01640981 -0.9699217 2.417751
0.02405204 -0.2251472 1.577729
-0.02938041 -1.048836 2.375883
-0.01607395 -0.2641396 1.434138
9
0.05762281 -0.2269444 2.43861
-0.01361332 -0.2349067 2.420864
0.1292425 -0.2124436 2.377683
-0.03349772 -0.5938594 2.388348
0.1831168 -0.2733669 1.953519
0.01593469 -0.9700479 2.415707
0.02314503 -0.2250295 1.576784
-0.03185505 -1.048684 2.38249
-0.01726265 -0.2639835 1.43329
9
0.05762281 -0.2269444 2.43861
-0.01361332 -0.2349067 2.420864
0.1292425 -0.2124436 2.377683
-0.03349772 -0.5938594 2.388348
0.1831168 -0.2733669 1.953519
0.01593469 -0.9700479 2.415707
0.02314503 -0.2250295 1.576784
-0.03185505 -1.048684 2.38249
-0.01726265 -0.2639835 1.43329
9
0.05736031 -0.2280067 2.436579
-0.01389463 -0.2352769 2.419685
0.1285836 -0.2140619 2.375466
-0.03536 -0.594519 2.387522
0.1826208 -0.2730563 1.952874
0.01497408 -0.9708281 2.413476
0.02264843 -0.2247191 1.576139
-0.03212943 -1.050182 2.38666
-0.01794044 -0.2636005 1.432685
9
0.05736031 -0.2280067 2.436579
-0.01389463 -0.2352769 2.419685
0.1285836 -0.2140619 2.375466
-0.03536 -0.594519 2.387522
0.1826208 -0.2730563 1.952874
0.01497408 -0.9708281 2.413476
0.02264843 -0.2247191 1.576139
-0.03212943 -1.050182 2.38666
-0.01794044 -0.2636005 1.432685
9
0.05736031 -0.2280067 2.436579
-0.01389463 -0.2352769 2.419685
0.1285836 -0.2140619 2.375466
-0.03536 -0.594519 2.387522
0.1826208 -0.2730563 1.952874
0.01497408 -0.9708281 2.413476
0.02264843 -0.2247191 1.576139
-0.03212943 -1.050182 2.38666
-0.01794044 -0.2636005 1.432685
9
0.05736031 -0.2280067 2.436579
-0.01389463 -0.2352769 2.419685
0.1285836 -0.2140619 2.375466
-0.03536 -0.594519 2.387522
0.1826208 -0.2730563 1.952874
0.01497408 -0.9708281 2.413476
0.02264843 -0.2247191 1.576139
-0.03212943 -1.050182 2.38666
-0.01794044 -0.2636005 1.432685
9
0.05736031 -0.2280067 2.436579
-0.01389463 -0.2352769 2.419685
0.1285836 -0.2140619 2.375466
-0.03536 -0.594519 2.387522
0.1826208 -0.2730563 1.952874
0.01497408 -0.9708281 2.413476
0.02264843 -0.2247191 1.576139
-0.03212943 -1.050182 2.38666
-0.01794044 -0.2636005 1.432685
9
0.05736031 -0.2280067 2.436579
-0.01389463 -0.2352769 2.419685
0.1285836 -0.2140619 2.375466
-0.03536 -0.594519 2.387522
0.1826208 -0.2730563 1.952874
0.01497408 -0.9708281 2.413476
0.02264843 -0.2247191 1.576139
-0.03212943 -1.050182 2.38666
-0.01794044 -0.2636005 1.432685
9
0.06843514 -0.2290565 2.439292
-0.004924324 -0.2375992 2.420855
0.1406402 -0.2132956 2.380735
-0.03598408 -0.5999501 2.388379
0.2203649 -0.1901275 1.99565
0.01532529 -0.972891 2.413098
0.03637457 -0.1841436 1.626798
-0.03426183 -1.051705 2.387595
-0.00454649 -0.2242529 1.483288
9
0.06843514 -0.2290565 2.439292
-0.004924324 -0.2375992 2.420855
0.1406402 -0.2132956 2.380735
-0.03598408 -0.5999501 2.388379
0.2203649 -0.1901275 1.99565
0.01532529 -0.972891 2.413098
0.03637457 -0.1841436 1.626798
-0.03426183 -1.051705 2.387595
-0.00454649 -0.2242529 1.483288
