40
9
0.1654032 -0.2433378 2.248971
0.09375241 -0.2443108 2.244517
0.2314871 -0.234061 2.177236
0.1138917 -0.6509631 2.219274
0.2628379 -0.6256877 2.044607
0.1481776 -0.9810053 2.220233
0.3514751 -0.9743078 2.141096
0.0852506 -1.048808 2.172452
0.3612786 -1.036371 2.040256
9
0.1654032 -0.2433378 2.248971
0.09375241 -0.2443108 2.244517
0.2314871 -0.234061 2.177236
0.1138917 -0.6509631 2.219274
0.2628379 -0.6256877 2.044607
0.1481776 -0.9810053 2.220233
0.3514751 -0.9743078 2.141096
0.0852506 -1.048808 2.172452
0.3612786 -1.036371 2.040256
9
0.1487957 -0.2405004 2.249913
0.07851739 -0.243191 2.247142
0.2137288 -0.2294413 2.176344
0.1038987 -0.6542116 2.225163
0.2248743 -0.6083363 1.975092
0.1534631 -0.9855592 2.220731
0.2771564 -0.9437225 1.97685
0.08959973 -1.053621 2.181219
0.2715855 -0.9995216 1.868654
9
0.1487957 -0.2405004 2.249913
0.07851739 -0.243191 2.247142
0.2137288 -0.2294413 2.176344
0.1038987 -0.6542116 2.225163
0.2248743 -0.6083363 1.975092
0.1534631 -0.9855592 2.220731
0.2771564 -0.9437225 1.97685
0.08959973 -1.053621 2.181219
0.2715855 -0.9995216 1.868654
9
0.1436358 -0.2394111 2.25079
0.07291988 -0.2425952 2.248688
0.2092873 -0.2280221 2.176648
0.09574197 -0.6529564 2.227735
0.2012521 -0.5777239 1.926414
0.1522327 -0.9844984 2.219297
0.2326806 -0.8859761 1.878349
0.08862412 -1.052744 2.179851
0.2145294 -0.9325799 1.763253
9
0.1436358 -0.2394111 2.25079
0.07291988 -0.2425952 2.248688
0.2092873 -0.2280221 2.176648
0.09574197 -0.6529564 2.227735
0.2012521 -0.5777239 1.926414
0.1522327 -0.9844984 2.219297
0.2326806 -0.8859761 1.878349
0.08862412 -1.052744 2.179851
0.2145294 -0.9325799 1.763253
9
0.1399953 -0.2386365 2.251646
0.06866989 -0.2425727 2.250688
0.2061342 -0.2266059 2.176581
0.08765195 -0.6647072 2.229616
0.181351 -0.5370393 1.884647
0.1301486 -0.9578462 2.207247
0.1969526 -0.8202578 1.78096
0.08845277 -1.038547 2.178199
0.1672363 -0.8452148 1.655273
9
0.1399953 -0.2386365 2.251646
0.06866989 -0.2425727 2.250688
0.2061342 -0.2266059 2.176581
0.08765195 -0.6647072 2.229616
0.181351 -0.5370393 1.884647
0.1301486 -0.9578462 2.207247
0.1969526 -0.8202578 1.78096
0.08845277 -1.038547 2.178199
0.1672363 -0.8452148 1.655273
9
0.1399953 -0.2386365 2.251646
0.06866989 -0.2425727 2.250688
0.2061342 -0.2266059 2.176581
0.08765195 -0.6647072 2.229616
0.181351 -0.5370393 1.884647
0.1301486 -0.9578462 2.207247
0.1969526 -0.8202578 1.78096
0.08845277 -1.038547 2.178199
0.1672363 -0.8452148 1.655273
9
0.1399953 -0.2386365 2.251646
0.06866989 -0.2425727 2.250688
0.2061342 -0.2266059 2.176581
0.08765195 -0.6647072 2.229616
0.181351 -0.5370393 1.884647
0.1301486 -0.9578462 2.207247
0.1969526 -0.8202578 1.78096
0.08845277 -1.038547 2.178199
0.1672363 -0.8452148 1.655273
9
0.1399953 -0.2386365 2.251646
0.06866989 -0.2425727 2.250688
0.2061342 -0.2266059 2.176581
0.08765195 -0.6647072 2.229616
0.181351 -0.5370393 1.884647
0.1301486 -0.9578462 2.207247
0.1969526 -0.8202578 1.78096
0.08845277 -1.038547 2.178199
0.1672363 -0.8452148 1.655273
9
0.1399953 -0.2386365 2.251646
0.06866989 -0.2425727 2.250688
0.2061342 -0.2266059 2.176581
0.08765195 -0.6647072 2.229616
0.181351 -0.5370393 1.884647
0.1301486 -0.9578462 2.207247
0.1969526 -0.8202578 1.78096
0.08845277 -1.038547 2.178199
0.1672363 -0.8452148 1.655273
9
0.1399953 -0.2386365 2.251646
0.06866989 -0.2425727 2.250688
0.2061342 -0.2266059 2.176581
0.08765195 -0.6647072 2.229616
0.181351 -0.5370393 1.884647
0.1301486 -0.9578462 2.207247
0.1969526 -0.8202578 1.78096
0.08845277 -1.038547 2.178199
0.1672363 -0.8452148 1.655273
9
0.1271916 -0.2322725 2.259756
0.04988172 -0.2353043 2.261967
0.1988519 -0.221497 2.181861
0.06455871 -0.6079122 2.237536
0.1947919 -0.4264903 1.880443
0.1534162 -0.9654603 2.212214
0.05199362 -0.4586014 1.49409
0.09477395 -1.037405 2.182598
-0.01355283 -0.4934097 1.365464
9
0.1271916 -0.2322725 2.259756
0.04988172 -0.2353043 2.261967
0.1988519 -0.221497 2.181861
0.06455871 -0.6079122 2.237536
0.1947919 -0.4264903 1.880443
0.1534162 -0.9654603 2.212214
0.05199362 -0.4586014 1.49409
0.09477395 -1.037405 2.182598
-0.01355283 -0.4934097 1.365464
9
0.1271916 -0.2322725 2.259756
0.04988172 -0.2353043 2.261967
0.1988519 -0.221497 2.181861
0.06455871 -0.6079122 2.237536
0.1947919 -0.4264903 1.880443
0.1534162 -0.9654603 2.212214
0.05199362 -0.4586014 1.49409
0.09477395 -1.037405 2.182598
-0.01355283 -0.4934097 1.365464
9
0.1271916 -0.2322725 2.259756
0.04988172 -0.2353043 2.261967
0.1988519 -0.221497 2.181861
0.06455871 -0.6079122 2.237536
0.1947919 -0.4264903 1.880443
0.1534162 -0.9654603 2.212214
0.05199362 -0.4586014 1.49409
0.09477395 -1.037405 2.182598
-0.01355283 -0.4934097 1.365464
9
0.1531661 -0.2301583 2.249525
0.07421622 -0.2520574 2.248913
0.2381945 -0.1952762 2.170168
0.1148624 -0.6363911 2.200166
0.08851403 -0.1404925 1.789867
0.1515129 -0.9689946 2.209726
0.02945521 -0.2412569 1.504411
0.09733778 -1.043175 2.185366
-0.03491963 -0.2815388 1.37436
9
0.1531661 -0.2301583 2.249525
0.07421622 -0.2520574 2.248913
0.2381945 -0.1952762 2.170168
0.1148624 -0.6363911 2.200166
0.08851403 -0.1404925 1.789867
0.1515129 -0.9689946 2.209726
0.02945521 -0.2412569 1.504411
0.09733778 -1.043175 2.185366
-0.03491963 -0.2815388 1.37436
9
0.1531661 -0.2301583 2.249525
0.07421622 -0.2520574 2.248913
0.2381945 -0.1952762 2.170168
0.1148624 -0.6363911 2.200166
0.08851403 -0.1404925 1.789867
0.1515129 -0.9689946 2.209726
0.02945521 -0.2412569 1.504411
0.09733778 -1.043175 2.185366
-0.03491963 -0.2815388 1.37436
9
0.131847 -0.2352499 2.23809
0.05223114 -0.2540819 2.237651
0.2026252 -0.2100028 2.158458
0.1125938 -0.62973 2.200207
0.09705293 -0.1076045 1.7931
0.1498561 -0.9705505 2.204554
0.03796927 -0.2084834 1.507708
0.09831395 -1.046566 2.174937
-0.02652852 -0.2488077 1.377111
9
0.1549599 -0.2524079 2.235803
0.08310305 -0.2596951 2.231344
0.2261475 -0.2426442 2.163609
0.1072772 -0.6222973 2.197722
0.09487315 -0.08607642 1.785097
0.1434591 -0.9757145 2.195684
0.03578895 -0.1870455 1.499738
0.09634309 -1.052423 2.178287
-0.04371291 -0.1660421 1.347731
9
0.1549599 -0.2524079 2.235803
0.08310305 -0.2596951 2.231344
0.2261475 -0.2426442 2.163609
0.1072772 -0.6222973 2.197722
0.09487315 -0.08607642 1.785097
0.1434591 -0.9757145 2.195684
0.03578895 -0.1870455 1.499738
0.09634309 -1.052423 2.178287
-0.04371291 -0.1660421 1.347731
9
0.1544432 -0.2524479 2.233815
0.08215324 -0.2583988 2.228695
0.2249862 -0.2425344 2.161901
0.1017995 -0.6066764 2.19243
0.09054308 -0.07331438 1.776321
0.1399111 -0.9765961 2.192896
0.0314643 -0.1743432 1.490977
0.09849619 -1.054671 2.181066
-0.04973958 -0.1515699 1.340504
9
0.1544432 -0.2524479 2.233815
0.08215324 -0.2583988 2.228695
0.2249862 -0.2425344 2.161901
0.1017995 -0.6066764 2.19243
0.09054308 -0.07331438 1.776321
0.1399111 -0.9765961 2.192896
0.0314643 -0.1743432 1.490977
0.09849619 -1.054671 2.181066
-0.04973958 -0.1515699 1.340504
9
0.1503926 -0.2523519 2.231524
0.07742407 -0.2568632 2.227463
0.2196058 -0.2423851 2.158132
0.09988548 -0.6068819 2.190677
0.08536212 -0.07001708 1.773082
0.1375445 -0.9759877 2.190767
-0.03322677 -0.04454267 1.414332
0.1013577 -1.055797 2.180097
-0.09539749 -0.08948171 1.283378
9
0.1503926 -0.2523519 2.231524
0.07742407 -0.2568632 2.227463
0.2196058 -0.2423851 2.158132
0.09988548 -0.6068819 2.190677
0.08536212 -0.07001708 1.773082
0.1375445 -0.9759877 2.190767
-0.03322677 -0.04454267 1.414332
0.1013577 -1.055797 2.180097
-0.09539749 -0.08948171 1.283378
9
0.1503926 -0.2523519 2.231524
0.07742407 -0.2568632 2.227463
0.2196058 -0.2423851 2.158132
0.09988548 -0.6068819 2.190677
0.08536212 -0.07001708 1.773082
0.1375445 -0.9759877 2.190767
-0.03322677 -0.04454267 1.414332
0.1013577 -1.055797 2.180097
-0.09539749 -0.08948171 1.283378
9
0.1503926 -0.2523519 2.231524
0.07742407 -0.2568632 2.227463
0.2196058 -0.2423851 2.158132
0.09988548 -0.6068819 2.190677
0.08536212 -0.07001708 1.773082
0.1375445 -0.9759877 2.190767
-0.03322677 -0.04454267 1.414332
0.1013577 -1.055797 2.180097
-0.09539749 -0.08948171 1.283378
9
0.1475679 -0.2522927 2.2277
0.07420851 -0.2558825 2.223209
0.2168626 -0.2422177 2.155088
0.09591448 -0.6004458 2.184676
0.08203816 -0.06870882 1.76947
0.1370301 -0.9756664 2.190499
-0.03469964 -0.0472549 1.415057
0.1010083 -1.05552 2.179887
-0.09624299 -0.09200577 1.283655
9
0.1475679 -0.2522927 2.2277
0.07420851 -0.2558825 2.223209
0.2168626 -0.2422177 2.155088
0.09591448 -0.6004458 2.184676
0.08203816 -0.06870882 1.76947
0.1370301 -0.9756664 2.190499
-0.03469964 -0.0472549 1.415057
0.1010083 -1.05552 2.179887
-0.09624299 -0.09200577 1.283655
9
0.1469029 -0.252917 2.225442
0.07353378 -0.2561641 2.220093
0.2161403 -0.2426119 2.153841
0.09350184 -0.5982348 2.183141
0.07959222 -0.0714267 1.767205
0.1365078 -0.9749477 2.18953
-0.04021492 -0.07731059 1.413702
0.1015308 -1.054897 2.179993
-0.104437 -0.139295 1.270118
9
0.1469029 -0.252917 2.225442
0.07353378 -0.2561641 2.220093
0.2161403 -0.2426119 2.153841
0.09350184 -0.5982348 2.183141
0.07959222 -0.0714267 1.767205
0.1365078 -0.9749477 2.18953
-0.04021492 -0.07731059 1.413702
0.1015308 -1.054897 2.179993
-0.104437 -0.139295 1.270118
9
0.1469029 -0.252917 2.225442
0.07353378 -0.2561641 2.220093
0.2161403 -0.2426119 2.153841
0.09350184 -0.5982348 2.183141
0.07959222 -0.0714267 1.767205
0.1365078 -0.9749477 2.18953
-0.04021492 -0.07731059 1.413702
0.1015308 -1.054897 2.179993
-0.104437 -0.139295 1.270118
9
0.1469029 -0.252917 2.225442
0.07353378 -0.2561641 2.220093
0.2161403 -0.2426119 2.153841
0.09350184 -0.5982348 2.183141
0.07959222 -0.0714267 1.767205
0.1365078 -0.9749477 2.18953
-0.04021492 -0.07731059 1.413702
0.1015308 -1.054897 2.179993
-0.104437 -0.139295 1.270118
9
0.1469029 -0.252917 2.225442
0.07353378 -0.2561641 2.220093
0.2161403 -0.2426119 2.153841
0.09350184 -0.5982348 2.183141
0.07959222 -0.0714267 1.767205
0.1365078 -0.9749477 2.18953
-0.04021492 -0.07731059 1.413702
0.1015308 -1.054897 2.179993
-0.104437 -0.139295 1.270118
9
0.1469029 -0.252917 2.225442
0.07353378 -0.2561641 2.220093
0.2161403 -0.2426119 2.153841
0.09350184 -0.5982348 2.183141
0.07959222 -0.0714267 1.767205
0.1365078 -0.9749477 2.18953
-0.04021492 -0.07731059 1.413702
0.1015308 -1.054897 2.179993
-0.104437 -0.139295 1.270118
9
0.2065508 -0.2525867 2.219495
0.1381644 -0.2682531 2.214793
0.2679464 -0.2282562 2.148231
0.0966299 -0.6341966 2.184289
0.08851849 -0.136385 1.832854
0.1379034 -0.9769546 2.189271
0.01492853 -0.2379806 1.515468
0.09969139 -1.055942 2.178823
-0.04605679 -0.279477 1.383932
9
0.2065508 -0.2525867 2.219495
0.1381644 -0.2682531 2.214793
0.2679464 -0.2282562 2.148231
0.0966299 -0.6341966 2.184289
0.08851849 -0.136385 1.832854
0.1379034 -0.9769546 2.189271
0.01492853 -0.2379806 1.515468
0.09969139 -1.055942 2.178823
-0.04605679 -0.279477 1.383932
9
0.2287816 -0.2336302 2.193691
0.1613471 -0.2509606 2.187535
0.2884665 -0.208182 2.123792
0.1074082 -0.6357098 2.185293
0.07669879 -0.1839014 1.797589
0.1395947 -0.9758765 2.190836
0.006178355 -0.369389 1.434285
0.1018874 -1.05596 2.176581
-0.05909059 -0.4531022 1.315881
