40
9
-0.06475552 -0.00969694 2.058438
-0.1372547 -0.02101362 2.035988
0.01010203 0.002025582 2.003046
-0.1202034 -0.3881043 2.042047
0.08683295 -0.3606328 1.821986
-0.06698523 -0.7586994 2.11183
0.181166 -0.7077417 1.864417
-0.116015 -0.8302041 2.052505
0.2012302 -0.7850022 1.791508
9
-0.07299031 -0.0100977 2.05986
-0.1458582 -0.02207461 2.036768
0.002538692 0.002253516 2.005095
-0.1218509 -0.3923467 2.041939
0.08068796 -0.3610858 1.800404
-0.06724303 -0.7593935 2.111306
0.1669057 -0.7024986 1.757741
-0.1147586 -0.8318846 2.05242
0.1647156 -0.7615277 1.653029
9
-0.07299031 -0.0100977 2.05986
-0.1458582 -0.02207461 2.036768
0.002538692 0.002253516 2.005095
-0.1218509 -0.3923467 2.041939
0.08068796 -0.3610858 1.800404
-0.06724303 -0.7593935 2.111306
0.1669057 -0.7024986 1.757741
-0.1147586 -0.8318846 2.05242
0.1647156 -0.7615277 1.653029
9
-0.08019267 -0.01062851 2.061509
-0.1544526 -0.0223622 2.037925
-0.003132216 0.001547366 2.007156
-0.1215574 -0.3949984 2.040959
0.06690004 -0.3399653 1.747819
-0.0675825 -0.7603249 2.111662
0.1373206 -0.6430745 1.657326
-0.1173657 -0.8312952 2.052167
0.1287819 -0.6968046 1.54717
9
-0.08019267 -0.01062851 2.061509
-0.1544526 -0.0223622 2.037925
-0.003132216 0.001547366 2.007156
-0.1215574 -0.3949984 2.040959
0.06690004 -0.3399653 1.747819
-0.0675825 -0.7603249 2.111662
0.1373206 -0.6430745 1.657326
-0.1173657 -0.8312952 2.052167
0.1287819 -0.6968046 1.54717
9
-0.08449955 -0.01076268 2.062426
-0.1596926 -0.02269817 2.038882
-0.006327505 0.001573967 2.008041
-0.1196779 -0.4015165 2.04014
0.05173646 -0.3012407 1.710886
-0.06824551 -0.7614129 2.110633
0.1120379 -0.5687166 1.576829
-0.1193238 -0.8317902 2.051988
0.09119078 -0.6019853 1.453341
9
-0.08449955 -0.01076268 2.062426
-0.1596926 -0.02269817 2.038882
-0.006327505 0.001573967 2.008041
-0.1196779 -0.4015165 2.04014
0.05173646 -0.3012407 1.710886
-0.06824551 -0.7614129 2.110633
0.1120379 -0.5687166 1.576829
-0.1193238 -0.8317902 2.051988
0.09119078 -0.6019853 1.453341
9
-0.09105052 -0.008919649 2.066112
-0.1658372 -0.02319267 2.041789
-0.01342315 0.006280629 2.01297
-0.1127536 -0.4256325 2.043193
0.03969807 -0.2521551 1.673988
-0.06748942 -0.7628718 2.110128
0.07787794 -0.4976682 1.480244
-0.1198968 -0.8325729 2.05218
0.06390381 -0.5185547 1.331055
9
-0.09105052 -0.008919649 2.066112
-0.1658372 -0.02319267 2.041789
-0.01342315 0.006280629 2.01297
-0.1127536 -0.4256325 2.043193
0.03969807 -0.2521551 1.673988
-0.06748942 -0.7628718 2.110128
0.07787794 -0.4976682 1.480244
-0.1198968 -0.8325729 2.05218
0.06390381 -0.5185547 1.331055
9
-0.09942155 -0.007854274 2.069434
-0.1750654 -0.02250527 2.044629
-0.02022082 0.007389161 2.016495
-0.1235571 -0.4056606 2.039578
0.02353785 -0.175464 1.664516
-0.08261018 -0.7626277 2.105616
0.05316423 -0.4220557 1.402508
-0.1226911 -0.8395892 2.050271
0.03098733 -0.4251891 1.231996
9
-0.09942155 -0.007854274 2.069434
-0.1750654 -0.02250527 2.044629
-0.02022082 0.007389161 2.016495
-0.1235571 -0.4056606 2.039578
0.02353785 -0.175464 1.664516
-0.08261018 -0.7626277 2.105616
0.05316423 -0.4220557 1.402508
-0.1226911 -0.8395892 2.050271
0.03098733 -0.4251891 1.231996
9
-0.1079977 -0.006197996 2.072261
-0.1859298 -0.01970633 2.048027
-0.02636012 0.007964976 2.018765
-0.1440437 -0.3606811 2.016369
0.006075565 -0.0975495 1.657549
-0.08812174 -0.7500672 2.093303
0.04012837 -0.3237879 1.349367
-0.1187962 -0.8328472 2.053439
-0.004381597 -0.3070073 1.183286
9
-0.1079977 -0.006197996 2.072261
-0.1859298 -0.01970633 2.048027
-0.02636012 0.007964976 2.018765
-0.1440437 -0.3606811 2.016369
0.006075565 -0.0975495 1.657549
-0.08812174 -0.7500672 2.093303
0.04012837 -0.3237879 1.349367
-0.1187962 -0.8328472 2.053439
-0.004381597 -0.3070073 1.183286
9
-0.1181489 -0.006147847 2.072877
-0.1972765 -0.01533428 2.047887
-0.03619785 0.003759043 2.020172
-0.1517461 -0.4707454 2.081829
-0.001696497 -0.05888536 1.636446
-0.06336021 -0.7540274 2.093427
0.02660839 -0.2300723 1.335223
-0.114552 -0.8267729 2.046495
-0.02736836 -0.2369085 1.172816
9
-0.1181489 -0.006147847 2.072877
-0.1972765 -0.01533428 2.047887
-0.03619785 0.003759043 2.020172
-0.1517461 -0.4707454 2.081829
-0.001696497 -0.05888536 1.636446
-0.06336021 -0.7540274 2.093427
0.02660839 -0.2300723 1.335223
-0.114552 -0.8267729 2.046495
-0.02736836 -0.2369085 1.172816
9
-0.1430541 0.007176438 2.07974
-0.2382461 0.01074123 2.060807
-0.04691391 0.007685893 2.022711
-0.1528329 -0.4441584 2.068149
-0.01140177 -0.02102275 1.591551
-0.07448836 -0.7717769 2.100574
0.009072592 -0.151639 1.312664
-0.1235339 -0.8451688 2.051639
-0.05240359 -0.132656 1.153815
9
-0.1430541 0.007176438 2.07974
-0.2382461 0.01074123 2.060807
-0.04691391 0.007685893 2.022711
-0.1528329 -0.4441584 2.068149
-0.01140177 -0.02102275 1.591551
-0.07448836 -0.7717769 2.100574
0.009072592 -0.151639 1.312664
-0.1235339 -0.8451688 2.051639
-0.05240359 -0.132656 1.153815
9
-0.1535707 0.02084319 2.090907
-0.2506404 0.0244802 2.06962
-0.05157885 0.0165342 2.033289
-0.1354765 -0.4273202 2.042531
-0.03080669 0.01184829 1.536822
-0.0722325 -0.7713192 2.098505
-0.03144972 -0.1619306 1.171348
-0.1238143 -0.8434694 2.051394
-0.08660889 -0.04815674 1.088867
9
-0.1535707 0.02084319 2.090907
-0.2506404 0.0244802 2.06962
-0.05157885 0.0165342 2.033289
-0.1354765 -0.4273202 2.042531
-0.03080669 0.01184829 1.536822
-0.0722325 -0.7713192 2.098505
-0.03144972 -0.1619306 1.171348
-0.1238143 -0.8434694 2.051394
-0.08660889 -0.04815674 1.088867
9
-0.08327479 0.02693599 2.083889
-0.1725964 0.02110931 2.061465
0.009243223 0.03176139 2.028446
-0.1283132 -0.4221019 2.04134
-0.04770834 0.08879928 1.599269
-0.07378618 -0.7697576 2.097076
-0.02449182 -0.0915292 1.227857
-0.1243079 -0.8433279 2.060917
-0.08436351 -0.003248453 1.102484
9
-0.08327479 0.02693599 2.083889
-0.1725964 0.02110931 2.061465
0.009243223 0.03176139 2.028446
-0.1283132 -0.4221019 2.04134
-0.04770834 0.08879928 1.599269
-0.07378618 -0.7697576 2.097076
-0.02449182 -0.0915292 1.227857
-0.1243079 -0.8433279 2.060917
-0.08436351 -0.003248453 1.102484
9
-0.04763967 0.01365518 2.059304
-0.1249028 0.00167144 2.029034
0.02795158 0.02591675 2.014521
-0.1247361 -0.409777 2.036453
0.02470003 0.00164036 1.551023
-0.07460236 -0.7691587 2.093725
0.01142362 -0.001895565 1.138941
-0.1240575 -0.8433108 2.060604
-0.05143917 0.09678923 1.030187
9
-0.04763967 0.01365518 2.059304
-0.1249028 0.00167144 2.029034
0.02795158 0.02591675 2.014521
-0.1247361 -0.409777 2.036453
0.02470003 0.00164036 1.551023
-0.07460236 -0.7691587 2.093725
0.01142362 -0.001895565 1.138941
-0.1240575 -0.8433108 2.060604
-0.05143917 0.09678923 1.030187
9
-0.04763967 0.01365518 2.059304
-0.1249028 0.00167144 2.029034
0.02795158 0.02591675 2.014521
-0.1247361 -0.409777 2.036453
0.02470003 0.00164036 1.551023
-0.07460236 -0.7691587 2.093725
0.01142362 -0.001895565 1.138941
-0.1240575 -0.8433108 2.060604
-0.05143917 0.09678923 1.030187
9
-0.04763967 0.01365518 2.059304
-0.1249028 0.00167144 2.029034
0.02795158 0.02591675 2.014521
-0.1247361 -0.409777 2.036453
0.02470003 0.00164036 1.551023
-0.07460236 -0.7691587 2.093725
0.01142362 -0.001895565 1.138941
-0.1240575 -0.8433108 2.060604
-0.05143917 0.09678923 1.030187
9
-0.04763967 0.01365518 2.059304
-0.1249028 0.00167144 2.029034
0.02795158 0.02591675 2.014521
-0.1247361 -0.409777 2.036453
0.02470003 0.00164036 1.551023
-0.07460236 -0.7691587 2.093725
0.01142362 -0.001895565 1.138941
-0.1240575 -0.8433108 2.060604
-0.05143917 0.09678923 1.030187
9
-0.05340729 0.01418515 2.053574
-0.1306258 0.003272836 2.024363
0.02357121 0.02488818 2.00601
-0.1248145 -0.4063337 2.033666
0.006807441 -0.006438813 1.537728
-0.07383791 -0.7677731 2.092682
-0.04352215 -0.007549358 1.171692
-0.122898 -0.8421475 2.060563
-0.1069722 0.09579084 1.072037
9
-0.04985563 0.006130278 2.076103
-0.1251882 -0.007777567 2.056122
0.02674093 0.01954044 2.019992
-0.1245308 -0.4037675 2.031752
0.01311279 -0.02979535 1.587152
-0.07235429 -0.7637382 2.088485
-0.02511186 -0.02465556 1.254712
-0.120866 -0.8382505 2.060182
-0.08921666 0.07919449 1.15504
9
-0.04985563 0.006130278 2.076103
-0.1251882 -0.007777567 2.056122
0.02674093 0.01954044 2.019992
-0.1245308 -0.4037675 2.031752
0.01311279 -0.02979535 1.587152
-0.07235429 -0.7637382 2.088485
-0.02511186 -0.02465556 1.254712
-0.120866 -0.8382505 2.060182
-0.08921666 0.07919449 1.15504
9
-0.04734328 0.008508081 2.059536
-0.1249009 -0.002141025 2.030949
0.03115137 0.01976394 2.00806
-0.1245573 -0.4031756 2.031298
0.02218115 0.0003786256 1.541259
-0.07234241 -0.7637713 2.08848
-0.03946567 -0.07546113 1.158921
-0.120111 -0.838692 2.060402
-0.1030465 0.03011548 1.059331
9
-0.04734328 0.008508081 2.059536
-0.1249009 -0.002141025 2.030949
0.03115137 0.01976394 2.00806
-0.1245573 -0.4031756 2.031298
0.02218115 0.0003786256 1.541259
-0.07234241 -0.7637713 2.08848
-0.03946567 -0.07546113 1.158921
-0.120111 -0.838692 2.060402
-0.1030465 0.03011548 1.059331
9
-0.006254366 0.03044077 2.038841
-0.08257957 0.01359638 2.013083
0.07028675 0.04632505 1.986616
-0.1242671 -0.410597 2.031869
-0.03567556 0.087366 1.626349
-0.07482259 -0.7615445 2.088455
-0.01536774 -0.03513523 1.310374
-0.1195476 -0.838108 2.060275
-0.06774899 -0.01257081 1.148371
9
-0.006254366 0.03044077 2.038841
-0.08257957 0.01359638 2.013083
0.07028675 0.04632505 1.986616
-0.1242671 -0.410597 2.031869
-0.03567556 0.087366 1.626349
-0.07482259 -0.7615445 2.088455
-0.01536774 -0.03513523 1.310374
-0.1195476 -0.838108 2.060275
-0.06774899 -0.01257081 1.148371
9
-0.03307362 0.0111565 2.045256
-0.1111348 -0.002157653 2.020905
0.0458275 0.02375774 1.991811
-0.144411 -0.4278851 2.039681
-0.03037335 0.01757461 1.582756
-0.07246353 -0.7634836 2.088419
-0.0177185 -0.1302821 1.209583
-0.120936 -0.8382448 2.056658
-0.09606934 -0.06768799 1.080078
9
-0.03307362 0.0111565 2.045256
-0.1111348 -0.002157653 2.020905
0.0458275 0.02375774 1.991811
-0.144411 -0.4278851 2.039681
-0.03037335 0.01757461 1.582756
-0.07246353 -0.7634836 2.088419
-0.0177185 -0.1302821 1.209583
-0.120936 -0.8382448 2.056658
-0.09606934 -0.06768799 1.080078
9
-0.03307362 0.0111565 2.045256
-0.1111348 -0.002157653 2.020905
0.0458275 0.02375774 1.991811
-0.144411 -0.4278851 2.039681
-0.03037335 0.01757461 1.582756
-0.07246353 -0.7634836 2.088419
-0.0177185 -0.1302821 1.209583
-0.120936 -0.8382448 2.056658
-0.09606934 -0.06768799 1.080078
9
-0.03307362 0.0111565 2.045256
-0.1111348 -0.002157653 2.020905
0.0458275 0.02375774 1.991811
-0.144411 -0.4278851 2.039681
-0.03037335 0.01757461 1.582756
-0.07246353 -0.7634836 2.088419
-0.0177185 -0.1302821 1.209583
-0.120936 -0.8382448 2.056658
-0.09606934 -0.06768799 1.080078
9
-0.03307362 0.0111565 2.045256
-0.1111348 -0.002157653 2.020905
0.0458275 0.02375774 1.991811
-0.144411 -0.4278851 2.039681
-0.03037335 0.01757461 1.582756
-0.07246353 -0.7634836 2.088419
-0.0177185 -0.1302821 1.209583
-0.120936 -0.8382448 2.056658
-0.09606934 -0.06768799 1.080078
9
-0.03307362 0.0111565 2.045256
-0.1111348 -0.002157653 2.020905
0.0458275 0.02375774 1.991811
-0.144411 -0.4278851 2.039681
-0.03037335 0.01757461 1.582756
-0.07246353 -0.7634836 2.088419
-0.0177185 -0.1302821 1.209583
-0.120936 -0.8382448 2.056658
-0.09606934 -0.06768799 1.080078
9
-0.03898863 0.006265729 2.045712
-0.1159975 -0.00634953 2.019751
0.03904402 0.01831375 1.994133
-0.1634249 -0.3439257 2.014679
-0.0009276625 -0.158069 1.592286
-0.1088784 -0.7325048 2.096372
0.01363565 -0.3588167 1.358103
-0.1303424 -0.7599283 1.951214
-0.00596519 -0.3684235 1.187601
