40
9
0.04476629 -0.2420346 2.405312
-0.04168862 -0.244114 2.349346
0.1296237 -0.2321146 2.384556
0.01441596 -0.5695944 2.318311
0.2991691 -0.1284437 2.049265
0.01337258 -0.966609 2.364626
0.4743125 -0.1625113 1.677179
0.03581904 -0.996623 2.218579
0.5250706 -0.1255407 1.564402
9
0.04297556 -0.2427316 2.404349
-0.04329304 -0.2443482 2.34845
0.1276836 -0.2333637 2.383564
0.0148073 -0.5785597 2.317287
0.297726 -0.1244488 2.049841
0.01267995 -0.9755323 2.363431
0.4744132 -0.1606209 1.678679
0.03516129 -1.005376 2.217417
0.4869421 -0.2013147 1.531395
9
0.04297556 -0.2427316 2.404349
-0.04329304 -0.2443482 2.34845
0.1276836 -0.2333637 2.383564
0.0148073 -0.5785597 2.317287
0.297726 -0.1244488 2.049841
0.01267995 -0.9755323 2.363431
0.4744132 -0.1606209 1.678679
0.03516129 -1.005376 2.217417
0.4869421 -0.2013147 1.531395
9
0.04276465 -0.2429081 2.404204
-0.04356845 -0.2444461 2.348053
0.1274791 -0.2336589 2.383604
0.01569737 -0.5768571 2.316643
0.2977766 -0.122729 2.048249
0.01319534 -0.9739741 2.361935
0.475482 -0.1605804 1.677733
0.03593102 -1.00379 2.215954
0.4882465 -0.2012343 1.530494
9
0.04276465 -0.2429081 2.404204
-0.04356845 -0.2444461 2.348053
0.1274791 -0.2336589 2.383604
0.01569737 -0.5768571 2.316643
0.2977766 -0.122729 2.048249
0.01319534 -0.9739741 2.361935
0.475482 -0.1605804 1.677733
0.03593102 -1.00379 2.215954
0.4882465 -0.2012343 1.530494
9
0.04276465 -0.2429081 2.404204
-0.04356845 -0.2444461 2.348053
0.1274791 -0.2336589 2.383604
0.01569737 -0.5768571 2.316643
0.2977766 -0.122729 2.048249
0.01319534 -0.9739741 2.361935
0.475482 -0.1605804 1.677733
0.03593102 -1.00379 2.215954
0.4882465 -0.2012343 1.530494
9
0.04276465 -0.2429081 2.404204
-0.04356845 -0.2444461 2.348053
0.1274791 -0.2336589 2.383604
0.01569737 -0.5768571 2.316643
0.2977766 -0.122729 2.048249
0.01319534 -0.9739741 2.361935
0.475482 -0.1605804 1.677733
0.03593102 -1.00379 2.215954
0.4882465 -0.2012343 1.530494
9
0.04344678 -0.2436375 2.404642
-0.04260629 -0.2447493 2.348222
0.1279769 -0.2351305 2.384585
0.01591912 -0.5754762 2.316539
0.2985143 -0.1363121 2.054044
0.01260021 -0.9725919 2.361868
0.4482319 -0.2153906 1.741074
0.03545228 -1.002423 2.215902
0.4620016 -0.255023 1.593727
9
0.04344678 -0.2436375 2.404642
-0.04260629 -0.2447493 2.348222
0.1279769 -0.2351305 2.384585
0.01591912 -0.5754762 2.316539
0.2985143 -0.1363121 2.054044
0.01260021 -0.9725919 2.361868
0.4482319 -0.2153906 1.741074
0.03545228 -1.002423 2.215902
0.4620016 -0.255023 1.593727
9
0.04378461 -0.2439534 2.405
-0.04194123 -0.2449888 2.348558
0.1280765 -0.2355131 2.385018
0.01614719 -0.5752802 2.316652
0.3035133 -0.1590265 2.057366
0.01210942 -0.972402 2.361911
0.4516841 -0.2542609 1.747857
0.03501242 -1.002245 2.215956
0.4654896 -0.2931342 1.600628
9
0.04378461 -0.2439534 2.405
-0.04194123 -0.2449888 2.348558
0.1280765 -0.2355131 2.385018
0.01614719 -0.5752802 2.316652
0.3035133 -0.1590265 2.057366
0.01210942 -0.972402 2.361911
0.4516841 -0.2542609 1.747857
0.03501242 -1.002245 2.215956
0.4654896 -0.2931342 1.600628
9
0.04378461 -0.2439534 2.405
-0.04194123 -0.2449888 2.348558
0.1280765 -0.2355131 2.385018
0.01614719 -0.5752802 2.316652
0.3035133 -0.1590265 2.057366
0.01210942 -0.972402 2.361911
0.4516841 -0.2542609 1.747857
0.03501242 -1.002245 2.215956
0.4654896 -0.2931342 1.600628
9
0.04378461 -0.2439534 2.405
-0.04194123 -0.2449888 2.348558
0.1280765 -0.2355131 2.385018
0.01614719 -0.5752802 2.316652
0.3035133 -0.1590265 2.057366
0.01210942 -0.972402 2.361911
0.4516841 -0.2542609 1.747857
0.03501242 -1.002245 2.215956
0.4654896 -0.2931342 1.600628
9
0.04378461 -0.2439534 2.405
-0.04194123 -0.2449888 2.348558
0.1280765 -0.2355131 2.385018
0.01614719 -0.5752802 2.316652
0.3035133 -0.1590265 2.057366
0.01210942 -0.972402 2.361911
0.4516841 -0.2542609 1.747857
0.03501242 -1.002245 2.215956
0.4654896 -0.2931342 1.600628
9
0.04625464 -0.2441267 2.407417
-0.03841296 -0.2447342 2.350821
0.1296644 -0.2359846 2.387682
0.01623008 -0.5755288 2.317242
0.3176289 -0.2082965 2.07528
0.01042383 -0.9724208 2.363809
0.4914541 -0.3792541 1.742456
0.03335903 -1.002346 2.217881
0.5045957 -0.4157458 1.595883
9
0.04625464 -0.2441267 2.407417
-0.03841296 -0.2447342 2.350821
0.1296644 -0.2359846 2.387682
0.01623008 -0.5755288 2.317242
0.3176289 -0.2082965 2.07528
0.01042383 -0.9724208 2.363809
0.4914541 -0.3792541 1.742456
0.03335903 -1.002346 2.217881
0.5045957 -0.4157458 1.595883
9
0.04625464 -0.2441267 2.407417
-0.03841296 -0.2447342 2.350821
0.1296644 -0.2359846 2.387682
0.01623008 -0.5755288 2.317242
0.3176289 -0.2082965 2.07528
0.01042383 -0.9724208 2.363809
0.4914541 -0.3792541 1.742456
0.03335903 -1.002346 2.217881
0.5045957 -0.4157458 1.595883
9
0.05364306 -0.2424957 2.413332
-0.03090649 -0.2437583 2.356025
0.1365657 -0.233655 2.394272
0.01549051 -0.5980092 2.327155
0.3345146 -0.3285144 2.072091
0.01037433 -0.9743208 2.365517
0.4982105 -0.5377985 1.780711
0.03387568 -1.004436 2.219795
0.5493022 -0.5406936 1.663184
9
0.05364306 -0.2424957 2.413332
-0.03090649 -0.2437583 2.356025
0.1365657 -0.233655 2.394272
0.01549051 -0.5980092 2.327155
0.3345146 -0.3285144 2.072091
0.01037433 -0.9743208 2.365517
0.4982105 -0.5377985 1.780711
0.03387568 -1.004436 2.219795
0.5493022 -0.5406936 1.663184
9
0.06526278 -0.2411445 2.417717
-0.01633058 -0.2421669 2.361209
0.1451432 -0.2325416 2.397867
0.01564828 -0.597796 2.32735
0.3367805 -0.3709025 2.086609
0.01060072 -0.9736217 2.367255
0.4924534 -0.6111498 1.82051
0.03462753 -1.003971 2.221726
0.5345967 -0.6175734 1.697946
9
0.06526278 -0.2411445 2.417717
-0.01633058 -0.2421669 2.361209
0.1451432 -0.2325416 2.397867
0.01564828 -0.597796 2.32735
0.3367805 -0.3709025 2.086609
0.01060072 -0.9736217 2.367255
0.4924534 -0.6111498 1.82051
0.03462753 -1.003971 2.221726
0.5345967 -0.6175734 1.697946
9
0.0729671 -0.2401099 2.420141
-0.009132267 -0.2415836 2.365271
0.1531592 -0.2310569 2.398703
0.01554586 -0.6003366 2.329395
0.3408473 -0.4260592 2.09906
0.01142881 -0.9744697 2.369954
0.4729677 -0.670908 1.884908
0.03527261 -1.005085 2.224492
0.4883662 -0.7035425 1.739747
9
0.0729671 -0.2401099 2.420141
-0.009132267 -0.2415836 2.365271
0.1531592 -0.2310569 2.398703
0.01554586 -0.6003366 2.329395
0.3408473 -0.4260592 2.09906
0.01142881 -0.9744697 2.369954
0.4729677 -0.670908 1.884908
0.03527261 -1.005085 2.224492
0.4883662 -0.7035425 1.739747
9
0.0772329 -0.2385833 2.420572
-0.005485824 -0.2401537 2.366449
0.1578548 -0.2294665 2.398271
0.01540936 -0.6034834 2.331579
0.3302335 -0.4590468 2.126352
0.01108644 -0.9746082 2.37214
0.452541 -0.7291352 1.947343
-0.001492324 -1.058564 2.306658
0.474062 -0.764867 1.826374
9
0.0772329 -0.2385833 2.420572
-0.005485824 -0.2401537 2.366449
0.1578548 -0.2294665 2.398271
0.01540936 -0.6034834 2.331579
0.3302335 -0.4590468 2.126352
0.01108644 -0.9746082 2.37214
0.452541 -0.7291352 1.947343
-0.001492324 -1.058564 2.306658
0.474062 -0.764867 1.826374
9
0.08535413 -0.2368263 2.420627
0.00189243 -0.2386784 2.367976
0.1664834 -0.2274414 2.39673
0.01450122 -0.6096037 2.336087
0.3221298 -0.5054192 2.153525
0.01070235 -0.9766326 2.377614
0.4291729 -0.7818497 2.012742
-0.001444553 -1.05828 2.305424
0.4468409 -0.8138289 1.868061
9
0.08535413 -0.2368263 2.420627
0.00189243 -0.2386784 2.367976
0.1664834 -0.2274414 2.39673
0.01450122 -0.6096037 2.336087
0.3221298 -0.5054192 2.153525
0.01070235 -0.9766326 2.377614
0.4291729 -0.7818497 2.012742
-0.001444553 -1.05828 2.305424
0.4468409 -0.8138289 1.868061
9
0.09100468 -0.2361561 2.420266
0.007731064 -0.2376391 2.367624
0.1715321 -0.2271651 2.396407
0.01339064 -0.6143596 2.338385
0.3145249 -0.5516667 2.180706
0.009793078 -0.9763954 2.379999
0.4145163 -0.8578254 2.073078
0.0003847992 -1.057665 2.30607
0.4371338 -0.9004676 1.957432
9
0.09100468 -0.2361561 2.420266
0.007731064 -0.2376391 2.367624
0.1715321 -0.2271651 2.396407
0.01339064 -0.6143596 2.338385
0.3145249 -0.5516667 2.180706
0.009793078 -0.9763954 2.379999
0.4145163 -0.8578254 2.073078
0.0003847992 -1.057665 2.30607
0.4371338 -0.9004676 1.957432
9
0.09804985 -0.2357078 2.419344
0.01411003 -0.2365875 2.367658
0.1791013 -0.2274081 2.394455
0.01328322 -0.6149771 2.340002
0.3061564 -0.5983399 2.215704
0.008786144 -0.9777817 2.383276
0.3877395 -0.9342464 2.133436
0.00280722 -1.058224 2.306776
0.4133142 -0.9828784 2.024015
9
0.09804985 -0.2357078 2.419344
0.01411003 -0.2365875 2.367658
0.1791013 -0.2274081 2.394455
0.01328322 -0.6149771 2.340002
0.3061564 -0.5983399 2.215704
0.008786144 -0.9777817 2.383276
0.3877395 -0.9342464 2.133436
0.00280722 -1.058224 2.306776
0.4133142 -0.9828784 2.024015
9
0.09804985 -0.2357078 2.419344
0.01411003 -0.2365875 2.367658
0.1791013 -0.2274081 2.394455
0.01328322 -0.6149771 2.340002
0.3061564 -0.5983399 2.215704
0.008786144 -0.9777817 2.383276
0.3877395 -0.9342464 2.133436
0.00280722 -1.058224 2.306776
0.4133142 -0.9828784 2.024015
9
0.09804985 -0.2357078 2.419344
0.01411003 -0.2365875 2.367658
0.1791013 -0.2274081 2.394455
0.01328322 -0.6149771 2.340002
0.3061564 -0.5983399 2.215704
0.008786144 -0.9777817 2.383276
0.3877395 -0.9342464 2.133436
0.00280722 -1.058224 2.306776
0.4133142 -0.9828784 2.024015
9
0.1081143 -0.2367744 2.417484
0.02585144 -0.2364242 2.367398
0.187525 -0.2295511 2.391205
0.01341116 -0.6150131 2.341637
0.2725305 -0.6183674 2.293944
0.008656261 -0.9776517 2.384831
0.3239249 -0.981936 2.286062
0.03370116 -1.060361 2.32334
0.3239491 -1.060383 2.206619
9
0.1081143 -0.2367744 2.417484
0.02585144 -0.2364242 2.367398
0.187525 -0.2295511 2.391205
0.01341116 -0.6150131 2.341637
0.2725305 -0.6183674 2.293944
0.008656261 -0.9776517 2.384831
0.3239249 -0.981936 2.286062
0.03370116 -1.060361 2.32334
0.3239491 -1.060383 2.206619
9
0.114262 -0.23817 2.41502
0.03184932 -0.2369447 2.366474
0.1936013 -0.2319698 2.386907
0.01438051 -0.6170996 2.344031
0.264901 -0.636292 2.326022
0.008440484 -0.9781021 2.385972
0.2873917 -0.9900148 2.352648
0.02196312 -1.060587 2.31652
0.3061897 -1.059173 2.26152
9
0.114262 -0.23817 2.41502
0.03184932 -0.2369447 2.366474
0.1936013 -0.2319698 2.386907
0.01438051 -0.6170996 2.344031
0.264901 -0.636292 2.326022
0.008440484 -0.9781021 2.385972
0.2873917 -0.9900148 2.352648
0.02196312 -1.060587 2.31652
0.3061897 -1.059173 2.26152
9
0.119779 -0.2384145 2.41255
0.03744131 -0.2366665 2.365003
0.1986555 -0.2327021 2.383513
0.01598846 -0.6186621 2.345132
0.251653 -0.627229 2.361424
0.00870245 -0.9774743 2.387405
0.2630633 -0.9734827 2.397789
0.01872353 -1.058026 2.311918
0.2913125 -1.039494 2.305694
9
0.119779 -0.2384145 2.41255
0.03744131 -0.2366665 2.365003
0.1986555 -0.2327021 2.383513
0.01598846 -0.6186621 2.345132
0.251653 -0.627229 2.361424
0.00870245 -0.9774743 2.387405
0.2630633 -0.9734827 2.397789
0.01872353 -1.058026 2.311918
0.2913125 -1.039494 2.305694
9
0.119779 -0.2384145 2.41255
0.03744131 -0.2366665 2.365003
0.1986555 -0.2327021 2.383513
0.01598846 -0.6186621 2.345132
0.251653 -0.627229 2.361424
0.00870245 -0.9774743 2.387405
0.2630633 -0.9734827 2.397789
0.01872353 -1.058026 2.311918
0.2913125 -1.039494 2.305694
