40
9
0.008151793 -0.0576144 1.951418
-0.07621173 -0.06091684 1.924994
0.09213239 -0.05197717 1.893016
-0.05493205 -0.4890769 1.917766
0.118728 -0.4795398 1.889717
-0.02647742 -0.7701394 1.965666
0.1330474 -0.7549465 1.889147
-0.0929105 -0.8315434 1.867967
0.132932 -0.8230845 1.788507
9
0.008151793 -0.0576144 1.951418
-0.07621173 -0.06091684 1.924994
0.09213239 -0.05197717 1.893016
-0.05493205 -0.4890769 1.917766
0.118728 -0.4795398 1.889717
-0.02647742 -0.7701394 1.965666
0.1330474 -0.7549465 1.889147
-0.0929105 -0.8315434 1.867967
0.132932 -0.8230845 1.788507
9
0.004436888 -0.05822483 1.949933
-0.07934539 -0.06142685 1.924123
0.08805874 -0.0526099 1.891031
-0.05216474 -0.4896848 1.912946
0.1127262 -0.4811638 1.87973
-0.0213234 -0.7710096 1.955525
0.1317153 -0.7562849 1.889031
-0.08972795 -0.8310471 1.867769
0.1327668 -0.8238004 1.787668
9
0.004436888 -0.05822483 1.949933
-0.07934539 -0.06142685 1.924123
0.08805874 -0.0526099 1.891031
-0.05216474 -0.4896848 1.912946
0.1127262 -0.4811638 1.87973
-0.0213234 -0.7710096 1.955525
0.1317153 -0.7562849 1.889031
-0.08972795 -0.8310471 1.867769
0.1327668 -0.8238004 1.787668
9
0.001590213 -0.05802233 1.949074
-0.08180258 -0.06158374 1.923311
0.08493381 -0.05198557 1.890246
-0.05203168 -0.4896211 1.912802
0.1118012 -0.482126 1.853651
-0.02141663 -0.7700066 1.95327
0.1297944 -0.7572464 1.886358
-0.09431989 -0.8266127 1.818047
0.1333868 -0.8242509 1.784459
9
0.001590213 -0.05802233 1.949074
-0.08180258 -0.06158374 1.923311
0.08493381 -0.05198557 1.890246
-0.05203168 -0.4896211 1.912802
0.1118012 -0.482126 1.853651
-0.02141663 -0.7700066 1.95327
0.1297944 -0.7572464 1.886358
-0.09431989 -0.8266127 1.818047
0.1333868 -0.8242509 1.784459
9
0.001590213 -0.05802233 1.949074
-0.08180258 -0.06158374 1.923311
0.08493381 -0.05198557 1.890246
-0.05203168 -0.4896211 1.912802
0.1118012 -0.482126 1.853651
-0.02141663 -0.7700066 1.95327
0.1297944 -0.7572464 1.886358
-0.09431989 -0.8266127 1.818047
0.1333868 -0.8242509 1.784459
9
0.001590213 -0.05802233 1.949074
-0.08180258 -0.06158374 1.923311
0.08493381 -0.05198557 1.890246
-0.05203168 -0.4896211 1.912802
0.1118012 -0.482126 1.853651
-0.02141663 -0.7700066 1.95327
0.1297944 -0.7572464 1.886358
-0.09431989 -0.8266127 1.818047
0.1333868 -0.8242509 1.784459
9
-0.006976 -0.05576582 1.950452
-0.08957418 -0.06101901 1.922929
0.07532502 -0.04765468 1.893988
-0.05688757 -0.4872892 1.926157
0.111208 -0.465011 1.742238
-0.02133437 -0.7701838 1.952538
0.1418732 -0.7430265 1.816176
-0.09383845 -0.825883 1.816211
0.1405657 -0.8228754 1.735733
9
-0.006976 -0.05576582 1.950452
-0.08957418 -0.06101901 1.922929
0.07532502 -0.04765468 1.893988
-0.05688757 -0.4872892 1.926157
0.111208 -0.465011 1.742238
-0.02133437 -0.7701838 1.952538
0.1418732 -0.7430265 1.816176
-0.09383845 -0.825883 1.816211
0.1405657 -0.8228754 1.735733
9
-0.0163738 -0.05470717 1.953921
-0.09804916 -0.06126132 1.924205
0.06551121 -0.04532321 1.899953
-0.05673274 -0.4859323 1.933861
0.1077626 -0.4535233 1.719037
-0.0211901 -0.7704243 1.952585
0.1382231 -0.7674624 1.742509
-0.09342956 -0.8258011 1.815833
0.06311035 -0.8349609 1.618164
9
-0.0163738 -0.05470717 1.953921
-0.09804916 -0.06126132 1.924205
0.06551121 -0.04532321 1.899953
-0.05673274 -0.4859323 1.933861
0.1077626 -0.4535233 1.719037
-0.0211901 -0.7704243 1.952585
0.1382231 -0.7674624 1.742509
-0.09342956 -0.8258011 1.815833
0.06311035 -0.8349609 1.618164
9
-0.02335954 -0.05604839 1.957458
-0.1042801 -0.06520581 1.926833
0.05768678 -0.0440907 1.904551
-0.04327111 -0.5724329 1.961624
0.1020065 -0.4241609 1.65945
-0.03414762 -0.8809713 1.924691
0.1490256 -0.8426636 1.624361
-0.05498625 -0.8958119 1.751463
0.04257202 -0.8686523 1.586914
9
-0.02335954 -0.05604839 1.957458
-0.1042801 -0.06520581 1.926833
0.05768678 -0.0440907 1.904551
-0.04327111 -0.5724329 1.961624
0.1020065 -0.4241609 1.65945
-0.03414762 -0.8809713 1.924691
0.1490256 -0.8426636 1.624361
-0.05498625 -0.8958119 1.751463
0.04257202 -0.8686523 1.586914
9
-0.0365516 -0.05745346 1.965703
-0.1139195 -0.06668442 1.931475
0.04201873 -0.04545514 1.916574
-0.041627 -0.5777077 1.962231
0.09121709 -0.3913206 1.620201
-0.06864375 -0.9129245 1.817876
0.1350812 -0.8067472 1.658396
-0.09641977 -0.8957337 1.64297
0.03999449 -0.8538177 1.576233
9
-0.0365516 -0.05745346 1.965703
-0.1139195 -0.06668442 1.931475
0.04201873 -0.04545514 1.916574
-0.041627 -0.5777077 1.962231
0.09121709 -0.3913206 1.620201
-0.06864375 -0.9129245 1.817876
0.1350812 -0.8067472 1.658396
-0.09641977 -0.8957337 1.64297
0.03999449 -0.8538177 1.576233
9
-0.04113896 -0.05756817 1.97031
-0.1187393 -0.06692418 1.934935
0.03813417 -0.04554392 1.921991
-0.0413096 -0.5776801 1.962536
0.08324454 -0.3389974 1.568418
-0.05604515 -0.9128352 1.829227
0.1231592 -0.7330425 1.69439
0.002180077 -0.9333287 1.714217
0.05993135 -0.8417638 1.630804
9
-0.04113896 -0.05756817 1.97031
-0.1187393 -0.06692418 1.934935
0.03813417 -0.04554392 1.921991
-0.0413096 -0.5776801 1.962536
0.08324454 -0.3389974 1.568418
-0.05604515 -0.9128352 1.829227
0.1231592 -0.7330425 1.69439
0.002180077 -0.9333287 1.714217
0.05993135 -0.8417638 1.630804
9
-0.05140421 -0.05864168 1.977792
-0.1297837 -0.06784714 1.941408
0.0291549 -0.04682467 1.930203
-0.04040878 -0.5788639 1.963049
0.07934465 -0.2613554 1.521647
-0.04942952 -0.9116132 1.833709
0.1193085 -0.6565912 1.647628
-0.01173019 -0.9234384 1.703997
0.1059061 -0.7417305 1.539492
9
-0.05140421 -0.05864168 1.977792
-0.1297837 -0.06784714 1.941408
0.0291549 -0.04682467 1.930203
-0.04040878 -0.5788639 1.963049
0.07934465 -0.2613554 1.521647
-0.04942952 -0.9116132 1.833709
0.1193085 -0.6565912 1.647628
-0.01173019 -0.9234384 1.703997
0.1059061 -0.7417305 1.539492
9
-0.05200549 -0.05760746 1.980169
-0.1306743 -0.06724345 1.943168
0.02897238 -0.0453332 1.933285
-0.04287093 -0.5914106 1.962221
0.07419783 -0.1297656 1.477384
-0.05625504 -0.9017489 1.846335
0.1142527 -0.5270929 1.603644
-0.0689872 -0.9037458 1.670359
0.1015243 -0.6149006 1.494989
9
-0.05200549 -0.05760746 1.980169
-0.1306743 -0.06724345 1.943168
0.02897238 -0.0453332 1.933285
-0.04287093 -0.5914106 1.962221
0.07419783 -0.1297656 1.477384
-0.05625504 -0.9017489 1.846335
0.1142527 -0.5270929 1.603644
-0.0689872 -0.9037458 1.670359
0.1015243 -0.6149006 1.494989
9
-0.05200549 -0.05760746 1.980169
-0.1306743 -0.06724345 1.943168
0.02897238 -0.0453332 1.933285
-0.04287093 -0.5914106 1.962221
0.07419783 -0.1297656 1.477384
-0.05625504 -0.9017489 1.846335
0.1142527 -0.5270929 1.603644
-0.0689872 -0.9037458 1.670359
0.1015243 -0.6149006 1.494989
9
-0.05200549 -0.05760746 1.980169
-0.1306743 -0.06724345 1.943168
0.02897238 -0.0453332 1.933285
-0.04287093 -0.5914106 1.962221
0.07419783 -0.1297656 1.477384
-0.05625504 -0.9017489 1.846335
0.1142527 -0.5270929 1.603644
-0.0689872 -0.9037458 1.670359
0.1015243 -0.6149006 1.494989
9
-0.06124211 -0.05322662 1.978323
-0.1445704 -0.0625173 1.940203
0.02360748 -0.04162211 1.932171
-0.06406475 -0.5130197 1.971802
0.06281309 -0.0609176 1.468154
-0.05556421 -0.9021153 1.845639
0.1030366 -0.4593093 1.594694
-0.01629485 -0.9293478 1.72279
0.09322505 -0.5502086 1.487646
9
-0.06124211 -0.05322662 1.978323
-0.1445704 -0.0625173 1.940203
0.02360748 -0.04162211 1.932171
-0.06406475 -0.5130197 1.971802
0.06281309 -0.0609176 1.468154
-0.05556421 -0.9021153 1.845639
0.1030366 -0.4593093 1.594694
-0.01629485 -0.9293478 1.72279
0.09322505 -0.5502086 1.487646
9
-0.08674799 -0.05225044 1.987678
-0.1695523 -0.06051584 1.951616
-3.395951E-05 -0.04171563 1.939479
-0.03544889 -0.6237683 1.960989
0.06030816 0.01164853 1.480569
-0.1066978 -0.8995309 1.824186
0.1006314 -0.3881079 1.607662
0.00395132 -0.9185847 1.751576
0.09096398 -0.4805772 1.499869
9
-0.08674799 -0.05225044 1.987678
-0.1695523 -0.06051584 1.951616
-3.395951E-05 -0.04171563 1.939479
-0.03544889 -0.6237683 1.960989
0.06030816 0.01164853 1.480569
-0.1066978 -0.8995309 1.824186
0.1006314 -0.3881079 1.607662
0.00395132 -0.9185847 1.751576
0.09096398 -0.4805772 1.499869
9
-0.08674799 -0.05225044 1.987678
-0.1695523 -0.06051584 1.951616
-3.395951E-05 -0.04171563 1.939479
-0.03544889 -0.6237683 1.960989
0.06030816 0.01164853 1.480569
-0.1066978 -0.8995309 1.824186
0.1006314 -0.3881079 1.607662
0.00395132 -0.9185847 1.751576
0.09096398 -0.4805772 1.499869
9
-0.08674799 -0.05225044 1.987678
-0.1695523 -0.06051584 1.951616
-3.395951E-05 -0.04171563 1.939479
-0.03544889 -0.6237683 1.960989
0.06030816 0.01164853 1.480569
-0.1066978 -0.8995309 1.824186
0.1006314 -0.3881079 1.607662
0.00395132 -0.9185847 1.751576
0.09096398 -0.4805772 1.499869
9
-0.08674799 -0.05225044 1.987678
-0.1695523 -0.06051584 1.951616
-3.395951E-05 -0.04171563 1.939479
-0.03544889 -0.6237683 1.960989
0.06030816 0.01164853 1.480569
-0.1066978 -0.8995309 1.824186
0.1006314 -0.3881079 1.607662
0.00395132 -0.9185847 1.751576
0.09096398 -0.4805772 1.499869
9
-0.08674799 -0.05225044 1.987678
-0.1695523 -0.06051584 1.951616
-3.395951E-05 -0.04171563 1.939479
-0.03544889 -0.6237683 1.960989
0.06030816 0.01164853 1.480569
-0.1066978 -0.8995309 1.824186
0.1006314 -0.3881079 1.607662
0.00395132 -0.9185847 1.751576
0.09096398 -0.4805772 1.499869
9
-0.1449669 -0.07034651 2.041261
-0.224064 -0.07615195 2.007107
-0.05984649 -0.06164217 1.991446
-0.03483724 -0.5799726 1.957658
-0.01568615 -0.02959646 1.528633
-0.08587309 -0.8786392 1.850696
0.02554343 -0.4285347 1.655598
-0.02550384 -0.9201828 1.727113
0.01650803 -0.5145555 1.540057
9
-0.1449669 -0.07034651 2.041261
-0.224064 -0.07615195 2.007107
-0.05984649 -0.06164217 1.991446
-0.03483724 -0.5799726 1.957658
-0.01568615 -0.02959646 1.528633
-0.08587309 -0.8786392 1.850696
0.02554343 -0.4285347 1.655598
-0.02550384 -0.9201828 1.727113
0.01650803 -0.5145555 1.540057
9
-0.1345403 -0.07847159 2.033763
-0.2111288 -0.08139085 2.001349
-0.05175183 -0.0730985 1.981522
-0.03496275 -0.5799716 1.957655
0.02435816 -0.179335 1.535075
-0.032951 -0.9238737 1.814859
0.06506997 -0.5761425 1.661427
-0.01926778 -0.9355893 1.679232
0.05507845 -0.6601882 1.54839
9
-0.1345403 -0.07847159 2.033763
-0.2111288 -0.08139085 2.001349
-0.05175183 -0.0730985 1.981522
-0.03496275 -0.5799716 1.957655
0.02435816 -0.179335 1.535075
-0.032951 -0.9238737 1.814859
0.06506997 -0.5761425 1.661427
-0.01926778 -0.9355893 1.679232
0.05507845 -0.6601882 1.54839
9
-0.1328133 -0.07940646 2.03305
-0.2078629 -0.08218794 2.000451
-0.05122077 -0.07384103 1.981104
-0.03315124 -0.5254017 1.95608
0.02413537 -0.1792364 1.534323
-0.03193816 -0.9220423 1.815273
0.08499551 -0.5768614 1.652335
-0.0178984 -0.9345706 1.679924
0.08020888 -0.6581931 1.535595
9
-0.1328133 -0.07940646 2.03305
-0.2078629 -0.08218794 2.000451
-0.05122077 -0.07384103 1.981104
-0.03315124 -0.5254017 1.95608
0.02413537 -0.1792364 1.534323
-0.03193816 -0.9220423 1.815273
0.08499551 -0.5768614 1.652335
-0.0178984 -0.9345706 1.679924
0.08020888 -0.6581931 1.535595
9
-0.1322519 -0.08045909 2.033511
-0.2066948 -0.08317474 2.001166
-0.05128277 -0.07492807 1.981489
-0.05461439 -0.4858468 1.952565
0.02302374 -0.1797723 1.534398
-0.05438274 -0.8961557 1.838042
0.08440465 -0.5778185 1.65191
-0.01964064 -0.9299358 1.717025
0.07970304 -0.6588387 1.534931
9
-0.1322519 -0.08045909 2.033511
-0.2066948 -0.08317474 2.001166
-0.05128277 -0.07492807 1.981489
-0.05461439 -0.4858468 1.952565
0.02302374 -0.1797723 1.534398
-0.05438274 -0.8961557 1.838042
0.08440465 -0.5778185 1.65191
-0.01964064 -0.9299358 1.717025
0.07970304 -0.6588387 1.534931
