40
9
0.1318423 -0.2419072 2.136663
0.04686378 -0.2431686 2.109492
0.2121568 -0.2317401 2.088005
0.05999598 -0.6195195 2.117494
0.2497172 -0.5908096 1.905612
0.08682856 -0.9735427 2.170086
0.2632022 -0.9847414 1.915327
0.05549244 -1.053652 2.108937
0.2773438 -0.9536133 1.775391
9
0.1262077 -0.240521 2.144369
0.04113075 -0.2422421 2.117862
0.2068907 -0.2301381 2.094841
0.05872947 -0.6169123 2.120486
0.2498131 -0.5681515 1.881006
0.08658774 -0.9736174 2.170569
0.2816352 -0.8573452 1.783358
0.05714105 -1.054296 2.109405
0.2688674 -0.9000567 1.665003
9
0.1262077 -0.240521 2.144369
0.04113075 -0.2422421 2.117862
0.2068907 -0.2301381 2.094841
0.05872947 -0.6169123 2.120486
0.2498131 -0.5681515 1.881006
0.08658774 -0.9736174 2.170569
0.2816352 -0.8573452 1.783358
0.05714105 -1.054296 2.109405
0.2688674 -0.9000567 1.665003
9
0.1215835 -0.2395383 2.151397
0.03625336 -0.2421465 2.124957
0.2026419 -0.2283872 2.101766
0.05867872 -0.6135824 2.121965
0.2506154 -0.5172703 1.84052
0.08559389 -0.9733886 2.171608
0.2824265 -0.7855143 1.701533
0.05823841 -1.054117 2.108575
0.2719568 -0.8141072 1.57435
9
0.1215835 -0.2395383 2.151397
0.03625336 -0.2421465 2.124957
0.2026419 -0.2283872 2.101766
0.05867872 -0.6135824 2.121965
0.2506154 -0.5172703 1.84052
0.08559389 -0.9733886 2.171608
0.2824265 -0.7855143 1.701533
0.05823841 -1.054117 2.108575
0.2719568 -0.8141072 1.57435
9
0.1215835 -0.2395383 2.151397
0.03625336 -0.2421465 2.124957
0.2026419 -0.2283872 2.101766
0.05867872 -0.6135824 2.121965
0.2506154 -0.5172703 1.84052
0.08559389 -0.9733886 2.171608
0.2824265 -0.7855143 1.701533
0.05823841 -1.054117 2.108575
0.2719568 -0.8141072 1.57435
9
0.1215835 -0.2395383 2.151397
0.03625336 -0.2421465 2.124957
0.2026419 -0.2283872 2.101766
0.05867872 -0.6135824 2.121965
0.2506154 -0.5172703 1.84052
0.08559389 -0.9733886 2.171608
0.2824265 -0.7855143 1.701533
0.05823841 -1.054117 2.108575
0.2719568 -0.8141072 1.57435
9
0.1215835 -0.2395383 2.151397
0.03625336 -0.2421465 2.124957
0.2026419 -0.2283872 2.101766
0.05867872 -0.6135824 2.121965
0.2506154 -0.5172703 1.84052
0.08559389 -0.9733886 2.171608
0.2824265 -0.7855143 1.701533
0.05823841 -1.054117 2.108575
0.2719568 -0.8141072 1.57435
9
0.1215835 -0.2395383 2.151397
0.03625336 -0.2421465 2.124957
0.2026419 -0.2283872 2.101766
0.05867872 -0.6135824 2.121965
0.2506154 -0.5172703 1.84052
0.08559389 -0.9733886 2.171608
0.2824265 -0.7855143 1.701533
0.05823841 -1.054117 2.108575
0.2719568 -0.8141072 1.57435
9
0.1107372 -0.242145 2.162459
0.02651633 -0.2434025 2.133581
0.1910096 -0.2325588 2.115537
0.06151314 -0.6004499 2.121084
0.2507067 -0.3492569 1.749549
0.0863772 -0.973563 2.171754
0.2746478 -0.5397905 1.437774
0.05791564 -1.054093 2.109072
0.2479052 -0.5718635 1.291867
9
0.1107372 -0.242145 2.162459
0.02651633 -0.2434025 2.133581
0.1910096 -0.2325588 2.115537
0.06151314 -0.6004499 2.121084
0.2507067 -0.3492569 1.749549
0.0863772 -0.973563 2.171754
0.2746478 -0.5397905 1.437774
0.05791564 -1.054093 2.109072
0.2479052 -0.5718635 1.291867
9
0.1107372 -0.242145 2.162459
0.02651633 -0.2434025 2.133581
0.1910096 -0.2325588 2.115537
0.06151314 -0.6004499 2.121084
0.2507067 -0.3492569 1.749549
0.0863772 -0.973563 2.171754
0.2746478 -0.5397905 1.437774
0.05791564 -1.054093 2.109072
0.2479052 -0.5718635 1.291867
9
0.1107372 -0.242145 2.162459
0.02651633 -0.2434025 2.133581
0.1910096 -0.2325588 2.115537
0.06151314 -0.6004499 2.121084
0.2507067 -0.3492569 1.749549
0.0863772 -0.973563 2.171754
0.2746478 -0.5397905 1.437774
0.05791564 -1.054093 2.109072
0.2479052 -0.5718635 1.291867
9
0.1051297 -0.2443438 2.166572
0.01942205 -0.2457392 2.13746
0.186938 -0.2344908 2.119667
0.06285984 -0.5747708 2.116379
0.2283246 -0.240011 1.711995
0.0840373 -0.9626108 2.161628
0.2786078 -0.3237535 1.310063
0.06282917 -0.9922963 2.015944
0.3175372 -0.3994957 1.236755
9
0.1051297 -0.2443438 2.166572
0.01942205 -0.2457392 2.13746
0.186938 -0.2344908 2.119667
0.06285984 -0.5747708 2.116379
0.2283246 -0.240011 1.711995
0.0840373 -0.9626108 2.161628
0.2786078 -0.3237535 1.310063
0.06282917 -0.9922963 2.015944
0.3175372 -0.3994957 1.236755
9
0.092159 -0.2500754 2.172901
0.005813018 -0.2499273 2.142921
0.1751476 -0.2415486 2.126786
0.06418314 -0.5754555 2.116057
0.2260702 -0.2121059 1.649545
0.08395058 -0.9589273 2.156628
0.2834034 -0.2933424 1.29073
0.06296007 -0.9886283 2.010895
0.2941947 -0.3870255 1.260101
9
0.092159 -0.2500754 2.172901
0.005813018 -0.2499273 2.142921
0.1751476 -0.2415486 2.126786
0.06418314 -0.5754555 2.116057
0.2260702 -0.2121059 1.649545
0.08395058 -0.9589273 2.156628
0.2834034 -0.2933424 1.29073
0.06296007 -0.9886283 2.010895
0.2941947 -0.3870255 1.260101
9
0.092159 -0.2500754 2.172901
0.005813018 -0.2499273 2.142921
0.1751476 -0.2415486 2.126786
0.06418314 -0.5754555 2.116057
0.2260702 -0.2121059 1.649545
0.08395058 -0.9589273 2.156628
0.2834034 -0.2933424 1.29073
0.06296007 -0.9886283 2.010895
0.2941947 -0.3870255 1.260101
9
0.092159 -0.2500754 2.172901
0.005813018 -0.2499273 2.142921
0.1751476 -0.2415486 2.126786
0.06418314 -0.5754555 2.116057
0.2260702 -0.2121059 1.649545
0.08395058 -0.9589273 2.156628
0.2834034 -0.2933424 1.29073
0.06296007 -0.9886283 2.010895
0.2941947 -0.3870255 1.260101
9
0.07144051 -0.2623422 2.182072
-0.01321666 -0.2602805 2.150223
0.153606 -0.2553515 2.137884
0.06635547 -0.5815989 2.115459
0.2070892 -0.1113403 1.69192
0.08387605 -0.9589965 2.150818
0.2645217 -0.1876623 1.335157
0.06282131 -0.9887221 2.005136
0.2376002 -0.2274965 1.18727
9
0.07144051 -0.2623422 2.182072
-0.01321666 -0.2602805 2.150223
0.153606 -0.2553515 2.137884
0.06635547 -0.5815989 2.115459
0.2070892 -0.1113403 1.69192
0.08387605 -0.9589965 2.150818
0.2645217 -0.1876623 1.335157
0.06282131 -0.9887221 2.005136
0.2376002 -0.2274965 1.18727
9
0.07505267 -0.2638057 2.183051
-0.009731505 -0.2626921 2.150749
0.1574378 -0.2558912 2.139335
0.06653859 -0.5847895 2.113924
0.2023106 -0.07351051 1.71167
0.08385407 -0.9596994 2.147268
0.2451963 -0.1148181 1.347199
0.06329244 -0.9893131 2.001481
0.2822266 -0.05007935 1.223633
9
0.07505267 -0.2638057 2.183051
-0.009731505 -0.2626921 2.150749
0.1574378 -0.2558912 2.139335
0.06653859 -0.5847895 2.113924
0.2023106 -0.07351051 1.71167
0.08385407 -0.9596994 2.147268
0.2451963 -0.1148181 1.347199
0.06329244 -0.9893131 2.001481
0.2822266 -0.05007935 1.223633
9
0.07595028 -0.264637 2.183358
-0.008734324 -0.2639717 2.150887
0.1582006 -0.2563245 2.139755
0.06636725 -0.5863712 2.111351
0.1864403 -0.05059779 1.745102
0.08448312 -0.9602144 2.145893
0.2308228 -0.0965428 1.37675
0.06343053 -0.9897475 2.00017
0.2781394 -0.02839604 1.228232
9
0.07595028 -0.264637 2.183358
-0.008734324 -0.2639717 2.150887
0.1582006 -0.2563245 2.139755
0.06636725 -0.5863712 2.111351
0.1864403 -0.05059779 1.745102
0.08448312 -0.9602144 2.145893
0.2308228 -0.0965428 1.37675
0.06343053 -0.9897475 2.00017
0.2781394 -0.02839604 1.228232
9
0.07688081 -0.2656974 2.183788
-0.007591058 -0.2654175 2.151375
0.1588552 -0.2569662 2.140102
0.06577878 -0.5882164 2.108824
0.1886937 -0.03980542 1.73553
0.08471024 -0.9597665 2.144442
0.2327219 -0.08498595 1.37858
0.06412163 -0.9892305 1.998613
0.2776228 -0.02080803 1.227832
9
0.07688081 -0.2656974 2.183788
-0.007591058 -0.2654175 2.151375
0.1588552 -0.2569662 2.140102
0.06577878 -0.5882164 2.108824
0.1886937 -0.03980542 1.73553
0.08471024 -0.9597665 2.144442
0.2327219 -0.08498595 1.37858
0.06412163 -0.9892305 1.998613
0.2776228 -0.02080803 1.227832
9
0.0773461 -0.2660839 2.18391
-0.007209476 -0.265924 2.151466
0.1593694 -0.2572008 2.140249
0.06540802 -0.5888923 2.106632
0.1896668 -0.03326663 1.731099
0.0847472 -0.9595398 2.143482
0.233734 -0.07609864 1.373301
0.06449634 -0.9888781 1.997547
0.277129 -0.01783381 1.228487
9
0.0773461 -0.2660839 2.18391
-0.007209476 -0.265924 2.151466
0.1593694 -0.2572008 2.140249
0.06540802 -0.5888923 2.106632
0.1896668 -0.03326663 1.731099
0.0847472 -0.9595398 2.143482
0.233734 -0.07609864 1.373301
0.06449634 -0.9888781 1.997547
0.277129 -0.01783381 1.228487
9
0.07819889 -0.2666113 2.184449
-0.006462078 -0.2666368 2.151913
0.1602874 -0.2574948 2.140881
0.065543 -0.5897208 2.105243
0.1897143 -0.03224113 1.731246
0.08484513 -0.9593701 2.143132
0.2337445 -0.07482652 1.373523
0.06518518 -0.9886644 1.99708
0.2770492 -0.01752988 1.228489
9
0.07819889 -0.2666113 2.184449
-0.006462078 -0.2666368 2.151913
0.1602874 -0.2574948 2.140881
0.065543 -0.5897208 2.105243
0.1897143 -0.03224113 1.731246
0.08484513 -0.9593701 2.143132
0.2337445 -0.07482652 1.373523
0.06518518 -0.9886644 1.99708
0.2770492 -0.01752988 1.228489
9
0.07808544 -0.2672481 2.18567
-0.006524302 -0.2673267 2.152847
0.1600934 -0.258008 2.142425
0.06557271 -0.5903675 2.104667
0.1857447 -0.03916532 1.743186
0.08493491 -0.959283 2.14315
0.2296357 -0.08143912 1.385645
0.06565892 -0.9885685 1.997031
0.2760351 -0.02541128 1.23056
9
0.07808544 -0.2672481 2.18567
-0.006524302 -0.2673267 2.152847
0.1600934 -0.258008 2.142425
0.06557271 -0.5903675 2.104667
0.1857447 -0.03916532 1.743186
0.08493491 -0.959283 2.14315
0.2296357 -0.08143912 1.385645
0.06565892 -0.9885685 1.997031
0.2760351 -0.02541128 1.23056
9
0.07877923 -0.267004 2.187152
-0.005884017 -0.267423 2.154136
0.1608151 -0.2573483 2.144139
0.06568997 -0.5905525 2.104102
0.1990766 -0.05667145 1.718421
0.08528586 -0.956277 2.14227
0.2494164 -0.1346196 1.353975
0.0652197 -0.9855985 1.996265
0.2835461 -0.06141019 1.222401
9
0.07877923 -0.267004 2.187152
-0.005884017 -0.267423 2.154136
0.1608151 -0.2573483 2.144139
0.06568997 -0.5905525 2.104102
0.1990766 -0.05667145 1.718421
0.08528586 -0.956277 2.14227
0.2494164 -0.1346196 1.353975
0.0652197 -0.9855985 1.996265
0.2835461 -0.06141019 1.222401
9
0.07899258 -0.2666992 2.188168
-0.005621919 -0.2673551 2.154814
0.1609182 -0.2567226 2.145563
0.06589781 -0.5904828 2.103887
0.2031152 -0.09140583 1.709343
0.08538192 -0.9562486 2.142237
0.2506111 -0.1618183 1.350318
0.06484976 -0.9855585 1.996305
0.2967539 -0.1388968 1.226706
9
0.07899258 -0.2666992 2.188168
-0.005621919 -0.2673551 2.154814
0.1609182 -0.2567226 2.145563
0.06589781 -0.5904828 2.103887
0.2031152 -0.09140583 1.709343
0.08538192 -0.9562486 2.142237
0.2506111 -0.1618183 1.350318
0.06484976 -0.9855585 1.996305
0.2967539 -0.1388968 1.226706
9
0.07483614 -0.2638772 2.190141
-0.01006818 -0.26403 2.156104
0.1570781 -0.2544371 2.148148
0.06656067 -0.5860755 2.103943
0.2107348 -0.1160701 1.700906
0.08543073 -0.9559776 2.142334
0.2642138 -0.2330045 1.389755
0.06564213 -0.9852866 1.996273
0.3061523 -0.1954346 1.234375
9
0.07483614 -0.2638772 2.190141
-0.01006818 -0.26403 2.156104
0.1570781 -0.2544371 2.148148
0.06656067 -0.5860755 2.103943
0.2107348 -0.1160701 1.700906
0.08543073 -0.9559776 2.142334
0.2642138 -0.2330045 1.389755
0.06564213 -0.9852866 1.996273
0.3061523 -0.1954346 1.234375
9
0.06570271 -0.2537605 2.194675
-0.02237788 -0.2516707 2.161861
0.1509852 -0.2467515 2.15147
0.06446529 -0.5714124 2.106677
0.2129527 -0.1428968 1.73131
0.08573257 -0.9566668 2.142472
0.2704115 -0.2889569 1.392406
0.06543443 -0.9860079 1.996516
0.3146973 -0.2531738 1.243164
