40
9
0.1229751 -0.2275486 2.119946
0.04990907 -0.231972 2.114913
0.1914853 -0.2149385 2.048876
0.08007021 -0.6345095 2.11085
0.2165694 -0.5839733 1.848329
0.1092403 -0.9740463 2.137466
0.2831266 -0.9187321 1.862322
0.07927798 -1.052533 2.070248
0.2846362 -0.9914219 1.776621
9
0.1229751 -0.2275486 2.119946
0.04990907 -0.231972 2.114913
0.1914853 -0.2149385 2.048876
0.08007021 -0.6345095 2.11085
0.2165694 -0.5839733 1.848329
0.1092403 -0.9740463 2.137466
0.2831266 -0.9187321 1.862322
0.07927798 -1.052533 2.070248
0.2846362 -0.9914219 1.776621
9
0.111103 -0.2235202 2.126457
0.03480148 -0.2288838 2.12191
0.1828662 -0.2103134 2.054858
0.05939394 -0.6773568 2.104471
0.1619823 -0.4784129 1.715757
0.08048969 -0.9701512 2.129244
0.158619 -0.749059 1.576412
0.05164372 -1.05252 2.075349
0.1346605 -0.7622358 1.445527
9
0.111103 -0.2235202 2.126457
0.03480148 -0.2288838 2.12191
0.1828662 -0.2103134 2.054858
0.05939394 -0.6773568 2.104471
0.1619823 -0.4784129 1.715757
0.08048969 -0.9701512 2.129244
0.158619 -0.749059 1.576412
0.05164372 -1.05252 2.075349
0.1346605 -0.7622358 1.445527
9
0.1044268 -0.2216209 2.129344
0.02668646 -0.2271095 2.124807
0.1780345 -0.2083854 2.057585
0.05384154 -0.6755053 2.106978
0.1462816 -0.4302993 1.677966
0.05581879 -0.9673566 2.142765
0.1255084 -0.6651752 1.481342
0.007246871 -1.0233 2.050635
0.0914917 -0.6640625 1.347656
9
0.1044268 -0.2216209 2.129344
0.02668646 -0.2271095 2.124807
0.1780345 -0.2083854 2.057585
0.05384154 -0.6755053 2.106978
0.1462816 -0.4302993 1.677966
0.05581879 -0.9673566 2.142765
0.1255084 -0.6651752 1.481342
0.007246871 -1.0233 2.050635
0.0914917 -0.6640625 1.347656
9
0.1053406 -0.2200311 2.13116
0.02693824 -0.2257018 2.125712
0.1801075 -0.2065373 2.060853
0.03152845 -0.5574265 2.083294
0.1345532 -0.3470718 1.660915
0.04430922 -0.8508428 2.113158
0.107172 -0.539853 1.421713
-0.02908915 -0.8578493 2.007694
0.0727324 -0.5534987 1.291995
9
0.1053406 -0.2200311 2.13116
0.02693824 -0.2257018 2.125712
0.1801075 -0.2065373 2.060853
0.03152845 -0.5574265 2.083294
0.1345532 -0.3470718 1.660915
0.04430922 -0.8508428 2.113158
0.107172 -0.539853 1.421713
-0.02908915 -0.8578493 2.007694
0.0727324 -0.5534987 1.291995
9
0.1507585 -0.2140845 2.146099
0.06422397 -0.2244588 2.138006
0.2306015 -0.1957369 2.077522
0.02666659 -0.5542265 2.085434
0.116888 -0.3062629 1.617439
0.1255479 -0.9409826 2.124949
0.09773202 -0.4659763 1.353736
0.07006836 -1.029297 2.091797
0.01885265 -0.4353198 1.202387
9
0.1507585 -0.2140845 2.146099
0.06422397 -0.2244588 2.138006
0.2306015 -0.1957369 2.077522
0.02666659 -0.5542265 2.085434
0.116888 -0.3062629 1.617439
0.1255479 -0.9409826 2.124949
0.09773202 -0.4659763 1.353736
0.07006836 -1.029297 2.091797
0.01885265 -0.4353198 1.202387
9
0.1501595 -0.2149817 2.146802
0.06420419 -0.2247213 2.138155
0.2291946 -0.1977181 2.079334
0.01029866 -0.5523549 2.096708
0.127325 -0.1636694 1.724167
0.08975203 -0.9460965 2.114534
0.07586371 -0.3382176 1.35216
0.03396834 -0.9771889 1.981675
0.001615234 -0.2973326 1.200116
9
0.1501595 -0.2149817 2.146802
0.06420419 -0.2247213 2.138155
0.2291946 -0.1977181 2.079334
0.01029866 -0.5523549 2.096708
0.127325 -0.1636694 1.724167
0.08975203 -0.9460965 2.114534
0.07586371 -0.3382176 1.35216
0.03396834 -0.9771889 1.981675
0.001615234 -0.2973326 1.200116
9
0.147538 -0.2146471 2.146908
0.06117487 -0.2234462 2.139734
0.227001 -0.1981013 2.0782
0.1019944 -0.6575607 2.082609
0.09058981 -0.1364828 1.626714
0.1003305 -0.9544186 2.113548
0.03925166 -0.2423609 1.269127
0.04453958 -0.9853924 1.980658
-0.02667814 -0.223158 1.152515
9
0.147538 -0.2146471 2.146908
0.06117487 -0.2234462 2.139734
0.227001 -0.1981013 2.0782
0.1019944 -0.6575607 2.082609
0.09058981 -0.1364828 1.626714
0.1003305 -0.9544186 2.113548
0.03925166 -0.2423609 1.269127
0.04453958 -0.9853924 1.980658
-0.02667814 -0.223158 1.152515
9
0.1486257 -0.2082685 2.143927
0.06127989 -0.2184416 2.139477
0.2304956 -0.1895068 2.07057
0.07521733 -0.6047373 2.077098
0.08478468 -0.08818196 1.616965
0.1026155 -0.9580648 2.110564
0.04422579 -0.1765262 1.302651
0.04678308 -0.9888722 1.97766
-0.02182585 -0.1593152 1.185718
9
0.1486257 -0.2082685 2.143927
0.06127989 -0.2184416 2.139477
0.2304956 -0.1895068 2.07057
0.07521733 -0.6047373 2.077098
0.08478468 -0.08818196 1.616965
0.1026155 -0.9580648 2.110564
0.04422579 -0.1765262 1.302651
0.04678308 -0.9888722 1.97766
-0.02182585 -0.1593152 1.185718
9
0.1486257 -0.2082685 2.143927
0.06127989 -0.2184416 2.139477
0.2304956 -0.1895068 2.07057
0.07521733 -0.6047373 2.077098
0.08478468 -0.08818196 1.616965
0.1026155 -0.9580648 2.110564
0.04422579 -0.1765262 1.302651
0.04678308 -0.9888722 1.97766
-0.02182585 -0.1593152 1.185718
9
0.1486257 -0.2082685 2.143927
0.06127989 -0.2184416 2.139477
0.2304956 -0.1895068 2.07057
0.07521733 -0.6047373 2.077098
0.08478468 -0.08818196 1.616965
0.1026155 -0.9580648 2.110564
0.04422579 -0.1765262 1.302651
0.04678308 -0.9888722 1.97766
-0.02182585 -0.1593152 1.185718
9
0.128624 -0.2421185 2.106862
0.0561366 -0.2444925 2.096829
0.1965711 -0.230844 2.041027
0.07142778 -0.599704 2.075011
0.005532415 -0.1964818 1.594536
0.1024869 -0.9622179 2.106407
-0.02507176 -0.1332961 1.194373
0.04725471 -0.991329 1.972477
-0.08908659 -0.1169568 1.07732
9
0.128624 -0.2421185 2.106862
0.0561366 -0.2444925 2.096829
0.1965711 -0.230844 2.041027
0.07142778 -0.599704 2.075011
0.005532415 -0.1964818 1.594536
0.1024869 -0.9622179 2.106407
-0.02507176 -0.1332961 1.194373
0.04725471 -0.991329 1.972477
-0.08908659 -0.1169568 1.07732
9
0.1253096 -0.2408516 2.106685
0.0528878 -0.2425575 2.096879
0.1931816 -0.2302534 2.040552
0.0695549 -0.5941832 2.073061
-0.001269161 -0.200719 1.595233
0.101895 -0.9624527 2.104338
0.02233399 -0.0916008 1.249193
0.04734054 -0.9913813 1.969985
-0.04312712 -0.07667361 1.132007
9
0.1253096 -0.2408516 2.106685
0.0528878 -0.2425575 2.096879
0.1931816 -0.2302534 2.040552
0.0695549 -0.5941832 2.073061
-0.001269161 -0.200719 1.595233
0.101895 -0.9624527 2.104338
0.02233399 -0.0916008 1.249193
0.04734054 -0.9913813 1.969985
-0.04312712 -0.07667361 1.132007
9
0.1223238 -0.2377364 2.101311
0.05078597 -0.2399146 2.092767
0.1893034 -0.2268005 2.033625
0.06927018 -0.5913404 2.071655
-0.005331828 -0.2004573 1.588189
0.1018902 -0.9622408 2.102391
0.05162362 -0.09657227 1.303339
0.04785857 -0.990914 1.967659
-0.03011171 -0.1084883 1.152121
9
0.1223238 -0.2377364 2.101311
0.05078597 -0.2399146 2.092767
0.1893034 -0.2268005 2.033625
0.06927018 -0.5913404 2.071655
-0.005331828 -0.2004573 1.588189
0.1018902 -0.9622408 2.102391
0.05162362 -0.09657227 1.303339
0.04785857 -0.990914 1.967659
-0.03011171 -0.1084883 1.152121
9
0.1223238 -0.2377364 2.101311
0.05078597 -0.2399146 2.092767
0.1893034 -0.2268005 2.033625
0.06927018 -0.5913404 2.071655
-0.005331828 -0.2004573 1.588189
0.1018902 -0.9622408 2.102391
0.05162362 -0.09657227 1.303339
0.04785857 -0.990914 1.967659
-0.03011171 -0.1084883 1.152121
9
0.1223238 -0.2377364 2.101311
0.05078597 -0.2399146 2.092767
0.1893034 -0.2268005 2.033625
0.06927018 -0.5913404 2.071655
-0.005331828 -0.2004573 1.588189
0.1018902 -0.9622408 2.102391
0.05162362 -0.09657227 1.303339
0.04785857 -0.990914 1.967659
-0.03011171 -0.1084883 1.152121
9
0.1223238 -0.2377364 2.101311
0.05078597 -0.2399146 2.092767
0.1893034 -0.2268005 2.033625
0.06927018 -0.5913404 2.071655
-0.005331828 -0.2004573 1.588189
0.1018902 -0.9622408 2.102391
0.05162362 -0.09657227 1.303339
0.04785857 -0.990914 1.967659
-0.03011171 -0.1084883 1.152121
9
0.1223238 -0.2377364 2.101311
0.05078597 -0.2399146 2.092767
0.1893034 -0.2268005 2.033625
0.06927018 -0.5913404 2.071655
-0.005331828 -0.2004573 1.588189
0.1018902 -0.9622408 2.102391
0.05162362 -0.09657227 1.303339
0.04785857 -0.990914 1.967659
-0.03011171 -0.1084883 1.152121
9
0.1223238 -0.2377364 2.101311
0.05078597 -0.2399146 2.092767
0.1893034 -0.2268005 2.033625
0.06927018 -0.5913404 2.071655
-0.005331828 -0.2004573 1.588189
0.1018902 -0.9622408 2.102391
0.05162362 -0.09657227 1.303339
0.04785857 -0.990914 1.967659
-0.03011171 -0.1084883 1.152121
9
0.1223238 -0.2377364 2.101311
0.05078597 -0.2399146 2.092767
0.1893034 -0.2268005 2.033625
0.06927018 -0.5913404 2.071655
-0.005331828 -0.2004573 1.588189
0.1018902 -0.9622408 2.102391
0.05162362 -0.09657227 1.303339
0.04785857 -0.990914 1.967659
-0.03011171 -0.1084883 1.152121
9
0.1223238 -0.2377364 2.101311
0.05078597 -0.2399146 2.092767
0.1893034 -0.2268005 2.033625
0.06927018 -0.5913404 2.071655
-0.005331828 -0.2004573 1.588189
0.1018902 -0.9622408 2.102391
0.05162362 -0.09657227 1.303339
0.04785857 -0.990914 1.967659
-0.03011171 -0.1084883 1.152121
9
0.1223238 -0.2377364 2.101311
0.05078597 -0.2399146 2.092767
0.1893034 -0.2268005 2.033625
0.06927018 -0.5913404 2.071655
-0.005331828 -0.2004573 1.588189
0.1018902 -0.9622408 2.102391
0.05162362 -0.09657227 1.303339
0.04785857 -0.990914 1.967659
-0.03011171 -0.1084883 1.152121
9
0.1223238 -0.2377364 2.101311
0.05078597 -0.2399146 2.092767
0.1893034 -0.2268005 2.033625
0.06927018 -0.5913404 2.071655
-0.005331828 -0.2004573 1.588189
0.1018902 -0.9622408 2.102391
0.05162362 -0.09657227 1.303339
0.04785857 -0.990914 1.967659
-0.03011171 -0.1084883 1.152121
9
0.1223238 -0.2377364 2.101311
0.05078597 -0.2399146 2.092767
0.1893034 -0.2268005 2.033625
0.06927018 -0.5913404 2.071655
-0.005331828 -0.2004573 1.588189
0.1018902 -0.9622408 2.102391
0.05162362 -0.09657227 1.303339
0.04785857 -0.990914 1.967659
-0.03011171 -0.1084883 1.152121
9
0.07644434 -0.2184639 2.120845
0.002843868 -0.2125852 2.11416
0.1518384 -0.2175844 2.049358
-0.02527767 -0.5317568 2.1547
0.09328407 -0.223158 1.565624
0.07703315 -0.9214446 2.118083
0.08680028 -0.3722149 1.29493
0.02034402 -0.9505753 1.984618
0.006232336 -0.3437233 1.144164
9
0.07644434 -0.2184639 2.120845
0.002843868 -0.2125852 2.11416
0.1518384 -0.2175844 2.049358
-0.02527767 -0.5317568 2.1547
0.09328407 -0.223158 1.565624
0.07703315 -0.9214446 2.118083
0.08680028 -0.3722149 1.29493
0.02034402 -0.9505753 1.984618
0.006232336 -0.3437233 1.144164
9
0.07644434 -0.2184639 2.120845
0.002843868 -0.2125852 2.11416
0.1518384 -0.2175844 2.049358
-0.02527767 -0.5317568 2.1547
0.09328407 -0.223158 1.565624
0.07703315 -0.9214446 2.118083
0.08680028 -0.3722149 1.29493
0.02034402 -0.9505753 1.984618
0.006232336 -0.3437233 1.144164
9
0.07644434 -0.2184639 2.120845
0.002843868 -0.2125852 2.11416
0.1518384 -0.2175844 2.049358
-0.02527767 -0.5317568 2.1547
0.09328407 -0.223158 1.565624
0.07703315 -0.9214446 2.118083
0.08680028 -0.3722149 1.29493
0.02034402 -0.9505753 1.984618
0.006232336 -0.3437233 1.144164
9
0.07644434 -0.2184639 2.120845
0.002843868 -0.2125852 2.11416
0.1518384 -0.2175844 2.049358
-0.02527767 -0.5317568 2.1547
0.09328407 -0.223158 1.565624
0.07703315 -0.9214446 2.118083
0.08680028 -0.3722149 1.29493
0.02034402 -0.9505753 1.984618
0.006232336 -0.3437233 1.144164
9
0.07644434 -0.2184639 2.120845
0.002843868 -0.2125852 2.11416
0.1518384 -0.2175844 2.049358
-0.02527767 -0.5317568 2.1547
0.09328407 -0.223158 1.565624
0.07703315 -0.9214446 2.118083
0.08680028 -0.3722149 1.29493
0.02034402 -0.9505753 1.984618
0.006232336 -0.3437233 1.144164
