40
9
0.1727207 -0.236833 2.204687
0.08778583 -0.2383856 2.173352
0.2512383 -0.2268121 2.159982
0.08669026 -0.6139243 2.17213
0.3138397 -0.5756376 1.966767
0.09630743 -0.9721327 2.216165
0.3423933 -0.8935025 1.92118
0.07788432 -1.052675 2.145644
0.3510991 -0.9496032 1.814329
9
0.1667556 -0.2354007 2.209354
0.08142355 -0.2386426 2.177353
0.2459003 -0.2237471 2.16543
0.08608676 -0.6104788 2.169505
0.3315585 -0.4898251 1.897196
0.09615253 -0.9705325 2.214935
0.3659427 -0.75429 1.749555
0.07783382 -1.052118 2.147192
0.3806152 -0.7836914 1.613281
9
0.1667556 -0.2354007 2.209354
0.08142355 -0.2386426 2.177353
0.2459003 -0.2237471 2.16543
0.08608676 -0.6104788 2.169505
0.3315585 -0.4898251 1.897196
0.09615253 -0.9705325 2.214935
0.3659427 -0.75429 1.749555
0.07783382 -1.052118 2.147192
0.3806152 -0.7836914 1.613281
9
0.1667556 -0.2354007 2.209354
0.08142355 -0.2386426 2.177353
0.2459003 -0.2237471 2.16543
0.08608676 -0.6104788 2.169505
0.3315585 -0.4898251 1.897196
0.09615253 -0.9705325 2.214935
0.3659427 -0.75429 1.749555
0.07783382 -1.052118 2.147192
0.3806152 -0.7836914 1.613281
9
0.1667556 -0.2354007 2.209354
0.08142355 -0.2386426 2.177353
0.2459003 -0.2237471 2.16543
0.08608676 -0.6104788 2.169505
0.3315585 -0.4898251 1.897196
0.09615253 -0.9705325 2.214935
0.3659427 -0.75429 1.749555
0.07783382 -1.052118 2.147192
0.3806152 -0.7836914 1.613281
9
0.1615251 -0.2351602 2.216629
0.07499588 -0.2399497 2.181831
0.2421093 -0.2217401 2.176723
0.08748942 -0.6032359 2.165353
0.3420113 -0.3929119 1.820383
0.09585721 -0.9704463 2.212586
0.3852102 -0.6531609 1.571777
0.07562725 -1.052798 2.148294
0.4277344 -0.6181641 1.450195
9
0.1615251 -0.2351602 2.216629
0.07499588 -0.2399497 2.181831
0.2421093 -0.2217401 2.176723
0.08748942 -0.6032359 2.165353
0.3420113 -0.3929119 1.820383
0.09585721 -0.9704463 2.212586
0.3852102 -0.6531609 1.571777
0.07562725 -1.052798 2.148294
0.4277344 -0.6181641 1.450195
9
0.1615251 -0.2351602 2.216629
0.07499588 -0.2399497 2.181831
0.2421093 -0.2217401 2.176723
0.08748942 -0.6032359 2.165353
0.3420113 -0.3929119 1.820383
0.09585721 -0.9704463 2.212586
0.3852102 -0.6531609 1.571777
0.07562725 -1.052798 2.148294
0.4277344 -0.6181641 1.450195
9
0.1615251 -0.2351602 2.216629
0.07499588 -0.2399497 2.181831
0.2421093 -0.2217401 2.176723
0.08748942 -0.6032359 2.165353
0.3420113 -0.3929119 1.820383
0.09585721 -0.9704463 2.212586
0.3852102 -0.6531609 1.571777
0.07562725 -1.052798 2.148294
0.4277344 -0.6181641 1.450195
9
0.1474167 -0.2356235 2.218458
0.05575847 -0.2385236 2.180314
0.2323537 -0.2238422 2.180332
0.09050226 -0.5898179 2.160056
0.3283822 -0.2639099 1.811245
0.09529277 -0.9701242 2.209469
0.4291791 -0.4119219 1.451606
0.07641844 -1.053411 2.147554
0.4115622 -0.4470253 1.30392
9
0.1474167 -0.2356235 2.218458
0.05575847 -0.2385236 2.180314
0.2323537 -0.2238422 2.180332
0.09050226 -0.5898179 2.160056
0.3283822 -0.2639099 1.811245
0.09529277 -0.9701242 2.209469
0.4291791 -0.4119219 1.451606
0.07641844 -1.053411 2.147554
0.4115622 -0.4470253 1.30392
9
0.1176312 -0.2410015 2.225249
0.02683275 -0.2405901 2.185034
0.2044958 -0.2329446 2.189099
0.09110048 -0.5840674 2.159194
0.3156157 -0.2020894 1.815418
0.09617629 -0.9695328 2.204791
0.4220437 -0.3432752 1.441159
0.08834779 -0.9996246 2.057524
0.4578691 -0.3071585 1.317616
9
0.1176312 -0.2410015 2.225249
0.02683275 -0.2405901 2.185034
0.2044958 -0.2329446 2.189099
0.09110048 -0.5840674 2.159194
0.3156157 -0.2020894 1.815418
0.09617629 -0.9695328 2.204791
0.4220437 -0.3432752 1.441159
0.08834779 -0.9996246 2.057524
0.4578691 -0.3071585 1.317616
9
0.1016992 -0.2445769 2.230541
0.01141519 -0.2419646 2.189595
0.188181 -0.2389652 2.19532
0.09099466 -0.5813392 2.158803
0.3170148 -0.1547424 1.789138
0.09631626 -0.9691593 2.200657
0.4104224 -0.2642719 1.450493
0.08918718 -0.9994153 2.053435
0.4522651 -0.2370627 1.327783
9
0.09977517 -0.2455225 2.230953
0.008792997 -0.2428099 2.190097
0.186967 -0.2398953 2.195623
0.0904003 -0.5776256 2.157917
0.3167362 -0.1356603 1.783705
0.09584676 -0.9696715 2.197621
0.396608 -0.2165705 1.470327
0.08933694 -0.9999066 2.050381
0.3819445 -0.2566276 1.321527
9
0.09977517 -0.2455225 2.230953
0.008792997 -0.2428099 2.190097
0.186967 -0.2398953 2.195623
0.0904003 -0.5776256 2.157917
0.3167362 -0.1356603 1.783705
0.09584676 -0.9696715 2.197621
0.396608 -0.2165705 1.470327
0.08933694 -0.9999066 2.050381
0.3819445 -0.2566276 1.321527
9
0.09977517 -0.2455225 2.230953
0.008792997 -0.2428099 2.190097
0.186967 -0.2398953 2.195623
0.0904003 -0.5776256 2.157917
0.3167362 -0.1356603 1.783705
0.09584676 -0.9696715 2.197621
0.396608 -0.2165705 1.470327
0.08933694 -0.9999066 2.050381
0.3819445 -0.2566276 1.321527
9
0.09977517 -0.2455225 2.230953
0.008792997 -0.2428099 2.190097
0.186967 -0.2398953 2.195623
0.0904003 -0.5776256 2.157917
0.3167362 -0.1356603 1.783705
0.09584676 -0.9696715 2.197621
0.396608 -0.2165705 1.470327
0.08933694 -0.9999066 2.050381
0.3819445 -0.2566276 1.321527
9
0.1005401 -0.2471554 2.231332
0.008772323 -0.2439758 2.190364
0.1890901 -0.2422445 2.196171
0.09021604 -0.5770494 2.157873
0.3079581 -0.07981309 1.800061
0.09624335 -0.9689952 2.195806
0.3927971 -0.1845672 1.457529
0.09144895 -0.9993961 2.048571
0.4501953 -0.1379395 1.34375
9
0.1005401 -0.2471554 2.231332
0.008772323 -0.2439758 2.190364
0.1890901 -0.2422445 2.196171
0.09021604 -0.5770494 2.157873
0.3079581 -0.07981309 1.800061
0.09624335 -0.9689952 2.195806
0.3927971 -0.1845672 1.457529
0.09144895 -0.9993961 2.048571
0.4501953 -0.1379395 1.34375
9
0.1005401 -0.2471554 2.231332
0.008772323 -0.2439758 2.190364
0.1890901 -0.2422445 2.196171
0.09021604 -0.5770494 2.157873
0.3079581 -0.07981309 1.800061
0.09624335 -0.9689952 2.195806
0.3927971 -0.1845672 1.457529
0.09144895 -0.9993961 2.048571
0.4501953 -0.1379395 1.34375
9
0.1011064 -0.2491258 2.233115
0.008678447 -0.2454631 2.191671
0.1904365 -0.2446216 2.198487
0.09015522 -0.5771052 2.158133
0.3088612 -0.09745383 1.810589
0.09639554 -0.9693761 2.19545
0.4007439 -0.1825422 1.45915
0.09286887 -0.9999157 2.048247
0.4539793 -0.2274107 1.357597
9
0.1011064 -0.2491258 2.233115
0.008678447 -0.2454631 2.191671
0.1904365 -0.2446216 2.198487
0.09015522 -0.5771052 2.158133
0.3088612 -0.09745383 1.810589
0.09639554 -0.9693761 2.19545
0.4007439 -0.1825422 1.45915
0.09286887 -0.9999157 2.048247
0.4539793 -0.2274107 1.357597
9
0.1011064 -0.2491258 2.233115
0.008678447 -0.2454631 2.191671
0.1904365 -0.2446216 2.198487
0.09015522 -0.5771052 2.158133
0.3088612 -0.09745383 1.810589
0.09639554 -0.9693761 2.19545
0.4007439 -0.1825422 1.45915
0.09286887 -0.9999157 2.048247
0.4539793 -0.2274107 1.357597
9
0.1020251 -0.2506987 2.235935
0.009110582 -0.2465844 2.19349
0.1918042 -0.2465142 2.202372
0.08976819 -0.5780391 2.159426
0.3163895 -0.1320715 1.809849
0.09632417 -0.9696746 2.195172
0.4223771 -0.2388382 1.460304
0.09370075 -1.000397 2.048035
0.4643176 -0.2168995 1.336776
9
0.1020251 -0.2506987 2.235935
0.009110582 -0.2465844 2.19349
0.1918042 -0.2465142 2.202372
0.08976819 -0.5780391 2.159426
0.3163895 -0.1320715 1.809849
0.09632417 -0.9696746 2.195172
0.4223771 -0.2388382 1.460304
0.09370075 -1.000397 2.048035
0.4643176 -0.2168995 1.336776
9
0.104997 -0.2524796 2.239163
0.01185671 -0.248444 2.19565
0.1947566 -0.2480334 2.206727
0.08971946 -0.578949 2.162312
0.3237088 -0.174144 1.827248
0.09616272 -0.9700248 2.195097
0.4390723 -0.3069753 1.453067
0.09411803 -1.00096 2.048046
0.4795854 -0.2864926 1.328799
9
0.104997 -0.2524796 2.239163
0.01185671 -0.248444 2.19565
0.1947566 -0.2480334 2.206727
0.08971946 -0.578949 2.162312
0.3237088 -0.174144 1.827248
0.09616272 -0.9700248 2.195097
0.4390723 -0.3069753 1.453067
0.09411803 -1.00096 2.048046
0.4795854 -0.2864926 1.328799
9
0.104997 -0.2524796 2.239163
0.01185671 -0.248444 2.19565
0.1947566 -0.2480334 2.206727
0.08971946 -0.578949 2.162312
0.3237088 -0.174144 1.827248
0.09616272 -0.9700248 2.195097
0.4390723 -0.3069753 1.453067
0.09411803 -1.00096 2.048046
0.4795854 -0.2864926 1.328799
9
0.104997 -0.2524796 2.239163
0.01185671 -0.248444 2.19565
0.1947566 -0.2480334 2.206727
0.08971946 -0.578949 2.162312
0.3237088 -0.174144 1.827248
0.09616272 -0.9700248 2.195097
0.4390723 -0.3069753 1.453067
0.09411803 -1.00096 2.048046
0.4795854 -0.2864926 1.328799
9
0.1407208 -0.2583067 2.24919
0.05714931 -0.2540293 2.207016
0.2207011 -0.2536374 2.215236
0.09005745 -0.5833816 2.167016
0.3508162 -0.2926394 1.831567
0.096014 -0.970385 2.19541
0.4501441 -0.4598863 1.519798
0.09436463 -1.001962 2.048625
0.4397872 -0.4961504 1.372753
9
0.1434084 -0.2589254 2.250742
0.05866342 -0.2542068 2.207777
0.2242203 -0.254875 2.217718
0.08996969 -0.5836356 2.171072
0.361176 -0.3539073 1.853752
0.09592789 -0.9686762 2.196837
0.4639966 -0.5550986 1.551481
0.09523043 -1.000365 2.050075
0.4546534 -0.5897382 1.405016
9
0.1434084 -0.2589254 2.250742
0.05866342 -0.2542068 2.207777
0.2242203 -0.254875 2.217718
0.08996969 -0.5836356 2.171072
0.361176 -0.3539073 1.853752
0.09592789 -0.9686762 2.196837
0.4639966 -0.5550986 1.551481
0.09523043 -1.000365 2.050075
0.4546534 -0.5897382 1.405016
9
0.1491384 -0.2560227 2.252817
0.06211311 -0.2529635 2.20915
0.2319233 -0.2499951 2.220473
0.09021758 -0.586176 2.174989
0.3627551 -0.418872 1.876907
0.09570605 -0.9697549 2.19773
0.4591836 -0.6326862 1.635312
0.0952775 -1.001589 2.051037
0.4507677 -0.6665525 1.489067
9
0.1491384 -0.2560227 2.252817
0.06211311 -0.2529635 2.20915
0.2319233 -0.2499951 2.220473
0.09021758 -0.586176 2.174989
0.3627551 -0.418872 1.876907
0.09570605 -0.9697549 2.19773
0.4591836 -0.6326862 1.635312
0.0952775 -1.001589 2.051037
0.4507677 -0.6665525 1.489067
9
0.1559216 -0.2524057 2.253618
0.06749792 -0.2509126 2.210712
0.2395654 -0.2449039 2.220234
0.09035926 -0.5887331 2.177637
0.3657822 -0.477695 1.912783
0.0950193 -0.9684563 2.199529
0.4561455 -0.7275422 1.719011
0.09455957 -1.000445 2.052877
0.4548373 -0.7625947 1.594687
9
0.1559216 -0.2524057 2.253618
0.06749792 -0.2509126 2.210712
0.2395654 -0.2449039 2.220234
0.09035926 -0.5887331 2.177637
0.3657822 -0.477695 1.912783
0.0950193 -0.9684563 2.199529
0.4561455 -0.7275422 1.719011
0.09455957 -1.000445 2.052877
0.4548373 -0.7625947 1.594687
9
0.1646881 -0.2491618 2.255006
0.07645837 -0.2489316 2.214046
0.2478853 -0.2406472 2.219825
0.08987188 -0.5927603 2.180474
0.3635373 -0.5319203 1.955545
0.09539925 -0.9695374 2.202798
0.4472156 -0.8108581 1.803786
0.09394944 -1.001732 2.056225
0.445125 -0.8623212 1.691229
9
0.1646881 -0.2491618 2.255006
0.07645837 -0.2489316 2.214046
0.2478853 -0.2406472 2.219825
0.08987188 -0.5927603 2.180474
0.3635373 -0.5319203 1.955545
0.09539925 -0.9695374 2.202798
0.4472156 -0.8108581 1.803786
0.09394944 -1.001732 2.056225
0.445125 -0.8623212 1.691229
9
0.1696669 -0.2472127 2.255675
0.081962 -0.2470916 2.216174
0.2521593 -0.2387389 2.219234
0.08945289 -0.5961801 2.183536
0.3585497 -0.5705791 2.004278
0.09553064 -0.9656461 2.20731
0.4330816 -0.8949856 1.903273
0.09281988 -0.9981301 2.060799
0.4243084 -0.9268596 1.757851
