40
9
0.01533704 -0.05691852 1.953105
-0.06776759 -0.06028239 1.92386
0.09759913 -0.05103726 1.898049
-0.0117581 -0.4795341 1.954533
0.1398249 -0.4764509 1.792401
0.02147939 -0.7644365 1.956313
0.1740167 -0.7457405 1.851232
-0.03861191 -0.8236178 1.813505
0.1639404 -0.8212891 1.75293
9
0.01300808 -0.05559898 1.953016
-0.06981423 -0.05962144 1.922703
0.09463486 -0.04870573 1.899323
-0.01333444 -0.4780003 1.957415
0.1325981 -0.4591492 1.724553
0.02166582 -0.7655397 1.958074
0.1696644 -0.7505155 1.744549
-0.03828584 -0.8234196 1.814283
0.1672363 -0.8183594 1.636719
9
0.01300808 -0.05559898 1.953016
-0.06981423 -0.05962144 1.922703
0.09463486 -0.04870573 1.899323
-0.01333444 -0.4780003 1.957415
0.1325981 -0.4591492 1.724553
0.02166582 -0.7655397 1.958074
0.1696644 -0.7505155 1.744549
-0.03828584 -0.8234196 1.814283
0.1672363 -0.8183594 1.636719
9
0.01084239 -0.0547151 1.953086
-0.07209162 -0.05915172 1.921643
0.09245568 -0.04737887 1.900544
-0.01462555 -0.4768668 1.958935
0.1320594 -0.4375551 1.674663
0.02170117 -0.765754 1.958435
0.1578517 -0.748297 1.652447
-0.03999942 -0.8177653 1.811801
0.06231689 -0.8232422 1.55957
9
0.01084239 -0.0547151 1.953086
-0.07209162 -0.05915172 1.921643
0.09245568 -0.04737887 1.900544
-0.01462555 -0.4768668 1.958935
0.1320594 -0.4375551 1.674663
0.02170117 -0.765754 1.958435
0.1578517 -0.748297 1.652447
-0.03999942 -0.8177653 1.811801
0.06231689 -0.8232422 1.55957
9
0.006320927 -0.05434064 1.954209
-0.07647117 -0.05954965 1.921811
0.08823439 -0.04637315 1.902601
-0.01430476 -0.4766329 1.95906
0.1253299 -0.4071941 1.624573
0.02199077 -0.7661079 1.958592
0.1523471 -0.8239855 1.592364
-0.04089268 -0.8147941 1.810622
0.05426814 -0.7819888 1.518167
9
0.006320927 -0.05434064 1.954209
-0.07647117 -0.05954965 1.921811
0.08823439 -0.04637315 1.902601
-0.01430476 -0.4766329 1.95906
0.1253299 -0.4071941 1.624573
0.02199077 -0.7661079 1.958592
0.1523471 -0.8239855 1.592364
-0.04089268 -0.8147941 1.810622
0.05426814 -0.7819888 1.518167
9
0.0007467979 -0.05343018 1.956653
-0.08155164 -0.05917532 1.922259
0.08234405 -0.04496693 1.907548
-0.01310911 -0.4759181 1.956878
0.1188937 -0.362251 1.575136
0.02218361 -0.7665139 1.958224
0.1473564 -0.771438 1.637074
-0.04010967 -0.8086044 1.806366
0.04905866 -0.78094 1.511264
9
0.0007467979 -0.05343018 1.956653
-0.08155164 -0.05917532 1.922259
0.08234405 -0.04496693 1.907548
-0.01310911 -0.4759181 1.956878
0.1188937 -0.362251 1.575136
0.02218361 -0.7665139 1.958224
0.1473564 -0.771438 1.637074
-0.04010967 -0.8086044 1.806366
0.04905866 -0.78094 1.511264
9
-0.002244374 -0.05255996 1.957852
-0.08497661 -0.05789961 1.921814
0.07959261 -0.04452783 1.910519
-0.01351909 -0.4753627 1.950885
0.1161744 -0.2942414 1.520796
0.02285705 -0.7679829 1.957021
0.1471746 -0.7063217 1.572124
-0.04200574 -0.8101265 1.806644
0.1289921 -0.6142062 1.416085
9
-0.002244374 -0.05255996 1.957852
-0.08497661 -0.05789961 1.921814
0.07959261 -0.04452783 1.910519
-0.01351909 -0.4753627 1.950885
0.1161744 -0.2942414 1.520796
0.02285705 -0.7679829 1.957021
0.1471746 -0.7063217 1.572124
-0.04200574 -0.8101265 1.806644
0.1289921 -0.6142062 1.416085
9
-0.0064876 -0.05237795 1.958603
-0.08981732 -0.05674767 1.919983
0.07532477 -0.04543967 1.913844
-0.01221602 -0.473348 1.948413
0.1147388 -0.2256701 1.485982
0.02252273 -0.7666646 1.955456
0.1457538 -0.6388517 1.537394
-0.03751292 -0.8062637 1.801193
0.1302301 -0.5622923 1.372565
9
-0.0064876 -0.05237795 1.958603
-0.08981732 -0.05674767 1.919983
0.07532477 -0.04543967 1.913844
-0.01221602 -0.473348 1.948413
0.1147388 -0.2256701 1.485982
0.02252273 -0.7666646 1.955456
0.1457538 -0.6388517 1.537394
-0.03751292 -0.8062637 1.801193
0.1302301 -0.5622923 1.372565
9
-0.009320065 -0.05261823 1.958902
-0.09333875 -0.0563543 1.919219
0.07351193 -0.04623073 1.914798
-0.01025497 -0.4728643 1.943027
0.1065223 -0.1687938 1.465755
0.02284995 -0.7664686 1.955345
0.1376456 -0.5828983 1.51731
-0.03758909 -0.8063921 1.801424
0.1237994 -0.5007275 1.355305
9
-0.009320065 -0.05261823 1.958902
-0.09333875 -0.0563543 1.919219
0.07351193 -0.04623073 1.914798
-0.01025497 -0.4728643 1.943027
0.1065223 -0.1687938 1.465755
0.02284995 -0.7664686 1.955345
0.1376456 -0.5828983 1.51731
-0.03758909 -0.8063921 1.801424
0.1237994 -0.5007275 1.355305
9
-0.01882064 -0.05587845 1.957613
-0.1027408 -0.05838086 1.916329
0.0651261 -0.05066761 1.914901
-0.0085515 -0.4725454 1.940516
0.104783 -0.08748887 1.451025
0.02469766 -0.7636425 1.951576
0.1359573 -0.5028587 1.502923
-0.03980695 -0.8066497 1.801343
0.1205343 -0.4191454 1.34226
9
-0.01882064 -0.05587845 1.957613
-0.1027408 -0.05838086 1.916329
0.0651261 -0.05066761 1.914901
-0.0085515 -0.4725454 1.940516
0.104783 -0.08748887 1.451025
0.02469766 -0.7636425 1.951576
0.1359573 -0.5028587 1.502923
-0.03980695 -0.8066497 1.801343
0.1205343 -0.4191454 1.34226
9
-0.02562373 -0.06009634 1.959878
-0.1076042 -0.0605141 1.918008
0.05684108 -0.05741147 1.917723
-0.006222419 -0.4739644 1.936931
0.1066998 -0.01203752 1.455583
0.02521792 -0.7577788 1.947423
0.1378963 -0.4284373 1.507938
-0.04033682 -0.8046064 1.799778
0.1198828 -0.3383235 1.352139
9
-0.02562373 -0.06009634 1.959878
-0.1076042 -0.0605141 1.918008
0.05684108 -0.05741147 1.917723
-0.006222419 -0.4739644 1.936931
0.1066998 -0.01203752 1.455583
0.02521792 -0.7577788 1.947423
0.1378963 -0.4284373 1.507938
-0.04033682 -0.8046064 1.799778
0.1198828 -0.3383235 1.352139
9
-0.02974506 -0.0606396 1.960012
-0.1128813 -0.05999439 1.918015
0.05396917 -0.05866874 1.91791
-0.002895184 -0.4722963 1.931476
0.104665 0.0370039 1.463739
0.02581142 -0.7493088 1.943223
0.1359187 -0.3799895 1.516436
-0.04077277 -0.8017091 1.799385
0.1185602 -0.2912873 1.360075
9
-0.02974506 -0.0606396 1.960012
-0.1128813 -0.05999439 1.918015
0.05396917 -0.05866874 1.91791
-0.002895184 -0.4722963 1.931476
0.104665 0.0370039 1.463739
0.02581142 -0.7493088 1.943223
0.1359187 -0.3799895 1.516436
-0.04077277 -0.8017091 1.799385
0.1185602 -0.2912873 1.360075
9
-0.03122073 -0.06240315 1.963036
-0.1150354 -0.05965469 1.921001
0.05330248 -0.06351006 1.921738
-0.0009008577 -0.4719418 1.92756
0.1221836 -0.03512334 1.46073
0.02447328 -0.7438812 1.94063
0.1531884 -0.4511641 1.512962
-0.04206511 -0.799476 1.798786
0.1330332 -0.3449187 1.369843
9
-0.03122073 -0.06240315 1.963036
-0.1150354 -0.05965469 1.921001
0.05330248 -0.06351006 1.921738
-0.0009008577 -0.4719418 1.92756
0.1221836 -0.03512334 1.46073
0.02447328 -0.7438812 1.94063
0.1531884 -0.4511641 1.512962
-0.04206511 -0.799476 1.798786
0.1330332 -0.3449187 1.369843
9
-0.03181299 -0.06238142 1.963924
-0.1162371 -0.05857655 1.922405
0.05312267 -0.06399055 1.922286
-1.318613E-05 -0.4709814 1.924307
0.1226228 -0.03366007 1.461499
0.02426448 -0.7435718 1.940062
0.1517457 -0.02390818 1.119726
-0.01461029 -0.8300781 1.870117
0.0723877 0.05065918 0.987793
9
-0.03181299 -0.06238142 1.963924
-0.1162371 -0.05857655 1.922405
0.05312267 -0.06399055 1.922286
-1.318613E-05 -0.4709814 1.924307
0.1226228 -0.03366007 1.461499
0.02426448 -0.7435718 1.940062
0.1517457 -0.02390818 1.119726
-0.01461029 -0.8300781 1.870117
0.0723877 0.05065918 0.987793
9
-0.03046547 -0.06126591 1.967609
-0.114649 -0.05566715 1.932084
0.05410885 -0.06373859 1.922798
0.01408567 -0.4674328 1.902624
0.1363376 -0.04659134 1.463479
0.02445738 -0.7433956 1.939237
0.1636409 -0.04193511 1.125434
-0.01406858 -0.8297006 1.869614
0.07965088 -0.01352692 1.015625
9
-0.03046547 -0.06126591 1.967609
-0.114649 -0.05566715 1.932084
0.05410885 -0.06373859 1.922798
0.01408567 -0.4674328 1.902624
0.1363376 -0.04659134 1.463479
0.02445738 -0.7433956 1.939237
0.1636409 -0.04193511 1.125434
-0.01406858 -0.8297006 1.869614
0.07965088 -0.01352692 1.015625
9
-0.03046547 -0.06126591 1.967609
-0.114649 -0.05566715 1.932084
0.05410885 -0.06373859 1.922798
0.01408567 -0.4674328 1.902624
0.1363376 -0.04659134 1.463479
0.02445738 -0.7433956 1.939237
0.1636409 -0.04193511 1.125434
-0.01406858 -0.8297006 1.869614
0.07965088 -0.01352692 1.015625
9
-0.03046547 -0.06126591 1.967609
-0.114649 -0.05566715 1.932084
0.05410885 -0.06373859 1.922798
0.01408567 -0.4674328 1.902624
0.1363376 -0.04659134 1.463479
0.02445738 -0.7433956 1.939237
0.1636409 -0.04193511 1.125434
-0.01406858 -0.8297006 1.869614
0.07965088 -0.01352692 1.015625
9
-0.03046547 -0.06126591 1.967609
-0.114649 -0.05566715 1.932084
0.05410885 -0.06373859 1.922798
0.01408567 -0.4674328 1.902624
0.1363376 -0.04659134 1.463479
0.02445738 -0.7433956 1.939237
0.1636409 -0.04193511 1.125434
-0.01406858 -0.8297006 1.869614
0.07965088 -0.01352692 1.015625
9
-0.03046547 -0.06126591 1.967609
-0.114649 -0.05566715 1.932084
0.05410885 -0.06373859 1.922798
0.01408567 -0.4674328 1.902624
0.1363376 -0.04659134 1.463479
0.02445738 -0.7433956 1.939237
0.1636409 -0.04193511 1.125434
-0.01406858 -0.8297006 1.869614
0.07965088 -0.01352692 1.015625
9
-0.02940043 -0.06024312 1.968646
-0.1139979 -0.05461538 1.932359
0.05570082 -0.06303728 1.923902
0.01366739 -0.4667405 1.902637
0.1375017 -0.03444736 1.465081
0.02463764 -0.7435215 1.938119
0.1643417 -0.03136502 1.123698
-0.01364988 -0.8289757 1.870254
0.0826416 0.03811646 0.9912109
9
-0.02940043 -0.06024312 1.968646
-0.1139979 -0.05461538 1.932359
0.05570082 -0.06303728 1.923902
0.01366739 -0.4667405 1.902637
0.1375017 -0.03444736 1.465081
0.02463764 -0.7435215 1.938119
0.1643417 -0.03136502 1.123698
-0.01364988 -0.8289757 1.870254
0.0826416 0.03811646 0.9912109
9
-0.0282013 -0.0606968 1.968582
-0.1132811 -0.05490947 1.932074
0.05785589 -0.0638066 1.923537
-0.0001440616 -0.4701954 1.915604
0.1374632 -0.03261061 1.464494
0.02454958 -0.7435393 1.937734
0.1642325 -0.02967905 1.123034
-0.03892621 -0.797344 1.792837
0.08466108 0.02078863 0.9917879
9
-0.0282013 -0.0606968 1.968582
-0.1132811 -0.05490947 1.932074
0.05785589 -0.0638066 1.923537
-0.0001440616 -0.4701954 1.915604
0.1374632 -0.03261061 1.464494
0.02454958 -0.7435393 1.937734
0.1642325 -0.02967905 1.123034
-0.03892621 -0.797344 1.792837
0.08466108 0.02078863 0.9917879
9
-0.02642959 -0.06283268 1.969939
-0.1115513 -0.05688269 1.932717
0.05953946 -0.06590661 1.924926
0.0006922166 -0.4723035 1.916594
0.1371235 -0.03249922 1.465687
0.02606402 -0.743482 1.937385
0.1642056 -0.02962957 1.123095
-0.0398072 -0.7979206 1.794358
0.09350586 -0.05297852 1.003906
9
-0.02642959 -0.06283268 1.969939
-0.1115513 -0.05688269 1.932717
0.05953946 -0.06590661 1.924926
0.0006922166 -0.4723035 1.916594
0.1371235 -0.03249922 1.465687
0.02606402 -0.743482 1.937385
0.1642056 -0.02962957 1.123095
-0.0398072 -0.7979206 1.794358
0.09350586 -0.05297852 1.003906
9
-0.02642959 -0.06283268 1.969939
-0.1115513 -0.05688269 1.932717
0.05953946 -0.06590661 1.924926
0.0006922166 -0.4723035 1.916594
0.1371235 -0.03249922 1.465687
0.02606402 -0.743482 1.937385
0.1642056 -0.02962957 1.123095
-0.0398072 -0.7979206 1.794358
0.09350586 -0.05297852 1.003906
9
-0.02642959 -0.06283268 1.969939
-0.1115513 -0.05688269 1.932717
0.05953946 -0.06590661 1.924926
0.0006922166 -0.4723035 1.916594
0.1371235 -0.03249922 1.465687
0.02606402 -0.743482 1.937385
0.1642056 -0.02962957 1.123095
-0.0398072 -0.7979206 1.794358
0.09350586 -0.05297852 1.003906
9
-0.02642959 -0.06283268 1.969939
-0.1115513 -0.05688269 1.932717
0.05953946 -0.06590661 1.924926
0.0006922166 -0.4723035 1.916594
0.1371235 -0.03249922 1.465687
0.02606402 -0.743482 1.937385
0.1642056 -0.02962957 1.123095
-0.0398072 -0.7979206 1.794358
0.09350586 -0.05297852 1.003906
