40
9
0.0959006 -0.2350793 2.153963
0.01189436 -0.2400849 2.127152
0.1763341 -0.2217335 2.104754
0.04204028 -0.6303025 2.143784
0.2188437 -0.5955953 1.936936
0.08642293 -0.9748746 2.175517
0.2619461 -0.9344566 1.880843
0.06882898 -1.059392 2.118902
0.2629212 -0.9911022 1.774523
9
0.0959006 -0.2350793 2.153963
0.01189436 -0.2400849 2.127152
0.1763341 -0.2217335 2.104754
0.04204028 -0.6303025 2.143784
0.2188437 -0.5955953 1.936936
0.08642293 -0.9748746 2.175517
0.2619461 -0.9344566 1.880843
0.06882898 -1.059392 2.118902
0.2629212 -0.9911022 1.774523
9
0.0959006 -0.2350793 2.153963
0.01189436 -0.2400849 2.127152
0.1763341 -0.2217335 2.104754
0.04204028 -0.6303025 2.143784
0.2188437 -0.5955953 1.936936
0.08642293 -0.9748746 2.175517
0.2619461 -0.9344566 1.880843
0.06882898 -1.059392 2.118902
0.2629212 -0.9911022 1.774523
9
0.0959006 -0.2350793 2.153963
0.01189436 -0.2400849 2.127152
0.1763341 -0.2217335 2.104754
0.04204028 -0.6303025 2.143784
0.2188437 -0.5955953 1.936936
0.08642293 -0.9748746 2.175517
0.2619461 -0.9344566 1.880843
0.06882898 -1.059392 2.118902
0.2629212 -0.9911022 1.774523
9
0.09229141 -0.2345906 2.160743
0.007693316 -0.2410677 2.133273
0.1734555 -0.2197207 2.112395
0.04302236 -0.6262723 2.140531
0.2287886 -0.5084749 1.810251
0.08633855 -0.9748208 2.17557
0.2660796 -0.755625 1.634971
0.06898271 -1.058814 2.116593
0.2540973 -0.7695373 1.502337
9
0.09229141 -0.2345906 2.160743
0.007693316 -0.2410677 2.133273
0.1734555 -0.2197207 2.112395
0.04302236 -0.6262723 2.140531
0.2287886 -0.5084749 1.810251
0.08633855 -0.9748208 2.17557
0.2660796 -0.755625 1.634971
0.06898271 -1.058814 2.116593
0.2540973 -0.7695373 1.502337
9
0.09229141 -0.2345906 2.160743
0.007693316 -0.2410677 2.133273
0.1734555 -0.2197207 2.112395
0.04302236 -0.6262723 2.140531
0.2287886 -0.5084749 1.810251
0.08633855 -0.9748208 2.17557
0.2660796 -0.755625 1.634971
0.06898271 -1.058814 2.116593
0.2540973 -0.7695373 1.502337
9
0.09229141 -0.2345906 2.160743
0.007693316 -0.2410677 2.133273
0.1734555 -0.2197207 2.112395
0.04302236 -0.6262723 2.140531
0.2287886 -0.5084749 1.810251
0.08633855 -0.9748208 2.17557
0.2660796 -0.755625 1.634971
0.06898271 -1.058814 2.116593
0.2540973 -0.7695373 1.502337
9
0.09050512 -0.2344759 2.162645
0.005742517 -0.2416101 2.13416
0.1718119 -0.2187588 2.115778
0.04936321 -0.6120076 2.12422
0.2336609 -0.3977634 1.731677
0.08682936 -0.9743941 2.175229
0.2638468 -0.5756884 1.469843
0.06820109 -1.056989 2.111927
0.2386896 -0.6062794 1.323521
9
0.09050512 -0.2344759 2.162645
0.005742517 -0.2416101 2.13416
0.1718119 -0.2187588 2.115778
0.04936321 -0.6120076 2.12422
0.2336609 -0.3977634 1.731677
0.08682936 -0.9743941 2.175229
0.2638468 -0.5756884 1.469843
0.06820109 -1.056989 2.111927
0.2386896 -0.6062794 1.323521
9
0.09050512 -0.2344759 2.162645
0.005742517 -0.2416101 2.13416
0.1718119 -0.2187588 2.115778
0.04936321 -0.6120076 2.12422
0.2336609 -0.3977634 1.731677
0.08682936 -0.9743941 2.175229
0.2638468 -0.5756884 1.469843
0.06820109 -1.056989 2.111927
0.2386896 -0.6062794 1.323521
9
0.09050512 -0.2344759 2.162645
0.005742517 -0.2416101 2.13416
0.1718119 -0.2187588 2.115778
0.04936321 -0.6120076 2.12422
0.2336609 -0.3977634 1.731677
0.08682936 -0.9743941 2.175229
0.2638468 -0.5756884 1.469843
0.06820109 -1.056989 2.111927
0.2386896 -0.6062794 1.323521
9
0.08322337 -0.2335382 2.162478
-0.005063516 -0.2414905 2.13308
0.1675979 -0.2174861 2.115947
0.0566709 -0.5665873 2.106814
0.2272117 -0.2689342 1.701071
0.08577055 -0.9610268 2.166498
0.2722661 -0.4004344 1.31104
0.06429906 -0.9897369 2.020484
0.3050378 -0.4745568 1.232082
9
0.08322337 -0.2335382 2.162478
-0.005063516 -0.2414905 2.13308
0.1675979 -0.2174861 2.115947
0.0566709 -0.5665873 2.106814
0.2272117 -0.2689342 1.701071
0.08577055 -0.9610268 2.166498
0.2722661 -0.4004344 1.31104
0.06429906 -0.9897369 2.020484
0.3050378 -0.4745568 1.232082
9
0.07946891 -0.236214 2.162044
-0.006993819 -0.2424817 2.133121
0.162129 -0.222314 2.11467
0.05707865 -0.5671349 2.106617
0.2168822 -0.2899633 1.635836
0.08525343 -0.9620569 2.16412
0.2585648 -0.2884669 1.256389
0.06277751 -0.990646 2.018269
0.2993949 -0.3703039 1.238077
9
0.02331019 -0.2531876 2.19334
-0.05987738 -0.2542785 2.157116
0.1056936 -0.2433027 2.153384
0.05714779 -0.5647907 2.106057
0.2010259 -0.2048431 1.677457
0.08312804 -0.9556326 2.152641
0.2549688 -0.2700754 1.276679
0.05986862 -0.9848338 2.007172
0.3278903 -0.2507432 1.176193
9
0.02672114 -0.2512552 2.189469
-0.05851408 -0.2534843 2.155801
0.1119291 -0.2397994 2.145587
0.05630639 -0.5664303 2.103496
0.1943564 -0.154951 1.673192
0.08405677 -0.9574971 2.149634
0.2460826 -0.2122918 1.282293
0.06014873 -0.9864722 2.004238
0.3018401 -0.1596725 1.178107
9
0.02672114 -0.2512552 2.189469
-0.05851408 -0.2534843 2.155801
0.1119291 -0.2397994 2.145587
0.05630639 -0.5664303 2.103496
0.1943564 -0.154951 1.673192
0.08405677 -0.9574971 2.149634
0.2460826 -0.2122918 1.282293
0.06014873 -0.9864722 2.004238
0.3018401 -0.1596725 1.178107
9
0.02579365 -0.2480654 2.187231
-0.06095665 -0.2502604 2.15463
0.1122728 -0.2365792 2.142394
0.05636933 -0.5670341 2.101196
0.177477 -0.1231781 1.713432
0.08460937 -0.9577092 2.14451
0.2262667 -0.1832221 1.33727
0.05990044 -0.9865163 1.999238
0.2645811 -0.08337528 1.207711
9
0.02579365 -0.2480654 2.187231
-0.06095665 -0.2502604 2.15463
0.1122728 -0.2365792 2.142394
0.05636933 -0.5670341 2.101196
0.177477 -0.1231781 1.713432
0.08460937 -0.9577092 2.14451
0.2262667 -0.1832221 1.33727
0.05990044 -0.9865163 1.999238
0.2645811 -0.08337528 1.207711
9
0.0254169 -0.2468799 2.18656
-0.06239736 -0.2485116 2.154803
0.1126148 -0.2356144 2.140931
0.05627554 -0.5672348 2.097203
0.18462 -0.07984969 1.693576
0.08581246 -0.9585499 2.141834
0.233443 -0.1399999 1.317453
0.06097491 -0.9872566 1.996569
0.2650092 -0.0583187 1.200026
9
0.0254169 -0.2468799 2.18656
-0.06239736 -0.2485116 2.154803
0.1126148 -0.2356144 2.140931
0.05627554 -0.5672348 2.097203
0.18462 -0.07984969 1.693576
0.08581246 -0.9585499 2.141834
0.233443 -0.1399999 1.317453
0.06097491 -0.9872566 1.996569
0.2650092 -0.0583187 1.200026
9
0.02525204 -0.2463572 2.186253
-0.06318312 -0.2477451 2.15512
0.1129361 -0.2351378 2.139935
0.05617921 -0.5655263 2.09473
0.1839386 -0.06006321 1.691501
0.0860351 -0.9577744 2.140845
0.2364705 -0.08910638 1.282865
0.06098629 -0.9864451 1.995606
0.2729461 -0.01421743 1.186012
9
0.02525204 -0.2463572 2.186253
-0.06318312 -0.2477451 2.15512
0.1129361 -0.2351378 2.139935
0.05617921 -0.5655263 2.09473
0.1839386 -0.06006321 1.691501
0.0860351 -0.9577744 2.140845
0.2364705 -0.08910638 1.282865
0.06098629 -0.9864451 1.995606
0.2729461 -0.01421743 1.186012
9
0.02525204 -0.2463572 2.186253
-0.06318312 -0.2477451 2.15512
0.1129361 -0.2351378 2.139935
0.05617921 -0.5655263 2.09473
0.1839386 -0.06006321 1.691501
0.0860351 -0.9577744 2.140845
0.2364705 -0.08910638 1.282865
0.06098629 -0.9864451 1.995606
0.2729461 -0.01421743 1.186012
9
0.02525204 -0.2463572 2.186253
-0.06318312 -0.2477451 2.15512
0.1129361 -0.2351378 2.139935
0.05617921 -0.5655263 2.09473
0.1839386 -0.06006321 1.691501
0.0860351 -0.9577744 2.140845
0.2364705 -0.08910638 1.282865
0.06098629 -0.9864451 1.995606
0.2729461 -0.01421743 1.186012
9
0.02525204 -0.2463572 2.186253
-0.06318312 -0.2477451 2.15512
0.1129361 -0.2351378 2.139935
0.05617921 -0.5655263 2.09473
0.1839386 -0.06006321 1.691501
0.0860351 -0.9577744 2.140845
0.2364705 -0.08910638 1.282865
0.06098629 -0.9864451 1.995606
0.2729461 -0.01421743 1.186012
9
0.02525204 -0.2463572 2.186253
-0.06318312 -0.2477451 2.15512
0.1129361 -0.2351378 2.139935
0.05617921 -0.5655263 2.09473
0.1839386 -0.06006321 1.691501
0.0860351 -0.9577744 2.140845
0.2364705 -0.08910638 1.282865
0.06098629 -0.9864451 1.995606
0.2729461 -0.01421743 1.186012
9
0.02532887 -0.246351 2.186241
-0.0631621 -0.2473539 2.156271
0.1135561 -0.23571 2.138801
0.05506778 -0.5651406 2.092628
0.1868176 -0.03584796 1.701517
0.08612527 -0.9576921 2.140606
0.2384331 -0.07453518 1.293561
0.06083267 -0.9862583 1.995378
0.2740522 -0.01717276 1.180216
9
0.02532887 -0.246351 2.186241
-0.0631621 -0.2473539 2.156271
0.1135561 -0.23571 2.138801
0.05506778 -0.5651406 2.092628
0.1868176 -0.03584796 1.701517
0.08612527 -0.9576921 2.140606
0.2384331 -0.07453518 1.293561
0.06083267 -0.9862583 1.995378
0.2740522 -0.01717276 1.180216
9
0.02558637 -0.2463366 2.186316
-0.06280343 -0.2470801 2.158073
0.1142841 -0.2360336 2.137852
0.05448614 -0.5656149 2.092151
0.1749031 -0.03983066 1.737974
0.08565871 -0.9564306 2.140101
0.2272231 -0.07541673 1.330699
0.0602732 -0.984952 1.994866
0.2624612 -0.03987857 1.205145
9
0.02562644 -0.2457943 2.186859
-0.06316698 -0.2459623 2.1603
0.1143503 -0.2358724 2.137817
0.0533148 -0.5669864 2.091542
0.1873556 -0.05624646 1.699919
0.08585025 -0.9580979 2.140347
0.2397258 -0.09185105 1.292582
0.06052214 -0.9865502 1.995088
0.2880743 -0.04604228 1.17966
9
0.02562644 -0.2457943 2.186859
-0.06316698 -0.2459623 2.1603
0.1143503 -0.2358724 2.137817
0.0533148 -0.5669864 2.091542
0.1873556 -0.05624646 1.699919
0.08585025 -0.9580979 2.140347
0.2397258 -0.09185105 1.292582
0.06052214 -0.9865502 1.995088
0.2880743 -0.04604228 1.17966
9
0.02562644 -0.2457943 2.186859
-0.06316698 -0.2459623 2.1603
0.1143503 -0.2358724 2.137817
0.0533148 -0.5669864 2.091542
0.1873556 -0.05624646 1.699919
0.08585025 -0.9580979 2.140347
0.2397258 -0.09185105 1.292582
0.06052214 -0.9865502 1.995088
0.2880743 -0.04604228 1.17966
9
0.02562644 -0.2457943 2.186859
-0.06316698 -0.2459623 2.1603
0.1143503 -0.2358724 2.137817
0.0533148 -0.5669864 2.091542
0.1873556 -0.05624646 1.699919
0.08585025 -0.9580979 2.140347
0.2397258 -0.09185105 1.292582
0.06052214 -0.9865502 1.995088
0.2880743 -0.04604228 1.17966
9
0.02562644 -0.2457943 2.186859
-0.06316698 -0.2459623 2.1603
0.1143503 -0.2358724 2.137817
0.0533148 -0.5669864 2.091542
0.1873556 -0.05624646 1.699919
0.08585025 -0.9580979 2.140347
0.2397258 -0.09185105 1.292582
0.06052214 -0.9865502 1.995088
0.2880743 -0.04604228 1.17966
9
0.02562644 -0.2457943 2.186859
-0.06316698 -0.2459623 2.1603
0.1143503 -0.2358724 2.137817
0.0533148 -0.5669864 2.091542
0.1873556 -0.05624646 1.699919
0.08585025 -0.9580979 2.140347
0.2397258 -0.09185105 1.292582
0.06052214 -0.9865502 1.995088
0.2880743 -0.04604228 1.17966
9
0.02562644 -0.2457943 2.186859
-0.06316698 -0.2459623 2.1603
0.1143503 -0.2358724 2.137817
0.0533148 -0.5669864 2.091542
0.1873556 -0.05624646 1.699919
0.08585025 -0.9580979 2.140347
0.2397258 -0.09185105 1.292582
0.06052214 -0.9865502 1.995088
0.2880743 -0.04604228 1.17966
9
0.02562644 -0.2457943 2.186859
-0.06316698 -0.2459623 2.1603
0.1143503 -0.2358724 2.137817
0.0533148 -0.5669864 2.091542
0.1873556 -0.05624646 1.699919
0.08585025 -0.9580979 2.140347
0.2397258 -0.09185105 1.292582
0.06052214 -0.9865502 1.995088
0.2880743 -0.04604228 1.17966
9
0.03018927 -0.2544815 2.196229
-0.05515409 -0.253869 2.170343
0.1153404 -0.2462188 2.146866
0.05155587 -0.5752361 2.094544
0.2035006 -0.2059043 1.669646
0.08594939 -0.9591812 2.141625
0.2582609 -0.3014299 1.311132
0.05946873 -0.987824 1.996702
0.3270161 -0.3208241 1.210423
