40
9
-0.07148266 -0.0218411 2.334511
-0.1468316 -0.0276731 2.304929
0.006141008 -0.01522359 2.286131
-0.1472811 -0.4117355 2.283493
0.066604 -0.3904897 2.168571
-0.1149833 -0.7770204 2.291804
0.1246683 -0.7477618 2.254698
-0.1944168 -0.8537101 2.320206
0.1004219 -0.7763366 2.109442
9
-0.08186348 -0.02132118 2.330033
-0.1572957 -0.02831041 2.300922
-0.003783297 -0.01358461 2.281242
-0.1501826 -0.4137611 2.287461
0.05401615 -0.3816628 2.122842
-0.1142523 -0.7764175 2.292752
0.122687 -0.7248274 2.182425
-0.1364664 -0.8044253 2.147807
0.09666438 -0.7530494 2.037421
9
-0.08186348 -0.02132118 2.330033
-0.1572957 -0.02831041 2.300922
-0.003783297 -0.01358461 2.281242
-0.1501826 -0.4137611 2.287461
0.05401615 -0.3816628 2.122842
-0.1142523 -0.7764175 2.292752
0.122687 -0.7248274 2.182425
-0.1364664 -0.8044253 2.147807
0.09666438 -0.7530494 2.037421
9
-0.08924592 -0.02142905 2.328203
-0.1645613 -0.02918722 2.29931
-0.01101555 -0.01292885 2.279235
-0.1519846 -0.4194507 2.29216
0.0485931 -0.3820429 2.093526
-0.114192 -0.7769595 2.293075
0.1159995 -0.7183523 2.092462
-0.1368592 -0.8048434 2.148186
0.1199864 -0.7889863 1.999522
9
-0.08924592 -0.02142905 2.328203
-0.1645613 -0.02918722 2.29931
-0.01101555 -0.01292885 2.279235
-0.1519846 -0.4194507 2.29216
0.0485931 -0.3820429 2.093526
-0.114192 -0.7769595 2.293075
0.1159995 -0.7183523 2.092462
-0.1368592 -0.8048434 2.148186
0.1199864 -0.7889863 1.999522
9
-0.09598947 -0.02058426 2.326819
-0.1718774 -0.02907012 2.298586
-0.01706778 -0.01141654 2.277237
-0.1517117 -0.4241793 2.292627
0.03931977 -0.3641067 2.038997
-0.1145974 -0.7768452 2.293329
0.1068351 -0.6746957 2.001713
-0.1370936 -0.8045411 2.148333
0.1069336 -0.7255859 1.879883
9
-0.09598947 -0.02058426 2.326819
-0.1718774 -0.02907012 2.298586
-0.01706778 -0.01141654 2.277237
-0.1517117 -0.4241793 2.292627
0.03931977 -0.3641067 2.038997
-0.1145974 -0.7768452 2.293329
0.1068351 -0.6746957 2.001713
-0.1370936 -0.8045411 2.148333
0.1069336 -0.7255859 1.879883
9
-0.1050589 -0.01868524 2.325554
-0.1804453 -0.02906219 2.296303
-0.02664827 -0.007455294 2.277046
-0.1501507 -0.4274456 2.292389
0.0298747 -0.3375262 1.996112
-0.1144697 -0.7775918 2.293619
0.08841292 -0.6210793 1.909795
-0.1563117 -0.8357017 2.200004
0.0824585 -0.6547852 1.773438
9
-0.1050589 -0.01868524 2.325554
-0.1804453 -0.02906219 2.296303
-0.02664827 -0.007455294 2.277046
-0.1501507 -0.4274456 2.292389
0.0298747 -0.3375262 1.996112
-0.1144697 -0.7775918 2.293619
0.08841292 -0.6210793 1.909795
-0.1563117 -0.8357017 2.200004
0.0824585 -0.6547852 1.773438
9
-0.1138466 -0.01550583 2.323583
-0.190557 -0.02734019 2.29329
-0.03382966 -0.003149596 2.27599
-0.1489898 -0.4288941 2.290438
0.01969924 -0.3014078 1.953263
-0.1146179 -0.7775184 2.293624
0.07470008 -0.5613121 1.803513
-0.1968245 -0.8506955 2.323257
0.06152344 -0.5839844 1.670898
9
-0.1138466 -0.01550583 2.323583
-0.190557 -0.02734019 2.29329
-0.03382966 -0.003149596 2.27599
-0.1489898 -0.4288941 2.290438
0.01969924 -0.3014078 1.953263
-0.1146179 -0.7775184 2.293624
0.07470008 -0.5613121 1.803513
-0.1968245 -0.8506955 2.323257
0.06152344 -0.5839844 1.670898
9
-0.1184255 -0.01366937 2.322649
-0.1957438 -0.02612706 2.292055
-0.03751837 -0.0008277486 2.275374
-0.1401415 -0.4456943 2.288803
0.01196253 -0.2447972 1.91927
-0.1145572 -0.7774441 2.293628
0.06762119 -0.4861063 1.739079
-0.1488234 -0.8441767 2.206236
0.03939407 -0.5175273 1.575381
9
-0.1184255 -0.01366937 2.322649
-0.1957438 -0.02612706 2.292055
-0.03751837 -0.0008277486 2.275374
-0.1401415 -0.4456943 2.288803
0.01196253 -0.2447972 1.91927
-0.1145572 -0.7774441 2.293628
0.06762119 -0.4861063 1.739079
-0.1488234 -0.8441767 2.206236
0.03939407 -0.5175273 1.575381
9
-0.1362337 -0.0129933 2.3195
-0.2126139 -0.02425192 2.288767
-0.055273 -0.001357137 2.272496
-0.1533539 -0.4133651 2.27637
0.0004992337 -0.1885075 1.882316
-0.1147427 -0.7725396 2.294907
0.01201691 -0.5030479 1.614654
-0.1487546 -0.8396546 2.207787
0.006546021 -0.4406738 1.487305
9
-0.1362337 -0.0129933 2.3195
-0.2126139 -0.02425192 2.288767
-0.055273 -0.001357137 2.272496
-0.1533539 -0.4133651 2.27637
0.0004992337 -0.1885075 1.882316
-0.1147427 -0.7725396 2.294907
0.01201691 -0.5030479 1.614654
-0.1487546 -0.8396546 2.207787
0.006546021 -0.4406738 1.487305
9
-0.1418614 -0.0128528 2.317969
-0.218862 -0.02298683 2.286676
-0.06029689 -0.002187698 2.271439
-0.156826 -0.4681076 2.289635
-0.00708602 -0.1301287 1.852169
-0.11468 -0.7726274 2.294847
0.02903327 -0.3619001 1.572109
-0.1936303 -0.842104 2.332823
-0.02467346 -0.3259277 1.423828
9
-0.1418614 -0.0128528 2.317969
-0.218862 -0.02298683 2.286676
-0.06029689 -0.002187698 2.271439
-0.156826 -0.4681076 2.289635
-0.00708602 -0.1301287 1.852169
-0.11468 -0.7726274 2.294847
0.02903327 -0.3619001 1.572109
-0.1936303 -0.842104 2.332823
-0.02467346 -0.3259277 1.423828
9
-0.1449401 -0.01334375 2.316379
-0.223029 -0.02558129 2.284893
-0.06278796 -0.001109686 2.269814
-0.1549013 -0.4797588 2.288646
-0.01780629 -0.06247105 1.844449
-0.1140249 -0.773469 2.293733
0.00782881 -0.2591915 1.481973
-0.1535274 -0.8512875 2.238158
-0.04816265 -0.2211417 1.366694
9
-0.1449401 -0.01334375 2.316379
-0.223029 -0.02558129 2.284893
-0.06278796 -0.001109686 2.269814
-0.1549013 -0.4797588 2.288646
-0.01780629 -0.06247105 1.844449
-0.1140249 -0.773469 2.293733
0.00782881 -0.2591915 1.481973
-0.1535274 -0.8512875 2.238158
-0.04816265 -0.2211417 1.366694
9
-0.1657511 -0.01924088 2.315029
-0.2437969 -0.03291053 2.285166
-0.0820503 -0.005062154 2.267209
-0.1493061 -0.4588077 2.278655
-0.02677605 -0.009990009 1.81713
-0.118762 -0.761448 2.288719
-0.04472371 -0.09495873 1.414125
-0.1491699 -0.8367727 2.209316
-0.07375225 -0.1737241 1.324791
9
-0.1657511 -0.01924088 2.315029
-0.2437969 -0.03291053 2.285166
-0.0820503 -0.005062154 2.267209
-0.1493061 -0.4588077 2.278655
-0.02677605 -0.009990009 1.81713
-0.118762 -0.761448 2.288719
-0.04472371 -0.09495873 1.414125
-0.1491699 -0.8367727 2.209316
-0.07375225 -0.1737241 1.324791
9
-0.182822 -0.0007365718 2.32866
-0.2765612 -0.004966396 2.304818
-0.08819072 0.005962824 2.276171
-0.1438994 -0.4480123 2.275454
-0.03315053 0.02134268 1.782246
-0.1183148 -0.7642483 2.286994
-0.05824234 -0.05437825 1.366975
-0.1494372 -0.8373748 2.208144
-0.04059982 -0.1802711 1.375399
9
-0.182822 -0.0007365718 2.32866
-0.2765612 -0.004966396 2.304818
-0.08819072 0.005962824 2.276171
-0.1438994 -0.4480123 2.275454
-0.03315053 0.02134268 1.782246
-0.1183148 -0.7642483 2.286994
-0.05824234 -0.05437825 1.366975
-0.1494372 -0.8373748 2.208144
-0.04059982 -0.1802711 1.375399
9
-0.1271881 -0.03195095 2.308229
-0.2087616 -0.05707308 2.280709
-0.04144304 -0.005695872 2.258059
-0.1401132 -0.4424442 2.271039
0.08784591 0.009908412 1.778583
-0.1169304 -0.7689379 2.281279
-0.06934714 0.01670136 1.397082
-0.1499839 -0.8422376 2.204552
-0.05459863 -0.1195112 1.364989
9
-0.1271881 -0.03195095 2.308229
-0.2087616 -0.05707308 2.280709
-0.04144304 -0.005695872 2.258059
-0.1401132 -0.4424442 2.271039
0.08784591 0.009908412 1.778583
-0.1169304 -0.7689379 2.281279
-0.06934714 0.01670136 1.397082
-0.1499839 -0.8422376 2.204552
-0.05459863 -0.1195112 1.364989
9
-0.100198 -0.02462998 2.306826
-0.1847214 -0.04702978 2.280251
-0.0115758 -0.001457512 2.255507
-0.1387429 -0.4297459 2.264402
0.1445097 -0.0511421 1.786836
-0.1160965 -0.7727715 2.278463
-0.07473274 0.1112451 1.437175
-0.1488198 -0.845744 2.200934
-0.0980835 0.05029297 1.317383
9
-0.100198 -0.02462998 2.306826
-0.1847214 -0.04702978 2.280251
-0.0115758 -0.001457512 2.255507
-0.1387429 -0.4297459 2.264402
0.1445097 -0.0511421 1.786836
-0.1160965 -0.7727715 2.278463
-0.07473274 0.1112451 1.437175
-0.1488198 -0.845744 2.200934
-0.0980835 0.05029297 1.317383
9
-0.09823587 -0.0215411 2.308063
-0.1830085 -0.04259483 2.282197
-0.009679876 0.0005024594 2.256211
-0.1384209 -0.4254431 2.260415
-0.02181128 0.07144063 1.764325
-0.1155366 -0.7731611 2.276978
-0.2711889 0.2605131 1.372514
-0.1482247 -0.8463694 2.199922
-0.176467 0.1492908 1.325877
9
-0.09823587 -0.0215411 2.308063
-0.1830085 -0.04259483 2.282197
-0.009679876 0.0005024594 2.256211
-0.1384209 -0.4254431 2.260415
-0.02181128 0.07144063 1.764325
-0.1155366 -0.7731611 2.276978
-0.2711889 0.2605131 1.372514
-0.1482247 -0.8463694 2.199922
-0.176467 0.1492908 1.325877
9
-0.09823587 -0.0215411 2.308063
-0.1830085 -0.04259483 2.282197
-0.009679876 0.0005024594 2.256211
-0.1384209 -0.4254431 2.260415
-0.02181128 0.07144063 1.764325
-0.1155366 -0.7731611 2.276978
-0.2711889 0.2605131 1.372514
-0.1482247 -0.8463694 2.199922
-0.176467 0.1492908 1.325877
9
-0.09823587 -0.0215411 2.308063
-0.1830085 -0.04259483 2.282197
-0.009679876 0.0005024594 2.256211
-0.1384209 -0.4254431 2.260415
-0.02181128 0.07144063 1.764325
-0.1155366 -0.7731611 2.276978
-0.2711889 0.2605131 1.372514
-0.1482247 -0.8463694 2.199922
-0.176467 0.1492908 1.325877
9
-0.09794258 -0.02125174 2.308803
-0.1827422 -0.04177206 2.283051
-0.009387102 0.0003520022 2.256949
-0.1406363 -0.4219904 2.252034
-0.02212911 0.06672801 1.764425
-0.1153186 -0.773213 2.275451
-0.2716421 0.2545325 1.373211
-0.1484215 -0.8469789 2.19994
-0.1751568 0.145147 1.32474
9
-0.09794258 -0.02125174 2.308803
-0.1827422 -0.04177206 2.283051
-0.009387102 0.0003520022 2.256949
-0.1406363 -0.4219904 2.252034
-0.02212911 0.06672801 1.764425
-0.1153186 -0.773213 2.275451
-0.2716421 0.2545325 1.373211
-0.1484215 -0.8469789 2.19994
-0.1751568 0.145147 1.32474
9
-0.09786876 -0.02627116 2.304446
-0.1811875 -0.04835951 2.277377
-0.01059541 -0.003539854 2.253439
-0.140815 -0.4213828 2.248595
-0.02225448 0.06513729 1.761208
-0.1149916 -0.7738023 2.274716
-0.2714168 0.253053 1.373104
-0.1479555 -0.8473421 2.19861
-0.175946 0.1431134 1.322339
9
-0.09950466 -0.0334295 2.297312
-0.181229 -0.05675415 2.269641
-0.01389861 -0.009344391 2.246862
-0.1420413 -0.4230826 2.247348
-0.05381395 0.1011012 1.838523
-0.1150025 -0.7739403 2.27455
-0.06946638 0.04143557 1.43112
-0.1478543 -0.8473129 2.197986
-0.08681453 7.142499E-05 1.283245
9
-0.09950466 -0.0334295 2.297312
-0.181229 -0.05675415 2.269641
-0.01389861 -0.009344391 2.246862
-0.1420413 -0.4230826 2.247348
-0.05381395 0.1011012 1.838523
-0.1150025 -0.7739403 2.27455
-0.06946638 0.04143557 1.43112
-0.1478543 -0.8473129 2.197986
-0.08681453 7.142499E-05 1.283245
9
-0.1026643 -0.03922315 2.295187
-0.1830554 -0.06282388 2.267125
-0.01861768 -0.01471612 2.245196
-0.1453928 -0.4273238 2.245862
-0.04838998 0.03494133 1.754608
-0.1156125 -0.7737934 2.273609
-0.05667216 -0.0250691 1.346989
-0.147329 -0.8489521 2.200022
-0.1333994 -0.07827321 1.275337
9
-0.1026643 -0.03922315 2.295187
-0.1830554 -0.06282388 2.267125
-0.01861768 -0.01471612 2.245196
-0.1453928 -0.4273238 2.245862
-0.04838998 0.03494133 1.754608
-0.1156125 -0.7737934 2.273609
-0.05667216 -0.0250691 1.346989
-0.147329 -0.8489521 2.200022
-0.1333994 -0.07827321 1.275337
9
-0.1012465 -0.03749925 2.293243
-0.1818351 -0.0605136 2.265656
-0.0169856 -0.0134513 2.242698
-0.1552898 -0.4354876 2.245311
-0.03608333 -0.007105181 1.789783
-0.1144046 -0.7759129 2.273068
-0.04535117 -0.09532417 1.38715
-0.1508007 -0.847866 2.196815
-0.09329436 -0.1221736 1.266304
9
-0.1012465 -0.03749925 2.293243
-0.1818351 -0.0605136 2.265656
-0.0169856 -0.0134513 2.242698
-0.1552898 -0.4354876 2.245311
-0.03608333 -0.007105181 1.789783
-0.1144046 -0.7759129 2.273068
-0.04535117 -0.09532417 1.38715
-0.1508007 -0.847866 2.196815
-0.09329436 -0.1221736 1.266304
