40
9
0.1304742 -0.2327357 2.141513
0.04725745 -0.2364688 2.115275
0.208842 -0.2206182 2.091454
0.06000702 -0.6192638 2.121587
0.2561813 -0.5703256 1.932958
0.08340321 -0.9738113 2.16782
0.2922612 -0.9420891 1.997408
0.05593821 -1.052296 2.098376
0.2981071 -1.007066 1.899927
9
0.1304742 -0.2327357 2.141513
0.04725745 -0.2364688 2.115275
0.208842 -0.2206182 2.091454
0.06000702 -0.6192638 2.121587
0.2561813 -0.5703256 1.932958
0.08340321 -0.9738113 2.16782
0.2922612 -0.9420891 1.997408
0.05593821 -1.052296 2.098376
0.2981071 -1.007066 1.899927
9
0.1164136 -0.2293434 2.147966
0.033054 -0.2351491 2.120042
0.1953154 -0.215166 2.099807
0.05843297 -0.615663 2.120637
0.2632691 -0.5089869 1.80728
0.08215513 -0.973813 2.167678
0.3065743 -0.7841128 1.688296
0.0573191 -1.052935 2.0981
0.3032116 -0.8088325 1.559409
9
0.1164136 -0.2293434 2.147966
0.033054 -0.2351491 2.120042
0.1953154 -0.215166 2.099807
0.05843297 -0.615663 2.120637
0.2632691 -0.5089869 1.80728
0.08215513 -0.973813 2.167678
0.3065743 -0.7841128 1.688296
0.0573191 -1.052935 2.0981
0.3032116 -0.8088325 1.559409
9
0.1164136 -0.2293434 2.147966
0.033054 -0.2351491 2.120042
0.1953154 -0.215166 2.099807
0.05843297 -0.615663 2.120637
0.2632691 -0.5089869 1.80728
0.08215513 -0.973813 2.167678
0.3065743 -0.7841128 1.688296
0.0573191 -1.052935 2.0981
0.3032116 -0.8088325 1.559409
9
0.1164136 -0.2293434 2.147966
0.033054 -0.2351491 2.120042
0.1953154 -0.215166 2.099807
0.05843297 -0.615663 2.120637
0.2632691 -0.5089869 1.80728
0.08215513 -0.973813 2.167678
0.3065743 -0.7841128 1.688296
0.0573191 -1.052935 2.0981
0.3032116 -0.8088325 1.559409
9
0.1102342 -0.2268453 2.149854
0.02443643 -0.2336805 2.121707
0.1912925 -0.2119841 2.101804
0.05912897 -0.5960402 2.1085
0.2699684 -0.4003066 1.723779
0.0809674 -0.9742867 2.166427
0.3104259 -0.5957585 1.489504
0.05817321 -1.054527 2.098646
0.2817463 -0.6271626 1.344229
9
0.1102342 -0.2268453 2.149854
0.02443643 -0.2336805 2.121707
0.1912925 -0.2119841 2.101804
0.05912897 -0.5960402 2.1085
0.2699684 -0.4003066 1.723779
0.0809674 -0.9742867 2.166427
0.3104259 -0.5957585 1.489504
0.05817321 -1.054527 2.098646
0.2817463 -0.6271626 1.344229
9
0.1075091 -0.2249945 2.149316
0.02009643 -0.2318483 2.120691
0.1900297 -0.2102564 2.101577
0.05885062 -0.5933076 2.10581
0.2666022 -0.3196211 1.705651
0.08092947 -0.9725549 2.164239
0.3181269 -0.5017194 1.400159
0.05935058 -1.054638 2.1013
0.2887662 -0.534359 1.254515
9
0.1075091 -0.2249945 2.149316
0.02009643 -0.2318483 2.120691
0.1900297 -0.2102564 2.101577
0.05885062 -0.5933076 2.10581
0.2666022 -0.3196211 1.705651
0.08092947 -0.9725549 2.164239
0.3181269 -0.5017194 1.400159
0.05935058 -1.054638 2.1013
0.2887662 -0.534359 1.254515
9
0.1075091 -0.2249945 2.149316
0.02009643 -0.2318483 2.120691
0.1900297 -0.2102564 2.101577
0.05885062 -0.5933076 2.10581
0.2666022 -0.3196211 1.705651
0.08092947 -0.9725549 2.164239
0.3181269 -0.5017194 1.400159
0.05935058 -1.054638 2.1013
0.2887662 -0.534359 1.254515
9
0.1075091 -0.2249945 2.149316
0.02009643 -0.2318483 2.120691
0.1900297 -0.2102564 2.101577
0.05885062 -0.5933076 2.10581
0.2666022 -0.3196211 1.705651
0.08092947 -0.9725549 2.164239
0.3181269 -0.5017194 1.400159
0.05935058 -1.054638 2.1013
0.2887662 -0.534359 1.254515
9
0.1075091 -0.2249945 2.149316
0.02009643 -0.2318483 2.120691
0.1900297 -0.2102564 2.101577
0.05885062 -0.5933076 2.10581
0.2666022 -0.3196211 1.705651
0.08092947 -0.9725549 2.164239
0.3181269 -0.5017194 1.400159
0.05935058 -1.054638 2.1013
0.2887662 -0.534359 1.254515
9
0.1075091 -0.2249945 2.149316
0.02009643 -0.2318483 2.120691
0.1900297 -0.2102564 2.101577
0.05885062 -0.5933076 2.10581
0.2666022 -0.3196211 1.705651
0.08092947 -0.9725549 2.164239
0.3181269 -0.5017194 1.400159
0.05935058 -1.054638 2.1013
0.2887662 -0.534359 1.254515
9
0.1005345 -0.2278184 2.147672
0.01050704 -0.2334993 2.118983
0.1857699 -0.2137903 2.100023
0.05978266 -0.572228 2.095815
0.234468 -0.1626433 1.662408
0.07865391 -0.9640515 2.146095
0.2898347 -0.2427836 1.32797
0.05586302 -0.9937066 2.000782
0.3296804 -0.2244126 1.200789
9
0.1005345 -0.2278184 2.147672
0.01050704 -0.2334993 2.118983
0.1857699 -0.2137903 2.100023
0.05978266 -0.572228 2.095815
0.234468 -0.1626433 1.662408
0.07865391 -0.9640515 2.146095
0.2898347 -0.2427836 1.32797
0.05586302 -0.9937066 2.000782
0.3296804 -0.2244126 1.200789
9
0.06880312 -0.2316142 2.15393
-0.0281355 -0.2324135 2.127424
0.1621685 -0.2214589 2.104356
0.06000895 -0.5700462 2.09478
0.2162771 -0.1173178 1.688973
0.0793324 -0.9623907 2.140514
0.2968301 -0.1691329 1.300829
0.05648731 -0.9920684 1.995228
0.2669929 -0.2094372 1.153461
9
0.06880312 -0.2316142 2.15393
-0.0281355 -0.2324135 2.127424
0.1621685 -0.2214589 2.104356
0.06000895 -0.5700462 2.09478
0.2162771 -0.1173178 1.688973
0.0793324 -0.9623907 2.140514
0.2968301 -0.1691329 1.300829
0.05648731 -0.9920684 1.995228
0.2669929 -0.2094372 1.153461
9
0.05652953 -0.2335729 2.155252
-0.03702819 -0.2318443 2.128373
0.1470387 -0.2273017 2.105946
0.06091662 -0.5664527 2.091862
0.2148581 -0.08298393 1.68341
0.08060394 -0.9646202 2.133234
0.2940926 -0.09392879 1.304957
0.05742474 -0.9942456 1.988051
0.2639966 -0.1363376 1.157436
9
0.05652953 -0.2335729 2.155252
-0.03702819 -0.2318443 2.128373
0.1470387 -0.2273017 2.105946
0.06091662 -0.5664527 2.091862
0.2148581 -0.08298393 1.68341
0.08060394 -0.9646202 2.133234
0.2940926 -0.09392879 1.304957
0.05742474 -0.9942456 1.988051
0.2639966 -0.1363376 1.157436
9
0.05652953 -0.2335729 2.155252
-0.03702819 -0.2318443 2.128373
0.1470387 -0.2273017 2.105946
0.06091662 -0.5664527 2.091862
0.2148581 -0.08298393 1.68341
0.08060394 -0.9646202 2.133234
0.2940926 -0.09392879 1.304957
0.05742474 -0.9942456 1.988051
0.2639966 -0.1363376 1.157436
9
0.05652953 -0.2335729 2.155252
-0.03702819 -0.2318443 2.128373
0.1470387 -0.2273017 2.105946
0.06091662 -0.5664527 2.091862
0.2148581 -0.08298393 1.68341
0.08060394 -0.9646202 2.133234
0.2940926 -0.09392879 1.304957
0.05742474 -0.9942456 1.988051
0.2639966 -0.1363376 1.157436
9
0.05414142 -0.2355383 2.156022
-0.03860332 -0.2330243 2.128706
0.1442676 -0.2299205 2.107166
0.06085509 -0.5599512 2.086838
0.2138193 -0.05675967 1.686073
0.08067092 -0.9578517 2.130306
0.2810303 -0.06784887 1.344557
0.05679169 -0.9876632 1.985276
0.2507983 -0.111146 1.197052
9
0.05414142 -0.2355383 2.156022
-0.03860332 -0.2330243 2.128706
0.1442676 -0.2299205 2.107166
0.06085509 -0.5599512 2.086838
0.2138193 -0.05675967 1.686073
0.08067092 -0.9578517 2.130306
0.2810303 -0.06784887 1.344557
0.05679169 -0.9876632 1.985276
0.2507983 -0.111146 1.197052
9
0.05308735 -0.2369506 2.156368
-0.03936188 -0.2343159 2.129201
0.1431246 -0.2313057 2.107304
0.06102473 -0.5595337 2.085648
0.2139395 -0.05579937 1.686505
0.08124971 -0.9573898 2.129292
0.2812968 -0.0678923 1.344369
0.05649952 -0.9872949 1.984479
0.2501957 -0.1112814 1.197083
9
0.05308735 -0.2369506 2.156368
-0.03936188 -0.2343159 2.129201
0.1431246 -0.2313057 2.107304
0.06102473 -0.5595337 2.085648
0.2139395 -0.05579937 1.686505
0.08124971 -0.9573898 2.129292
0.2812968 -0.0678923 1.344369
0.05649952 -0.9872949 1.984479
0.2501957 -0.1112814 1.197083
9
0.05145365 -0.2383863 2.157364
-0.04060625 -0.2356164 2.130292
0.1413147 -0.2327634 2.108136
0.06147223 -0.5596833 2.085141
0.2153844 -0.05699043 1.689125
0.08157625 -0.9574956 2.129102
0.2855884 -0.0752082 1.344659
0.05616363 -0.9874903 1.98447
0.2537222 -0.1184927 1.197585
9
0.05145365 -0.2383863 2.157364
-0.04060625 -0.2356164 2.130292
0.1413147 -0.2327634 2.108136
0.06147223 -0.5596833 2.085141
0.2153844 -0.05699043 1.689125
0.08157625 -0.9574956 2.129102
0.2855884 -0.0752082 1.344659
0.05616363 -0.9874903 1.98447
0.2537222 -0.1184927 1.197585
9
0.05028432 -0.2395356 2.158109
-0.04151101 -0.2370518 2.131663
0.1399609 -0.2336925 2.108378
0.06177404 -0.5625955 2.084675
0.2230179 -0.0779617 1.6963
0.08166853 -0.9602884 2.129317
0.292892 -0.1049153 1.355047
0.05580077 -0.9903039 1.984824
0.2604508 -0.1474771 1.208174
9
0.05028432 -0.2395356 2.158109
-0.04151101 -0.2370518 2.131663
0.1399609 -0.2336925 2.108378
0.06177404 -0.5625955 2.084675
0.2230179 -0.0779617 1.6963
0.08166853 -0.9602884 2.129317
0.292892 -0.1049153 1.355047
0.05580077 -0.9903039 1.984824
0.2604508 -0.1474771 1.208174
9
0.05036157 -0.239993 2.158623
-0.04108484 -0.2380541 2.132767
0.1399156 -0.2338039 2.108519
0.0619865 -0.5626093 2.084579
0.2447422 -0.1147282 1.684873
0.08175188 -0.9603087 2.12922
0.3169462 -0.1949859 1.328012
0.05511396 -0.9903662 1.984919
0.2830202 -0.2351249 1.18177
9
0.05036157 -0.239993 2.158623
-0.04108484 -0.2380541 2.132767
0.1399156 -0.2338039 2.108519
0.0619865 -0.5626093 2.084579
0.2447422 -0.1147282 1.684873
0.08175188 -0.9603087 2.12922
0.3169462 -0.1949859 1.328012
0.05511396 -0.9903662 1.984919
0.2830202 -0.2351249 1.18177
9
0.05082959 -0.2408484 2.160468
-0.03961527 -0.2398566 2.135123
0.1397285 -0.2339531 2.109988
0.06274803 -0.5610458 2.085075
0.2482691 -0.1498809 1.70295
0.08184579 -0.9588956 2.129041
0.3225295 -0.2756298 1.343288
0.05291896 -0.9891343 1.98535
0.3669434 -0.2646484 1.205078
9
0.05082959 -0.2408484 2.160468
-0.03961527 -0.2398566 2.135123
0.1397285 -0.2339531 2.109988
0.06274803 -0.5610458 2.085075
0.2482691 -0.1498809 1.70295
0.08184579 -0.9588956 2.129041
0.3225295 -0.2756298 1.343288
0.05291896 -0.9891343 1.98535
0.3669434 -0.2646484 1.205078
9
0.05082959 -0.2408484 2.160468
-0.03961527 -0.2398566 2.135123
0.1397285 -0.2339531 2.109988
0.06274803 -0.5610458 2.085075
0.2482691 -0.1498809 1.70295
0.08184579 -0.9588956 2.129041
0.3225295 -0.2756298 1.343288
0.05291896 -0.9891343 1.98535
0.3669434 -0.2646484 1.205078
9
0.05082959 -0.2408484 2.160468
-0.03961527 -0.2398566 2.135123
0.1397285 -0.2339531 2.109988
0.06274803 -0.5610458 2.085075
0.2482691 -0.1498809 1.70295
0.08184579 -0.9588956 2.129041
0.3225295 -0.2756298 1.343288
0.05291896 -0.9891343 1.98535
0.3669434 -0.2646484 1.205078
9
0.05082959 -0.2408484 2.160468
-0.03961527 -0.2398566 2.135123
0.1397285 -0.2339531 2.109988
0.06274803 -0.5610458 2.085075
0.2482691 -0.1498809 1.70295
0.08184579 -0.9588956 2.129041
0.3225295 -0.2756298 1.343288
0.05291896 -0.9891343 1.98535
0.3669434 -0.2646484 1.205078
9
0.05082959 -0.2408484 2.160468
-0.03961527 -0.2398566 2.135123
0.1397285 -0.2339531 2.109988
0.06274803 -0.5610458 2.085075
0.2482691 -0.1498809 1.70295
0.08184579 -0.9588956 2.129041
0.3225295 -0.2756298 1.343288
0.05291896 -0.9891343 1.98535
0.3669434 -0.2646484 1.205078
9
0.1157469 -0.2444133 2.158491
0.03391876 -0.2471746 2.13393
0.1935217 -0.2330187 2.106829
0.06557324 -0.5781252 2.092193
0.29401 -0.3166262 1.69772
0.0819028 -0.9633275 2.130391
0.3676404 -0.5049428 1.441551
0.05001456 -0.9946041 1.987976
0.328308 -0.5395997 1.298875
9
0.1157469 -0.2444133 2.158491
0.03391876 -0.2471746 2.13393
0.1935217 -0.2330187 2.106829
0.06557324 -0.5781252 2.092193
0.29401 -0.3166262 1.69772
0.0819028 -0.9633275 2.130391
0.3676404 -0.5049428 1.441551
0.05001456 -0.9946041 1.987976
0.328308 -0.5395997 1.298875
