40
9
-0.08021007 -0.08216905 2.147347
-0.1589853 -0.08577678 2.1162
0.001816087 -0.07596108 2.093774
-0.08628877 -0.6417044 2.127737
0.0175279 -0.6589968 2.10357
-0.1324787 -0.9282513 1.961097
0.1718305 -0.9303749 1.875692
-0.08160386 -0.9543948 1.839038
0.2593699 -0.9053144 1.793891
9
-0.08021007 -0.08216905 2.147347
-0.1589853 -0.08577678 2.1162
0.001816087 -0.07596108 2.093774
-0.08628877 -0.6417044 2.127737
0.0175279 -0.6589968 2.10357
-0.1324787 -0.9282513 1.961097
0.1718305 -0.9303749 1.875692
-0.08160386 -0.9543948 1.839038
0.2593699 -0.9053144 1.793891
9
-0.08249466 -0.07905952 2.14265
-0.1613456 -0.08400166 2.111764
-0.000372612 -0.0710481 2.088664
-0.08968439 -0.6368694 2.124569
0.0217662 -0.6038162 2.062496
-0.131288 -0.9287326 1.959767
0.05976915 -0.938385 1.936508
-0.06622228 -0.9550458 1.837857
0.06347656 -0.9550781 1.804688
9
-0.08249466 -0.07905952 2.14265
-0.1613456 -0.08400166 2.111764
-0.000372612 -0.0710481 2.088664
-0.08968439 -0.6368694 2.124569
0.0217662 -0.6038162 2.062496
-0.131288 -0.9287326 1.959767
0.05976915 -0.938385 1.936508
-0.06622228 -0.9550458 1.837857
0.06347656 -0.9550781 1.804688
9
-0.08522674 -0.07348654 2.138194
-0.1645579 -0.08155952 2.104575
-0.00313937 -0.06066244 2.086385
-0.09863095 -0.6528534 2.114596
0.02044969 -0.5935665 2.028911
-0.1297355 -0.9308761 1.954992
0.07635932 -0.9425015 1.915713
-0.1005715 -0.963443 1.834836
0.1321596 -0.9172619 1.755424
9
-0.08522674 -0.07348654 2.138194
-0.1645579 -0.08155952 2.104575
-0.00313937 -0.06066244 2.086385
-0.09863095 -0.6528534 2.114596
0.02044969 -0.5935665 2.028911
-0.1297355 -0.9308761 1.954992
0.07635932 -0.9425015 1.915713
-0.1005715 -0.963443 1.834836
0.1321596 -0.9172619 1.755424
9
-0.08522674 -0.07348654 2.138194
-0.1645579 -0.08155952 2.104575
-0.00313937 -0.06066244 2.086385
-0.09863095 -0.6528534 2.114596
0.02044969 -0.5935665 2.028911
-0.1297355 -0.9308761 1.954992
0.07635932 -0.9425015 1.915713
-0.1005715 -0.963443 1.834836
0.1321596 -0.9172619 1.755424
9
-0.08522674 -0.07348654 2.138194
-0.1645579 -0.08155952 2.104575
-0.00313937 -0.06066244 2.086385
-0.09863095 -0.6528534 2.114596
0.02044969 -0.5935665 2.028911
-0.1297355 -0.9308761 1.954992
0.07635932 -0.9425015 1.915713
-0.1005715 -0.963443 1.834836
0.1321596 -0.9172619 1.755424
9
-0.08522674 -0.07348654 2.138194
-0.1645579 -0.08155952 2.104575
-0.00313937 -0.06066244 2.086385
-0.09863095 -0.6528534 2.114596
0.02044969 -0.5935665 2.028911
-0.1297355 -0.9308761 1.954992
0.07635932 -0.9425015 1.915713
-0.1005715 -0.963443 1.834836
0.1321596 -0.9172619 1.755424
9
-0.08522674 -0.07348654 2.138194
-0.1645579 -0.08155952 2.104575
-0.00313937 -0.06066244 2.086385
-0.09863095 -0.6528534 2.114596
0.02044969 -0.5935665 2.028911
-0.1297355 -0.9308761 1.954992
0.07635932 -0.9425015 1.915713
-0.1005715 -0.963443 1.834836
0.1321596 -0.9172619 1.755424
9
-0.1035943 -0.06848463 2.139024
-0.1817044 -0.07689253 2.097978
-0.02438619 -0.05602858 2.096612
-0.1142352 -0.6661832 2.11708
0.04087795 -0.4169367 1.790825
-0.1288019 -0.9318358 1.947239
0.08060015 -0.8042393 1.836951
-0.1039697 -0.9598886 1.822746
0.07216875 -0.8710754 1.690833
9
-0.1071948 -0.06713481 2.138792
-0.1856944 -0.07531701 2.095881
-0.02671649 -0.05527543 2.097738
-0.1211435 -0.6497037 2.115694
0.03715382 -0.3506324 1.724352
-0.1281007 -0.9312196 1.947747
0.05891576 -0.7424349 1.808894
-0.1016085 -0.9596432 1.821347
0.07328222 -0.8183745 1.666204
9
-0.1071948 -0.06713481 2.138792
-0.1856944 -0.07531701 2.095881
-0.02671649 -0.05527543 2.097738
-0.1211435 -0.6497037 2.115694
0.03715382 -0.3506324 1.724352
-0.1281007 -0.9312196 1.947747
0.05891576 -0.7424349 1.808894
-0.1016085 -0.9596432 1.821347
0.07328222 -0.8183745 1.666204
9
-0.1091179 -0.06609195 2.138897
-0.1873855 -0.07474307 2.095578
-0.0280909 -0.05414557 2.098304
-0.12115 -0.6498247 2.115563
0.03784052 -0.2568049 1.667055
-0.1292355 -0.9298696 1.947017
0.05336434 -0.6625116 1.756156
-0.1021523 -0.9570866 1.819876
0.09275168 -0.780302 1.694292
9
-0.1091179 -0.06609195 2.138897
-0.1873855 -0.07474307 2.095578
-0.0280909 -0.05414557 2.098304
-0.12115 -0.6498247 2.115563
0.03784052 -0.2568049 1.667055
-0.1292355 -0.9298696 1.947017
0.05336434 -0.6625116 1.756156
-0.1021523 -0.9570866 1.819876
0.09275168 -0.780302 1.694292
9
-0.1175052 -0.06262448 2.137377
-0.1974632 -0.07158232 2.092965
-0.03368496 -0.05108757 2.097806
-0.120531 -0.6518393 2.11528
0.03295781 -0.1791571 1.639513
-0.1295455 -0.9296033 1.95246
0.04174429 -0.5970477 1.729795
-0.1037579 -0.9545174 1.823828
0.0333188 -0.6652654 1.60061
9
-0.1220358 -0.06158035 2.136852
-0.2025498 -0.06988245 2.091757
-0.03725439 -0.05068336 2.097981
-0.1200619 -0.6508274 2.114804
0.03454791 -0.1102478 1.627628
-0.1281075 -0.9353626 1.949649
0.04352132 -0.5382912 1.720442
-0.1018713 -0.9559726 1.817595
0.06595088 -0.6632979 1.650533
9
-0.1220358 -0.06158035 2.136852
-0.2025498 -0.06988245 2.091757
-0.03725439 -0.05068336 2.097981
-0.1200619 -0.6508274 2.114804
0.03454791 -0.1102478 1.627628
-0.1281075 -0.9353626 1.949649
0.04352132 -0.5382912 1.720442
-0.1018713 -0.9559726 1.817595
0.06595088 -0.6632979 1.650533
9
-0.1246775 -0.06253244 2.138429
-0.2044711 -0.06964908 2.09392
-0.04089034 -0.05324557 2.099274
-0.1188728 -0.6533236 2.113703
0.0289076 -0.02492715 1.627418
-0.1280322 -0.9430866 1.945374
0.03812662 -0.462106 1.722641
-0.09806918 -0.9570594 1.811752
0.05721157 -0.5898885 1.653239
9
-0.1246775 -0.06253244 2.138429
-0.2044711 -0.06964908 2.09392
-0.04089034 -0.05324557 2.099274
-0.1188728 -0.6533236 2.113703
0.0289076 -0.02492715 1.627418
-0.1280322 -0.9430866 1.945374
0.03812662 -0.462106 1.722641
-0.09806918 -0.9570594 1.811752
0.05721157 -0.5898885 1.653239
9
-0.1280362 -0.06946209 2.146167
-0.2064584 -0.07155032 2.101008
-0.04572814 -0.06737347 2.108303
-0.118198 -0.6566804 2.111329
0.03793876 -0.1185197 1.64264
-0.1233341 -0.9535657 1.939069
0.06185579 -0.5739294 1.696252
-0.09628572 -0.9572871 1.801075
0.05584441 -0.6293005 1.552578
9
-0.1280362 -0.06946209 2.146167
-0.2064584 -0.07155032 2.101008
-0.04572814 -0.06737347 2.108303
-0.118198 -0.6566804 2.111329
0.03793876 -0.1185197 1.64264
-0.1233341 -0.9535657 1.939069
0.06185579 -0.5739294 1.696252
-0.09628572 -0.9572871 1.801075
0.05584441 -0.6293005 1.552578
9
-0.1308455 -0.07487083 2.149746
-0.2084312 -0.07476382 2.105262
-0.04870795 -0.07354026 2.11065
-0.1246147 -0.6018558 2.100987
-0.01932267 0.005529221 1.62563
-0.1170096 -0.9309614 1.948781
0.04397493 -0.4477425 1.695423
-0.09796552 -0.9546022 1.814758
0.04675421 -0.5104643 1.553652
9
-0.1308455 -0.07487083 2.149746
-0.2084312 -0.07476382 2.105262
-0.04870795 -0.07354026 2.11065
-0.1246147 -0.6018558 2.100987
-0.01932267 0.005529221 1.62563
-0.1170096 -0.9309614 1.948781
0.04397493 -0.4477425 1.695423
-0.09796552 -0.9546022 1.814758
0.04675421 -0.5104643 1.553652
9
-0.1347179 -0.08010109 2.151643
-0.211365 -0.07744604 2.107537
-0.05315612 -0.08100479 2.111902
-0.1196736 -0.6262522 2.100832
-0.0259082 -0.01190259 1.623272
-0.1165896 -0.9348194 1.942865
0.2022579 -0.4116837 1.691987
-0.09607182 -0.9565772 1.808266
0.1647103 -0.5413704 1.629634
9
-0.1347179 -0.08010109 2.151643
-0.211365 -0.07744604 2.107537
-0.05315612 -0.08100479 2.111902
-0.1196736 -0.6262522 2.100832
-0.0259082 -0.01190259 1.623272
-0.1165896 -0.9348194 1.942865
0.2022579 -0.4116837 1.691987
-0.09607182 -0.9565772 1.808266
0.1647103 -0.5413704 1.629634
9
-0.1347874 -0.07999315 2.151377
-0.2119172 -0.07706944 2.107329
-0.05277157 -0.0808998 2.11134
-0.1193938 -0.6357173 2.098194
-0.01263297 0.04999892 1.610956
-0.1151425 -0.9437012 1.935405
0.2297432 -0.3473563 1.667238
-0.09195322 -0.9583648 1.798797
0.1866557 -0.4790406 1.620413
9
-0.1347874 -0.07999315 2.151377
-0.2119172 -0.07706944 2.107329
-0.05277157 -0.0808998 2.11134
-0.1193938 -0.6357173 2.098194
-0.01263297 0.04999892 1.610956
-0.1151425 -0.9437012 1.935405
0.2297432 -0.3473563 1.667238
-0.09195322 -0.9583648 1.798797
0.1866557 -0.4790406 1.620413
9
-0.1333492 -0.0798372 2.150982
-0.2115807 -0.07664374 2.107108
-0.04898292 -0.08119921 2.11078
-0.1192186 -0.6363514 2.097779
-0.02231135 0.08779374 1.646054
-0.1109324 -0.9464692 1.936322
0.2184145 -0.3157586 1.686713
-0.09174964 -0.9581763 1.797985
0.1790916 -0.4479637 1.626515
9
-0.1333492 -0.0798372 2.150982
-0.2115807 -0.07664374 2.107108
-0.04898292 -0.08119921 2.11078
-0.1192186 -0.6363514 2.097779
-0.02231135 0.08779374 1.646054
-0.1109324 -0.9464692 1.936322
0.2184145 -0.3157586 1.686713
-0.09174964 -0.9581763 1.797985
0.1790916 -0.4479637 1.626515
9
-0.1337099 -0.07967596 2.150918
-0.2134242 -0.07481545 2.107022
-0.04903965 -0.08141349 2.110754
-0.1191869 -0.6363643 2.097744
-0.02190066 0.08656654 1.646362
-0.1079899 -0.9473559 1.935355
0.1949966 -0.3276415 1.712911
-0.09097835 -0.9576771 1.796228
0.1618305 -0.4598502 1.645748
9
-0.1352251 -0.08136433 2.152209
-0.2162191 -0.0759223 2.108525
-0.04954445 -0.08393914 2.112258
-0.1162759 -0.6586574 2.100897
-0.02505956 0.05515643 1.654694
-0.1075078 -0.9645303 1.925923
0.2275036 -0.3449869 1.692384
-0.08753254 -0.9561829 1.784005
0.1853504 -0.4757427 1.630073
9
-0.1352251 -0.08136433 2.152209
-0.2162191 -0.0759223 2.108525
-0.04954445 -0.08393914 2.112258
-0.1162759 -0.6586574 2.100897
-0.02505956 0.05515643 1.654694
-0.1075078 -0.9645303 1.925923
0.2275036 -0.3449869 1.692384
-0.08753254 -0.9561829 1.784005
0.1853504 -0.4757427 1.630073
9
-0.1374555 -0.08732945 2.156117
-0.2198309 -0.08015773 2.113606
-0.05019814 -0.09191486 2.11534
-0.1160407 -0.6618365 2.102339
-0.02787443 0.004358754 1.651048
-0.1043655 -0.9660299 1.925602
0.09196832 -0.07916876 1.195525
-0.08921065 -0.9565266 1.783043
0.01240151 -0.02482313 1.209804
9
-0.1374555 -0.08732945 2.156117
-0.2198309 -0.08015773 2.113606
-0.05019814 -0.09191486 2.11534
-0.1160407 -0.6618365 2.102339
-0.02787443 0.004358754 1.651048
-0.1043655 -0.9660299 1.925602
0.09196832 -0.07916876 1.195525
-0.08921065 -0.9565266 1.783043
0.01240151 -0.02482313 1.209804
9
-0.1408296 -0.09772056 2.15934
-0.2245504 -0.08964779 2.117983
-0.05191622 -0.1023586 2.117307
-0.1218528 -0.6108288 2.104856
0.02523973 0.006923001 1.663096
-0.1060086 -0.9393914 1.939784
0.1186785 -0.2268947 1.265568
-0.09080096 -0.9588047 1.803961
0.06292725 -0.114563 1.188477
9
-0.1408296 -0.09772056 2.15934
-0.2245504 -0.08964779 2.117983
-0.05191622 -0.1023586 2.117307
-0.1218528 -0.6108288 2.104856
0.02523973 0.006923001 1.663096
-0.1060086 -0.9393914 1.939784
0.1186785 -0.2268947 1.265568
-0.09080096 -0.9588047 1.803961
0.06292725 -0.114563 1.188477
9
-0.1408296 -0.09772056 2.15934
-0.2245504 -0.08964779 2.117983
-0.05191622 -0.1023586 2.117307
-0.1218528 -0.6108288 2.104856
0.02523973 0.006923001 1.663096
-0.1060086 -0.9393914 1.939784
0.1186785 -0.2268947 1.265568
-0.09080096 -0.9588047 1.803961
0.06292725 -0.114563 1.188477
9
-0.1435325 -0.1016966 2.160678
-0.2275262 -0.09379148 2.12049
-0.05421506 -0.105968 2.117561
-0.1211531 -0.6133776 2.106302
0.04451997 -0.04205891 1.657872
-0.1071298 -0.9362747 1.95147
0.09589319 -0.1696912 1.21511
-0.0922219 -0.9542121 1.815042
0.08894613 -0.152646 1.04996
9
-0.1399805 -0.1002866 2.162557
-0.2240953 -0.09236874 2.122768
-0.05052185 -0.1045068 2.118958
-0.1201445 -0.6206484 2.107991
0.05338147 -0.08079299 1.65944
-0.1084892 -0.9373171 1.956813
0.1183378 -0.2710989 1.245794
-0.09310885 -0.9534157 1.820307
0.1114883 -0.2556372 1.081449
