40
9
-0.05954549 -0.06273283 2.035338
-0.1402193 -0.07111526 2.0109
0.02353216 -0.05163171 1.974994
-0.07124323 -0.4930048 2.012378
0.03656574 -0.4814312 1.951559
-0.04964129 -0.7759728 2.017607
0.07471506 -0.7913268 1.928835
-0.1186116 -0.836169 1.932474
0.07387628 -0.8311849 1.802569
9
-0.05954549 -0.06273283 2.035338
-0.1402193 -0.07111526 2.0109
0.02353216 -0.05163171 1.974994
-0.07124323 -0.4930048 2.012378
0.03656574 -0.4814312 1.951559
-0.04964129 -0.7759728 2.017607
0.07471506 -0.7913268 1.928835
-0.1186116 -0.836169 1.932474
0.07387628 -0.8311849 1.802569
9
-0.05928851 -0.06277267 2.035074
-0.1398539 -0.07105348 2.01028
0.02373577 -0.05173522 1.974967
-0.0723661 -0.4931597 2.011856
0.04066896 -0.482266 1.930866
-0.04946997 -0.7762553 2.017696
0.07407535 -0.7921826 1.926716
-0.1164124 -0.8352386 1.93027
0.07402582 -0.8321831 1.800683
9
-0.05928851 -0.06277267 2.035074
-0.1398539 -0.07105348 2.01028
0.02373577 -0.05173522 1.974967
-0.0723661 -0.4931597 2.011856
0.04066896 -0.482266 1.930866
-0.04946997 -0.7762553 2.017696
0.07407535 -0.7921826 1.926716
-0.1164124 -0.8352386 1.93027
0.07402582 -0.8321831 1.800683
9
-0.05696317 -0.06145131 2.034211
-0.1376366 -0.06980886 2.008274
0.0264159 -0.05024226 1.975263
-0.07494484 -0.4921624 2.013443
0.05295699 -0.4786726 1.886799
-0.04911584 -0.7765151 2.018295
0.0786465 -0.7543703 1.906222
-0.1227602 -0.8239101 1.877783
0.07467876 -0.8257249 1.809969
9
-0.05696317 -0.06145131 2.034211
-0.1376366 -0.06980886 2.008274
0.0264159 -0.05024226 1.975263
-0.07494484 -0.4921624 2.013443
0.05295699 -0.4786726 1.886799
-0.04911584 -0.7765151 2.018295
0.0786465 -0.7543703 1.906222
-0.1227602 -0.8239101 1.877783
0.07467876 -0.8257249 1.809969
9
-0.05696317 -0.06145131 2.034211
-0.1376366 -0.06980886 2.008274
0.0264159 -0.05024226 1.975263
-0.07494484 -0.4921624 2.013443
0.05295699 -0.4786726 1.886799
-0.04911584 -0.7765151 2.018295
0.0786465 -0.7543703 1.906222
-0.1227602 -0.8239101 1.877783
0.07467876 -0.8257249 1.809969
9
-0.05696317 -0.06145131 2.034211
-0.1376366 -0.06980886 2.008274
0.0264159 -0.05024226 1.975263
-0.07494484 -0.4921624 2.013443
0.05295699 -0.4786726 1.886799
-0.04911584 -0.7765151 2.018295
0.0786465 -0.7543703 1.906222
-0.1227602 -0.8239101 1.877783
0.07467876 -0.8257249 1.809969
9
-0.05181406 -0.05983221 2.036238
-0.1342314 -0.06933235 2.007269
0.03496126 -0.0465401 1.983564
-0.07852033 -0.4911554 2.022097
0.07709037 -0.4499611 1.790563
-0.05150758 -0.7743765 2.018172
0.08870525 -0.7295898 1.821232
-0.1224279 -0.8226343 1.876257
0.02165158 -0.8077698 1.700168
9
-0.05181406 -0.05983221 2.036238
-0.1342314 -0.06933235 2.007269
0.03496126 -0.0465401 1.983564
-0.07852033 -0.4911554 2.022097
0.07709037 -0.4499611 1.790563
-0.05150758 -0.7743765 2.018172
0.08870525 -0.7295898 1.821232
-0.1224279 -0.8226343 1.876257
0.02165158 -0.8077698 1.700168
9
-0.04884461 -0.0592179 2.037609
-0.1318712 -0.06917573 2.006364
0.03829646 -0.04564406 1.987599
-0.07897446 -0.4906389 2.025358
0.08040487 -0.4399459 1.772174
-0.05198374 -0.7742324 2.01833
0.09705319 -0.781417 1.711081
-0.1174901 -0.8155462 1.869078
0.09896571 -0.8335955 1.596028
9
-0.04884461 -0.0592179 2.037609
-0.1318712 -0.06917573 2.006364
0.03829646 -0.04564406 1.987599
-0.07897446 -0.4906389 2.025358
0.08040487 -0.4399459 1.772174
-0.05198374 -0.7742324 2.01833
0.09705319 -0.781417 1.711081
-0.1174901 -0.8155462 1.869078
0.09896571 -0.8335955 1.596028
9
-0.04733164 -0.05912643 2.038903
-0.1311903 -0.06889156 2.006409
0.04011669 -0.04630221 1.990055
-0.07928556 -0.4900829 2.027635
0.09168576 -0.4103924 1.72051
-0.05198354 -0.774242 2.018443
0.1086445 -0.7651373 1.555279
-0.1144978 -0.8138037 1.866604
0.02209473 -0.8178711 1.573242
9
-0.04733164 -0.05912643 2.038903
-0.1311903 -0.06889156 2.006409
0.04011669 -0.04630221 1.990055
-0.07928556 -0.4900829 2.027635
0.09168576 -0.4103924 1.72051
-0.05198354 -0.774242 2.018443
0.1086445 -0.7651373 1.555279
-0.1144978 -0.8138037 1.866604
0.02209473 -0.8178711 1.573242
9
-0.04733164 -0.05912643 2.038903
-0.1311903 -0.06889156 2.006409
0.04011669 -0.04630221 1.990055
-0.07928556 -0.4900829 2.027635
0.09168576 -0.4103924 1.72051
-0.05198354 -0.774242 2.018443
0.1086445 -0.7651373 1.555279
-0.1144978 -0.8138037 1.866604
0.02209473 -0.8178711 1.573242
9
-0.04756947 -0.05774808 2.042676
-0.1312514 -0.06836011 2.006557
0.03888091 -0.04458482 2.000304
-0.07643176 -0.4892681 2.027524
0.1010167 -0.3149788 1.629655
-0.05235343 -0.7739987 2.018054
0.1459783 -0.5954435 1.481152
-0.1126092 -0.809881 1.863318
0.1185827 -0.7045316 1.50535
9
-0.04756947 -0.05774808 2.042676
-0.1312514 -0.06836011 2.006557
0.03888091 -0.04458482 2.000304
-0.07643176 -0.4892681 2.027524
0.1010167 -0.3149788 1.629655
-0.05235343 -0.7739987 2.018054
0.1459783 -0.5954435 1.481152
-0.1126092 -0.809881 1.863318
0.1185827 -0.7045316 1.50535
9
-0.04756947 -0.05774808 2.042676
-0.1312514 -0.06836011 2.006557
0.03888091 -0.04458482 2.000304
-0.07643176 -0.4892681 2.027524
0.1010167 -0.3149788 1.629655
-0.05235343 -0.7739987 2.018054
0.1459783 -0.5954435 1.481152
-0.1126092 -0.809881 1.863318
0.1185827 -0.7045316 1.50535
9
-0.04756947 -0.05774808 2.042676
-0.1312514 -0.06836011 2.006557
0.03888091 -0.04458482 2.000304
-0.07643176 -0.4892681 2.027524
0.1010167 -0.3149788 1.629655
-0.05235343 -0.7739987 2.018054
0.1459783 -0.5954435 1.481152
-0.1126092 -0.809881 1.863318
0.1185827 -0.7045316 1.50535
9
-0.04333327 -0.05345545 2.043526
-0.1281666 -0.06458949 2.004299
0.04440103 -0.03951598 2.002761
-0.07506139 -0.485505 2.026929
0.1113731 -0.1963737 1.569055
-0.05225352 -0.7697296 2.016836
0.130186 -0.3827518 1.284233
-0.1124114 -0.8080779 1.863098
0.1493784 -0.4726529 1.242885
9
-0.04333327 -0.05345545 2.043526
-0.1281666 -0.06458949 2.004299
0.04440103 -0.03951598 2.002761
-0.07506139 -0.485505 2.026929
0.1113731 -0.1963737 1.569055
-0.05225352 -0.7697296 2.016836
0.130186 -0.3827518 1.284233
-0.1124114 -0.8080779 1.863098
0.1493784 -0.4726529 1.242885
9
-0.03771958 -0.04722866 2.043026
-0.1251956 -0.0578979 2.000134
0.05175492 -0.0335851 2.003618
-0.06362308 -0.4786936 2.018395
0.1132457 -0.06609152 1.541844
-0.05284953 -0.763026 2.013728
0.1508539 -0.2044235 1.185606
-0.1093784 -0.8045633 1.859559
0.1734534 -0.2927573 1.177383
9
-0.03771958 -0.04722866 2.043026
-0.1251956 -0.0578979 2.000134
0.05175492 -0.0335851 2.003618
-0.06362308 -0.4786936 2.018395
0.1132457 -0.06609152 1.541844
-0.05284953 -0.763026 2.013728
0.1508539 -0.2044235 1.185606
-0.1093784 -0.8045633 1.859559
0.1734534 -0.2927573 1.177383
9
-0.04058669 -0.04462219 2.042807
-0.1310083 -0.05260023 1.998009
0.05072425 -0.03287871 2.003901
-0.06296959 -0.472653 2.016146
0.09563694 -0.03788669 1.53901
-0.05268662 -0.7622522 2.012385
0.1501526 -0.1863074 1.204642
-0.1103231 -0.8045235 1.858972
0.2298969 -0.1551713 1.109007
9
-0.04058669 -0.04462219 2.042807
-0.1310083 -0.05260023 1.998009
0.05072425 -0.03287871 2.003901
-0.06296959 -0.472653 2.016146
0.09563694 -0.03788669 1.53901
-0.05268662 -0.7622522 2.012385
0.1501526 -0.1863074 1.204642
-0.1103231 -0.8045235 1.858972
0.2298969 -0.1551713 1.109007
9
-0.06294924 -0.04906273 2.045597
-0.1522097 -0.05153535 2.002607
0.02720785 -0.04482748 2.004534
-0.05768239 -0.4691082 2.005693
0.089762 0.03558038 1.548879
-0.0500897 -0.7555895 2.00736
0.1402473 -0.1310322 1.228016
-0.1120605 -0.8320313 1.920898
0.1791371 -0.07659379 1.107064
9
-0.06294924 -0.04906273 2.045597
-0.1522097 -0.05153535 2.002607
0.02720785 -0.04482748 2.004534
-0.05768239 -0.4691082 2.005693
0.089762 0.03558038 1.548879
-0.0500897 -0.7555895 2.00736
0.1402473 -0.1310322 1.228016
-0.1120605 -0.8320313 1.920898
0.1791371 -0.07659379 1.107064
9
-0.06437837 -0.04896289 2.045101
-0.1535075 -0.05081144 2.002728
0.02577565 -0.04540187 2.003188
-0.05767938 -0.4690749 1.998201
0.08845169 0.04389475 1.549247
-0.04774254 -0.7525991 2.002968
0.1394249 -0.1227102 1.225213
-0.1116151 -0.8320313 1.922502
0.168335 -0.0150528 1.108398
9
-0.06437837 -0.04896289 2.045101
-0.1535075 -0.05081144 2.002728
0.02577565 -0.04540187 2.003188
-0.05767938 -0.4690749 1.998201
0.08845169 0.04389475 1.549247
-0.04774254 -0.7525991 2.002968
0.1394249 -0.1227102 1.225213
-0.1116151 -0.8320313 1.922502
0.168335 -0.0150528 1.108398
9
-0.06726586 -0.04881716 2.044534
-0.1570013 -0.05020449 2.003087
0.02385678 -0.04557273 2.001889
-0.05939763 -0.4687328 1.992768
0.08825113 0.08109923 1.557431
-0.04747114 -0.7497366 2.000327
0.1362308 0.009792775 1.229234
-0.1090692 -0.8317627 1.925283
0.1739199 0.02846826 1.094991
9
-0.06726586 -0.04881716 2.044534
-0.1570013 -0.05020449 2.003087
0.02385678 -0.04557273 2.001889
-0.05939763 -0.4687328 1.992768
0.08825113 0.08109923 1.557431
-0.04747114 -0.7497366 2.000327
0.1362308 0.009792775 1.229234
-0.1090692 -0.8317627 1.925283
0.1739199 0.02846826 1.094991
9
-0.06795679 -0.0488204 2.043577
-0.1574851 -0.04995915 2.002588
0.02321047 -0.045934 2.000292
-0.06041628 -0.4690152 1.988091
0.08899289 0.08743871 1.558066
-0.04662803 -0.7501764 1.998224
0.1376977 0.01385561 1.22381
-0.108587 -0.831847 1.924904
0.1733524 0.04955029 1.093868
9
-0.06795679 -0.0488204 2.043577
-0.1574851 -0.04995915 2.002588
0.02321047 -0.045934 2.000292
-0.06041628 -0.4690152 1.988091
0.08899289 0.08743871 1.558066
-0.04662803 -0.7501764 1.998224
0.1376977 0.01385561 1.22381
-0.108587 -0.831847 1.924904
0.1733524 0.04955029 1.093868
9
-0.06971449 -0.04918947 2.04164
-0.1588695 -0.04978049 2.001261
0.0214694 -0.04690945 1.997707
-0.0608697 -0.4687731 1.985358
0.08989857 0.08921134 1.556755
-0.04635754 -0.7496592 1.997191
0.1390221 0.01537211 1.219442
-0.1080208 -0.8324016 1.926278
0.1755071 0.05338121 1.090916
9
-0.06971449 -0.04918947 2.04164
-0.1588695 -0.04978049 2.001261
0.0214694 -0.04690945 1.997707
-0.0608697 -0.4687731 1.985358
0.08989857 0.08921134 1.556755
-0.04635754 -0.7496592 1.997191
0.1390221 0.01537211 1.219442
-0.1080208 -0.8324016 1.926278
0.1755071 0.05338121 1.090916
9
-0.06971449 -0.04918947 2.04164
-0.1588695 -0.04978049 2.001261
0.0214694 -0.04690945 1.997707
-0.0608697 -0.4687731 1.985358
0.08989857 0.08921134 1.556755
-0.04635754 -0.7496592 1.997191
0.1390221 0.01537211 1.219442
-0.1080208 -0.8324016 1.926278
0.1755071 0.05338121 1.090916
9
-0.06971449 -0.04918947 2.04164
-0.1588695 -0.04978049 2.001261
0.0214694 -0.04690945 1.997707
-0.0608697 -0.4687731 1.985358
0.08989857 0.08921134 1.556755
-0.04635754 -0.7496592 1.997191
0.1390221 0.01537211 1.219442
-0.1080208 -0.8324016 1.926278
0.1755071 0.05338121 1.090916
9
-0.06971449 -0.04918947 2.04164
-0.1588695 -0.04978049 2.001261
0.0214694 -0.04690945 1.997707
-0.0608697 -0.4687731 1.985358
0.08989857 0.08921134 1.556755
-0.04635754 -0.7496592 1.997191
0.1390221 0.01537211 1.219442
-0.1080208 -0.8324016 1.926278
0.1755071 0.05338121 1.090916
9
-0.07227307 -0.05069113 2.038674
-0.1614575 -0.04918054 1.998349
0.01895793 -0.05103345 1.994237
-0.06074309 -0.4673708 1.985052
0.09483645 0.04661416 1.544133
-0.0462012 -0.7481538 1.996524
0.1438864 -0.03015506 1.206283
-0.1082723 -0.832301 1.925648
0.2003211 -0.01574501 1.082233
9
-0.07222678 -0.05312842 2.036285
-0.161124 -0.05020995 1.995715
0.01893391 -0.05489488 1.99222
-0.06067509 -0.4682533 1.984443
0.1021603 -0.005219719 1.535461
-0.04613001 -0.7481958 1.996322
0.1795726 -0.1004722 1.163428
-0.1085246 -0.833384 1.924864
0.2522709 -0.0676387 1.061521
