40
9
0.000314152 -0.005508516 2.038424
-0.0740791 -0.01741713 2.018556
0.07459595 0.006609803 1.980389
-0.06223539 -0.3940545 1.998905
0.1283835 -0.3575236 1.776736
-0.02157968 -0.7547376 2.023384
0.1901083 -0.6821973 1.745109
-0.06035456 -0.8298561 1.958961
0.1798929 -0.7349815 1.634389
9
0.000314152 -0.005508516 2.038424
-0.0740791 -0.01741713 2.018556
0.07459595 0.006609803 1.980389
-0.06223539 -0.3940545 1.998905
0.1283835 -0.3575236 1.776736
-0.02157968 -0.7547376 2.023384
0.1901083 -0.6821973 1.745109
-0.06035456 -0.8298561 1.958961
0.1798929 -0.7349815 1.634389
9
-0.005622422 -0.005183487 2.039138
-0.08063547 -0.01733483 2.019355
0.06955682 0.007135702 1.981019
-0.06171252 -0.3970291 1.998863
0.1132954 -0.3423368 1.725257
-0.02177471 -0.7548148 2.023983
0.1655814 -0.6317345 1.657717
-0.06033739 -0.8297361 1.958681
0.1506616 -0.6702073 1.536683
9
-0.005622422 -0.005183487 2.039138
-0.08063547 -0.01733483 2.019355
0.06955682 0.007135702 1.981019
-0.06171252 -0.3970291 1.998863
0.1132954 -0.3423368 1.725257
-0.02177471 -0.7548148 2.023983
0.1655814 -0.6317345 1.657717
-0.06033739 -0.8297361 1.958681
0.1506616 -0.6702073 1.536683
9
-0.00959467 -0.003886496 2.039076
-0.0856929 -0.01654659 2.019365
0.06661735 0.008819167 1.980898
-0.05588797 -0.4121587 2.000953
0.0969108 -0.2925562 1.687418
-0.02222149 -0.7546726 2.024273
0.137839 -0.5681908 1.563992
-0.06038783 -0.8296323 1.958569
0.1184692 -0.5893555 1.43457
9
-0.00959467 -0.003886496 2.039076
-0.0856929 -0.01654659 2.019365
0.06661735 0.008819167 1.980898
-0.05588797 -0.4121587 2.000953
0.0969108 -0.2925562 1.687418
-0.02222149 -0.7546726 2.024273
0.137839 -0.5681908 1.563992
-0.06038783 -0.8296323 1.958569
0.1184692 -0.5893555 1.43457
9
-0.02030979 -6.656924E-05 2.043196
-0.09712699 -0.01520928 2.021791
0.05665026 0.0154267 1.987065
-0.05416152 -0.4172286 2.001468
0.08560711 -0.2427213 1.644664
-0.02255522 -0.7532824 2.025517
0.1059936 -0.5080687 1.45663
-0.06021711 -0.8282027 1.958981
0.0793457 -0.5249023 1.290039
9
-0.02030979 -6.656924E-05 2.043196
-0.09712699 -0.01520928 2.021791
0.05665026 0.0154267 1.987065
-0.05416152 -0.4172286 2.001468
0.08560711 -0.2427213 1.644664
-0.02255522 -0.7532824 2.025517
0.1059936 -0.5080687 1.45663
-0.06021711 -0.8282027 1.958981
0.0793457 -0.5249023 1.290039
9
-0.02963514 0.003169544 2.046142
-0.1076861 -0.01263666 2.02412
0.04927559 0.01891998 1.990339
-0.07198133 -0.3662911 1.99695
0.07162677 -0.1829412 1.611697
-0.03074243 -0.7537463 2.02762
0.07237104 -0.4866545 1.32952
-0.0591197 -0.8306932 1.957256
0.04932445 -0.4177909 1.212622
9
-0.02963514 0.003169544 2.046142
-0.1076861 -0.01263666 2.02412
0.04927559 0.01891998 1.990339
-0.07198133 -0.3662911 1.99695
0.07162677 -0.1829412 1.611697
-0.03074243 -0.7537463 2.02762
0.07237104 -0.4866545 1.32952
-0.0591197 -0.8306932 1.957256
0.04932445 -0.4177909 1.212622
9
-0.04182665 0.007093389 2.048676
-0.1246342 -0.006781968 2.027375
0.04169081 0.02111777 1.99217
-0.07625185 -0.3472445 1.982023
0.06101208 -0.1167928 1.592365
-0.03031516 -0.7457633 2.016401
0.07388674 -0.3259303 1.326823
-0.05837022 -0.8275769 1.962383
0.01523878 -0.3044544 1.166467
9
-0.04182665 0.007093389 2.048676
-0.1246342 -0.006781968 2.027375
0.04169081 0.02111777 1.99217
-0.07625185 -0.3472445 1.982023
0.06101208 -0.1167928 1.592365
-0.03031516 -0.7457633 2.016401
0.07388674 -0.3259303 1.326823
-0.05837022 -0.8275769 1.962383
0.01523878 -0.3044544 1.166467
9
-0.04182665 0.007093389 2.048676
-0.1246342 -0.006781968 2.027375
0.04169081 0.02111777 1.99217
-0.07625185 -0.3472445 1.982023
0.06101208 -0.1167928 1.592365
-0.03031516 -0.7457633 2.016401
0.07388674 -0.3259303 1.326823
-0.05837022 -0.8275769 1.962383
0.01523878 -0.3044544 1.166467
9
-0.04182665 0.007093389 2.048676
-0.1246342 -0.006781968 2.027375
0.04169081 0.02111777 1.99217
-0.07625185 -0.3472445 1.982023
0.06101208 -0.1167928 1.592365
-0.03031516 -0.7457633 2.016401
0.07388674 -0.3259303 1.326823
-0.05837022 -0.8275769 1.962383
0.01523878 -0.3044544 1.166467
9
-0.05116914 0.009013156 2.048575
-0.1394961 -0.003868354 2.028788
0.03729654 0.02203782 1.991222
-0.07519514 -0.3419314 1.982601
0.03183898 -0.02797349 1.536854
-0.02694535 -0.7404344 2.015386
0.01706782 -0.2805492 1.207909
-0.05507806 -0.8224235 1.961879
-0.03951135 -0.1621653 1.1124
9
-0.05116914 0.009013156 2.048575
-0.1394961 -0.003868354 2.028788
0.03729654 0.02203782 1.991222
-0.07519514 -0.3419314 1.982601
0.03183898 -0.02797349 1.536854
-0.02694535 -0.7404344 2.015386
0.01706782 -0.2805492 1.207909
-0.05507806 -0.8224235 1.961879
-0.03951135 -0.1621653 1.1124
9
-0.08824264 0.01449326 2.060949
-0.1866785 0.01046325 2.047127
0.01268805 0.02039621 1.997936
-0.07764586 -0.3164274 2.019526
0.03028237 0.0350273 1.57689
-0.01439176 -0.7155613 2.024507
0.02041913 -0.1626717 1.213439
-0.05050614 -0.8060139 1.963338
-0.05076063 -0.07870537 1.089703
9
-0.08824264 0.01449326 2.060949
-0.1866785 0.01046325 2.047127
0.01268805 0.02039621 1.997936
-0.07764586 -0.3164274 2.019526
0.03028237 0.0350273 1.57689
-0.01439176 -0.7155613 2.024507
0.02041913 -0.1626717 1.213439
-0.05050614 -0.8060139 1.963338
-0.05076063 -0.07870537 1.089703
9
-0.09107334 0.01802662 2.061451
-0.1902524 0.01443405 2.047331
0.01120389 0.02232185 1.998314
-0.04264452 -0.4276835 2.015221
0.01951663 0.05438176 1.56372
-0.04205211 -0.7245052 2.023124
0.01027997 -0.158532 1.208718
-0.06385504 -0.7507552 1.877634
-0.05103245 -0.05655561 1.097016
9
-0.09107334 0.01802662 2.061451
-0.1902524 0.01443405 2.047331
0.01120389 0.02232185 1.998314
-0.04264452 -0.4276835 2.015221
0.01951663 0.05438176 1.56372
-0.04205211 -0.7245052 2.023124
0.01027997 -0.158532 1.208718
-0.06385504 -0.7507552 1.877634
-0.05103245 -0.05655561 1.097016
9
-0.08242593 0.02790175 2.05458
-0.183977 0.01966231 2.040582
0.02277014 0.03696655 1.991044
-0.03202681 -0.4211524 2.008202
0.01008996 0.0843767 1.574244
-0.02999057 -0.7388821 2.022342
0.008316299 -0.08820317 1.21166
-0.05182659 -0.8195905 1.956864
-0.06602988 -0.01937121 1.080176
9
-0.08242593 0.02790175 2.05458
-0.183977 0.01966231 2.040582
0.02277014 0.03696655 1.991044
-0.03202681 -0.4211524 2.008202
0.01008996 0.0843767 1.574244
-0.02999057 -0.7388821 2.022342
0.008316299 -0.08820317 1.21166
-0.05182659 -0.8195905 1.956864
-0.06602988 -0.01937121 1.080176
9
0.04012506 0.04213297 1.991132
-0.05073123 0.03201471 1.974035
0.1295035 0.0506121 1.930295
-0.02773658 -0.4258837 2.004753
0.00779073 0.09668345 1.575974
-0.02979437 -0.7400786 2.021618
-0.01549594 -0.1091775 1.217793
-0.05274843 -0.820725 1.956891
-0.06508365 -0.01663896 1.089622
9
0.04012506 0.04213297 1.991132
-0.05073123 0.03201471 1.974035
0.1295035 0.0506121 1.930295
-0.02773658 -0.4258837 2.004753
0.00779073 0.09668345 1.575974
-0.02979437 -0.7400786 2.021618
-0.01549594 -0.1091775 1.217793
-0.05274843 -0.820725 1.956891
-0.06508365 -0.01663896 1.089622
9
0.04012506 0.04213297 1.991132
-0.05073123 0.03201471 1.974035
0.1295035 0.0506121 1.930295
-0.02773658 -0.4258837 2.004753
0.00779073 0.09668345 1.575974
-0.02979437 -0.7400786 2.021618
-0.01549594 -0.1091775 1.217793
-0.05274843 -0.820725 1.956891
-0.06508365 -0.01663896 1.089622
9
0.0393174 0.04146491 1.991718
-0.05139119 0.03151762 1.974642
0.1285576 0.04977307 1.930858
-0.02799846 -0.42411 2.002641
0.00683941 0.09824552 1.576888
-0.02674524 -0.7512688 2.017884
-0.01416247 -0.07083429 1.200402
-0.05838198 -0.8308889 1.959473
-0.07526472 2.892161E-05 1.072718
9
0.03343618 0.03662152 1.994835
-0.05717397 0.02660168 1.97878
0.1227706 0.04515174 1.933037
-0.02795616 -0.4242831 2.002287
0.003720752 0.09943583 1.579035
-0.02631029 -0.7484819 2.01645
-0.01686933 -0.06776457 1.201723
-0.05607557 -0.8283702 1.956467
-0.07840471 -0.004883868 1.073569
9
0.03343618 0.03662152 1.994835
-0.05717397 0.02660168 1.97878
0.1227706 0.04515174 1.933037
-0.02795616 -0.4242831 2.002287
0.003720752 0.09943583 1.579035
-0.02631029 -0.7484819 2.01645
-0.01686933 -0.06776457 1.201723
-0.05607557 -0.8283702 1.956467
-0.07840471 -0.004883868 1.073569
9
0.02427599 0.02730465 1.998384
-0.06699231 0.0169347 1.983384
0.1146344 0.03658099 1.935557
-0.02533453 -0.4329158 2.003186
0.006747431 0.08133691 1.574159
-0.02596308 -0.747795 2.01615
-0.01485783 -0.1226094 1.214747
-0.04530917 -0.7720684 1.869736
-0.08186114 -0.04411317 1.084834
9
0.02427599 0.02730465 1.998384
-0.06699231 0.0169347 1.983384
0.1146344 0.03658099 1.935557
-0.02533453 -0.4329158 2.003186
0.006747431 0.08133691 1.574159
-0.02596308 -0.747795 2.01615
-0.01485783 -0.1226094 1.214747
-0.04530917 -0.7720684 1.869736
-0.08186114 -0.04411317 1.084834
9
0.02007255 0.02113007 1.998847
-0.07013935 0.01185327 1.983561
0.1094513 0.0294995 1.936302
-0.0188906 -0.4446019 2.010499
-0.006916425 0.01943863 1.499759
-0.03102465 -0.7413492 2.014117
-0.01932493 -0.1610811 1.153992
-0.04997161 -0.7658301 1.867657
-0.08881493 -0.06627518 1.083426
9
0.02007255 0.02113007 1.998847
-0.07013935 0.01185327 1.983561
0.1094513 0.0294995 1.936302
-0.0188906 -0.4446019 2.010499
-0.006916425 0.01943863 1.499759
-0.03102465 -0.7413492 2.014117
-0.01932493 -0.1610811 1.153992
-0.04997161 -0.7658301 1.867657
-0.08881493 -0.06627518 1.083426
9
0.02007255 0.02113007 1.998847
-0.07013935 0.01185327 1.983561
0.1094513 0.0294995 1.936302
-0.0188906 -0.4446019 2.010499
-0.006916425 0.01943863 1.499759
-0.03102465 -0.7413492 2.014117
-0.01932493 -0.1610811 1.153992
-0.04997161 -0.7658301 1.867657
-0.08881493 -0.06627518 1.083426
9
0.01286629 0.01299964 2.016886
-0.06963775 0.006575672 1.988194
0.08635797 0.01912804 1.97954
-0.01635226 -0.45121 2.004172
0.001627806 -0.01550163 1.494023
-0.03395642 -0.7470496 2.015238
-0.04056577 -0.2303455 1.170009
-0.05336756 -0.772433 1.86924
-0.08221401 -0.1372094 1.101699
9
0.01375155 0.01301703 2.017846
-0.06686421 0.005158687 1.989542
0.08824273 0.02035011 1.978423
-0.01318618 -0.453417 1.999031
0.01626895 -0.03222519 1.535393
-0.03388019 -0.7482412 2.017754
0.009603541 -0.3009012 1.218933
-0.05377252 -0.7740045 1.871979
-0.06183608 -0.1910874 1.123639
9
0.01375155 0.01301703 2.017846
-0.06686421 0.005158687 1.989542
0.08824273 0.02035011 1.978423
-0.01318618 -0.453417 1.999031
0.01626895 -0.03222519 1.535393
-0.03388019 -0.7482412 2.017754
0.009603541 -0.3009012 1.218933
-0.05377252 -0.7740045 1.871979
-0.06183608 -0.1910874 1.123639
9
0.0196015 0.01226302 2.024649
-0.05941764 0.002003215 1.995232
0.09409165 0.02170578 1.98183
-0.006638297 -0.457445 1.997227
0.0223047 -0.04745222 1.571298
-0.03748761 -0.7508143 2.020288
0.01527754 -0.3031329 1.244627
-0.05816858 -0.7773712 1.874979
-0.05322266 -0.2507324 1.128906
9
0.0196015 0.01226302 2.024649
-0.05941764 0.002003215 1.995232
0.09409165 0.02170578 1.98183
-0.006638297 -0.457445 1.997227
0.0223047 -0.04745222 1.571298
-0.03748761 -0.7508143 2.020288
0.01527754 -0.3031329 1.244627
-0.05816858 -0.7773712 1.874979
-0.05322266 -0.2507324 1.128906
9
0.0196015 0.01226302 2.024649
-0.05941764 0.002003215 1.995232
0.09409165 0.02170578 1.98183
-0.006638297 -0.457445 1.997227
0.0223047 -0.04745222 1.571298
-0.03748761 -0.7508143 2.020288
0.01527754 -0.3031329 1.244627
-0.05816858 -0.7773712 1.874979
-0.05322266 -0.2507324 1.128906
9
0.0196015 0.01226302 2.024649
-0.05941764 0.002003215 1.995232
0.09409165 0.02170578 1.98183
-0.006638297 -0.457445 1.997227
0.0223047 -0.04745222 1.571298
-0.03748761 -0.7508143 2.020288
0.01527754 -0.3031329 1.244627
-0.05816858 -0.7773712 1.874979
-0.05322266 -0.2507324 1.128906
