40
9
-0.06208507 -0.01590624 2.129832
-0.1357501 -0.02696644 2.10549
0.01418282 -0.003224935 2.077952
-0.118435 -0.4049577 2.094526
0.09581487 -0.3788966 1.93653
-0.0719168 -0.762092 2.123014
0.1448275 -0.7215266 1.967167
-0.1170741 -0.8357303 2.063644
0.1447754 -0.7958984 1.875977
9
-0.06208507 -0.01590624 2.129832
-0.1357501 -0.02696644 2.10549
0.01418282 -0.003224935 2.077952
-0.118435 -0.4049577 2.094526
0.09581487 -0.3788966 1.93653
-0.0719168 -0.762092 2.123014
0.1448275 -0.7215266 1.967167
-0.1170741 -0.8357303 2.063644
0.1447754 -0.7958984 1.875977
9
-0.06280249 -0.01567447 2.130247
-0.1368685 -0.02714772 2.105168
0.01351674 -0.002579123 2.079166
-0.117877 -0.4039482 2.094821
0.1010464 -0.3733827 1.907657
-0.07230163 -0.7618862 2.123533
0.1531471 -0.7146035 1.881059
-0.1167288 -0.8350016 2.061037
0.1475158 -0.773744 1.775633
9
-0.06280249 -0.01567447 2.130247
-0.1368685 -0.02714772 2.105168
0.01351674 -0.002579123 2.079166
-0.117877 -0.4039482 2.094821
0.1010464 -0.3733827 1.907657
-0.07230163 -0.7618862 2.123533
0.1531471 -0.7146035 1.881059
-0.1167288 -0.8350016 2.061037
0.1475158 -0.773744 1.775633
9
-0.06335451 -0.01545076 2.130497
-0.1380831 -0.02776442 2.104774
0.01311763 -0.001441123 2.080057
-0.1165726 -0.4030505 2.094765
0.108107 -0.3433841 1.861147
-0.07344191 -0.7600751 2.124384
0.1617792 -0.6530949 1.78941
-0.1201795 -0.8306605 2.05812
0.1621094 -0.706543 1.649414
9
-0.06335451 -0.01545076 2.130497
-0.1380831 -0.02776442 2.104774
0.01311763 -0.001441123 2.080057
-0.1165726 -0.4030505 2.094765
0.108107 -0.3433841 1.861147
-0.07344191 -0.7600751 2.124384
0.1617792 -0.6530949 1.78941
-0.1201795 -0.8306605 2.05812
0.1621094 -0.706543 1.649414
9
-0.06449961 -0.01437081 2.131076
-0.1393811 -0.027731 2.104541
0.0121615 0.001189223 2.081621
-0.1096601 -0.408704 2.09463
0.1150977 -0.3169138 1.820832
-0.07354064 -0.7598419 2.124469
0.1735999 -0.5878931 1.694941
-0.1201865 -0.8300894 2.057151
0.1687607 -0.619507 1.568453
9
-0.06449961 -0.01437081 2.131076
-0.1393811 -0.027731 2.104541
0.0121615 0.001189223 2.081621
-0.1096601 -0.408704 2.09463
0.1150977 -0.3169138 1.820832
-0.07354064 -0.7598419 2.124469
0.1735999 -0.5878931 1.694941
-0.1201865 -0.8300894 2.057151
0.1687607 -0.619507 1.568453
9
-0.065576 -0.01209638 2.132339
-0.1400436 -0.02740014 2.104331
0.01104692 0.00658444 2.085524
-0.1062355 -0.4117539 2.093982
0.1193615 -0.2780288 1.784207
-0.0736568 -0.7593372 2.124382
0.1764835 -0.5229929 1.609025
-0.1196907 -0.8287982 2.0542
0.1812744 -0.5439453 1.475586
9
-0.065576 -0.01209638 2.132339
-0.1400436 -0.02740014 2.104331
0.01104692 0.00658444 2.085524
-0.1062355 -0.4117539 2.093982
0.1193615 -0.2780288 1.784207
-0.0736568 -0.7593372 2.124382
0.1764835 -0.5229929 1.609025
-0.1196907 -0.8287982 2.0542
0.1812744 -0.5439453 1.475586
9
-0.06560463 -0.01052204 2.133044
-0.1403355 -0.02719367 2.104146
0.01193222 0.009793099 2.087384
-0.1008131 -0.4039855 2.088833
0.1282467 -0.2162789 1.746317
-0.07361253 -0.7600559 2.123315
0.1782547 -0.4277511 1.528142
-0.1191685 -0.8295184 2.05255
0.1554377 -0.4575148 1.381595
9
-0.06560463 -0.01052204 2.133044
-0.1403355 -0.02719367 2.104146
0.01193222 0.009793099 2.087384
-0.1008131 -0.4039855 2.088833
0.1282467 -0.2162789 1.746317
-0.07361253 -0.7600559 2.123315
0.1782547 -0.4277511 1.528142
-0.1191685 -0.8295184 2.05255
0.1554377 -0.4575148 1.381595
9
-0.06593081 -0.00935556 2.133531
-0.1412542 -0.02699875 2.102897
0.01214726 0.0126471 2.090189
-0.09722032 -0.377685 2.081622
0.1224425 -0.1013925 1.74882
-0.07344545 -0.759118 2.121938
0.1639385 -0.3348851 1.498724
-0.1188505 -0.8285218 2.050816
0.1971936 -0.3693551 1.337711
9
-0.06593081 -0.00935556 2.133531
-0.1412542 -0.02699875 2.102897
0.01214726 0.0126471 2.090189
-0.09722032 -0.377685 2.081622
0.1224425 -0.1013925 1.74882
-0.07344545 -0.759118 2.121938
0.1639385 -0.3348851 1.498724
-0.1188505 -0.8285218 2.050816
0.1971936 -0.3693551 1.337711
9
-0.06216321 -0.007120169 2.134337
-0.140166 -0.02680367 2.102272
0.01971118 0.01674549 2.092519
-0.09603076 -0.3733639 2.080245
0.1405935 -0.1381072 1.63704
-0.07272685 -0.7580659 2.121226
0.1948647 -0.2265459 1.272278
-0.1177542 -0.8280402 2.050899
0.1756133 -0.2592975 1.124165
9
-0.06216321 -0.007120169 2.134337
-0.140166 -0.02680367 2.102272
0.01971118 0.01674549 2.092519
-0.09603076 -0.3733639 2.080245
0.1405935 -0.1381072 1.63704
-0.07272685 -0.7580659 2.121226
0.1948647 -0.2265459 1.272278
-0.1177542 -0.8280402 2.050899
0.1756133 -0.2592975 1.124165
9
-0.06975861 -0.004777971 2.127353
-0.1521761 -0.02537685 2.08919
0.01429987 0.01820804 2.087679
-0.09456163 -0.3729413 2.080369
0.09413099 0.002909541 1.718399
-0.07263815 -0.7573677 2.119972
0.1717742 -0.1349551 1.336404
-0.1181986 -0.8281757 2.05176
0.1550423 -0.1698904 1.187371
9
-0.06975861 -0.004777971 2.127353
-0.1521761 -0.02537685 2.08919
0.01429987 0.01820804 2.087679
-0.09456163 -0.3729413 2.080369
0.09413099 0.002909541 1.718399
-0.07263815 -0.7573677 2.119972
0.1717742 -0.1349551 1.336404
-0.1181986 -0.8281757 2.05176
0.1550423 -0.1698904 1.187371
9
-0.06975861 -0.004777971 2.127353
-0.1521761 -0.02537685 2.08919
0.01429987 0.01820804 2.087679
-0.09456163 -0.3729413 2.080369
0.09413099 0.002909541 1.718399
-0.07263815 -0.7573677 2.119972
0.1717742 -0.1349551 1.336404
-0.1181986 -0.8281757 2.05176
0.1550423 -0.1698904 1.187371
9
-0.06975861 -0.004777971 2.127353
-0.1521761 -0.02537685 2.08919
0.01429987 0.01820804 2.087679
-0.09456163 -0.3729413 2.080369
0.09413099 0.002909541 1.718399
-0.07263815 -0.7573677 2.119972
0.1717742 -0.1349551 1.336404
-0.1181986 -0.8281757 2.05176
0.1550423 -0.1698904 1.187371
9
-0.06975861 -0.004777971 2.127353
-0.1521761 -0.02537685 2.08919
0.01429987 0.01820804 2.087679
-0.09456163 -0.3729413 2.080369
0.09413099 0.002909541 1.718399
-0.07263815 -0.7573677 2.119972
0.1717742 -0.1349551 1.336404
-0.1181986 -0.8281757 2.05176
0.1550423 -0.1698904 1.187371
9
-0.1205754 -0.008693333 2.129182
-0.2059518 -0.02282979 2.092563
-0.02990973 0.006415455 2.088063
-0.09374429 -0.3654114 2.076655
0.08424857 0.07694997 1.684216
-0.06680608 -0.7658586 2.108592
0.168898 -0.0138235 1.313987
-0.121844 -0.8341042 2.052039
0.2003174 0.02305603 1.183594
9
-0.1205754 -0.008693333 2.129182
-0.2059518 -0.02282979 2.092563
-0.02990973 0.006415455 2.088063
-0.09374429 -0.3654114 2.076655
0.08424857 0.07694997 1.684216
-0.06680608 -0.7658586 2.108592
0.168898 -0.0138235 1.313987
-0.121844 -0.8341042 2.052039
0.2003174 0.02305603 1.183594
9
-0.1205754 -0.008693333 2.129182
-0.2059518 -0.02282979 2.092563
-0.02990973 0.006415455 2.088063
-0.09374429 -0.3654114 2.076655
0.08424857 0.07694997 1.684216
-0.06680608 -0.7658586 2.108592
0.168898 -0.0138235 1.313987
-0.121844 -0.8341042 2.052039
0.2003174 0.02305603 1.183594
9
-0.1214453 -0.008711362 2.129227
-0.2071012 -0.02230888 2.092438
-0.03098017 0.005745648 2.08829
-0.09277927 -0.3644962 2.073841
0.08397993 0.07711835 1.684764
-0.06374902 -0.7557108 2.104074
0.1815222 0.04767564 1.284556
-0.1094024 -0.8312116 2.05423
0.1709123 0.008182075 1.1347
9
-0.1214453 -0.008711362 2.129227
-0.2071012 -0.02230888 2.092438
-0.03098017 0.005745648 2.08829
-0.09277927 -0.3644962 2.073841
0.08397993 0.07711835 1.684764
-0.06374902 -0.7557108 2.104074
0.1815222 0.04767564 1.284556
-0.1094024 -0.8312116 2.05423
0.1709123 0.008182075 1.1347
9
-0.1214453 -0.008711362 2.129227
-0.2071012 -0.02230888 2.092438
-0.03098017 0.005745648 2.08829
-0.09277927 -0.3644962 2.073841
0.08397993 0.07711835 1.684764
-0.06374902 -0.7557108 2.104074
0.1815222 0.04767564 1.284556
-0.1094024 -0.8312116 2.05423
0.1709123 0.008182075 1.1347
9
-0.1214453 -0.008711362 2.129227
-0.2071012 -0.02230888 2.092438
-0.03098017 0.005745648 2.08829
-0.09277927 -0.3644962 2.073841
0.08397993 0.07711835 1.684764
-0.06374902 -0.7557108 2.104074
0.1815222 0.04767564 1.284556
-0.1094024 -0.8312116 2.05423
0.1709123 0.008182075 1.1347
9
-0.1232625 -0.008934818 2.128209
-0.2095887 -0.02159245 2.091086
-0.03256632 0.004563278 2.087355
-0.09149509 -0.3649517 2.069531
0.08207527 0.08841 1.682632
-0.06340875 -0.7527108 2.102562
0.1752464 0.04724412 1.28245
-0.1059882 -0.8300475 2.054305
0.1862993 0.1072129 1.163403
9
-0.1232625 -0.008934818 2.128209
-0.2095887 -0.02159245 2.091086
-0.03256632 0.004563278 2.087355
-0.09149509 -0.3649517 2.069531
0.08207527 0.08841 1.682632
-0.06340875 -0.7527108 2.102562
0.1752464 0.04724412 1.28245
-0.1059882 -0.8300475 2.054305
0.1862993 0.1072129 1.163403
9
-0.1240237 -0.009225147 2.12675
-0.2107311 -0.02121175 2.089094
-0.03304764 0.003606988 2.086192
-0.09148408 -0.3652169 2.067498
0.08180723 0.08799393 1.683823
-0.06380176 -0.7537678 2.100907
0.1723637 0.0362668 1.28427
-0.1080134 -0.8308482 2.057895
0.1861272 0.1067909 1.163055
9
-0.1240237 -0.009225147 2.12675
-0.2107311 -0.02121175 2.089094
-0.03304764 0.003606988 2.086192
-0.09148408 -0.3652169 2.067498
0.08180723 0.08799393 1.683823
-0.06380176 -0.7537678 2.100907
0.1723637 0.0362668 1.28427
-0.1080134 -0.8308482 2.057895
0.1861272 0.1067909 1.163055
9
-0.1230569 -0.01026186 2.12488
-0.2086078 -0.02305393 2.086256
-0.03280323 0.003076395 2.085123
-0.09032201 -0.36452 2.064409
0.08434749 0.08542953 1.681363
-0.06365683 -0.7500354 2.10018
0.1739524 0.03824548 1.281044
-0.1077688 -0.8287296 2.059498
0.1666225 -0.0006683804 1.130944
9
-0.112766 -0.01177772 2.120303
-0.195191 -0.0256914 2.079942
-0.02572717 0.002431035 2.082266
-0.0902014 -0.3631976 2.061813
0.08710402 0.07304241 1.689873
-0.06215665 -0.7625662 2.101561
0.1737301 0.02718383 1.288771
-0.1135719 -0.8355091 2.058358
0.1657799 -0.0112817 1.138631
9
-0.112766 -0.01177772 2.120303
-0.195191 -0.0256914 2.079942
-0.02572717 0.002431035 2.082266
-0.0902014 -0.3631976 2.061813
0.08710402 0.07304241 1.689873
-0.06215665 -0.7625662 2.101561
0.1737301 0.02718383 1.288771
-0.1135719 -0.8355091 2.058358
0.1657799 -0.0112817 1.138631
9
-0.112766 -0.01177772 2.120303
-0.195191 -0.0256914 2.079942
-0.02572717 0.002431035 2.082266
-0.0902014 -0.3631976 2.061813
0.08710402 0.07304241 1.689873
-0.06215665 -0.7625662 2.101561
0.1737301 0.02718383 1.288771
-0.1135719 -0.8355091 2.058358
0.1657799 -0.0112817 1.138631
9
-0.112766 -0.01177772 2.120303
-0.195191 -0.0256914 2.079942
-0.02572717 0.002431035 2.082266
-0.0902014 -0.3631976 2.061813
0.08710402 0.07304241 1.689873
-0.06215665 -0.7625662 2.101561
0.1737301 0.02718383 1.288771
-0.1135719 -0.8355091 2.058358
0.1657799 -0.0112817 1.138631
9
-0.1006984 -0.01272866 2.118472
-0.1834706 -0.02848224 2.07736
-0.01389883 0.003379025 2.081418
-0.09016006 -0.362087 2.061132
0.115309 -0.0007164527 1.66468
-0.06263994 -0.761513 2.100799
0.1731961 -0.01104145 1.256175
-0.1134675 -0.8348474 2.057926
0.2207031 -0.1071167 1.1875
9
-0.1006984 -0.01272866 2.118472
-0.1834706 -0.02848224 2.07736
-0.01389883 0.003379025 2.081418
-0.09016006 -0.362087 2.061132
0.115309 -0.0007164527 1.66468
-0.06263994 -0.761513 2.100799
0.1731961 -0.01104145 1.256175
-0.1134675 -0.8348474 2.057926
0.2207031 -0.1071167 1.1875
9
-0.09880187 -0.0156317 2.120675
-0.1807688 -0.0310842 2.078475
-0.01291188 -6.672793E-05 2.085268
-0.09004475 -0.3620965 2.061045
0.1154592 -0.02013883 1.699404
-0.06261635 -0.7615607 2.100384
0.1759465 -0.1620151 1.432097
-0.1146715 -0.8340751 2.056763
0.1685936 -0.1956398 1.282185
