40
9
-0.02383103 -0.05702064 1.961079
-0.1058174 -0.06557585 1.930005
0.05891146 -0.04620481 1.907401
-0.02693809 -0.4800526 1.966423
0.1004532 -0.4686704 1.781666
0.02283667 -0.7657655 1.963907
0.1343362 -0.7476134 1.857678
-0.0388962 -0.8145686 1.815268
0.05130476 -0.8167406 1.739469
9
-0.02383103 -0.05702064 1.961079
-0.1058174 -0.06557585 1.930005
0.05891146 -0.04620481 1.907401
-0.02693809 -0.4800526 1.966423
0.1004532 -0.4686704 1.781666
0.02283667 -0.7657655 1.963907
0.1343362 -0.7476134 1.857678
-0.0388962 -0.8145686 1.815268
0.05130476 -0.8167406 1.739469
9
-0.02383103 -0.05702064 1.961079
-0.1058174 -0.06557585 1.930005
0.05891146 -0.04620481 1.907401
-0.02693809 -0.4800526 1.966423
0.1004532 -0.4686704 1.781666
0.02283667 -0.7657655 1.963907
0.1343362 -0.7476134 1.857678
-0.0388962 -0.8145686 1.815268
0.05130476 -0.8167406 1.739469
9
-0.02383103 -0.05702064 1.961079
-0.1058174 -0.06557585 1.930005
0.05891146 -0.04620481 1.907401
-0.02693809 -0.4800526 1.966423
0.1004532 -0.4686704 1.781666
0.02283667 -0.7657655 1.963907
0.1343362 -0.7476134 1.857678
-0.0388962 -0.8145686 1.815268
0.05130476 -0.8167406 1.739469
9
-0.02615952 -0.05613867 1.960385
-0.1079429 -0.06511078 1.929303
0.05657249 -0.04487225 1.90685
-0.0441168 -0.4829192 1.961777
0.08509137 -0.4515025 1.717997
0.02189223 -0.7795367 1.960776
0.1186915 -0.7713078 1.699373
-0.04907487 -0.8158105 1.811368
0.02626163 -0.8351358 1.58848
9
-0.02615952 -0.05613867 1.960385
-0.1079429 -0.06511078 1.929303
0.05657249 -0.04487225 1.90685
-0.0441168 -0.4829192 1.961777
0.08509137 -0.4515025 1.717997
0.02189223 -0.7795367 1.960776
0.1186915 -0.7713078 1.699373
-0.04907487 -0.8158105 1.811368
0.02626163 -0.8351358 1.58848
9
-0.02832072 -0.05501253 1.959604
-0.1105144 -0.06447543 1.928423
0.05486579 -0.04327166 1.906221
-0.04526323 -0.4821713 1.960595
0.07668706 -0.4287568 1.66762
0.01519819 -0.7801793 1.955242
0.1018888 -0.8307083 1.555524
-0.02304621 -0.8106158 1.788759
-0.004836421 -0.8335492 1.551562
9
-0.02832072 -0.05501253 1.959604
-0.1105144 -0.06447543 1.928423
0.05486579 -0.04327166 1.906221
-0.04526323 -0.4821713 1.960595
0.07668706 -0.4287568 1.66762
0.01519819 -0.7801793 1.955242
0.1018888 -0.8307083 1.555524
-0.02304621 -0.8106158 1.788759
-0.004836421 -0.8335492 1.551562
9
-0.03479277 -0.05335663 1.960498
-0.1171828 -0.06300475 1.929171
0.04900282 -0.04149118 1.907372
-0.04721949 -0.4860944 1.95883
0.07045945 -0.3943379 1.615819
0.006719491 -0.7855841 1.947435
0.0809397 -0.8081634 1.587733
-0.03142806 -0.8150094 1.780722
-0.01837149 -0.8030779 1.515835
9
-0.03479277 -0.05335663 1.960498
-0.1171828 -0.06300475 1.929171
0.04900282 -0.04149118 1.907372
-0.04721949 -0.4860944 1.95883
0.07045945 -0.3943379 1.615819
0.006719491 -0.7855841 1.947435
0.0809397 -0.8081634 1.587733
-0.03142806 -0.8150094 1.780722
-0.01837149 -0.8030779 1.515835
9
-0.03973022 -0.05309058 1.961448
-0.1233142 -0.06191919 1.929672
0.0452209 -0.04187325 1.908761
-0.05286519 -0.4801684 1.955703
0.06072497 -0.3493085 1.564431
-0.01226366 -0.7748535 1.94616
0.07269263 -0.7588881 1.60745
-0.04137703 -0.8104049 1.779318
-0.02365934 -0.8462234 1.562827
9
-0.03973022 -0.05309058 1.961448
-0.1233142 -0.06191919 1.929672
0.0452209 -0.04187325 1.908761
-0.05286519 -0.4801684 1.955703
0.06072497 -0.3493085 1.564431
-0.01226366 -0.7748535 1.94616
0.07269263 -0.7588881 1.60745
-0.04137703 -0.8104049 1.779318
-0.02365934 -0.8462234 1.562827
9
-0.04784226 -0.05179442 1.962954
-0.1319146 -0.05884715 1.929336
0.037445 -0.0423006 1.912286
-0.05526828 -0.4770699 1.950665
0.05802652 -0.2811792 1.514118
-0.02650001 -0.7587686 1.945083
0.04984953 -0.6897357 1.569938
-0.04230295 -0.7937003 1.775506
0.02514737 -0.7228362 1.422326
9
-0.04784226 -0.05179442 1.962954
-0.1319146 -0.05884715 1.929336
0.037445 -0.0423006 1.912286
-0.05526828 -0.4770699 1.950665
0.05802652 -0.2811792 1.514118
-0.02650001 -0.7587686 1.945083
0.04984953 -0.6897357 1.569938
-0.04230295 -0.7937003 1.775506
0.02514737 -0.7228362 1.422326
9
-0.04933738 -0.05067561 1.963095
-0.1336929 -0.05587797 1.929198
0.03622331 -0.04230983 1.912617
-0.0688107 -0.5183698 1.958063
0.05052939 -0.2142206 1.479516
-0.04915704 -0.8672573 1.81825
0.03735075 -0.623902 1.53459
-0.06313851 -0.8606905 1.641026
0.01240099 -0.6580418 1.386636
9
-0.04933738 -0.05067561 1.963095
-0.1336929 -0.05587797 1.929198
0.03622331 -0.04230983 1.912617
-0.0688107 -0.5183698 1.958063
0.05052939 -0.2142206 1.479516
-0.04915704 -0.8672573 1.81825
0.03735075 -0.623902 1.53459
-0.06313851 -0.8606905 1.641026
0.01240099 -0.6580418 1.386636
9
-0.04933738 -0.05067561 1.963095
-0.1336929 -0.05587797 1.929198
0.03622331 -0.04230983 1.912617
-0.0688107 -0.5183698 1.958063
0.05052939 -0.2142206 1.479516
-0.04915704 -0.8672573 1.81825
0.03735075 -0.623902 1.53459
-0.06313851 -0.8606905 1.641026
0.01240099 -0.6580418 1.386636
9
-0.04933738 -0.05067561 1.963095
-0.1336929 -0.05587797 1.929198
0.03622331 -0.04230983 1.912617
-0.0688107 -0.5183698 1.958063
0.05052939 -0.2142206 1.479516
-0.04915704 -0.8672573 1.81825
0.03735075 -0.623902 1.53459
-0.06313851 -0.8606905 1.641026
0.01240099 -0.6580418 1.386636
9
-0.04933738 -0.05067561 1.963095
-0.1336929 -0.05587797 1.929198
0.03622331 -0.04230983 1.912617
-0.0688107 -0.5183698 1.958063
0.05052939 -0.2142206 1.479516
-0.04915704 -0.8672573 1.81825
0.03735075 -0.623902 1.53459
-0.06313851 -0.8606905 1.641026
0.01240099 -0.6580418 1.386636
9
-0.04933738 -0.05067561 1.963095
-0.1336929 -0.05587797 1.929198
0.03622331 -0.04230983 1.912617
-0.0688107 -0.5183698 1.958063
0.05052939 -0.2142206 1.479516
-0.04915704 -0.8672573 1.81825
0.03735075 -0.623902 1.53459
-0.06313851 -0.8606905 1.641026
0.01240099 -0.6580418 1.386636
9
-0.04933738 -0.05067561 1.963095
-0.1336929 -0.05587797 1.929198
0.03622331 -0.04230983 1.912617
-0.0688107 -0.5183698 1.958063
0.05052939 -0.2142206 1.479516
-0.04915704 -0.8672573 1.81825
0.03735075 -0.623902 1.53459
-0.06313851 -0.8606905 1.641026
0.01240099 -0.6580418 1.386636
9
-0.04933738 -0.05067561 1.963095
-0.1336929 -0.05587797 1.929198
0.03622331 -0.04230983 1.912617
-0.0688107 -0.5183698 1.958063
0.05052939 -0.2142206 1.479516
-0.04915704 -0.8672573 1.81825
0.03735075 -0.623902 1.53459
-0.06313851 -0.8606905 1.641026
0.01240099 -0.6580418 1.386636
9
-0.04933738 -0.05067561 1.963095
-0.1336929 -0.05587797 1.929198
0.03622331 -0.04230983 1.912617
-0.0688107 -0.5183698 1.958063
0.05052939 -0.2142206 1.479516
-0.04915704 -0.8672573 1.81825
0.03735075 -0.623902 1.53459
-0.06313851 -0.8606905 1.641026
0.01240099 -0.6580418 1.386636
9
-0.04933738 -0.05067561 1.963095
-0.1336929 -0.05587797 1.929198
0.03622331 -0.04230983 1.912617
-0.0688107 -0.5183698 1.958063
0.05052939 -0.2142206 1.479516
-0.04915704 -0.8672573 1.81825
0.03735075 -0.623902 1.53459
-0.06313851 -0.8606905 1.641026
0.01240099 -0.6580418 1.386636
9
-0.04933738 -0.05067561 1.963095
-0.1336929 -0.05587797 1.929198
0.03622331 -0.04230983 1.912617
-0.0688107 -0.5183698 1.958063
0.05052939 -0.2142206 1.479516
-0.04915704 -0.8672573 1.81825
0.03735075 -0.623902 1.53459
-0.06313851 -0.8606905 1.641026
0.01240099 -0.6580418 1.386636
9
-0.04933738 -0.05067561 1.963095
-0.1336929 -0.05587797 1.929198
0.03622331 -0.04230983 1.912617
-0.0688107 -0.5183698 1.958063
0.05052939 -0.2142206 1.479516
-0.04915704 -0.8672573 1.81825
0.03735075 -0.623902 1.53459
-0.06313851 -0.8606905 1.641026
0.01240099 -0.6580418 1.386636
9
0.01570804 -0.02680488 1.929876
-0.06050863 -0.03551672 1.905279
0.09131695 -0.01691406 1.870257
-0.03624404 -0.4636781 1.903419
0.02399505 0.07561304 1.328956
0.0179191 -0.7432922 1.923991
0.01107135 -0.3393118 1.385384
-0.04110718 -0.8325195 1.856445
-0.01646979 -0.37918 1.236347
9
0.01570804 -0.02680488 1.929876
-0.06050863 -0.03551672 1.905279
0.09131695 -0.01691406 1.870257
-0.03624404 -0.4636781 1.903419
0.02399505 0.07561304 1.328956
0.0179191 -0.7432922 1.923991
0.01107135 -0.3393118 1.385384
-0.04110718 -0.8325195 1.856445
-0.01646979 -0.37918 1.236347
9
0.01441852 -0.02568464 1.929404
-0.06156189 -0.0343752 1.905348
0.089684 -0.0157713 1.869073
-0.03686726 -0.4626471 1.902652
0.02103337 0.07417944 1.325323
0.01786581 -0.7434535 1.923863
-0.0217516 0.02221304 0.9985049
-0.01008154 -0.7783223 1.776511
-0.04845094 -0.02834773 0.8484149
9
0.06036248 -0.0225614 1.942301
-0.009247992 -0.03640815 1.915834
0.1283744 -0.008214105 1.884405
-0.04725311 -0.4650779 1.896969
0.01504341 0.06841432 1.32846
0.0161643 -0.7414795 1.923231
-0.02492948 0.01788406 1.00481
-0.04144287 -0.8393555 1.868164
-0.0524014 -0.03248781 0.854948
9
0.06036248 -0.0225614 1.942301
-0.009247992 -0.03640815 1.915834
0.1283744 -0.008214105 1.884405
-0.04725311 -0.4650779 1.896969
0.01504341 0.06841432 1.32846
0.0161643 -0.7414795 1.923231
-0.02492948 0.01788406 1.00481
-0.04144287 -0.8393555 1.868164
-0.0524014 -0.03248781 0.854948
9
0.05969532 -0.02317328 1.943676
-0.01067912 -0.0368012 1.917658
0.128117 -0.008935513 1.885569
-0.04905363 -0.4657368 1.894414
0.002046807 0.04996558 1.338274
0.01614412 -0.7409712 1.922377
-0.03512596 0.0009601862 1.017736
-0.03376175 -0.8367951 1.868952
-0.06264445 -0.04873943 0.8680073
9
0.05969532 -0.02317328 1.943676
-0.01067912 -0.0368012 1.917658
0.128117 -0.008935513 1.885569
-0.04905363 -0.4657368 1.894414
0.002046807 0.04996558 1.338274
0.01614412 -0.7409712 1.922377
-0.03512596 0.0009601862 1.017736
-0.03376175 -0.8367951 1.868952
-0.06264445 -0.04873943 0.8680073
9
0.05969532 -0.02317328 1.943676
-0.01067912 -0.0368012 1.917658
0.128117 -0.008935513 1.885569
-0.04905363 -0.4657368 1.894414
0.002046807 0.04996558 1.338274
0.01614412 -0.7409712 1.922377
-0.03512596 0.0009601862 1.017736
-0.03376175 -0.8367951 1.868952
-0.06264445 -0.04873943 0.8680073
9
0.03040747 -0.04061519 1.967149
-0.0464316 -0.05100478 1.943674
0.1049305 -0.02848101 1.907053
-0.04162548 -0.4820625 1.887851
-0.06542823 -0.0339615 1.37292
0.01607327 -0.7392433 1.921767
-0.1014594 -0.08255234 1.053877
-0.03041619 -0.8338922 1.86989
0.004499868 -0.006291315 1.078425
9
0.03040747 -0.04061519 1.967149
-0.0464316 -0.05100478 1.943674
0.1049305 -0.02848101 1.907053
-0.04162548 -0.4820625 1.887851
-0.06542823 -0.0339615 1.37292
0.01607327 -0.7392433 1.921767
-0.1014594 -0.08255234 1.053877
-0.03041619 -0.8338922 1.86989
0.004499868 -0.006291315 1.078425
9
0.03040747 -0.04061519 1.967149
-0.0464316 -0.05100478 1.943674
0.1049305 -0.02848101 1.907053
-0.04162548 -0.4820625 1.887851
-0.06542823 -0.0339615 1.37292
0.01607327 -0.7392433 1.921767
-0.1014594 -0.08255234 1.053877
-0.03041619 -0.8338922 1.86989
0.004499868 -0.006291315 1.078425
9
0.03040747 -0.04061519 1.967149
-0.0464316 -0.05100478 1.943674
0.1049305 -0.02848101 1.907053
-0.04162548 -0.4820625 1.887851
-0.06542823 -0.0339615 1.37292
0.01607327 -0.7392433 1.921767
-0.1014594 -0.08255234 1.053877
-0.03041619 -0.8338922 1.86989
0.004499868 -0.006291315 1.078425
9
0.07989691 -0.03847818 1.940998
0.006566609 -0.05373418 1.912889
0.1481904 -0.02179462 1.885779
-0.04928602 -0.4794978 1.900129
0.02793618 0.06914046 1.334828
0.01717557 -0.7370864 1.922059
-0.00825226 0.02038419 1.016093
-0.02598222 -0.8307608 1.871965
-0.03843945 -0.03020165 0.8668551
9
0.07989691 -0.03847818 1.940998
0.006566609 -0.05373418 1.912889
0.1481904 -0.02179462 1.885779
-0.04928602 -0.4794978 1.900129
0.02793618 0.06914046 1.334828
0.01717557 -0.7370864 1.922059
-0.00825226 0.02038419 1.016093
-0.02598222 -0.8307608 1.871965
-0.03843945 -0.03020165 0.8668551
