40
9
-0.04363375 -0.08597667 2.052791
-0.1220111 -0.09100793 2.026249
0.0363774 -0.07676238 1.994498
-0.05359806 -0.6341096 1.998454
0.05012824 -0.5922535 1.924322
-0.08617832 -0.9278943 1.879027
0.09139432 -0.9326594 1.79584
-0.06955934 -0.9417734 1.724624
0.06993456 -0.9323195 1.65891
9
-0.04762418 -0.08159225 2.051045
-0.1263479 -0.0896321 2.024034
0.03265937 -0.068248 1.993434
-0.07482611 -0.6239366 2.001804
0.04738826 -0.5756392 1.897039
-0.08666167 -0.9271228 1.874509
0.08564262 -0.9231433 1.789673
-0.07066564 -0.9403799 1.725837
0.07482448 -0.9362102 1.654539
9
-0.04762418 -0.08159225 2.051045
-0.1263479 -0.0896321 2.024034
0.03265937 -0.068248 1.993434
-0.07482611 -0.6239366 2.001804
0.04738826 -0.5756392 1.897039
-0.08666167 -0.9271228 1.874509
0.08564262 -0.9231433 1.789673
-0.07066564 -0.9403799 1.725837
0.07482448 -0.9362102 1.654539
9
-0.05109308 -0.07928819 2.05095
-0.130836 -0.08864288 2.022609
0.03005 -0.06510472 1.994709
-0.08298365 -0.619014 2.003779
0.0328479 -0.5381277 1.862093
-0.08599202 -0.9273359 1.871267
0.09638339 -0.890767 1.737644
-0.06844242 -0.9377806 1.735711
0.05181314 -0.937223 1.632017
9
-0.05109308 -0.07928819 2.05095
-0.130836 -0.08864288 2.022609
0.03005 -0.06510472 1.994709
-0.08298365 -0.619014 2.003779
0.0328479 -0.5381277 1.862093
-0.08599202 -0.9273359 1.871267
0.09638339 -0.890767 1.737644
-0.06844242 -0.9377806 1.735711
0.05181314 -0.937223 1.632017
9
-0.05649976 -0.0770086 2.053365
-0.1350573 -0.08735631 2.022453
0.02335209 -0.06209251 2.001216
-0.08506942 -0.6166553 2.0055
0.06958532 -0.4397368 1.748957
-0.08803939 -0.9252231 1.869902
0.114272 -0.8604559 1.675416
-0.06879891 -0.9368249 1.734952
0.03197918 -0.9012699 1.60857
9
-0.05649976 -0.0770086 2.053365
-0.1350573 -0.08735631 2.022453
0.02335209 -0.06209251 2.001216
-0.08506942 -0.6166553 2.0055
0.06958532 -0.4397368 1.748957
-0.08803939 -0.9252231 1.869902
0.114272 -0.8604559 1.675416
-0.06879891 -0.9368249 1.734952
0.03197918 -0.9012699 1.60857
9
-0.06007241 -0.07527742 2.054666
-0.1385589 -0.08541846 2.021853
0.01988103 -0.0609544 2.00438
-0.08511741 -0.6164446 2.005989
0.06590877 -0.3940866 1.688844
-0.08797608 -0.9255541 1.866573
0.1261713 -0.7377707 1.55357
-0.06869301 -0.9354498 1.731154
0.06948453 -0.8326265 1.582321
9
-0.06007241 -0.07527742 2.054666
-0.1385589 -0.08541846 2.021853
0.01988103 -0.0609544 2.00438
-0.08511741 -0.6164446 2.005989
0.06590877 -0.3940866 1.688844
-0.08797608 -0.9255541 1.866573
0.1261713 -0.7377707 1.55357
-0.06869301 -0.9354498 1.731154
0.06948453 -0.8326265 1.582321
9
-0.06614828 -0.07316523 2.055039
-0.1453378 -0.08349024 2.020757
0.01520186 -0.05919373 2.005648
-0.08302888 -0.6164764 2.008243
0.06277042 -0.3436444 1.642012
-0.08521557 -0.9267332 1.864534
0.1275099 -0.6346047 1.445655
-0.06824475 -0.9355122 1.728379
0.1148979 -0.6291845 1.286496
9
-0.06614828 -0.07316523 2.055039
-0.1453378 -0.08349024 2.020757
0.01520186 -0.05919373 2.005648
-0.08302888 -0.6164764 2.008243
0.06277042 -0.3436444 1.642012
-0.08521557 -0.9267332 1.864534
0.1275099 -0.6346047 1.445655
-0.06824475 -0.9355122 1.728379
0.1148979 -0.6291845 1.286496
9
-0.06649072 -0.0720131 2.055316
-0.1458639 -0.08262801 2.020205
0.01513574 -0.05742037 2.007085
-0.08010484 -0.6186332 2.011225
0.06231831 -0.2569376 1.587872
-0.05284562 -0.9410441 1.860601
0.1288053 -0.5359743 1.25576
-0.0733455 -0.9306606 1.72235
0.1143329 -0.518492 1.096043
9
-0.06649072 -0.0720131 2.055316
-0.1458639 -0.08262801 2.020205
0.01513574 -0.05742037 2.007085
-0.08010484 -0.6186332 2.011225
0.06231831 -0.2569376 1.587872
-0.05284562 -0.9410441 1.860601
0.1288053 -0.5359743 1.25576
-0.0733455 -0.9306606 1.72235
0.1143329 -0.518492 1.096043
9
-0.07547132 -0.06858196 2.054932
-0.1574346 -0.07817698 2.018039
0.00903269 -0.05540121 2.007706
-0.07872161 -0.6203489 2.012794
0.06157458 -0.1879846 1.562629
-0.07905806 -0.9174736 1.896697
0.09326442 -0.4050443 1.320215
-0.06928858 -0.9283798 1.744875
0.07854266 -0.3925436 1.15898
9
-0.07547132 -0.06858196 2.054932
-0.1574346 -0.07817698 2.018039
0.00903269 -0.05540121 2.007706
-0.07872161 -0.6203489 2.012794
0.06157458 -0.1879846 1.562629
-0.07905806 -0.9174736 1.896697
0.09326442 -0.4050443 1.320215
-0.06928858 -0.9283798 1.744875
0.07854266 -0.3925436 1.15898
9
-0.08123337 -0.06834699 2.055737
-0.1629086 -0.07808063 2.017849
0.003425939 -0.05529323 2.009527
-0.07540278 -0.628335 2.014516
0.05988677 -0.120687 1.549972
-0.05622627 -0.9474407 1.846065
0.09156919 -0.3379224 1.308195
-0.07371154 -0.9298522 1.706912
0.07693818 -0.327079 1.146383
9
-0.08123337 -0.06834699 2.055737
-0.1629086 -0.07808063 2.017849
0.003425939 -0.05529323 2.009527
-0.07540278 -0.628335 2.014516
0.05988677 -0.120687 1.549972
-0.05622627 -0.9474407 1.846065
0.09156919 -0.3379224 1.308195
-0.07371154 -0.9298522 1.706912
0.07693818 -0.327079 1.146383
9
-0.08281474 -0.06758216 2.055671
-0.1644635 -0.07757844 2.017747
0.002018154 -0.0544201 2.009485
-0.07514179 -0.6279172 2.014476
0.06665363 -0.01560401 1.54787
-0.04425374 -0.9680381 1.813575
0.08314245 -0.1019536 1.121034
-0.1021814 -0.8996783 1.706483
0.05410767 -0.1928711 1.121094
9
-0.08281474 -0.06758216 2.055671
-0.1644635 -0.07757844 2.017747
0.002018154 -0.0544201 2.009485
-0.07514179 -0.6279172 2.014476
0.06665363 -0.01560401 1.54787
-0.04425374 -0.9680381 1.813575
0.08314245 -0.1019536 1.121034
-0.1021814 -0.8996783 1.706483
0.05410767 -0.1928711 1.121094
9
-0.08369096 -0.06812267 2.056924
-0.1650171 -0.07704793 2.01906
0.0004581682 -0.05678039 2.011105
-0.07728951 -0.6194181 2.012733
0.06119865 0.07277337 1.566204
-0.0684889 -0.9359319 1.857917
0.07720081 -0.06591495 1.152366
-0.06344958 -0.9381866 1.719047
0.05017434 -0.1933136 1.128174
9
-0.08369096 -0.06812267 2.056924
-0.1650171 -0.07704793 2.01906
0.0004581682 -0.05678039 2.011105
-0.07728951 -0.6194181 2.012733
0.06119865 0.07277337 1.566204
-0.0684889 -0.9359319 1.857917
0.07720081 -0.06591495 1.152366
-0.06344958 -0.9381866 1.719047
0.05017434 -0.1933136 1.128174
9
-0.08871371 -0.07178029 2.060867
-0.1684888 -0.07841228 2.021918
-0.005807203 -0.06308438 2.016033
-0.08985873 -0.5009043 2.008772
0.05566838 0.07328423 1.573326
-0.0689577 -0.9101291 1.873412
0.06740374 -0.06642862 1.159707
-0.06329944 -0.9375336 1.734254
0.04040276 -0.1916605 1.133632
9
-0.08871371 -0.07178029 2.060867
-0.1684888 -0.07841228 2.021918
-0.005807203 -0.06308438 2.016033
-0.08985873 -0.5009043 2.008772
0.05566838 0.07328423 1.573326
-0.0689577 -0.9101291 1.873412
0.06740374 -0.06642862 1.159707
-0.06329944 -0.9375336 1.734254
0.04040276 -0.1916605 1.133632
9
-0.09149987 -0.07249456 2.062538
-0.1714508 -0.0785266 2.024305
-0.008152623 -0.06405953 2.016982
-0.0770151 -0.6241419 2.006278
0.05069203 0.07349373 1.574773
-0.07128087 -0.9331111 1.858896
0.06179633 -0.06712119 1.160854
-0.08112962 -0.9247321 1.700013
0.04781711 0.03140086 1.080873
9
-0.09149987 -0.07249456 2.062538
-0.1714508 -0.0785266 2.024305
-0.008152623 -0.06405953 2.016982
-0.0770151 -0.6241419 2.006278
0.05069203 0.07349373 1.574773
-0.07128087 -0.9331111 1.858896
0.06179633 -0.06712119 1.160854
-0.08112962 -0.9247321 1.700013
0.04781711 0.03140086 1.080873
9
-0.09312158 -0.07258121 2.064369
-0.1729621 -0.07883735 2.027476
-0.009721657 -0.06388511 2.017807
-0.08777263 -0.5043164 2.001216
0.0437398 0.07178058 1.574295
-0.07366125 -0.9139337 1.864289
0.0975282 0.06184042 1.141067
-0.08517822 -0.9226381 1.696815
0.0009049773 0.01856473 1.076747
9
-0.09312158 -0.07258121 2.064369
-0.1729621 -0.07883735 2.027476
-0.009721657 -0.06388511 2.017807
-0.08777263 -0.5043164 2.001216
0.0437398 0.07178058 1.574295
-0.07366125 -0.9139337 1.864289
0.0975282 0.06184042 1.141067
-0.08517822 -0.9226381 1.696815
0.0009049773 0.01856473 1.076747
9
-0.1231907 -0.05622715 2.072098
-0.2120628 -0.05246375 2.043206
-0.0312102 -0.05523456 2.01934
-0.0878157 -0.5043641 2.001253
0.03616259 0.07476531 1.576032
-0.06648663 -0.9113711 1.856756
0.1073571 0.1017731 1.145793
-0.05722027 -0.9515784 1.733589
0.01691662 0.132091 1.057556
9
-0.1231907 -0.05622715 2.072098
-0.2120628 -0.05246375 2.043206
-0.0312102 -0.05523456 2.01934
-0.0878157 -0.5043641 2.001253
0.03616259 0.07476531 1.576032
-0.06648663 -0.9113711 1.856756
0.1073571 0.1017731 1.145793
-0.05722027 -0.9515784 1.733589
0.01691662 0.132091 1.057556
9
-0.1247437 -0.05497293 2.073148
-0.2122454 -0.05208337 2.043437
-0.03397257 -0.05384894 2.020687
-0.08812612 -0.5044673 2.001083
0.03306543 0.07618192 1.577338
-0.06725567 -0.9118495 1.857708
0.120819 0.09979698 1.149823
-0.05998603 -0.9417652 1.728264
0.02199329 0.1211573 1.146013
9
-0.1247437 -0.05497293 2.073148
-0.2122454 -0.05208337 2.043437
-0.03397257 -0.05384894 2.020687
-0.08812612 -0.5044673 2.001083
0.03306543 0.07618192 1.577338
-0.06725567 -0.9118495 1.857708
0.120819 0.09979698 1.149823
-0.05998603 -0.9417652 1.728264
0.02199329 0.1211573 1.146013
9
-0.1255726 -0.05398263 2.073699
-0.2122889 -0.05167187 2.04357
-0.03544663 -0.05276635 2.021339
-0.08829475 -0.5043647 2.001091
0.03103726 0.07626656 1.577605
-0.06672153 -0.9112336 1.856195
0.1203531 0.09962725 1.15039
-0.06023237 -0.9422172 1.727268
0.04486084 0.01238251 1.113281
9
-0.1255726 -0.05398263 2.073699
-0.2122889 -0.05167187 2.04357
-0.03544663 -0.05276635 2.021339
-0.08829475 -0.5043647 2.001091
0.03103726 0.07626656 1.577605
-0.06672153 -0.9112336 1.856195
0.1203531 0.09962725 1.15039
-0.06023237 -0.9422172 1.727268
0.04486084 0.01238251 1.113281
9
-0.1255116 -0.0539071 2.073822
-0.2117748 -0.05156126 2.043818
-0.03546712 -0.0527601 2.02135
-0.08843441 -0.5040869 2.001369
0.03235472 0.0731049 1.576888
-0.07104257 -0.8406757 1.852775
0.1199951 0.08569916 1.148619
-0.08155084 -0.8428223 1.694468
0.02597436 0.1192971 1.068711
9
-0.1255116 -0.0539071 2.073822
-0.2117748 -0.05156126 2.043818
-0.03546712 -0.0527601 2.02135
-0.08843441 -0.5040869 2.001369
0.03235472 0.0731049 1.576888
-0.07104257 -0.8406757 1.852775
0.1199951 0.08569916 1.148619
-0.08155084 -0.8428223 1.694468
0.02597436 0.1192971 1.068711
9
-0.12462 -0.05462239 2.073864
-0.2097675 -0.05269929 2.042749
-0.03480461 -0.05365694 2.021932
-0.08917692 -0.5043631 2.002463
0.0306806 0.06983089 1.576423
-0.06770366 -0.9099264 1.852498
0.08463283 0.05712221 1.143005
-0.05286445 -0.9504462 1.730115
0.0147274 0.1221061 1.057712
9
-0.12462 -0.05462239 2.073864
-0.2097675 -0.05269929 2.042749
-0.03480461 -0.05365694 2.021932
-0.08917692 -0.5043631 2.002463
0.0306806 0.06983089 1.576423
-0.06770366 -0.9099264 1.852498
0.08463283 0.05712221 1.143005
-0.05286445 -0.9504462 1.730115
0.0147274 0.1221061 1.057712
9
-0.1134623 -0.06137682 2.074718
-0.1951511 -0.06191478 2.040504
-0.02616518 -0.05878791 2.024723
-0.08984498 -0.5045589 2.003751
0.03032201 0.07342605 1.580528
-0.07922529 -0.9147758 1.867428
0.07915509 0.1041714 1.147295
-0.05801537 -0.9353234 1.7354
0.03311732 0.007225379 1.087141
9
-0.1134623 -0.06137682 2.074718
-0.1951511 -0.06191478 2.040504
-0.02616518 -0.05878791 2.024723
-0.08984498 -0.5045589 2.003751
0.03032201 0.07342605 1.580528
-0.07922529 -0.9147758 1.867428
0.07915509 0.1041714 1.147295
-0.05801537 -0.9353234 1.7354
0.03311732 0.007225379 1.087141
9
-0.1142457 -0.08005806 2.085824
-0.1970632 -0.07373885 2.049965
-0.02606787 -0.08476101 2.037617
-0.08936685 -0.584582 2.011444
0.04037746 -0.06401633 1.575536
-0.08001591 -0.9218143 1.866593
0.03163518 -0.01089198 1.142081
-0.06445872 -0.9355189 1.731197
0.05357698 -0.1123966 1.096247
