40
9
0.0503024 -0.05283084 1.95158
-0.03463433 -0.05751739 1.915912
0.1328938 -0.04563431 1.904016
0.006640798 -0.4789857 1.943784
0.1692614 -0.4720652 1.801805
0.02881125 -0.7666181 1.95421
0.1783152 -0.7511416 1.852934
-0.03219495 -0.834742 1.818781
0.1674522 -0.821451 1.755523
9
0.05071064 -0.05274491 1.952257
-0.03440353 -0.05776294 1.91586
0.1337645 -0.04465392 1.906494
0.004635841 -0.4783713 1.948956
0.1749998 -0.4655105 1.77331
0.02911304 -0.7665142 1.955187
0.1830412 -0.7381498 1.799489
-0.03658714 -0.8231802 1.81388
0.1198727 -0.8177548 1.675426
9
0.05071064 -0.05274491 1.952257
-0.03440353 -0.05776294 1.91586
0.1337645 -0.04465392 1.906494
0.004635841 -0.4783713 1.948956
0.1749998 -0.4655105 1.77331
0.02911304 -0.7665142 1.955187
0.1830412 -0.7381498 1.799489
-0.03658714 -0.8231802 1.81388
0.1198727 -0.8177548 1.675426
9
0.05071064 -0.05274491 1.952257
-0.03440353 -0.05776294 1.91586
0.1337645 -0.04465392 1.906494
0.004635841 -0.4783713 1.948956
0.1749998 -0.4655105 1.77331
0.02911304 -0.7665142 1.955187
0.1830412 -0.7381498 1.799489
-0.03658714 -0.8231802 1.81388
0.1198727 -0.8177548 1.675426
9
0.0506743 -0.05273062 1.956269
-0.03451401 -0.05806557 1.916291
0.134067 -0.04366714 1.916303
-0.0004055955 -0.4779131 1.954778
0.191997 -0.429668 1.687161
0.02885414 -0.7663088 1.955933
0.2072558 -0.7323459 1.622014
-0.03592776 -0.8144602 1.808705
0.1649786 -0.806757 1.550185
9
0.0506743 -0.05273062 1.956269
-0.03451401 -0.05806557 1.916291
0.134067 -0.04366714 1.916303
-0.0004055955 -0.4779131 1.954778
0.191997 -0.429668 1.687161
0.02885414 -0.7663088 1.955933
0.2072558 -0.7323459 1.622014
-0.03592776 -0.8144602 1.808705
0.1649786 -0.806757 1.550185
9
0.04864269 -0.05159515 1.960006
-0.03538495 -0.05799886 1.916522
0.1309517 -0.04129268 1.924574
-0.0004871253 -0.4777297 1.955263
0.2025208 -0.3888135 1.635711
0.02890228 -0.7657156 1.957334
0.2384654 -0.6809905 1.53151
-0.0415644 -0.8267922 1.822536
0.1697285 -0.7466955 1.508729
9
0.04864269 -0.05159515 1.960006
-0.03538495 -0.05799886 1.916522
0.1309517 -0.04129268 1.924574
-0.0004871253 -0.4777297 1.955263
0.2025208 -0.3888135 1.635711
0.02890228 -0.7657156 1.957334
0.2384654 -0.6809905 1.53151
-0.0415644 -0.8267922 1.822536
0.1697285 -0.7466955 1.508729
9
0.04619276 -0.05022298 1.963662
-0.03842304 -0.0578813 1.918623
0.1295593 -0.03940658 1.927682
2.824843E-05 -0.4778564 1.954904
0.2108501 -0.3344139 1.582218
0.02894475 -0.7646688 1.95717
0.244679 -0.6070294 1.427941
-0.03556798 -0.8116418 1.809076
0.1905737 -0.5129797 1.340337
9
0.04619276 -0.05022298 1.963662
-0.03842304 -0.0578813 1.918623
0.1295593 -0.03940658 1.927682
2.824843E-05 -0.4778564 1.954904
0.2108501 -0.3344139 1.582218
0.02894475 -0.7646688 1.95717
0.244679 -0.6070294 1.427941
-0.03556798 -0.8116418 1.809076
0.1905737 -0.5129797 1.340337
9
0.04360856 -0.04708483 1.967979
-0.04364698 -0.05546764 1.921292
0.1288806 -0.03608545 1.932093
-0.0002777578 -0.4765375 1.950444
0.2381421 -0.1952853 1.508481
0.02838886 -0.7633521 1.955611
0.2571613 -0.3785776 1.3484
-0.03254636 -0.8104736 1.805615
0.2714844 -0.4174805 1.193359
9
0.03945117 -0.04489926 1.96785
-0.05071362 -0.05259036 1.920581
0.1270183 -0.03476576 1.931948
0.001138578 -0.473294 1.947422
0.2254901 -0.1044111 1.481265
0.02799638 -0.7625559 1.954579
0.3005541 -0.3179457 1.11811
-0.02746229 -0.8079266 1.80086
0.2893662 -0.3562737 0.9672404
9
0.03945117 -0.04489926 1.96785
-0.05071362 -0.05259036 1.920581
0.1270183 -0.03476576 1.931948
0.001138578 -0.473294 1.947422
0.2254901 -0.1044111 1.481265
0.02799638 -0.7625559 1.954579
0.3005541 -0.3179457 1.11811
-0.02746229 -0.8079266 1.80086
0.2893662 -0.3562737 0.9672404
9
0.02869368 -0.04236711 1.965465
-0.06344865 -0.04882212 1.91749
0.1190513 -0.03361864 1.929786
0.003226414 -0.4673865 1.945778
0.2121691 -0.07904109 1.474731
0.02752068 -0.7615997 1.95192
0.2745852 -0.2436975 1.238533
-0.02531302 -0.8054699 1.796245
0.3065077 -0.2535805 1.104567
9
-0.01586491 -0.05409039 1.982386
-0.103637 -0.05256362 1.927058
0.0738175 -0.05383552 1.953717
0.0101167 -0.4636065 1.942678
0.2115041 -0.05354093 1.495473
0.03104735 -0.7549229 1.949786
0.2853834 -0.173351 1.209976
-0.04833069 -0.8074157 1.815339
0.2759481 -0.2170288 1.057839
9
-0.01586491 -0.05409039 1.982386
-0.103637 -0.05256362 1.927058
0.0738175 -0.05383552 1.953717
0.0101167 -0.4636065 1.942678
0.2115041 -0.05354093 1.495473
0.03104735 -0.7549229 1.949786
0.2853834 -0.173351 1.209976
-0.04833069 -0.8074157 1.815339
0.2759481 -0.2170288 1.057839
9
-0.01586491 -0.05409039 1.982386
-0.103637 -0.05256362 1.927058
0.0738175 -0.05383552 1.953717
0.0101167 -0.4636065 1.942678
0.2115041 -0.05354093 1.495473
0.03104735 -0.7549229 1.949786
0.2853834 -0.173351 1.209976
-0.04833069 -0.8074157 1.815339
0.2759481 -0.2170288 1.057839
9
-0.01586491 -0.05409039 1.982386
-0.103637 -0.05256362 1.927058
0.0738175 -0.05383552 1.953717
0.0101167 -0.4636065 1.942678
0.2115041 -0.05354093 1.495473
0.03104735 -0.7549229 1.949786
0.2853834 -0.173351 1.209976
-0.04833069 -0.8074157 1.815339
0.2759481 -0.2170288 1.057839
9
-0.01586491 -0.05409039 1.982386
-0.103637 -0.05256362 1.927058
0.0738175 -0.05383552 1.953717
0.0101167 -0.4636065 1.942678
0.2115041 -0.05354093 1.495473
0.03104735 -0.7549229 1.949786
0.2853834 -0.173351 1.209976
-0.04833069 -0.8074157 1.815339
0.2759481 -0.2170288 1.057839
9
-0.01511211 -0.05163688 1.978366
-0.1045197 -0.05249892 1.926587
0.07961172 -0.04464957 1.940209
0.01120534 -0.4634088 1.93986
0.197472 0.06470798 1.502479
0.03170337 -0.7535157 1.948287
0.2721257 -0.07169173 1.21573
-0.03439791 -0.8009191 1.801244
0.3112793 -0.06506348 1.071289
9
-0.01511211 -0.05163688 1.978366
-0.1045197 -0.05249892 1.926587
0.07961172 -0.04464957 1.940209
0.01120534 -0.4634088 1.93986
0.197472 0.06470798 1.502479
0.03170337 -0.7535157 1.948287
0.2721257 -0.07169173 1.21573
-0.03439791 -0.8009191 1.801244
0.3112793 -0.06506348 1.071289
9
-0.01511211 -0.05163688 1.978366
-0.1045197 -0.05249892 1.926587
0.07961172 -0.04464957 1.940209
0.01120534 -0.4634088 1.93986
0.197472 0.06470798 1.502479
0.03170337 -0.7535157 1.948287
0.2721257 -0.07169173 1.21573
-0.03439791 -0.8009191 1.801244
0.3112793 -0.06506348 1.071289
9
-0.01511211 -0.05163688 1.978366
-0.1045197 -0.05249892 1.926587
0.07961172 -0.04464957 1.940209
0.01120534 -0.4634088 1.93986
0.197472 0.06470798 1.502479
0.03170337 -0.7535157 1.948287
0.2721257 -0.07169173 1.21573
-0.03439791 -0.8009191 1.801244
0.3112793 -0.06506348 1.071289
9
-0.01511211 -0.05163688 1.978366
-0.1045197 -0.05249892 1.926587
0.07961172 -0.04464957 1.940209
0.01120534 -0.4634088 1.93986
0.197472 0.06470798 1.502479
0.03170337 -0.7535157 1.948287
0.2721257 -0.07169173 1.21573
-0.03439791 -0.8009191 1.801244
0.3112793 -0.06506348 1.071289
9
-0.01511211 -0.05163688 1.978366
-0.1045197 -0.05249892 1.926587
0.07961172 -0.04464957 1.940209
0.01120534 -0.4634088 1.93986
0.197472 0.06470798 1.502479
0.03170337 -0.7535157 1.948287
0.2721257 -0.07169173 1.21573
-0.03439791 -0.8009191 1.801244
0.3112793 -0.06506348 1.071289
9
-0.01511211 -0.05163688 1.978366
-0.1045197 -0.05249892 1.926587
0.07961172 -0.04464957 1.940209
0.01120534 -0.4634088 1.93986
0.197472 0.06470798 1.502479
0.03170337 -0.7535157 1.948287
0.2721257 -0.07169173 1.21573
-0.03439791 -0.8009191 1.801244
0.3112793 -0.06506348 1.071289
9
-0.01338016 -0.04723827 1.973644
-0.1048781 -0.05162762 1.925985
0.08283323 -0.03834235 1.932815
0.01293604 -0.4627183 1.934639
0.1905839 0.08763197 1.496992
0.03200228 -0.7535309 1.947064
0.2645833 -0.04109557 1.220434
-0.03679155 -0.8015415 1.802034
0.256057 -0.08888333 1.067662
9
-0.01338016 -0.04723827 1.973644
-0.1048781 -0.05162762 1.925985
0.08283323 -0.03834235 1.932815
0.01293604 -0.4627183 1.934639
0.1905839 0.08763197 1.496992
0.03200228 -0.7535309 1.947064
0.2645833 -0.04109557 1.220434
-0.03679155 -0.8015415 1.802034
0.256057 -0.08888333 1.067662
9
-0.01338016 -0.04723827 1.973644
-0.1048781 -0.05162762 1.925985
0.08283323 -0.03834235 1.932815
0.01293604 -0.4627183 1.934639
0.1905839 0.08763197 1.496992
0.03200228 -0.7535309 1.947064
0.2645833 -0.04109557 1.220434
-0.03679155 -0.8015415 1.802034
0.256057 -0.08888333 1.067662
9
-0.01338016 -0.04723827 1.973644
-0.1048781 -0.05162762 1.925985
0.08283323 -0.03834235 1.932815
0.01293604 -0.4627183 1.934639
0.1905839 0.08763197 1.496992
0.03200228 -0.7535309 1.947064
0.2645833 -0.04109557 1.220434
-0.03679155 -0.8015415 1.802034
0.256057 -0.08888333 1.067662
9
-0.01338016 -0.04723827 1.973644
-0.1048781 -0.05162762 1.925985
0.08283323 -0.03834235 1.932815
0.01293604 -0.4627183 1.934639
0.1905839 0.08763197 1.496992
0.03200228 -0.7535309 1.947064
0.2645833 -0.04109557 1.220434
-0.03679155 -0.8015415 1.802034
0.256057 -0.08888333 1.067662
9
-0.01338016 -0.04723827 1.973644
-0.1048781 -0.05162762 1.925985
0.08283323 -0.03834235 1.932815
0.01293604 -0.4627183 1.934639
0.1905839 0.08763197 1.496992
0.03200228 -0.7535309 1.947064
0.2645833 -0.04109557 1.220434
-0.03679155 -0.8015415 1.802034
0.256057 -0.08888333 1.067662
9
-0.01428916 -0.04695869 1.973298
-0.1073192 -0.05204865 1.926365
0.08201529 -0.03786702 1.932458
0.01276598 -0.4624105 1.935642
0.1938532 -0.01033889 1.480194
0.03168182 -0.7519379 1.946962
0.2694727 -0.1518938 1.227262
-0.03045153 -0.8002718 1.798144
0.2596878 -0.196113 1.074802
9
-0.008374839 -0.04433605 1.970951
-0.102349 -0.05210312 1.924435
0.08708239 -0.03334969 1.931174
0.01095194 -0.4635079 1.938724
0.1975524 -0.0630777 1.478743
0.0308117 -0.7518896 1.947154
0.2613695 -0.2459651 1.180835
-0.03632668 -0.7995581 1.800923
0.3209002 -0.2589776 1.065337
9
-0.008374839 -0.04433605 1.970951
-0.102349 -0.05210312 1.924435
0.08708239 -0.03334969 1.931174
0.01095194 -0.4635079 1.938724
0.1975524 -0.0630777 1.478743
0.0308117 -0.7518896 1.947154
0.2613695 -0.2459651 1.180835
-0.03632668 -0.7995581 1.800923
0.3209002 -0.2589776 1.065337
9
-0.008374839 -0.04433605 1.970951
-0.102349 -0.05210312 1.924435
0.08708239 -0.03334969 1.931174
0.01095194 -0.4635079 1.938724
0.1975524 -0.0630777 1.478743
0.0308117 -0.7518896 1.947154
0.2613695 -0.2459651 1.180835
-0.03632668 -0.7995581 1.800923
0.3209002 -0.2589776 1.065337
9
-0.008374839 -0.04433605 1.970951
-0.102349 -0.05210312 1.924435
0.08708239 -0.03334969 1.931174
0.01095194 -0.4635079 1.938724
0.1975524 -0.0630777 1.478743
0.0308117 -0.7518896 1.947154
0.2613695 -0.2459651 1.180835
-0.03632668 -0.7995581 1.800923
0.3209002 -0.2589776 1.065337
9
0.0110031 -0.03451129 1.969141
-0.08876878 -0.05081066 1.91955
0.1133187 -0.01208659 1.935644
0.004856271 -0.4650853 1.944393
0.1949222 -0.1216627 1.489623
0.02993082 -0.7518435 1.947603
0.2637333 -0.3396603 1.350596
-0.03264248 -0.7989892 1.798401
0.2674889 -0.3861399 1.182351
9
0.0110031 -0.03451129 1.969141
-0.08876878 -0.05081066 1.91955
0.1133187 -0.01208659 1.935644
0.004856271 -0.4650853 1.944393
0.1949222 -0.1216627 1.489623
0.02993082 -0.7518435 1.947603
0.2637333 -0.3396603 1.350596
-0.03264248 -0.7989892 1.798401
0.2674889 -0.3861399 1.182351
9
0.01510556 -0.03403442 1.969638
-0.08375812 -0.05178393 1.919248
0.1152551 -0.01172361 1.936305
0.001460449 -0.4669562 1.948179
0.2067776 -0.2115173 1.526358
0.02909422 -0.7520196 1.948299
0.2522773 -0.4214249 1.385328
-0.0449325 -0.8031507 1.808825
0.2484131 -0.4584961 1.25293
