40
9
0.03663367 -0.2301289 2.367225
-0.03854627 -0.2352642 2.359122
0.1104827 -0.2176307 2.298799
-0.01500039 -0.6658276 2.328996
0.09682825 -0.4771937 1.94683
-0.008603384 -0.9852737 2.318982
0.08680791 -0.712467 1.752327
-0.03970515 -1.059275 2.240811
0.06512451 -0.7250977 1.609375
9
0.03742026 -0.2272506 2.365824
-0.03876947 -0.232208 2.357812
0.112476 -0.2147201 2.29716
-0.04503731 -0.5949288 2.315884
0.06752359 -0.3302267 1.920226
0.04954113 -0.9854769 2.305619
0.04627072 -0.5491332 1.618446
-0.01730128 -1.042914 2.237016
-0.007278442 -0.543457 1.460938
9
0.03742026 -0.2272506 2.365824
-0.03876947 -0.232208 2.357812
0.112476 -0.2147201 2.29716
-0.04503731 -0.5949288 2.315884
0.06752359 -0.3302267 1.920226
0.04954113 -0.9854769 2.305619
0.04627072 -0.5491332 1.618446
-0.01730128 -1.042914 2.237016
-0.007278442 -0.543457 1.460938
9
0.03942228 -0.2235158 2.366194
-0.0386857 -0.2300146 2.358103
0.1177307 -0.2088536 2.297683
-0.05045148 -0.5913236 2.317312
0.06298804 -0.2322919 1.931813
0.04559128 -0.9815689 2.305853
0.01916073 -0.4380382 1.576493
-0.0119646 -1.053514 2.274284
-0.03808777 -0.4306821 1.412243
9
0.03942228 -0.2235158 2.366194
-0.0386857 -0.2300146 2.358103
0.1177307 -0.2088536 2.297683
-0.05045148 -0.5913236 2.317312
0.06298804 -0.2322919 1.931813
0.04559128 -0.9815689 2.305853
0.01916073 -0.4380382 1.576493
-0.0119646 -1.053514 2.274284
-0.03808777 -0.4306821 1.412243
9
0.04676572 -0.2202393 2.362385
-0.03403764 -0.2275425 2.355021
0.1268748 -0.2054238 2.293396
-0.05868886 -0.5806671 2.318648
0.03761162 -0.1965618 1.933813
0.04020131 -0.97027 2.309232
-0.001551836 -0.3731064 1.562794
-0.007741753 -1.047977 2.275115
-0.06032988 -0.341941 1.401077
9
0.04676572 -0.2202393 2.362385
-0.03403764 -0.2275425 2.355021
0.1268748 -0.2054238 2.293396
-0.05868886 -0.5806671 2.318648
0.03761162 -0.1965618 1.933813
0.04020131 -0.97027 2.309232
-0.001551836 -0.3731064 1.562794
-0.007741753 -1.047977 2.275115
-0.06032988 -0.341941 1.401077
9
0.04788146 -0.219677 2.362778
-0.0334871 -0.2273387 2.355351
0.128464 -0.2045019 2.293761
0.03085824 -0.6721055 2.299967
0.03642299 -0.1372796 1.941233
0.04369662 -0.9845234 2.308108
-0.01922905 -0.2757165 1.556732
-0.01285786 -1.0571 2.275599
-0.07086191 -0.3143592 1.419292
9
0.04776094 -0.2188194 2.361815
-0.0338517 -0.2265845 2.354703
0.1285309 -0.2035987 2.29237
0.01836564 -0.6568519 2.292971
0.01656809 -0.1405701 1.874937
0.04216659 -0.9837073 2.304866
-0.03709049 -0.247812 1.528153
-0.0119396 -1.057569 2.276908
-0.08845129 -0.2869693 1.390709
9
0.04776094 -0.2188194 2.361815
-0.0338517 -0.2265845 2.354703
0.1285309 -0.2035987 2.29237
0.01836564 -0.6568519 2.292971
0.01656809 -0.1405701 1.874937
0.04216659 -0.9837073 2.304866
-0.03709049 -0.247812 1.528153
-0.0119396 -1.057569 2.276908
-0.08845129 -0.2869693 1.390709
9
0.04776094 -0.2188194 2.361815
-0.0338517 -0.2265845 2.354703
0.1285309 -0.2035987 2.29237
0.01836564 -0.6568519 2.292971
0.01656809 -0.1405701 1.874937
0.04216659 -0.9837073 2.304866
-0.03709049 -0.247812 1.528153
-0.0119396 -1.057569 2.276908
-0.08845129 -0.2869693 1.390709
9
0.04776094 -0.2188194 2.361815
-0.0338517 -0.2265845 2.354703
0.1285309 -0.2035987 2.29237
0.01836564 -0.6568519 2.292971
0.01656809 -0.1405701 1.874937
0.04216659 -0.9837073 2.304866
-0.03709049 -0.247812 1.528153
-0.0119396 -1.057569 2.276908
-0.08845129 -0.2869693 1.390709
9
0.04282358 -0.2184627 2.343956
-0.04381662 -0.2388873 2.332128
0.1264938 -0.1919641 2.2738
-0.005213783 -0.6333699 2.282656
0.01076648 -0.14073 1.86953
0.04032577 -0.9828619 2.300226
-0.06131899 -0.1786671 1.483425
-0.01108129 -1.057612 2.27845
-0.1359863 -0.1903076 1.363281
9
0.04282358 -0.2184627 2.343956
-0.04381662 -0.2388873 2.332128
0.1264938 -0.1919641 2.2738
-0.005213783 -0.6333699 2.282656
0.01076648 -0.14073 1.86953
0.04032577 -0.9828619 2.300226
-0.06131899 -0.1786671 1.483425
-0.01108129 -1.057612 2.27845
-0.1359863 -0.1903076 1.363281
9
0.04196104 -0.2156562 2.328466
-0.04548073 -0.2392596 2.321362
0.1277771 -0.1850881 2.258267
-0.007981208 -0.6285683 2.2813
0.003480863 -0.1431307 1.860919
0.03768859 -0.9841619 2.29459
-0.06679277 -0.1607383 1.490826
-0.01089133 -1.059034 2.280315
-0.137759 -0.1839702 1.363636
9
0.04196104 -0.2156562 2.328466
-0.04548073 -0.2392596 2.321362
0.1277771 -0.1850881 2.258267
-0.007981208 -0.6285683 2.2813
0.003480863 -0.1431307 1.860919
0.03768859 -0.9841619 2.29459
-0.06679277 -0.1607383 1.490826
-0.01089133 -1.059034 2.280315
-0.137759 -0.1839702 1.363636
9
0.01851612 -0.2223921 2.331086
-0.0651198 -0.2416556 2.326959
0.1004498 -0.1968107 2.25796
-0.00903301 -0.6280928 2.280876
-0.05479334 -0.2033076 1.855229
0.03663354 -0.9823633 2.293192
-0.1202132 -0.2075102 1.49888
-0.009448227 -1.058177 2.280474
-0.169575 -0.2464685 1.360973
9
0.01851612 -0.2223921 2.331086
-0.0651198 -0.2416556 2.326959
0.1004498 -0.1968107 2.25796
-0.00903301 -0.6280928 2.280876
-0.05479334 -0.2033076 1.855229
0.03663354 -0.9823633 2.293192
-0.1202132 -0.2075102 1.49888
-0.009448227 -1.058177 2.280474
-0.169575 -0.2464685 1.360973
9
0.01338799 -0.2257652 2.330262
-0.06868835 -0.2427446 2.325782
0.09427702 -0.2026328 2.258056
-0.01003041 -0.6277868 2.280537
-0.05676398 -0.214875 1.850327
0.03630457 -0.9824398 2.292636
-0.122183 -0.2190534 1.493969
-0.00845116 -1.058601 2.281148
-0.1713851 -0.2576813 1.356039
9
0.01338799 -0.2257652 2.330262
-0.06868835 -0.2427446 2.325782
0.09427702 -0.2026328 2.258056
-0.01003041 -0.6277868 2.280537
-0.05676398 -0.214875 1.850327
0.03630457 -0.9824398 2.292636
-0.122183 -0.2190534 1.493969
-0.00845116 -1.058601 2.281148
-0.1713851 -0.2576813 1.356039
9
0.01069697 -0.2274787 2.331483
-0.0703478 -0.2435097 2.326565
0.090932 -0.2049868 2.259747
-0.01029506 -0.6280082 2.280534
-0.06281293 -0.2239826 1.856056
0.03583386 -0.9819002 2.292345
-0.06633514 -0.1804816 1.50393
-0.00707696 -1.058683 2.281853
-0.1436093 -0.1867764 1.36353
9
0.01069697 -0.2274787 2.331483
-0.0703478 -0.2435097 2.326565
0.090932 -0.2049868 2.259747
-0.01029506 -0.6280082 2.280534
-0.06281293 -0.2239826 1.856056
0.03583386 -0.9819002 2.292345
-0.06633514 -0.1804816 1.50393
-0.00707696 -1.058683 2.281853
-0.1436093 -0.1867764 1.36353
9
0.01112038 -0.2302964 2.334235
-0.06966753 -0.2459595 2.328098
0.09116188 -0.2077969 2.264114
-0.01046187 -0.6282472 2.280689
-0.001120055 -0.117591 1.858377
0.03581511 -0.9824514 2.292116
-0.06588866 -0.2123722 1.496808
-0.007648822 -1.059107 2.281089
-0.1519775 -0.2463379 1.373047
9
0.01112038 -0.2302964 2.334235
-0.06966753 -0.2459595 2.328098
0.09116188 -0.2077969 2.264114
-0.01046187 -0.6282472 2.280689
-0.001120055 -0.117591 1.858377
0.03581511 -0.9824514 2.292116
-0.06588866 -0.2123722 1.496808
-0.007648822 -1.059107 2.281089
-0.1519775 -0.2463379 1.373047
9
0.01374742 -0.2344837 2.339943
-0.06588779 -0.2504748 2.332931
0.09276572 -0.211321 2.27073
-0.008277116 -0.634823 2.282045
-0.0001900329 -0.1291624 1.86663
0.03607308 -0.9827281 2.292303
-0.04296924 -0.2383777 1.578018
-0.007965095 -1.058842 2.282303
-0.1149236 -0.2412775 1.421559
9
0.01374742 -0.2344837 2.339943
-0.06588779 -0.2504748 2.332931
0.09276572 -0.211321 2.27073
-0.008277116 -0.634823 2.282045
-0.0001900329 -0.1291624 1.86663
0.03607308 -0.9827281 2.292303
-0.04296924 -0.2383777 1.578018
-0.007965095 -1.058842 2.282303
-0.1149236 -0.2412775 1.421559
9
0.01878434 -0.2327736 2.34033
-0.06131959 -0.2511532 2.333456
0.09929996 -0.2059209 2.270898
0.003513284 -0.6674121 2.290381
-0.02025062 -0.1852202 1.822085
0.0366416 -0.983406 2.292849
-0.04607868 -0.3491094 1.490534
-0.008874025 -1.058946 2.28229
-0.1095075 -0.359714 1.375299
9
0.01878434 -0.2327736 2.34033
-0.06131959 -0.2511532 2.333456
0.09929996 -0.2059209 2.270898
0.003513284 -0.6674121 2.290381
-0.02025062 -0.1852202 1.822085
0.0366416 -0.983406 2.292849
-0.04607868 -0.3491094 1.490534
-0.008874025 -1.058946 2.28229
-0.1095075 -0.359714 1.375299
9
0.03426642 -0.2326834 2.34367
-0.04390176 -0.2547341 2.33747
0.1121301 -0.203123 2.273565
0.02038899 -0.6990087 2.298375
-0.006921827 -0.2578379 1.805193
0.03885359 -0.9937308 2.295311
-0.0236964 -0.3944083 1.529775
-0.01417274 -1.065724 2.282117
-0.08893707 -0.3313035 1.38197
9
0.03426642 -0.2326834 2.34367
-0.04390176 -0.2547341 2.33747
0.1121301 -0.203123 2.273565
0.02038899 -0.6990087 2.298375
-0.006921827 -0.2578379 1.805193
0.03885359 -0.9937308 2.295311
-0.0236964 -0.3944083 1.529775
-0.01417274 -1.065724 2.282117
-0.08893707 -0.3313035 1.38197
9
0.03345167 -0.2324382 2.343739
-0.0448263 -0.2549459 2.337694
0.111042 -0.2022218 2.273445
0.02075531 -0.6990077 2.299508
0.01661967 -0.2167704 1.91566
0.0379103 -0.9938363 2.295685
-0.01618522 -0.4282738 1.562414
-0.01436195 -1.06317 2.292636
-0.07213579 -0.3933421 1.400351
9
0.03345167 -0.2324382 2.343739
-0.0448263 -0.2549459 2.337694
0.111042 -0.2022218 2.273445
0.02075531 -0.6990077 2.299508
0.01661967 -0.2167704 1.91566
0.0379103 -0.9938363 2.295685
-0.01618522 -0.4282738 1.562414
-0.01436195 -1.06317 2.292636
-0.07213579 -0.3933421 1.400351
9
0.03345167 -0.2324382 2.343739
-0.0448263 -0.2549459 2.337694
0.111042 -0.2022218 2.273445
0.02075531 -0.6990077 2.299508
0.01661967 -0.2167704 1.91566
0.0379103 -0.9938363 2.295685
-0.01618522 -0.4282738 1.562414
-0.01436195 -1.06317 2.292636
-0.07213579 -0.3933421 1.400351
9
0.03345167 -0.2324382 2.343739
-0.0448263 -0.2549459 2.337694
0.111042 -0.2022218 2.273445
0.02075531 -0.6990077 2.299508
0.01661967 -0.2167704 1.91566
0.0379103 -0.9938363 2.295685
-0.01618522 -0.4282738 1.562414
-0.01436195 -1.06317 2.292636
-0.07213579 -0.3933421 1.400351
9
0.03345167 -0.2324382 2.343739
-0.0448263 -0.2549459 2.337694
0.111042 -0.2022218 2.273445
0.02075531 -0.6990077 2.299508
0.01661967 -0.2167704 1.91566
0.0379103 -0.9938363 2.295685
-0.01618522 -0.4282738 1.562414
-0.01436195 -1.06317 2.292636
-0.07213579 -0.3933421 1.400351
9
0.03345167 -0.2324382 2.343739
-0.0448263 -0.2549459 2.337694
0.111042 -0.2022218 2.273445
0.02075531 -0.6990077 2.299508
0.01661967 -0.2167704 1.91566
0.0379103 -0.9938363 2.295685
-0.01618522 -0.4282738 1.562414
-0.01436195 -1.06317 2.292636
-0.07213579 -0.3933421 1.400351
9
0.03134494 -0.2292957 2.344374
-0.04989117 -0.2370429 2.339221
0.1096045 -0.2036205 2.273841
-0.07561774 -0.566756 2.304592
0.04647646 -0.421921 1.904157
-0.03874184 -0.8606677 2.302347
0.05492088 -0.6543128 1.664707
-0.1112629 -0.8993511 2.319402
0.01982117 -0.6660156 1.53418
9
0.03134494 -0.2292957 2.344374
-0.04989117 -0.2370429 2.339221
0.1096045 -0.2036205 2.273841
-0.07561774 -0.566756 2.304592
0.04647646 -0.421921 1.904157
-0.03874184 -0.8606677 2.302347
0.05492088 -0.6543128 1.664707
-0.1112629 -0.8993511 2.319402
0.01982117 -0.6660156 1.53418
9
0.02195111 -0.2270635 2.346999
-0.05702318 -0.2321463 2.341612
0.09763011 -0.2098836 2.276672
-0.05073153 -0.6691077 2.317446
0.06681246 -0.5014378 1.90857
-0.003862674 -0.9608027 2.317953
0.06410183 -0.7624301 1.661445
-0.06997257 -1.04713 2.211575
0.01537162 -0.7309095 1.536658
9
0.02195111 -0.2270635 2.346999
-0.05702318 -0.2321463 2.341612
0.09763011 -0.2098836 2.276672
-0.05073153 -0.6691077 2.317446
0.06681246 -0.5014378 1.90857
-0.003862674 -0.9608027 2.317953
0.06410183 -0.7624301 1.661445
-0.06997257 -1.04713 2.211575
0.01537162 -0.7309095 1.536658
