40
9
-0.05449377 -0.01114259 2.162287
-0.1301865 -0.01932491 2.133072
0.02302824 -0.002558786 2.113578
-0.1224585 -0.397446 2.123809
0.09374807 -0.3739214 1.960665
-0.07753038 -0.7617827 2.158576
0.1575756 -0.7227602 2.011202
-0.1200641 -0.839233 2.130371
0.1568317 -0.8005912 1.932317
9
-0.05449377 -0.01114259 2.162287
-0.1301865 -0.01932491 2.133072
0.02302824 -0.002558786 2.113578
-0.1224585 -0.397446 2.123809
0.09374807 -0.3739214 1.960665
-0.07753038 -0.7617827 2.158576
0.1575756 -0.7227602 2.011202
-0.1200641 -0.839233 2.130371
0.1568317 -0.8005912 1.932317
9
-0.06145402 -0.009842861 2.161606
-0.1369797 -0.01928358 2.131734
0.01600062 4.35752E-05 2.113577
-0.1244972 -0.3987665 2.124238
0.09063894 -0.3735161 1.930099
-0.07798894 -0.7616668 2.158799
0.1525821 -0.7043397 1.936934
-0.1214157 -0.8379592 2.136641
0.1488724 -0.7676705 1.835998
9
-0.06628244 -0.008621745 2.161999
-0.1425615 -0.01876879 2.132041
0.01209291 0.001817032 2.114052
-0.1247434 -0.3991711 2.124197
0.08813997 -0.3523091 1.88266
-0.07857201 -0.7614105 2.159297
0.1518576 -0.6656841 1.843203
-0.1138916 -0.8320313 2.060547
0.1488032 -0.7155826 1.729179
9
-0.06628244 -0.008621745 2.161999
-0.1425615 -0.01876879 2.132041
0.01209291 0.001817032 2.114052
-0.1247434 -0.3991711 2.124197
0.08813997 -0.3523091 1.88266
-0.07857201 -0.7614105 2.159297
0.1518576 -0.6656841 1.843203
-0.1138916 -0.8320313 2.060547
0.1488032 -0.7155826 1.729179
9
-0.06628244 -0.008621745 2.161999
-0.1425615 -0.01876879 2.132041
0.01209291 0.001817032 2.114052
-0.1247434 -0.3991711 2.124197
0.08813997 -0.3523091 1.88266
-0.07857201 -0.7614105 2.159297
0.1518576 -0.6656841 1.843203
-0.1138916 -0.8320313 2.060547
0.1488032 -0.7155826 1.729179
9
-0.06924165 -0.007588776 2.16286
-0.1455612 -0.01825468 2.132487
0.009309772 0.003390336 2.115381
-0.1238581 -0.4000148 2.123482
0.08790678 -0.3365885 1.844622
-0.0790819 -0.7612648 2.159689
0.1491594 -0.619565 1.754364
-0.1207392 -0.8390627 2.132331
0.1422511 -0.6543925 1.63023
9
-0.06924165 -0.007588776 2.16286
-0.1455612 -0.01825468 2.132487
0.009309772 0.003390336 2.115381
-0.1238581 -0.4000148 2.123482
0.08790678 -0.3365885 1.844622
-0.0790819 -0.7612648 2.159689
0.1491594 -0.619565 1.754364
-0.1207392 -0.8390627 2.132331
0.1422511 -0.6543925 1.63023
9
-0.07593074 -0.005090027 2.165366
-0.1519608 -0.01714387 2.13342
0.002401371 0.007522434 2.119852
-0.1222522 -0.4004787 2.122813
0.08600013 -0.3173844 1.795833
-0.07962744 -0.7602819 2.159855
0.1552881 -0.5800951 1.655983
-0.120669 -0.8382756 2.133562
0.1349123 -0.5841419 1.522704
9
-0.0788199 -0.003931587 2.166075
-0.1552149 -0.016704 2.133289
-0.0001088593 0.009372375 2.12138
-0.1203269 -0.4025316 2.122586
0.08052395 -0.2580284 1.767758
-0.08153524 -0.7569829 2.159586
0.1363943 -0.4979255 1.583798
-0.1151712 -0.8237085 2.072981
0.1330566 -0.5258789 1.444336
9
-0.0788199 -0.003931587 2.166075
-0.1552149 -0.016704 2.133289
-0.0001088593 0.009372375 2.12138
-0.1203269 -0.4025316 2.122586
0.08052395 -0.2580284 1.767758
-0.08153524 -0.7569829 2.159586
0.1363943 -0.4979255 1.583798
-0.1151712 -0.8237085 2.072981
0.1330566 -0.5258789 1.444336
9
-0.08284032 -0.002575551 2.167417
-0.1599268 -0.01608281 2.133875
-0.003277106 0.0112929 2.123358
-0.1177022 -0.4048296 2.123424
0.07321361 -0.1994678 1.743552
-0.08191876 -0.7567104 2.159704
0.129158 -0.5121138 1.476807
-0.1142137 -0.8234447 2.072211
0.1258455 -0.4458938 1.356267
9
-0.08284032 -0.002575551 2.167417
-0.1599268 -0.01608281 2.133875
-0.003277106 0.0112929 2.123358
-0.1177022 -0.4048296 2.123424
0.07321361 -0.1994678 1.743552
-0.08191876 -0.7567104 2.159704
0.129158 -0.5121138 1.476807
-0.1142137 -0.8234447 2.072211
0.1258455 -0.4458938 1.356267
9
-0.09708944 -0.002387411 2.164896
-0.1738091 -0.01475935 2.129613
-0.01715507 0.01022868 2.122415
-0.1170159 -0.4043706 2.123477
0.0709307 -0.142616 1.71441
-0.08220403 -0.7566661 2.15946
0.1206895 -0.3875988 1.382943
-0.1128513 -0.8234323 2.07098
0.1186493 -0.3746693 1.246124
9
-0.09708944 -0.002387411 2.164896
-0.1738091 -0.01475935 2.129613
-0.01715507 0.01022868 2.122415
-0.1170159 -0.4043706 2.123477
0.0709307 -0.142616 1.71441
-0.08220403 -0.7566661 2.15946
0.1206895 -0.3875988 1.382943
-0.1128513 -0.8234323 2.07098
0.1186493 -0.3746693 1.246124
9
-0.09708944 -0.002387411 2.164896
-0.1738091 -0.01475935 2.129613
-0.01715507 0.01022868 2.122415
-0.1170159 -0.4043706 2.123477
0.0709307 -0.142616 1.71441
-0.08220403 -0.7566661 2.15946
0.1206895 -0.3875988 1.382943
-0.1128513 -0.8234323 2.07098
0.1186493 -0.3746693 1.246124
9
-0.09708944 -0.002387411 2.164896
-0.1738091 -0.01475935 2.129613
-0.01715507 0.01022868 2.122415
-0.1170159 -0.4043706 2.123477
0.0709307 -0.142616 1.71441
-0.08220403 -0.7566661 2.15946
0.1206895 -0.3875988 1.382943
-0.1128513 -0.8234323 2.07098
0.1186493 -0.3746693 1.246124
9
-0.09708944 -0.002387411 2.164896
-0.1738091 -0.01475935 2.129613
-0.01715507 0.01022868 2.122415
-0.1170159 -0.4043706 2.123477
0.0709307 -0.142616 1.71441
-0.08220403 -0.7566661 2.15946
0.1206895 -0.3875988 1.382943
-0.1128513 -0.8234323 2.07098
0.1186493 -0.3746693 1.246124
9
-0.09708944 -0.002387411 2.164896
-0.1738091 -0.01475935 2.129613
-0.01715507 0.01022868 2.122415
-0.1170159 -0.4043706 2.123477
0.0709307 -0.142616 1.71441
-0.08220403 -0.7566661 2.15946
0.1206895 -0.3875988 1.382943
-0.1128513 -0.8234323 2.07098
0.1186493 -0.3746693 1.246124
9
-0.1084834 0.001527822 2.160857
-0.1878443 -0.01073939 2.123934
-0.02562476 0.01374485 2.119769
-0.1125231 -0.377652 2.116609
0.023591 0.01404451 1.697042
-0.08108693 -0.7546993 2.15669
0.1036283 -0.106048 1.309153
-0.1118261 -0.8262561 2.070369
0.08891492 -0.05764838 1.182571
9
-0.1084834 0.001527822 2.160857
-0.1878443 -0.01073939 2.123934
-0.02562476 0.01374485 2.119769
-0.1125231 -0.377652 2.116609
0.023591 0.01404451 1.697042
-0.08108693 -0.7546993 2.15669
0.1036283 -0.106048 1.309153
-0.1118261 -0.8262561 2.070369
0.08891492 -0.05764838 1.182571
9
-0.1125293 0.004995901 2.142315
-0.1902537 -0.007544558 2.108367
-0.03102978 0.01732455 2.098239
-0.1116683 -0.3735897 2.114047
0.01648292 0.02470266 1.686434
-0.0797282 -0.7532347 2.153554
0.1051922 -0.09801913 1.301195
-0.1098607 -0.8249192 2.071235
0.08105397 -0.02558826 1.194157
9
-0.1125293 0.004995901 2.142315
-0.1902537 -0.007544558 2.108367
-0.03102978 0.01732455 2.098239
-0.1116683 -0.3735897 2.114047
0.01648292 0.02470266 1.686434
-0.0797282 -0.7532347 2.153554
0.1051922 -0.09801913 1.301195
-0.1098607 -0.8249192 2.071235
0.08105397 -0.02558826 1.194157
9
-0.1471445 -0.006660069 2.164395
-0.2223851 -0.01394693 2.131647
-0.06703243 0.000482227 2.119544
-0.1119706 -0.370436 2.110493
0.00514202 0.04107316 1.673718
-0.0787113 -0.7519724 2.150635
0.09928425 -0.08123451 1.289635
-0.1081831 -0.8251356 2.07236
0.06283633 0.03858028 1.192225
9
-0.1471445 -0.006660069 2.164395
-0.2223851 -0.01394693 2.131647
-0.06703243 0.000482227 2.119544
-0.1119706 -0.370436 2.110493
0.00514202 0.04107316 1.673718
-0.0787113 -0.7519724 2.150635
0.09928425 -0.08123451 1.289635
-0.1081831 -0.8251356 2.07236
0.06283633 0.03858028 1.192225
9
-0.1471445 -0.006660069 2.164395
-0.2223851 -0.01394693 2.131647
-0.06703243 0.000482227 2.119544
-0.1119706 -0.370436 2.110493
0.00514202 0.04107316 1.673718
-0.0787113 -0.7519724 2.150635
0.09928425 -0.08123451 1.289635
-0.1081831 -0.8251356 2.07236
0.06283633 0.03858028 1.192225
9
-0.1527886 -0.004871964 2.162496
-0.2302912 -0.01244951 2.128161
-0.07059635 0.002452478 2.118782
-0.1144447 -0.3660314 2.105221
-0.006871099 0.06829716 1.687674
-0.07892886 -0.7501966 2.146759
0.08856368 -0.05120862 1.303145
-0.1063203 -0.8255344 2.071571
0.05722351 0.06226909 1.193867
9
-0.1577989 -0.004713692 2.160634
-0.2375947 -0.01106354 2.127892
-0.07380328 0.001776516 2.1156
-0.1159237 -0.3639793 2.102304
-0.0124872 0.0846052 1.694435
-0.07891458 -0.7502928 2.145645
0.08343653 -0.0359604 1.310398
-0.104824 -0.8271757 2.072982
0.05435596 0.074781 1.196855
9
-0.1577989 -0.004713692 2.160634
-0.2375947 -0.01106354 2.127892
-0.07380328 0.001776516 2.1156
-0.1159237 -0.3639793 2.102304
-0.0124872 0.0846052 1.694435
-0.07891458 -0.7502928 2.145645
0.08343653 -0.0359604 1.310398
-0.104824 -0.8271757 2.072982
0.05435596 0.074781 1.196855
9
-0.1608872 -0.004821928 2.159321
-0.2412055 -0.01076626 2.127694
-0.07607442 0.001277177 2.11313
-0.1167412 -0.3614774 2.098952
-0.01615995 0.0954638 1.698012
-0.07939351 -0.7505662 2.144178
0.07981522 -0.02489619 1.313956
-0.1046336 -0.8286964 2.07421
0.05180964 0.08330433 1.196959
9
-0.1608872 -0.004821928 2.159321
-0.2412055 -0.01076626 2.127694
-0.07607442 0.001277177 2.11313
-0.1167412 -0.3614774 2.098952
-0.01615995 0.0954638 1.698012
-0.07939351 -0.7505662 2.144178
0.07981522 -0.02489619 1.313956
-0.1046336 -0.8286964 2.07421
0.05180964 0.08330433 1.196959
9
-0.1624196 -0.005086131 2.158146
-0.2427245 -0.01087721 2.126987
-0.07722294 0.0008690177 2.111513
-0.1148816 -0.3676596 2.096648
-0.02646717 0.105586 1.725622
-0.08002836 -0.7501224 2.143053
0.06954018 -0.01469165 1.341618
-0.1044482 -0.8287533 2.073802
0.05036032 0.08025892 1.207594
9
-0.1624196 -0.005086131 2.158146
-0.2427245 -0.01087721 2.126987
-0.07722294 0.0008690177 2.111513
-0.1148816 -0.3676596 2.096648
-0.02646717 0.105586 1.725622
-0.08002836 -0.7501224 2.143053
0.06954018 -0.01469165 1.341618
-0.1044482 -0.8287533 2.073802
0.05036032 0.08025892 1.207594
9
-0.1624196 -0.005086131 2.158146
-0.2427245 -0.01087721 2.126987
-0.07722294 0.0008690177 2.111513
-0.1148816 -0.3676596 2.096648
-0.02646717 0.105586 1.725622
-0.08002836 -0.7501224 2.143053
0.06954018 -0.01469165 1.341618
-0.1044482 -0.8287533 2.073802
0.05036032 0.08025892 1.207594
9
-0.1624196 -0.005086131 2.158146
-0.2427245 -0.01087721 2.126987
-0.07722294 0.0008690177 2.111513
-0.1148816 -0.3676596 2.096648
-0.02646717 0.105586 1.725622
-0.08002836 -0.7501224 2.143053
0.06954018 -0.01469165 1.341618
-0.1044482 -0.8287533 2.073802
0.05036032 0.08025892 1.207594
9
-0.1731635 -0.007346001 2.159501
-0.2519478 -0.01233926 2.128956
-0.08835862 -0.002086199 2.112216
-0.1164914 -0.3659116 2.09622
-0.02799054 0.09186621 1.734263
-0.08066635 -0.7510096 2.142462
0.06801295 -0.02837192 1.350233
-0.1045274 -0.8298934 2.073478
0.0486667 0.05418413 1.205139
9
-0.1731635 -0.007346001 2.159501
-0.2519478 -0.01233926 2.128956
-0.08835862 -0.002086199 2.112216
-0.1164914 -0.3659116 2.09622
-0.02799054 0.09186621 1.734263
-0.08066635 -0.7510096 2.142462
0.06801295 -0.02837192 1.350233
-0.1045274 -0.8298934 2.073478
0.0486667 0.05418413 1.205139
9
-0.1731635 -0.007346001 2.159501
-0.2519478 -0.01233926 2.128956
-0.08835862 -0.002086199 2.112216
-0.1164914 -0.3659116 2.09622
-0.02799054 0.09186621 1.734263
-0.08066635 -0.7510096 2.142462
0.06801295 -0.02837192 1.350233
-0.1045274 -0.8298934 2.073478
0.0486667 0.05418413 1.205139
9
-0.1628486 -0.01301125 2.162528
-0.2403537 -0.01548945 2.131903
-0.07897695 -0.01047829 2.115568
-0.1170146 -0.365797 2.096472
-0.01084306 0.04998196 1.661868
-0.08035337 -0.7506066 2.142113
0.08529893 -0.07038739 1.277702
-0.1063553 -0.8324561 2.085479
0.04813339 0.04235596 1.176674
9
-0.1628486 -0.01301125 2.162528
-0.2403537 -0.01548945 2.131903
-0.07897695 -0.01047829 2.115568
-0.1170146 -0.365797 2.096472
-0.01084306 0.04998196 1.661868
-0.08035337 -0.7506066 2.142113
0.08529893 -0.07038739 1.277702
-0.1063553 -0.8324561 2.085479
0.04813339 0.04235596 1.176674
