40
9
0.02817282 -0.006748046 2.075202
-0.04840132 -0.01236675 2.050861
0.1034602 -0.0008530582 2.021595
-0.05403771 -0.3878306 2.047886
0.1544557 -0.3584614 1.886943
-0.03251094 -0.7542818 2.077891
0.2384093 -0.7249232 1.970916
-0.07177445 -0.8270901 2.006873
0.2468345 -0.8077021 1.906343
9
0.02817282 -0.006748046 2.075202
-0.04840132 -0.01236675 2.050861
0.1034602 -0.0008530582 2.021595
-0.05403771 -0.3878306 2.047886
0.1544557 -0.3584614 1.886943
-0.03251094 -0.7542818 2.077891
0.2384093 -0.7249232 1.970916
-0.07177445 -0.8270901 2.006873
0.2468345 -0.8077021 1.906343
9
0.02817282 -0.006748046 2.075202
-0.04840132 -0.01236675 2.050861
0.1034602 -0.0008530582 2.021595
-0.05403771 -0.3878306 2.047886
0.1544557 -0.3584614 1.886943
-0.03251094 -0.7542818 2.077891
0.2384093 -0.7249232 1.970916
-0.07177445 -0.8270901 2.006873
0.2468345 -0.8077021 1.906343
9
0.01700145 -0.006811954 2.074167
-0.05921896 -0.01353124 2.050271
0.09248433 0.0001900529 2.020137
-0.05659095 -0.3902899 2.050748
0.1488359 -0.360016 1.86349
-0.03265487 -0.7544217 2.079365
0.2306017 -0.707477 1.901531
-0.07169075 -0.8269256 2.007355
0.2300464 -0.786894 1.826102
9
0.01700145 -0.006811954 2.074167
-0.05921896 -0.01353124 2.050271
0.09248433 0.0001900529 2.020137
-0.05659095 -0.3902899 2.050748
0.1488359 -0.360016 1.86349
-0.03265487 -0.7544217 2.079365
0.2306017 -0.707477 1.901531
-0.07169075 -0.8269256 2.007355
0.2300464 -0.786894 1.826102
9
0.005808647 -0.007050555 2.073118
-0.06986146 -0.01512119 2.049573
0.08111719 0.001345925 2.018734
-0.05899546 -0.3948224 2.052264
0.1373574 -0.3612785 1.822403
-0.03261032 -0.7544677 2.079575
0.2145074 -0.706642 1.800717
-0.0718883 -0.8270149 2.00793
0.2044355 -0.7652149 1.695473
9
-0.001474944 -0.00687523 2.073186
-0.07795285 -0.01584549 2.050128
0.07487178 0.002289437 2.018387
-0.06054514 -0.3989101 2.050552
0.1303888 -0.3513638 1.781258
-0.03267075 -0.7545158 2.079616
0.1945715 -0.6546376 1.704152
-0.07178164 -0.8268392 2.007266
0.1816406 -0.7011719 1.586914
9
-0.001474944 -0.00687523 2.073186
-0.07795285 -0.01584549 2.050128
0.07487178 0.002289437 2.018387
-0.06054514 -0.3989101 2.050552
0.1303888 -0.3513638 1.781258
-0.03267075 -0.7545158 2.079616
0.1945715 -0.6546376 1.704152
-0.07178164 -0.8268392 2.007266
0.1816406 -0.7011719 1.586914
9
-0.001474944 -0.00687523 2.073186
-0.07795285 -0.01584549 2.050128
0.07487178 0.002289437 2.018387
-0.06054514 -0.3989101 2.050552
0.1303888 -0.3513638 1.781258
-0.03267075 -0.7545158 2.079616
0.1945715 -0.6546376 1.704152
-0.07178164 -0.8268392 2.007266
0.1816406 -0.7011719 1.586914
9
-0.008388136 -0.006445845 2.074411
-0.08558203 -0.01586137 2.051603
0.06901728 0.003112084 2.019362
-0.06045144 -0.4009962 2.048719
0.1175931 -0.3342912 1.740916
-0.03313626 -0.75448 2.07952
0.1712904 -0.6065451 1.615867
-0.07197553 -0.8269947 2.00733
0.1482913 -0.6255935 1.486856
9
-0.008388136 -0.006445845 2.074411
-0.08558203 -0.01586137 2.051603
0.06901728 0.003112084 2.019362
-0.06045144 -0.4009962 2.048719
0.1175931 -0.3342912 1.740916
-0.03313626 -0.75448 2.07952
0.1712904 -0.6065451 1.615867
-0.07197553 -0.8269947 2.00733
0.1482913 -0.6255935 1.486856
9
-0.01760714 -0.004230077 2.077026
-0.09332903 -0.0160241 2.052401
0.0580102 0.008477776 2.024437
-0.05647368 -0.41744 2.047453
0.1027962 -0.2778955 1.70409
-0.03326265 -0.7544069 2.07947
0.1503172 -0.5248654 1.528621
-0.07188696 -0.826948 2.007112
0.1187113 -0.5393312 1.399704
9
-0.01760714 -0.004230077 2.077026
-0.09332903 -0.0160241 2.052401
0.0580102 0.008477776 2.024437
-0.05647368 -0.41744 2.047453
0.1027962 -0.2778955 1.70409
-0.03326265 -0.7544069 2.07947
0.1503172 -0.5248654 1.528621
-0.07188696 -0.826948 2.007112
0.1187113 -0.5393312 1.399704
9
-0.02122425 -0.003723329 2.077755
-0.09795936 -0.01648654 2.052534
0.055541 0.009551725 2.025471
-0.05368868 -0.4232547 2.047114
0.09280993 -0.2217371 1.668188
-0.03313487 -0.7549269 2.079157
0.1246331 -0.4662318 1.440261
-0.07211532 -0.827336 2.006897
0.1009499 -0.4643736 1.305957
9
-0.02122425 -0.003723329 2.077755
-0.09795936 -0.01648654 2.052534
0.055541 0.009551725 2.025471
-0.05368868 -0.4232547 2.047114
0.09280993 -0.2217371 1.668188
-0.03313487 -0.7549269 2.079157
0.1246331 -0.4662318 1.440261
-0.07211532 -0.827336 2.006897
0.1009499 -0.4643736 1.305957
9
-0.02949051 -0.003190825 2.079473
-0.1066439 -0.01604142 2.054117
0.04861804 0.009985584 2.027092
-0.05419738 -0.423611 2.046819
0.08072642 -0.1658607 1.635182
-0.03379765 -0.7562683 2.078712
0.1035108 -0.4147956 1.350124
-0.072742 -0.8286592 2.006444
0.06051636 -0.373291 1.203125
9
-0.04062111 -0.003225273 2.080193
-0.1192541 -0.01508395 2.054924
0.03935859 0.009018598 2.027673
-0.06666685 -0.4353588 2.04944
0.06829479 -0.1003631 1.613874
-0.03393855 -0.7554027 2.078703
0.1104338 -0.2700945 1.359454
-0.0727026 -0.8280125 2.00672
0.05214809 -0.277429 1.198353
9
-0.04062111 -0.003225273 2.080193
-0.1192541 -0.01508395 2.054924
0.03935859 0.009018598 2.027673
-0.06666685 -0.4353588 2.04944
0.06829479 -0.1003631 1.613874
-0.03393855 -0.7554027 2.078703
0.1104338 -0.2700945 1.359454
-0.0727026 -0.8280125 2.00672
0.05214809 -0.277429 1.198353
9
-0.05393814 -0.001090087 2.077415
-0.1368696 -0.01062744 2.052614
0.03012263 0.009213187 2.024602
-0.06846448 -0.4432169 2.048218
0.05692047 -0.0439353 1.591504
-0.03571713 -0.7508506 2.073535
0.08021556 -0.1842509 1.317588
-0.07159404 -0.8270255 2.007521
0.02204688 -0.1728918 1.155631
9
-0.05393814 -0.001090087 2.077415
-0.1368696 -0.01062744 2.052614
0.03012263 0.009213187 2.024602
-0.06846448 -0.4432169 2.048218
0.05692047 -0.0439353 1.591504
-0.03571713 -0.7508506 2.073535
0.08021556 -0.1842509 1.317588
-0.07159404 -0.8270255 2.007521
0.02204688 -0.1728918 1.155631
9
-0.05393814 -0.001090087 2.077415
-0.1368696 -0.01062744 2.052614
0.03012263 0.009213187 2.024602
-0.06846448 -0.4432169 2.048218
0.05692047 -0.0439353 1.591504
-0.03571713 -0.7508506 2.073535
0.08021556 -0.1842509 1.317588
-0.07159404 -0.8270255 2.007521
0.02204688 -0.1728918 1.155631
9
-0.0629025 0.00690954 2.081309
-0.1544967 0.001586601 2.060555
0.027528 0.01319597 2.025734
-0.06701402 -0.4406305 2.042223
0.05098373 0.01608603 1.603246
-0.03750616 -0.7451468 2.067651
0.08758201 -0.1060849 1.322365
-0.07076301 -0.8245203 2.008875
0.02386642 -0.09527253 1.162807
9
-0.0629025 0.00690954 2.081309
-0.1544967 0.001586601 2.060555
0.027528 0.01319597 2.025734
-0.06701402 -0.4406305 2.042223
0.05098373 0.01608603 1.603246
-0.03750616 -0.7451468 2.067651
0.08758201 -0.1060849 1.322365
-0.07076301 -0.8245203 2.008875
0.02386642 -0.09527253 1.162807
9
-0.06919093 0.0141968 2.09708
-0.1653968 0.009227235 2.07796
0.02737223 0.01893416 2.038517
-0.06609729 -0.4243334 2.030105
0.04345588 0.05660617 1.564159
-0.03797734 -0.7486972 2.062577
0.08011934 -0.06579682 1.283383
-0.07142557 -0.8287749 2.007584
0.004432738 -0.0350312 1.134026
9
-0.06919093 0.0141968 2.09708
-0.1653968 0.009227235 2.07796
0.02737223 0.01893416 2.038517
-0.06609729 -0.4243334 2.030105
0.04345588 0.05660617 1.564159
-0.03797734 -0.7486972 2.062577
0.08011934 -0.06579682 1.283383
-0.07142557 -0.8287749 2.007584
0.004432738 -0.0350312 1.134026
9
-0.04347697 0.0006071588 2.083599
-0.1272891 -0.0238074 2.056524
0.04508222 0.01805287 2.030313
-0.06373774 -0.4161976 2.027196
0.04256462 0.1035287 1.607058
-0.0370898 -0.7534174 2.059396
0.06894661 -0.008365179 1.297855
-0.07343208 -0.8333624 2.010456
-0.004219234 0.01707353 1.146165
9
-0.04347697 0.0006071588 2.083599
-0.1272891 -0.0238074 2.056524
0.04508222 0.01805287 2.030313
-0.06373774 -0.4161976 2.027196
0.04256462 0.1035287 1.607058
-0.0370898 -0.7534174 2.059396
0.06894661 -0.008365179 1.297855
-0.07343208 -0.8333624 2.010456
-0.004219234 0.01707353 1.146165
9
0.003563502 -0.007990448 2.090466
-0.08300773 -0.02042769 2.069481
0.08906302 0.004580342 2.03322
-0.06184874 -0.4081438 2.02389
0.1376785 -0.05534875 1.582546
-0.03588796 -0.7558476 2.05725
0.03085029 0.01283874 1.189874
-0.07389057 -0.8357725 2.014739
-0.04427966 0.04076606 1.089602
9
0.003563502 -0.007990448 2.090466
-0.08300773 -0.02042769 2.069481
0.08906302 0.004580342 2.03322
-0.06184874 -0.4081438 2.02389
0.1376785 -0.05534875 1.582546
-0.03588796 -0.7558476 2.05725
0.03085029 0.01283874 1.189874
-0.07389057 -0.8357725 2.014739
-0.04427966 0.04076606 1.089602
9
0.004058571 -0.007252635 2.089726
-0.08225186 -0.01949194 2.068832
0.08948649 0.005187725 2.032394
-0.06124068 -0.4064659 2.022502
0.1374979 -0.05429799 1.58176
-0.03588441 -0.7574306 2.05686
0.03066803 0.0138908 1.189086
-0.07565203 -0.8368294 2.022217
-0.04382657 0.04694037 1.090654
9
0.004058571 -0.007252635 2.089726
-0.08225186 -0.01949194 2.068832
0.08948649 0.005187725 2.032394
-0.06124068 -0.4064659 2.022502
0.1374979 -0.05429799 1.58176
-0.03588441 -0.7574306 2.05686
0.03066803 0.0138908 1.189086
-0.07565203 -0.8368294 2.022217
-0.04382657 0.04694037 1.090654
9
0.004271735 -0.007198968 2.090296
-0.08203919 -0.01937756 2.069521
0.08980714 0.005197466 2.032952
-0.06128612 -0.40577 2.022095
0.1376512 -0.05371248 1.582371
-0.03550309 -0.7576853 2.056451
0.03082252 0.01447544 1.189697
-0.07501596 -0.837193 2.021617
-0.04324276 0.04841422 1.091248
9
0.004271735 -0.007198968 2.090296
-0.08203919 -0.01937756 2.069521
0.08980714 0.005197466 2.032952
-0.06128612 -0.40577 2.022095
0.1376512 -0.05371248 1.582371
-0.03550309 -0.7576853 2.056451
0.03082252 0.01447544 1.189697
-0.07501596 -0.837193 2.021617
-0.04324276 0.04841422 1.091248
9
0.005305072 -0.01075386 2.086153
-0.07970073 -0.02424074 2.063498
0.09006219 0.002853194 2.030363
-0.06089284 -0.4044659 2.021443
0.137609 -0.05383053 1.58238
-0.03605845 -0.7577983 2.056307
0.0128529 0.108467 1.222922
-0.07425793 -0.8377326 2.01584
-0.03909591 0.04601436 1.094363
9
0.005305072 -0.01075386 2.086153
-0.07970073 -0.02424074 2.063498
0.09006219 0.002853194 2.030363
-0.06089284 -0.4044659 2.021443
0.137609 -0.05383053 1.58238
-0.03605845 -0.7577983 2.056307
0.0128529 0.108467 1.222922
-0.07425793 -0.8377326 2.01584
-0.03909591 0.04601436 1.094363
9
0.00262149 -0.01634817 2.092671
-0.08371978 -0.0298669 2.072169
0.08858797 -0.00245771 2.035375
-0.06089924 -0.4052718 2.021157
0.03246703 0.09878802 1.583634
-0.03622581 -0.7573744 2.055976
0.01173188 0.02264761 1.178922
-0.07389329 -0.8374848 2.014634
-0.05918295 0.01647216 1.069001
9
0.00262149 -0.01634817 2.092671
-0.08371978 -0.0298669 2.072169
0.08858797 -0.00245771 2.035375
-0.06089924 -0.4052718 2.021157
0.03246703 0.09878802 1.583634
-0.03622581 -0.7573744 2.055976
0.01173188 0.02264761 1.178922
-0.07389329 -0.8374848 2.014634
-0.05918295 0.01647216 1.069001
9
0.00262149 -0.01634817 2.092671
-0.08371978 -0.0298669 2.072169
0.08858797 -0.00245771 2.035375
-0.06089924 -0.4052718 2.021157
0.03246703 0.09878802 1.583634
-0.03622581 -0.7573744 2.055976
0.01173188 0.02264761 1.178922
-0.07389329 -0.8374848 2.014634
-0.05918295 0.01647216 1.069001
9
0.00262149 -0.01634817 2.092671
-0.08371978 -0.0298669 2.072169
0.08858797 -0.00245771 2.035375
-0.06089924 -0.4052718 2.021157
0.03246703 0.09878802 1.583634
-0.03622581 -0.7573744 2.055976
0.01173188 0.02264761 1.178922
-0.07389329 -0.8374848 2.014634
-0.05918295 0.01647216 1.069001
9
0.01524608 -0.006920088 2.079709
-0.06962837 -0.02041199 2.057691
0.09974582 0.006850258 2.023599
-0.07173802 -0.4203766 2.025905
0.04123515 -0.007843986 1.544662
-0.03912818 -0.7461089 2.057505
0.01356502 -0.1004746 1.143436
-0.071686 -0.8279264 2.011482
-0.0245649 -0.1904981 1.098171
