40
9
0.02418905 -0.05880371 1.982735
-0.05972668 -0.06960684 1.946231
0.1070892 -0.04570159 1.934527
-0.001225387 -0.4860601 1.984094
0.1625367 -0.4521416 1.752136
0.03021631 -0.7635884 1.964534
0.1935629 -0.7577781 1.704252
-0.03377798 -0.814268 1.818625
0.1851713 -0.8160859 1.594494
9
0.02418905 -0.05880371 1.982735
-0.05972668 -0.06960684 1.946231
0.1070892 -0.04570159 1.934527
-0.001225387 -0.4860601 1.984094
0.1625367 -0.4521416 1.752136
0.03021631 -0.7635884 1.964534
0.1935629 -0.7577781 1.704252
-0.03377798 -0.814268 1.818625
0.1851713 -0.8160859 1.594494
9
0.02453861 -0.0589215 1.981347
-0.05920541 -0.07003977 1.943801
0.1072734 -0.04561825 1.933983
-0.0007064804 -0.4864254 1.981951
0.1699545 -0.4278272 1.700089
0.02985626 -0.762489 1.962528
0.2033258 -0.7173853 1.653583
-0.03554577 -0.8100395 1.815642
0.1709999 -0.795129 1.580464
9
0.02453861 -0.0589215 1.981347
-0.05920541 -0.07003977 1.943801
0.1072734 -0.04561825 1.933983
-0.0007064804 -0.4864254 1.981951
0.1699545 -0.4278272 1.700089
0.02985626 -0.762489 1.962528
0.2033258 -0.7173853 1.653583
-0.03554577 -0.8100395 1.815642
0.1709999 -0.795129 1.580464
9
0.02337035 -0.05854284 1.981269
-0.06013499 -0.06984306 1.942659
0.1049739 -0.0446558 1.935498
-0.0005136527 -0.4864378 1.979236
0.1809095 -0.395021 1.652872
0.0298541 -0.7625017 1.962483
0.232417 -0.6836205 1.555987
-0.03404279 -0.8074554 1.813309
0.1682432 -0.7528232 1.507975
9
0.02238202 -0.05839184 1.981697
-0.06065711 -0.06936798 1.941814
0.1022889 -0.04503141 1.939021
0.000448617 -0.4861431 1.976694
0.1941267 -0.3422004 1.599339
0.0300846 -0.7625334 1.962299
0.2404602 -0.6176181 1.462124
-0.03378845 -0.8074294 1.813107
0.197876 -0.7016602 1.461914
9
0.02238202 -0.05839184 1.981697
-0.06065711 -0.06936798 1.941814
0.1022889 -0.04503141 1.939021
0.000448617 -0.4861431 1.976694
0.1941267 -0.3422004 1.599339
0.0300846 -0.7625334 1.962299
0.2404602 -0.6176181 1.462124
-0.03378845 -0.8074294 1.813107
0.197876 -0.7016602 1.461914
9
0.02238202 -0.05839184 1.981697
-0.06065711 -0.06936798 1.941814
0.1022889 -0.04503141 1.939021
0.000448617 -0.4861431 1.976694
0.1941267 -0.3422004 1.599339
0.0300846 -0.7625334 1.962299
0.2404602 -0.6176181 1.462124
-0.03378845 -0.8074294 1.813107
0.197876 -0.7016602 1.461914
9
0.02238202 -0.05839184 1.981697
-0.06065711 -0.06936798 1.941814
0.1022889 -0.04503141 1.939021
0.000448617 -0.4861431 1.976694
0.1941267 -0.3422004 1.599339
0.0300846 -0.7625334 1.962299
0.2404602 -0.6176181 1.462124
-0.03378845 -0.8074294 1.813107
0.197876 -0.7016602 1.461914
9
0.02238202 -0.05839184 1.981697
-0.06065711 -0.06936798 1.941814
0.1022889 -0.04503141 1.939021
0.000448617 -0.4861431 1.976694
0.1941267 -0.3422004 1.599339
0.0300846 -0.7625334 1.962299
0.2404602 -0.6176181 1.462124
-0.03378845 -0.8074294 1.813107
0.197876 -0.7016602 1.461914
9
0.02460688 -0.05367692 1.979482
-0.05814745 -0.06364415 1.934692
0.10558 -0.03988763 1.939466
0.004963363 -0.4801885 1.970154
0.2240923 -0.2013192 1.519927
0.02987126 -0.7617478 1.961714
0.2503653 -0.4140511 1.366771
-0.03399114 -0.8069543 1.812707
0.2641602 -0.4536133 1.228516
9
0.02260556 -0.04729399 1.974703
-0.06275425 -0.05619427 1.926513
0.1056841 -0.03541628 1.937438
0.009350756 -0.4718749 1.960665
0.220016 -0.1083044 1.491711
0.0294438 -0.7599621 1.958688
0.2703911 -0.3144083 1.333091
-0.03639638 -0.8018436 1.809096
0.2913079 -0.3550837 1.165273
9
0.02260556 -0.04729399 1.974703
-0.06275425 -0.05619427 1.926513
0.1056841 -0.03541628 1.937438
0.009350756 -0.4718749 1.960665
0.220016 -0.1083044 1.491711
0.0294438 -0.7599621 1.958688
0.2703911 -0.3144083 1.333091
-0.03639638 -0.8018436 1.809096
0.2913079 -0.3550837 1.165273
9
0.02260556 -0.04729399 1.974703
-0.06275425 -0.05619427 1.926513
0.1056841 -0.03541628 1.937438
0.009350756 -0.4718749 1.960665
0.220016 -0.1083044 1.491711
0.0294438 -0.7599621 1.958688
0.2703911 -0.3144083 1.333091
-0.03639638 -0.8018436 1.809096
0.2913079 -0.3550837 1.165273
9
0.02260556 -0.04729399 1.974703
-0.06275425 -0.05619427 1.926513
0.1056841 -0.03541628 1.937438
0.009350756 -0.4718749 1.960665
0.220016 -0.1083044 1.491711
0.0294438 -0.7599621 1.958688
0.2703911 -0.3144083 1.333091
-0.03639638 -0.8018436 1.809096
0.2913079 -0.3550837 1.165273
9
0.007691025 -0.03944054 1.974211
-0.08022839 -0.04774576 1.928284
0.09486466 -0.02924708 1.935746
0.01342199 -0.4623499 1.948316
0.2166324 -0.04566252 1.48618
0.03549882 -0.7519466 1.949216
0.3025833 -0.1846131 1.216384
-0.03301288 -0.7961137 1.802308
0.3287106 -0.1801396 1.079211
9
0.007691025 -0.03944054 1.974211
-0.08022839 -0.04774576 1.928284
0.09486466 -0.02924708 1.935746
0.01342199 -0.4623499 1.948316
0.2166324 -0.04566252 1.48618
0.03549882 -0.7519466 1.949216
0.3025833 -0.1846131 1.216384
-0.03301288 -0.7961137 1.802308
0.3287106 -0.1801396 1.079211
9
0.007691025 -0.03944054 1.974211
-0.08022839 -0.04774576 1.928284
0.09486466 -0.02924708 1.935746
0.01342199 -0.4623499 1.948316
0.2166324 -0.04566252 1.48618
0.03549882 -0.7519466 1.949216
0.3025833 -0.1846131 1.216384
-0.03301288 -0.7961137 1.802308
0.3287106 -0.1801396 1.079211
9
0.007691025 -0.03944054 1.974211
-0.08022839 -0.04774576 1.928284
0.09486466 -0.02924708 1.935746
0.01342199 -0.4623499 1.948316
0.2166324 -0.04566252 1.48618
0.03549882 -0.7519466 1.949216
0.3025833 -0.1846131 1.216384
-0.03301288 -0.7961137 1.802308
0.3287106 -0.1801396 1.079211
9
0.007691025 -0.03944054 1.974211
-0.08022839 -0.04774576 1.928284
0.09486466 -0.02924708 1.935746
0.01342199 -0.4623499 1.948316
0.2166324 -0.04566252 1.48618
0.03549882 -0.7519466 1.949216
0.3025833 -0.1846131 1.216384
-0.03301288 -0.7961137 1.802308
0.3287106 -0.1801396 1.079211
9
0.007691025 -0.03944054 1.974211
-0.08022839 -0.04774576 1.928284
0.09486466 -0.02924708 1.935746
0.01342199 -0.4623499 1.948316
0.2166324 -0.04566252 1.48618
0.03549882 -0.7519466 1.949216
0.3025833 -0.1846131 1.216384
-0.03301288 -0.7961137 1.802308
0.3287106 -0.1801396 1.079211
9
0.007691025 -0.03944054 1.974211
-0.08022839 -0.04774576 1.928284
0.09486466 -0.02924708 1.935746
0.01342199 -0.4623499 1.948316
0.2166324 -0.04566252 1.48618
0.03549882 -0.7519466 1.949216
0.3025833 -0.1846131 1.216384
-0.03301288 -0.7961137 1.802308
0.3287106 -0.1801396 1.079211
9
0.007691025 -0.03944054 1.974211
-0.08022839 -0.04774576 1.928284
0.09486466 -0.02924708 1.935746
0.01342199 -0.4623499 1.948316
0.2166324 -0.04566252 1.48618
0.03549882 -0.7519466 1.949216
0.3025833 -0.1846131 1.216384
-0.03301288 -0.7961137 1.802308
0.3287106 -0.1801396 1.079211
9
0.003668383 -0.0381337 1.971215
-0.08952598 -0.04646691 1.927399
0.09393718 -0.02750623 1.929777
0.02533955 -0.4587717 1.92954
0.2019095 0.1371255 1.508221
0.03618295 -0.7526969 1.945429
0.3042502 -0.004039837 1.201851
-0.03395704 -0.7986645 1.800596
0.3540063 0.006966569 1.077478
9
0.003668383 -0.0381337 1.971215
-0.08952598 -0.04646691 1.927399
0.09393718 -0.02750623 1.929777
0.02533955 -0.4587717 1.92954
0.2019095 0.1371255 1.508221
0.03618295 -0.7526969 1.945429
0.3042502 -0.004039837 1.201851
-0.03395704 -0.7986645 1.800596
0.3540063 0.006966569 1.077478
9
0.001800606 -0.03785555 1.970033
-0.0923162 -0.0462422 1.927198
0.09335227 -0.02730082 1.927824
0.0253571 -0.4578872 1.928708
0.2187419 0.1228603 1.486483
0.03673471 -0.7523301 1.942615
0.3046902 2.449329E-05 1.204226
-0.0343531 -0.8009542 1.799981
0.3611599 0.04408897 1.071503
9
0.001800606 -0.03785555 1.970033
-0.0923162 -0.0462422 1.927198
0.09335227 -0.02730082 1.927824
0.0253571 -0.4578872 1.928708
0.2187419 0.1228603 1.486483
0.03673471 -0.7523301 1.942615
0.3046902 2.449329E-05 1.204226
-0.0343531 -0.8009542 1.799981
0.3611599 0.04408897 1.071503
9
-0.000291441 -0.03727085 1.967306
-0.09598604 -0.04536726 1.924067
0.09308478 -0.02709505 1.925789
0.02524571 -0.4557292 1.928106
0.2182098 0.1221171 1.488939
0.03781214 -0.753613 1.939455
0.3057018 0.002236894 1.207015
-0.03427991 -0.802807 1.797893
0.3630028 0.00146856 1.087784
9
-0.000291441 -0.03727085 1.967306
-0.09598604 -0.04536726 1.924067
0.09308478 -0.02709505 1.925789
0.02524571 -0.4557292 1.928106
0.2182098 0.1221171 1.488939
0.03781214 -0.753613 1.939455
0.3057018 0.002236894 1.207015
-0.03427991 -0.802807 1.797893
0.3630028 0.00146856 1.087784
9
-0.000291441 -0.03727085 1.967306
-0.09598604 -0.04536726 1.924067
0.09308478 -0.02709505 1.925789
0.02524571 -0.4557292 1.928106
0.2182098 0.1221171 1.488939
0.03781214 -0.753613 1.939455
0.3057018 0.002236894 1.207015
-0.03427991 -0.802807 1.797893
0.3630028 0.00146856 1.087784
9
-0.000291441 -0.03727085 1.967306
-0.09598604 -0.04536726 1.924067
0.09308478 -0.02709505 1.925789
0.02524571 -0.4557292 1.928106
0.2182098 0.1221171 1.488939
0.03781214 -0.753613 1.939455
0.3057018 0.002236894 1.207015
-0.03427991 -0.802807 1.797893
0.3630028 0.00146856 1.087784
9
-0.0005043101 -0.03746574 1.967148
-0.09649935 -0.04566093 1.923747
0.09318023 -0.02726263 1.925745
0.02391017 -0.4562869 1.927568
0.2126496 0.1055854 1.49586
0.03729475 -0.7529087 1.938918
0.3110406 -0.03408153 1.228048
-0.03504389 -0.8046508 1.799176
0.3633807 0.002272925 1.086376
9
-0.0005043101 -0.03746574 1.967148
-0.09649935 -0.04566093 1.923747
0.09318023 -0.02726263 1.925745
0.02391017 -0.4562869 1.927568
0.2126496 0.1055854 1.49586
0.03729475 -0.7529087 1.938918
0.3110406 -0.03408153 1.228048
-0.03504389 -0.8046508 1.799176
0.3633807 0.002272925 1.086376
9
-0.0005043101 -0.03746574 1.967148
-0.09649935 -0.04566093 1.923747
0.09318023 -0.02726263 1.925745
0.02391017 -0.4562869 1.927568
0.2126496 0.1055854 1.49586
0.03729475 -0.7529087 1.938918
0.3110406 -0.03408153 1.228048
-0.03504389 -0.8046508 1.799176
0.3633807 0.002272925 1.086376
9
-0.0005043101 -0.03746574 1.967148
-0.09649935 -0.04566093 1.923747
0.09318023 -0.02726263 1.925745
0.02391017 -0.4562869 1.927568
0.2126496 0.1055854 1.49586
0.03729475 -0.7529087 1.938918
0.3110406 -0.03408153 1.228048
-0.03504389 -0.8046508 1.799176
0.3633807 0.002272925 1.086376
9
-0.0005043101 -0.03746574 1.967148
-0.09649935 -0.04566093 1.923747
0.09318023 -0.02726263 1.925745
0.02391017 -0.4562869 1.927568
0.2126496 0.1055854 1.49586
0.03729475 -0.7529087 1.938918
0.3110406 -0.03408153 1.228048
-0.03504389 -0.8046508 1.799176
0.3633807 0.002272925 1.086376
9
-0.0005043101 -0.03746574 1.967148
-0.09649935 -0.04566093 1.923747
0.09318023 -0.02726263 1.925745
0.02391017 -0.4562869 1.927568
0.2126496 0.1055854 1.49586
0.03729475 -0.7529087 1.938918
0.3110406 -0.03408153 1.228048
-0.03504389 -0.8046508 1.799176
0.3633807 0.002272925 1.086376
9
-0.0005043101 -0.03746574 1.967148
-0.09649935 -0.04566093 1.923747
0.09318023 -0.02726263 1.925745
0.02391017 -0.4562869 1.927568
0.2126496 0.1055854 1.49586
0.03729475 -0.7529087 1.938918
0.3110406 -0.03408153 1.228048
-0.03504389 -0.8046508 1.799176
0.3633807 0.002272925 1.086376
9
-0.0005043101 -0.03746574 1.967148
-0.09649935 -0.04566093 1.923747
0.09318023 -0.02726263 1.925745
0.02391017 -0.4562869 1.927568
0.2126496 0.1055854 1.49586
0.03729475 -0.7529087 1.938918
0.3110406 -0.03408153 1.228048
-0.03504389 -0.8046508 1.799176
0.3633807 0.002272925 1.086376
9
0.001548376 -0.03970169 1.967176
-0.09242009 -0.04718937 1.924765
0.09466669 -0.03109292 1.924985
0.01655311 -0.4584547 1.943666
0.2505203 -0.08171579 1.489197
0.03674462 -0.7520154 1.940321
0.3514213 -0.2611711 1.223168
-0.03257373 -0.7994792 1.795902
0.3345726 -0.3019319 1.072391
