40
9
-0.1018623 -0.007477801 2.106504
-0.1773635 -0.01846582 2.074252
-0.02308222 0.004659475 2.061393
-0.1453803 -0.4126439 2.064391
0.045564 -0.322308 1.765534
-0.1024277 -0.7587104 2.086357
0.09748317 -0.602355 1.659268
-0.1296048 -0.8302937 2.004493
0.0838618 -0.6124218 1.526399
9
-0.1049841 -0.005353642 2.107697
-0.1805063 -0.01752784 2.074591
-0.02594178 0.007900725 2.063506
-0.1433398 -0.4114181 2.064126
0.04390876 -0.2911745 1.714862
-0.1034722 -0.7567337 2.087226
0.1032061 -0.5469074 1.556966
-0.1281464 -0.8286806 2.004473
0.07643013 -0.5422619 1.423962
9
-0.1049841 -0.005353642 2.107697
-0.1805063 -0.01752784 2.074591
-0.02594178 0.007900725 2.063506
-0.1433398 -0.4114181 2.064126
0.04390876 -0.2911745 1.714862
-0.1034722 -0.7567337 2.087226
0.1032061 -0.5469074 1.556966
-0.1281464 -0.8286806 2.004473
0.07643013 -0.5422619 1.423962
9
-0.1073204 -0.003978791 2.108843
-0.1835176 -0.01665011 2.075089
-0.02754765 0.009544307 2.065196
-0.1409905 -0.4096286 2.063899
0.04117214 -0.2190395 1.684881
-0.1033862 -0.7549154 2.08708
0.0842537 -0.5313243 1.415554
-0.127311 -0.8268508 2.003826
0.08922306 -0.4488941 1.307323
9
-0.1073204 -0.003978791 2.108843
-0.1835176 -0.01665011 2.075089
-0.02754765 0.009544307 2.065196
-0.1409905 -0.4096286 2.063899
0.04117214 -0.2190395 1.684881
-0.1033862 -0.7549154 2.08708
0.0842537 -0.5313243 1.415554
-0.127311 -0.8268508 2.003826
0.08922306 -0.4488941 1.307323
9
-0.1190303 -0.003301567 2.107117
-0.1960425 -0.01493392 2.07187
-0.03790719 0.008957248 2.064646
-0.1353288 -0.3994908 2.060737
0.04025479 -0.1514512 1.656772
-0.1032645 -0.7544442 2.087018
0.08720426 -0.4448096 1.366911
-0.127389 -0.8263818 2.00386
0.07984795 -0.3667418 1.255437
9
-0.1190303 -0.003301567 2.107117
-0.1960425 -0.01493392 2.07187
-0.03790719 0.008957248 2.064646
-0.1353288 -0.3994908 2.060737
0.04025479 -0.1514512 1.656772
-0.1032645 -0.7544442 2.087018
0.08720426 -0.4448096 1.366911
-0.127389 -0.8263818 2.00386
0.07984795 -0.3667418 1.255437
9
-0.1190303 -0.003301567 2.107117
-0.1960425 -0.01493392 2.07187
-0.03790719 0.008957248 2.064646
-0.1353288 -0.3994908 2.060737
0.04025479 -0.1514512 1.656772
-0.1032645 -0.7544442 2.087018
0.08720426 -0.4448096 1.366911
-0.127389 -0.8263818 2.00386
0.07984795 -0.3667418 1.255437
9
-0.1190303 -0.003301567 2.107117
-0.1960425 -0.01493392 2.07187
-0.03790719 0.008957248 2.064646
-0.1353288 -0.3994908 2.060737
0.04025479 -0.1514512 1.656772
-0.1032645 -0.7544442 2.087018
0.08720426 -0.4448096 1.366911
-0.127389 -0.8263818 2.00386
0.07984795 -0.3667418 1.255437
9
-0.125419 -0.001660455 2.105768
-0.2041837 -0.01345634 2.06934
-0.04242424 0.01044617 2.064221
-0.1324452 -0.3889052 2.056319
0.01738658 -0.02111903 1.624763
-0.1024962 -0.7529442 2.08569
0.07513388 -0.1928743 1.252412
-0.1275889 -0.8254201 2.004016
0.06190927 -0.1047771 1.158206
9
-0.125419 -0.001660455 2.105768
-0.2041837 -0.01345634 2.06934
-0.04242424 0.01044617 2.064221
-0.1324452 -0.3889052 2.056319
0.01738658 -0.02111903 1.624763
-0.1024962 -0.7529442 2.08569
0.07513388 -0.1928743 1.252412
-0.1275889 -0.8254201 2.004016
0.06190927 -0.1047771 1.158206
9
-0.1257474 0.0005289533 2.105515
-0.2052518 -0.01247067 2.068959
-0.04137282 0.01484201 2.064205
-0.1307148 -0.3715771 2.048679
-0.001441205 0.02353947 1.616178
-0.1015419 -0.7496212 2.082286
0.09130351 -0.09567067 1.231155
-0.1238345 -0.8251582 2.004961
0.02728673 -0.05956919 1.120802
9
-0.1257474 0.0005289533 2.105515
-0.2052518 -0.01247067 2.068959
-0.04137282 0.01484201 2.064205
-0.1307148 -0.3715771 2.048679
-0.001441205 0.02353947 1.616178
-0.1015419 -0.7496212 2.082286
0.09130351 -0.09567067 1.231155
-0.1238345 -0.8251582 2.004961
0.02728673 -0.05956919 1.120802
9
-0.1403548 0.002854752 2.102651
-0.2231575 -0.008879861 2.065128
-0.05268647 0.01542544 2.062227
-0.1311275 -0.3617161 2.045168
-0.01258344 0.04489652 1.611303
-0.09977136 -0.7489172 2.078296
0.08074013 -0.07557399 1.226864
-0.12257 -0.8257044 2.004113
0.04631132 0.04892209 1.138303
9
-0.1403548 0.002854752 2.102651
-0.2231575 -0.008879861 2.065128
-0.05268647 0.01542544 2.062227
-0.1311275 -0.3617161 2.045168
-0.01258344 0.04489652 1.611303
-0.09977136 -0.7489172 2.078296
0.08074013 -0.07557399 1.226864
-0.12257 -0.8257044 2.004113
0.04631132 0.04892209 1.138303
9
-0.1403548 0.002854752 2.102651
-0.2231575 -0.008879861 2.065128
-0.05268647 0.01542544 2.062227
-0.1311275 -0.3617161 2.045168
-0.01258344 0.04489652 1.611303
-0.09977136 -0.7489172 2.078296
0.08074013 -0.07557399 1.226864
-0.12257 -0.8257044 2.004113
0.04631132 0.04892209 1.138303
9
-0.1403548 0.002854752 2.102651
-0.2231575 -0.008879861 2.065128
-0.05268647 0.01542544 2.062227
-0.1311275 -0.3617161 2.045168
-0.01258344 0.04489652 1.611303
-0.09977136 -0.7489172 2.078296
0.08074013 -0.07557399 1.226864
-0.12257 -0.8257044 2.004113
0.04631132 0.04892209 1.138303
9
-0.1788824 -0.001285858 2.103211
-0.2647456 -0.005202699 2.075391
-0.09013022 0.002654933 2.05373
-0.1329151 -0.3609613 2.042227
-0.03012966 0.1324823 1.642177
-0.09866994 -0.7472424 2.074316
0.06295185 0.01234981 1.257855
-0.1214651 -0.8270169 2.007984
0.03827012 0.1225327 1.143934
9
-0.1788824 -0.001285858 2.103211
-0.2647456 -0.005202699 2.075391
-0.09013022 0.002654933 2.05373
-0.1329151 -0.3609613 2.042227
-0.03012966 0.1324823 1.642177
-0.09866994 -0.7472424 2.074316
0.06295185 0.01234981 1.257855
-0.1214651 -0.8270169 2.007984
0.03827012 0.1225327 1.143934
9
-0.1788824 -0.001285858 2.103211
-0.2647456 -0.005202699 2.075391
-0.09013022 0.002654933 2.05373
-0.1329151 -0.3609613 2.042227
-0.03012966 0.1324823 1.642177
-0.09866994 -0.7472424 2.074316
0.06295185 0.01234981 1.257855
-0.1214651 -0.8270169 2.007984
0.03827012 0.1225327 1.143934
9
-0.1788824 -0.001285858 2.103211
-0.2647456 -0.005202699 2.075391
-0.09013022 0.002654933 2.05373
-0.1329151 -0.3609613 2.042227
-0.03012966 0.1324823 1.642177
-0.09866994 -0.7472424 2.074316
0.06295185 0.01234981 1.257855
-0.1214651 -0.8270169 2.007984
0.03827012 0.1225327 1.143934
9
-0.178792 -0.001619867 2.102954
-0.2643732 -0.005604784 2.075244
-0.08987036 0.002258855 2.053187
-0.1366627 -0.3593862 2.039364
-0.030494 0.135081 1.642842
-0.09789825 -0.7485266 2.070527
0.08452979 0.08469769 1.249259
-0.122041 -0.8290115 2.007792
0.03477568 0.148684 1.132774
9
-0.178792 -0.001619867 2.102954
-0.2643732 -0.005604784 2.075244
-0.08987036 0.002258855 2.053187
-0.1366627 -0.3593862 2.039364
-0.030494 0.135081 1.642842
-0.09789825 -0.7485266 2.070527
0.08452979 0.08469769 1.249259
-0.122041 -0.8290115 2.007792
0.03477568 0.148684 1.132774
9
-0.178792 -0.001619867 2.102954
-0.2643732 -0.005604784 2.075244
-0.08987036 0.002258855 2.053187
-0.1366627 -0.3593862 2.039364
-0.030494 0.135081 1.642842
-0.09789825 -0.7485266 2.070527
0.08452979 0.08469769 1.249259
-0.122041 -0.8290115 2.007792
0.03477568 0.148684 1.132774
9
-0.178792 -0.001619867 2.102954
-0.2643732 -0.005604784 2.075244
-0.08987036 0.002258855 2.053187
-0.1366627 -0.3593862 2.039364
-0.030494 0.135081 1.642842
-0.09789825 -0.7485266 2.070527
0.08452979 0.08469769 1.249259
-0.122041 -0.8290115 2.007792
0.03477568 0.148684 1.132774
9
-0.1764216 -0.003994922 2.100739
-0.2602382 -0.007903982 2.071808
-0.0877654 -0.0003692415 2.051589
-0.1348789 -0.3644887 2.03649
-0.02657666 0.1237468 1.637047
-0.09818447 -0.7478756 2.068605
0.08902136 0.06574784 1.244638
-0.1192117 -0.8304492 2.010753
0.04280521 0.08676016 1.119105
9
-0.1764216 -0.003994922 2.100739
-0.2602382 -0.007903982 2.071808
-0.0877654 -0.0003692415 2.051589
-0.1348789 -0.3644887 2.03649
-0.02657666 0.1237468 1.637047
-0.09818447 -0.7478756 2.068605
0.08902136 0.06574784 1.244638
-0.1192117 -0.8304492 2.010753
0.04280521 0.08676016 1.119105
9
-0.1749695 -0.005851455 2.098675
-0.2573642 -0.01039529 2.068319
-0.08697385 -0.001571432 2.050599
-0.1337746 -0.3670406 2.035156
-0.02298009 0.100594 1.634638
-0.09756426 -0.7484807 2.067722
0.09231352 0.04373099 1.241951
-0.1190924 -0.830884 2.009647
0.05426979 0.01680209 1.113431
9
-0.1749695 -0.005851455 2.098675
-0.2573642 -0.01039529 2.068319
-0.08697385 -0.001571432 2.050599
-0.1337746 -0.3670406 2.035156
-0.02298009 0.100594 1.634638
-0.09756426 -0.7484807 2.067722
0.09231352 0.04373099 1.241951
-0.1190924 -0.830884 2.009647
0.05426979 0.01680209 1.113431
9
-0.1534242 -0.007687118 2.093203
-0.2311067 -0.01657247 2.061375
-0.06892531 0.0004435894 2.046609
-0.13576 -0.3658532 2.033772
-0.0008290381 0.03505703 1.579836
-0.09706321 -0.7489836 2.06762
0.1145313 -0.02229341 1.187045
-0.11932 -0.8315713 2.011183
0.01156748 -0.02816966 1.134563
9
-0.1534242 -0.007687118 2.093203
-0.2311067 -0.01657247 2.061375
-0.06892531 0.0004435894 2.046609
-0.13576 -0.3658532 2.033772
-0.0008290381 0.03505703 1.579836
-0.09706321 -0.7489836 2.06762
0.1145313 -0.02229341 1.187045
-0.11932 -0.8315713 2.011183
0.01156748 -0.02816966 1.134563
9
-0.143304 -0.007033042 2.088269
-0.2222952 -0.01793404 2.055949
-0.05833105 0.003703062 2.042518
-0.1373712 -0.3665671 2.033258
0.006369331 0.01402268 1.583721
-0.09749978 -0.7488672 2.06755
0.1059753 -0.1271169 1.207506
-0.1199989 -0.830743 2.008326
0.08195012 -0.03136369 1.1343
9
-0.143304 -0.007033042 2.088269
-0.2222952 -0.01793404 2.055949
-0.05833105 0.003703062 2.042518
-0.1373712 -0.3665671 2.033258
0.006369331 0.01402268 1.583721
-0.09749978 -0.7488672 2.06755
0.1059753 -0.1271169 1.207506
-0.1199989 -0.830743 2.008326
0.08195012 -0.03136369 1.1343
9
-0.142611 -0.006772439 2.084032
-0.2216723 -0.01833429 2.050794
-0.05776699 0.004604587 2.039196
-0.1402354 -0.3705211 2.033471
0.02966283 -0.03883592 1.584707
-0.09763264 -0.7490669 2.067827
0.09449048 -0.1737292 1.209843
-0.1211661 -0.831522 2.012323
0.1102074 -0.07300526 1.146207
9
-0.142611 -0.006772439 2.084032
-0.2216723 -0.01833429 2.050794
-0.05776699 0.004604587 2.039196
-0.1402354 -0.3705211 2.033471
0.02966283 -0.03883592 1.584707
-0.09763264 -0.7490669 2.067827
0.09449048 -0.1737292 1.209843
-0.1211661 -0.831522 2.012323
0.1102074 -0.07300526 1.146207
9
-0.1426167 -0.00679837 2.08339
-0.221698 -0.01853107 2.049978
-0.05779719 0.004753194 2.038738
-0.1420799 -0.3784123 2.036043
0.03686124 -0.07558776 1.608294
-0.09731401 -0.7491266 2.068098
0.09007476 -0.2572402 1.23962
-0.1211544 -0.8314385 2.012256
0.06904422 -0.2887641 1.092378
9
-0.1426167 -0.00679837 2.08339
-0.221698 -0.01853107 2.049978
-0.05779719 0.004753194 2.038738
-0.1420799 -0.3784123 2.036043
0.03686124 -0.07558776 1.608294
-0.09731401 -0.7491266 2.068098
0.09007476 -0.2572402 1.23962
-0.1211544 -0.8314385 2.012256
0.06904422 -0.2887641 1.092378
9
-0.14211 -0.006412989 2.08532
-0.2211116 -0.01839773 2.051001
-0.0576102 0.005637156 2.042146
-0.1433223 -0.3805138 2.037122
0.03952534 -0.1393308 1.623594
-0.09761479 -0.7482742 2.069763
0.08741833 -0.3371042 1.269985
-0.1207496 -0.8306555 2.013272
0.06646679 -0.3667754 1.123286
9
-0.14211 -0.006412989 2.08532
-0.2211116 -0.01839773 2.051001
-0.0576102 0.005637156 2.042146
-0.1433223 -0.3805138 2.037122
0.03952534 -0.1393308 1.623594
-0.09761479 -0.7482742 2.069763
0.08741833 -0.3371042 1.269985
-0.1207496 -0.8306555 2.013272
0.06646679 -0.3667754 1.123286
9
-0.14211 -0.006412989 2.08532
-0.2211116 -0.01839773 2.051001
-0.0576102 0.005637156 2.042146
-0.1433223 -0.3805138 2.037122
0.03952534 -0.1393308 1.623594
-0.09761479 -0.7482742 2.069763
0.08741833 -0.3371042 1.269985
-0.1207496 -0.8306555 2.013272
0.06646679 -0.3667754 1.123286
