40
9
0.01866975 -0.0548647 1.985503
-0.0651757 -0.06143415 1.95537
0.1019392 -0.0457814 1.930089
-0.003464691 -0.4823857 1.971702
0.1287457 -0.4757332 1.862064
0.02031145 -0.7661163 1.964155
0.1553827 -0.7595372 1.908211
-0.03771951 -0.8272266 1.821685
0.1432499 -0.8287525 1.809258
9
0.01866975 -0.0548647 1.985503
-0.0651757 -0.06143415 1.95537
0.1019392 -0.0457814 1.930089
-0.003464691 -0.4823857 1.971702
0.1287457 -0.4757332 1.862064
0.02031145 -0.7661163 1.964155
0.1553827 -0.7595372 1.908211
-0.03771951 -0.8272266 1.821685
0.1432499 -0.8287525 1.809258
9
0.01866975 -0.0548647 1.985503
-0.0651757 -0.06143415 1.95537
0.1019392 -0.0457814 1.930089
-0.003464691 -0.4823857 1.971702
0.1287457 -0.4757332 1.862064
0.02031145 -0.7661163 1.964155
0.1553827 -0.7595372 1.908211
-0.03771951 -0.8272266 1.821685
0.1432499 -0.8287525 1.809258
9
0.01748986 -0.05365354 1.984293
-0.06618296 -0.06100353 1.954413
0.1006162 -0.04367547 1.928911
-0.009713043 -0.4822811 1.973119
0.1303412 -0.4573995 1.762867
0.02014698 -0.7659202 1.964214
0.1662825 -0.7399197 1.830853
-0.04313663 -0.8146974 1.81666
0.08458488 -0.8118113 1.713979
9
0.01748986 -0.05365354 1.984293
-0.06618296 -0.06100353 1.954413
0.1006162 -0.04367547 1.928911
-0.009713043 -0.4822811 1.973119
0.1303412 -0.4573995 1.762867
0.02014698 -0.7659202 1.964214
0.1662825 -0.7399197 1.830853
-0.04313663 -0.8146974 1.81666
0.08458488 -0.8118113 1.713979
9
0.01654977 -0.05248217 1.983101
-0.06764255 -0.05999527 1.951776
0.09997687 -0.04243869 1.928771
-0.01345615 -0.4809069 1.974418
0.1274202 -0.4503652 1.743938
0.02022325 -0.7661037 1.964199
0.1595603 -0.7560091 1.742564
-0.04279914 -0.8148208 1.816478
0.06949819 -0.8186743 1.62615
9
0.01654977 -0.05248217 1.983101
-0.06764255 -0.05999527 1.951776
0.09997687 -0.04243869 1.928771
-0.01345615 -0.4809069 1.974418
0.1274202 -0.4503652 1.743938
0.02022325 -0.7661037 1.964199
0.1595603 -0.7560091 1.742564
-0.04279914 -0.8148208 1.816478
0.06949819 -0.8186743 1.62615
9
0.015854 -0.05231831 1.982228
-0.06850738 -0.06009474 1.950493
0.09952475 -0.04217119 1.928442
-0.01723696 -0.480955 1.975334
0.1183705 -0.4278507 1.690335
0.02025199 -0.7660828 1.964221
0.1512698 -0.8376513 1.589349
-0.04064017 -0.8123053 1.813912
0.04330444 -0.8276367 1.55957
9
0.015854 -0.05231831 1.982228
-0.06850738 -0.06009474 1.950493
0.09952475 -0.04217119 1.928442
-0.01723696 -0.480955 1.975334
0.1183705 -0.4278507 1.690335
0.02025199 -0.7660828 1.964221
0.1512698 -0.8376513 1.589349
-0.04064017 -0.8123053 1.813912
0.04330444 -0.8276367 1.55957
9
0.015854 -0.05231831 1.982228
-0.06850738 -0.06009474 1.950493
0.09952475 -0.04217119 1.928442
-0.01723696 -0.480955 1.975334
0.1183705 -0.4278507 1.690335
0.02025199 -0.7660828 1.964221
0.1512698 -0.8376513 1.589349
-0.04064017 -0.8123053 1.813912
0.04330444 -0.8276367 1.55957
9
0.015854 -0.05231831 1.982228
-0.06850738 -0.06009474 1.950493
0.09952475 -0.04217119 1.928442
-0.01723696 -0.480955 1.975334
0.1183705 -0.4278507 1.690335
0.02025199 -0.7660828 1.964221
0.1512698 -0.8376513 1.589349
-0.04064017 -0.8123053 1.813912
0.04330444 -0.8276367 1.55957
9
0.008774089 -0.05066026 1.981311
-0.07613288 -0.05838066 1.947849
0.09293541 -0.04060972 1.929518
-0.01760619 -0.47824 1.973635
0.103314 -0.3480939 1.585219
0.01811586 -0.7663022 1.961631
0.1762016 -0.7512768 1.657734
-0.02497926 -0.8077749 1.801139
0.06634404 -0.8215154 1.586443
9
0.008774089 -0.05066026 1.981311
-0.07613288 -0.05838066 1.947849
0.09293541 -0.04060972 1.929518
-0.01760619 -0.47824 1.973635
0.103314 -0.3480939 1.585219
0.01811586 -0.7663022 1.961631
0.1762016 -0.7512768 1.657734
-0.02497926 -0.8077749 1.801139
0.06634404 -0.8215154 1.586443
9
0.003535379 -0.04916089 1.981436
-0.08097521 -0.05674883 1.94575
0.08668564 -0.03912448 1.932568
-0.01932564 -0.4766664 1.969347
0.09824082 -0.2773377 1.533696
0.01410449 -0.7683354 1.956816
0.1704531 -0.6863108 1.583986
-0.03342712 -0.8066863 1.796641
0.07758788 -0.7793756 1.557858
9
0.003535379 -0.04916089 1.981436
-0.08097521 -0.05674883 1.94575
0.08668564 -0.03912448 1.932568
-0.01932564 -0.4766664 1.969347
0.09824082 -0.2773377 1.533696
0.01410449 -0.7683354 1.956816
0.1704531 -0.6863108 1.583986
-0.03342712 -0.8066863 1.796641
0.07758788 -0.7793756 1.557858
9
0.003535379 -0.04916089 1.981436
-0.08097521 -0.05674883 1.94575
0.08668564 -0.03912448 1.932568
-0.01932564 -0.4766664 1.969347
0.09824082 -0.2773377 1.533696
0.01410449 -0.7683354 1.956816
0.1704531 -0.6863108 1.583986
-0.03342712 -0.8066863 1.796641
0.07758788 -0.7793756 1.557858
9
-0.009844045 -0.0471079 1.981682
-0.09623284 -0.05252389 1.942161
0.0755549 -0.03910052 1.936235
-0.01969702 -0.4710027 1.961813
0.09228885 -0.213058 1.504147
0.00793653 -0.7553493 1.954439
0.1646068 -0.623044 1.554534
-0.03703062 -0.8010178 1.796614
0.08961552 -0.7277464 1.540124
9
-0.01395583 -0.04652492 1.981444
-0.1004568 -0.05089667 1.940913
0.07200279 -0.03961048 1.937081
-0.02288848 -0.4705576 1.952801
0.08644633 -0.1403426 1.481487
0.008441813 -0.7548062 1.953714
0.1588799 -0.5514734 1.53209
-0.01526896 -0.8288696 1.865887
0.09965107 -0.664253 1.523373
9
-0.01395583 -0.04652492 1.981444
-0.1004568 -0.05089667 1.940913
0.07200279 -0.03961048 1.937081
-0.02288848 -0.4705576 1.952801
0.08644633 -0.1403426 1.481487
0.008441813 -0.7548062 1.953714
0.1588799 -0.5514734 1.53209
-0.01526896 -0.8288696 1.865887
0.09965107 -0.664253 1.523373
9
-0.01395583 -0.04652492 1.981444
-0.1004568 -0.05089667 1.940913
0.07200279 -0.03961048 1.937081
-0.02288848 -0.4705576 1.952801
0.08644633 -0.1403426 1.481487
0.008441813 -0.7548062 1.953714
0.1588799 -0.5514734 1.53209
-0.01526896 -0.8288696 1.865887
0.09965107 -0.664253 1.523373
9
-0.04035854 -0.04159765 1.973586
-0.1276027 -0.04355386 1.935202
0.04876004 -0.03764116 1.927839
-0.02294705 -0.4576674 1.948624
0.08659037 0.040983 1.469087
0.009903933 -0.7396466 1.949187
0.1591434 -0.3727022 1.520693
0.01922629 -0.8197109 1.867682
0.1362141 -0.4125052 1.370212
9
-0.04035854 -0.04159765 1.973586
-0.1276027 -0.04355386 1.935202
0.04876004 -0.03764116 1.927839
-0.02294705 -0.4576674 1.948624
0.08659037 0.040983 1.469087
0.009903933 -0.7396466 1.949187
0.1591434 -0.3727022 1.520693
0.01922629 -0.8197109 1.867682
0.1362141 -0.4125052 1.370212
9
-0.04035854 -0.04159765 1.973586
-0.1276027 -0.04355386 1.935202
0.04876004 -0.03764116 1.927839
-0.02294705 -0.4576674 1.948624
0.08659037 0.040983 1.469087
0.009903933 -0.7396466 1.949187
0.1591434 -0.3727022 1.520693
0.01922629 -0.8197109 1.867682
0.1362141 -0.4125052 1.370212
9
-0.04035854 -0.04159765 1.973586
-0.1276027 -0.04355386 1.935202
0.04876004 -0.03764116 1.927839
-0.02294705 -0.4576674 1.948624
0.08659037 0.040983 1.469087
0.009903933 -0.7396466 1.949187
0.1591434 -0.3727022 1.520693
0.01922629 -0.8197109 1.867682
0.1362141 -0.4125052 1.370212
9
-0.08439132 -0.04776263 1.991354
-0.1702968 -0.04525977 1.955701
0.004508295 -0.0483349 1.943104
-0.01406464 -0.4474368 1.938595
0.02111368 -0.012911 1.477632
0.01495609 -0.738227 1.945023
0.006604035 -0.4032075 1.624801
-0.0255127 -0.8413086 1.893555
-0.01252199 -0.4427557 1.474084
9
-0.08439132 -0.04776263 1.991354
-0.1702968 -0.04525977 1.955701
0.004508295 -0.0483349 1.943104
-0.01406464 -0.4474368 1.938595
0.02111368 -0.012911 1.477632
0.01495609 -0.738227 1.945023
0.006604035 -0.4032075 1.624801
-0.0255127 -0.8413086 1.893555
-0.01252199 -0.4427557 1.474084
9
-0.08439132 -0.04776263 1.991354
-0.1702968 -0.04525977 1.955701
0.004508295 -0.0483349 1.943104
-0.01406464 -0.4474368 1.938595
0.02111368 -0.012911 1.477632
0.01495609 -0.738227 1.945023
0.006604035 -0.4032075 1.624801
-0.0255127 -0.8413086 1.893555
-0.01252199 -0.4427557 1.474084
9
-0.08439132 -0.04776263 1.991354
-0.1702968 -0.04525977 1.955701
0.004508295 -0.0483349 1.943104
-0.01406464 -0.4474368 1.938595
0.02111368 -0.012911 1.477632
0.01495609 -0.738227 1.945023
0.006604035 -0.4032075 1.624801
-0.0255127 -0.8413086 1.893555
-0.01252199 -0.4427557 1.474084
9
-0.08439132 -0.04776263 1.991354
-0.1702968 -0.04525977 1.955701
0.004508295 -0.0483349 1.943104
-0.01406464 -0.4474368 1.938595
0.02111368 -0.012911 1.477632
0.01495609 -0.738227 1.945023
0.006604035 -0.4032075 1.624801
-0.0255127 -0.8413086 1.893555
-0.01252199 -0.4427557 1.474084
9
-0.08439132 -0.04776263 1.991354
-0.1702968 -0.04525977 1.955701
0.004508295 -0.0483349 1.943104
-0.01406464 -0.4474368 1.938595
0.02111368 -0.012911 1.477632
0.01495609 -0.738227 1.945023
0.006604035 -0.4032075 1.624801
-0.0255127 -0.8413086 1.893555
-0.01252199 -0.4427557 1.474084
9
-0.08439132 -0.04776263 1.991354
-0.1702968 -0.04525977 1.955701
0.004508295 -0.0483349 1.943104
-0.01406464 -0.4474368 1.938595
0.02111368 -0.012911 1.477632
0.01495609 -0.738227 1.945023
0.006604035 -0.4032075 1.624801
-0.0255127 -0.8413086 1.893555
-0.01252199 -0.4427557 1.474084
9
-0.078065 -0.04417757 1.994617
-0.1590503 -0.03861716 1.958292
0.007733356 -0.04675565 1.94671
-0.01286926 -0.4447985 1.937407
0.06617298 -0.1178343 1.488981
0.01716735 -0.7404985 1.942371
0.05108668 -0.5065505 1.635722
-0.03244003 -0.8424435 1.890907
0.03075175 -0.5438349 1.485667
9
-0.078065 -0.04417757 1.994617
-0.1590503 -0.03861716 1.958292
0.007733356 -0.04675565 1.94671
-0.01286926 -0.4447985 1.937407
0.06617298 -0.1178343 1.488981
0.01716735 -0.7404985 1.942371
0.05108668 -0.5065505 1.635722
-0.03244003 -0.8424435 1.890907
0.03075175 -0.5438349 1.485667
9
-0.07681458 -0.043518 1.996693
-0.1573207 -0.03767775 1.960739
0.008214819 -0.04658579 1.948378
-0.009896404 -0.4440135 1.930529
0.06536305 -0.1178364 1.49051
0.01741604 -0.7403934 1.941462
0.02023049 -0.0145483 1.077345
-0.0303902 -0.8402715 1.888701
-0.04301834 0.04002333 0.9428711
9
-0.07674001 -0.04379558 1.996903
-0.1573666 -0.03790352 1.960967
0.008328309 -0.04706907 1.948618
0.01678201 -0.4343502 1.911278
0.06050645 -0.1177419 1.490051
0.01857812 -0.7359873 1.940655
0.01717898 -0.01429758 1.076517
-0.0374405 -0.8433691 1.887921
0.1036845 -0.01151111 0.9779707
9
-0.07674001 -0.04379558 1.996903
-0.1573666 -0.03790352 1.960967
0.008328309 -0.04706907 1.948618
0.01678201 -0.4343502 1.911278
0.06050645 -0.1177419 1.490051
0.01857812 -0.7359873 1.940655
0.01717898 -0.01429758 1.076517
-0.0374405 -0.8433691 1.887921
0.1036845 -0.01151111 0.9779707
9
-0.07674001 -0.04379558 1.996903
-0.1573666 -0.03790352 1.960967
0.008328309 -0.04706907 1.948618
0.01678201 -0.4343502 1.911278
0.06050645 -0.1177419 1.490051
0.01857812 -0.7359873 1.940655
0.01717898 -0.01429758 1.076517
-0.0374405 -0.8433691 1.887921
0.1036845 -0.01151111 0.9779707
9
-0.07674001 -0.04379558 1.996903
-0.1573666 -0.03790352 1.960967
0.008328309 -0.04706907 1.948618
0.01678201 -0.4343502 1.911278
0.06050645 -0.1177419 1.490051
0.01857812 -0.7359873 1.940655
0.01717898 -0.01429758 1.076517
-0.0374405 -0.8433691 1.887921
0.1036845 -0.01151111 0.9779707
9
-0.07941605 -0.05162265 1.998814
-0.1617361 -0.04640432 1.962701
0.006680148 -0.05477254 1.950848
-0.006891442 -0.4499038 1.931471
0.03504986 -0.07460622 1.485044
0.02002818 -0.7365587 1.94031
-0.006893266 0.03001335 1.07142
-0.01748945 -0.8287438 1.875389
0.05734697 -0.04735034 0.9987516
9
-0.07941605 -0.05162265 1.998814
-0.1617361 -0.04640432 1.962701
0.006680148 -0.05477254 1.950848
-0.006891442 -0.4499038 1.931471
0.03504986 -0.07460622 1.485044
0.02002818 -0.7365587 1.94031
-0.006893266 0.03001335 1.07142
-0.01748945 -0.8287438 1.875389
0.05734697 -0.04735034 0.9987516
