40
9
-0.1510567 -0.366637 2.162076
-0.2308688 -0.3643449 2.118847
-0.06613318 -0.3565214 2.132135
-0.384424 -0.6418705 2.117115
0.07638005 -0.643943 2.050777
-0.5831366 -0.9441249 2.146337
0.03134427 -0.98155 2.101276
-0.5551143 -0.988705 2.013936
0.05013485 -1.024955 1.968237
9
-0.1510567 -0.366637 2.162076
-0.2308688 -0.3643449 2.118847
-0.06613318 -0.3565214 2.132135
-0.384424 -0.6418705 2.117115
0.07638005 -0.643943 2.050777
-0.5831366 -0.9441249 2.146337
0.03134427 -0.98155 2.101276
-0.5551143 -0.988705 2.013936
0.05013485 -1.024955 1.968237
9
-0.14349 -0.3708026 2.163606
-0.2232343 -0.3684012 2.120365
-0.05889149 -0.3606662 2.13369
-0.3817631 -0.6433026 2.117436
0.08263133 -0.6476981 2.047284
-0.5759597 -0.9416645 2.143672
0.03230402 -0.9813168 2.097353
-0.5486019 -0.9865851 2.011351
0.05050463 -1.025035 1.96443
9
-0.14349 -0.3708026 2.163606
-0.2232343 -0.3684012 2.120365
-0.05889149 -0.3606662 2.13369
-0.3817631 -0.6433026 2.117436
0.08263133 -0.6476981 2.047284
-0.5759597 -0.9416645 2.143672
0.03230402 -0.9813168 2.097353
-0.5486019 -0.9865851 2.011351
0.05050463 -1.025035 1.96443
9
-0.1286803 -0.3812774 2.164161
-0.2096703 -0.3778267 2.121128
-0.04330712 -0.371885 2.134055
-0.3729998 -0.6498724 2.118224
0.09448767 -0.6593412 2.041663
-0.5718439 -0.9423049 2.143073
0.03354458 -0.9802703 2.093267
-0.5443549 -0.98785 2.011163
0.05191419 -1.024619 1.960769
9
-0.1286803 -0.3812774 2.164161
-0.2096703 -0.3778267 2.121128
-0.04330712 -0.371885 2.134055
-0.3729998 -0.6498724 2.118224
0.09448767 -0.6593412 2.041663
-0.5718439 -0.9423049 2.143073
0.03354458 -0.9802703 2.093267
-0.5443549 -0.98785 2.011163
0.05191419 -1.024619 1.960769
9
-0.1286803 -0.3812774 2.164161
-0.2096703 -0.3778267 2.121128
-0.04330712 -0.371885 2.134055
-0.3729998 -0.6498724 2.118224
0.09448767 -0.6593412 2.041663
-0.5718439 -0.9423049 2.143073
0.03354458 -0.9802703 2.093267
-0.5443549 -0.98785 2.011163
0.05191419 -1.024619 1.960769
9
-0.1286803 -0.3812774 2.164161
-0.2096703 -0.3778267 2.121128
-0.04330712 -0.371885 2.134055
-0.3729998 -0.6498724 2.118224
0.09448767 -0.6593412 2.041663
-0.5718439 -0.9423049 2.143073
0.03354458 -0.9802703 2.093267
-0.5443549 -0.98785 2.011163
0.05191419 -1.024619 1.960769
9
-0.09569565 -0.4050074 2.164492
-0.1795033 -0.3989374 2.123136
-0.008547948 -0.3975423 2.132666
-0.3469236 -0.6683952 2.120561
0.1255047 -0.682327 2.022622
-0.5617135 -0.9410251 2.14244
0.03480479 -0.9805571 2.089366
-0.5347193 -0.9877853 2.011164
0.05279907 -1.026095 1.957551
9
-0.09569565 -0.4050074 2.164492
-0.1795033 -0.3989374 2.123136
-0.008547948 -0.3975423 2.132666
-0.3469236 -0.6683952 2.120561
0.1255047 -0.682327 2.022622
-0.5617135 -0.9410251 2.14244
0.03480479 -0.9805571 2.089366
-0.5347193 -0.9877853 2.011164
0.05279907 -1.026095 1.957551
9
-0.0887201 -0.4106264 2.164695
-0.170904 -0.4051199 2.12324
-0.003307644 -0.4023674 2.133021
-0.3432639 -0.671507 2.120378
0.1344651 -0.6846415 2.020342
-0.557409 -0.9393193 2.140992
0.03725514 -0.9811003 2.085072
-0.5306609 -0.9861032 2.009673
0.05501857 -1.026621 1.953247
9
-0.0887201 -0.4106264 2.164695
-0.170904 -0.4051199 2.12324
-0.003307644 -0.4023674 2.133021
-0.3432639 -0.671507 2.120378
0.1344651 -0.6846415 2.020342
-0.557409 -0.9393193 2.140992
0.03725514 -0.9811003 2.085072
-0.5306609 -0.9861032 2.009673
0.05501857 -1.026621 1.953247
9
-0.07750797 -0.4191368 2.164924
-0.1596216 -0.4130093 2.123619
0.007251087 -0.4111161 2.133195
-0.333569 -0.67838 2.120665
0.1471734 -0.6910239 2.01635
-0.5480619 -0.934656 2.139552
0.04695873 -0.9784977 2.077473
-0.5212393 -0.9817353 2.008378
0.06476439 -1.024263 1.945851
9
-0.07750797 -0.4191368 2.164924
-0.1596216 -0.4130093 2.123619
0.007251087 -0.4111161 2.133195
-0.333569 -0.67838 2.120665
0.1471734 -0.6910239 2.01635
-0.5480619 -0.934656 2.139552
0.04695873 -0.9784977 2.077473
-0.5212393 -0.9817353 2.008378
0.06476439 -1.024263 1.945851
9
-0.06730842 -0.4274418 2.16575
-0.150001 -0.4209461 2.125038
0.01769074 -0.4195505 2.133478
-0.3319104 -0.6813227 2.119882
0.1584906 -0.6975799 2.012284
-0.5457312 -0.9347494 2.138247
0.05156231 -0.9759223 2.073261
-0.5193242 -0.9822262 2.007253
0.06890748 -1.022104 1.94182
9
-0.06730842 -0.4274418 2.16575
-0.150001 -0.4209461 2.125038
0.01769074 -0.4195505 2.133478
-0.3319104 -0.6813227 2.119882
0.1584906 -0.6975799 2.012284
-0.5457312 -0.9347494 2.138247
0.05156231 -0.9759223 2.073261
-0.5193242 -0.9822262 2.007253
0.06890748 -1.022104 1.94182
9
-0.05993276 -0.4337916 2.165698
-0.1428303 -0.4271514 2.124591
0.02500463 -0.4258372 2.133879
-0.3279604 -0.6850666 2.120709
0.1668992 -0.7024217 2.010214
-0.5433469 -0.9335575 2.137698
0.05514805 -0.9756358 2.071163
-0.517439 -0.9813362 2.00679
0.0661293 -1.055305 2.067245
9
-0.05993276 -0.4337916 2.165698
-0.1428303 -0.4271514 2.124591
0.02500463 -0.4258372 2.133879
-0.3279604 -0.6850666 2.120709
0.1668992 -0.7024217 2.010214
-0.5433469 -0.9335575 2.137698
0.05514805 -0.9756358 2.071163
-0.517439 -0.9813362 2.00679
0.0661293 -1.055305 2.067245
9
-0.05401918 -0.4395094 2.165645
-0.1372262 -0.4325545 2.124735
0.03101481 -0.4316799 2.133663
-0.323365 -0.6896363 2.121437
0.1773031 -0.7050398 2.00729
-0.5395466 -0.933153 2.137738
0.06169533 -0.9755611 2.067663
-0.514122 -0.9810554 2.006818
0.07798097 -1.022131 1.936339
9
-0.05401918 -0.4395094 2.165645
-0.1372262 -0.4325545 2.124735
0.03101481 -0.4316799 2.133663
-0.323365 -0.6896363 2.121437
0.1773031 -0.7050398 2.00729
-0.5395466 -0.933153 2.137738
0.06169533 -0.9755611 2.067663
-0.514122 -0.9810554 2.006818
0.07798097 -1.022131 1.936339
9
-0.04735742 -0.445372 2.164952
-0.1309456 -0.4385914 2.124197
0.03783591 -0.4371778 2.132856
-0.3184882 -0.6944247 2.122226
0.1852414 -0.7092081 2.004653
-0.5360827 -0.9339192 2.138284
0.06414425 -0.9748229 2.066319
-0.5111068 -0.9819244 2.007359
0.07999416 -1.021509 1.934999
9
-0.04735742 -0.445372 2.164952
-0.1309456 -0.4385914 2.124197
0.03783591 -0.4371778 2.132856
-0.3184882 -0.6944247 2.122226
0.1852414 -0.7092081 2.004653
-0.5360827 -0.9339192 2.138284
0.06414425 -0.9748229 2.066319
-0.5111068 -0.9819244 2.007359
0.07999416 -1.021509 1.934999
9
-0.04183515 -0.4491802 2.165163
-0.1252535 -0.4426776 2.124659
0.04300293 -0.4405974 2.132857
-0.3155496 -0.6966759 2.121738
0.1910085 -0.7117356 2.003219
-0.5339693 -0.9344728 2.137776
0.06688105 -0.9747334 2.065287
-0.5092105 -0.9825098 2.006845
0.08249963 -1.02146 1.933967
9
-0.04183515 -0.4491802 2.165163
-0.1252535 -0.4426776 2.124659
0.04300293 -0.4405974 2.132857
-0.3155496 -0.6966759 2.121738
0.1910085 -0.7117356 2.003219
-0.5339693 -0.9344728 2.137776
0.06688105 -0.9747334 2.065287
-0.5092105 -0.9825098 2.006845
0.08249963 -1.02146 1.933967
9
-0.03700792 -0.452316 2.165094
-0.1208872 -0.445602 2.124901
0.04814581 -0.4438443 2.132469
-0.312166 -0.6989328 2.121697
0.1956076 -0.714672 2.001331
-0.5321817 -0.9343982 2.137418
0.07787314 -0.9615836 2.057378
-0.5076609 -0.9824556 2.006462
0.09309728 -1.008459 1.925984
9
-0.03700792 -0.452316 2.165094
-0.1208872 -0.445602 2.124901
0.04814581 -0.4438443 2.132469
-0.312166 -0.6989328 2.121697
0.1956076 -0.714672 2.001331
-0.5321817 -0.9343982 2.137418
0.07787314 -0.9615836 2.057378
-0.5076609 -0.9824556 2.006462
0.09309728 -1.008459 1.925984
9
-0.03439255 -0.4539919 2.164972
-0.1187075 -0.4473135 2.124941
0.05114774 -0.4454205 2.132183
-0.3103787 -0.7004611 2.121072
0.1992806 -0.715201 1.999132
-0.5318823 -0.9358326 2.136789
0.07499914 -0.9692514 2.059258
-0.5078776 -0.9839047 2.00578
0.0897598 -1.016074 1.927843
9
-0.03439255 -0.4539919 2.164972
-0.1187075 -0.4473135 2.124941
0.05114774 -0.4454205 2.132183
-0.3103787 -0.7004611 2.121072
0.1992806 -0.715201 1.999132
-0.5318823 -0.9358326 2.136789
0.07499914 -0.9692514 2.059258
-0.5078776 -0.9839047 2.00578
0.0897598 -1.016074 1.927843
9
-0.03439255 -0.4539919 2.164972
-0.1187075 -0.4473135 2.124941
0.05114774 -0.4454205 2.132183
-0.3103787 -0.7004611 2.121072
0.1992806 -0.715201 1.999132
-0.5318823 -0.9358326 2.136789
0.07499914 -0.9692514 2.059258
-0.5078776 -0.9839047 2.00578
0.0897598 -1.016074 1.927843
9
-0.03260497 -0.455096 2.164926
-0.1172262 -0.4484408 2.125108
0.05321053 -0.4464654 2.131912
-0.309544 -0.7011501 2.120987
0.2012541 -0.7160568 1.998277
-0.5312147 -0.9364765 2.136044
0.08255281 -0.9598604 2.052582
-0.5075597 -0.9845276 2.004979
0.09684625 -1.006759 1.921072
9
-0.03232119 -0.4553086 2.16497
-0.1170105 -0.4485805 2.125203
0.05355872 -0.4467611 2.131895
-0.3090473 -0.7015219 2.120938
0.2022408 -0.7157726 1.997584
-0.5308484 -0.9367713 2.135572
0.08289731 -0.9550653 2.049162
-0.507467 -0.9848384 2.004481
0.09691302 -1.002029 1.917606
9
-0.03232119 -0.4553086 2.16497
-0.1170105 -0.4485805 2.125203
0.05355872 -0.4467611 2.131895
-0.3090473 -0.7015219 2.120938
0.2022408 -0.7157726 1.997584
-0.5308484 -0.9367713 2.135572
0.08289731 -0.9550653 2.049162
-0.507467 -0.9848384 2.004481
0.09691302 -1.002029 1.917606
9
-0.03232119 -0.4553086 2.16497
-0.1170105 -0.4485805 2.125203
0.05355872 -0.4467611 2.131895
-0.3090473 -0.7015219 2.120938
0.2022408 -0.7157726 1.997584
-0.5308484 -0.9367713 2.135572
0.08289731 -0.9550653 2.049162
-0.507467 -0.9848384 2.004481
0.09691302 -1.002029 1.917606
9
-0.03232119 -0.4553086 2.16497
-0.1170105 -0.4485805 2.125203
0.05355872 -0.4467611 2.131895
-0.3090473 -0.7015219 2.120938
0.2022408 -0.7157726 1.997584
-0.5308484 -0.9367713 2.135572
0.08289731 -0.9550653 2.049162
-0.507467 -0.9848384 2.004481
0.09691302 -1.002029 1.917606
9
-0.03204153 -0.4550217 2.165012
-0.1167974 -0.4483467 2.125349
0.05391762 -0.446397 2.131818
-0.3088795 -0.7012716 2.121028
0.2022319 -0.7154709 1.997093
-0.5298636 -0.9370998 2.13533
0.08106806 -0.9613643 2.05348
-0.5067068 -0.9851227 2.004183
0.094906 -1.008233 1.921893
9
-0.03204153 -0.4550217 2.165012
-0.1167974 -0.4483467 2.125349
0.05391762 -0.446397 2.131818
-0.3088795 -0.7012716 2.121028
0.2022319 -0.7154709 1.997093
-0.5298636 -0.9370998 2.13533
0.08106806 -0.9613643 2.05348
-0.5067068 -0.9851227 2.004183
0.094906 -1.008233 1.921893
9
-0.03248321 -0.4540664 2.16505
-0.1172706 -0.4474409 2.125556
0.05348875 -0.4453872 2.131686
-0.3091132 -0.7005622 2.121189
0.2016837 -0.7146362 1.997215
-0.5291954 -0.9370939 2.135393
0.08074512 -0.9617 2.053764
-0.5066813 -0.9850422 2.004102
0.0939555 -1.008492 1.922036
9
-0.03248321 -0.4540664 2.16505
-0.1172706 -0.4474409 2.125556
0.05348875 -0.4453872 2.131686
-0.3091132 -0.7005622 2.121189
0.2016837 -0.7146362 1.997215
-0.5291954 -0.9370939 2.135393
0.08074512 -0.9617 2.053764
-0.5066813 -0.9850422 2.004102
0.0939555 -1.008492 1.922036
9
-0.0340895 -0.4515742 2.164893
-0.1189206 -0.4450662 2.125411
0.05195488 -0.4428599 2.131515
-0.3095985 -0.6990223 2.121331
0.1989 -0.7131671 1.99801
-0.5285448 -0.9370327 2.135223
0.07854113 -0.9646273 2.055561
-0.5068138 -0.9847497 2.003676
0.09101385 -1.011161 1.923591
9
-0.0340895 -0.4515742 2.164893
-0.1189206 -0.4450662 2.125411
0.05195488 -0.4428599 2.131515
-0.3095985 -0.6990223 2.121331
0.1989 -0.7131671 1.99801
-0.5285448 -0.9370327 2.135223
0.07854113 -0.9646273 2.055561
-0.5068138 -0.9847497 2.003676
0.09101385 -1.011161 1.923591
