40
9
-0.1016222 -0.3985872 2.171421
-0.1858056 -0.4031761 2.139192
-0.01397584 -0.3805491 2.130405
-0.3657278 -0.7429235 2.183896
0.1605035 -0.6447783 1.985585
-0.5580648 -0.96223 2.221479
0.1232003 -0.9825807 2.041663
-0.556211 -1.003255 2.084829
0.1149302 -1.021947 1.90481
9
-0.1016222 -0.3985872 2.171421
-0.1858056 -0.4031761 2.139192
-0.01397584 -0.3805491 2.130405
-0.3657278 -0.7429235 2.183896
0.1605035 -0.6447783 1.985585
-0.5580648 -0.96223 2.221479
0.1232003 -0.9825807 2.041663
-0.556211 -1.003255 2.084829
0.1149302 -1.021947 1.90481
9
-0.1016222 -0.3985872 2.171421
-0.1858056 -0.4031761 2.139192
-0.01397584 -0.3805491 2.130405
-0.3657278 -0.7429235 2.183896
0.1605035 -0.6447783 1.985585
-0.5580648 -0.96223 2.221479
0.1232003 -0.9825807 2.041663
-0.556211 -1.003255 2.084829
0.1149302 -1.021947 1.90481
9
-0.1016222 -0.3985872 2.171421
-0.1858056 -0.4031761 2.139192
-0.01397584 -0.3805491 2.130405
-0.3657278 -0.7429235 2.183896
0.1605035 -0.6447783 1.985585
-0.5580648 -0.96223 2.221479
0.1232003 -0.9825807 2.041663
-0.556211 -1.003255 2.084829
0.1149302 -1.021947 1.90481
9
-0.0826183 -0.4122841 2.166427
-0.1656695 -0.4178707 2.135949
0.003454467 -0.392915 2.123793
-0.2905785 -0.7150735 2.159523
0.1779625 -0.6546095 1.973788
-0.488959 -0.9134836 2.2106
0.1277998 -0.9787992 2.036069
-0.489785 -0.9556529 2.074019
0.1176541 -1.018849 1.899693
9
-0.0826183 -0.4122841 2.166427
-0.1656695 -0.4178707 2.135949
0.003454467 -0.392915 2.123793
-0.2905785 -0.7150735 2.159523
0.1779625 -0.6546095 1.973788
-0.488959 -0.9134836 2.2106
0.1277998 -0.9787992 2.036069
-0.489785 -0.9556529 2.074019
0.1176541 -1.018849 1.899693
9
-0.0709754 -0.4213941 2.164139
-0.1553588 -0.4255867 2.134359
0.01590513 -0.4030449 2.120765
-0.2917355 -0.717363 2.159581
0.1905559 -0.6618064 1.964634
-0.497434 -0.930437 2.211691
0.131409 -0.9778563 2.030552
-0.6096697 -0.9791758 2.16447
0.1212315 -1.018207 1.894361
9
-0.0709754 -0.4213941 2.164139
-0.1553588 -0.4255867 2.134359
0.01590513 -0.4030449 2.120765
-0.2917355 -0.717363 2.159581
0.1905559 -0.6618064 1.964634
-0.497434 -0.930437 2.211691
0.131409 -0.9778563 2.030552
-0.6096697 -0.9791758 2.16447
0.1212315 -1.018207 1.894361
9
-0.0709754 -0.4213941 2.164139
-0.1553588 -0.4255867 2.134359
0.01590513 -0.4030449 2.120765
-0.2917355 -0.717363 2.159581
0.1905559 -0.6618064 1.964634
-0.497434 -0.930437 2.211691
0.131409 -0.9778563 2.030552
-0.6096697 -0.9791758 2.16447
0.1212315 -1.018207 1.894361
9
-0.0709754 -0.4213941 2.164139
-0.1553588 -0.4255867 2.134359
0.01590513 -0.4030449 2.120765
-0.2917355 -0.717363 2.159581
0.1905559 -0.6618064 1.964634
-0.497434 -0.930437 2.211691
0.131409 -0.9778563 2.030552
-0.6096697 -0.9791758 2.16447
0.1212315 -1.018207 1.894361
9
-0.0709754 -0.4213941 2.164139
-0.1553588 -0.4255867 2.134359
0.01590513 -0.4030449 2.120765
-0.2917355 -0.717363 2.159581
0.1905559 -0.6618064 1.964634
-0.497434 -0.930437 2.211691
0.131409 -0.9778563 2.030552
-0.6096697 -0.9791758 2.16447
0.1212315 -1.018207 1.894361
9
-0.0709754 -0.4213941 2.164139
-0.1553588 -0.4255867 2.134359
0.01590513 -0.4030449 2.120765
-0.2917355 -0.717363 2.159581
0.1905559 -0.6618064 1.964634
-0.497434 -0.930437 2.211691
0.131409 -0.9778563 2.030552
-0.6096697 -0.9791758 2.16447
0.1212315 -1.018207 1.894361
9
-0.02668993 -0.4495871 2.15723
-0.1128812 -0.4526222 2.129409
0.05988106 -0.4309802 2.112136
-0.286161 -0.7238079 2.15699
0.2290517 -0.6823159 1.935334
-0.4982851 -0.9347797 2.211891
0.1305861 -0.986246 2.030158
-0.5012116 -0.9782054 2.076463
0.1181883 -1.027673 1.894873
9
-0.02668993 -0.4495871 2.15723
-0.1128812 -0.4526222 2.129409
0.05988106 -0.4309802 2.112136
-0.286161 -0.7238079 2.15699
0.2290517 -0.6823159 1.935334
-0.4982851 -0.9347797 2.211891
0.1305861 -0.986246 2.030158
-0.5012116 -0.9782054 2.076463
0.1181883 -1.027673 1.894873
9
-0.02668993 -0.4495871 2.15723
-0.1128812 -0.4526222 2.129409
0.05988106 -0.4309802 2.112136
-0.286161 -0.7238079 2.15699
0.2290517 -0.6823159 1.935334
-0.4982851 -0.9347797 2.211891
0.1305861 -0.986246 2.030158
-0.5012116 -0.9782054 2.076463
0.1181883 -1.027673 1.894873
9
-0.02502582 -0.4505016 2.156245
-0.111183 -0.4534405 2.12842
0.06167211 -0.4320897 2.111089
-0.2803024 -0.7275246 2.155019
0.2307054 -0.6834431 1.934067
-0.4981186 -0.9363391 2.211978
0.1400024 -0.9748664 2.017788
-0.6131036 -0.9797549 2.166121
0.1272465 -1.016381 1.882504
9
-0.02502582 -0.4505016 2.156245
-0.111183 -0.4534405 2.12842
0.06167211 -0.4320897 2.111089
-0.2803024 -0.7275246 2.155019
0.2307054 -0.6834431 1.934067
-0.4981186 -0.9363391 2.211978
0.1400024 -0.9748664 2.017788
-0.6131036 -0.9797549 2.166121
0.1272465 -1.016381 1.882504
9
-0.02502582 -0.4505016 2.156245
-0.111183 -0.4534405 2.12842
0.06167211 -0.4320897 2.111089
-0.2803024 -0.7275246 2.155019
0.2307054 -0.6834431 1.934067
-0.4981186 -0.9363391 2.211978
0.1400024 -0.9748664 2.017788
-0.6131036 -0.9797549 2.166121
0.1272465 -1.016381 1.882504
9
-0.02168085 -0.4538037 2.155732
-0.1080353 -0.4561284 2.128043
0.06530641 -0.4361215 2.110435
-0.2744329 -0.7321305 2.153719
0.2367717 -0.6845382 1.931062
-0.4973919 -0.9378449 2.212052
0.1374945 -0.9816706 2.019705
-0.6127224 -0.9804322 2.165781
0.1236413 -1.023456 1.884771
9
-0.02168085 -0.4538037 2.155732
-0.1080353 -0.4561284 2.128043
0.06530641 -0.4361215 2.110435
-0.2744329 -0.7321305 2.153719
0.2367717 -0.6845382 1.931062
-0.4973919 -0.9378449 2.212052
0.1374945 -0.9816706 2.019705
-0.6127224 -0.9804322 2.165781
0.1236413 -1.023456 1.884771
9
-0.01460625 -0.4558251 2.153934
-0.1010596 -0.4579306 2.126805
0.07237475 -0.4383111 2.108068
-0.2696682 -0.7326807 2.152697
0.241728 -0.6880771 1.928687
-0.4965425 -0.9388617 2.212107
0.1366044 -0.9854593 2.022455
-0.6120383 -0.980706 2.164392
0.1216252 -1.027392 1.887786
9
-0.01460625 -0.4558251 2.153934
-0.1010596 -0.4579306 2.126805
0.07237475 -0.4383111 2.108068
-0.2696682 -0.7326807 2.152697
0.241728 -0.6880771 1.928687
-0.4965425 -0.9388617 2.212107
0.1366044 -0.9854593 2.022455
-0.6120383 -0.980706 2.164392
0.1216252 -1.027392 1.887786
9
-0.01460625 -0.4558251 2.153934
-0.1010596 -0.4579306 2.126805
0.07237475 -0.4383111 2.108068
-0.2696682 -0.7326807 2.152697
0.241728 -0.6880771 1.928687
-0.4965425 -0.9388617 2.212107
0.1366044 -0.9854593 2.022455
-0.6120383 -0.980706 2.164392
0.1216252 -1.027392 1.887786
9
-0.01460625 -0.4558251 2.153934
-0.1010596 -0.4579306 2.126805
0.07237475 -0.4383111 2.108068
-0.2696682 -0.7326807 2.152697
0.241728 -0.6880771 1.928687
-0.4965425 -0.9388617 2.212107
0.1366044 -0.9854593 2.022455
-0.6120383 -0.980706 2.164392
0.1216252 -1.027392 1.887786
9
-0.01460625 -0.4558251 2.153934
-0.1010596 -0.4579306 2.126805
0.07237475 -0.4383111 2.108068
-0.2696682 -0.7326807 2.152697
0.241728 -0.6880771 1.928687
-0.4965425 -0.9388617 2.212107
0.1366044 -0.9854593 2.022455
-0.6120383 -0.980706 2.164392
0.1216252 -1.027392 1.887786
9
-0.01088584 -0.4561231 2.153136
-0.09732133 -0.4580342 2.126238
0.07597455 -0.4387816 2.107055
-0.2666967 -0.7323471 2.152481
0.2453498 -0.6891975 1.928858
-0.4969416 -0.9413715 2.212161
0.1370874 -0.988031 2.023965
-0.6145917 -0.9770962 2.161244
0.1213541 -1.029953 1.889413
9
-0.01088584 -0.4561231 2.153136
-0.09732133 -0.4580342 2.126238
0.07597455 -0.4387816 2.107055
-0.2666967 -0.7323471 2.152481
0.2453498 -0.6891975 1.928858
-0.4969416 -0.9413715 2.212161
0.1370874 -0.988031 2.023965
-0.6145917 -0.9770962 2.161244
0.1213541 -1.029953 1.889413
9
-0.008484619 -0.4557298 2.152135
-0.09450313 -0.4574182 2.125151
0.07791748 -0.4385804 2.106147
-0.2648674 -0.7309913 2.152387
0.2480128 -0.6893794 1.929448
-0.4973283 -0.9419147 2.212184
0.1351507 -0.9892195 2.026804
-0.6143172 -0.9783974 2.159015
0.1191526 -1.031085 1.892256
9
-0.008484619 -0.4557298 2.152135
-0.09450313 -0.4574182 2.125151
0.07791748 -0.4385804 2.106147
-0.2648674 -0.7309913 2.152387
0.2480128 -0.6893794 1.929448
-0.4973283 -0.9419147 2.212184
0.1351507 -0.9892195 2.026804
-0.6143172 -0.9783974 2.159015
0.1191526 -1.031085 1.892256
9
-0.006989555 -0.4546793 2.151899
-0.09290279 -0.4561586 2.124935
0.07924786 -0.4377568 2.105895
-0.2633766 -0.7297339 2.152367
0.2493417 -0.6893216 1.930489
-0.4965017 -0.9416811 2.212477
0.1357794 -0.9904981 2.028392
-0.6146004 -0.9751194 2.158772
0.1195118 -1.032363 1.893893
9
-0.006989555 -0.4546793 2.151899
-0.09290279 -0.4561586 2.124935
0.07924786 -0.4377568 2.105895
-0.2633766 -0.7297339 2.152367
0.2493417 -0.6893216 1.930489
-0.4965017 -0.9416811 2.212477
0.1357794 -0.9904981 2.028392
-0.6146004 -0.9751194 2.158772
0.1195118 -1.032363 1.893893
9
-0.005719467 -0.4530964 2.15169
-0.09161807 -0.4544001 2.124779
0.08044726 -0.4363966 2.105634
-0.2623105 -0.7280236 2.15202
0.2507032 -0.6888521 1.931954
-0.4773778 -0.920436 2.215525
0.1356047 -0.9907367 2.02973
-0.5936431 -0.9597202 2.162628
0.1188944 -1.032588 1.89528
9
-0.005719467 -0.4530964 2.15169
-0.09161807 -0.4544001 2.124779
0.08044726 -0.4363966 2.105634
-0.2623105 -0.7280236 2.15202
0.2507032 -0.6888521 1.931954
-0.4773778 -0.920436 2.215525
0.1356047 -0.9907367 2.02973
-0.5936431 -0.9597202 2.162628
0.1188944 -1.032588 1.89528
9
-0.005261073 -0.4507128 2.152135
-0.09113288 -0.4518338 2.124804
0.08086917 -0.4342037 2.10648
-0.2612104 -0.7259335 2.152194
0.2523425 -0.6868995 1.934585
-0.4776693 -0.9219232 2.216034
0.136004 -0.9905633 2.032041
-0.5944453 -0.9601539 2.163594
0.1809717 -1.045095 2.053159
9
-0.005261073 -0.4507128 2.152135
-0.09113288 -0.4518338 2.124804
0.08086917 -0.4342037 2.10648
-0.2612104 -0.7259335 2.152194
0.2523425 -0.6868995 1.934585
-0.4776693 -0.9219232 2.216034
0.136004 -0.9905633 2.032041
-0.5944453 -0.9601539 2.163594
0.1809717 -1.045095 2.053159
9
-0.006466436 -0.4472137 2.152722
-0.09223528 -0.4477995 2.125281
0.07960951 -0.4313318 2.107141
-0.2608445 -0.7230358 2.15229
0.2529859 -0.6845686 1.938519
-0.4744128 -0.9170067 2.215544
0.1373603 -0.9913305 2.033317
-0.5898866 -0.9585376 2.1635
0.1202243 -1.033093 1.89886
9
-0.006466436 -0.4472137 2.152722
-0.09223528 -0.4477995 2.125281
0.07960951 -0.4313318 2.107141
-0.2608445 -0.7230358 2.15229
0.2529859 -0.6845686 1.938519
-0.4744128 -0.9170067 2.215544
0.1373603 -0.9913305 2.033317
-0.5898866 -0.9585376 2.1635
0.1202243 -1.033093 1.89886
9
-0.0102876 -0.4424136 2.15417
-0.09552449 -0.4429376 2.126534
0.07534083 -0.4267976 2.108771
-0.261229 -0.7202038 2.152919
0.2514006 -0.6806441 1.944621
-0.4855393 -0.9275771 2.215986
0.1477952 -0.9800459 2.029108
-0.6017526 -0.9664177 2.162536
0.1304685 -1.02178 1.894519
9
-0.0102876 -0.4424136 2.15417
-0.09552449 -0.4429376 2.126534
0.07534083 -0.4267976 2.108771
-0.261229 -0.7202038 2.152919
0.2514006 -0.6806441 1.944621
-0.4855393 -0.9275771 2.215986
0.1477952 -0.9800459 2.029108
-0.6017526 -0.9664177 2.162536
0.1304685 -1.02178 1.894519
9
-0.01459453 -0.4370307 2.155895
-0.0994808 -0.437326 2.127581
0.07077688 -0.4218159 2.111171
-0.2657841 -0.7142147 2.154331
0.248396 -0.6763082 1.950315
-0.4870737 -0.9298134 2.215614
0.1481271 -0.9796395 2.029272
-0.604056 -0.9666554 2.161992
0.1310555 -1.021284 1.894588
