40
9
-0.1283848 -0.1021844 1.832801
-0.1996138 -0.1067692 1.803836
-0.05192743 -0.09350777 1.788389
-0.4118759 -0.3422776 1.759369
0.1031677 -0.3283806 1.594186
-0.567264 -0.7486467 1.816877
0.09742929 -0.7699442 1.615342
-0.5688428 -0.7915469 1.71055
0.08395667 -0.810564 1.508547
9
-0.1053727 -0.1132771 1.830134
-0.1768675 -0.1174202 1.802193
-0.02956614 -0.1045979 1.784679
-0.3940545 -0.3484978 1.765381
0.1214753 -0.3343488 1.580136
-0.5640286 -0.7493918 1.820176
0.1023854 -0.7746689 1.60993
-0.5642482 -0.7937567 1.71476
0.09023786 -0.8166349 1.50413
9
-0.1053727 -0.1132771 1.830134
-0.1768675 -0.1174202 1.802193
-0.02956614 -0.1045979 1.784679
-0.3940545 -0.3484978 1.765381
0.1214753 -0.3343488 1.580136
-0.5640286 -0.7493918 1.820176
0.1023854 -0.7746689 1.60993
-0.5642482 -0.7937567 1.71476
0.09023786 -0.8166349 1.50413
9
-0.1053727 -0.1132771 1.830134
-0.1768675 -0.1174202 1.802193
-0.02956614 -0.1045979 1.784679
-0.3940545 -0.3484978 1.765381
0.1214753 -0.3343488 1.580136
-0.5640286 -0.7493918 1.820176
0.1023854 -0.7746689 1.60993
-0.5642482 -0.7937567 1.71476
0.09023786 -0.8166349 1.50413
9
-0.1053727 -0.1132771 1.830134
-0.1768675 -0.1174202 1.802193
-0.02956614 -0.1045979 1.784679
-0.3940545 -0.3484978 1.765381
0.1214753 -0.3343488 1.580136
-0.5640286 -0.7493918 1.820176
0.1023854 -0.7746689 1.60993
-0.5642482 -0.7937567 1.71476
0.09023786 -0.8166349 1.50413
9
-0.1053727 -0.1132771 1.830134
-0.1768675 -0.1174202 1.802193
-0.02956614 -0.1045979 1.784679
-0.3940545 -0.3484978 1.765381
0.1214753 -0.3343488 1.580136
-0.5640286 -0.7493918 1.820176
0.1023854 -0.7746689 1.60993
-0.5642482 -0.7937567 1.71476
0.09023786 -0.8166349 1.50413
9
-0.06410239 -0.1350628 1.823729
-0.1341595 -0.138825 1.795479
0.008637174 -0.1258392 1.778573
-0.3573727 -0.3632818 1.776378
0.1569438 -0.3430373 1.557036
-0.5528621 -0.7536357 1.823312
0.1022151 -0.7776973 1.607442
-0.5513305 -0.7991974 1.718613
0.09202268 -0.8208572 1.502426
9
-0.05847158 -0.1384828 1.821486
-0.1290374 -0.1413309 1.793774
0.01457126 -0.1301516 1.775727
-0.3510303 -0.3670721 1.7754
0.1638989 -0.3462993 1.553829
-0.5450168 -0.7583156 1.821488
0.07802616 -0.7384746 1.638661
-0.5452253 -0.8040385 1.717163
0.1046545 -0.8029152 1.580748
9
-0.05847158 -0.1384828 1.821486
-0.1290374 -0.1413309 1.793774
0.01457126 -0.1301516 1.775727
-0.3510303 -0.3670721 1.7754
0.1638989 -0.3462993 1.553829
-0.5450168 -0.7583156 1.821488
0.07802616 -0.7384746 1.638661
-0.5452253 -0.8040385 1.717163
0.1046545 -0.8029152 1.580748
9
-0.05847158 -0.1384828 1.821486
-0.1290374 -0.1413309 1.793774
0.01457126 -0.1301516 1.775727
-0.3510303 -0.3670721 1.7754
0.1638989 -0.3462993 1.553829
-0.5450168 -0.7583156 1.821488
0.07802616 -0.7384746 1.638661
-0.5452253 -0.8040385 1.717163
0.1046545 -0.8029152 1.580748
9
-0.03896068 -0.1534647 1.817536
-0.1111342 -0.1561446 1.790294
0.03484451 -0.1445692 1.771379
-0.3406755 -0.3743128 1.772269
0.1793895 -0.3565467 1.541715
-0.5414052 -0.7618371 1.81986
0.07973409 -0.7363675 1.636472
-0.5387427 -0.8076243 1.715276
0.1045782 -0.8034534 1.581639
9
-0.02925064 -0.1638707 1.813658
-0.1016393 -0.1669496 1.785573
0.04439152 -0.1542039 1.768341
-0.3259981 -0.3902697 1.768535
0.1951168 -0.35962 1.536631
-0.4850523 -0.7150038 1.813749
0.08084808 -0.7356363 1.635325
-0.4836236 -0.761516 1.708839
0.1087672 -0.8064017 1.58304
9
-0.02925064 -0.1638707 1.813658
-0.1016393 -0.1669496 1.785573
0.04439152 -0.1542039 1.768341
-0.3259981 -0.3902697 1.768535
0.1951168 -0.35962 1.536631
-0.4850523 -0.7150038 1.813749
0.08084808 -0.7356363 1.635325
-0.4836236 -0.761516 1.708839
0.1087672 -0.8064017 1.58304
9
-0.02925064 -0.1638707 1.813658
-0.1016393 -0.1669496 1.785573
0.04439152 -0.1542039 1.768341
-0.3259981 -0.3902697 1.768535
0.1951168 -0.35962 1.536631
-0.4850523 -0.7150038 1.813749
0.08084808 -0.7356363 1.635325
-0.4836236 -0.761516 1.708839
0.1087672 -0.8064017 1.58304
9
-0.01882495 -0.1741147 1.809168
-0.09254414 -0.1758861 1.781935
0.0557593 -0.1653467 1.763
-0.3211891 -0.3945023 1.767623
0.2081454 -0.3671641 1.529215
-0.4811131 -0.714848 1.8129
0.08235977 -0.7349133 1.633282
-0.4809775 -0.7613494 1.708107
0.1094066 -0.8067322 1.582795
9
-0.01882495 -0.1741147 1.809168
-0.09254414 -0.1758861 1.781935
0.0557593 -0.1653467 1.763
-0.3211891 -0.3945023 1.767623
0.2081454 -0.3671641 1.529215
-0.4811131 -0.714848 1.8129
0.08235977 -0.7349133 1.633282
-0.4809775 -0.7613494 1.708107
0.1094066 -0.8067322 1.582795
9
-0.008221786 -0.1855938 1.807823
-0.0812273 -0.1890325 1.779508
0.0652348 -0.174826 1.762694
-0.3174377 -0.3994108 1.76591
0.2153582 -0.3723319 1.523293
-0.4605739 -0.7039941 1.810214
0.08737532 -0.749867 1.632054
-0.536842 -0.7585854 1.780263
0.1117216 -0.8081869 1.581385
9
-0.008221786 -0.1855938 1.807823
-0.0812273 -0.1890325 1.779508
0.0652348 -0.174826 1.762694
-0.3174377 -0.3994108 1.76591
0.2153582 -0.3723319 1.523293
-0.4605739 -0.7039941 1.810214
0.08737532 -0.749867 1.632054
-0.536842 -0.7585854 1.780263
0.1117216 -0.8081869 1.581385
9
7.227784E-05 -0.1943137 1.805176
-0.07336783 -0.1977936 1.776632
0.0735231 -0.1829878 1.760413
-0.3112133 -0.4060076 1.765162
0.2239817 -0.3765224 1.517765
-0.5418338 -0.7751635 1.818702
0.09091371 -0.739226 1.623961
-0.597581 -0.8070061 1.778987
0.1117264 -0.8082064 1.581018
9
0.007846165 -0.2015057 1.802906
-0.06585462 -0.2049117 1.774866
0.08126245 -0.1899426 1.757698
-0.30785 -0.4081952 1.76466
0.2306129 -0.3808034 1.512035
-0.5434502 -0.7740484 1.81889
0.09206262 -0.7472405 1.62407
-0.5982919 -0.8071628 1.778829
0.111701 -0.8084432 1.580511
9
0.007846165 -0.2015057 1.802906
-0.06585462 -0.2049117 1.774866
0.08126245 -0.1899426 1.757698
-0.30785 -0.4081952 1.76466
0.2306129 -0.3808034 1.512035
-0.5434502 -0.7740484 1.81889
0.09206262 -0.7472405 1.62407
-0.5982919 -0.8071628 1.778829
0.111701 -0.8084432 1.580511
9
0.007846165 -0.2015057 1.802906
-0.06585462 -0.2049117 1.774866
0.08126245 -0.1899426 1.757698
-0.30785 -0.4081952 1.76466
0.2306129 -0.3808034 1.512035
-0.5434502 -0.7740484 1.81889
0.09206262 -0.7472405 1.62407
-0.5982919 -0.8071628 1.778829
0.111701 -0.8084432 1.580511
9
0.007846165 -0.2015057 1.802906
-0.06585462 -0.2049117 1.774866
0.08126245 -0.1899426 1.757698
-0.30785 -0.4081952 1.76466
0.2306129 -0.3808034 1.512035
-0.5434502 -0.7740484 1.81889
0.09206262 -0.7472405 1.62407
-0.5982919 -0.8071628 1.778829
0.111701 -0.8084432 1.580511
9
0.0180043 -0.2128072 1.800589
-0.0558903 -0.2163492 1.772814
0.09119957 -0.2006308 1.755201
-0.3043529 -0.4117492 1.763169
0.2400435 -0.3848019 1.503639
-0.5464139 -0.7730944 1.818608
0.09353667 -0.7508852 1.622415
-0.5426738 -0.8191441 1.714257
0.1128959 -0.8121642 1.579172
9
0.0180043 -0.2128072 1.800589
-0.0558903 -0.2163492 1.772814
0.09119957 -0.2006308 1.755201
-0.3043529 -0.4117492 1.763169
0.2400435 -0.3848019 1.503639
-0.5464139 -0.7730944 1.818608
0.09353667 -0.7508852 1.622415
-0.5426738 -0.8191441 1.714257
0.1128959 -0.8121642 1.579172
9
0.0180043 -0.2128072 1.800589
-0.0558903 -0.2163492 1.772814
0.09119957 -0.2006308 1.755201
-0.3043529 -0.4117492 1.763169
0.2400435 -0.3848019 1.503639
-0.5464139 -0.7730944 1.818608
0.09353667 -0.7508852 1.622415
-0.5426738 -0.8191441 1.714257
0.1128959 -0.8121642 1.579172
9
0.0180043 -0.2128072 1.800589
-0.0558903 -0.2163492 1.772814
0.09119957 -0.2006308 1.755201
-0.3043529 -0.4117492 1.763169
0.2400435 -0.3848019 1.503639
-0.5464139 -0.7730944 1.818608
0.09353667 -0.7508852 1.622415
-0.5426738 -0.8191441 1.714257
0.1128959 -0.8121642 1.579172
9
0.02238108 -0.2178539 1.799334
-0.0518812 -0.2209363 1.771882
0.09578109 -0.2059407 1.753634
-0.2997358 -0.4171566 1.761824
0.2459559 -0.3861962 1.499862
-0.5464407 -0.7751588 1.818044
0.0943892 -0.7516153 1.620572
-0.5435368 -0.8213064 1.713834
0.1137858 -0.812502 1.574878
9
0.02238108 -0.2178539 1.799334
-0.0518812 -0.2209363 1.771882
0.09578109 -0.2059407 1.753634
-0.2997358 -0.4171566 1.761824
0.2459559 -0.3861962 1.499862
-0.5464407 -0.7751588 1.818044
0.0943892 -0.7516153 1.620572
-0.5435368 -0.8213064 1.713834
0.1137858 -0.812502 1.574878
9
0.02238108 -0.2178539 1.799334
-0.0518812 -0.2209363 1.771882
0.09578109 -0.2059407 1.753634
-0.2997358 -0.4171566 1.761824
0.2459559 -0.3861962 1.499862
-0.5464407 -0.7751588 1.818044
0.0943892 -0.7516153 1.620572
-0.5435368 -0.8213064 1.713834
0.1137858 -0.812502 1.574878
9
0.02238108 -0.2178539 1.799334
-0.0518812 -0.2209363 1.771882
0.09578109 -0.2059407 1.753634
-0.2997358 -0.4171566 1.761824
0.2459559 -0.3861962 1.499862
-0.5464407 -0.7751588 1.818044
0.0943892 -0.7516153 1.620572
-0.5435368 -0.8213064 1.713834
0.1137858 -0.812502 1.574878
9
0.02573375 -0.2212884 1.798578
-0.04843347 -0.224498 1.771418
0.09891322 -0.2091136 1.752625
-0.2947386 -0.4230941 1.758879
0.2499244 -0.387518 1.497961
-0.5454875 -0.7779544 1.816488
0.09551144 -0.7525992 1.619612
-0.5430155 -0.8240065 1.712225
0.1145147 -0.8138174 1.575137
9
0.02573375 -0.2212884 1.798578
-0.04843347 -0.224498 1.771418
0.09891322 -0.2091136 1.752625
-0.2947386 -0.4230941 1.758879
0.2499244 -0.387518 1.497961
-0.5454875 -0.7779544 1.816488
0.09551144 -0.7525992 1.619612
-0.5430155 -0.8240065 1.712225
0.1145147 -0.8138174 1.575137
9
0.02731296 -0.2224794 1.798476
-0.04670134 -0.2259166 1.77139
0.1002824 -0.2100462 1.752468
-0.2941553 -0.423179 1.758456
0.251465 -0.3881168 1.497699
-0.5460451 -0.7772167 1.816145
0.09618273 -0.7531797 1.618823
-0.5436476 -0.8233068 1.711849
0.1148646 -0.814567 1.574728
9
0.02731296 -0.2224794 1.798476
-0.04670134 -0.2259166 1.77139
0.1002824 -0.2100462 1.752468
-0.2941553 -0.423179 1.758456
0.251465 -0.3881168 1.497699
-0.5460451 -0.7772167 1.816145
0.09618273 -0.7531797 1.618823
-0.5436476 -0.8233068 1.711849
0.1148646 -0.814567 1.574728
9
0.02770111 -0.2230182 1.798482
-0.04628172 -0.2265368 1.771389
0.1006193 -0.2104806 1.752484
-0.2935224 -0.4239609 1.759232
0.2523759 -0.3880617 1.497694
-0.5456328 -0.7779102 1.816586
0.09664637 -0.7542931 1.618091
-0.602077 -0.8081554 1.772965
0.114902 -0.8158697 1.574401
9
0.02770111 -0.2230182 1.798482
-0.04628172 -0.2265368 1.771389
0.1006193 -0.2104806 1.752484
-0.2935224 -0.4239609 1.759232
0.2523759 -0.3880617 1.497694
-0.5456328 -0.7779102 1.816586
0.09664637 -0.7542931 1.618091
-0.602077 -0.8081554 1.772965
0.114902 -0.8158697 1.574401
9
0.02755697 -0.2230471 1.798801
-0.04640858 -0.2265525 1.771731
0.1004621 -0.2105187 1.752783
-0.2937592 -0.4238544 1.759366
0.2523384 -0.3878991 1.497928
-0.5456762 -0.777977 1.816549
0.09671028 -0.7549085 1.618011
-0.6021385 -0.8082223 1.772768
0.1152092 -0.8162829 1.57323
9
0.02755697 -0.2230471 1.798801
-0.04640858 -0.2265525 1.771731
0.1004621 -0.2105187 1.752783
-0.2937592 -0.4238544 1.759366
0.2523384 -0.3878991 1.497928
-0.5456762 -0.777977 1.816549
0.09671028 -0.7549085 1.618011
-0.6021385 -0.8082223 1.772768
0.1152092 -0.8162829 1.57323
9
0.02690762 -0.2223791 1.799612
-0.0470826 -0.2259144 1.772517
0.09985814 -0.2098411 1.753618
-0.2943909 -0.4233296 1.759663
0.2517526 -0.3870779 1.498655
-0.5454194 -0.7781953 1.816319
0.09669116 -0.7550978 1.618096
-0.6024018 -0.8077476 1.772606
0.1174669 -0.8162126 1.575641
