40
9
-0.1935709 -0.3494607 2.187372
-0.2743515 -0.3519098 2.155377
-0.1061736 -0.3354261 2.145982
-0.4068432 -0.6529214 2.181775
0.0456288 -0.6212614 2.045567
-0.5692556 -0.9515963 2.23155
0.1086093 -0.9875411 2.058597
-0.5633013 -0.9922895 2.09408
0.1045448 -1.026414 1.920943
9
-0.1935709 -0.3494607 2.187372
-0.2743515 -0.3519098 2.155377
-0.1061736 -0.3354261 2.145982
-0.4068432 -0.6529214 2.181775
0.0456288 -0.6212614 2.045567
-0.5692556 -0.9515963 2.23155
0.1086093 -0.9875411 2.058597
-0.5633013 -0.9922895 2.09408
0.1045448 -1.026414 1.920943
9
-0.1535434 -0.3728381 2.1776
-0.2365769 -0.3764344 2.144151
-0.06527711 -0.3566975 2.137733
-0.3743384 -0.6609001 2.173152
0.0839595 -0.6376841 2.015185
-0.5665781 -0.9509056 2.229571
0.1137154 -0.988151 2.050769
-0.5584117 -0.9920755 2.092324
0.1118071 -1.02745 1.913375
9
-0.1535434 -0.3728381 2.1776
-0.2365769 -0.3764344 2.144151
-0.06527711 -0.3566975 2.137733
-0.3743384 -0.6609001 2.173152
0.0839595 -0.6376841 2.015185
-0.5665781 -0.9509056 2.229571
0.1137154 -0.988151 2.050769
-0.5584117 -0.9920755 2.092324
0.1118071 -1.02745 1.913375
9
-0.144996 -0.3775073 2.175356
-0.2281831 -0.3813457 2.142217
-0.05686541 -0.3609564 2.135192
-0.3661418 -0.6659073 2.170392
0.09372503 -0.639737 2.008073
-0.5570927 -0.9486877 2.226163
0.1173057 -0.985527 2.042504
-0.5491771 -0.9900131 2.088975
0.1152013 -1.024967 1.905208
9
-0.144996 -0.3775073 2.175356
-0.2281831 -0.3813457 2.142217
-0.05686541 -0.3609564 2.135192
-0.3661418 -0.6659073 2.170392
0.09372503 -0.639737 2.008073
-0.5570927 -0.9486877 2.226163
0.1173057 -0.985527 2.042504
-0.5491771 -0.9900131 2.088975
0.1152013 -1.024967 1.905208
9
-0.1268989 -0.3886985 2.171671
-0.2097154 -0.3931565 2.138305
-0.03975593 -0.3711477 2.131761
-0.3518856 -0.6751777 2.167956
0.1139918 -0.6447718 1.995043
-0.5498208 -0.9493681 2.224576
0.1237657 -0.98241 2.037112
-0.5413874 -0.9909561 2.087534
0.1221682 -1.022147 1.899978
9
-0.1268989 -0.3886985 2.171671
-0.2097154 -0.3931565 2.138305
-0.03975593 -0.3711477 2.131761
-0.3518856 -0.6751777 2.167956
0.1139918 -0.6447718 1.995043
-0.5498208 -0.9493681 2.224576
0.1237657 -0.98241 2.037112
-0.5413874 -0.9909561 2.087534
0.1221682 -1.022147 1.899978
9
-0.1116784 -0.3994642 2.168812
-0.1947678 -0.4043267 2.135077
-0.02478214 -0.3811333 2.129306
-0.3415242 -0.683511 2.166213
0.1306777 -0.6502258 1.98368
-0.5444354 -0.9502336 2.223073
0.1271248 -0.9826351 2.033159
-0.5351805 -0.9921704 2.086231
0.126364 -1.02272 1.896249
9
-0.1116784 -0.3994642 2.168812
-0.1947678 -0.4043267 2.135077
-0.02478214 -0.3811333 2.129306
-0.3415242 -0.683511 2.166213
0.1306777 -0.6502258 1.98368
-0.5444354 -0.9502336 2.223073
0.1271248 -0.9826351 2.033159
-0.5351805 -0.9921704 2.086231
0.126364 -1.02272 1.896249
9
-0.09517781 -0.4082044 2.16574
-0.1805233 -0.4122823 2.132142
-0.006455786 -0.3903525 2.126137
-0.3037645 -0.7036043 2.159236
0.145582 -0.6585184 1.974284
-0.5573312 -1.003037 2.229643
0.1293504 -0.9815937 2.030712
-0.6487267 -0.9984728 2.18644
0.1286865 -1.022326 1.894157
9
-0.09517781 -0.4082044 2.16574
-0.1805233 -0.4122823 2.132142
-0.006455786 -0.3903525 2.126137
-0.3037645 -0.7036043 2.159236
0.145582 -0.6585184 1.974284
-0.5573312 -1.003037 2.229643
0.1293504 -0.9815937 2.030712
-0.6487267 -0.9984728 2.18644
0.1286865 -1.022326 1.894157
9
-0.08511637 -0.4174736 2.164666
-0.1699001 -0.42223 2.131454
0.002636541 -0.398627 2.124757
-0.3061536 -0.706894 2.161295
0.1645492 -0.6588269 1.968177
-0.5323179 -0.9472166 2.215262
0.1300076 -0.9812774 2.029588
-0.524398 -0.9901545 2.078936
0.1280054 -1.022376 1.893227
9
-0.08511637 -0.4174736 2.164666
-0.1699001 -0.42223 2.131454
0.002636541 -0.398627 2.124757
-0.3061536 -0.706894 2.161295
0.1645492 -0.6588269 1.968177
-0.5323179 -0.9472166 2.215262
0.1300076 -0.9812774 2.029588
-0.524398 -0.9901545 2.078936
0.1280054 -1.022376 1.893227
9
-0.06740469 -0.4278175 2.163156
-0.1535858 -0.4322112 2.129962
0.02111242 -0.408949 2.123254
-0.3050814 -0.7086422 2.161471
0.1766606 -0.6693255 1.959599
-0.531334 -0.9476792 2.214452
0.1303544 -0.9810154 2.028331
-0.5228386 -0.991212 2.078465
0.1289331 -1.022716 1.892309
9
-0.06740469 -0.4278175 2.163156
-0.1535858 -0.4322112 2.129962
0.02111242 -0.408949 2.123254
-0.3050814 -0.7086422 2.161471
0.1766606 -0.6693255 1.959599
-0.531334 -0.9476792 2.214452
0.1303544 -0.9810154 2.028331
-0.5228386 -0.991212 2.078465
0.1289331 -1.022716 1.892309
9
-0.0565993 -0.4346528 2.161428
-0.1429511 -0.4390168 2.128146
0.03170214 -0.4155809 2.121641
-0.2958504 -0.7151619 2.157825
0.1866384 -0.6744418 1.954546
-0.5592992 -1.006469 2.226618
0.1286746 -0.9829726 2.029088
-0.6498747 -1.01071 2.189824
0.1261983 -1.025219 1.89339
9
-0.0565993 -0.4346528 2.161428
-0.1429511 -0.4390168 2.128146
0.03170214 -0.4155809 2.121641
-0.2958504 -0.7151619 2.157825
0.1866384 -0.6744418 1.954546
-0.5592992 -1.006469 2.226618
0.1286746 -0.9829726 2.029088
-0.6498747 -1.01071 2.189824
0.1261983 -1.025219 1.89339
9
-0.05125492 -0.4413425 2.16148
-0.1376913 -0.4450147 2.128085
0.03694822 -0.422788 2.12185
-0.2933147 -0.7197414 2.157221
0.1947128 -0.6778495 1.950852
-0.5527468 -1.013911 2.228301
0.1264283 -0.9850354 2.030495
-0.6439927 -1.007607 2.182183
0.1242063 -1.02778 1.895096
9
-0.05125492 -0.4413425 2.16148
-0.1376913 -0.4450147 2.128085
0.03694822 -0.422788 2.12185
-0.2933147 -0.7197414 2.157221
0.1947128 -0.6778495 1.950852
-0.5527468 -1.013911 2.228301
0.1264283 -0.9850354 2.030495
-0.6439927 -1.007607 2.182183
0.1242063 -1.02778 1.895096
9
-0.05125492 -0.4413425 2.16148
-0.1376913 -0.4450147 2.128085
0.03694822 -0.422788 2.12185
-0.2933147 -0.7197414 2.157221
0.1947128 -0.6778495 1.950852
-0.5527468 -1.013911 2.228301
0.1264283 -0.9850354 2.030495
-0.6439927 -1.007607 2.182183
0.1242063 -1.02778 1.895096
9
-0.05125492 -0.4413425 2.16148
-0.1376913 -0.4450147 2.128085
0.03694822 -0.422788 2.12185
-0.2933147 -0.7197414 2.157221
0.1947128 -0.6778495 1.950852
-0.5527468 -1.013911 2.228301
0.1264283 -0.9850354 2.030495
-0.6439927 -1.007607 2.182183
0.1242063 -1.02778 1.895096
9
-0.03820864 -0.4522523 2.159689
-0.124994 -0.4552217 2.126722
0.04989324 -0.4340225 2.119681
-0.2902295 -0.7239179 2.158026
0.2097744 -0.6843084 1.942301
-0.5525398 -1.015502 2.229245
0.1262548 -0.9858864 2.03064
-0.6484376 -1.008321 2.184123
0.1223967 -1.029676 1.895871
9
-0.03820864 -0.4522523 2.159689
-0.124994 -0.4552217 2.126722
0.04989324 -0.4340225 2.119681
-0.2902295 -0.7239179 2.158026
0.2097744 -0.6843084 1.942301
-0.5525398 -1.015502 2.229245
0.1262548 -0.9858864 2.03064
-0.6484376 -1.008321 2.184123
0.1223967 -1.029676 1.895871
9
-0.03317153 -0.4569459 2.159307
-0.1201407 -0.4597326 2.12627
0.05494025 -0.4387338 2.119401
-0.2892449 -0.7259602 2.158525
0.2155407 -0.6873125 1.939597
-0.510895 -0.9482918 2.211868
0.12609 -0.9871929 2.030793
-0.5048572 -0.9941784 2.077233
0.1225652 -1.031226 1.896197
9
-0.03317153 -0.4569459 2.159307
-0.1201407 -0.4597326 2.12627
0.05494025 -0.4387338 2.119401
-0.2892449 -0.7259602 2.158525
0.2155407 -0.6873125 1.939597
-0.510895 -0.9482918 2.211868
0.12609 -0.9871929 2.030793
-0.5048572 -0.9941784 2.077233
0.1225652 -1.031226 1.896197
9
-0.02834534 -0.4606145 2.159081
-0.1154657 -0.463199 2.126173
0.05975546 -0.4424824 2.119066
-0.2875274 -0.7276514 2.158791
0.2195688 -0.6904367 1.937101
-0.5100207 -0.9484642 2.212201
0.1346281 -0.9748998 2.020114
-0.5042337 -0.9946831 2.077747
0.130715 -1.019363 1.885666
9
-0.02834534 -0.4606145 2.159081
-0.1154657 -0.463199 2.126173
0.05975546 -0.4424824 2.119066
-0.2875274 -0.7276514 2.158791
0.2195688 -0.6904367 1.937101
-0.5100207 -0.9484642 2.212201
0.1346281 -0.9748998 2.020114
-0.5042337 -0.9946831 2.077747
0.130715 -1.019363 1.885666
9
-0.02834534 -0.4606145 2.159081
-0.1154657 -0.463199 2.126173
0.05975546 -0.4424824 2.119066
-0.2875274 -0.7276514 2.158791
0.2195688 -0.6904367 1.937101
-0.5100207 -0.9484642 2.212201
0.1346281 -0.9748998 2.020114
-0.5042337 -0.9946831 2.077747
0.130715 -1.019363 1.885666
9
-0.02834534 -0.4606145 2.159081
-0.1154657 -0.463199 2.126173
0.05975546 -0.4424824 2.119066
-0.2875274 -0.7276514 2.158791
0.2195688 -0.6904367 1.937101
-0.5100207 -0.9484642 2.212201
0.1346281 -0.9748998 2.020114
-0.5042337 -0.9946831 2.077747
0.130715 -1.019363 1.885666
9
-0.02457017 -0.4628615 2.159003
-0.111722 -0.4652435 2.125977
0.06344046 -0.444862 2.119125
-0.2860062 -0.728232 2.159413
0.2242674 -0.6917393 1.936183
-0.5067393 -0.9475985 2.212247
0.1311663 -0.9854097 2.024745
-0.5014089 -0.9941861 2.078003
0.1269059 -1.030125 1.890567
9
-0.02457017 -0.4628615 2.159003
-0.111722 -0.4652435 2.125977
0.06344046 -0.444862 2.119125
-0.2860062 -0.728232 2.159413
0.2242674 -0.6917393 1.936183
-0.5067393 -0.9475985 2.212247
0.1311663 -0.9854097 2.024745
-0.5014089 -0.9941861 2.078003
0.1269059 -1.030125 1.890567
9
-0.022594 -0.4636858 2.15936
-0.1097432 -0.4659285 2.12661
0.06538331 -0.4458129 2.119217
-0.2846603 -0.7289206 2.159333
0.2269607 -0.692372 1.936272
-0.5054883 -0.9471948 2.211948
0.1296766 -0.9872766 2.027338
-0.500526 -0.9939675 2.077817
0.1250914 -1.032166 1.893281
9
-0.022594 -0.4636858 2.15936
-0.1097432 -0.4659285 2.12661
0.06538331 -0.4458129 2.119217
-0.2846603 -0.7289206 2.159333
0.2269607 -0.692372 1.936272
-0.5054883 -0.9471948 2.211948
0.1296766 -0.9872766 2.027338
-0.500526 -0.9939675 2.077817
0.1250914 -1.032166 1.893281
9
-0.0215834 -0.4637539 2.159415
-0.1086042 -0.4659998 2.126807
0.06624554 -0.4458731 2.119148
-0.2841606 -0.7287813 2.159521
0.2289729 -0.6924157 1.937142
-0.5025991 -0.9464514 2.21158
0.1323666 -0.9847099 2.025796
-0.4978895 -0.9933324 2.077506
0.1275222 -1.029729 1.891798
9
-0.0215834 -0.4637539 2.159415
-0.1086042 -0.4659998 2.126807
0.06624554 -0.4458731 2.119148
-0.2841606 -0.7287813 2.159521
0.2289729 -0.6924157 1.937142
-0.5025991 -0.9464514 2.21158
0.1323666 -0.9847099 2.025796
-0.4978895 -0.9933324 2.077506
0.1275222 -1.029729 1.891798
9
-0.02138496 -0.4632798 2.159662
-0.1083899 -0.4654405 2.126991
0.06642108 -0.4454812 2.119453
-0.2832382 -0.728913 2.159609
0.2311328 -0.6912993 1.938073
-0.5024455 -0.9466853 2.211638
0.1338847 -0.9833137 2.024747
-0.6186692 -0.9886155 2.169508
0.1289331 -1.028424 1.890807
9
-0.02138496 -0.4632798 2.159662
-0.1083899 -0.4654405 2.126991
0.06642108 -0.4454812 2.119453
-0.2832382 -0.728913 2.159609
0.2311328 -0.6912993 1.938073
-0.5024455 -0.9466853 2.211638
0.1338847 -0.9833137 2.024747
-0.6186692 -0.9886155 2.169508
0.1289331 -1.028424 1.890807
9
-0.02147821 -0.4622101 2.160109
-0.1084096 -0.4644863 2.127302
0.06623741 -0.4443186 2.120044
-0.2833297 -0.728137 2.159882
0.2324537 -0.6899361 1.939647
-0.501957 -0.9467277 2.211922
0.1355159 -0.9804562 2.024014
-0.6183968 -0.9881544 2.169606
0.130464 -1.025605 1.89007
9
-0.02147821 -0.4622101 2.160109
-0.1084096 -0.4644863 2.127302
0.06623741 -0.4443186 2.120044
-0.2833297 -0.728137 2.159882
0.2324537 -0.6899361 1.939647
-0.501957 -0.9467277 2.211922
0.1355159 -0.9804562 2.024014
-0.6183968 -0.9881544 2.169606
0.130464 -1.025605 1.89007
