40
9
0.05914333 -0.2059988 2.250319
-0.009218696 -0.2049502 2.187064
0.1261517 -0.200024 2.237284
-0.2112031 -0.4636018 2.044056
0.3080247 -0.485497 2.234393
-0.4664656 -0.7663881 1.920421
0.2469738 -0.7615134 2.231927
-0.4206738 -0.7958549 1.819136
0.2632985 -0.8190555 2.177401
9
0.05914333 -0.2059988 2.250319
-0.009218696 -0.2049502 2.187064
0.1261517 -0.200024 2.237284
-0.2112031 -0.4636018 2.044056
0.3080247 -0.485497 2.234393
-0.4664656 -0.7663881 1.920421
0.2469738 -0.7615134 2.231927
-0.4206738 -0.7958549 1.819136
0.2632985 -0.8190555 2.177401
9
0.05914333 -0.2059988 2.250319
-0.009218696 -0.2049502 2.187064
0.1261517 -0.200024 2.237284
-0.2112031 -0.4636018 2.044056
0.3080247 -0.485497 2.234393
-0.4664656 -0.7663881 1.920421
0.2469738 -0.7615134 2.231927
-0.4206738 -0.7958549 1.819136
0.2632985 -0.8190555 2.177401
9
0.05914333 -0.2059988 2.250319
-0.009218696 -0.2049502 2.187064
0.1261517 -0.200024 2.237284
-0.2112031 -0.4636018 2.044056
0.3080247 -0.485497 2.234393
-0.4664656 -0.7663881 1.920421
0.2469738 -0.7615134 2.231927
-0.4206738 -0.7958549 1.819136
0.2632985 -0.8190555 2.177401
9
0.05914333 -0.2059988 2.250319
-0.009218696 -0.2049502 2.187064
0.1261517 -0.200024 2.237284
-0.2112031 -0.4636018 2.044056
0.3080247 -0.485497 2.234393
-0.4664656 -0.7663881 1.920421
0.2469738 -0.7615134 2.231927
-0.4206738 -0.7958549 1.819136
0.2632985 -0.8190555 2.177401
9
0.05914333 -0.2059988 2.250319
-0.009218696 -0.2049502 2.187064
0.1261517 -0.200024 2.237284
-0.2112031 -0.4636018 2.044056
0.3080247 -0.485497 2.234393
-0.4664656 -0.7663881 1.920421
0.2469738 -0.7615134 2.231927
-0.4206738 -0.7958549 1.819136
0.2632985 -0.8190555 2.177401
9
0.05914333 -0.2059988 2.250319
-0.009218696 -0.2049502 2.187064
0.1261517 -0.200024 2.237284
-0.2112031 -0.4636018 2.044056
0.3080247 -0.485497 2.234393
-0.4664656 -0.7663881 1.920421
0.2469738 -0.7615134 2.231927
-0.4206738 -0.7958549 1.819136
0.2632985 -0.8190555 2.177401
9
0.05914333 -0.2059988 2.250319
-0.009218696 -0.2049502 2.187064
0.1261517 -0.200024 2.237284
-0.2112031 -0.4636018 2.044056
0.3080247 -0.485497 2.234393
-0.4664656 -0.7663881 1.920421
0.2469738 -0.7615134 2.231927
-0.4206738 -0.7958549 1.819136
0.2632985 -0.8190555 2.177401
9
0.05914333 -0.2059988 2.250319
-0.009218696 -0.2049502 2.187064
0.1261517 -0.200024 2.237284
-0.2112031 -0.4636018 2.044056
0.3080247 -0.485497 2.234393
-0.4664656 -0.7663881 1.920421
0.2469738 -0.7615134 2.231927
-0.4206738 -0.7958549 1.819136
0.2632985 -0.8190555 2.177401
9
0.05914333 -0.2059988 2.250319
-0.009218696 -0.2049502 2.187064
0.1261517 -0.200024 2.237284
-0.2112031 -0.4636018 2.044056
0.3080247 -0.485497 2.234393
-0.4664656 -0.7663881 1.920421
0.2469738 -0.7615134 2.231927
-0.4206738 -0.7958549 1.819136
0.2632985 -0.8190555 2.177401
9
0.1086903 -0.2476301 2.270309
0.03611996 -0.2423982 2.208745
0.1775227 -0.2445088 2.255276
-0.180879 -0.4808033 2.048259
0.3793162 -0.5162002 2.240546
-0.4545575 -0.7645993 1.918016
0.2550457 -0.7653454 2.229703
-0.4123188 -0.7958118 1.81604
0.2638657 -0.8252222 2.17788
9
0.1086903 -0.2476301 2.270309
0.03611996 -0.2423982 2.208745
0.1775227 -0.2445088 2.255276
-0.180879 -0.4808033 2.048259
0.3793162 -0.5162002 2.240546
-0.4545575 -0.7645993 1.918016
0.2550457 -0.7653454 2.229703
-0.4123188 -0.7958118 1.81604
0.2638657 -0.8252222 2.17788
9
0.1139168 -0.2460164 2.303679
0.04349189 -0.2446997 2.242072
0.1805594 -0.2391212 2.289197
-0.1699068 -0.46867 2.051136
0.3786105 -0.5152769 2.234497
-0.4425675 -0.7534505 1.920534
0.2572592 -0.7673134 2.229448
-0.4010554 -0.7869174 1.819597
0.2639679 -0.8272145 2.176421
9
0.1139168 -0.2460164 2.303679
0.04349189 -0.2446997 2.242072
0.1805594 -0.2391212 2.289197
-0.1699068 -0.46867 2.051136
0.3786105 -0.5152769 2.234497
-0.4425675 -0.7534505 1.920534
0.2572592 -0.7673134 2.229448
-0.4010554 -0.7869174 1.819597
0.2639679 -0.8272145 2.176421
9
0.1157722 -0.2582844 2.309326
0.04614696 -0.2583574 2.250003
0.1816524 -0.2497647 2.292677
-0.1967953 -0.4327524 2.038778
0.4477929 -0.461262 2.241084
-0.445753 -0.7414876 1.916366
0.2592773 -0.7648429 2.230259
-0.4044402 -0.7753236 1.815384
0.2627582 -0.825766 2.179773
9
0.1163875 -0.2615145 2.310365
0.04678924 -0.261035 2.251002
0.1821597 -0.253391 2.293587
-0.1961464 -0.4358155 2.040175
0.4507028 -0.4617605 2.240745
-0.445279 -0.7443708 1.917718
0.2611516 -0.7616687 2.23091
-0.4042328 -0.7783124 1.816723
0.2626255 -0.8225146 2.179004
9
0.1163875 -0.2615145 2.310365
0.04678924 -0.261035 2.251002
0.1821597 -0.253391 2.293587
-0.1961464 -0.4358155 2.040175
0.4507028 -0.4617605 2.240745
-0.445279 -0.7443708 1.917718
0.2611516 -0.7616687 2.23091
-0.4042328 -0.7783124 1.816723
0.2626255 -0.8225146 2.179004
9
0.1174535 -0.2639639 2.311686
0.04789906 -0.2635129 2.252353
0.1831084 -0.2556734 2.294768
-0.1964527 -0.4333144 2.038475
0.4533536 -0.4617703 2.240802
-0.4450619 -0.7424157 1.916315
0.2616951 -0.7612777 2.231376
-0.4043326 -0.7764854 1.81523
0.2624407 -0.8220839 2.179036
9
0.1174535 -0.2639639 2.311686
0.04789906 -0.2635129 2.252353
0.1831084 -0.2556734 2.294768
-0.1964527 -0.4333144 2.038475
0.4533536 -0.4617703 2.240802
-0.4450619 -0.7424157 1.916315
0.2616951 -0.7612777 2.231376
-0.4043326 -0.7764854 1.81523
0.2624407 -0.8220839 2.179036
9
0.117797 -0.2651343 2.312208
0.04817401 -0.2644668 2.252838
0.1835038 -0.2570284 2.295275
-0.1960688 -0.434547 2.03907
0.4550279 -0.4614165 2.240707
-0.4443095 -0.7440928 1.917369
0.2629209 -0.7598687 2.232013
-0.4037357 -0.7782415 1.816291
0.2623043 -0.8206068 2.178953
9
0.117797 -0.2651343 2.312208
0.04817401 -0.2644668 2.252838
0.1835038 -0.2570284 2.295275
-0.1960688 -0.434547 2.03907
0.4550279 -0.4614165 2.240707
-0.4443095 -0.7440928 1.917369
0.2629209 -0.7598687 2.232013
-0.4037357 -0.7782415 1.816291
0.2623043 -0.8206068 2.178953
9
0.1181124 -0.2653998 2.312479
0.0484619 -0.2647811 2.25298
0.183845 -0.257239 2.295679
-0.1959799 -0.4347684 2.039358
0.456098 -0.4606668 2.240726
-0.4436779 -0.7448162 1.917863
0.2639039 -0.7597607 2.231823
-0.4029985 -0.7790396 1.816904
0.2624003 -0.8205513 2.178823
9
0.1181124 -0.2653998 2.312479
0.0484619 -0.2647811 2.25298
0.183845 -0.257239 2.295679
-0.1959799 -0.4347684 2.039358
0.456098 -0.4606668 2.240726
-0.4436779 -0.7448162 1.917863
0.2639039 -0.7597607 2.231823
-0.4029985 -0.7790396 1.816904
0.2624003 -0.8205513 2.178823
9
0.1181124 -0.2653998 2.312479
0.0484619 -0.2647811 2.25298
0.183845 -0.257239 2.295679
-0.1959799 -0.4347684 2.039358
0.456098 -0.4606668 2.240726
-0.4436779 -0.7448162 1.917863
0.2639039 -0.7597607 2.231823
-0.4029985 -0.7790396 1.816904
0.2624003 -0.8205513 2.178823
9
0.118087 -0.265413 2.312449
0.04842135 -0.2647962 2.25292
0.1838275 -0.2572509 2.295661
-0.1968384 -0.431597 2.037292
0.4561599 -0.4606143 2.240908
-0.4430294 -0.7432899 1.91705
0.2643666 -0.7590211 2.231931
-0.402347 -0.7775424 1.816112
0.2624443 -0.8198473 2.179018
9
0.118087 -0.265413 2.312449
0.04842135 -0.2647962 2.25292
0.1838275 -0.2572509 2.295661
-0.1968384 -0.431597 2.037292
0.4561599 -0.4606143 2.240908
-0.4430294 -0.7432899 1.91705
0.2643666 -0.7590211 2.231931
-0.402347 -0.7775424 1.816112
0.2624443 -0.8198473 2.179018
9
0.1173418 -0.2650694 2.312297
0.04781251 -0.2645483 2.252707
0.1829328 -0.2568011 2.29555
-0.1983041 -0.4286177 2.035634
0.4561972 -0.4589716 2.240274
-0.4429106 -0.7418123 1.916114
0.2647876 -0.758397 2.232272
-0.4021419 -0.776148 1.815269
0.2624931 -0.8191408 2.178964
9
0.1173418 -0.2650694 2.312297
0.04781251 -0.2645483 2.252707
0.1829328 -0.2568011 2.29555
-0.1983041 -0.4286177 2.035634
0.4561972 -0.4589716 2.240274
-0.4429106 -0.7418123 1.916114
0.2647876 -0.758397 2.232272
-0.4021419 -0.776148 1.815269
0.2624931 -0.8191408 2.178964
9
0.1151315 -0.2634522 2.311545
0.04592327 -0.2632884 2.251668
0.1803918 -0.2548066 2.295054
-0.2004042 -0.4258396 2.033436
0.4534301 -0.4574418 2.239942
-0.4428758 -0.7412591 1.915615
0.2641274 -0.7583613 2.232549
-0.4021826 -0.7757238 1.81483
0.2626638 -0.8190012 2.178951
9
0.1151315 -0.2634522 2.311545
0.04592327 -0.2632884 2.251668
0.1803918 -0.2548066 2.295054
-0.2004042 -0.4258396 2.033436
0.4534301 -0.4574418 2.239942
-0.4428758 -0.7412591 1.915615
0.2641274 -0.7583613 2.232549
-0.4021826 -0.7757238 1.81483
0.2626638 -0.8190012 2.178951
9
0.1151315 -0.2634522 2.311545
0.04592327 -0.2632884 2.251668
0.1803918 -0.2548066 2.295054
-0.2004042 -0.4258396 2.033436
0.4534301 -0.4574418 2.239942
-0.4428758 -0.7412591 1.915615
0.2641274 -0.7583613 2.232549
-0.4021826 -0.7757238 1.81483
0.2626638 -0.8190012 2.178951
9
0.1007935 -0.2530368 2.30667
0.03210432 -0.2534529 2.247269
0.1660639 -0.244192 2.289534
-0.217862 -0.4232895 2.029015
0.4347744 -0.4532421 2.240951
-0.4440008 -0.7532586 1.920348
0.2620586 -0.7584084 2.233391
-0.4035341 -0.7878168 1.819712
0.2632293 -0.8186301 2.178755
9
0.1007935 -0.2530368 2.30667
0.03210432 -0.2534529 2.247269
0.1660639 -0.244192 2.289534
-0.217862 -0.4232895 2.029015
0.4347744 -0.4532421 2.240951
-0.4440008 -0.7532586 1.920348
0.2620586 -0.7584084 2.233391
-0.4035341 -0.7878168 1.819712
0.2632293 -0.8186301 2.178755
9
0.08402552 -0.2434939 2.300803
0.01229037 -0.241855 2.241292
0.1525515 -0.2367633 2.283744
-0.2226288 -0.4233226 2.026625
0.4199332 -0.4479318 2.243486
-0.44644 -0.755164 1.919072
0.260765 -0.7589348 2.233265
-0.4062271 -0.7898575 1.818454
0.2643675 -0.8189635 2.1788
9
0.08402552 -0.2434939 2.300803
0.01229037 -0.241855 2.241292
0.1525515 -0.2367633 2.283744
-0.2226288 -0.4233226 2.026625
0.4199332 -0.4479318 2.243486
-0.44644 -0.755164 1.919072
0.260765 -0.7589348 2.233265
-0.4062271 -0.7898575 1.818454
0.2643675 -0.8189635 2.1788
9
0.06710371 -0.2322601 2.295651
-0.005743098 -0.2290875 2.235607
0.13763 -0.227567 2.279046
-0.2337146 -0.4200169 2.022123
0.402607 -0.44214 2.242603
-0.4495308 -0.757955 1.917808
0.2586333 -0.7591786 2.232728
-0.4092498 -0.7928141 1.817381
0.2646115 -0.8190497 2.178794
9
0.06710371 -0.2322601 2.295651
-0.005743098 -0.2290875 2.235607
0.13763 -0.227567 2.279046
-0.2337146 -0.4200169 2.022123
0.402607 -0.44214 2.242603
-0.4495308 -0.757955 1.917808
0.2586333 -0.7591786 2.232728
-0.4092498 -0.7928141 1.817381
0.2646115 -0.8190497 2.178794
9
0.05515758 -0.225726 2.289973
-0.01607883 -0.2226762 2.230887
0.12436 -0.2211887 2.272252
-0.2433299 -0.414878 2.017949
0.3825098 -0.4439107 2.24245
-0.4517535 -0.7584172 1.917546
0.2562691 -0.7589481 2.232713
-0.4119267 -0.7931387 1.816797
0.2647091 -0.8185076 2.17904
9
0.05515758 -0.225726 2.289973
-0.01607883 -0.2226762 2.230887
0.12436 -0.2211887 2.272252
-0.2433299 -0.414878 2.017949
0.3825098 -0.4439107 2.24245
-0.4517535 -0.7584172 1.917546
0.2562691 -0.7589481 2.232713
-0.4119267 -0.7931387 1.816797
0.2647091 -0.8185076 2.17904
9
0.05515758 -0.225726 2.289973
-0.01607883 -0.2226762 2.230887
0.12436 -0.2211887 2.272252
-0.2433299 -0.414878 2.017949
0.3825098 -0.4439107 2.24245
-0.4517535 -0.7584172 1.917546
0.2562691 -0.7589481 2.232713
-0.4119267 -0.7931387 1.816797
0.2647091 -0.8185076 2.17904
