40
9
0.01693326 -0.219976 2.218341
-0.05658604 -0.2178782 2.178057
0.08984812 -0.2144592 2.181893
-0.3032948 -0.4487198 2.079053
0.3172221 -0.4291055 2.000461
-0.5463067 -0.7770736 2.078603
0.1657761 -0.7576722 2.072401
-0.5240096 -0.8141891 1.972959
0.1683006 -0.8180654 2.022353
9
0.01693326 -0.219976 2.218341
-0.05658604 -0.2178782 2.178057
0.08984812 -0.2144592 2.181893
-0.3032948 -0.4487198 2.079053
0.3172221 -0.4291055 2.000461
-0.5463067 -0.7770736 2.078603
0.1657761 -0.7576722 2.072401
-0.5240096 -0.8141891 1.972959
0.1683006 -0.8180654 2.022353
9
0.01693326 -0.219976 2.218341
-0.05658604 -0.2178782 2.178057
0.08984812 -0.2144592 2.181893
-0.3032948 -0.4487198 2.079053
0.3172221 -0.4291055 2.000461
-0.5463067 -0.7770736 2.078603
0.1657761 -0.7576722 2.072401
-0.5240096 -0.8141891 1.972959
0.1683006 -0.8180654 2.022353
9
0.01693326 -0.219976 2.218341
-0.05658604 -0.2178782 2.178057
0.08984812 -0.2144592 2.181893
-0.3032948 -0.4487198 2.079053
0.3172221 -0.4291055 2.000461
-0.5463067 -0.7770736 2.078603
0.1657761 -0.7576722 2.072401
-0.5240096 -0.8141891 1.972959
0.1683006 -0.8180654 2.022353
9
0.01693326 -0.219976 2.218341
-0.05658604 -0.2178782 2.178057
0.08984812 -0.2144592 2.181893
-0.3032948 -0.4487198 2.079053
0.3172221 -0.4291055 2.000461
-0.5463067 -0.7770736 2.078603
0.1657761 -0.7576722 2.072401
-0.5240096 -0.8141891 1.972959
0.1683006 -0.8180654 2.022353
9
0.03634026 -0.2354192 2.218345
-0.03708759 -0.2330932 2.177323
0.1085291 -0.229626 2.182661
-0.2824539 -0.4627021 2.067652
0.3384808 -0.4347376 1.992306
-0.542137 -0.7779438 2.069775
0.1695169 -0.7576311 2.070059
-0.5206011 -0.8156982 1.964509
0.1675458 -0.8184929 2.021537
9
0.03634026 -0.2354192 2.218345
-0.03708759 -0.2330932 2.177323
0.1085291 -0.229626 2.182661
-0.2824539 -0.4627021 2.067652
0.3384808 -0.4347376 1.992306
-0.542137 -0.7779438 2.069775
0.1695169 -0.7576311 2.070059
-0.5206011 -0.8156982 1.964509
0.1675458 -0.8184929 2.021537
9
0.03634026 -0.2354192 2.218345
-0.03708759 -0.2330932 2.177323
0.1085291 -0.229626 2.182661
-0.2824539 -0.4627021 2.067652
0.3384808 -0.4347376 1.992306
-0.542137 -0.7779438 2.069775
0.1695169 -0.7576311 2.070059
-0.5206011 -0.8156982 1.964509
0.1675458 -0.8184929 2.021537
9
0.04961444 -0.2458867 2.217994
-0.02386154 -0.2433898 2.176687
0.1213668 -0.2398867 2.182641
-0.2820827 -0.4589726 2.067593
0.3536287 -0.437251 1.986106
-0.541467 -0.774496 2.069675
0.1753506 -0.7579518 2.067366
-0.5202373 -0.812493 1.964474
0.1668636 -0.8188629 2.020421
9
0.04961444 -0.2458867 2.217994
-0.02386154 -0.2433898 2.176687
0.1213668 -0.2398867 2.182641
-0.2820827 -0.4589726 2.067593
0.3536287 -0.437251 1.986106
-0.541467 -0.774496 2.069675
0.1753506 -0.7579518 2.067366
-0.5202373 -0.812493 1.964474
0.1668636 -0.8188629 2.020421
9
0.04961444 -0.2458867 2.217994
-0.02386154 -0.2433898 2.176687
0.1213668 -0.2398867 2.182641
-0.2820827 -0.4589726 2.067593
0.3536287 -0.437251 1.986106
-0.541467 -0.774496 2.069675
0.1753506 -0.7579518 2.067366
-0.5202373 -0.812493 1.964474
0.1668636 -0.8188629 2.020421
9
0.05407493 -0.2495993 2.217988
-0.01941327 -0.2468943 2.176653
0.1256858 -0.2436839 2.182682
-0.2801633 -0.4593281 2.066927
0.3587987 -0.4400322 1.986311
-0.5400238 -0.7744676 2.06907
0.1791794 -0.7582473 2.066553
-0.5191872 -0.8126158 1.963914
0.1664856 -0.8188715 2.020569
9
0.05407493 -0.2495993 2.217988
-0.01941327 -0.2468943 2.176653
0.1256858 -0.2436839 2.182682
-0.2801633 -0.4593281 2.066927
0.3587987 -0.4400322 1.986311
-0.5400238 -0.7744676 2.06907
0.1791794 -0.7582473 2.066553
-0.5191872 -0.8126158 1.963914
0.1664856 -0.8188715 2.020569
9
0.05407493 -0.2495993 2.217988
-0.01941327 -0.2468943 2.176653
0.1256858 -0.2436839 2.182682
-0.2801633 -0.4593281 2.066927
0.3587987 -0.4400322 1.986311
-0.5400238 -0.7744676 2.06907
0.1791794 -0.7582473 2.066553
-0.5191872 -0.8126158 1.963914
0.1664856 -0.8188715 2.020569
9
0.05407493 -0.2495993 2.217988
-0.01941327 -0.2468943 2.176653
0.1256858 -0.2436839 2.182682
-0.2801633 -0.4593281 2.066927
0.3587987 -0.4400322 1.986311
-0.5400238 -0.7744676 2.06907
0.1791794 -0.7582473 2.066553
-0.5191872 -0.8126158 1.963914
0.1664856 -0.8188715 2.020569
9
0.05407493 -0.2495993 2.217988
-0.01941327 -0.2468943 2.176653
0.1256858 -0.2436839 2.182682
-0.2801633 -0.4593281 2.066927
0.3587987 -0.4400322 1.986311
-0.5400238 -0.7744676 2.06907
0.1791794 -0.7582473 2.066553
-0.5191872 -0.8126158 1.963914
0.1664856 -0.8188715 2.020569
9
0.05407493 -0.2495993 2.217988
-0.01941327 -0.2468943 2.176653
0.1256858 -0.2436839 2.182682
-0.2801633 -0.4593281 2.066927
0.3587987 -0.4400322 1.986311
-0.5400238 -0.7744676 2.06907
0.1791794 -0.7582473 2.066553
-0.5191872 -0.8126158 1.963914
0.1664856 -0.8188715 2.020569
9
0.05956025 -0.2532375 2.217275
-0.01398992 -0.2503349 2.175766
0.1310464 -0.2473965 2.182163
-0.2774516 -0.4597763 2.066818
0.3652775 -0.4413276 1.984648
-0.538187 -0.7742308 2.068615
0.1807047 -0.7582085 2.065811
-0.5180244 -0.8125553 1.963474
0.1673242 -0.8186877 2.019478
9
0.05956025 -0.2532375 2.217275
-0.01398992 -0.2503349 2.175766
0.1310464 -0.2473965 2.182163
-0.2774516 -0.4597763 2.066818
0.3652775 -0.4413276 1.984648
-0.538187 -0.7742308 2.068615
0.1807047 -0.7582085 2.065811
-0.5180244 -0.8125553 1.963474
0.1673242 -0.8186877 2.019478
9
0.06155184 -0.2542374 2.217348
-0.01203082 -0.2511174 2.17606
0.1330321 -0.2486037 2.182012
-0.2751311 -0.460717 2.066122
0.3679842 -0.4413437 1.984184
-0.5364721 -0.7746922 2.067695
0.1812952 -0.7583216 2.065092
-0.5165581 -0.8130956 1.962585
0.1704763 -0.8191012 2.018698
9
0.06155184 -0.2542374 2.217348
-0.01203082 -0.2511174 2.17606
0.1330321 -0.2486037 2.182012
-0.2751311 -0.460717 2.066122
0.3679842 -0.4413437 1.984184
-0.5364721 -0.7746922 2.067695
0.1812952 -0.7583216 2.065092
-0.5165581 -0.8130956 1.962585
0.1704763 -0.8191012 2.018698
9
0.06155184 -0.2542374 2.217348
-0.01203082 -0.2511174 2.17606
0.1330321 -0.2486037 2.182012
-0.2751311 -0.460717 2.066122
0.3679842 -0.4413437 1.984184
-0.5364721 -0.7746922 2.067695
0.1812952 -0.7583216 2.065092
-0.5165581 -0.8130956 1.962585
0.1704763 -0.8191012 2.018698
9
0.06155184 -0.2542374 2.217348
-0.01203082 -0.2511174 2.17606
0.1330321 -0.2486037 2.182012
-0.2751311 -0.460717 2.066122
0.3679842 -0.4413437 1.984184
-0.5364721 -0.7746922 2.067695
0.1812952 -0.7583216 2.065092
-0.5165581 -0.8130956 1.962585
0.1704763 -0.8191012 2.018698
9
0.06155184 -0.2542374 2.217348
-0.01203082 -0.2511174 2.17606
0.1330321 -0.2486037 2.182012
-0.2751311 -0.460717 2.066122
0.3679842 -0.4413437 1.984184
-0.5364721 -0.7746922 2.067695
0.1812952 -0.7583216 2.065092
-0.5165581 -0.8130956 1.962585
0.1704763 -0.8191012 2.018698
9
0.06133091 -0.2535866 2.217121
-0.01235525 -0.2502392 2.175771
0.1328965 -0.2481571 2.181837
-0.2749943 -0.4603078 2.065483
0.367927 -0.4407313 1.983903
-0.5358381 -0.774698 2.067085
0.1820147 -0.7575834 2.063959
-0.515927 -0.8131088 1.961983
0.1702223 -0.818386 2.018415
9
0.06133091 -0.2535866 2.217121
-0.01235525 -0.2502392 2.175771
0.1328965 -0.2481571 2.181837
-0.2749943 -0.4603078 2.065483
0.367927 -0.4407313 1.983903
-0.5358381 -0.774698 2.067085
0.1820147 -0.7575834 2.063959
-0.515927 -0.8131088 1.961983
0.1702223 -0.818386 2.018415
9
0.06133091 -0.2535866 2.217121
-0.01235525 -0.2502392 2.175771
0.1328965 -0.2481571 2.181837
-0.2749943 -0.4603078 2.065483
0.367927 -0.4407313 1.983903
-0.5358381 -0.774698 2.067085
0.1820147 -0.7575834 2.063959
-0.515927 -0.8131088 1.961983
0.1702223 -0.818386 2.018415
9
0.06133091 -0.2535866 2.217121
-0.01235525 -0.2502392 2.175771
0.1328965 -0.2481571 2.181837
-0.2749943 -0.4603078 2.065483
0.367927 -0.4407313 1.983903
-0.5358381 -0.774698 2.067085
0.1820147 -0.7575834 2.063959
-0.515927 -0.8131088 1.961983
0.1702223 -0.818386 2.018415
9
0.05615653 -0.2479186 2.215744
-0.01796503 -0.2441292 2.174341
0.1283047 -0.2430994 2.180496
-0.2758257 -0.4601595 2.064788
0.3625755 -0.4383374 1.984472
-0.5351288 -0.7757989 2.066633
0.1820102 -0.7577199 2.063877
-0.5154673 -0.8140604 1.961405
0.1700357 -0.8184794 2.0182
9
0.05615653 -0.2479186 2.215744
-0.01796503 -0.2441292 2.174341
0.1283047 -0.2430994 2.180496
-0.2758257 -0.4601595 2.064788
0.3625755 -0.4383374 1.984472
-0.5351288 -0.7757989 2.066633
0.1820102 -0.7577199 2.063877
-0.5154673 -0.8140604 1.961405
0.1700357 -0.8184794 2.0182
9
0.05615653 -0.2479186 2.215744
-0.01796503 -0.2441292 2.174341
0.1283047 -0.2430994 2.180496
-0.2758257 -0.4601595 2.064788
0.3625755 -0.4383374 1.984472
-0.5351288 -0.7757989 2.066633
0.1820102 -0.7577199 2.063877
-0.5154673 -0.8140604 1.961405
0.1700357 -0.8184794 2.0182
9
0.05615653 -0.2479186 2.215744
-0.01796503 -0.2441292 2.174341
0.1283047 -0.2430994 2.180496
-0.2758257 -0.4601595 2.064788
0.3625755 -0.4383374 1.984472
-0.5351288 -0.7757989 2.066633
0.1820102 -0.7577199 2.063877
-0.5154673 -0.8140604 1.961405
0.1700357 -0.8184794 2.0182
9
0.03904548 -0.2353333 2.213537
-0.03510561 -0.2317057 2.172323
0.1118357 -0.2308039 2.178048
-0.2925929 -0.4497548 2.068808
0.3449479 -0.4317273 1.98692
-0.536931 -0.7771255 2.069552
0.180531 -0.7582133 2.063634
-0.6014262 -0.813709 2.001136
0.1700642 -0.8191327 2.017999
9
0.03904548 -0.2353333 2.213537
-0.03510561 -0.2317057 2.172323
0.1118357 -0.2308039 2.178048
-0.2925929 -0.4497548 2.068808
0.3449479 -0.4317273 1.98692
-0.536931 -0.7771255 2.069552
0.180531 -0.7582133 2.063634
-0.6014262 -0.813709 2.001136
0.1700642 -0.8191327 2.017999
9
0.02723909 -0.2270356 2.212633
-0.04659109 -0.2235227 2.171162
0.1001096 -0.2226701 2.177366
-0.2976611 -0.4489371 2.068524
0.3334486 -0.4272221 1.991063
-0.5388859 -0.7785977 2.068966
0.1792039 -0.7578575 2.06345
-0.6001089 -0.8131294 2.002002
0.1698254 -0.8188827 2.017835
9
0.02723909 -0.2270356 2.212633
-0.04659109 -0.2235227 2.171162
0.1001096 -0.2226701 2.177366
-0.2976611 -0.4489371 2.068524
0.3334486 -0.4272221 1.991063
-0.5388859 -0.7785977 2.068966
0.1792039 -0.7578575 2.06345
-0.6001089 -0.8131294 2.002002
0.1698254 -0.8188827 2.017835
9
0.02723909 -0.2270356 2.212633
-0.04659109 -0.2235227 2.171162
0.1001096 -0.2226701 2.177366
-0.2976611 -0.4489371 2.068524
0.3334486 -0.4272221 1.991063
-0.5388859 -0.7785977 2.068966
0.1792039 -0.7578575 2.06345
-0.6001089 -0.8131294 2.002002
0.1698254 -0.8188827 2.017835
9
0.02723909 -0.2270356 2.212633
-0.04659109 -0.2235227 2.171162
0.1001096 -0.2226701 2.177366
-0.2976611 -0.4489371 2.068524
0.3334486 -0.4272221 1.991063
-0.5388859 -0.7785977 2.068966
0.1792039 -0.7578575 2.06345
-0.6001089 -0.8131294 2.002002
0.1698254 -0.8188827 2.017835
9
-0.0004898968 -0.2075399 2.213562
-0.07324313 -0.2049357 2.171608
0.07226184 -0.2029323 2.178716
-0.3082028 -0.4468797 2.069628
0.3019245 -0.4180616 2.00082
-0.5417081 -0.7820744 2.068649
0.177214 -0.7570809 2.063262
-0.6000438 -0.8139377 2.002249
0.1857442 -0.7939895 1.95627
9
-0.0004898968 -0.2075399 2.213562
-0.07324313 -0.2049357 2.171608
0.07226184 -0.2029323 2.178716
-0.3082028 -0.4468797 2.069628
0.3019245 -0.4180616 2.00082
-0.5417081 -0.7820744 2.068649
0.177214 -0.7570809 2.063262
-0.6000438 -0.8139377 2.002249
0.1857442 -0.7939895 1.95627
