40
9
-0.07953054 -0.2346745 2.148422
-0.151069 -0.234429 2.107389
-0.005180965 -0.2265138 2.112731
-0.4057293 -0.4336212 1.965542
0.243482 -0.4141969 1.932786
-0.6703647 -0.7531059 1.941882
0.08343825 -0.7583646 1.982778
-0.6442246 -0.7900411 1.837252
0.1003057 -0.8171383 1.939341
9
-0.07953054 -0.2346745 2.148422
-0.151069 -0.234429 2.107389
-0.005180965 -0.2265138 2.112731
-0.4057293 -0.4336212 1.965542
0.243482 -0.4141969 1.932786
-0.6703647 -0.7531059 1.941882
0.08343825 -0.7583646 1.982778
-0.6442246 -0.7900411 1.837252
0.1003057 -0.8171383 1.939341
9
-0.07353625 -0.2379774 2.149028
-0.1449428 -0.237993 2.108139
0.000497689 -0.2294704 2.113205
-0.4014355 -0.4343275 1.965144
0.2502029 -0.41566 1.933388
-0.6638538 -0.7556136 1.939294
0.0868293 -0.759811 1.981286
-0.6380571 -0.7925025 1.834618
0.101141 -0.8192696 1.939059
9
-0.07353625 -0.2379774 2.149028
-0.1449428 -0.237993 2.108139
0.000497689 -0.2294704 2.113205
-0.4014355 -0.4343275 1.965144
0.2502029 -0.41566 1.933388
-0.6638538 -0.7556136 1.939294
0.0868293 -0.759811 1.981286
-0.6380571 -0.7925025 1.834618
0.101141 -0.8192696 1.939059
9
-0.06207965 -0.2451652 2.150318
-0.1338461 -0.2451235 2.109764
0.01191038 -0.2364676 2.114171
-0.3945381 -0.4342569 1.963401
0.2618325 -0.4198353 1.931597
-0.6601137 -0.7529395 1.935909
0.08898537 -0.7609725 1.980645
-0.6345223 -0.7900711 1.831339
0.1008324 -0.8208991 1.938466
9
-0.06207965 -0.2451652 2.150318
-0.1338461 -0.2451235 2.109764
0.01191038 -0.2364676 2.114171
-0.3945381 -0.4342569 1.963401
0.2618325 -0.4198353 1.931597
-0.6601137 -0.7529395 1.935909
0.08898537 -0.7609725 1.980645
-0.6345223 -0.7900711 1.831339
0.1008324 -0.8208991 1.938466
9
-0.05217602 -0.2516402 2.151484
-0.1237311 -0.2517294 2.11124
0.02125202 -0.2425896 2.115055
-0.385908 -0.4372817 1.961902
0.2710008 -0.4242457 1.930478
-0.6502075 -0.7571297 1.936824
0.09150228 -0.762175 1.979877
-0.6254126 -0.7943953 1.832253
0.1008577 -0.8225436 1.938352
9
-0.05217602 -0.2516402 2.151484
-0.1237311 -0.2517294 2.11124
0.02125202 -0.2425896 2.115055
-0.385908 -0.4372817 1.961902
0.2710008 -0.4242457 1.930478
-0.6502075 -0.7571297 1.936824
0.09150228 -0.762175 1.979877
-0.6254126 -0.7943953 1.832253
0.1008577 -0.8225436 1.938352
9
-0.04473457 -0.2558294 2.152416
-0.1163688 -0.2556301 2.112484
0.02851088 -0.246926 2.115683
-0.3791591 -0.4392996 1.96121
0.2792335 -0.4266643 1.930734
-0.6431407 -0.7594587 1.936839
0.09304536 -0.7625082 1.97944
-0.6188974 -0.7968222 1.83227
0.1005203 -0.8231312 1.938034
9
-0.04473457 -0.2558294 2.152416
-0.1163688 -0.2556301 2.112484
0.02851088 -0.246926 2.115683
-0.3791591 -0.4392996 1.96121
0.2792335 -0.4266643 1.930734
-0.6431407 -0.7594587 1.936839
0.09304536 -0.7625082 1.97944
-0.6188974 -0.7968222 1.83227
0.1005203 -0.8231312 1.938034
9
-0.03563198 -0.2590669 2.153854
-0.1070582 -0.2590675 2.113909
0.03707413 -0.2498568 2.117134
-0.3723053 -0.4389088 1.961818
0.2857907 -0.4298387 1.929479
-0.6384843 -0.7572905 1.937151
0.0948045 -0.7625149 1.979064
-0.6146612 -0.794754 1.832537
0.1007387 -0.8233112 1.937719
9
-0.03563198 -0.2590669 2.153854
-0.1070582 -0.2590675 2.113909
0.03707413 -0.2498568 2.117134
-0.3723053 -0.4389088 1.961818
0.2857907 -0.4298387 1.929479
-0.6384843 -0.7572905 1.937151
0.0948045 -0.7625149 1.979064
-0.6146612 -0.794754 1.832537
0.1007387 -0.8233112 1.937719
9
-0.0303911 -0.2608013 2.155125
-0.1020746 -0.2605916 2.115441
0.04239828 -0.2517508 2.118143
-0.3678843 -0.4391899 1.962522
0.290494 -0.4317855 1.929774
-0.6347467 -0.7570205 1.937477
0.09669347 -0.7623274 1.978941
-0.6115039 -0.7945794 1.83282
0.1008786 -0.8233121 1.937962
9
-0.0303911 -0.2608013 2.155125
-0.1020746 -0.2605916 2.115441
0.04239828 -0.2517508 2.118143
-0.3678843 -0.4391899 1.962522
0.290494 -0.4317855 1.929774
-0.6347467 -0.7570205 1.937477
0.09669347 -0.7623274 1.978941
-0.6115039 -0.7945794 1.83282
0.1008786 -0.8233121 1.937962
9
-0.02753942 -0.2614006 2.155737
-0.09924322 -0.2610551 2.116289
0.04517982 -0.2524646 2.118528
-0.3650248 -0.4397632 1.963421
0.293382 -0.4326927 1.93072
-0.6325118 -0.7570552 1.937261
0.09833673 -0.7618164 1.978667
-0.6096935 -0.794701 1.832595
0.1004198 -0.8229584 1.937882
9
-0.02753942 -0.2614006 2.155737
-0.09924322 -0.2610551 2.116289
0.04517982 -0.2524646 2.118528
-0.3650248 -0.4397632 1.963421
0.293382 -0.4326927 1.93072
-0.6325118 -0.7570552 1.937261
0.09833673 -0.7618164 1.978667
-0.6096935 -0.794701 1.832595
0.1004198 -0.8229584 1.937882
9
-0.02589489 -0.2617697 2.156314
-0.09741285 -0.2613555 2.11705
0.04659167 -0.2528791 2.118941
-0.3635233 -0.4397681 1.964462
0.2954315 -0.4326586 1.931739
-0.6309823 -0.7570878 1.938071
0.1008073 -0.7599053 1.978617
-0.6936453 -0.7988858 1.861437
0.1006339 -0.8211789 1.938106
9
-0.02589489 -0.2617697 2.156314
-0.09741285 -0.2613555 2.11705
0.04659167 -0.2528791 2.118941
-0.3635233 -0.4397681 1.964462
0.2954315 -0.4326586 1.931739
-0.6309823 -0.7570878 1.938071
0.1008073 -0.7599053 1.978617
-0.6936453 -0.7988858 1.861437
0.1006339 -0.8211789 1.938106
9
-0.02589489 -0.2617697 2.156314
-0.09741285 -0.2613555 2.11705
0.04659167 -0.2528791 2.118941
-0.3635233 -0.4397681 1.964462
0.2954315 -0.4326586 1.931739
-0.6309823 -0.7570878 1.938071
0.1008073 -0.7599053 1.978617
-0.6936453 -0.7988858 1.861437
0.1006339 -0.8211789 1.938106
9
-0.02589489 -0.2617697 2.156314
-0.09741285 -0.2613555 2.11705
0.04659167 -0.2528791 2.118941
-0.3635233 -0.4397681 1.964462
0.2954315 -0.4326586 1.931739
-0.6309823 -0.7570878 1.938071
0.1008073 -0.7599053 1.978617
-0.6936453 -0.7988858 1.861437
0.1006339 -0.8211789 1.938106
9
-0.02589489 -0.2617697 2.156314
-0.09741285 -0.2613555 2.11705
0.04659167 -0.2528791 2.118941
-0.3635233 -0.4397681 1.964462
0.2954315 -0.4326586 1.931739
-0.6309823 -0.7570878 1.938071
0.1008073 -0.7599053 1.978617
-0.6936453 -0.7988858 1.861437
0.1006339 -0.8211789 1.938106
9
-0.02589489 -0.2617697 2.156314
-0.09741285 -0.2613555 2.11705
0.04659167 -0.2528791 2.118941
-0.3635233 -0.4397681 1.964462
0.2954315 -0.4326586 1.931739
-0.6309823 -0.7570878 1.938071
0.1008073 -0.7599053 1.978617
-0.6936453 -0.7988858 1.861437
0.1006339 -0.8211789 1.938106
9
-0.02632969 -0.2599321 2.15711
-0.0980178 -0.2589466 2.118017
0.0463043 -0.2515904 2.11957
-0.3628103 -0.4399938 1.966631
0.295669 -0.4320128 1.934052
-0.6299555 -0.7575962 1.940836
0.1016286 -0.7599232 1.979496
-0.6934797 -0.796961 1.862611
0.1002281 -0.8211117 1.937676
9
-0.02632969 -0.2599321 2.15711
-0.0980178 -0.2589466 2.118017
0.0463043 -0.2515904 2.11957
-0.3628103 -0.4399938 1.966631
0.295669 -0.4320128 1.934052
-0.6299555 -0.7575962 1.940836
0.1016286 -0.7599232 1.979496
-0.6934797 -0.796961 1.862611
0.1002281 -0.8211117 1.937676
9
-0.02776905 -0.2575641 2.158069
-0.09940913 -0.2563379 2.118875
0.04486963 -0.2495565 2.120604
-0.3631456 -0.4400247 1.969419
0.2945755 -0.430936 1.936795
-0.6294545 -0.7583503 1.944679
0.1015721 -0.7604662 1.979949
-0.6930736 -0.7950608 1.863599
0.1015972 -0.8218874 1.942302
9
-0.02776905 -0.2575641 2.158069
-0.09940913 -0.2563379 2.118875
0.04486963 -0.2495565 2.120604
-0.3631456 -0.4400247 1.969419
0.2945755 -0.430936 1.936795
-0.6294545 -0.7583503 1.944679
0.1015721 -0.7604662 1.979949
-0.6930736 -0.7950608 1.863599
0.1015972 -0.8218874 1.942302
9
-0.03061751 -0.253569 2.159036
-0.1023035 -0.2521456 2.119652
0.04216701 -0.2459245 2.121728
-0.3651069 -0.4386946 1.972961
0.2928508 -0.4282174 1.940638
-0.6294293 -0.7586642 1.948117
0.1014732 -0.7604712 1.980525
-0.6973812 -0.785067 1.864368
0.1009495 -0.8218621 1.941794
9
-0.03061751 -0.253569 2.159036
-0.1023035 -0.2521456 2.119652
0.04216701 -0.2459245 2.121728
-0.3651069 -0.4386946 1.972961
0.2928508 -0.4282174 1.940638
-0.6294293 -0.7586642 1.948117
0.1014732 -0.7604712 1.980525
-0.6973812 -0.785067 1.864368
0.1009495 -0.8218621 1.941794
9
-0.03569442 -0.2479429 2.160359
-0.1072535 -0.2465648 2.120497
0.03712726 -0.2404676 2.123514
-0.3676181 -0.4380398 1.976852
0.2875059 -0.4256048 1.945379
-0.6295675 -0.7599247 1.951352
0.101337 -0.760655 1.981217
-0.6971949 -0.7842242 1.865502
0.1013433 -0.8220821 1.943593
9
-0.03569442 -0.2479429 2.160359
-0.1072535 -0.2465648 2.120497
0.03712726 -0.2404676 2.123514
-0.3676181 -0.4380398 1.976852
0.2875059 -0.4256048 1.945379
-0.6295675 -0.7599247 1.951352
0.101337 -0.760655 1.981217
-0.6971949 -0.7842242 1.865502
0.1013433 -0.8220821 1.943593
9
-0.04422234 -0.2403955 2.16092
-0.1160094 -0.2386645 2.12068
0.02912552 -0.233549 2.124405
-0.3722118 -0.4374157 1.980744
0.2803911 -0.4220327 1.952061
-0.6312889 -0.7615851 1.955111
0.1004688 -0.7611577 1.983384
-0.6986228 -0.784852 1.868122
0.1026772 -0.8223673 1.943097
9
-0.04422234 -0.2403955 2.16092
-0.1160094 -0.2386645 2.12068
0.02912552 -0.233549 2.124405
-0.3722118 -0.4374157 1.980744
0.2803911 -0.4220327 1.952061
-0.6312889 -0.7615851 1.955111
0.1004688 -0.7611577 1.983384
-0.6986228 -0.784852 1.868122
0.1026772 -0.8223673 1.943097
9
-0.04422234 -0.2403955 2.16092
-0.1160094 -0.2386645 2.12068
0.02912552 -0.233549 2.124405
-0.3722118 -0.4374157 1.980744
0.2803911 -0.4220327 1.952061
-0.6312889 -0.7615851 1.955111
0.1004688 -0.7611577 1.983384
-0.6986228 -0.784852 1.868122
0.1026772 -0.8223673 1.943097
9
-0.04422234 -0.2403955 2.16092
-0.1160094 -0.2386645 2.12068
0.02912552 -0.233549 2.124405
-0.3722118 -0.4374157 1.980744
0.2803911 -0.4220327 1.952061
-0.6312889 -0.7615851 1.955111
0.1004688 -0.7611577 1.983384
-0.6986228 -0.784852 1.868122
0.1026772 -0.8223673 1.943097
9
-0.06899547 -0.2235414 2.162779
-0.1393879 -0.2225112 2.122391
0.003844486 -0.2166336 2.126384
-0.3845229 -0.4351506 1.984181
0.2576919 -0.4131637 1.970521
-0.6357818 -0.765353 1.958354
0.0990374 -0.7594296 1.986676
-0.7031771 -0.7860405 1.869905
0.103353 -0.820279 1.943412
9
-0.06899547 -0.2235414 2.162779
-0.1393879 -0.2225112 2.122391
0.003844486 -0.2166336 2.126384
-0.3845229 -0.4351506 1.984181
0.2576919 -0.4131637 1.970521
-0.6357818 -0.765353 1.958354
0.0990374 -0.7594296 1.986676
-0.7031771 -0.7860405 1.869905
0.103353 -0.820279 1.943412
9
-0.07940159 -0.2169799 2.162333
-0.1498594 -0.2156007 2.121728
-0.006131003 -0.2106364 2.126139
-0.3936068 -0.4310905 1.986693
0.249421 -0.4090439 1.97686
-0.6454808 -0.7607442 1.959064
0.09702674 -0.7582214 1.990741
-0.708917 -0.7868372 1.868898
0.1031782 -0.8183537 1.943221
9
-0.0914432 -0.2082831 2.162951
-0.1621518 -0.2064564 2.122585
-0.0174945 -0.2026877 2.126519
-0.4018115 -0.4271162 1.989382
0.2375022 -0.4050183 1.982633
-0.652512 -0.7575504 1.959128
0.09660675 -0.7568726 1.993154
-0.7138775 -0.7874653 1.869161
0.1027145 -0.816662 1.94353
9
-0.0914432 -0.2082831 2.162951
-0.1621518 -0.2064564 2.122585
-0.0174945 -0.2026877 2.126519
-0.4018115 -0.4271162 1.989382
0.2375022 -0.4050183 1.982633
-0.652512 -0.7575504 1.959128
0.09660675 -0.7568726 1.993154
-0.7138775 -0.7874653 1.869161
0.1027145 -0.816662 1.94353
9
-0.1086858 -0.2000039 2.161899
-0.1779584 -0.1986042 2.121359
-0.03558395 -0.1942889 2.125652
-0.4147842 -0.423656 1.992131
0.2216171 -0.3987825 1.990762
-0.6106395 -0.7225791 1.984027
0.1659518 -0.8118716 1.968445
-0.6734049 -0.7587181 1.899355
0.09038941 -0.8093879 1.948019
