40
9
-0.05884914 -0.1854051 2.182125
-0.1363151 -0.1737717 2.141633
0.02059536 -0.190807 2.145725
-0.3070237 -0.4651951 2.036283
0.2701284 -0.3948702 1.98005
-0.5444787 -0.7963018 2.051261
0.2088666 -0.7959405 2.02571
-0.6038164 -0.8131272 2.011876
0.1526771 -0.8226728 2.025604
9
-0.05884914 -0.1854051 2.182125
-0.1363151 -0.1737717 2.141633
0.02059536 -0.190807 2.145725
-0.3070237 -0.4651951 2.036283
0.2701284 -0.3948702 1.98005
-0.5444787 -0.7963018 2.051261
0.2088666 -0.7959405 2.02571
-0.6038164 -0.8131272 2.011876
0.1526771 -0.8226728 2.025604
9
-0.04824886 -0.1944906 2.184127
-0.126316 -0.181295 2.143382
0.03145159 -0.2010672 2.148041
-0.3086808 -0.4653018 2.037114
0.2852142 -0.3972488 1.97893
-0.5467139 -0.7961656 2.05016
0.2122796 -0.7964235 2.024784
-0.6220703 -0.8222656 1.992188
0.1537949 -0.820534 2.024164
9
-0.04824886 -0.1944906 2.184127
-0.126316 -0.181295 2.143382
0.03145159 -0.2010672 2.148041
-0.3086808 -0.4653018 2.037114
0.2852142 -0.3972488 1.97893
-0.5467139 -0.7961656 2.05016
0.2122796 -0.7964235 2.024784
-0.6220703 -0.8222656 1.992188
0.1537949 -0.820534 2.024164
9
-0.04183403 -0.200476 2.185065
-0.1204678 -0.1858714 2.144052
0.03823685 -0.208304 2.149299
-0.3062171 -0.4675798 2.037431
0.2959507 -0.3996926 1.981183
-0.5426484 -0.7994906 2.051484
0.2117942 -0.7968065 2.026615
-0.6195054 -0.8204132 1.989338
0.1525513 -0.8213148 2.024268
9
-0.04183403 -0.200476 2.185065
-0.1204678 -0.1858714 2.144052
0.03823685 -0.208304 2.149299
-0.3062171 -0.4675798 2.037431
0.2959507 -0.3996926 1.981183
-0.5426484 -0.7994906 2.051484
0.2117942 -0.7968065 2.026615
-0.6195054 -0.8204132 1.989338
0.1525513 -0.8213148 2.024268
9
-0.04183403 -0.200476 2.185065
-0.1204678 -0.1858714 2.144052
0.03823685 -0.208304 2.149299
-0.3062171 -0.4675798 2.037431
0.2959507 -0.3996926 1.981183
-0.5426484 -0.7994906 2.051484
0.2117942 -0.7968065 2.026615
-0.6195054 -0.8204132 1.989338
0.1525513 -0.8213148 2.024268
9
-0.04183403 -0.200476 2.185065
-0.1204678 -0.1858714 2.144052
0.03823685 -0.208304 2.149299
-0.3062171 -0.4675798 2.037431
0.2959507 -0.3996926 1.981183
-0.5426484 -0.7994906 2.051484
0.2117942 -0.7968065 2.026615
-0.6195054 -0.8204132 1.989338
0.1525513 -0.8213148 2.024268
9
-0.02197129 -0.2271693 2.148058
-0.1035448 -0.2060601 2.107461
0.06003508 -0.2398654 2.112844
-0.279767 -0.4997274 2.045441
0.3419628 -0.4161624 1.980481
-0.5365729 -0.8161868 2.058302
0.2447095 -0.8103844 2.025626
-0.6116462 -0.8165194 1.985453
0.1699366 -0.809354 2.013973
9
0.05166144 -0.2269507 2.148293
-0.02533113 -0.2213067 2.103754
0.1267832 -0.2244931 2.116145
-0.2405375 -0.4893387 2.053495
0.3062454 -0.5031637 1.985759
-0.4984006 -0.7491613 2.069043
0.1654264 -0.7617547 2.05024
-0.5670137 -0.7926501 1.999805
0.1744661 -0.8225495 2.011942
9
0.05166144 -0.2269507 2.148293
-0.02533113 -0.2213067 2.103754
0.1267832 -0.2244931 2.116145
-0.2405375 -0.4893387 2.053495
0.3062454 -0.5031637 1.985759
-0.4984006 -0.7491613 2.069043
0.1654264 -0.7617547 2.05024
-0.5670137 -0.7926501 1.999805
0.1744661 -0.8225495 2.011942
9
0.05495844 -0.2224718 2.186028
-0.02153373 -0.216474 2.14183
0.1295033 -0.2206561 2.153529
-0.2344794 -0.4823277 2.049876
0.2967668 -0.4902971 1.980958
-0.5160738 -0.7774285 2.064151
0.1658449 -0.7628663 2.05031
-0.588796 -0.8085023 1.988472
0.1761861 -0.8233626 2.010845
9
0.05495844 -0.2224718 2.186028
-0.02153373 -0.216474 2.14183
0.1295033 -0.2206561 2.153529
-0.2344794 -0.4823277 2.049876
0.2967668 -0.4902971 1.980958
-0.5160738 -0.7774285 2.064151
0.1658449 -0.7628663 2.05031
-0.588796 -0.8085023 1.988472
0.1761861 -0.8233626 2.010845
9
0.05503503 -0.2297116 2.188889
-0.02060834 -0.2248317 2.145489
0.1288675 -0.2267084 2.15573
-0.2710097 -0.4524922 2.038232
0.3527907 -0.4334218 1.955914
-0.5247493 -0.772193 2.047498
0.2385665 -0.8233086 2.000055
-0.5940056 -0.8097684 1.982337
0.2476477 -0.860074 1.894934
9
0.05503503 -0.2297116 2.188889
-0.02060834 -0.2248317 2.145489
0.1288675 -0.2267084 2.15573
-0.2710097 -0.4524922 2.038232
0.3527907 -0.4334218 1.955914
-0.5247493 -0.772193 2.047498
0.2385665 -0.8233086 2.000055
-0.5940056 -0.8097684 1.982337
0.2476477 -0.860074 1.894934
9
0.05579882 -0.231456 2.190957
-0.01986649 -0.2259396 2.147696
0.1296095 -0.2290878 2.15766
-0.2711385 -0.4518722 2.037652
0.3535609 -0.4331095 1.954479
-0.5246336 -0.7717795 2.046818
0.2407985 -0.8235051 1.998027
-0.5948942 -0.8093011 1.97852
0.2482667 -0.8604488 1.89278
9
0.05579882 -0.231456 2.190957
-0.01986649 -0.2259396 2.147696
0.1296095 -0.2290878 2.15766
-0.2711385 -0.4518722 2.037652
0.3535609 -0.4331095 1.954479
-0.5246336 -0.7717795 2.046818
0.2407985 -0.8235051 1.998027
-0.5948942 -0.8093011 1.97852
0.2482667 -0.8604488 1.89278
9
0.05579882 -0.231456 2.190957
-0.01986649 -0.2259396 2.147696
0.1296095 -0.2290878 2.15766
-0.2711385 -0.4518722 2.037652
0.3535609 -0.4331095 1.954479
-0.5246336 -0.7717795 2.046818
0.2407985 -0.8235051 1.998027
-0.5948942 -0.8093011 1.97852
0.2482667 -0.8604488 1.89278
9
0.05534212 -0.2325386 2.191844
-0.02022572 -0.2265392 2.148703
0.12901 -0.2307316 2.158418
-0.2716386 -0.4518983 2.03732
0.3542516 -0.4324605 1.954167
-0.524814 -0.7720832 2.046136
0.2429001 -0.8232897 1.997481
-0.5950999 -0.8092664 1.97728
0.2498699 -0.8603288 1.892231
9
0.05534212 -0.2325386 2.191844
-0.02022572 -0.2265392 2.148703
0.12901 -0.2307316 2.158418
-0.2716386 -0.4518983 2.03732
0.3542516 -0.4324605 1.954167
-0.524814 -0.7720832 2.046136
0.2429001 -0.8232897 1.997481
-0.5950999 -0.8092664 1.97728
0.2498699 -0.8603288 1.892231
9
0.05482661 -0.2329414 2.192528
-0.0205999 -0.2266811 2.149329
0.1283328 -0.2313971 2.159155
-0.2718222 -0.4519916 2.037135
0.3541208 -0.4322149 1.954529
-0.524716 -0.7724218 2.045639
0.2445032 -0.8236591 1.996911
-0.5951411 -0.8093808 1.972736
0.2512196 -0.8607153 1.89165
9
0.05393063 -0.2322642 2.1943
-0.02165335 -0.225607 2.151546
0.1276033 -0.2310064 2.160525
-0.271552 -0.4515491 2.036671
0.3535369 -0.4312183 1.955302
-0.5237236 -0.7725968 2.044612
0.2454143 -0.8232799 1.99627
-0.594695 -0.8091245 1.972269
0.2521094 -0.8604317 1.891077
9
0.05393063 -0.2322642 2.1943
-0.02165335 -0.225607 2.151546
0.1276033 -0.2310064 2.160525
-0.271552 -0.4515491 2.036671
0.3535369 -0.4312183 1.955302
-0.5237236 -0.7725968 2.044612
0.2454143 -0.8232799 1.99627
-0.594695 -0.8091245 1.972269
0.2521094 -0.8604317 1.891077
9
0.05393063 -0.2322642 2.1943
-0.02165335 -0.225607 2.151546
0.1276033 -0.2310064 2.160525
-0.271552 -0.4515491 2.036671
0.3535369 -0.4312183 1.955302
-0.5237236 -0.7725968 2.044612
0.2454143 -0.8232799 1.99627
-0.594695 -0.8091245 1.972269
0.2521094 -0.8604317 1.891077
9
0.05393063 -0.2322642 2.1943
-0.02165335 -0.225607 2.151546
0.1276033 -0.2310064 2.160525
-0.271552 -0.4515491 2.036671
0.3535369 -0.4312183 1.955302
-0.5237236 -0.7725968 2.044612
0.2454143 -0.8232799 1.99627
-0.594695 -0.8091245 1.972269
0.2521094 -0.8604317 1.891077
9
0.04673491 -0.229064 2.195638
-0.02800004 -0.2220381 2.15267
0.1197068 -0.2282166 2.162027
-0.2805364 -0.4463673 2.042215
0.3489424 -0.4275083 1.959991
-0.5256043 -0.7731276 2.046089
0.2473736 -0.8218648 1.996731
-0.5953717 -0.8089339 1.970511
0.25342 -0.8589032 1.89134
9
0.04673491 -0.229064 2.195638
-0.02800004 -0.2220381 2.15267
0.1197068 -0.2282166 2.162027
-0.2805364 -0.4463673 2.042215
0.3489424 -0.4275083 1.959991
-0.5256043 -0.7731276 2.046089
0.2473736 -0.8218648 1.996731
-0.5953717 -0.8089339 1.970511
0.25342 -0.8589032 1.89134
9
0.03876811 -0.2253317 2.196316
-0.03611303 -0.218147 2.153443
0.1122227 -0.2247252 2.162549
-0.2846699 -0.446661 2.042826
0.3418153 -0.4265438 1.963932
-0.5288265 -0.7743007 2.042789
0.2476479 -0.8230625 1.997512
-0.5987077 -0.8104496 1.968017
0.2533475 -0.8598902 1.891934
9
0.03876811 -0.2253317 2.196316
-0.03611303 -0.218147 2.153443
0.1122227 -0.2247252 2.162549
-0.2846699 -0.446661 2.042826
0.3418153 -0.4265438 1.963932
-0.5288265 -0.7743007 2.042789
0.2476479 -0.8230625 1.997512
-0.5987077 -0.8104496 1.968017
0.2533475 -0.8598902 1.891934
9
0.03876811 -0.2253317 2.196316
-0.03611303 -0.218147 2.153443
0.1122227 -0.2247252 2.162549
-0.2846699 -0.446661 2.042826
0.3418153 -0.4265438 1.963932
-0.5288265 -0.7743007 2.042789
0.2476479 -0.8230625 1.997512
-0.5987077 -0.8104496 1.968017
0.2533475 -0.8598902 1.891934
9
0.03876811 -0.2253317 2.196316
-0.03611303 -0.218147 2.153443
0.1122227 -0.2247252 2.162549
-0.2846699 -0.446661 2.042826
0.3418153 -0.4265438 1.963932
-0.5288265 -0.7743007 2.042789
0.2476479 -0.8230625 1.997512
-0.5987077 -0.8104496 1.968017
0.2533475 -0.8598902 1.891934
9
0.008120092 -0.2095017 2.199143
-0.06735863 -0.2014138 2.155796
0.08326601 -0.2102548 2.165705
-0.297595 -0.4478711 2.045186
0.31786 -0.4149384 1.977296
-0.5303997 -0.7835822 2.044971
0.2432038 -0.8161444 2.005063
-0.58441 -0.806109 1.980528
0.1695397 -0.8097042 2.013231
9
0.008120092 -0.2095017 2.199143
-0.06735863 -0.2014138 2.155796
0.08326601 -0.2102548 2.165705
-0.297595 -0.4478711 2.045186
0.31786 -0.4149384 1.977296
-0.5303997 -0.7835822 2.044971
0.2432038 -0.8161444 2.005063
-0.58441 -0.806109 1.980528
0.1695397 -0.8097042 2.013231
9
0.008120092 -0.2095017 2.199143
-0.06735863 -0.2014138 2.155796
0.08326601 -0.2102548 2.165705
-0.297595 -0.4478711 2.045186
0.31786 -0.4149384 1.977296
-0.5303997 -0.7835822 2.044971
0.2432038 -0.8161444 2.005063
-0.58441 -0.806109 1.980528
0.1695397 -0.8097042 2.013231
9
0.008120092 -0.2095017 2.199143
-0.06735863 -0.2014138 2.155796
0.08326601 -0.2102548 2.165705
-0.297595 -0.4478711 2.045186
0.31786 -0.4149384 1.977296
-0.5303997 -0.7835822 2.044971
0.2432038 -0.8161444 2.005063
-0.58441 -0.806109 1.980528
0.1695397 -0.8097042 2.013231
9
-0.02069313 -0.1982606 2.199611
-0.09491295 -0.1903597 2.156467
0.05423979 -0.1992442 2.165936
-0.3208612 -0.4414693 2.049856
0.2912764 -0.4097735 1.988954
-0.5379264 -0.787436 2.050779
0.2406238 -0.8151737 2.010338
-0.5866483 -0.8083382 1.983177
0.1694307 -0.8097899 2.013385
9
-0.02069313 -0.1982606 2.199611
-0.09491295 -0.1903597 2.156467
0.05423979 -0.1992442 2.165936
-0.3208612 -0.4414693 2.049856
0.2912764 -0.4097735 1.988954
-0.5379264 -0.787436 2.050779
0.2406238 -0.8151737 2.010338
-0.5866483 -0.8083382 1.983177
0.1694307 -0.8097899 2.013385
9
-0.02458883 -0.1959815 2.198925
-0.09786365 -0.1892659 2.15559
0.04928996 -0.1954711 2.165528
-0.3281955 -0.4373443 2.053029
0.2804295 -0.4143032 1.991396
-0.5410621 -0.7857974 2.055999
0.2401526 -0.8209462 2.01053
-0.5908698 -0.8101745 1.99452
0.1690032 -0.8098203 2.013859
9
-0.02458883 -0.1959815 2.198925
-0.09786365 -0.1892659 2.15559
0.04928996 -0.1954711 2.165528
-0.3281955 -0.4373443 2.053029
0.2804295 -0.4143032 1.991396
-0.5410621 -0.7857974 2.055999
0.2401526 -0.8209462 2.01053
-0.5908698 -0.8101745 1.99452
0.1690032 -0.8098203 2.013859
9
-0.03763564 -0.1894715 2.197503
-0.1091627 -0.1845989 2.154276
0.03513108 -0.1874236 2.163951
-0.3421359 -0.430703 2.054336
0.2636487 -0.4131172 1.996266
-0.54669 -0.7839783 2.059338
0.2345727 -0.820619 2.015581
-0.5936341 -0.8139175 2.00022
0.1648097 -0.8099307 2.01663
