40
9
-0.1229136 -0.3990391 2.172427
-0.2053643 -0.4043716 2.144588
-0.03623067 -0.3802921 2.127092
-0.3771831 -0.7428987 2.185817
0.1318946 -0.6489601 1.977151
-0.5662818 -0.9641634 2.228675
0.1279144 -0.9739671 2.023842
-0.5700807 -1.008907 2.094661
0.1138087 -1.017031 1.889617
9
-0.1229136 -0.3990391 2.172427
-0.2053643 -0.4043716 2.144588
-0.03623067 -0.3802921 2.127092
-0.3771831 -0.7428987 2.185817
0.1318946 -0.6489601 1.977151
-0.5662818 -0.9641634 2.228675
0.1279144 -0.9739671 2.023842
-0.5700807 -1.008907 2.094661
0.1138087 -1.017031 1.889617
9
-0.1229136 -0.3990391 2.172427
-0.2053643 -0.4043716 2.144588
-0.03623067 -0.3802921 2.127092
-0.3771831 -0.7428987 2.185817
0.1318946 -0.6489601 1.977151
-0.5662818 -0.9641634 2.228675
0.1279144 -0.9739671 2.023842
-0.5700807 -1.008907 2.094661
0.1138087 -1.017031 1.889617
9
-0.1229136 -0.3990391 2.172427
-0.2053643 -0.4043716 2.144588
-0.03623067 -0.3802921 2.127092
-0.3771831 -0.7428987 2.185817
0.1318946 -0.6489601 1.977151
-0.5662818 -0.9641634 2.228675
0.1279144 -0.9739671 2.023842
-0.5700807 -1.008907 2.094661
0.1138087 -1.017031 1.889617
9
-0.1229136 -0.3990391 2.172427
-0.2053643 -0.4043716 2.144588
-0.03623067 -0.3802921 2.127092
-0.3771831 -0.7428987 2.185817
0.1318946 -0.6489601 1.977151
-0.5662818 -0.9641634 2.228675
0.1279144 -0.9739671 2.023842
-0.5700807 -1.008907 2.094661
0.1138087 -1.017031 1.889617
9
-0.07518172 -0.4287751 2.167515
-0.1599913 -0.434221 2.140836
0.01221398 -0.4088651 2.121108
-0.313894 -0.7196764 2.16309
0.1798725 -0.6660653 1.947686
-0.5776602 -1.011492 2.235523
0.1294399 -0.9741794 2.020777
-0.6668958 -0.9974752 2.18014
0.1151392 -1.018786 1.887505
9
-0.07518172 -0.4287751 2.167515
-0.1599913 -0.434221 2.140836
0.01221398 -0.4088651 2.121108
-0.313894 -0.7196764 2.16309
0.1798725 -0.6660653 1.947686
-0.5776602 -1.011492 2.235523
0.1294399 -0.9741794 2.020777
-0.6668958 -0.9974752 2.18014
0.1151392 -1.018786 1.887505
9
-0.07518172 -0.4287751 2.167515
-0.1599913 -0.434221 2.140836
0.01221398 -0.4088651 2.121108
-0.313894 -0.7196764 2.16309
0.1798725 -0.6660653 1.947686
-0.5776602 -1.011492 2.235523
0.1294399 -0.9741794 2.020777
-0.6668958 -0.9974752 2.18014
0.1151392 -1.018786 1.887505
9
-0.05341049 -0.4432411 2.164602
-0.138847 -0.4478336 2.13911
0.03392246 -0.4237331 2.117049
-0.2848538 -0.738526 2.15603
0.1992515 -0.6785297 1.937195
-0.5531385 -1.025443 2.23122
0.1273577 -0.981483 2.021168
-0.6586454 -1.002062 2.191278
0.1118764 -1.026891 1.888638
9
-0.05341049 -0.4432411 2.164602
-0.138847 -0.4478336 2.13911
0.03392246 -0.4237331 2.117049
-0.2848538 -0.738526 2.15603
0.1992515 -0.6785297 1.937195
-0.5531385 -1.025443 2.23122
0.1273577 -0.981483 2.021168
-0.6586454 -1.002062 2.191278
0.1118764 -1.026891 1.888638
9
-0.04406728 -0.4510075 2.163211
-0.129131 -0.4558448 2.138249
0.0425705 -0.430981 2.115218
-0.2877361 -0.7396377 2.156517
0.2110443 -0.6818328 1.93224
-0.556787 -1.025695 2.232092
0.1271197 -0.9823888 2.020988
-0.6619322 -1.003516 2.188342
0.1112725 -1.028165 1.88875
9
-0.04406728 -0.4510075 2.163211
-0.129131 -0.4558448 2.138249
0.0425705 -0.430981 2.115218
-0.2877361 -0.7396377 2.156517
0.2110443 -0.6818328 1.93224
-0.556787 -1.025695 2.232092
0.1271197 -0.9823888 2.020988
-0.6619322 -1.003516 2.188342
0.1112725 -1.028165 1.88875
9
-0.04406728 -0.4510075 2.163211
-0.129131 -0.4558448 2.138249
0.0425705 -0.430981 2.115218
-0.2877361 -0.7396377 2.156517
0.2110443 -0.6818328 1.93224
-0.556787 -1.025695 2.232092
0.1271197 -0.9823888 2.020988
-0.6619322 -1.003516 2.188342
0.1112725 -1.028165 1.88875
9
-0.04406728 -0.4510075 2.163211
-0.129131 -0.4558448 2.138249
0.0425705 -0.430981 2.115218
-0.2877361 -0.7396377 2.156517
0.2110443 -0.6818328 1.93224
-0.556787 -1.025695 2.232092
0.1271197 -0.9823888 2.020988
-0.6619322 -1.003516 2.188342
0.1112725 -1.028165 1.88875
9
-0.04406728 -0.4510075 2.163211
-0.129131 -0.4558448 2.138249
0.0425705 -0.430981 2.115218
-0.2877361 -0.7396377 2.156517
0.2110443 -0.6818328 1.93224
-0.556787 -1.025695 2.232092
0.1271197 -0.9823888 2.020988
-0.6619322 -1.003516 2.188342
0.1112725 -1.028165 1.88875
9
-0.04406728 -0.4510075 2.163211
-0.129131 -0.4558448 2.138249
0.0425705 -0.430981 2.115218
-0.2877361 -0.7396377 2.156517
0.2110443 -0.6818328 1.93224
-0.556787 -1.025695 2.232092
0.1271197 -0.9823888 2.020988
-0.6619322 -1.003516 2.188342
0.1112725 -1.028165 1.88875
9
-0.003759384 -0.4793357 2.157934
-0.08974046 -0.4823813 2.133995
0.0823867 -0.4601363 2.109083
-0.2898944 -0.7381776 2.156615
0.2541248 -0.698088 1.910226
-0.504979 -0.9423769 2.21364
0.1270804 -0.9863478 2.021481
-0.5143086 -0.9917488 2.082824
0.1082475 -1.033742 1.890781
9
-0.003759384 -0.4793357 2.157934
-0.08974046 -0.4823813 2.133995
0.0823867 -0.4601363 2.109083
-0.2898944 -0.7381776 2.156615
0.2541248 -0.698088 1.910226
-0.504979 -0.9423769 2.21364
0.1270804 -0.9863478 2.021481
-0.5143086 -0.9917488 2.082824
0.1082475 -1.033742 1.890781
9
-0.003759384 -0.4793357 2.157934
-0.08974046 -0.4823813 2.133995
0.0823867 -0.4601363 2.109083
-0.2898944 -0.7381776 2.156615
0.2541248 -0.698088 1.910226
-0.504979 -0.9423769 2.21364
0.1270804 -0.9863478 2.021481
-0.5143086 -0.9917488 2.082824
0.1082475 -1.033742 1.890781
9
-0.003759384 -0.4793357 2.157934
-0.08974046 -0.4823813 2.133995
0.0823867 -0.4601363 2.109083
-0.2898944 -0.7381776 2.156615
0.2541248 -0.698088 1.910226
-0.504979 -0.9423769 2.21364
0.1270804 -0.9863478 2.021481
-0.5143086 -0.9917488 2.082824
0.1082475 -1.033742 1.890781
9
0.007211177 -0.4788102 2.189629
-0.0763533 -0.4787698 2.166617
0.09080213 -0.4627928 2.140209
-0.2788143 -0.7410554 2.142319
0.2486067 -0.6877792 1.91098
-0.5028548 -0.9434213 2.212927
0.1272484 -0.9870743 2.020844
-0.6174954 -0.9871107 2.166671
0.109243 -1.037899 1.892317
9
0.007211177 -0.4788102 2.189629
-0.0763533 -0.4787698 2.166617
0.09080213 -0.4627928 2.140209
-0.2788143 -0.7410554 2.142319
0.2486067 -0.6877792 1.91098
-0.5028548 -0.9434213 2.212927
0.1272484 -0.9870743 2.020844
-0.6174954 -0.9871107 2.166671
0.109243 -1.037899 1.892317
9
0.01238338 -0.4906074 2.194799
-0.07098092 -0.491386 2.170822
0.09551116 -0.4735658 2.146202
-0.3144834 -0.7140253 2.169764
0.2821357 -0.6353915 1.881074
-0.4941434 -0.9520728 2.211664
0.1751899 -1.01202 1.967689
-0.6148557 -0.9800864 2.163237
0.1558917 -1.062615 1.839918
9
0.01238338 -0.4906074 2.194799
-0.07098092 -0.491386 2.170822
0.09551116 -0.4735658 2.146202
-0.3144834 -0.7140253 2.169764
0.2821357 -0.6353915 1.881074
-0.4941434 -0.9520728 2.211664
0.1751899 -1.01202 1.967689
-0.6148557 -0.9800864 2.163237
0.1558917 -1.062615 1.839918
9
0.01300707 -0.4935051 2.195935
-0.07023862 -0.4940087 2.171475
0.09594538 -0.4767027 2.14787
-0.3189874 -0.7113116 2.16843
0.2824601 -0.6350006 1.880215
-0.491969 -0.9544891 2.210825
0.1769514 -1.012121 1.966464
-0.6137292 -0.9791533 2.162203
0.1208546 -1.022148 2.015028
9
0.01300707 -0.4935051 2.195935
-0.07023862 -0.4940087 2.171475
0.09594538 -0.4767027 2.14787
-0.3189874 -0.7113116 2.16843
0.2824601 -0.6350006 1.880215
-0.491969 -0.9544891 2.210825
0.1769514 -1.012121 1.966464
-0.6137292 -0.9791533 2.162203
0.1208546 -1.022148 2.015028
9
0.01418573 -0.4942878 2.196812
-0.06898722 -0.4947685 2.172405
0.09698065 -0.4774655 2.148652
-0.3199789 -0.7100518 2.166695
0.282639 -0.6347814 1.879683
-0.5656486 -1.021828 2.220918
0.1793067 -1.012647 1.965321
-0.6582841 -0.9907297 2.155828
0.1198314 -1.021168 2.012075
9
0.01418573 -0.4942878 2.196812
-0.06898722 -0.4947685 2.172405
0.09698065 -0.4774655 2.148652
-0.3199789 -0.7100518 2.166695
0.282639 -0.6347814 1.879683
-0.5656486 -1.021828 2.220918
0.1793067 -1.012647 1.965321
-0.6582841 -0.9907297 2.155828
0.1198314 -1.021168 2.012075
9
0.01579801 -0.4940994 2.197141
-0.06735507 -0.4946209 2.172774
0.09850065 -0.4772438 2.148916
-0.3206197 -0.7074262 2.16663
0.2828728 -0.6348184 1.879156
-0.5643938 -1.020793 2.220398
0.1830907 -1.014186 1.962586
-0.6586989 -0.9905882 2.15568
0.162022 -1.064979 1.835343
9
0.01579801 -0.4940994 2.197141
-0.06735507 -0.4946209 2.172774
0.09850065 -0.4772438 2.148916
-0.3206197 -0.7074262 2.16663
0.2828728 -0.6348184 1.879156
-0.5643938 -1.020793 2.220398
0.1830907 -1.014186 1.962586
-0.6586989 -0.9905882 2.15568
0.162022 -1.064979 1.835343
9
0.01722067 -0.4932066 2.197711
-0.06599516 -0.4937457 2.173325
0.09992558 -0.4763671 2.149474
-0.32048 -0.7052415 2.166843
0.2834486 -0.6341894 1.879247
-0.562908 -1.019789 2.220028
0.1842554 -1.014062 1.961344
-0.6592132 -0.9895775 2.155766
0.1625196 -1.064811 1.834196
9
0.01722067 -0.4932066 2.197711
-0.06599516 -0.4937457 2.173325
0.09992558 -0.4763671 2.149474
-0.32048 -0.7052415 2.166843
0.2834486 -0.6341894 1.879247
-0.562908 -1.019789 2.220028
0.1842554 -1.014062 1.961344
-0.6592132 -0.9895775 2.155766
0.1625196 -1.064811 1.834196
9
0.01868751 -0.4907541 2.198875
-0.06465092 -0.4917097 2.174205
0.1014605 -0.4735445 2.15091
-0.319188 -0.7033908 2.166648
0.2828168 -0.6331387 1.880238
-0.5603249 -1.019012 2.219515
0.1848837 -1.013807 1.960485
-0.6590858 -0.9889211 2.155334
0.1634112 -1.064502 1.833245
9
0.01868751 -0.4907541 2.198875
-0.06465092 -0.4917097 2.174205
0.1014605 -0.4735445 2.15091
-0.319188 -0.7033908 2.166648
0.2828168 -0.6331387 1.880238
-0.5603249 -1.019012 2.219515
0.1848837 -1.013807 1.960485
-0.6590858 -0.9889211 2.155334
0.1634112 -1.064502 1.833245
9
0.01672691 -0.4824179 2.201985
-0.06654487 -0.4830439 2.176789
0.09948087 -0.4658 2.154423
-0.3181013 -0.6984757 2.16777
0.2811905 -0.6290328 1.886498
-0.5560461 -1.016963 2.218642
0.1879833 -1.012599 1.959657
-0.6582975 -0.9876364 2.153646
0.1648992 -1.062914 1.832462
9
0.01672691 -0.4824179 2.201985
-0.06654487 -0.4830439 2.176789
0.09948087 -0.4658 2.154423
-0.3181013 -0.6984757 2.16777
0.2811905 -0.6290328 1.886498
-0.5560461 -1.016963 2.218642
0.1879833 -1.012599 1.959657
-0.6582975 -0.9876364 2.153646
0.1648992 -1.062914 1.832462
9
0.01234102 -0.4764249 2.204473
-0.07094548 -0.4774032 2.178892
0.09526087 -0.4596709 2.157244
-0.3208874 -0.6950101 2.167535
0.2781858 -0.6262772 1.892624
-0.555482 -1.016091 2.217808
0.1904804 -1.012671 1.958769
-0.658437 -0.9876481 2.153402
0.1321166 -1.018963 2.007132
9
0.01234102 -0.4764249 2.204473
-0.07094548 -0.4774032 2.178892
0.09526087 -0.4596709 2.157244
-0.3208874 -0.6950101 2.167535
0.2781858 -0.6262772 1.892624
-0.555482 -1.016091 2.217808
0.1904804 -1.012671 1.958769
-0.658437 -0.9876481 2.153402
0.1321166 -1.018963 2.007132
9
0.01234102 -0.4764249 2.204473
-0.07094548 -0.4774032 2.178892
0.09526087 -0.4596709 2.157244
-0.3208874 -0.6950101 2.167535
0.2781858 -0.6262772 1.892624
-0.555482 -1.016091 2.217808
0.1904804 -1.012671 1.958769
-0.658437 -0.9876481 2.153402
0.1321166 -1.018963 2.007132
9
0.01234102 -0.4764249 2.204473
-0.07094548 -0.4774032 2.178892
0.09526087 -0.4596709 2.157244
-0.3208874 -0.6950101 2.167535
0.2781858 -0.6262772 1.892624
-0.555482 -1.016091 2.217808
0.1904804 -1.012671 1.958769
-0.658437 -0.9876481 2.153402
0.1321166 -1.018963 2.007132
