40
9
-0.04746429 -0.4110419 2.164182
-0.1341172 -0.4129798 2.129431
0.04081328 -0.3951947 2.125708
-0.2855695 -0.690236 2.151724
0.1741136 -0.672566 1.980226
-0.4830565 -0.9185261 2.192962
0.1441505 -0.9763967 2.052033
-0.4702402 -0.9640045 2.057832
0.1474427 -1.020053 1.917002
9
-0.04746429 -0.4110419 2.164182
-0.1341172 -0.4129798 2.129431
0.04081328 -0.3951947 2.125708
-0.2855695 -0.690236 2.151724
0.1741136 -0.672566 1.980226
-0.4830565 -0.9185261 2.192962
0.1441505 -0.9763967 2.052033
-0.4702402 -0.9640045 2.057832
0.1474427 -1.020053 1.917002
9
-0.04746429 -0.4110419 2.164182
-0.1341172 -0.4129798 2.129431
0.04081328 -0.3951947 2.125708
-0.2855695 -0.690236 2.151724
0.1741136 -0.672566 1.980226
-0.4830565 -0.9185261 2.192962
0.1441505 -0.9763967 2.052033
-0.4702402 -0.9640045 2.057832
0.1474427 -1.020053 1.917002
9
-0.04746429 -0.4110419 2.164182
-0.1341172 -0.4129798 2.129431
0.04081328 -0.3951947 2.125708
-0.2855695 -0.690236 2.151724
0.1741136 -0.672566 1.980226
-0.4830565 -0.9185261 2.192962
0.1441505 -0.9763967 2.052033
-0.4702402 -0.9640045 2.057832
0.1474427 -1.020053 1.917002
9
-0.0298527 -0.4264287 2.161699
-0.1151476 -0.4301007 2.126456
0.05654874 -0.4084555 2.123767
-0.2866268 -0.6947103 2.151871
0.1909169 -0.6818539 1.970384
-0.4980091 -0.940851 2.192806
0.1459426 -0.9745933 2.047807
-0.484807 -0.9872118 2.058518
0.1493987 -1.019398 1.913464
9
-0.0298527 -0.4264287 2.161699
-0.1151476 -0.4301007 2.126456
0.05654874 -0.4084555 2.123767
-0.2866268 -0.6947103 2.151871
0.1909169 -0.6818539 1.970384
-0.4980091 -0.940851 2.192806
0.1459426 -0.9745933 2.047807
-0.484807 -0.9872118 2.058518
0.1493987 -1.019398 1.913464
9
-0.02055164 -0.4353579 2.160204
-0.1070978 -0.437923 2.12509
0.0667564 -0.4181266 2.122228
-0.2806229 -0.7010947 2.150792
0.2011709 -0.6887259 1.962879
-0.5046844 -0.9492444 2.191841
0.1460469 -0.9754156 2.046991
-0.4919215 -0.9959152 2.057835
0.148974 -1.020618 1.912874
9
-0.02055164 -0.4353579 2.160204
-0.1070978 -0.437923 2.12509
0.0667564 -0.4181266 2.122228
-0.2806229 -0.7010947 2.150792
0.2011709 -0.6887259 1.962879
-0.5046844 -0.9492444 2.191841
0.1460469 -0.9754156 2.046991
-0.4919215 -0.9959152 2.057835
0.148974 -1.020618 1.912874
9
-0.01101924 -0.4434484 2.15882
-0.09816801 -0.445657 2.123974
0.07652521 -0.4262493 2.120631
-0.2749849 -0.7064443 2.150419
0.2101581 -0.6947463 1.956228
-0.5049572 -0.9499369 2.191449
0.1465 -0.9765733 2.045241
-0.4934791 -0.9971296 2.05771
0.1481297 -1.022283 1.911399
9
-0.01101924 -0.4434484 2.15882
-0.09816801 -0.445657 2.123974
0.07652521 -0.4262493 2.120631
-0.2749849 -0.7064443 2.150419
0.2101581 -0.6947463 1.956228
-0.5049572 -0.9499369 2.191449
0.1465 -0.9765733 2.045241
-0.4934791 -0.9971296 2.05771
0.1481297 -1.022283 1.911399
9
-0.001392368 -0.451557 2.156365
-0.0886807 -0.4541086 2.121794
0.08596683 -0.4337438 2.117966
-0.2680502 -0.7129197 2.149908
0.2180099 -0.7009491 1.949118
-0.5015704 -0.9508113 2.190213
0.1422379 -0.9855993 2.046561
-0.4906659 -0.9983938 2.056704
0.1434128 -1.031609 1.912998
9
-0.001392368 -0.451557 2.156365
-0.0886807 -0.4541086 2.121794
0.08596683 -0.4337438 2.117966
-0.2680502 -0.7129197 2.149908
0.2180099 -0.7009491 1.949118
-0.5015704 -0.9508113 2.190213
0.1422379 -0.9855993 2.046561
-0.4906659 -0.9983938 2.056704
0.1434128 -1.031609 1.912998
9
0.006446824 -0.4583668 2.154843
-0.08099011 -0.4611452 2.121047
0.09373012 -0.440127 2.115716
-0.2630447 -0.7182901 2.149157
0.2250834 -0.7057258 1.942846
-0.4995246 -0.9509857 2.189937
0.1442694 -0.9829627 2.041312
-0.4888214 -0.9989049 2.056629
0.1452335 -1.029318 1.907955
9
0.006446824 -0.4583668 2.154843
-0.08099011 -0.4611452 2.121047
0.09373012 -0.440127 2.115716
-0.2630447 -0.7182901 2.149157
0.2250834 -0.7057258 1.942846
-0.4995246 -0.9509857 2.189937
0.1442694 -0.9829627 2.041312
-0.4888214 -0.9989049 2.056629
0.1452335 -1.029318 1.907955
9
0.01378645 -0.4646009 2.152419
-0.07377943 -0.4677521 2.119056
0.1009341 -0.4457611 2.112915
-0.2598301 -0.721902 2.148386
0.2321415 -0.709941 1.937064
-0.4956501 -0.9514744 2.188505
0.1473539 -0.9796642 2.035851
-0.4860307 -0.99958 2.055291
0.1472304 -1.026234 1.902591
9
0.01378645 -0.4646009 2.152419
-0.07377943 -0.4677521 2.119056
0.1009341 -0.4457611 2.112915
-0.2598301 -0.721902 2.148386
0.2321415 -0.709941 1.937064
-0.4956501 -0.9514744 2.188505
0.1473539 -0.9796642 2.035851
-0.4860307 -0.99958 2.055291
0.1472304 -1.026234 1.902591
9
0.01378645 -0.4646009 2.152419
-0.07377943 -0.4677521 2.119056
0.1009341 -0.4457611 2.112915
-0.2598301 -0.721902 2.148386
0.2321415 -0.709941 1.937064
-0.4956501 -0.9514744 2.188505
0.1473539 -0.9796642 2.035851
-0.4860307 -0.99958 2.055291
0.1472304 -1.026234 1.902591
9
0.01378645 -0.4646009 2.152419
-0.07377943 -0.4677521 2.119056
0.1009341 -0.4457611 2.112915
-0.2598301 -0.721902 2.148386
0.2321415 -0.709941 1.937064
-0.4956501 -0.9514744 2.188505
0.1473539 -0.9796642 2.035851
-0.4860307 -0.99958 2.055291
0.1472304 -1.026234 1.902591
9
0.02882269 -0.4707768 2.175173
-0.05719873 -0.4723561 2.14349
0.114047 -0.4533546 2.134159
-0.2503028 -0.7286822 2.141829
0.2487922 -0.6936443 1.921976
-0.4902347 -0.9503588 2.185917
0.1508898 -0.9751164 2.030285
-0.4819834 -1.001406 2.054554
0.1494034 -1.02466 1.898882
9
0.02882269 -0.4707768 2.175173
-0.05719873 -0.4723561 2.14349
0.114047 -0.4533546 2.134159
-0.2503028 -0.7286822 2.141829
0.2487922 -0.6936443 1.921976
-0.4902347 -0.9503588 2.185917
0.1508898 -0.9751164 2.030285
-0.4819834 -1.001406 2.054554
0.1494034 -1.02466 1.898882
9
0.02953953 -0.4826743 2.180346
-0.05659467 -0.4832932 2.151124
0.1148129 -0.4663519 2.137092
-0.298001 -0.6964152 2.149171
0.2780596 -0.6485009 1.882581
-0.4824993 -0.9545479 2.182985
0.1965646 -1.026845 1.975938
-0.5993606 -0.9950349 2.138735
0.1938141 -1.076053 1.845538
9
0.02953953 -0.4826743 2.180346
-0.05659467 -0.4832932 2.151124
0.1148129 -0.4663519 2.137092
-0.298001 -0.6964152 2.149171
0.2780596 -0.6485009 1.882581
-0.4824993 -0.9545479 2.182985
0.1965646 -1.026845 1.975938
-0.5993606 -0.9950349 2.138735
0.1938141 -1.076053 1.845538
9
0.02953953 -0.4826743 2.180346
-0.05659467 -0.4832932 2.151124
0.1148129 -0.4663519 2.137092
-0.298001 -0.6964152 2.149171
0.2780596 -0.6485009 1.882581
-0.4824993 -0.9545479 2.182985
0.1965646 -1.026845 1.975938
-0.5993606 -0.9950349 2.138735
0.1938141 -1.076053 1.845538
9
0.02953953 -0.4826743 2.180346
-0.05659467 -0.4832932 2.151124
0.1148129 -0.4663519 2.137092
-0.298001 -0.6964152 2.149171
0.2780596 -0.6485009 1.882581
-0.4824993 -0.9545479 2.182985
0.1965646 -1.026845 1.975938
-0.5993606 -0.9950349 2.138735
0.1938141 -1.076053 1.845538
9
0.02953953 -0.4826743 2.180346
-0.05659467 -0.4832932 2.151124
0.1148129 -0.4663519 2.137092
-0.298001 -0.6964152 2.149171
0.2780596 -0.6485009 1.882581
-0.4824993 -0.9545479 2.182985
0.1965646 -1.026845 1.975938
-0.5993606 -0.9950349 2.138735
0.1938141 -1.076053 1.845538
9
0.02953953 -0.4826743 2.180346
-0.05659467 -0.4832932 2.151124
0.1148129 -0.4663519 2.137092
-0.298001 -0.6964152 2.149171
0.2780596 -0.6485009 1.882581
-0.4824993 -0.9545479 2.182985
0.1965646 -1.026845 1.975938
-0.5993606 -0.9950349 2.138735
0.1938141 -1.076053 1.845538
9
0.02953953 -0.4826743 2.180346
-0.05659467 -0.4832932 2.151124
0.1148129 -0.4663519 2.137092
-0.298001 -0.6964152 2.149171
0.2780596 -0.6485009 1.882581
-0.4824993 -0.9545479 2.182985
0.1965646 -1.026845 1.975938
-0.5993606 -0.9950349 2.138735
0.1938141 -1.076053 1.845538
9
0.02955131 -0.4852779 2.181285
-0.0566786 -0.4856758 2.152804
0.1148964 -0.4690845 2.137304
-0.2997304 -0.6974062 2.148739
0.2791553 -0.6484767 1.881204
-0.4783402 -0.956695 2.180441
0.1973355 -1.026866 1.974187
-0.5941073 -0.999822 2.136959
0.1933241 -1.076421 1.844039
9
0.02925055 -0.4864345 2.181334
-0.05700487 -0.4865622 2.153159
0.1146144 -0.4705085 2.136948
-0.3002709 -0.6982895 2.14803
0.280014 -0.6482033 1.880243
-0.4773385 -0.9570644 2.179103
0.1981525 -1.026857 1.972291
-0.5935223 -0.9992949 2.135581
0.1934119 -1.0765 1.842228
9
0.02925055 -0.4864345 2.181334
-0.05700487 -0.4865622 2.153159
0.1146144 -0.4705085 2.136948
-0.3002709 -0.6982895 2.14803
0.280014 -0.6482033 1.880243
-0.4773385 -0.9570644 2.179103
0.1981525 -1.026857 1.972291
-0.5935223 -0.9992949 2.135581
0.1934119 -1.0765 1.842228
9
0.02925922 -0.4865429 2.181246
-0.05700365 -0.4866384 2.153143
0.1146319 -0.4706311 2.136728
-0.3010587 -0.6977513 2.146947
0.2804034 -0.6473171 1.879403
-0.4767678 -0.9574004 2.178593
0.1990878 -1.026652 1.969482
-0.5929187 -0.9996357 2.134688
0.1941896 -1.076352 1.83948
9
0.02925922 -0.4865429 2.181246
-0.05700365 -0.4866384 2.153143
0.1146319 -0.4706311 2.136728
-0.3010587 -0.6977513 2.146947
0.2804034 -0.6473171 1.879403
-0.4767678 -0.9574004 2.178593
0.1990878 -1.026652 1.969482
-0.5929187 -0.9996357 2.134688
0.1941896 -1.076352 1.83948
9
0.02879239 -0.4863608 2.181155
-0.05760679 -0.4863822 2.153252
0.1142106 -0.4704448 2.136425
-0.30246 -0.6968653 2.145994
0.2800554 -0.6465056 1.878554
-0.47656 -0.9576699 2.178256
0.1993617 -1.025739 1.969459
-0.5914396 -0.9981815 2.13644
0.1943258 -1.075487 1.839479
9
0.02879239 -0.4863608 2.181155
-0.05760679 -0.4863822 2.153252
0.1142106 -0.4704448 2.136425
-0.30246 -0.6968653 2.145994
0.2800554 -0.6465056 1.878554
-0.47656 -0.9576699 2.178256
0.1993617 -1.025739 1.969459
-0.5914396 -0.9981815 2.13644
0.1943258 -1.075487 1.839479
9
0.02710967 -0.4850723 2.18077
-0.05922396 -0.4851724 2.153136
0.1124721 -0.4689986 2.135703
-0.3041217 -0.6956658 2.145975
0.2781937 -0.6451517 1.87768
-0.4765979 -0.9576343 2.178214
0.2006039 -1.025368 1.967301
-0.5883176 -0.9967309 2.135999
0.1954525 -1.075095 1.837321
9
0.02710967 -0.4850723 2.18077
-0.05922396 -0.4851724 2.153136
0.1124721 -0.4689986 2.135703
-0.3041217 -0.6956658 2.145975
0.2781937 -0.6451517 1.87768
-0.4765979 -0.9576343 2.178214
0.2006039 -1.025368 1.967301
-0.5883176 -0.9967309 2.135999
0.1954525 -1.075095 1.837321
9
0.02456368 -0.4823749 2.180937
-0.06176929 -0.4828321 2.153771
0.1099639 -0.4658657 2.135338
-0.3093522 -0.6906143 2.145351
0.2738805 -0.6437513 1.877201
-0.5419158 -1.012406 2.185832
0.2018785 -1.025647 1.964512
-0.6294836 -0.9959011 2.122227
0.1968671 -1.075284 1.834497
9
0.02456368 -0.4823749 2.180937
-0.06176929 -0.4828321 2.153771
0.1099639 -0.4658657 2.135338
-0.3093522 -0.6906143 2.145351
0.2738805 -0.6437513 1.877201
-0.5419158 -1.012406 2.185832
0.2018785 -1.025647 1.964512
-0.6294836 -0.9959011 2.122227
0.1968671 -1.075284 1.834497
9
0.01426717 -0.4756616 2.180902
-0.07126668 -0.4754381 2.15367
0.09925159 -0.460013 2.13532
-0.3134871 -0.6893789 2.144422
0.268911 -0.6392379 1.882315
-0.5428527 -1.013263 2.185845
0.2016258 -1.022491 1.967722
-0.6310935 -0.9947188 2.12459
0.1956853 -1.072041 1.837593
9
0.01426717 -0.4756616 2.180902
-0.07126668 -0.4754381 2.15367
0.09925159 -0.460013 2.13532
-0.3134871 -0.6893789 2.144422
0.268911 -0.6392379 1.882315
-0.5428527 -1.013263 2.185845
0.2016258 -1.022491 1.967722
-0.6310935 -0.9947188 2.12459
0.1956853 -1.072041 1.837593
