40
9
-0.2417645 -0.05838769 1.81893
-0.3131914 -0.06342562 1.77766
-0.1606708 -0.05099265 1.787219
-0.4727661 -0.3335595 1.718056
-0.0006626064 -0.3233508 1.692855
-0.5892893 -0.7489439 1.755089
0.08322686 -0.7514068 1.664089
-0.5708778 -0.7848392 1.64275
0.08944499 -0.7860098 1.550617
9
-0.2321182 -0.06189727 1.818299
-0.3030604 -0.06649046 1.777475
-0.1517857 -0.0548157 1.786163
-0.4659431 -0.3346397 1.717219
0.03192271 -0.3079292 1.675313
-0.5883765 -0.7481447 1.755212
0.08482546 -0.7411709 1.661845
-0.5686554 -0.783918 1.642923
0.09233017 -0.7757923 1.548368
9
-0.2321182 -0.06189727 1.818299
-0.3030604 -0.06649046 1.777475
-0.1517857 -0.0548157 1.786163
-0.4659431 -0.3346397 1.717219
0.03192271 -0.3079292 1.675313
-0.5883765 -0.7481447 1.755212
0.08482546 -0.7411709 1.661845
-0.5686554 -0.783918 1.642923
0.09233017 -0.7757923 1.548368
9
-0.2129432 -0.06971718 1.816873
-0.2834842 -0.07414722 1.776698
-0.1337934 -0.06247627 1.784074
-0.4596126 -0.3337689 1.718236
0.05225464 -0.3118414 1.66756
-0.5886441 -0.7452915 1.755769
0.09283036 -0.7463284 1.656889
-0.5692441 -0.7809808 1.643349
0.0998489 -0.7807003 1.543358
9
-0.2129432 -0.06971718 1.816873
-0.2834842 -0.07414722 1.776698
-0.1337934 -0.06247627 1.784074
-0.4596126 -0.3337689 1.718236
0.05225464 -0.3118414 1.66756
-0.5886441 -0.7452915 1.755769
0.09283036 -0.7463284 1.656889
-0.5692441 -0.7809808 1.643349
0.0998489 -0.7807003 1.543358
9
-0.1921492 -0.07787122 1.816529
-0.2617003 -0.08339628 1.777424
-0.1147386 -0.06929997 1.782672
-0.443856 -0.3388249 1.717638
0.07950223 -0.3089439 1.657005
-0.5866744 -0.7456614 1.755056
0.0973739 -0.7448322 1.653693
-0.5684896 -0.7814194 1.642562
0.1031153 -0.7792898 1.540097
9
-0.1921492 -0.07787122 1.816529
-0.2617003 -0.08339628 1.777424
-0.1147386 -0.06929997 1.782672
-0.443856 -0.3388249 1.717638
0.07950223 -0.3089439 1.657005
-0.5866744 -0.7456614 1.755056
0.0973739 -0.7448322 1.653693
-0.5684896 -0.7814194 1.642562
0.1031153 -0.7792898 1.540097
9
-0.1921492 -0.07787122 1.816529
-0.2617003 -0.08339628 1.777424
-0.1147386 -0.06929997 1.782672
-0.443856 -0.3388249 1.717638
0.07950223 -0.3089439 1.657005
-0.5866744 -0.7456614 1.755056
0.0973739 -0.7448322 1.653693
-0.5684896 -0.7814194 1.642562
0.1031153 -0.7792898 1.540097
9
-0.1921492 -0.07787122 1.816529
-0.2617003 -0.08339628 1.777424
-0.1147386 -0.06929997 1.782672
-0.443856 -0.3388249 1.717638
0.07950223 -0.3089439 1.657005
-0.5866744 -0.7456614 1.755056
0.0973739 -0.7448322 1.653693
-0.5684896 -0.7814194 1.642562
0.1031153 -0.7792898 1.540097
9
-0.1386004 -0.1035244 1.81204
-0.2098598 -0.1110968 1.774142
-0.06172215 -0.09176826 1.776754
-0.3910826 -0.3678575 1.721816
0.1394689 -0.3160819 1.631496
-0.5795207 -0.7556806 1.756156
0.1102942 -0.7505271 1.645668
-0.5631611 -0.7913721 1.643589
0.1140942 -0.7849336 1.53206
9
-0.1386004 -0.1035244 1.81204
-0.2098598 -0.1110968 1.774142
-0.06172215 -0.09176826 1.776754
-0.3910826 -0.3678575 1.721816
0.1394689 -0.3160819 1.631496
-0.5795207 -0.7556806 1.756156
0.1102942 -0.7505271 1.645668
-0.5631611 -0.7913721 1.643589
0.1140942 -0.7849336 1.53206
9
-0.1163135 -0.1100009 1.809258
-0.1875551 -0.1195247 1.772257
-0.0401594 -0.09614128 1.773044
-0.3819171 -0.3665697 1.720086
0.1542498 -0.3241832 1.624321
-0.5749121 -0.7524024 1.75277
0.1217352 -0.758331 1.638561
-0.5589414 -0.7880432 1.640096
0.1249723 -0.7924912 1.524969
9
-0.1163135 -0.1100009 1.809258
-0.1875551 -0.1195247 1.772257
-0.0401594 -0.09614128 1.773044
-0.3819171 -0.3665697 1.720086
0.1542498 -0.3241832 1.624321
-0.5749121 -0.7524024 1.75277
0.1217352 -0.758331 1.638561
-0.5589414 -0.7880432 1.640096
0.1249723 -0.7924912 1.524969
9
-0.1026559 -0.1198362 1.807639
-0.1736775 -0.129956 1.770137
-0.02744945 -0.1048851 1.771896
-0.3594473 -0.3835064 1.714438
0.1720972 -0.3249118 1.616899
-0.567319 -0.7609693 1.750223
0.1231246 -0.7571772 1.636569
-0.5514337 -0.7967702 1.637762
0.1263763 -0.791664 1.523162
9
-0.1026559 -0.1198362 1.807639
-0.1736775 -0.129956 1.770137
-0.02744945 -0.1048851 1.771896
-0.3594473 -0.3835064 1.714438
0.1720972 -0.3249118 1.616899
-0.567319 -0.7609693 1.750223
0.1231246 -0.7571772 1.636569
-0.5514337 -0.7967702 1.637762
0.1263763 -0.791664 1.523162
9
-0.1026559 -0.1198362 1.807639
-0.1736775 -0.129956 1.770137
-0.02744945 -0.1048851 1.771896
-0.3594473 -0.3835064 1.714438
0.1720972 -0.3249118 1.616899
-0.567319 -0.7609693 1.750223
0.1231246 -0.7571772 1.636569
-0.5514337 -0.7967702 1.637762
0.1263763 -0.791664 1.523162
9
-0.1026559 -0.1198362 1.807639
-0.1736775 -0.129956 1.770137
-0.02744945 -0.1048851 1.771896
-0.3594473 -0.3835064 1.714438
0.1720972 -0.3249118 1.616899
-0.567319 -0.7609693 1.750223
0.1231246 -0.7571772 1.636569
-0.5514337 -0.7967702 1.637762
0.1263763 -0.791664 1.523162
9
-0.05947765 -0.1488713 1.805967
-0.1333301 -0.1581317 1.769089
0.01676281 -0.1335115 1.769603
-0.3355495 -0.3983225 1.705805
0.2107164 -0.3459582 1.595487
-0.5096456 -0.6657918 1.752084
0.1313464 -0.7727749 1.6248
-0.4937608 -0.7038591 1.63939
0.1352369 -0.8077794 1.512155
9
-0.05947765 -0.1488713 1.805967
-0.1333301 -0.1581317 1.769089
0.01676281 -0.1335115 1.769603
-0.3355495 -0.3983225 1.705805
0.2107164 -0.3459582 1.595487
-0.5096456 -0.6657918 1.752084
0.1313464 -0.7727749 1.6248
-0.4937608 -0.7038591 1.63939
0.1352369 -0.8077794 1.512155
9
-0.05639043 -0.1519903 1.806311
-0.1299679 -0.1612773 1.769739
0.01950573 -0.1365257 1.769673
-0.3332008 -0.4005081 1.705254
0.2155057 -0.346344 1.594557
-0.5681045 -0.762575 1.734548
0.1323329 -0.7727006 1.621775
-0.5512506 -0.7993159 1.622897
0.1362811 -0.8078864 1.509285
9
-0.05639043 -0.1519903 1.806311
-0.1299679 -0.1612773 1.769739
0.01950573 -0.1365257 1.769673
-0.3332008 -0.4005081 1.705254
0.2155057 -0.346344 1.594557
-0.5681045 -0.762575 1.734548
0.1323329 -0.7727006 1.621775
-0.5512506 -0.7993159 1.622897
0.1362811 -0.8078864 1.509285
9
-0.05639043 -0.1519903 1.806311
-0.1299679 -0.1612773 1.769739
0.01950573 -0.1365257 1.769673
-0.3332008 -0.4005081 1.705254
0.2155057 -0.346344 1.594557
-0.5681045 -0.762575 1.734548
0.1323329 -0.7727006 1.621775
-0.5512506 -0.7993159 1.622897
0.1362811 -0.8078864 1.509285
9
-0.05639043 -0.1519903 1.806311
-0.1299679 -0.1612773 1.769739
0.01950573 -0.1365257 1.769673
-0.3332008 -0.4005081 1.705254
0.2155057 -0.346344 1.594557
-0.5681045 -0.762575 1.734548
0.1323329 -0.7727006 1.621775
-0.5512506 -0.7993159 1.622897
0.1362811 -0.8078864 1.509285
9
-0.05639043 -0.1519903 1.806311
-0.1299679 -0.1612773 1.769739
0.01950573 -0.1365257 1.769673
-0.3332008 -0.4005081 1.705254
0.2155057 -0.346344 1.594557
-0.5681045 -0.762575 1.734548
0.1323329 -0.7727006 1.621775
-0.5512506 -0.7993159 1.622897
0.1362811 -0.8078864 1.509285
9
-0.04115251 -0.1685888 1.806928
-0.1163859 -0.1753208 1.772597
0.03604824 -0.1554147 1.767801
-0.3205209 -0.4128856 1.699944
0.2414009 -0.3536565 1.590077
-0.5687514 -0.7658551 1.729462
0.1385326 -0.7757704 1.617957
-0.5523471 -0.8032795 1.618313
0.1418783 -0.811645 1.505971
9
-0.03456695 -0.1741814 1.806578
-0.1093847 -0.180952 1.772778
0.04175365 -0.1604913 1.767091
-0.3156474 -0.416423 1.697931
0.2474527 -0.3582829 1.58954
-0.5685469 -0.7660859 1.727245
0.1408104 -0.7795784 1.616281
-0.5515869 -0.8035138 1.616168
0.1446607 -0.8154011 1.504395
9
-0.03456695 -0.1741814 1.806578
-0.1093847 -0.180952 1.772778
0.04175365 -0.1604913 1.767091
-0.3156474 -0.416423 1.697931
0.2474527 -0.3582829 1.58954
-0.5685469 -0.7660859 1.727245
0.1408104 -0.7795784 1.616281
-0.5515869 -0.8035138 1.616168
0.1446607 -0.8154011 1.504395
9
-0.03456695 -0.1741814 1.806578
-0.1093847 -0.180952 1.772778
0.04175365 -0.1604913 1.767091
-0.3156474 -0.416423 1.697931
0.2474527 -0.3582829 1.58954
-0.5685469 -0.7660859 1.727245
0.1408104 -0.7795784 1.616281
-0.5515869 -0.8035138 1.616168
0.1446607 -0.8154011 1.504395
9
-0.03456695 -0.1741814 1.806578
-0.1093847 -0.180952 1.772778
0.04175365 -0.1604913 1.767091
-0.3156474 -0.416423 1.697931
0.2474527 -0.3582829 1.58954
-0.5685469 -0.7660859 1.727245
0.1408104 -0.7795784 1.616281
-0.5515869 -0.8035138 1.616168
0.1446607 -0.8154011 1.504395
9
-0.03456695 -0.1741814 1.806578
-0.1093847 -0.180952 1.772778
0.04175365 -0.1604913 1.767091
-0.3156474 -0.416423 1.697931
0.2474527 -0.3582829 1.58954
-0.5685469 -0.7660859 1.727245
0.1408104 -0.7795784 1.616281
-0.5515869 -0.8035138 1.616168
0.1446607 -0.8154011 1.504395
9
-0.02952232 -0.1784977 1.807754
-0.1039659 -0.1847202 1.774419
0.04623336 -0.1651555 1.767877
-0.309756 -0.4201788 1.696435
0.2538828 -0.3607492 1.590381
-0.5644974 -0.7684424 1.726222
0.142795 -0.7810652 1.615761
-0.5471244 -0.8061474 1.615397
0.1470867 -0.8171892 1.504145
9
-0.02952232 -0.1784977 1.807754
-0.1039659 -0.1847202 1.774419
0.04623336 -0.1651555 1.767877
-0.309756 -0.4201788 1.696435
0.2538828 -0.3607492 1.590381
-0.5644974 -0.7684424 1.726222
0.142795 -0.7810652 1.615761
-0.5471244 -0.8061474 1.615397
0.1470867 -0.8171892 1.504145
9
-0.02648091 -0.1819753 1.808196
-0.1009579 -0.1875178 1.774981
0.04914571 -0.169194 1.76822
-0.3103698 -0.4196918 1.696304
0.2586004 -0.3627467 1.590734
-0.5643604 -0.7684407 1.726544
0.144236 -0.7823417 1.614752
-0.5475521 -0.8063629 1.615807
0.1479379 -0.8186536 1.50324
9
-0.02648091 -0.1819753 1.808196
-0.1009579 -0.1875178 1.774981
0.04914571 -0.169194 1.76822
-0.3103698 -0.4196918 1.696304
0.2586004 -0.3627467 1.590734
-0.5643604 -0.7684407 1.726544
0.144236 -0.7823417 1.614752
-0.5475521 -0.8063629 1.615807
0.1479379 -0.8186536 1.50324
9
-0.02648091 -0.1819753 1.808196
-0.1009579 -0.1875178 1.774981
0.04914571 -0.169194 1.76822
-0.3103698 -0.4196918 1.696304
0.2586004 -0.3627467 1.590734
-0.5643604 -0.7684407 1.726544
0.144236 -0.7823417 1.614752
-0.5475521 -0.8063629 1.615807
0.1479379 -0.8186536 1.50324
9
-0.02549671 -0.1829608 1.808454
-0.1001625 -0.1881365 1.775102
0.0502793 -0.1705583 1.768663
-0.3103338 -0.4196566 1.696488
0.2602862 -0.3639007 1.591764
-0.5642794 -0.7684251 1.726827
0.1452128 -0.7834134 1.614604
-0.5470327 -0.8063643 1.616133
0.1493371 -0.8197229 1.503147
9
-0.02549671 -0.1829608 1.808454
-0.1001625 -0.1881365 1.775102
0.0502793 -0.1705583 1.768663
-0.3103338 -0.4196566 1.696488
0.2602862 -0.3639007 1.591764
-0.5642794 -0.7684251 1.726827
0.1452128 -0.7834134 1.614604
-0.5470327 -0.8063643 1.616133
0.1493371 -0.8197229 1.503147
9
-0.02540914 -0.1829722 1.808542
-0.1001036 -0.1880774 1.775165
0.050422 -0.170666 1.76881
-0.3102158 -0.419863 1.697856
0.2609102 -0.3641922 1.592878
-0.5641328 -0.7687045 1.727813
0.1456728 -0.7837744 1.614492
-0.546663 -0.8066107 1.617111
0.1500184 -0.820043 1.503034
9
-0.02540914 -0.1829722 1.808542
-0.1001036 -0.1880774 1.775165
0.050422 -0.170666 1.76881
-0.3102158 -0.419863 1.697856
0.2609102 -0.3641922 1.592878
-0.5641328 -0.7687045 1.727813
0.1456728 -0.7837744 1.614492
-0.546663 -0.8066107 1.617111
0.1500184 -0.820043 1.503034
9
-0.02546203 -0.1824412 1.809351
-0.100123 -0.1874608 1.775704
0.05031115 -0.1702129 1.769994
-0.3102264 -0.4193398 1.698779
0.2604972 -0.3646229 1.594822
-0.5638319 -0.768469 1.728333
0.1092612 -0.7499511 1.638382
-0.5460749 -0.8063716 1.617643
0.1306777 -0.8115211 1.594352
