40
9
-0.1892375 -0.06210783 1.823424
-0.264968 -0.0678861 1.781628
-0.1058999 -0.05382592 1.791983
-0.3717031 -0.3985237 1.798099
0.03550163 -0.3934313 1.705487
-0.5158401 -0.7478029 1.831315
0.07591578 -0.7421035 1.659157
-0.5735239 -0.7917425 1.787707
0.07732896 -0.7749907 1.544562
9
-0.1892417 -0.06209972 1.823383
-0.264966 -0.06790905 1.781621
-0.1059209 -0.05373043 1.791835
-0.3716887 -0.3982354 1.797992
0.03580853 -0.3934475 1.704984
-0.5162102 -0.7476349 1.831461
0.07571043 -0.7415684 1.659893
-0.573334 -0.7916237 1.787801
0.07713327 -0.7744593 1.545296
9
-0.1892417 -0.06209972 1.823383
-0.264966 -0.06790905 1.781621
-0.1059209 -0.05373043 1.791835
-0.3716887 -0.3982354 1.797992
0.03580853 -0.3934475 1.704984
-0.5162102 -0.7476349 1.831461
0.07571043 -0.7415684 1.659893
-0.573334 -0.7916237 1.787801
0.07713327 -0.7744593 1.545296
9
-0.1879561 -0.0626276 1.822652
-0.2635961 -0.06878634 1.781043
-0.1046953 -0.05394159 1.79093
-0.3710135 -0.3981856 1.79759
0.04123921 -0.3922423 1.701375
-0.5164867 -0.7478825 1.831586
0.07579418 -0.7415273 1.659837
-0.5727568 -0.7919302 1.790314
0.1137189 -0.8023815 1.596552
9
-0.1879561 -0.0626276 1.822652
-0.2635961 -0.06878634 1.781043
-0.1046953 -0.05394159 1.79093
-0.3710135 -0.3981856 1.79759
0.04123921 -0.3922423 1.701375
-0.5164867 -0.7478825 1.831586
0.07579418 -0.7415273 1.659837
-0.5727568 -0.7919302 1.790314
0.1137189 -0.8023815 1.596552
9
-0.1811049 -0.06616596 1.820037
-0.2568424 -0.07297917 1.778722
-0.09799926 -0.05671737 1.78803
-0.3683145 -0.3993304 1.796659
0.05619277 -0.391323 1.693141
-0.5170628 -0.7483052 1.831622
0.07701563 -0.741154 1.659966
-0.5750492 -0.7929268 1.790252
0.1142058 -0.802269 1.596664
9
-0.1811049 -0.06616596 1.820037
-0.2568424 -0.07297917 1.778722
-0.09799926 -0.05671737 1.78803
-0.3683145 -0.3993304 1.796659
0.05619277 -0.391323 1.693141
-0.5170628 -0.7483052 1.831622
0.07701563 -0.741154 1.659966
-0.5750492 -0.7929268 1.790252
0.1142058 -0.802269 1.596664
9
-0.1704416 -0.07182733 1.816783
-0.2460328 -0.07938457 1.776093
-0.08788563 -0.06143323 1.784162
-0.3597247 -0.4006232 1.793815
0.07366768 -0.3845902 1.685053
-0.5173249 -0.7484375 1.831487
0.07996138 -0.7416515 1.659162
-0.5757875 -0.7934682 1.791637
0.1143161 -0.8016666 1.594674
9
-0.1546088 -0.0811891 1.811462
-0.2308133 -0.08947251 1.770689
-0.07211459 -0.06964982 1.778892
-0.3508009 -0.4051701 1.790728
0.09322728 -0.3851961 1.673375
-0.5180475 -0.7492382 1.830766
0.08440071 -0.7445875 1.656267
-0.5745088 -0.7932725 1.790159
0.1169528 -0.8030146 1.593964
9
-0.1546088 -0.0811891 1.811462
-0.2308133 -0.08947251 1.770689
-0.07211459 -0.06964982 1.778892
-0.3508009 -0.4051701 1.790728
0.09322728 -0.3851961 1.673375
-0.5180475 -0.7492382 1.830766
0.08440071 -0.7445875 1.656267
-0.5745088 -0.7932725 1.790159
0.1169528 -0.8030146 1.593964
9
-0.1360934 -0.08975891 1.806734
-0.2131044 -0.09927078 1.766585
-0.05343876 -0.07665469 1.77347
-0.3362309 -0.4110463 1.785271
0.1080328 -0.3849654 1.664268
-0.5177439 -0.7490655 1.829816
0.08923802 -0.7461765 1.653022
-0.5065646 -0.7830722 1.715657
0.1199751 -0.8044698 1.593399
9
-0.1360934 -0.08975891 1.806734
-0.2131044 -0.09927078 1.766585
-0.05343876 -0.07665469 1.77347
-0.3362309 -0.4110463 1.785271
0.1080328 -0.3849654 1.664268
-0.5177439 -0.7490655 1.829816
0.08923802 -0.7461765 1.653022
-0.5065646 -0.7830722 1.715657
0.1199751 -0.8044698 1.593399
9
-0.1214179 -0.09792327 1.802912
-0.198555 -0.1078949 1.762937
-0.03932238 -0.08397741 1.76948
-0.325341 -0.4186814 1.781608
0.1238783 -0.3850457 1.655086
-0.5163596 -0.7490594 1.828251
0.09456714 -0.7480463 1.64891
-0.5054763 -0.7831956 1.714181
0.1265182 -0.8072063 1.590883
9
-0.1214179 -0.09792327 1.802912
-0.198555 -0.1078949 1.762937
-0.03932238 -0.08397741 1.76948
-0.325341 -0.4186814 1.781608
0.1238783 -0.3850457 1.655086
-0.5163596 -0.7490594 1.828251
0.09456714 -0.7480463 1.64891
-0.5054763 -0.7831956 1.714181
0.1265182 -0.8072063 1.590883
9
-0.1214179 -0.09792327 1.802912
-0.198555 -0.1078949 1.762937
-0.03932238 -0.08397741 1.76948
-0.325341 -0.4186814 1.781608
0.1238783 -0.3850457 1.655086
-0.5163596 -0.7490594 1.828251
0.09456714 -0.7480463 1.64891
-0.5054763 -0.7831956 1.714181
0.1265182 -0.8072063 1.590883
9
-0.1214179 -0.09792327 1.802912
-0.198555 -0.1078949 1.762937
-0.03932238 -0.08397741 1.76948
-0.325341 -0.4186814 1.781608
0.1238783 -0.3850457 1.655086
-0.5163596 -0.7490594 1.828251
0.09456714 -0.7480463 1.64891
-0.5054763 -0.7831956 1.714181
0.1265182 -0.8072063 1.590883
9
-0.1214179 -0.09792327 1.802912
-0.198555 -0.1078949 1.762937
-0.03932238 -0.08397741 1.76948
-0.325341 -0.4186814 1.781608
0.1238783 -0.3850457 1.655086
-0.5163596 -0.7490594 1.828251
0.09456714 -0.7480463 1.64891
-0.5054763 -0.7831956 1.714181
0.1265182 -0.8072063 1.590883
9
-0.1214179 -0.09792327 1.802912
-0.198555 -0.1078949 1.762937
-0.03932238 -0.08397741 1.76948
-0.325341 -0.4186814 1.781608
0.1238783 -0.3850457 1.655086
-0.5163596 -0.7490594 1.828251
0.09456714 -0.7480463 1.64891
-0.5054763 -0.7831956 1.714181
0.1265182 -0.8072063 1.590883
9
-0.1214179 -0.09792327 1.802912
-0.198555 -0.1078949 1.762937
-0.03932238 -0.08397741 1.76948
-0.325341 -0.4186814 1.781608
0.1238783 -0.3850457 1.655086
-0.5163596 -0.7490594 1.828251
0.09456714 -0.7480463 1.64891
-0.5054763 -0.7831956 1.714181
0.1265182 -0.8072063 1.590883
9
-0.1214179 -0.09792327 1.802912
-0.198555 -0.1078949 1.762937
-0.03932238 -0.08397741 1.76948
-0.325341 -0.4186814 1.781608
0.1238783 -0.3850457 1.655086
-0.5163596 -0.7490594 1.828251
0.09456714 -0.7480463 1.64891
-0.5054763 -0.7831956 1.714181
0.1265182 -0.8072063 1.590883
9
-0.1214179 -0.09792327 1.802912
-0.198555 -0.1078949 1.762937
-0.03932238 -0.08397741 1.76948
-0.325341 -0.4186814 1.781608
0.1238783 -0.3850457 1.655086
-0.5163596 -0.7490594 1.828251
0.09456714 -0.7480463 1.64891
-0.5054763 -0.7831956 1.714181
0.1265182 -0.8072063 1.590883
9
-0.1214179 -0.09792327 1.802912
-0.198555 -0.1078949 1.762937
-0.03932238 -0.08397741 1.76948
-0.325341 -0.4186814 1.781608
0.1238783 -0.3850457 1.655086
-0.5163596 -0.7490594 1.828251
0.09456714 -0.7480463 1.64891
-0.5054763 -0.7831956 1.714181
0.1265182 -0.8072063 1.590883
9
-0.1214179 -0.09792327 1.802912
-0.198555 -0.1078949 1.762937
-0.03932238 -0.08397741 1.76948
-0.325341 -0.4186814 1.781608
0.1238783 -0.3850457 1.655086
-0.5163596 -0.7490594 1.828251
0.09456714 -0.7480463 1.64891
-0.5054763 -0.7831956 1.714181
0.1265182 -0.8072063 1.590883
9
-0.1214179 -0.09792327 1.802912
-0.198555 -0.1078949 1.762937
-0.03932238 -0.08397741 1.76948
-0.325341 -0.4186814 1.781608
0.1238783 -0.3850457 1.655086
-0.5163596 -0.7490594 1.828251
0.09456714 -0.7480463 1.64891
-0.5054763 -0.7831956 1.714181
0.1265182 -0.8072063 1.590883
9
-0.03861902 -0.1611733 1.783377
-0.1163917 -0.1738294 1.745702
0.04075278 -0.1418842 1.74768
-0.2661709 -0.4526409 1.768457
0.1982719 -0.4009411 1.614191
-0.4995833 -0.7432795 1.820945
0.1024686 -0.7511136 1.637363
-0.4902338 -0.7797673 1.708169
0.1400233 -0.8132769 1.577994
9
-0.03861902 -0.1611733 1.783377
-0.1163917 -0.1738294 1.745702
0.04075278 -0.1418842 1.74768
-0.2661709 -0.4526409 1.768457
0.1982719 -0.4009411 1.614191
-0.4995833 -0.7432795 1.820945
0.1024686 -0.7511136 1.637363
-0.4902338 -0.7797673 1.708169
0.1400233 -0.8132769 1.577994
9
-0.03738505 -0.1620552 1.783102
-0.1150725 -0.1747112 1.745288
0.04186378 -0.1427343 1.747534
-0.2479928 -0.4531668 1.762397
0.1993499 -0.4017513 1.613976
-0.5158464 -0.7853892 1.828538
0.1045234 -0.7519127 1.63506
-0.5823912 -0.7947423 1.781284
0.1414591 -0.8137481 1.577494
9
-0.03444474 -0.1644986 1.782491
-0.1122102 -0.176967 1.744598
0.0447576 -0.1452653 1.747015
-0.2478999 -0.4538407 1.762629
0.2043538 -0.4024721 1.612286
-0.5154234 -0.7863988 1.828778
0.1060051 -0.7523138 1.633399
-0.5822828 -0.7945763 1.781294
0.1443288 -0.8147774 1.578139
9
-0.03444474 -0.1644986 1.782491
-0.1122102 -0.176967 1.744598
0.0447576 -0.1452653 1.747015
-0.2478999 -0.4538407 1.762629
0.2043538 -0.4024721 1.612286
-0.5154234 -0.7863988 1.828778
0.1060051 -0.7523138 1.633399
-0.5822828 -0.7945763 1.781294
0.1443288 -0.8147774 1.578139
9
-0.03025066 -0.1691602 1.782205
-0.1081238 -0.181462 1.743883
0.04890159 -0.1499244 1.747177
-0.2474395 -0.4561784 1.763089
0.2091651 -0.4057927 1.610412
-0.512872 -0.7918047 1.823374
0.1061176 -0.7528327 1.632716
-0.6012483 -0.8259375 1.782392
0.1453078 -0.8149511 1.577542
9
-0.03025066 -0.1691602 1.782205
-0.1081238 -0.181462 1.743883
0.04890159 -0.1499244 1.747177
-0.2474395 -0.4561784 1.763089
0.2091651 -0.4057927 1.610412
-0.512872 -0.7918047 1.823374
0.1061176 -0.7528327 1.632716
-0.6012483 -0.8259375 1.782392
0.1453078 -0.8149511 1.577542
9
-0.03025066 -0.1691602 1.782205
-0.1081238 -0.181462 1.743883
0.04890159 -0.1499244 1.747177
-0.2474395 -0.4561784 1.763089
0.2091651 -0.4057927 1.610412
-0.512872 -0.7918047 1.823374
0.1061176 -0.7528327 1.632716
-0.6012483 -0.8259375 1.782392
0.1453078 -0.8149511 1.577542
9
-0.03025066 -0.1691602 1.782205
-0.1081238 -0.181462 1.743883
0.04890159 -0.1499244 1.747177
-0.2474395 -0.4561784 1.763089
0.2091651 -0.4057927 1.610412
-0.512872 -0.7918047 1.823374
0.1061176 -0.7528327 1.632716
-0.6012483 -0.8259375 1.782392
0.1453078 -0.8149511 1.577542
9
-0.03025066 -0.1691602 1.782205
-0.1081238 -0.181462 1.743883
0.04890159 -0.1499244 1.747177
-0.2474395 -0.4561784 1.763089
0.2091651 -0.4057927 1.610412
-0.512872 -0.7918047 1.823374
0.1061176 -0.7528327 1.632716
-0.6012483 -0.8259375 1.782392
0.1453078 -0.8149511 1.577542
9
-0.03025066 -0.1691602 1.782205
-0.1081238 -0.181462 1.743883
0.04890159 -0.1499244 1.747177
-0.2474395 -0.4561784 1.763089
0.2091651 -0.4057927 1.610412
-0.512872 -0.7918047 1.823374
0.1061176 -0.7528327 1.632716
-0.6012483 -0.8259375 1.782392
0.1453078 -0.8149511 1.577542
9
-0.02502441 -0.1743933 1.781758
-0.102951 -0.1867892 1.743474
0.05394534 -0.1548315 1.746711
-0.2452527 -0.4598366 1.762929
0.2147129 -0.4097358 1.608726
-0.4670872 -0.7223818 1.812666
0.1104123 -0.7514521 1.631028
-0.4589767 -0.7599059 1.700133
0.1456009 -0.8151886 1.576897
9
-0.02502441 -0.1743933 1.781758
-0.102951 -0.1867892 1.743474
0.05394534 -0.1548315 1.746711
-0.2452527 -0.4598366 1.762929
0.2147129 -0.4097358 1.608726
-0.4670872 -0.7223818 1.812666
0.1104123 -0.7514521 1.631028
-0.4589767 -0.7599059 1.700133
0.1456009 -0.8151886 1.576897
9
-0.02452997 -0.1753169 1.781625
-0.102602 -0.1874148 1.7433
0.05458983 -0.1560728 1.746646
-0.2439563 -0.4609563 1.762698
0.2167547 -0.4099535 1.60839
-0.4671329 -0.722345 1.812703
0.1106849 -0.7512381 1.630643
-0.4592141 -0.7600109 1.700241
0.1463121 -0.8156259 1.578699
9
-0.02413927 -0.1756198 1.781491
-0.1021795 -0.1876623 1.743199
0.05493194 -0.1564141 1.746477
-0.2436309 -0.4611378 1.76266
0.2177545 -0.4099318 1.608399
-0.5096873 -0.7963178 1.822942
0.1133556 -0.7485524 1.628826
-0.5012959 -0.8330222 1.711048
0.1500649 -0.8178931 1.583886
9
-0.02413927 -0.1756198 1.781491
-0.1021795 -0.1876623 1.743199
0.05493194 -0.1564141 1.746477
-0.2436309 -0.4611378 1.76266
0.2177545 -0.4099318 1.608399
-0.5096873 -0.7963178 1.822942
0.1133556 -0.7485524 1.628826
-0.5012959 -0.8330222 1.711048
0.1500649 -0.8178931 1.583886
