40
9
-0.05187415 -0.4738071 2.233143
-0.134968 -0.4765326 2.19714
0.03294891 -0.4556112 2.196027
-0.3723029 -0.7104947 2.150828
0.2307546 -0.6262304 1.971055
-0.5459057 -0.9500037 2.139317
0.1482095 -1.014315 2.026991
-0.5326342 -1.005161 2.011997
0.06985582 -1.01288 2.057962
9
-0.05187415 -0.4738071 2.233143
-0.134968 -0.4765326 2.19714
0.03294891 -0.4556112 2.196027
-0.3723029 -0.7104947 2.150828
0.2307546 -0.6262304 1.971055
-0.5459057 -0.9500037 2.139317
0.1482095 -1.014315 2.026991
-0.5326342 -1.005161 2.011997
0.06985582 -1.01288 2.057962
9
-0.05187415 -0.4738071 2.233143
-0.134968 -0.4765326 2.19714
0.03294891 -0.4556112 2.196027
-0.3723029 -0.7104947 2.150828
0.2307546 -0.6262304 1.971055
-0.5459057 -0.9500037 2.139317
0.1482095 -1.014315 2.026991
-0.5326342 -1.005161 2.011997
0.06985582 -1.01288 2.057962
9
-0.05187415 -0.4738071 2.233143
-0.134968 -0.4765326 2.19714
0.03294891 -0.4556112 2.196027
-0.3723029 -0.7104947 2.150828
0.2307546 -0.6262304 1.971055
-0.5459057 -0.9500037 2.139317
0.1482095 -1.014315 2.026991
-0.5326342 -1.005161 2.011997
0.06985582 -1.01288 2.057962
9
-0.05187415 -0.4738071 2.233143
-0.134968 -0.4765326 2.19714
0.03294891 -0.4556112 2.196027
-0.3723029 -0.7104947 2.150828
0.2307546 -0.6262304 1.971055
-0.5459057 -0.9500037 2.139317
0.1482095 -1.014315 2.026991
-0.5326342 -1.005161 2.011997
0.06985582 -1.01288 2.057962
9
-0.02059037 -0.5058635 2.229618
-0.106102 -0.5050359 2.195498
0.06568588 -0.4903206 2.190679
-0.3406907 -0.7180599 2.140195
0.265226 -0.6438681 1.953841
-0.5329242 -0.9402074 2.136236
0.1010135 -0.9798224 2.070463
-0.5208408 -0.9963413 2.009444
0.1033875 -1.034696 1.943281
9
-0.01819488 -0.5077593 2.228821
-0.1032387 -0.5071372 2.194973
0.06756227 -0.4919209 2.189715
-0.3386223 -0.7192853 2.138774
0.2668074 -0.6453469 1.952551
-0.5280244 -0.9431718 2.13336
0.1048582 -0.9795561 2.067215
-0.5163678 -0.9992354 2.00656
0.1117893 -1.056863 2.070686
9
-0.01819488 -0.5077593 2.228821
-0.1032387 -0.5071372 2.194973
0.06756227 -0.4919209 2.189715
-0.3386223 -0.7192853 2.138774
0.2668074 -0.6453469 1.952551
-0.5280244 -0.9431718 2.13336
0.1048582 -0.9795561 2.067215
-0.5163678 -0.9992354 2.00656
0.1117893 -1.056863 2.070686
9
-0.01819488 -0.5077593 2.228821
-0.1032387 -0.5071372 2.194973
0.06756227 -0.4919209 2.189715
-0.3386223 -0.7192853 2.138774
0.2668074 -0.6453469 1.952551
-0.5280244 -0.9431718 2.13336
0.1048582 -0.9795561 2.067215
-0.5163678 -0.9992354 2.00656
0.1117893 -1.056863 2.070686
9
-0.01819488 -0.5077593 2.228821
-0.1032387 -0.5071372 2.194973
0.06756227 -0.4919209 2.189715
-0.3386223 -0.7192853 2.138774
0.2668074 -0.6453469 1.952551
-0.5280244 -0.9431718 2.13336
0.1048582 -0.9795561 2.067215
-0.5163678 -0.9992354 2.00656
0.1117893 -1.056863 2.070686
9
-0.01819488 -0.5077593 2.228821
-0.1032387 -0.5071372 2.194973
0.06756227 -0.4919209 2.189715
-0.3386223 -0.7192853 2.138774
0.2668074 -0.6453469 1.952551
-0.5280244 -0.9431718 2.13336
0.1048582 -0.9795561 2.067215
-0.5163678 -0.9992354 2.00656
0.1117893 -1.056863 2.070686
9
-0.0002525741 -0.5170934 2.225816
-0.08592939 -0.5171907 2.192971
0.08547951 -0.5001314 2.18583
-0.3354156 -0.7116385 2.117527
0.2762949 -0.6538135 1.940977
-0.5214291 -0.9457879 2.131379
0.1094498 -0.9804508 2.065619
-0.6117526 -0.9889007 2.077242
0.1102295 -1.035432 1.938525
9
-0.0002525741 -0.5170934 2.225816
-0.08592939 -0.5171907 2.192971
0.08547951 -0.5001314 2.18583
-0.3354156 -0.7116385 2.117527
0.2762949 -0.6538135 1.940977
-0.5214291 -0.9457879 2.131379
0.1094498 -0.9804508 2.065619
-0.6117526 -0.9889007 2.077242
0.1102295 -1.035432 1.938525
9
0.005522986 -0.5204957 2.225465
-0.08011415 -0.5207192 2.193434
0.09108909 -0.503328 2.184723
-0.3351672 -0.7084469 2.117656
0.2798038 -0.6567044 1.937606
-0.5141315 -0.9460989 2.129391
0.1119177 -0.9809454 2.06377
-0.6089829 -0.9883838 2.076008
0.1124583 -1.035987 1.936743
9
0.005522986 -0.5204957 2.225465
-0.08011415 -0.5207192 2.193434
0.09108909 -0.503328 2.184723
-0.3351672 -0.7084469 2.117656
0.2798038 -0.6567044 1.937606
-0.5141315 -0.9460989 2.129391
0.1119177 -0.9809454 2.06377
-0.6089829 -0.9883838 2.076008
0.1124583 -1.035987 1.936743
9
0.005522986 -0.5204957 2.225465
-0.08011415 -0.5207192 2.193434
0.09108909 -0.503328 2.184723
-0.3351672 -0.7084469 2.117656
0.2798038 -0.6567044 1.937606
-0.5141315 -0.9460989 2.129391
0.1119177 -0.9809454 2.06377
-0.6089829 -0.9883838 2.076008
0.1124583 -1.035987 1.936743
9
0.005522986 -0.5204957 2.225465
-0.08011415 -0.5207192 2.193434
0.09108909 -0.503328 2.184723
-0.3351672 -0.7084469 2.117656
0.2798038 -0.6567044 1.937606
-0.5141315 -0.9460989 2.129391
0.1119177 -0.9809454 2.06377
-0.6089829 -0.9883838 2.076008
0.1124583 -1.035987 1.936743
9
0.01053273 -0.5237597 2.225138
-0.07547452 -0.5235286 2.19385
0.09633623 -0.5069755 2.183609
-0.3340071 -0.70696 2.118109
0.2849098 -0.6588577 1.935168
-0.5086089 -0.9472544 2.128995
0.1157665 -0.9809594 2.060833
-0.6093203 -0.9884726 2.075628
0.1152188 -1.036231 1.933984
9
0.01053273 -0.5237597 2.225138
-0.07547452 -0.5235286 2.19385
0.09633623 -0.5069755 2.183609
-0.3340071 -0.70696 2.118109
0.2849098 -0.6588577 1.935168
-0.5086089 -0.9472544 2.128995
0.1157665 -0.9809594 2.060833
-0.6093203 -0.9884726 2.075628
0.1152188 -1.036231 1.933984
9
0.01251752 -0.5252628 2.224859
-0.07340756 -0.5249953 2.193613
0.09812558 -0.5084215 2.183323
-0.3331912 -0.7070885 2.118574
0.2878104 -0.6588826 1.934675
-0.5053292 -0.9465755 2.1288
0.1209835 -0.978091 2.056
-0.6109883 -0.9890811 2.07573
0.1199288 -1.033457 1.92921
9
0.01374269 -0.5258964 2.225085
-0.07223707 -0.5255302 2.193825
0.09934431 -0.5091242 2.183574
-0.3335594 -0.7056177 2.118117
0.2899048 -0.6589382 1.935086
-0.5050398 -0.9473258 2.128721
0.1241174 -0.9763725 2.053826
-0.6112967 -0.9891358 2.075606
0.1225817 -1.0318 1.927071
9
0.01374269 -0.5258964 2.225085
-0.07223707 -0.5255302 2.193825
0.09934431 -0.5091242 2.183574
-0.3335594 -0.7056177 2.118117
0.2899048 -0.6589382 1.935086
-0.5050398 -0.9473258 2.128721
0.1241174 -0.9763725 2.053826
-0.6112967 -0.9891358 2.075606
0.1225817 -1.0318 1.927071
9
0.01468136 -0.5262076 2.225196
-0.07132794 -0.5258334 2.193915
0.1002678 -0.5094251 2.183711
-0.3335786 -0.7047775 2.117382
0.2910045 -0.6587953 1.934832
-0.5024211 -0.9478394 2.128605
0.124129 -0.9764167 2.05377
-0.6145913 -0.990483 2.076284
0.122353 -1.031896 1.927054
9
0.01468136 -0.5262076 2.225196
-0.07132794 -0.5258334 2.193915
0.1002678 -0.5094251 2.183711
-0.3335786 -0.7047775 2.117382
0.2910045 -0.6587953 1.934832
-0.5024211 -0.9478394 2.128605
0.124129 -0.9764167 2.05377
-0.6145913 -0.990483 2.076284
0.122353 -1.031896 1.927054
9
0.01546129 -0.5260015 2.225475
-0.07061793 -0.5257263 2.194158
0.1010958 -0.5091109 2.184035
-0.3346248 -0.7024891 2.118061
0.2912472 -0.6587997 1.934707
-0.5018961 -0.9477104 2.128565
0.1241777 -0.9764568 2.053789
-0.6151015 -0.9905515 2.074881
0.1222461 -1.031958 1.92709
9
0.01546129 -0.5260015 2.225475
-0.07061793 -0.5257263 2.194158
0.1010958 -0.5091109 2.184035
-0.3346248 -0.7024891 2.118061
0.2912472 -0.6587997 1.934707
-0.5018961 -0.9477104 2.128565
0.1241777 -0.9764568 2.053789
-0.6151015 -0.9905515 2.074881
0.1222461 -1.031958 1.92709
9
0.01555888 -0.5255815 2.225548
-0.07051157 -0.5253393 2.194246
0.1011778 -0.5086648 2.184091
-0.3350775 -0.7014768 2.117961
0.2914386 -0.6584465 1.934755
-0.5018016 -0.9478058 2.128546
0.1241738 -0.9766433 2.053819
-0.6144264 -0.9901819 2.073658
0.1219782 -1.032137 1.927117
9
0.01555888 -0.5255815 2.225548
-0.07051157 -0.5253393 2.194246
0.1011778 -0.5086648 2.184091
-0.3350775 -0.7014768 2.117961
0.2914386 -0.6584465 1.934755
-0.5018016 -0.9478058 2.128546
0.1241738 -0.9766433 2.053819
-0.6144264 -0.9901819 2.073658
0.1219782 -1.032137 1.927117
9
0.01534419 -0.5237148 2.226104
-0.07063632 -0.5236204 2.194767
0.1008661 -0.5066995 2.18469
-0.3340104 -0.7017826 2.119047
0.290525 -0.6579602 1.935701
-0.5018632 -0.9479173 2.128522
0.1242431 -0.9768059 2.053984
-0.6149172 -0.990317 2.072962
0.121437 -1.032233 1.92724
9
0.01534419 -0.5237148 2.226104
-0.07063632 -0.5236204 2.194767
0.1008661 -0.5066995 2.18469
-0.3340104 -0.7017826 2.119047
0.290525 -0.6579602 1.935701
-0.5018632 -0.9479173 2.128522
0.1242431 -0.9768059 2.053984
-0.6149172 -0.990317 2.072962
0.121437 -1.032233 1.92724
9
0.01534419 -0.5237148 2.226104
-0.07063632 -0.5236204 2.194767
0.1008661 -0.5066995 2.18469
-0.3340104 -0.7017826 2.119047
0.290525 -0.6579602 1.935701
-0.5018632 -0.9479173 2.128522
0.1242431 -0.9768059 2.053984
-0.6149172 -0.990317 2.072962
0.121437 -1.032233 1.92724
9
0.01534419 -0.5237148 2.226104
-0.07063632 -0.5236204 2.194767
0.1008661 -0.5066995 2.18469
-0.3340104 -0.7017826 2.119047
0.290525 -0.6579602 1.935701
-0.5018632 -0.9479173 2.128522
0.1242431 -0.9768059 2.053984
-0.6149172 -0.990317 2.072962
0.121437 -1.032233 1.92724
9
0.01534419 -0.5237148 2.226104
-0.07063632 -0.5236204 2.194767
0.1008661 -0.5066995 2.18469
-0.3340104 -0.7017826 2.119047
0.290525 -0.6579602 1.935701
-0.5018632 -0.9479173 2.128522
0.1242431 -0.9768059 2.053984
-0.6149172 -0.990317 2.072962
0.121437 -1.032233 1.92724
9
0.01534419 -0.5237148 2.226104
-0.07063632 -0.5236204 2.194767
0.1008661 -0.5066995 2.18469
-0.3340104 -0.7017826 2.119047
0.290525 -0.6579602 1.935701
-0.5018632 -0.9479173 2.128522
0.1242431 -0.9768059 2.053984
-0.6149172 -0.990317 2.072962
0.121437 -1.032233 1.92724
9
0.0009483647 -0.5104918 2.228559
-0.08392265 -0.510232 2.196574
0.08574634 -0.4940368 2.187739
-0.3277268 -0.7154113 2.142881
0.2804509 -0.649394 1.94609
-0.5075333 -0.9489587 2.129047
0.1226154 -0.9763868 2.054403
-0.6167206 -0.9908808 2.072438
0.1192651 -1.031093 1.927117
9
0.0009483647 -0.5104918 2.228559
-0.08392265 -0.510232 2.196574
0.08574634 -0.4940368 2.187739
-0.3277268 -0.7154113 2.142881
0.2804509 -0.649394 1.94609
-0.5075333 -0.9489587 2.129047
0.1226154 -0.9763868 2.054403
-0.6167206 -0.9908808 2.072438
0.1192651 -1.031093 1.927117
9
0.0009483647 -0.5104918 2.228559
-0.08392265 -0.510232 2.196574
0.08574634 -0.4940368 2.187739
-0.3277268 -0.7154113 2.142881
0.2804509 -0.649394 1.94609
-0.5075333 -0.9489587 2.129047
0.1226154 -0.9763868 2.054403
-0.6167206 -0.9908808 2.072438
0.1192651 -1.031093 1.927117
9
-0.007756832 -0.5024738 2.230098
-0.09228625 -0.5021018 2.197722
0.07702176 -0.4864172 2.189611
-0.3283874 -0.7156872 2.14284
0.2742434 -0.6439574 1.951876
-0.5130273 -0.9489722 2.130036
0.1210644 -0.9771666 2.05609
-0.6205553 -0.9922572 2.071249
0.1179711 -1.031669 1.928652
9
-0.01255013 -0.4965249 2.230637
-0.09644781 -0.4968961 2.198041
0.07173166 -0.4798853 2.190355
-0.3307837 -0.7124249 2.144522
0.2697978 -0.6393517 1.954848
-0.5165895 -0.9482996 2.131116
0.1180114 -0.9797403 2.06006
-0.6215389 -0.9926875 2.072497
0.1155431 -1.03385 1.932338
9
-0.01255013 -0.4965249 2.230637
-0.09644781 -0.4968961 2.198041
0.07173166 -0.4798853 2.190355
-0.3307837 -0.7124249 2.144522
0.2697978 -0.6393517 1.954848
-0.5165895 -0.9482996 2.131116
0.1180114 -0.9797403 2.06006
-0.6215389 -0.9926875 2.072497
0.1155431 -1.03385 1.932338
