40
9
-0.08785828 -0.1603388 2.209627
-0.1608959 -0.1597618 2.16375
-0.01163455 -0.1556548 2.178742
-0.374937 -0.4218928 2.069062
0.1926336 -0.4056959 2.015967
-0.538653 -0.7448614 2.083175
0.1429653 -0.7495477 2.069065
-0.5120774 -0.782884 1.978609
0.1669981 -0.8078722 2.023872
9
-0.08785828 -0.1603388 2.209627
-0.1608959 -0.1597618 2.16375
-0.01163455 -0.1556548 2.178742
-0.374937 -0.4218928 2.069062
0.1926336 -0.4056959 2.015967
-0.538653 -0.7448614 2.083175
0.1429653 -0.7495477 2.069065
-0.5120774 -0.782884 1.978609
0.1669981 -0.8078722 2.023872
9
-0.04485543 -0.1940295 2.204165
-0.1223506 -0.188385 2.15942
0.03261661 -0.1917442 2.172257
-0.3342417 -0.4523473 2.064781
0.2546982 -0.4128312 1.988688
-0.5676106 -0.7868741 2.072917
0.2099135 -0.8170077 2.025851
-0.6014708 -0.8267845 2.007913
0.2213738 -0.8534369 1.920436
9
-0.0335387 -0.2007552 2.204308
-0.1095573 -0.1966837 2.159352
0.04374802 -0.1978429 2.17253
-0.3233759 -0.4591727 2.064826
0.2646162 -0.4164412 1.983816
-0.5644802 -0.7882123 2.072477
0.2157232 -0.8201552 2.020956
-0.5402144 -0.8258241 1.967801
0.227021 -0.8566504 1.915667
9
-0.0335387 -0.2007552 2.204308
-0.1095573 -0.1966837 2.159352
0.04374802 -0.1978429 2.17253
-0.3233759 -0.4591727 2.064826
0.2646162 -0.4164412 1.983816
-0.5644802 -0.7882123 2.072477
0.2157232 -0.8201552 2.020956
-0.5402144 -0.8258241 1.967801
0.227021 -0.8566504 1.915667
9
-0.01037735 -0.214142 2.20518
-0.08718989 -0.2103207 2.160416
0.06675702 -0.2104788 2.173186
-0.3299177 -0.4335666 2.023684
0.2874084 -0.4213441 1.974215
-0.5708842 -0.7625291 2.03584
0.1566571 -0.758862 2.060235
-0.5804588 -0.8161703 2.030819
0.1706221 -0.8187373 2.019267
9
-0.01037735 -0.214142 2.20518
-0.08718989 -0.2103207 2.160416
0.06675702 -0.2104788 2.173186
-0.3299177 -0.4335666 2.023684
0.2874084 -0.4213441 1.974215
-0.5708842 -0.7625291 2.03584
0.1566571 -0.758862 2.060235
-0.5804588 -0.8161703 2.030819
0.1706221 -0.8187373 2.019267
9
-0.01037735 -0.214142 2.20518
-0.08718989 -0.2103207 2.160416
0.06675702 -0.2104788 2.173186
-0.3299177 -0.4335666 2.023684
0.2874084 -0.4213441 1.974215
-0.5708842 -0.7625291 2.03584
0.1566571 -0.758862 2.060235
-0.5804588 -0.8161703 2.030819
0.1706221 -0.8187373 2.019267
9
-0.01037735 -0.214142 2.20518
-0.08718989 -0.2103207 2.160416
0.06675702 -0.2104788 2.173186
-0.3299177 -0.4335666 2.023684
0.2874084 -0.4213441 1.974215
-0.5708842 -0.7625291 2.03584
0.1566571 -0.758862 2.060235
-0.5804588 -0.8161703 2.030819
0.1706221 -0.8187373 2.019267
9
0.0296246 -0.2397725 2.207227
-0.04759078 -0.2368108 2.162931
0.1058283 -0.2344497 2.17485
-0.3087276 -0.4439075 2.037946
0.3238581 -0.4335817 1.959512
-0.5646951 -0.7617401 2.046062
0.1592794 -0.761245 2.05869
-0.5411574 -0.800942 1.942129
0.1712855 -0.8215767 2.019042
9
0.0296246 -0.2397725 2.207227
-0.04759078 -0.2368108 2.162931
0.1058283 -0.2344497 2.17485
-0.3087276 -0.4439075 2.037946
0.3238581 -0.4335817 1.959512
-0.5646951 -0.7617401 2.046062
0.1592794 -0.761245 2.05869
-0.5411574 -0.800942 1.942129
0.1712855 -0.8215767 2.019042
9
0.0296246 -0.2397725 2.207227
-0.04759078 -0.2368108 2.162931
0.1058283 -0.2344497 2.17485
-0.3087276 -0.4439075 2.037946
0.3238581 -0.4335817 1.959512
-0.5646951 -0.7617401 2.046062
0.1592794 -0.761245 2.05869
-0.5411574 -0.800942 1.942129
0.1712855 -0.8215767 2.019042
9
0.0296246 -0.2397725 2.207227
-0.04759078 -0.2368108 2.162931
0.1058283 -0.2344497 2.17485
-0.3087276 -0.4439075 2.037946
0.3238581 -0.4335817 1.959512
-0.5646951 -0.7617401 2.046062
0.1592794 -0.761245 2.05869
-0.5411574 -0.800942 1.942129
0.1712855 -0.8215767 2.019042
9
0.03917708 -0.245777 2.208306
-0.03906268 -0.2419393 2.163628
0.1160815 -0.2411512 2.17637
-0.3017752 -0.4484295 2.041972
0.3377825 -0.4364531 1.961689
-0.5545831 -0.7688047 2.049817
0.1713582 -0.7586197 2.053615
-0.53206 -0.8086822 1.946289
0.1689389 -0.8205626 2.019153
9
0.03917708 -0.245777 2.208306
-0.03906268 -0.2419393 2.163628
0.1160815 -0.2411512 2.17637
-0.3017752 -0.4484295 2.041972
0.3377825 -0.4364531 1.961689
-0.5545831 -0.7688047 2.049817
0.1713582 -0.7586197 2.053615
-0.53206 -0.8086822 1.946289
0.1689389 -0.8205626 2.019153
9
0.04468343 -0.249303 2.210037
-0.03406888 -0.2449464 2.164817
0.1219028 -0.2450879 2.178697
-0.2964534 -0.4525849 2.045086
0.3435647 -0.4368726 1.960341
-0.5516919 -0.7711895 2.050817
0.1723981 -0.7585437 2.053485
-0.529434 -0.8114786 1.947587
0.1687402 -0.8204864 2.017733
9
0.04468343 -0.249303 2.210037
-0.03406888 -0.2449464 2.164817
0.1219028 -0.2450879 2.178697
-0.2964534 -0.4525849 2.045086
0.3435647 -0.4368726 1.960341
-0.5516919 -0.7711895 2.050817
0.1723981 -0.7585437 2.053485
-0.529434 -0.8114786 1.947587
0.1687402 -0.8204864 2.017733
9
0.05199587 -0.2535317 2.211565
-0.02660166 -0.2491846 2.166123
0.1287734 -0.2491278 2.180425
-0.2938326 -0.4509144 2.046839
0.3503466 -0.4381532 1.959291
-0.5493876 -0.7693309 2.052097
0.1748427 -0.7578819 2.052867
-0.5274998 -0.809886 1.948965
0.1675169 -0.8197125 2.017535
9
0.05199587 -0.2535317 2.211565
-0.02660166 -0.2491846 2.166123
0.1287734 -0.2491278 2.180425
-0.2938326 -0.4509144 2.046839
0.3503466 -0.4381532 1.959291
-0.5493876 -0.7693309 2.052097
0.1748427 -0.7578819 2.052867
-0.5274998 -0.809886 1.948965
0.1675169 -0.8197125 2.017535
9
0.05199587 -0.2535317 2.211565
-0.02660166 -0.2491846 2.166123
0.1287734 -0.2491278 2.180425
-0.2938326 -0.4509144 2.046839
0.3503466 -0.4381532 1.959291
-0.5493876 -0.7693309 2.052097
0.1748427 -0.7578819 2.052867
-0.5274998 -0.809886 1.948965
0.1675169 -0.8197125 2.017535
9
0.05520525 -0.2553413 2.212493
-0.02343005 -0.2507706 2.16706
0.1319061 -0.2510977 2.181344
-0.2917651 -0.4512995 2.048366
0.3552282 -0.4383788 1.960664
-0.5474408 -0.7696769 2.052938
0.1765846 -0.7573538 2.052464
-0.5258966 -0.8104575 1.949919
0.1679528 -0.8191044 2.017873
9
0.05739748 -0.2560465 2.213598
-0.02131307 -0.2513268 2.168178
0.1340985 -0.25193 2.182433
-0.2898624 -0.4512503 2.048588
0.358355 -0.4381672 1.961917
-0.5450801 -0.7700685 2.052246
0.1771215 -0.7573251 2.052701
-0.523695 -0.811027 1.949349
0.1697568 -0.8191616 2.016901
9
0.05739748 -0.2560465 2.213598
-0.02131307 -0.2513268 2.168178
0.1340985 -0.25193 2.182433
-0.2898624 -0.4512503 2.048588
0.358355 -0.4381672 1.961917
-0.5450801 -0.7700685 2.052246
0.1771215 -0.7573251 2.052701
-0.523695 -0.811027 1.949349
0.1697568 -0.8191616 2.016901
9
0.05739748 -0.2560465 2.213598
-0.02131307 -0.2513268 2.168178
0.1340985 -0.25193 2.182433
-0.2898624 -0.4512503 2.048588
0.358355 -0.4381672 1.961917
-0.5450801 -0.7700685 2.052246
0.1771215 -0.7573251 2.052701
-0.523695 -0.811027 1.949349
0.1697568 -0.8191616 2.016901
9
0.05844527 -0.2561357 2.214349
-0.02025751 -0.2512023 2.168989
0.1351274 -0.2522272 2.183141
-0.2885377 -0.4512594 2.048823
0.3594342 -0.438118 1.96239
-0.5433754 -0.7704291 2.051868
0.1782959 -0.7565335 2.052375
-0.5221533 -0.8115069 1.949044
0.1701545 -0.8183194 2.015662
9
0.05884546 -0.2555289 2.215102
-0.0198516 -0.2503664 2.169755
0.1355115 -0.2518337 2.183885
-0.2874929 -0.4509804 2.048865
0.359353 -0.438026 1.962907
-0.5421848 -0.7703302 2.051031
0.1786514 -0.7562519 2.052219
-0.5210521 -0.8115012 1.948268
0.1700792 -0.8180126 2.01557
9
0.05884546 -0.2555289 2.215102
-0.0198516 -0.2503664 2.169755
0.1355115 -0.2518337 2.183885
-0.2874929 -0.4509804 2.048865
0.359353 -0.438026 1.962907
-0.5421848 -0.7703302 2.051031
0.1786514 -0.7562519 2.052219
-0.5210521 -0.8115012 1.948268
0.1700792 -0.8180126 2.01557
9
0.05831045 -0.2546065 2.215825
-0.02046439 -0.2490354 2.170556
0.1350558 -0.2512699 2.184529
-0.2867842 -0.4510596 2.048921
0.360427 -0.4363135 1.964264
-0.5410098 -0.7708021 2.050782
0.1789788 -0.7561121 2.052094
-0.5200512 -0.8120316 1.948045
0.1701309 -0.8178544 2.015467
9
0.05831045 -0.2546065 2.215825
-0.02046439 -0.2490354 2.170556
0.1350558 -0.2512699 2.184529
-0.2867842 -0.4510596 2.048921
0.360427 -0.4363135 1.964264
-0.5410098 -0.7708021 2.050782
0.1789788 -0.7561121 2.052094
-0.5200512 -0.8120316 1.948045
0.1701309 -0.8178544 2.015467
9
0.05831045 -0.2546065 2.215825
-0.02046439 -0.2490354 2.170556
0.1350558 -0.2512699 2.184529
-0.2867842 -0.4510596 2.048921
0.360427 -0.4363135 1.964264
-0.5410098 -0.7708021 2.050782
0.1789788 -0.7561121 2.052094
-0.5200512 -0.8120316 1.948045
0.1701309 -0.8178544 2.015467
9
0.05831045 -0.2546065 2.215825
-0.02046439 -0.2490354 2.170556
0.1350558 -0.2512699 2.184529
-0.2867842 -0.4510596 2.048921
0.360427 -0.4363135 1.964264
-0.5410098 -0.7708021 2.050782
0.1789788 -0.7561121 2.052094
-0.5200512 -0.8120316 1.948045
0.1701309 -0.8178544 2.015467
9
0.05397741 -0.249534 2.216328
-0.02433154 -0.2441255 2.17087
0.1303947 -0.2462583 2.185189
-0.2859683 -0.451974 2.049073
0.3545973 -0.4336121 1.965704
-0.5394776 -0.7722889 2.0508
0.1776306 -0.7567449 2.052925
-0.5189498 -0.8133834 1.947908
0.170002 -0.8185512 2.015737
9
0.05397741 -0.249534 2.216328
-0.02433154 -0.2441255 2.17087
0.1303947 -0.2462583 2.185189
-0.2859683 -0.451974 2.049073
0.3545973 -0.4336121 1.965704
-0.5394776 -0.7722889 2.0508
0.1776306 -0.7567449 2.052925
-0.5189498 -0.8133834 1.947908
0.170002 -0.8185512 2.015737
9
0.04210447 -0.2394754 2.217954
-0.03737244 -0.2326334 2.172574
0.120034 -0.2378991 2.186668
-0.2923023 -0.4512825 2.059273
0.3448779 -0.4287398 1.971359
-0.5377914 -0.777957 2.056571
0.1768108 -0.7570756 2.053453
-0.6001474 -0.8135493 1.988974
0.1692511 -0.8188601 2.015556
9
0.04210447 -0.2394754 2.217954
-0.03737244 -0.2326334 2.172574
0.120034 -0.2378991 2.186668
-0.2923023 -0.4512825 2.059273
0.3448779 -0.4287398 1.971359
-0.5377914 -0.777957 2.056571
0.1768108 -0.7570756 2.053453
-0.6001474 -0.8135493 1.988974
0.1692511 -0.8188601 2.015556
9
0.04210447 -0.2394754 2.217954
-0.03737244 -0.2326334 2.172574
0.120034 -0.2378991 2.186668
-0.2923023 -0.4512825 2.059273
0.3448779 -0.4287398 1.971359
-0.5377914 -0.777957 2.056571
0.1768108 -0.7570756 2.053453
-0.6001474 -0.8135493 1.988974
0.1692511 -0.8188601 2.015556
9
0.03217994 -0.232729 2.217185
-0.04626707 -0.2263981 2.171995
0.1094644 -0.2309584 2.185661
-0.2955689 -0.4519166 2.060743
0.3340509 -0.4273538 1.97586
-0.5387308 -0.7803497 2.056804
0.1740569 -0.7586857 2.055371
-0.6054062 -0.8159856 1.991891
0.1696013 -0.8204926 2.015721
9
0.03217994 -0.232729 2.217185
-0.04626707 -0.2263981 2.171995
0.1094644 -0.2309584 2.185661
-0.2955689 -0.4519166 2.060743
0.3340509 -0.4273538 1.97586
-0.5387308 -0.7803497 2.056804
0.1740569 -0.7586857 2.055371
-0.6054062 -0.8159856 1.991891
0.1696013 -0.8204926 2.015721
9
0.02416646 -0.2274584 2.215183
-0.05309838 -0.2222222 2.169443
0.1004168 -0.2246505 2.184273
-0.3009616 -0.4504433 2.062394
0.3225743 -0.4263293 1.977184
-0.5404953 -0.7815212 2.058094
0.2436717 -0.8268991 2.002809
-0.6085175 -0.8182402 1.995893
0.2515355 -0.8654811 1.89877
9
0.02416646 -0.2274584 2.215183
-0.05309838 -0.2222222 2.169443
0.1004168 -0.2246505 2.184273
-0.3009616 -0.4504433 2.062394
0.3225743 -0.4263293 1.977184
-0.5404953 -0.7815212 2.058094
0.2436717 -0.8268991 2.002809
-0.6085175 -0.8182402 1.995893
0.2515355 -0.8654811 1.89877
