40
9
-0.1426673 -0.3903147 2.308286
-0.2177695 -0.3887334 2.249779
-0.06303398 -0.3795159 2.293427
-0.3875799 -0.6731951 2.190743
0.08515775 -0.679053 2.248132
-0.6038141 -0.9548332 2.139422
0.02352374 -0.9870223 2.295247
-0.556169 -0.999172 2.012476
0.06176515 -1.031348 2.167055
9
-0.1426673 -0.3903147 2.308286
-0.2177695 -0.3887334 2.249779
-0.06303398 -0.3795159 2.293427
-0.3875799 -0.6731951 2.190743
0.08515775 -0.679053 2.248132
-0.6038141 -0.9548332 2.139422
0.02352374 -0.9870223 2.295247
-0.556169 -0.999172 2.012476
0.06176515 -1.031348 2.167055
9
-0.1233141 -0.4023351 2.316066
-0.1966508 -0.4017598 2.258375
-0.04601504 -0.390225 2.30045
-0.3813423 -0.6765613 2.194604
0.1050097 -0.6878452 2.246053
-0.5963344 -0.9557666 2.14024
0.02511385 -0.9882531 2.294391
-0.5484534 -1.000617 2.013747
0.06367761 -1.033089 2.166682
9
-0.1233141 -0.4023351 2.316066
-0.1966508 -0.4017598 2.258375
-0.04601504 -0.390225 2.30045
-0.3813423 -0.6765613 2.194604
0.1050097 -0.6878452 2.246053
-0.5963344 -0.9557666 2.14024
0.02511385 -0.9882531 2.294391
-0.5484534 -1.000617 2.013747
0.06367761 -1.033089 2.166682
9
-0.1233141 -0.4023351 2.316066
-0.1966508 -0.4017598 2.258375
-0.04601504 -0.390225 2.30045
-0.3813423 -0.6765613 2.194604
0.1050097 -0.6878452 2.246053
-0.5963344 -0.9557666 2.14024
0.02511385 -0.9882531 2.294391
-0.5484534 -1.000617 2.013747
0.06367761 -1.033089 2.166682
9
-0.1233141 -0.4023351 2.316066
-0.1966508 -0.4017598 2.258375
-0.04601504 -0.390225 2.30045
-0.3813423 -0.6765613 2.194604
0.1050097 -0.6878452 2.246053
-0.5963344 -0.9557666 2.14024
0.02511385 -0.9882531 2.294391
-0.5484534 -1.000617 2.013747
0.06367761 -1.033089 2.166682
9
-0.08440817 -0.4268435 2.329275
-0.1604772 -0.4249893 2.271562
-0.005749897 -0.4152443 2.313681
-0.3591664 -0.6900184 2.207822
0.1555488 -0.7057012 2.243397
-0.5810514 -0.957467 2.147857
0.03280801 -0.9875541 2.290639
-0.5338816 -1.003543 2.021894
0.0707908 -1.033609 2.163532
9
-0.08440817 -0.4268435 2.329275
-0.1604772 -0.4249893 2.271562
-0.005749897 -0.4152443 2.313681
-0.3591664 -0.6900184 2.207822
0.1555488 -0.7057012 2.243397
-0.5810514 -0.957467 2.147857
0.03280801 -0.9875541 2.290639
-0.5338816 -1.003543 2.021894
0.0707908 -1.033609 2.163532
9
-0.07876839 -0.4304633 2.331095
-0.1534541 -0.429122 2.274231
-0.001459701 -0.4183136 2.31482
-0.3514742 -0.6946388 2.210119
0.1618734 -0.7074341 2.243192
-0.5772104 -0.9572688 2.147752
0.0387817 -0.9865003 2.288746
-0.5301099 -1.003427 2.021833
0.07666135 -1.032643 2.161695
9
-0.07876839 -0.4304633 2.331095
-0.1534541 -0.429122 2.274231
-0.001459701 -0.4183136 2.31482
-0.3514742 -0.6946388 2.210119
0.1618734 -0.7074341 2.243192
-0.5772104 -0.9572688 2.147752
0.0387817 -0.9865003 2.288746
-0.5301099 -1.003427 2.021833
0.07666135 -1.032643 2.161695
9
-0.06764723 -0.4392734 2.334775
-0.1425372 -0.4376197 2.278276
0.009343361 -0.4271165 2.31809
-0.3476805 -0.697486 2.21078
0.1752215 -0.7143558 2.24458
-0.569614 -0.9564969 2.146896
0.04614137 -0.9845737 2.286614
-0.522612 -1.002911 2.02113
0.08391859 -1.030991 2.159739
9
-0.06764723 -0.4392734 2.334775
-0.1425372 -0.4376197 2.278276
0.009343361 -0.4271165 2.31809
-0.3476805 -0.697486 2.21078
0.1752215 -0.7143558 2.24458
-0.569614 -0.9564969 2.146896
0.04614137 -0.9845737 2.286614
-0.522612 -1.002911 2.02113
0.08391859 -1.030991 2.159739
9
-0.05511389 -0.4490934 2.338623
-0.1296758 -0.4480959 2.282413
0.02115276 -0.4360572 2.321682
-0.3408573 -0.7028933 2.212007
0.1874124 -0.722323 2.243953
-0.5608386 -0.9536194 2.148876
0.05144331 -0.9844168 2.285543
-0.5134725 -1.000361 2.023457
0.08963379 -1.031125 2.159065
9
-0.05511389 -0.4490934 2.338623
-0.1296758 -0.4480959 2.282413
0.02115276 -0.4360572 2.321682
-0.3408573 -0.7028933 2.212007
0.1874124 -0.722323 2.243953
-0.5608386 -0.9536194 2.148876
0.05144331 -0.9844168 2.285543
-0.5134725 -1.000361 2.023457
0.08963379 -1.031125 2.159065
9
-0.04104075 -0.4580576 2.385075
-0.1150277 -0.4585716 2.330506
0.03387747 -0.4433476 2.365449
-0.3312146 -0.6993064 2.211545
0.1950002 -0.7209868 2.235072
-0.5593551 -0.9553306 2.147685
0.06284063 -0.9828419 2.283548
-0.5121825 -1.005787 2.024765
0.1006904 -1.033305 2.159562
9
-0.04104075 -0.4580576 2.385075
-0.1150277 -0.4585716 2.330506
0.03387747 -0.4433476 2.365449
-0.3312146 -0.6993064 2.211545
0.1950002 -0.7209868 2.235072
-0.5593551 -0.9553306 2.147685
0.06284063 -0.9828419 2.283548
-0.5121825 -1.005787 2.024765
0.1006904 -1.033305 2.159562
9
-0.04024135 -0.473554 2.386546
-0.1139019 -0.474554 2.333283
0.03450802 -0.4582136 2.366324
-0.3518228 -0.6926464 2.210114
0.2594298 -0.6822379 2.221189
-0.5539146 -0.9545045 2.147647
0.06557283 -0.9841238 2.283008
-0.5068585 -1.005122 2.024803
0.1033424 -1.034727 2.159127
9
-0.04024135 -0.473554 2.386546
-0.1139019 -0.474554 2.333283
0.03450802 -0.4582136 2.366324
-0.3518228 -0.6926464 2.210114
0.2594298 -0.6822379 2.221189
-0.5539146 -0.9545045 2.147647
0.06557283 -0.9841238 2.283008
-0.5068585 -1.005122 2.024803
0.1033424 -1.034727 2.159127
9
-0.03842925 -0.4789581 2.387367
-0.1123356 -0.4795985 2.335061
0.0366042 -0.4639169 2.366339
-0.3545489 -0.692346 2.209941
0.2640176 -0.6844968 2.219185
-0.5509129 -0.9537151 2.148118
0.0679215 -0.9842305 2.282212
-0.5046453 -1.004613 2.025139
0.1049111 -1.0351 2.158214
9
-0.03842925 -0.4789581 2.387367
-0.1123356 -0.4795985 2.335061
0.0366042 -0.4639169 2.366339
-0.3545489 -0.692346 2.209941
0.2640176 -0.6844968 2.219185
-0.5509129 -0.9537151 2.148118
0.0679215 -0.9842305 2.282212
-0.5046453 -1.004613 2.025139
0.1049111 -1.0351 2.158214
9
-0.03692814 -0.4835995 2.388715
-0.1106866 -0.484403 2.33699
0.03792376 -0.4681865 2.367253
-0.3562637 -0.6925082 2.209622
0.2678146 -0.6857769 2.219149
-0.5447158 -0.9528707 2.149326
0.07056769 -0.9847814 2.281553
-0.4986638 -1.003989 2.02642
0.107394 -1.035853 2.157661
9
-0.03327232 -0.4875014 2.390069
-0.1068592 -0.4886937 2.338475
0.04129072 -0.4715503 2.368546
-0.3567209 -0.6913585 2.209854
0.271355 -0.6882222 2.219023
-0.5433441 -0.9527718 2.150051
0.07280747 -0.98506 2.281095
-0.6233036 -0.997937 2.065353
0.1094501 -1.036281 2.157255
9
-0.03327232 -0.4875014 2.390069
-0.1068592 -0.4886937 2.338475
0.04129072 -0.4715503 2.368546
-0.3567209 -0.6913585 2.209854
0.271355 -0.6882222 2.219023
-0.5433441 -0.9527718 2.150051
0.07280747 -0.98506 2.281095
-0.6233036 -0.997937 2.065353
0.1094501 -1.036281 2.157255
9
-0.03327232 -0.4875014 2.390069
-0.1068592 -0.4886937 2.338475
0.04129072 -0.4715503 2.368546
-0.3567209 -0.6913585 2.209854
0.271355 -0.6882222 2.219023
-0.5433441 -0.9527718 2.150051
0.07280747 -0.98506 2.281095
-0.6233036 -0.997937 2.065353
0.1094501 -1.036281 2.157255
9
-0.03327232 -0.4875014 2.390069
-0.1068592 -0.4886937 2.338475
0.04129072 -0.4715503 2.368546
-0.3567209 -0.6913585 2.209854
0.271355 -0.6882222 2.219023
-0.5433441 -0.9527718 2.150051
0.07280747 -0.98506 2.281095
-0.6233036 -0.997937 2.065353
0.1094501 -1.036281 2.157255
9
-0.03327232 -0.4875014 2.390069
-0.1068592 -0.4886937 2.338475
0.04129072 -0.4715503 2.368546
-0.3567209 -0.6913585 2.209854
0.271355 -0.6882222 2.219023
-0.5433441 -0.9527718 2.150051
0.07280747 -0.98506 2.281095
-0.6233036 -0.997937 2.065353
0.1094501 -1.036281 2.157255
9
-0.03327232 -0.4875014 2.390069
-0.1068592 -0.4886937 2.338475
0.04129072 -0.4715503 2.368546
-0.3567209 -0.6913585 2.209854
0.271355 -0.6882222 2.219023
-0.5433441 -0.9527718 2.150051
0.07280747 -0.98506 2.281095
-0.6233036 -0.997937 2.065353
0.1094501 -1.036281 2.157255
9
-0.03327232 -0.4875014 2.390069
-0.1068592 -0.4886937 2.338475
0.04129072 -0.4715503 2.368546
-0.3567209 -0.6913585 2.209854
0.271355 -0.6882222 2.219023
-0.5433441 -0.9527718 2.150051
0.07280747 -0.98506 2.281095
-0.6233036 -0.997937 2.065353
0.1094501 -1.036281 2.157255
9
-0.03341135 -0.4889079 2.390245
-0.1069538 -0.4898819 2.338746
0.04110982 -0.4731192 2.368638
-0.3578532 -0.6918153 2.211269
0.2751845 -0.6869017 2.22171
-0.5426916 -0.9516975 2.152071
0.07568933 -0.9817111 2.281192
-0.6406571 -0.9980388 2.060819
0.1121874 -1.033123 2.157401
9
-0.03341135 -0.4889079 2.390245
-0.1069538 -0.4898819 2.338746
0.04110982 -0.4731192 2.368638
-0.3578532 -0.6918153 2.211269
0.2751845 -0.6869017 2.22171
-0.5426916 -0.9516975 2.152071
0.07568933 -0.9817111 2.281192
-0.6406571 -0.9980388 2.060819
0.1121874 -1.033123 2.157401
9
-0.03341135 -0.4889079 2.390245
-0.1069538 -0.4898819 2.338746
0.04110982 -0.4731192 2.368638
-0.3578532 -0.6918153 2.211269
0.2751845 -0.6869017 2.22171
-0.5426916 -0.9516975 2.152071
0.07568933 -0.9817111 2.281192
-0.6406571 -0.9980388 2.060819
0.1121874 -1.033123 2.157401
9
-0.03341135 -0.4889079 2.390245
-0.1069538 -0.4898819 2.338746
0.04110982 -0.4731192 2.368638
-0.3578532 -0.6918153 2.211269
0.2751845 -0.6869017 2.22171
-0.5426916 -0.9516975 2.152071
0.07568933 -0.9817111 2.281192
-0.6406571 -0.9980388 2.060819
0.1121874 -1.033123 2.157401
9
-0.03466778 -0.4886862 2.390201
-0.1083101 -0.4894447 2.338881
0.03994464 -0.4730754 2.368445
-0.3603446 -0.6908858 2.213433
0.2765808 -0.685209 2.223598
-0.5435224 -0.9513068 2.155624
0.07582646 -0.9823341 2.281439
-0.6426134 -0.9964321 2.065144
0.1120964 -1.033844 2.157633
9
-0.03466778 -0.4886862 2.390201
-0.1083101 -0.4894447 2.338881
0.03994464 -0.4730754 2.368445
-0.3603446 -0.6908858 2.213433
0.2765808 -0.685209 2.223598
-0.5435224 -0.9513068 2.155624
0.07582646 -0.9823341 2.281439
-0.6426134 -0.9964321 2.065144
0.1120964 -1.033844 2.157633
9
-0.03739973 -0.4878395 2.390062
-0.1109432 -0.4884453 2.338936
0.03719873 -0.4723862 2.368121
-0.3638569 -0.689576 2.215277
0.2769253 -0.6823413 2.225489
-0.5437014 -0.950583 2.158376
0.07395482 -0.9839084 2.282801
-0.6447167 -0.9993071 2.075757
0.1099191 -1.035526 2.158949
9
-0.03739973 -0.4878395 2.390062
-0.1109432 -0.4884453 2.338936
0.03719873 -0.4723862 2.368121
-0.3638569 -0.689576 2.215277
0.2769253 -0.6823413 2.225489
-0.5437014 -0.950583 2.158376
0.07395482 -0.9839084 2.282801
-0.6447167 -0.9993071 2.075757
0.1099191 -1.035526 2.158949
9
-0.04237416 -0.4845721 2.389934
-0.1163613 -0.4849547 2.338698
0.03281777 -0.4694138 2.368095
-0.3670775 -0.689088 2.215851
0.2757487 -0.6771577 2.227886
-0.5457121 -0.9507227 2.159402
0.07271063 -0.9847583 2.283617
-0.6459957 -0.9996603 2.075533
0.1085825 -1.036452 2.159782
9
-0.04237416 -0.4845721 2.389934
-0.1163613 -0.4849547 2.338698
0.03281777 -0.4694138 2.368095
-0.3670775 -0.689088 2.215851
0.2757487 -0.6771577 2.227886
-0.5457121 -0.9507227 2.159402
0.07271063 -0.9847583 2.283617
-0.6459957 -0.9996603 2.075533
0.1085825 -1.036452 2.159782
9
-0.04907929 -0.479359 2.38833
-0.1230706 -0.4798272 2.337052
0.02635999 -0.4642582 2.36653
-0.3712283 -0.6873251 2.215273
0.2709517 -0.6723681 2.230782
-0.5490615 -0.9509863 2.159879
0.1526123 -1.057434 2.252192
-0.6460954 -0.999625 2.075444
0.1875693 -1.108098 2.128981
9
-0.04907929 -0.479359 2.38833
-0.1230706 -0.4798272 2.337052
0.02635999 -0.4642582 2.36653
-0.3712283 -0.6873251 2.215273
0.2709517 -0.6723681 2.230782
-0.5490615 -0.9509863 2.159879
0.1526123 -1.057434 2.252192
-0.6460954 -0.999625 2.075444
0.1875693 -1.108098 2.128981
