40
9
-0.1487037 -0.09673069 1.913872
-0.2136549 -0.09788093 1.853341
-0.07792334 -0.09215293 1.901138
-0.4226745 -0.3253468 1.756184
0.1023915 -0.3469871 1.800074
-0.5795311 -0.7305527 1.760501
0.08035007 -0.7825 1.774723
-0.5372655 -0.7681779 1.655212
0.08197821 -0.8264093 1.686314
9
-0.1487037 -0.09673069 1.913872
-0.2136549 -0.09788093 1.853341
-0.07792334 -0.09215293 1.901138
-0.4226745 -0.3253468 1.756184
0.1023915 -0.3469871 1.800074
-0.5795311 -0.7305527 1.760501
0.08035007 -0.7825 1.774723
-0.5372655 -0.7681779 1.655212
0.08197821 -0.8264093 1.686314
9
-0.1487037 -0.09673069 1.913872
-0.2136549 -0.09788093 1.853341
-0.07792334 -0.09215293 1.901138
-0.4226745 -0.3253468 1.756184
0.1023915 -0.3469871 1.800074
-0.5795311 -0.7305527 1.760501
0.08035007 -0.7825 1.774723
-0.5372655 -0.7681779 1.655212
0.08197821 -0.8264093 1.686314
9
-0.1487037 -0.09673069 1.913872
-0.2136549 -0.09788093 1.853341
-0.07792334 -0.09215293 1.901138
-0.4226745 -0.3253468 1.756184
0.1023915 -0.3469871 1.800074
-0.5795311 -0.7305527 1.760501
0.08035007 -0.7825 1.774723
-0.5372655 -0.7681779 1.655212
0.08197821 -0.8264093 1.686314
9
-0.1333161 -0.1114112 1.91499
-0.2045596 -0.1052253 1.855217
-0.05549137 -0.1157064 1.900835
-0.3550574 -0.378724 1.776447
0.1583082 -0.3362795 1.779458
-0.54062 -0.7100477 1.77142
0.08746564 -0.7669491 1.770152
-0.4992516 -0.7500892 1.667171
0.1174544 -0.805588 1.665059
9
-0.1333161 -0.1114112 1.91499
-0.2045596 -0.1052253 1.855217
-0.05549137 -0.1157064 1.900835
-0.3550574 -0.378724 1.776447
0.1583082 -0.3362795 1.779458
-0.54062 -0.7100477 1.77142
0.08746564 -0.7669491 1.770152
-0.4992516 -0.7500892 1.667171
0.1174544 -0.805588 1.665059
9
-0.1188832 -0.1310353 1.885097
-0.1904663 -0.1224961 1.825299
-0.04319491 -0.1338883 1.873017
-0.3511863 -0.3921452 1.778977
0.1800622 -0.3529636 1.778578
-0.5369861 -0.7100658 1.770855
0.06197296 -0.7366838 1.779682
-0.4948369 -0.7474716 1.665089
0.08399621 -0.8009642 1.716365
9
-0.1188832 -0.1310353 1.885097
-0.1904663 -0.1224961 1.825299
-0.04319491 -0.1338883 1.873017
-0.3511863 -0.3921452 1.778977
0.1800622 -0.3529636 1.778578
-0.5369861 -0.7100658 1.770855
0.06197296 -0.7366838 1.779682
-0.4948369 -0.7474716 1.665089
0.08399621 -0.8009642 1.716365
9
-0.06904164 -0.1323222 1.863851
-0.1405059 -0.1294587 1.802625
0.005048881 -0.1299836 1.851778
-0.3219619 -0.4281968 1.784947
0.1563743 -0.4060327 1.781532
-0.5407266 -0.7222564 1.770962
0.06700312 -0.7425278 1.774372
-0.4973601 -0.7571044 1.66424
0.1013394 -0.8117504 1.703024
9
-0.06904164 -0.1323222 1.863851
-0.1405059 -0.1294587 1.802625
0.005048881 -0.1299836 1.851778
-0.3219619 -0.4281968 1.784947
0.1563743 -0.4060327 1.781532
-0.5407266 -0.7222564 1.770962
0.06700312 -0.7425278 1.774372
-0.4973601 -0.7571044 1.66424
0.1013394 -0.8117504 1.703024
9
-0.06904164 -0.1323222 1.863851
-0.1405059 -0.1294587 1.802625
0.005048881 -0.1299836 1.851778
-0.3219619 -0.4281968 1.784947
0.1563743 -0.4060327 1.781532
-0.5407266 -0.7222564 1.770962
0.06700312 -0.7425278 1.774372
-0.4973601 -0.7571044 1.66424
0.1013394 -0.8117504 1.703024
9
-0.06904164 -0.1323222 1.863851
-0.1405059 -0.1294587 1.802625
0.005048881 -0.1299836 1.851778
-0.3219619 -0.4281968 1.784947
0.1563743 -0.4060327 1.781532
-0.5407266 -0.7222564 1.770962
0.06700312 -0.7425278 1.774372
-0.4973601 -0.7571044 1.66424
0.1013394 -0.8117504 1.703024
9
-0.05640329 -0.1420181 1.864379
-0.1284009 -0.1388939 1.804088
0.01777641 -0.1395985 1.851367
-0.3122784 -0.4282065 1.784987
0.1722226 -0.4132169 1.778027
-0.5476148 -0.7356145 1.769892
0.06678824 -0.747134 1.77101
-0.5051021 -0.7717592 1.663826
0.1058433 -0.8147498 1.702087
9
-0.05640329 -0.1420181 1.864379
-0.1284009 -0.1388939 1.804088
0.01777641 -0.1395985 1.851367
-0.3122784 -0.4282065 1.784987
0.1722226 -0.4132169 1.778027
-0.5476148 -0.7356145 1.769892
0.06678824 -0.747134 1.77101
-0.5051021 -0.7717592 1.663826
0.1058433 -0.8147498 1.702087
9
-0.0401955 -0.1522125 1.865291
-0.1108225 -0.1505567 1.805893
0.03203321 -0.1480317 1.851508
-0.3038954 -0.4292373 1.78422
0.1832101 -0.4229518 1.777062
-0.5510311 -0.7480727 1.767904
0.0661172 -0.753127 1.768227
-0.5089319 -0.7838345 1.661615
0.1071137 -0.8155462 1.701928
9
-0.0401955 -0.1522125 1.865291
-0.1108225 -0.1505567 1.805893
0.03203321 -0.1480317 1.851508
-0.3038954 -0.4292373 1.78422
0.1832101 -0.4229518 1.777062
-0.5510311 -0.7480727 1.767904
0.0661172 -0.753127 1.768227
-0.5089319 -0.7838345 1.661615
0.1071137 -0.8155462 1.701928
9
-0.03281784 -0.1578261 1.86498
-0.1038786 -0.1553763 1.805924
0.03947924 -0.1541686 1.850811
-0.2966669 -0.4307669 1.783425
0.1921334 -0.4279853 1.775892
-0.5511135 -0.7509962 1.76744
0.06738169 -0.7539254 1.767101
-0.5096581 -0.7870963 1.661157
0.108004 -0.8162701 1.701813
9
-0.03281784 -0.1578261 1.86498
-0.1038786 -0.1553763 1.805924
0.03947924 -0.1541686 1.850811
-0.2966669 -0.4307669 1.783425
0.1921334 -0.4279853 1.775892
-0.5511135 -0.7509962 1.76744
0.06738169 -0.7539254 1.767101
-0.5096581 -0.7870963 1.661157
0.108004 -0.8162701 1.701813
9
-0.03281784 -0.1578261 1.86498
-0.1038786 -0.1553763 1.805924
0.03947924 -0.1541686 1.850811
-0.2966669 -0.4307669 1.783425
0.1921334 -0.4279853 1.775892
-0.5511135 -0.7509962 1.76744
0.06738169 -0.7539254 1.767101
-0.5096581 -0.7870963 1.661157
0.108004 -0.8162701 1.701813
9
-0.03281784 -0.1578261 1.86498
-0.1038786 -0.1553763 1.805924
0.03947924 -0.1541686 1.850811
-0.2966669 -0.4307669 1.783425
0.1921334 -0.4279853 1.775892
-0.5511135 -0.7509962 1.76744
0.06738169 -0.7539254 1.767101
-0.5096581 -0.7870963 1.661157
0.108004 -0.8162701 1.701813
9
-0.03281784 -0.1578261 1.86498
-0.1038786 -0.1553763 1.805924
0.03947924 -0.1541686 1.850811
-0.2966669 -0.4307669 1.783425
0.1921334 -0.4279853 1.775892
-0.5511135 -0.7509962 1.76744
0.06738169 -0.7539254 1.767101
-0.5096581 -0.7870963 1.661157
0.108004 -0.8162701 1.701813
9
-0.02038986 -0.166979 1.865943
-0.09163234 -0.1646131 1.807242
0.05155626 -0.1628202 1.851431
-0.2810097 -0.4295142 1.783842
0.2048881 -0.4358283 1.775912
-0.5497087 -0.7531896 1.76756
0.06895985 -0.7556571 1.765514
-0.5087904 -0.7898185 1.661458
0.1092257 -0.8169959 1.702575
9
-0.01490873 -0.1700537 1.866575
-0.08669186 -0.1676424 1.808095
0.05740125 -0.1658176 1.851834
-0.2598659 -0.4290779 1.785056
0.2100169 -0.4390549 1.776129
-0.5457466 -0.7564989 1.76921
0.06940426 -0.7583365 1.76371
-0.5051171 -0.7933941 1.66324
0.1123856 -0.8196286 1.702732
9
-0.01490873 -0.1700537 1.866575
-0.08669186 -0.1676424 1.808095
0.05740125 -0.1658176 1.851834
-0.2598659 -0.4290779 1.785056
0.2100169 -0.4390549 1.776129
-0.5457466 -0.7564989 1.76921
0.06940426 -0.7583365 1.76371
-0.5051171 -0.7933941 1.66324
0.1123856 -0.8196286 1.702732
9
-0.01114701 -0.1718479 1.867057
-0.08321154 -0.1694259 1.808563
0.06128906 -0.1675434 1.852334
-0.2598691 -0.4285934 1.784916
0.2129855 -0.4411397 1.776147
-0.5448896 -0.7567654 1.769098
0.07005019 -0.7593601 1.762791
-0.5045255 -0.793822 1.66315
0.1125779 -0.8199184 1.702239
9
-0.01114701 -0.1718479 1.867057
-0.08321154 -0.1694259 1.808563
0.06128906 -0.1675434 1.852334
-0.2598691 -0.4285934 1.784916
0.2129855 -0.4411397 1.776147
-0.5448896 -0.7567654 1.769098
0.07005019 -0.7593601 1.762791
-0.5045255 -0.793822 1.66315
0.1125779 -0.8199184 1.702239
9
-0.01114701 -0.1718479 1.867057
-0.08321154 -0.1694259 1.808563
0.06128906 -0.1675434 1.852334
-0.2598691 -0.4285934 1.784916
0.2129855 -0.4411397 1.776147
-0.5448896 -0.7567654 1.769098
0.07005019 -0.7593601 1.762791
-0.5045255 -0.793822 1.66315
0.1125779 -0.8199184 1.702239
9
-0.01114701 -0.1718479 1.867057
-0.08321154 -0.1694259 1.808563
0.06128906 -0.1675434 1.852334
-0.2598691 -0.4285934 1.784916
0.2129855 -0.4411397 1.776147
-0.5448896 -0.7567654 1.769098
0.07005019 -0.7593601 1.762791
-0.5045255 -0.793822 1.66315
0.1125779 -0.8199184 1.702239
9
-0.01114701 -0.1718479 1.867057
-0.08321154 -0.1694259 1.808563
0.06128906 -0.1675434 1.852334
-0.2598691 -0.4285934 1.784916
0.2129855 -0.4411397 1.776147
-0.5448896 -0.7567654 1.769098
0.07005019 -0.7593601 1.762791
-0.5045255 -0.793822 1.66315
0.1125779 -0.8199184 1.702239
9
-0.01114701 -0.1718479 1.867057
-0.08321154 -0.1694259 1.808563
0.06128906 -0.1675434 1.852334
-0.2598691 -0.4285934 1.784916
0.2129855 -0.4411397 1.776147
-0.5448896 -0.7567654 1.769098
0.07005019 -0.7593601 1.762791
-0.5045255 -0.793822 1.66315
0.1125779 -0.8199184 1.702239
9
-0.009650504 -0.1719701 1.866832
-0.08184099 -0.169583 1.808439
0.0628568 -0.1676207 1.852
-0.2615367 -0.4268804 1.782256
0.2133945 -0.4418632 1.776069
-0.5450552 -0.7563474 1.76714
0.07015478 -0.7598509 1.761882
-0.5051622 -0.793593 1.661144
0.1139527 -0.8208944 1.701026
9
-0.009650504 -0.1719701 1.866832
-0.08184099 -0.169583 1.808439
0.0628568 -0.1676207 1.852
-0.2615367 -0.4268804 1.782256
0.2133945 -0.4418632 1.776069
-0.5450552 -0.7563474 1.76714
0.07015478 -0.7598509 1.761882
-0.5051622 -0.793593 1.661144
0.1139527 -0.8208944 1.701026
9
-0.009396148 -0.1717057 1.866517
-0.08156944 -0.1692749 1.808154
0.06308521 -0.1674047 1.851652
-0.2633671 -0.4251507 1.781434
0.2135074 -0.4417101 1.775694
-0.5448923 -0.7563184 1.766444
0.06995009 -0.7612888 1.760631
-0.5050942 -0.7935922 1.660445
0.1148 -0.8217665 1.700405
9
-0.009396148 -0.1717057 1.866517
-0.08156944 -0.1692749 1.808154
0.06308521 -0.1674047 1.851652
-0.2633671 -0.4251507 1.781434
0.2135074 -0.4417101 1.775694
-0.5448923 -0.7563184 1.766444
0.06995009 -0.7612888 1.760631
-0.5050942 -0.7935922 1.660445
0.1148 -0.8217665 1.700405
9
-0.01155214 -0.1699599 1.866238
-0.08445093 -0.1669779 1.807967
0.0616063 -0.1661825 1.851314
-0.2647205 -0.4239425 1.781135
0.212618 -0.4401807 1.775081
-0.54484 -0.7562963 1.766255
0.06914292 -0.7624267 1.759889
-0.5051384 -0.7936434 1.660281
0.1150075 -0.8227762 1.701831
9
-0.01155214 -0.1699599 1.866238
-0.08445093 -0.1669779 1.807967
0.0616063 -0.1661825 1.851314
-0.2647205 -0.4239425 1.781135
0.212618 -0.4401807 1.775081
-0.54484 -0.7562963 1.766255
0.06914292 -0.7624267 1.759889
-0.5051384 -0.7936434 1.660281
0.1150075 -0.8227762 1.701831
9
-0.01155214 -0.1699599 1.866238
-0.08445093 -0.1669779 1.807967
0.0616063 -0.1661825 1.851314
-0.2647205 -0.4239425 1.781135
0.212618 -0.4401807 1.775081
-0.54484 -0.7562963 1.766255
0.06914292 -0.7624267 1.759889
-0.5051384 -0.7936434 1.660281
0.1150075 -0.8227762 1.701831
9
-0.01155214 -0.1699599 1.866238
-0.08445093 -0.1669779 1.807967
0.0616063 -0.1661825 1.851314
-0.2647205 -0.4239425 1.781135
0.212618 -0.4401807 1.775081
-0.54484 -0.7562963 1.766255
0.06914292 -0.7624267 1.759889
-0.5051384 -0.7936434 1.660281
0.1150075 -0.8227762 1.701831
9
-0.02306256 -0.1610078 1.863548
-0.09592558 -0.1571772 1.805176
0.05060598 -0.1584467 1.848688
-0.2744153 -0.4214493 1.780602
0.2039538 -0.4317343 1.774591
-0.5460789 -0.7569757 1.766031
0.06776948 -0.7624041 1.75911
-0.5066249 -0.7945493 1.660135
0.1150322 -0.8224549 1.701334
9
-0.02306256 -0.1610078 1.863548
-0.09592558 -0.1571772 1.805176
0.05060598 -0.1584467 1.848688
-0.2744153 -0.4214493 1.780602
0.2039538 -0.4317343 1.774591
-0.5460789 -0.7569757 1.766031
0.06776948 -0.7624041 1.75911
-0.5066249 -0.7945493 1.660135
0.1150322 -0.8224549 1.701334
