40
9
-0.05123818 -0.1765817 2.201953
-0.1229652 -0.1712633 2.155579
0.02225844 -0.175735 2.171454
-0.3364771 -0.4336589 2.059445
0.2393474 -0.4080288 1.99831
-0.5600148 -0.7746673 2.071575
0.1483802 -0.7528636 2.070471
-0.5316498 -0.8107456 1.966549
0.1711684 -0.8097582 2.024254
9
-0.04552124 -0.1812118 2.201768
-0.11785 -0.1755198 2.155596
0.02840565 -0.1805902 2.17106
-0.3333033 -0.4257722 2.021539
0.2453623 -0.4107688 1.99435
-0.5619239 -0.7632602 2.03619
0.208073 -0.8155386 2.032419
-0.5341262 -0.7998261 1.931364
0.2229145 -0.8509434 1.926943
9
-0.04552124 -0.1812118 2.201768
-0.11785 -0.1755198 2.155596
0.02840565 -0.1805902 2.17106
-0.3333033 -0.4257722 2.021539
0.2453623 -0.4107688 1.99435
-0.5619239 -0.7632602 2.03619
0.208073 -0.8155386 2.032419
-0.5341262 -0.7998261 1.931364
0.2229145 -0.8509434 1.926943
9
-0.04552124 -0.1812118 2.201768
-0.11785 -0.1755198 2.155596
0.02840565 -0.1805902 2.17106
-0.3333033 -0.4257722 2.021539
0.2453623 -0.4107688 1.99435
-0.5619239 -0.7632602 2.03619
0.208073 -0.8155386 2.032419
-0.5341262 -0.7998261 1.931364
0.2229145 -0.8509434 1.926943
9
-0.04552124 -0.1812118 2.201768
-0.11785 -0.1755198 2.155596
0.02840565 -0.1805902 2.17106
-0.3333033 -0.4257722 2.021539
0.2453623 -0.4107688 1.99435
-0.5619239 -0.7632602 2.03619
0.208073 -0.8155386 2.032419
-0.5341262 -0.7998261 1.931364
0.2229145 -0.8509434 1.926943
9
-0.04552124 -0.1812118 2.201768
-0.11785 -0.1755198 2.155596
0.02840565 -0.1805902 2.17106
-0.3333033 -0.4257722 2.021539
0.2453623 -0.4107688 1.99435
-0.5619239 -0.7632602 2.03619
0.208073 -0.8155386 2.032419
-0.5341262 -0.7998261 1.931364
0.2229145 -0.8509434 1.926943
9
-0.04552124 -0.1812118 2.201768
-0.11785 -0.1755198 2.155596
0.02840565 -0.1805902 2.17106
-0.3333033 -0.4257722 2.021539
0.2453623 -0.4107688 1.99435
-0.5619239 -0.7632602 2.03619
0.208073 -0.8155386 2.032419
-0.5341262 -0.7998261 1.931364
0.2229145 -0.8509434 1.926943
9
-0.0221643 -0.2121286 2.201905
-0.09854394 -0.1959645 2.156457
0.05531304 -0.2230758 2.17033
-0.3026586 -0.4608307 2.039824
0.2957507 -0.4119257 1.972566
-0.5525492 -0.7833529 2.04791
0.2160987 -0.8088322 2.024029
-0.5272766 -0.8222932 1.944446
0.2284811 -0.8469145 1.919874
9
-0.0221643 -0.2121286 2.201905
-0.09854394 -0.1959645 2.156457
0.05531304 -0.2230758 2.17033
-0.3026586 -0.4608307 2.039824
0.2957507 -0.4119257 1.972566
-0.5525492 -0.7833529 2.04791
0.2160987 -0.8088322 2.024029
-0.5272766 -0.8222932 1.944446
0.2284811 -0.8469145 1.919874
9
-0.0221643 -0.2121286 2.201905
-0.09854394 -0.1959645 2.156457
0.05531304 -0.2230758 2.17033
-0.3026586 -0.4608307 2.039824
0.2957507 -0.4119257 1.972566
-0.5525492 -0.7833529 2.04791
0.2160987 -0.8088322 2.024029
-0.5272766 -0.8222932 1.944446
0.2284811 -0.8469145 1.919874
9
-0.0221643 -0.2121286 2.201905
-0.09854394 -0.1959645 2.156457
0.05531304 -0.2230758 2.17033
-0.3026586 -0.4608307 2.039824
0.2957507 -0.4119257 1.972566
-0.5525492 -0.7833529 2.04791
0.2160987 -0.8088322 2.024029
-0.5272766 -0.8222932 1.944446
0.2284811 -0.8469145 1.919874
9
0.02988845 -0.2418934 2.174107
-0.0443345 -0.2323022 2.131713
0.10304 -0.2429536 2.139836
-0.3155699 -0.4402719 2.059498
0.3336806 -0.4510697 1.954139
-0.5672643 -0.7616588 2.065074
0.1588724 -0.7626737 2.059889
-0.5427104 -0.7988368 1.959717
0.1725973 -0.8226267 2.019628
9
0.02988845 -0.2418934 2.174107
-0.0443345 -0.2323022 2.131713
0.10304 -0.2429536 2.139836
-0.3155699 -0.4402719 2.059498
0.3336806 -0.4510697 1.954139
-0.5672643 -0.7616588 2.065074
0.1588724 -0.7626737 2.059889
-0.5427104 -0.7988368 1.959717
0.1725973 -0.8226267 2.019628
9
0.04750446 -0.2271844 2.20735
-0.02966419 -0.2206217 2.159463
0.1232132 -0.2255705 2.179009
-0.2472577 -0.4821729 2.074481
0.2801478 -0.4853435 1.979583
-0.5089935 -0.7517022 2.082232
0.1601515 -0.7632429 2.058457
-0.4852162 -0.7920094 1.978796
0.1719881 -0.8236452 2.019523
9
0.04750446 -0.2271844 2.20735
-0.02966419 -0.2206217 2.159463
0.1232132 -0.2255705 2.179009
-0.2472577 -0.4821729 2.074481
0.2801478 -0.4853435 1.979583
-0.5089935 -0.7517022 2.082232
0.1601515 -0.7632429 2.058457
-0.4852162 -0.7920094 1.978796
0.1719881 -0.8236452 2.019523
9
0.04780122 -0.2372728 2.209274
-0.02876959 -0.2299964 2.16335
0.1227961 -0.2367575 2.178805
-0.28447 -0.4491528 2.054109
0.3299921 -0.4360356 1.951884
-0.541278 -0.7665784 2.060184
0.163765 -0.7633347 2.056221
-0.5180798 -0.8069007 1.957001
0.1699791 -0.8246831 2.019557
9
0.04780122 -0.2372728 2.209274
-0.02876959 -0.2299964 2.16335
0.1227961 -0.2367575 2.178805
-0.28447 -0.4491528 2.054109
0.3299921 -0.4360356 1.951884
-0.541278 -0.7665784 2.060184
0.163765 -0.7633347 2.056221
-0.5180798 -0.8069007 1.957001
0.1699791 -0.8246831 2.019557
9
0.05051256 -0.243507 2.209899
-0.02574702 -0.2362904 2.164465
0.1250354 -0.2424519 2.178887
-0.2869239 -0.4483092 2.053099
0.3333955 -0.4374078 1.948841
-0.5425974 -0.7666894 2.058462
0.1688108 -0.7617278 2.053695
-0.519444 -0.807261 1.955473
0.1679305 -0.823621 2.018371
9
0.05051256 -0.243507 2.209899
-0.02574702 -0.2362904 2.164465
0.1250354 -0.2424519 2.178887
-0.2869239 -0.4483092 2.053099
0.3333955 -0.4374078 1.948841
-0.5425974 -0.7666894 2.058462
0.1688108 -0.7617278 2.053695
-0.519444 -0.807261 1.955473
0.1679305 -0.823621 2.018371
9
0.05385092 -0.2485352 2.210231
-0.02221671 -0.2412909 2.164992
0.1280328 -0.2472359 2.178981
-0.2877135 -0.4477583 2.052945
0.3383241 -0.4385627 1.947486
-0.5428982 -0.766516 2.058488
0.1702964 -0.7611591 2.05316
-0.5198597 -0.8071383 1.955512
0.1677786 -0.823081 2.017272
9
0.05385092 -0.2485352 2.210231
-0.02221671 -0.2412909 2.164992
0.1280328 -0.2472359 2.178981
-0.2877135 -0.4477583 2.052945
0.3383241 -0.4385627 1.947486
-0.5428982 -0.766516 2.058488
0.1702964 -0.7611591 2.05316
-0.5198597 -0.8071383 1.955512
0.1677786 -0.823081 2.017272
9
0.05614626 -0.2517093 2.210787
-0.01979271 -0.2442612 2.165647
0.1301135 -0.2504798 2.179409
-0.2873262 -0.4478907 2.052798
0.3418048 -0.4387782 1.946516
-0.5425621 -0.7665904 2.058602
0.1718081 -0.7614079 2.052731
-0.5203741 -0.8072652 1.955499
0.1677139 -0.823312 2.016491
9
0.05614626 -0.2517093 2.210787
-0.01979271 -0.2442612 2.165647
0.1301135 -0.2504798 2.179409
-0.2873262 -0.4478907 2.052798
0.3418048 -0.4387782 1.946516
-0.5425621 -0.7665904 2.058602
0.1718081 -0.7614079 2.052731
-0.5203741 -0.8072652 1.955499
0.1677139 -0.823312 2.016491
9
0.05614626 -0.2517093 2.210787
-0.01979271 -0.2442612 2.165647
0.1301135 -0.2504798 2.179409
-0.2873262 -0.4478907 2.052798
0.3418048 -0.4387782 1.946516
-0.5425621 -0.7665904 2.058602
0.1718081 -0.7614079 2.052731
-0.5203741 -0.8072652 1.955499
0.1677139 -0.823312 2.016491
9
0.05614626 -0.2517093 2.210787
-0.01979271 -0.2442612 2.165647
0.1301135 -0.2504798 2.179409
-0.2873262 -0.4478907 2.052798
0.3418048 -0.4387782 1.946516
-0.5425621 -0.7665904 2.058602
0.1718081 -0.7614079 2.052731
-0.5203741 -0.8072652 1.955499
0.1677139 -0.823312 2.016491
9
0.05766009 -0.2529624 2.211559
-0.0182634 -0.2455387 2.166287
0.1315564 -0.2516569 2.180297
-0.2858937 -0.4490252 2.053304
0.3439971 -0.4387073 1.947037
-0.5414109 -0.7675266 2.058733
0.1736174 -0.7605464 2.052335
-0.5190551 -0.8082753 1.955736
0.1677272 -0.8224207 2.016695
9
0.05766009 -0.2529624 2.211559
-0.0182634 -0.2455387 2.166287
0.1315564 -0.2516569 2.180297
-0.2858937 -0.4490252 2.053304
0.3439971 -0.4387073 1.947037
-0.5414109 -0.7675266 2.058733
0.1736174 -0.7605464 2.052335
-0.5190551 -0.8082753 1.955736
0.1677272 -0.8224207 2.016695
9
0.05796976 -0.2532329 2.211727
-0.01794826 -0.2457607 2.166383
0.1318519 -0.251972 2.18054
-0.2854196 -0.4495339 2.053592
0.3450101 -0.4387114 1.947759
-0.5409143 -0.768081 2.058609
0.1738431 -0.7605149 2.05236
-0.5185555 -0.8088745 1.955657
0.167631 -0.8223672 2.015927
9
0.05796976 -0.2532329 2.211727
-0.01794826 -0.2457607 2.166383
0.1318519 -0.251972 2.18054
-0.2854196 -0.4495339 2.053592
0.3450101 -0.4387114 1.947759
-0.5409143 -0.768081 2.058609
0.1738431 -0.7605149 2.05236
-0.5185555 -0.8088745 1.955657
0.167631 -0.8223672 2.015927
9
0.05805786 -0.2531642 2.212039
-0.01782817 -0.2456794 2.166707
0.1319065 -0.2519163 2.18083
-0.2851256 -0.4496144 2.053681
0.3454197 -0.4387171 1.948484
-0.5403156 -0.7684273 2.058395
0.1747514 -0.7601774 2.052135
-0.517986 -0.809242 1.955461
0.167368 -0.8219762 2.015763
9
0.05805786 -0.2531642 2.212039
-0.01782817 -0.2456794 2.166707
0.1319065 -0.2519163 2.18083
-0.2851256 -0.4496144 2.053681
0.3454197 -0.4387171 1.948484
-0.5403156 -0.7684273 2.058395
0.1747514 -0.7601774 2.052135
-0.517986 -0.809242 1.955461
0.167368 -0.8219762 2.015763
9
0.05805786 -0.2531642 2.212039
-0.01782817 -0.2456794 2.166707
0.1319065 -0.2519163 2.18083
-0.2851256 -0.4496144 2.053681
0.3454197 -0.4387171 1.948484
-0.5403156 -0.7684273 2.058395
0.1747514 -0.7601774 2.052135
-0.517986 -0.809242 1.955461
0.167368 -0.8219762 2.015763
9
0.05805786 -0.2531642 2.212039
-0.01782817 -0.2456794 2.166707
0.1319065 -0.2519163 2.18083
-0.2851256 -0.4496144 2.053681
0.3454197 -0.4387171 1.948484
-0.5403156 -0.7684273 2.058395
0.1747514 -0.7601774 2.052135
-0.517986 -0.809242 1.955461
0.167368 -0.8219762 2.015763
9
0.05805786 -0.2531642 2.212039
-0.01782817 -0.2456794 2.166707
0.1319065 -0.2519163 2.18083
-0.2851256 -0.4496144 2.053681
0.3454197 -0.4387171 1.948484
-0.5403156 -0.7684273 2.058395
0.1747514 -0.7601774 2.052135
-0.517986 -0.809242 1.955461
0.167368 -0.8219762 2.015763
9
0.05805786 -0.2531642 2.212039
-0.01782817 -0.2456794 2.166707
0.1319065 -0.2519163 2.18083
-0.2851256 -0.4496144 2.053681
0.3454197 -0.4387171 1.948484
-0.5403156 -0.7684273 2.058395
0.1747514 -0.7601774 2.052135
-0.517986 -0.809242 1.955461
0.167368 -0.8219762 2.015763
9
0.04645497 -0.242167 2.216673
-0.03014973 -0.2336475 2.170991
0.121366 -0.2422427 2.185689
-0.2830843 -0.4531433 2.05292
0.3361917 -0.4317431 1.957077
-0.5385105 -0.7719356 2.054773
0.1742762 -0.7607008 2.052743
-0.5174369 -0.8128256 1.951747
0.1678234 -0.822531 2.015781
9
0.04645497 -0.242167 2.216673
-0.03014973 -0.2336475 2.170991
0.121366 -0.2422427 2.185689
-0.2830843 -0.4531433 2.05292
0.3361917 -0.4317431 1.957077
-0.5385105 -0.7719356 2.054773
0.1742762 -0.7607008 2.052743
-0.5174369 -0.8128256 1.951747
0.1678234 -0.822531 2.015781
9
0.0358498 -0.2344678 2.218591
-0.03977223 -0.2265349 2.172584
0.1101776 -0.2342712 2.187905
-0.2952207 -0.446845 2.066715
0.326979 -0.4270789 1.964627
-0.5377884 -0.7757289 2.063482
0.1740866 -0.7607315 2.053085
-0.6078164 -0.8166021 1.995161
0.1683862 -0.8225878 2.015884
9
0.0358498 -0.2344678 2.218591
-0.03977223 -0.2265349 2.172584
0.1101776 -0.2342712 2.187905
-0.2952207 -0.446845 2.066715
0.326979 -0.4270789 1.964627
-0.5377884 -0.7757289 2.063482
0.1740866 -0.7607315 2.053085
-0.6078164 -0.8166021 1.995161
0.1683862 -0.8225878 2.015884
9
0.0252554 -0.2274308 2.218656
-0.0507422 -0.2193131 2.172466
0.1003354 -0.2276713 2.188107
-0.2991824 -0.4473178 2.066789
0.3158154 -0.4254216 1.968284
-0.5384585 -0.7785894 2.063171
0.1715567 -0.7617546 2.055644
-0.6104851 -0.8189752 1.999134
0.1690511 -0.8235159 2.015476
