40
9
-0.05845978 -0.1874845 2.206285
-0.1348857 -0.17781 2.16263
0.0199784 -0.1906964 2.173146
-0.3231043 -0.4571674 2.06082
0.2597396 -0.3963011 1.995585
-0.5535824 -0.7936637 2.069688
0.1558315 -0.7582252 2.065015
-0.6040066 -0.8214252 2.015482
0.1690774 -0.8181431 2.022216
9
-0.05845978 -0.1874845 2.206285
-0.1348857 -0.17781 2.16263
0.0199784 -0.1906964 2.173146
-0.3231043 -0.4571674 2.06082
0.2597396 -0.3963011 1.995585
-0.5535824 -0.7936637 2.069688
0.1558315 -0.7582252 2.065015
-0.6040066 -0.8214252 2.015482
0.1690774 -0.8181431 2.022216
9
-0.04317814 -0.2027071 2.20501
-0.1229032 -0.1893345 2.162689
0.0384188 -0.2095232 2.170207
-0.312288 -0.4670655 2.05722
0.2856773 -0.3977518 1.982191
-0.5515656 -0.7973633 2.065867
0.1600453 -0.7602992 2.060628
-0.6289063 -0.8251953 2.017578
0.1690626 -0.8212243 2.021333
9
-0.04317814 -0.2027071 2.20501
-0.1229032 -0.1893345 2.162689
0.0384188 -0.2095232 2.170207
-0.312288 -0.4670655 2.05722
0.2856773 -0.3977518 1.982191
-0.5515656 -0.7973633 2.065867
0.1600453 -0.7602992 2.060628
-0.6289063 -0.8251953 2.017578
0.1690626 -0.8212243 2.021333
9
-0.04317814 -0.2027071 2.20501
-0.1229032 -0.1893345 2.162689
0.0384188 -0.2095232 2.170207
-0.312288 -0.4670655 2.05722
0.2856773 -0.3977518 1.982191
-0.5515656 -0.7973633 2.065867
0.1600453 -0.7602992 2.060628
-0.6289063 -0.8251953 2.017578
0.1690626 -0.8212243 2.021333
9
-0.04317814 -0.2027071 2.20501
-0.1229032 -0.1893345 2.162689
0.0384188 -0.2095232 2.170207
-0.312288 -0.4670655 2.05722
0.2856773 -0.3977518 1.982191
-0.5515656 -0.7973633 2.065867
0.1600453 -0.7602992 2.060628
-0.6289063 -0.8251953 2.017578
0.1690626 -0.8212243 2.021333
9
-0.02622516 -0.2289696 2.16556
-0.1089749 -0.2098203 2.126889
0.05667445 -0.2388972 2.129526
-0.2938413 -0.4960686 2.060786
0.3275157 -0.4170537 1.974944
-0.5478472 -0.8150016 2.0703
0.1622126 -0.761763 2.0586
-0.6071278 -0.8176978 2.004011
0.1689539 -0.8230568 2.021168
9
-0.02622516 -0.2289696 2.16556
-0.1089749 -0.2098203 2.126889
0.05667445 -0.2388972 2.129526
-0.2938413 -0.4960686 2.060786
0.3275157 -0.4170537 1.974944
-0.5478472 -0.8150016 2.0703
0.1622126 -0.761763 2.0586
-0.6071278 -0.8176978 2.004011
0.1689539 -0.8230568 2.021168
9
-0.02622516 -0.2289696 2.16556
-0.1089749 -0.2098203 2.126889
0.05667445 -0.2388972 2.129526
-0.2938413 -0.4960686 2.060786
0.3275157 -0.4170537 1.974944
-0.5478472 -0.8150016 2.0703
0.1622126 -0.761763 2.0586
-0.6071278 -0.8176978 2.004011
0.1689539 -0.8230568 2.021168
9
-0.02622516 -0.2289696 2.16556
-0.1089749 -0.2098203 2.126889
0.05667445 -0.2388972 2.129526
-0.2938413 -0.4960686 2.060786
0.3275157 -0.4170537 1.974944
-0.5478472 -0.8150016 2.0703
0.1622126 -0.761763 2.0586
-0.6071278 -0.8176978 2.004011
0.1689539 -0.8230568 2.021168
9
0.05485023 -0.2312941 2.157286
-0.02266719 -0.2260386 2.115552
0.1303998 -0.2283259 2.122321
-0.2365405 -0.4932948 2.064869
0.3067227 -0.5029633 1.979364
-0.5256425 -0.7810848 2.07813
0.163999 -0.763597 2.056605
-0.588142 -0.8102651 2.007716
0.1750973 -0.8239148 2.014956
9
0.05485023 -0.2312941 2.157286
-0.02266719 -0.2260386 2.115552
0.1303998 -0.2283259 2.122321
-0.2365405 -0.4932948 2.064869
0.3067227 -0.5029633 1.979364
-0.5256425 -0.7810848 2.07813
0.163999 -0.763597 2.056605
-0.588142 -0.8102651 2.007716
0.1750973 -0.8239148 2.014956
9
0.05485023 -0.2312941 2.157286
-0.02266719 -0.2260386 2.115552
0.1303998 -0.2283259 2.122321
-0.2365405 -0.4932948 2.064869
0.3067227 -0.5029633 1.979364
-0.5256425 -0.7810848 2.07813
0.163999 -0.763597 2.056605
-0.588142 -0.8102651 2.007716
0.1750973 -0.8239148 2.014956
9
0.05485023 -0.2312941 2.157286
-0.02266719 -0.2260386 2.115552
0.1303998 -0.2283259 2.122321
-0.2365405 -0.4932948 2.064869
0.3067227 -0.5029633 1.979364
-0.5256425 -0.7810848 2.07813
0.163999 -0.763597 2.056605
-0.588142 -0.8102651 2.007716
0.1750973 -0.8239148 2.014956
9
0.05922933 -0.2278144 2.18967
-0.01750205 -0.222008 2.146626
0.1338383 -0.2256606 2.156069
-0.2312341 -0.4862722 2.059712
0.298482 -0.4909552 1.975404
-0.5186694 -0.7758414 2.072792
0.1658234 -0.7634863 2.055383
-0.5880086 -0.8102821 2.00784
0.1765926 -0.8236792 2.011899
9
0.05922933 -0.2278144 2.18967
-0.01750205 -0.222008 2.146626
0.1338383 -0.2256606 2.156069
-0.2312341 -0.4862722 2.059712
0.298482 -0.4909552 1.975404
-0.5186694 -0.7758414 2.072792
0.1658234 -0.7634863 2.055383
-0.5880086 -0.8102821 2.00784
0.1765926 -0.8236792 2.011899
9
0.06001832 -0.234521 2.195427
-0.01658924 -0.2286818 2.153636
0.1345086 -0.2321959 2.160696
-0.270952 -0.4524325 2.056162
0.351876 -0.4366695 1.952388
-0.5293546 -0.7683858 2.06534
0.1711834 -0.7621545 2.053123
-0.5111331 -0.8075969 1.960456
0.1739766 -0.8236285 2.012142
9
0.06001832 -0.234521 2.195427
-0.01658924 -0.2286818 2.153636
0.1345086 -0.2321959 2.160696
-0.270952 -0.4524325 2.056162
0.351876 -0.4366695 1.952388
-0.5293546 -0.7683858 2.06534
0.1711834 -0.7621545 2.053123
-0.5111331 -0.8075969 1.960456
0.1739766 -0.8236285 2.012142
9
0.05847435 -0.2378976 2.197031
-0.01783514 -0.2315579 2.155308
0.1327031 -0.2359825 2.162174
-0.2730972 -0.4535623 2.055176
0.3529698 -0.4353872 1.95156
-0.5311107 -0.7698053 2.064394
0.1733252 -0.7614868 2.052174
-0.5131456 -0.809091 1.959561
0.1728464 -0.8231918 2.011833
9
0.05847435 -0.2378976 2.197031
-0.01783514 -0.2315579 2.155308
0.1327031 -0.2359825 2.162174
-0.2730972 -0.4535623 2.055176
0.3529698 -0.4353872 1.95156
-0.5311107 -0.7698053 2.064394
0.1733252 -0.7614868 2.052174
-0.5131456 -0.809091 1.959561
0.1728464 -0.8231918 2.011833
9
0.05847435 -0.2378976 2.197031
-0.01783514 -0.2315579 2.155308
0.1327031 -0.2359825 2.162174
-0.2730972 -0.4535623 2.055176
0.3529698 -0.4353872 1.95156
-0.5311107 -0.7698053 2.064394
0.1733252 -0.7614868 2.052174
-0.5131456 -0.809091 1.959561
0.1728464 -0.8231918 2.011833
9
0.05847435 -0.2378976 2.197031
-0.01783514 -0.2315579 2.155308
0.1327031 -0.2359825 2.162174
-0.2730972 -0.4535623 2.055176
0.3529698 -0.4353872 1.95156
-0.5311107 -0.7698053 2.064394
0.1733252 -0.7614868 2.052174
-0.5131456 -0.809091 1.959561
0.1728464 -0.8231918 2.011833
9
0.05847435 -0.2378976 2.197031
-0.01783514 -0.2315579 2.155308
0.1327031 -0.2359825 2.162174
-0.2730972 -0.4535623 2.055176
0.3529698 -0.4353872 1.95156
-0.5311107 -0.7698053 2.064394
0.1733252 -0.7614868 2.052174
-0.5131456 -0.809091 1.959561
0.1728464 -0.8231918 2.011833
9
0.05847435 -0.2378976 2.197031
-0.01783514 -0.2315579 2.155308
0.1327031 -0.2359825 2.162174
-0.2730972 -0.4535623 2.055176
0.3529698 -0.4353872 1.95156
-0.5311107 -0.7698053 2.064394
0.1733252 -0.7614868 2.052174
-0.5131456 -0.809091 1.959561
0.1728464 -0.8231918 2.011833
9
0.05847435 -0.2378976 2.197031
-0.01783514 -0.2315579 2.155308
0.1327031 -0.2359825 2.162174
-0.2730972 -0.4535623 2.055176
0.3529698 -0.4353872 1.95156
-0.5311107 -0.7698053 2.064394
0.1733252 -0.7614868 2.052174
-0.5131456 -0.809091 1.959561
0.1728464 -0.8231918 2.011833
9
0.04807973 -0.2372299 2.198566
-0.02741116 -0.2308509 2.156522
0.121855 -0.2353653 2.16399
-0.281347 -0.4532455 2.052864
0.3434254 -0.4322493 1.951829
-0.5383294 -0.77037 2.060875
0.1732915 -0.7615207 2.052191
-0.5197789 -0.8095132 1.956049
0.1730509 -0.8232561 2.012444
9
0.04807973 -0.2372299 2.198566
-0.02741116 -0.2308509 2.156522
0.121855 -0.2353653 2.16399
-0.281347 -0.4532455 2.052864
0.3434254 -0.4322493 1.951829
-0.5383294 -0.77037 2.060875
0.1732915 -0.7615207 2.052191
-0.5197789 -0.8095132 1.956049
0.1730509 -0.8232561 2.012444
9
0.0371968 -0.2337578 2.198443
-0.03821038 -0.2271507 2.156076
0.1112699 -0.2322185 2.164131
-0.3003612 -0.4419876 2.060823
0.3336724 -0.4302499 1.954026
-0.5409814 -0.7717628 2.067235
0.2401211 -0.8249265 2.001027
-0.5231759 -0.810651 1.96211
0.2448336 -0.8623444 1.895564
9
0.0371968 -0.2337578 2.198443
-0.03821038 -0.2271507 2.156076
0.1112699 -0.2322185 2.164131
-0.3003612 -0.4419876 2.060823
0.3336724 -0.4302499 1.954026
-0.5409814 -0.7717628 2.067235
0.2401211 -0.8249265 2.001027
-0.5231759 -0.810651 1.96211
0.2448336 -0.8623444 1.895564
9
0.02509718 -0.2273169 2.199793
-0.05080109 -0.2202272 2.157587
0.1000786 -0.2264584 2.165282
-0.3042499 -0.4448045 2.061584
0.3220348 -0.4274938 1.957733
-0.5434746 -0.7755941 2.067294
0.2380608 -0.824452 2.003303
-0.6066697 -0.816757 2.006385
0.2429872 -0.86178 1.89777
9
0.02509718 -0.2273169 2.199793
-0.05080109 -0.2202272 2.157587
0.1000786 -0.2264584 2.165282
-0.3042499 -0.4448045 2.061584
0.3220348 -0.4274938 1.957733
-0.5434746 -0.7755941 2.067294
0.2380608 -0.824452 2.003303
-0.6066697 -0.816757 2.006385
0.2429872 -0.86178 1.89777
9
0.02509718 -0.2273169 2.199793
-0.05080109 -0.2202272 2.157587
0.1000786 -0.2264584 2.165282
-0.3042499 -0.4448045 2.061584
0.3220348 -0.4274938 1.957733
-0.5434746 -0.7755941 2.067294
0.2380608 -0.824452 2.003303
-0.6066697 -0.816757 2.006385
0.2429872 -0.86178 1.89777
9
0.005795981 -0.2183715 2.200401
-0.06990624 -0.2104767 2.157748
0.08125605 -0.2186106 2.166275
-0.3139647 -0.4452134 2.063296
0.3083359 -0.419764 1.965185
-0.5461347 -0.7809902 2.068092
0.2354412 -0.819299 2.007784
-0.5281894 -0.8196375 1.962954
0.2403161 -0.8567199 1.902185
9
-0.004791491 -0.2123928 2.202078
-0.08021159 -0.2040084 2.159116
0.0707557 -0.2133349 2.168239
-0.3206941 -0.4426748 2.06661
0.2970837 -0.4167317 1.968566
-0.5472718 -0.7822635 2.070939
0.2337573 -0.8181311 2.00905
-0.5299959 -0.820699 1.96557
0.1678237 -0.8091457 2.016403
9
-0.004791491 -0.2123928 2.202078
-0.08021159 -0.2040084 2.159116
0.0707557 -0.2133349 2.168239
-0.3206941 -0.4426748 2.06661
0.2970837 -0.4167317 1.968566
-0.5472718 -0.7822635 2.070939
0.2337573 -0.8181311 2.00905
-0.5299959 -0.820699 1.96557
0.1678237 -0.8091457 2.016403
9
-0.02047968 -0.2019444 2.203499
-0.09548042 -0.1936308 2.159741
0.05519923 -0.2031965 2.170429
-0.327984 -0.4401547 2.068326
0.278678 -0.4139242 1.975735
-0.5479288 -0.7840745 2.072467
0.2314078 -0.8180841 2.011239
-0.5878851 -0.8212155 2.011598
0.237325 -0.8554331 1.905668
9
-0.02047968 -0.2019444 2.203499
-0.09548042 -0.1936308 2.159741
0.05519923 -0.2031965 2.170429
-0.327984 -0.4401547 2.068326
0.278678 -0.4139242 1.975735
-0.5479288 -0.7840745 2.072467
0.2314078 -0.8180841 2.011239
-0.5878851 -0.8212155 2.011598
0.237325 -0.8554331 1.905668
9
-0.02047968 -0.2019444 2.203499
-0.09548042 -0.1936308 2.159741
0.05519923 -0.2031965 2.170429
-0.327984 -0.4401547 2.068326
0.278678 -0.4139242 1.975735
-0.5479288 -0.7840745 2.072467
0.2314078 -0.8180841 2.011239
-0.5878851 -0.8212155 2.011598
0.237325 -0.8554331 1.905668
9
-0.0303608 -0.1952593 2.204775
-0.1050622 -0.1873194 2.160989
0.04538278 -0.1963852 2.171713
-0.3374526 -0.4342404 2.071267
0.2674129 -0.4122594 1.981672
-0.5481467 -0.7839379 2.075046
0.2308562 -0.8180384 2.012474
-0.588997 -0.820615 2.014929
0.1644614 -0.8095943 2.018973
9
-0.04034899 -0.1880223 2.205558
-0.1144274 -0.1806098 2.161627
0.03511204 -0.1888674 2.17263
-0.3437622 -0.4306113 2.073497
0.2562959 -0.4099863 1.988652
-0.5485588 -0.7838317 2.076818
0.2265815 -0.8166298 2.016446
-0.5902216 -0.8195527 2.016443
0.1596565 -0.8100687 2.021679
