40
9
-0.05803936 -0.1343304 2.024105
-0.1308716 -0.1358537 1.986945
0.01700121 -0.1287553 1.988512
-0.3393321 -0.3569982 1.922679
0.1623692 -0.3546133 1.801052
-0.5016884 -0.7661681 1.9107
0.04801869 -0.717344 1.866137
-0.4893455 -0.8093566 1.800427
0.05933941 -0.8117783 1.83392
9
-0.05885339 -0.1349193 2.026045
-0.131524 -0.1369018 1.989063
0.016104 -0.1287532 1.990016
-0.3369409 -0.361173 1.924599
0.1648672 -0.353876 1.804217
-0.5029757 -0.7688331 1.911126
0.04855528 -0.7139693 1.867899
-0.4908127 -0.8120494 1.800911
0.05130504 -0.7573887 1.756512
9
-0.05885339 -0.1349193 2.026045
-0.131524 -0.1369018 1.989063
0.016104 -0.1287532 1.990016
-0.3369409 -0.361173 1.924599
0.1648672 -0.353876 1.804217
-0.5029757 -0.7688331 1.911126
0.04855528 -0.7139693 1.867899
-0.4908127 -0.8120494 1.800911
0.05130504 -0.7573887 1.756512
9
-0.05870455 -0.136349 2.0275
-0.1311958 -0.1399499 1.991055
0.01611589 -0.1290096 1.990871
-0.3350307 -0.3658955 1.925807
0.1677951 -0.3532585 1.806117
-0.4696911 -0.733134 1.915522
0.04820128 -0.716139 1.869393
-0.458615 -0.7769291 1.805015
0.05754673 -0.8100273 1.834064
9
-0.05870455 -0.136349 2.0275
-0.1311958 -0.1399499 1.991055
0.01611589 -0.1290096 1.990871
-0.3350307 -0.3658955 1.925807
0.1677951 -0.3532585 1.806117
-0.4696911 -0.733134 1.915522
0.04820128 -0.716139 1.869393
-0.458615 -0.7769291 1.805015
0.05754673 -0.8100273 1.834064
9
-0.05713548 -0.1383748 2.028871
-0.1293227 -0.1435925 1.992871
0.0172244 -0.1295695 1.991691
-0.3329167 -0.3698556 1.926182
0.1715896 -0.3528745 1.807862
-0.4694106 -0.733143 1.915784
0.04869935 -0.7172726 1.870066
-0.4586399 -0.7770216 1.805337
0.05847706 -0.8098863 1.83347
9
-0.05713548 -0.1383748 2.028871
-0.1293227 -0.1435925 1.992871
0.0172244 -0.1295695 1.991691
-0.3329167 -0.3698556 1.926182
0.1715896 -0.3528745 1.807862
-0.4694106 -0.733143 1.915784
0.04869935 -0.7172726 1.870066
-0.4586399 -0.7770216 1.805337
0.05847706 -0.8098863 1.83347
9
-0.05245085 -0.1425854 2.029147
-0.1243652 -0.149495 1.993569
0.02132497 -0.1317291 1.991471
-0.3301007 -0.374318 1.927072
0.176812 -0.3546579 1.807587
-0.4693741 -0.7334253 1.915923
0.04880666 -0.7193505 1.870549
-0.4587467 -0.7771885 1.805414
0.05748095 -0.8091809 1.835492
9
-0.05245085 -0.1425854 2.029147
-0.1243652 -0.149495 1.993569
0.02132497 -0.1317291 1.991471
-0.3301007 -0.374318 1.927072
0.176812 -0.3546579 1.807587
-0.4693741 -0.7334253 1.915923
0.04880666 -0.7193505 1.870549
-0.4587467 -0.7771885 1.805414
0.05748095 -0.8091809 1.835492
9
-0.04753581 -0.1464473 2.030729
-0.1190657 -0.1549535 1.995263
0.02562514 -0.1336927 1.992773
-0.3263471 -0.3784546 1.927032
0.1830871 -0.354982 1.808177
-0.4691117 -0.7336164 1.916057
0.04877862 -0.7224409 1.870761
-0.4584935 -0.7775061 1.805657
0.05834923 -0.8088711 1.834822
9
-0.04753581 -0.1464473 2.030729
-0.1190657 -0.1549535 1.995263
0.02562514 -0.1336927 1.992773
-0.3263471 -0.3784546 1.927032
0.1830871 -0.354982 1.808177
-0.4691117 -0.7336164 1.916057
0.04877862 -0.7224409 1.870761
-0.4584935 -0.7775061 1.805657
0.05834923 -0.8088711 1.834822
9
-0.04202688 -0.1509754 2.031148
-0.1139649 -0.1607685 1.996097
0.03138033 -0.1365448 1.992723
-0.3208475 -0.3849069 1.92769
0.1892909 -0.3574294 1.807705
-0.4686647 -0.7343513 1.916251
0.04908456 -0.7226571 1.870308
-0.4590074 -0.7783061 1.805885
0.05693557 -0.8072631 1.835471
9
-0.04202688 -0.1509754 2.031148
-0.1139649 -0.1607685 1.996097
0.03138033 -0.1365448 1.992723
-0.3208475 -0.3849069 1.92769
0.1892909 -0.3574294 1.807705
-0.4686647 -0.7343513 1.916251
0.04908456 -0.7226571 1.870308
-0.4590074 -0.7783061 1.805885
0.05693557 -0.8072631 1.835471
9
-0.04202688 -0.1509754 2.031148
-0.1139649 -0.1607685 1.996097
0.03138033 -0.1365448 1.992723
-0.3208475 -0.3849069 1.92769
0.1892909 -0.3574294 1.807705
-0.4686647 -0.7343513 1.916251
0.04908456 -0.7226571 1.870308
-0.4590074 -0.7783061 1.805885
0.05693557 -0.8072631 1.835471
9
-0.04202688 -0.1509754 2.031148
-0.1139649 -0.1607685 1.996097
0.03138033 -0.1365448 1.992723
-0.3208475 -0.3849069 1.92769
0.1892909 -0.3574294 1.807705
-0.4686647 -0.7343513 1.916251
0.04908456 -0.7226571 1.870308
-0.4590074 -0.7783061 1.805885
0.05693557 -0.8072631 1.835471
9
-0.04202688 -0.1509754 2.031148
-0.1139649 -0.1607685 1.996097
0.03138033 -0.1365448 1.992723
-0.3208475 -0.3849069 1.92769
0.1892909 -0.3574294 1.807705
-0.4686647 -0.7343513 1.916251
0.04908456 -0.7226571 1.870308
-0.4590074 -0.7783061 1.805885
0.05693557 -0.8072631 1.835471
9
-0.04202688 -0.1509754 2.031148
-0.1139649 -0.1607685 1.996097
0.03138033 -0.1365448 1.992723
-0.3208475 -0.3849069 1.92769
0.1892909 -0.3574294 1.807705
-0.4686647 -0.7343513 1.916251
0.04908456 -0.7226571 1.870308
-0.4590074 -0.7783061 1.805885
0.05693557 -0.8072631 1.835471
9
-0.04202688 -0.1509754 2.031148
-0.1139649 -0.1607685 1.996097
0.03138033 -0.1365448 1.992723
-0.3208475 -0.3849069 1.92769
0.1892909 -0.3574294 1.807705
-0.4686647 -0.7343513 1.916251
0.04908456 -0.7226571 1.870308
-0.4590074 -0.7783061 1.805885
0.05693557 -0.8072631 1.835471
9
-0.02485315 -0.1675491 2.029478
-0.09622961 -0.1797118 1.995976
0.04733415 -0.1497195 1.989592
-0.3009761 -0.4059413 1.925499
0.209261 -0.3667249 1.803132
-0.4683915 -0.7360785 1.916107
0.05740846 -0.7217041 1.864703
-0.4590745 -0.7794466 1.805387
0.0620428 -0.8070629 1.834679
9
-0.02485315 -0.1675491 2.029478
-0.09622961 -0.1797118 1.995976
0.04733415 -0.1497195 1.989592
-0.3009761 -0.4059413 1.925499
0.209261 -0.3667249 1.803132
-0.4683915 -0.7360785 1.916107
0.05740846 -0.7217041 1.864703
-0.4590745 -0.7794466 1.805387
0.0620428 -0.8070629 1.834679
9
-0.0129579 -0.1774739 2.029777
-0.08427756 -0.1918378 1.996601
0.05882391 -0.1571201 1.989493
-0.2983733 -0.4096125 1.926321
0.2159326 -0.3734754 1.797069
-0.4679595 -0.7375988 1.916352
0.05970247 -0.7230624 1.862652
-0.4574551 -0.7814412 1.806077
0.06249386 -0.8062544 1.833977
9
-0.0129579 -0.1774739 2.029777
-0.08427756 -0.1918378 1.996601
0.05882391 -0.1571201 1.989493
-0.2983733 -0.4096125 1.926321
0.2159326 -0.3734754 1.797069
-0.4679595 -0.7375988 1.916352
0.05970247 -0.7230624 1.862652
-0.4574551 -0.7814412 1.806077
0.06249386 -0.8062544 1.833977
9
-0.007802419 -0.1827814 2.029079
-0.07827925 -0.198268 1.995275
0.06298608 -0.1610437 1.989285
-0.2972376 -0.4119152 1.926663
0.2218687 -0.3758098 1.79592
-0.4675744 -0.7385211 1.916236
0.06718697 -0.7224461 1.85908
-0.4571594 -0.782097 1.805837
0.06840078 -0.7656129 1.747898
9
-0.007802419 -0.1827814 2.029079
-0.07827925 -0.198268 1.995275
0.06298608 -0.1610437 1.989285
-0.2972376 -0.4119152 1.926663
0.2218687 -0.3758098 1.79592
-0.4675744 -0.7385211 1.916236
0.06718697 -0.7224461 1.85908
-0.4571594 -0.782097 1.805837
0.06840078 -0.7656129 1.747898
9
-0.007802419 -0.1827814 2.029079
-0.07827925 -0.198268 1.995275
0.06298608 -0.1610437 1.989285
-0.2972376 -0.4119152 1.926663
0.2218687 -0.3758098 1.79592
-0.4675744 -0.7385211 1.916236
0.06718697 -0.7224461 1.85908
-0.4571594 -0.782097 1.805837
0.06840078 -0.7656129 1.747898
9
-0.007802419 -0.1827814 2.029079
-0.07827925 -0.198268 1.995275
0.06298608 -0.1610437 1.989285
-0.2972376 -0.4119152 1.926663
0.2218687 -0.3758098 1.79592
-0.4675744 -0.7385211 1.916236
0.06718697 -0.7224461 1.85908
-0.4571594 -0.782097 1.805837
0.06840078 -0.7656129 1.747898
9
0.003271538 -0.1973702 2.026727
-0.06623612 -0.2146812 1.992726
0.07263885 -0.1730811 1.987193
-0.2973537 -0.4158461 1.926494
0.234677 -0.3829268 1.790438
-0.4671791 -0.7407628 1.916288
0.0732263 -0.7224808 1.856482
-0.4579424 -0.7844876 1.806067
0.07316113 -0.7658154 1.745478
9
0.003271538 -0.1973702 2.026727
-0.06623612 -0.2146812 1.992726
0.07263885 -0.1730811 1.987193
-0.2973537 -0.4158461 1.926494
0.234677 -0.3829268 1.790438
-0.4671791 -0.7407628 1.916288
0.0732263 -0.7224808 1.856482
-0.4579424 -0.7844876 1.806067
0.07316113 -0.7658154 1.745478
9
0.008673065 -0.2049663 2.026195
-0.06099926 -0.2220213 1.992568
0.07800242 -0.1805473 1.986309
-0.2924321 -0.4231404 1.926317
0.242649 -0.3868525 1.787439
-0.4667572 -0.7413613 1.916075
0.07722721 -0.7338852 1.855589
-0.4578036 -0.785058 1.80594
0.07681601 -0.7770197 1.744742
9
0.008673065 -0.2049663 2.026195
-0.06099926 -0.2220213 1.992568
0.07800242 -0.1805473 1.986309
-0.2924321 -0.4231404 1.926317
0.242649 -0.3868525 1.787439
-0.4667572 -0.7413613 1.916075
0.07722721 -0.7338852 1.855589
-0.4578036 -0.785058 1.80594
0.07681601 -0.7770197 1.744742
9
0.008673065 -0.2049663 2.026195
-0.06099926 -0.2220213 1.992568
0.07800242 -0.1805473 1.986309
-0.2924321 -0.4231404 1.926317
0.242649 -0.3868525 1.787439
-0.4667572 -0.7413613 1.916075
0.07722721 -0.7338852 1.855589
-0.4578036 -0.785058 1.80594
0.07681601 -0.7770197 1.744742
9
0.008673065 -0.2049663 2.026195
-0.06099926 -0.2220213 1.992568
0.07800242 -0.1805473 1.986309
-0.2924321 -0.4231404 1.926317
0.242649 -0.3868525 1.787439
-0.4667572 -0.7413613 1.916075
0.07722721 -0.7338852 1.855589
-0.4578036 -0.785058 1.80594
0.07681601 -0.7770197 1.744742
9
0.01479414 -0.2132383 2.025699
-0.05489339 -0.2306015 1.992839
0.08396633 -0.1882283 1.985101
-0.2932492 -0.4239096 1.926006
0.2515236 -0.3913742 1.785022
-0.4668502 -0.7436309 1.915949
0.0820083 -0.7291331 1.853845
-0.4579066 -0.7873232 1.805924
0.08149973 -0.7723623 1.743073
9
0.01479414 -0.2132383 2.025699
-0.05489339 -0.2306015 1.992839
0.08396633 -0.1882283 1.985101
-0.2932492 -0.4239096 1.926006
0.2515236 -0.3913742 1.785022
-0.4668502 -0.7436309 1.915949
0.0820083 -0.7291331 1.853845
-0.4579066 -0.7873232 1.805924
0.08149973 -0.7723623 1.743073
9
0.01851745 -0.2181626 2.025918
-0.05057116 -0.2358635 1.993223
0.08699825 -0.1926137 1.985184
-0.2927211 -0.4247822 1.925389
0.2555853 -0.3933853 1.782896
-0.4668622 -0.7443359 1.915896
0.08518048 -0.7266473 1.852416
-0.4583177 -0.788103 1.805957
0.08421437 -0.7699931 1.741718
9
0.01851745 -0.2181626 2.025918
-0.05057116 -0.2358635 1.993223
0.08699825 -0.1926137 1.985184
-0.2927211 -0.4247822 1.925389
0.2555853 -0.3933853 1.782896
-0.4668622 -0.7443359 1.915896
0.08518048 -0.7266473 1.852416
-0.4583177 -0.788103 1.805957
0.08421437 -0.7699931 1.741718
9
0.02060001 -0.2215685 2.025386
-0.04868863 -0.2391805 1.992716
0.0891869 -0.1959505 1.984632
-0.2929012 -0.4258393 1.924792
0.259942 -0.3940765 1.78103
-0.4653076 -0.7441307 1.916009
0.08767845 -0.7239267 1.850587
-0.4569036 -0.787905 1.806077
0.08655003 -0.7673103 1.739891
9
0.02060001 -0.2215685 2.025386
-0.04868863 -0.2391805 1.992716
0.0891869 -0.1959505 1.984632
-0.2929012 -0.4258393 1.924792
0.259942 -0.3940765 1.78103
-0.4653076 -0.7441307 1.916009
0.08767845 -0.7239267 1.850587
-0.4569036 -0.787905 1.806077
0.08655003 -0.7673103 1.739891
9
0.02219164 -0.2232468 2.024742
-0.04719727 -0.2408911 1.992357
0.090839 -0.1975446 1.983685
-0.2926755 -0.4263097 1.924742
0.2621425 -0.395535 1.780157
-0.4650714 -0.7441332 1.915906
0.08827724 -0.723559 1.850119
-0.4569679 -0.7879145 1.805987
0.08684058 -0.7669536 1.739437
9
0.02219164 -0.2232468 2.024742
-0.04719727 -0.2408911 1.992357
0.090839 -0.1975446 1.983685
-0.2926755 -0.4263097 1.924742
0.2621425 -0.395535 1.780157
-0.4650714 -0.7441332 1.915906
0.08827724 -0.723559 1.850119
-0.4569679 -0.7879145 1.805987
0.08684058 -0.7669536 1.739437
