40
9
-0.04657824 -0.1866616 2.198991
-0.1189653 -0.182722 2.153144
0.02783163 -0.1845102 2.167876
-0.3407353 -0.4267284 2.01675
0.2480204 -0.4092197 1.986668
-0.5673335 -0.7656311 2.030314
0.2082548 -0.8138877 2.024047
-0.5420868 -0.802739 1.925401
0.2204265 -0.8498676 1.918445
9
-0.04657824 -0.1866616 2.198991
-0.1189653 -0.182722 2.153144
0.02783163 -0.1845102 2.167876
-0.3407353 -0.4267284 2.01675
0.2480204 -0.4092197 1.986668
-0.5673335 -0.7656311 2.030314
0.2082548 -0.8138877 2.024047
-0.5420868 -0.802739 1.925401
0.2204265 -0.8498676 1.918445
9
-0.02201525 -0.2003281 2.201582
-0.09491961 -0.1961154 2.157086
0.05145656 -0.1975057 2.16922
-0.3409975 -0.4154815 2.019517
0.2699394 -0.4162207 1.977353
-0.570416 -0.752717 2.031478
0.2158771 -0.8191643 2.015682
-0.5450019 -0.7905162 1.926878
0.2280145 -0.8555109 1.910515
9
-0.02201525 -0.2003281 2.201582
-0.09491961 -0.1961154 2.157086
0.05145656 -0.1975057 2.16922
-0.3409975 -0.4154815 2.019517
0.2699394 -0.4162207 1.977353
-0.570416 -0.752717 2.031478
0.2158771 -0.8191643 2.015682
-0.5450019 -0.7905162 1.926878
0.2280145 -0.8555109 1.910515
9
-0.005600164 -0.2101643 2.202975
-0.07914594 -0.2058422 2.158394
0.06815421 -0.2071997 2.170764
-0.3305607 -0.4203877 2.023309
0.2859419 -0.4208133 1.97147
-0.5661156 -0.7536119 2.032479
0.2187331 -0.8216013 2.011634
-0.5414113 -0.7918589 1.928056
0.2301799 -0.8583518 1.906689
9
-0.005600164 -0.2101643 2.202975
-0.07914594 -0.2058422 2.158394
0.06815421 -0.2071997 2.170764
-0.3305607 -0.4203877 2.023309
0.2859419 -0.4208133 1.97147
-0.5661156 -0.7536119 2.032479
0.2187331 -0.8216013 2.011634
-0.5414113 -0.7918589 1.928056
0.2301799 -0.8583518 1.906689
9
0.01395442 -0.2208993 2.204125
-0.05876241 -0.2177587 2.160164
0.08620965 -0.2164335 2.171378
-0.3008267 -0.4486549 2.040958
0.3027966 -0.4277421 1.968123
-0.5493531 -0.7722862 2.049762
0.2214223 -0.8258654 2.009101
-0.5249053 -0.8106969 1.945615
0.2329195 -0.8629139 1.904485
9
0.01395442 -0.2208993 2.204125
-0.05876241 -0.2177587 2.160164
0.08620965 -0.2164335 2.171378
-0.3008267 -0.4486549 2.040958
0.3027966 -0.4277421 1.968123
-0.5493531 -0.7722862 2.049762
0.2214223 -0.8258654 2.009101
-0.5249053 -0.8106969 1.945615
0.2329195 -0.8629139 1.904485
9
0.02379468 -0.226425 2.206321
-0.05011556 -0.2226508 2.162505
0.09691411 -0.2223843 2.173403
-0.2969149 -0.4485369 2.043101
0.3138301 -0.4315725 1.968292
-0.5468242 -0.7711898 2.051146
0.1628367 -0.7621469 2.054983
-0.5228122 -0.8102577 1.947365
0.1725308 -0.822919 2.0167
9
0.02379468 -0.226425 2.206321
-0.05011556 -0.2226508 2.162505
0.09691411 -0.2223843 2.173403
-0.2969149 -0.4485369 2.043101
0.3138301 -0.4315725 1.968292
-0.5468242 -0.7711898 2.051146
0.1628367 -0.7621469 2.054983
-0.5228122 -0.8102577 1.947365
0.1725308 -0.822919 2.0167
9
0.03762316 -0.233953 2.20848
-0.03626247 -0.2301254 2.165255
0.1101921 -0.2296725 2.17502
-0.291338 -0.4476019 2.047907
0.3254998 -0.4363176 1.965195
-0.5428147 -0.7692102 2.05423
0.1640354 -0.7621321 2.054933
-0.5191474 -0.8089253 1.950814
0.1721882 -0.8231485 2.016718
9
0.03762316 -0.233953 2.20848
-0.03626247 -0.2301254 2.165255
0.1101921 -0.2296725 2.17502
-0.291338 -0.4476019 2.047907
0.3254998 -0.4363176 1.965195
-0.5428147 -0.7692102 2.05423
0.1640354 -0.7621321 2.054933
-0.5191474 -0.8089253 1.950814
0.1721882 -0.8231485 2.016718
9
0.04658209 -0.2392157 2.210025
-0.02720673 -0.2351804 2.167154
0.1187509 -0.234962 2.176243
-0.2856999 -0.4494003 2.051791
0.3352313 -0.4385818 1.964597
-0.5391101 -0.7696232 2.056534
0.1684114 -0.7600892 2.053625
-0.5159048 -0.809832 1.953394
0.1700079 -0.8218461 2.016725
9
0.04658209 -0.2392157 2.210025
-0.02720673 -0.2351804 2.167154
0.1187509 -0.234962 2.176243
-0.2856999 -0.4494003 2.051791
0.3352313 -0.4385818 1.964597
-0.5391101 -0.7696232 2.056534
0.1684114 -0.7600892 2.053625
-0.5159048 -0.809832 1.953394
0.1700079 -0.8218461 2.016725
9
0.05287031 -0.2432797 2.210649
-0.02138299 -0.2388931 2.167658
0.1252864 -0.2392448 2.177007
-0.2808561 -0.4526329 2.054288
0.343 -0.4406338 1.964556
-0.536634 -0.7711036 2.057096
0.1730019 -0.7576593 2.052053
-0.5135686 -0.8115849 1.954161
0.16924 -0.8195968 2.016962
9
0.05287031 -0.2432797 2.210649
-0.02138299 -0.2388931 2.167658
0.1252864 -0.2392448 2.177007
-0.2808561 -0.4526329 2.054288
0.343 -0.4406338 1.964556
-0.536634 -0.7711036 2.057096
0.1730019 -0.7576593 2.052053
-0.5135686 -0.8115849 1.954161
0.16924 -0.8195968 2.016962
9
0.05764937 -0.2467403 2.211552
-0.01673576 -0.2420675 2.168614
0.1300251 -0.2428764 2.17787
-0.2782482 -0.4533888 2.055296
0.3511071 -0.4397213 1.964634
-0.5352252 -0.7709429 2.05751
0.1753652 -0.7567597 2.051766
-0.5123211 -0.8115544 1.954638
0.1690577 -0.8186393 2.017217
9
0.05764937 -0.2467403 2.211552
-0.01673576 -0.2420675 2.168614
0.1300251 -0.2428764 2.17787
-0.2782482 -0.4533888 2.055296
0.3511071 -0.4397213 1.964634
-0.5352252 -0.7709429 2.05751
0.1753652 -0.7567597 2.051766
-0.5123211 -0.8115544 1.954638
0.1690577 -0.8186393 2.017217
9
0.06198182 -0.2492047 2.212318
-0.01292729 -0.2442432 2.169167
0.1347545 -0.245558 2.178879
-0.2762377 -0.4534383 2.056013
0.3553364 -0.4406437 1.963227
-0.5335106 -0.7708127 2.057449
0.177315 -0.7562267 2.051163
-0.5935805 -0.8106205 1.989548
0.1682997 -0.8179436 2.016856
9
0.06198182 -0.2492047 2.212318
-0.01292729 -0.2442432 2.169167
0.1347545 -0.245558 2.178879
-0.2762377 -0.4534383 2.056013
0.3553364 -0.4406437 1.963227
-0.5335106 -0.7708127 2.057449
0.177315 -0.7562267 2.051163
-0.5935805 -0.8106205 1.989548
0.1682997 -0.8179436 2.016856
9
0.06412875 -0.2501261 2.212667
-0.01098083 -0.2449679 2.169581
0.1370283 -0.2466549 2.179156
-0.2743863 -0.4539219 2.056046
0.3585327 -0.4399821 1.962814
-0.5318476 -0.7712102 2.056471
0.1796308 -0.7541885 2.050075
-0.594123 -0.8106052 1.987458
0.1682196 -0.8156844 2.016888
9
0.06412875 -0.2501261 2.212667
-0.01098083 -0.2449679 2.169581
0.1370283 -0.2466549 2.179156
-0.2743863 -0.4539219 2.056046
0.3585327 -0.4399821 1.962814
-0.5318476 -0.7712102 2.056471
0.1796308 -0.7541885 2.050075
-0.594123 -0.8106052 1.987458
0.1682196 -0.8156844 2.016888
9
0.06445197 -0.250277 2.212804
-0.01071477 -0.2449933 2.169662
0.1374191 -0.2469755 2.179373
-0.2733004 -0.4548715 2.055944
0.359781 -0.4392719 1.96302
-0.531028 -0.7719598 2.056073
0.1798839 -0.7552165 2.050466
-0.5947458 -0.8108289 1.984566
0.1676965 -0.8166116 2.017161
9
0.06445197 -0.250277 2.212804
-0.01071477 -0.2449933 2.169662
0.1374191 -0.2469755 2.179373
-0.2733004 -0.4548715 2.055944
0.359781 -0.4392719 1.96302
-0.531028 -0.7719598 2.056073
0.1798839 -0.7552165 2.050466
-0.5947458 -0.8108289 1.984566
0.1676965 -0.8166116 2.017161
9
0.06471448 -0.2502393 2.212821
-0.0104082 -0.2448914 2.169594
0.1376561 -0.2469862 2.179462
-0.2729078 -0.4548756 2.055822
0.360175 -0.4390897 1.96309
-0.5306622 -0.7719766 2.05536
0.1804565 -0.7546294 2.050254
-0.5955713 -0.8110259 1.980634
0.1680784 -0.8160296 2.015813
9
0.06471448 -0.2502393 2.212821
-0.0104082 -0.2448914 2.169594
0.1376561 -0.2469862 2.179462
-0.2729078 -0.4548756 2.055822
0.360175 -0.4390897 1.96309
-0.5306622 -0.7719766 2.05536
0.1804565 -0.7546294 2.050254
-0.5955713 -0.8110259 1.980634
0.1680784 -0.8160296 2.015813
9
0.06489651 -0.249332 2.213419
-0.01030833 -0.2436903 2.170091
0.1379018 -0.2463199 2.180172
-0.271935 -0.4544546 2.055471
0.3603811 -0.4382279 1.963562
-0.5293773 -0.7718203 2.054981
0.1801834 -0.7549754 2.050499
-0.5958064 -0.8110713 1.980976
0.1679193 -0.8163818 2.014365
9
0.06489651 -0.249332 2.213419
-0.01030833 -0.2436903 2.170091
0.1379018 -0.2463199 2.180172
-0.271935 -0.4544546 2.055471
0.3603811 -0.4382279 1.963562
-0.5293773 -0.7718203 2.054981
0.1801834 -0.7549754 2.050499
-0.5958064 -0.8110713 1.980976
0.1679193 -0.8163818 2.014365
9
0.0637313 -0.2478064 2.21371
-0.01157694 -0.2418991 2.170269
0.1368523 -0.2450799 2.180548
-0.2714981 -0.45452 2.054984
0.3587465 -0.4380392 1.96429
-0.5287071 -0.7720683 2.054658
0.1801464 -0.754966 2.050507
-0.5954952 -0.8108878 1.98163
0.1680461 -0.8163917 2.014316
9
0.0637313 -0.2478064 2.21371
-0.01157694 -0.2418991 2.170269
0.1368523 -0.2450799 2.180548
-0.2714981 -0.45452 2.054984
0.3587465 -0.4380392 1.96429
-0.5287071 -0.7720683 2.054658
0.1801464 -0.754966 2.050507
-0.5954952 -0.8108878 1.98163
0.1680461 -0.8163917 2.014316
9
0.06047371 -0.2434533 2.214175
-0.01509375 -0.2369671 2.170363
0.133924 -0.2414072 2.181315
-0.2704902 -0.4547661 2.054568
0.3553745 -0.4357569 1.965875
-0.527144 -0.77276 2.054376
0.1800307 -0.755219 2.050685
-0.5951365 -0.8106653 1.981423
0.1680406 -0.8166512 2.014263
9
0.06047371 -0.2434533 2.214175
-0.01509375 -0.2369671 2.170363
0.133924 -0.2414072 2.181315
-0.2704902 -0.4547661 2.054568
0.3553745 -0.4357569 1.965875
-0.527144 -0.77276 2.054376
0.1800307 -0.755219 2.050685
-0.5951365 -0.8106653 1.981423
0.1680406 -0.8166512 2.014263
9
0.05515818 -0.2384008 2.213985
-0.02027318 -0.2317512 2.170109
0.1286729 -0.2367377 2.181176
-0.2715477 -0.4539905 2.053605
0.3506484 -0.4340173 1.969478
-0.5264791 -0.7733332 2.05396
0.17938 -0.7556077 2.051226
-0.593744 -0.8100286 1.981954
0.1679216 -0.8170825 2.014135
9
0.05515818 -0.2384008 2.213985
-0.02027318 -0.2317512 2.170109
0.1286729 -0.2367377 2.181176
-0.2715477 -0.4539905 2.053605
0.3506484 -0.4340173 1.969478
-0.5264791 -0.7733332 2.05396
0.17938 -0.7556077 2.051226
-0.593744 -0.8100286 1.981954
0.1679216 -0.8170825 2.014135
9
0.04638917 -0.2323868 2.212024
-0.02854953 -0.2263636 2.167759
0.1196833 -0.2302927 2.179602
-0.2841522 -0.4463109 2.059741
0.3442053 -0.4298074 1.973502
-0.5311816 -0.7719721 2.055756
0.1783888 -0.7556053 2.052102
-0.5969058 -0.8122219 1.978027
0.1675759 -0.8171151 2.013896
9
0.04638917 -0.2323868 2.212024
-0.02854953 -0.2263636 2.167759
0.1196833 -0.2302927 2.179602
-0.2841522 -0.4463109 2.059741
0.3442053 -0.4298074 1.973502
-0.5311816 -0.7719721 2.055756
0.1783888 -0.7556053 2.052102
-0.5969058 -0.8122219 1.978027
0.1675759 -0.8171151 2.013896
9
0.03363739 -0.2235834 2.212709
-0.04193126 -0.2172656 2.168057
0.1079933 -0.2221153 2.180606
-0.2881986 -0.4473307 2.059866
0.3325449 -0.4263284 1.979867
-0.5315255 -0.7757217 2.056057
0.1764037 -0.7559143 2.053052
-0.5980088 -0.8131329 1.978009
0.1678546 -0.8175673 2.013711
9
0.03363739 -0.2235834 2.212709
-0.04193126 -0.2172656 2.168057
0.1079933 -0.2221153 2.180606
-0.2881986 -0.4473307 2.059866
0.3325449 -0.4263284 1.979867
-0.5315255 -0.7757217 2.056057
0.1764037 -0.7559143 2.053052
-0.5980088 -0.8131329 1.978009
0.1678546 -0.8175673 2.013711
9
0.02240859 -0.216443 2.212625
-0.05259954 -0.2104937 2.167733
0.09661139 -0.2148704 2.180751
-0.2942788 -0.4454715 2.060342
0.3201423 -0.4242948 1.984916
-0.5329235 -0.7772474 2.056717
0.1733129 -0.7566696 2.055774
-0.6031226 -0.8158194 1.987429
0.1679387 -0.8183185 2.014044
9
0.02240859 -0.216443 2.212625
-0.05259954 -0.2104937 2.167733
0.09661139 -0.2148704 2.180751
-0.2942788 -0.4454715 2.060342
0.3201423 -0.4242948 1.984916
-0.5329235 -0.7772474 2.056717
0.1733129 -0.7566696 2.055774
-0.6031226 -0.8158194 1.987429
0.1679387 -0.8183185 2.014044
