40
9
-0.2176826 -0.1580365 2.113664
-0.2842866 -0.1602129 2.069146
-0.1431018 -0.15026 2.081681
-0.499457 -0.4149806 1.969041
0.1053218 -0.3756786 1.959657
-0.6698022 -0.7335439 1.97121
0.1274727 -0.7892559 1.989096
-0.6406563 -0.7679043 1.864941
0.07302798 -0.8285869 1.963122
9
-0.1947452 -0.1694327 2.112831
-0.263199 -0.1705231 2.067869
-0.1192318 -0.1622325 2.08124
-0.4844468 -0.4197374 1.965911
0.1293685 -0.3827594 1.948852
-0.7007416 -0.773335 1.962109
0.1364355 -0.7963803 1.982176
-0.7309842 -0.8132264 1.896477
0.07285164 -0.8224376 1.9642
9
-0.1947452 -0.1694327 2.112831
-0.263199 -0.1705231 2.067869
-0.1192318 -0.1622325 2.08124
-0.4844468 -0.4197374 1.965911
0.1293685 -0.3827594 1.948852
-0.7007416 -0.773335 1.962109
0.1364355 -0.7963803 1.982176
-0.7309842 -0.8132264 1.896477
0.07285164 -0.8224376 1.9642
9
-0.1751433 -0.1802041 2.111615
-0.244596 -0.181304 2.066121
-0.09931167 -0.1725793 2.080503
-0.4700888 -0.4259548 1.960666
0.1510617 -0.3870737 1.94025
-0.6986741 -0.7716838 1.957145
0.1393519 -0.8000695 1.977834
-0.6702869 -0.8056294 1.851127
0.07395835 -0.8207012 1.964564
9
-0.1751433 -0.1802041 2.111615
-0.244596 -0.181304 2.066121
-0.09931167 -0.1725793 2.080503
-0.4700888 -0.4259548 1.960666
0.1510617 -0.3870737 1.94025
-0.6986741 -0.7716838 1.957145
0.1393519 -0.8000695 1.977834
-0.6702869 -0.8056294 1.851127
0.07395835 -0.8207012 1.964564
9
-0.1552573 -0.1908341 2.11108
-0.2246483 -0.1928005 2.065254
-0.08021565 -0.1819819 2.080251
-0.4595144 -0.4276482 1.95621
0.1705498 -0.3911541 1.931223
-0.6951252 -0.7686498 1.952577
0.1394125 -0.8022482 1.975478
-0.6669821 -0.802806 1.846642
0.07385903 -0.8199378 1.965882
9
-0.1552573 -0.1908341 2.11108
-0.2246483 -0.1928005 2.065254
-0.08021565 -0.1819819 2.080251
-0.4595144 -0.4276482 1.95621
0.1705498 -0.3911541 1.931223
-0.6951252 -0.7686498 1.952577
0.1394125 -0.8022482 1.975478
-0.6669821 -0.802806 1.846642
0.07385903 -0.8199378 1.965882
9
-0.1379862 -0.2018348 2.112617
-0.2089961 -0.2027311 2.067431
-0.06190832 -0.193671 2.081085
-0.4463752 -0.4327537 1.950215
0.1906162 -0.3950265 1.922785
-0.6907114 -0.7675558 1.946745
0.1436281 -0.8043717 1.969054
-0.7333211 -0.8075266 1.881318
0.07870851 -0.8167963 1.966366
9
-0.1379862 -0.2018348 2.112617
-0.2089961 -0.2027311 2.067431
-0.06190832 -0.193671 2.081085
-0.4463752 -0.4327537 1.950215
0.1906162 -0.3950265 1.922785
-0.6907114 -0.7675558 1.946745
0.1436281 -0.8043717 1.969054
-0.7333211 -0.8075266 1.881318
0.07870851 -0.8167963 1.966366
9
-0.1220863 -0.212176 2.113048
-0.1916749 -0.2136974 2.068594
-0.04797626 -0.2029975 2.080887
-0.4365208 -0.4352756 1.94935
0.205668 -0.3998666 1.91823
-0.6874933 -0.7652122 1.94448
0.1460373 -0.8072888 1.966531
-0.6596749 -0.800101 1.838949
0.08033314 -0.8149217 1.965933
9
-0.1220863 -0.212176 2.113048
-0.1916749 -0.2136974 2.068594
-0.04797626 -0.2029975 2.080887
-0.4365208 -0.4352756 1.94935
0.205668 -0.3998666 1.91823
-0.6874933 -0.7652122 1.94448
0.1460373 -0.8072888 1.966531
-0.6596749 -0.800101 1.838949
0.08033314 -0.8149217 1.965933
9
-0.1085418 -0.2192053 2.114614
-0.1793319 -0.2200108 2.070961
-0.0337365 -0.2104986 2.081568
-0.4261109 -0.4379506 1.947055
0.2193048 -0.4042203 1.913529
-0.68058 -0.7652851 1.940902
0.1486868 -0.8096747 1.963429
-0.6532045 -0.800594 1.835577
0.08290496 -0.8133374 1.965023
9
-0.1085418 -0.2192053 2.114614
-0.1793319 -0.2200108 2.070961
-0.0337365 -0.2104986 2.081568
-0.4261109 -0.4379506 1.947055
0.2193048 -0.4042203 1.913529
-0.68058 -0.7652851 1.940902
0.1486868 -0.8096747 1.963429
-0.6532045 -0.800594 1.835577
0.08290496 -0.8133374 1.965023
9
-0.1085418 -0.2192053 2.114614
-0.1793319 -0.2200108 2.070961
-0.0337365 -0.2104986 2.081568
-0.4261109 -0.4379506 1.947055
0.2193048 -0.4042203 1.913529
-0.68058 -0.7652851 1.940902
0.1486868 -0.8096747 1.963429
-0.6532045 -0.800594 1.835577
0.08290496 -0.8133374 1.965023
9
-0.1085418 -0.2192053 2.114614
-0.1793319 -0.2200108 2.070961
-0.0337365 -0.2104986 2.081568
-0.4261109 -0.4379506 1.947055
0.2193048 -0.4042203 1.913529
-0.68058 -0.7652851 1.940902
0.1486868 -0.8096747 1.963429
-0.6532045 -0.800594 1.835577
0.08290496 -0.8133374 1.965023
9
-0.08334911 -0.2358263 2.115845
-0.1558286 -0.2356012 2.072384
-0.007864045 -0.2274985 2.082644
-0.4108877 -0.4415075 1.941967
0.243019 -0.4153401 1.903508
-0.6677072 -0.7670807 1.935606
0.08533557 -0.7633254 1.994516
-0.6416308 -0.8030055 1.830485
0.1034493 -0.8220804 1.953838
9
-0.08334911 -0.2358263 2.115845
-0.1558286 -0.2356012 2.072384
-0.007864045 -0.2274985 2.082644
-0.4108877 -0.4415075 1.941967
0.243019 -0.4153401 1.903508
-0.6677072 -0.7670807 1.935606
0.08533557 -0.7633254 1.994516
-0.6416308 -0.8030055 1.830485
0.1034493 -0.8220804 1.953838
9
-0.07597239 -0.2411704 2.115566
-0.1482608 -0.2412015 2.07203
-0.0009313148 -0.2324123 2.082456
-0.4059708 -0.4426291 1.938718
0.2500399 -0.4172016 1.899775
-0.6674427 -0.7645477 1.930805
0.08610971 -0.7648125 1.994061
-0.6415931 -0.8005247 1.825664
0.1026755 -0.8236465 1.950383
9
-0.07597239 -0.2411704 2.115566
-0.1482608 -0.2412015 2.07203
-0.0009313148 -0.2324123 2.082456
-0.4059708 -0.4426291 1.938718
0.2500399 -0.4172016 1.899775
-0.6674427 -0.7645477 1.930805
0.08610971 -0.7648125 1.994061
-0.6415931 -0.8005247 1.825664
0.1026755 -0.8236465 1.950383
9
-0.06965701 -0.2460329 2.115117
-0.1421949 -0.2455752 2.072159
0.005438028 -0.2376264 2.081417
-0.4018346 -0.4435932 1.936644
0.256723 -0.4198606 1.896339
-0.6646905 -0.7643862 1.929282
0.08658592 -0.766382 1.992631
-0.6395419 -0.8004666 1.824081
0.1042575 -0.8250153 1.950034
9
-0.06965701 -0.2460329 2.115117
-0.1421949 -0.2455752 2.072159
0.005438028 -0.2376264 2.081417
-0.4018346 -0.4435932 1.936644
0.256723 -0.4198606 1.896339
-0.6646905 -0.7643862 1.929282
0.08658592 -0.766382 1.992631
-0.6395419 -0.8004666 1.824081
0.1042575 -0.8250153 1.950034
9
-0.06457733 -0.2500397 2.115086
-0.1372892 -0.2493719 2.072229
0.01047833 -0.2416726 2.081309
-0.3974411 -0.4455747 1.934199
0.2605847 -0.4224292 1.892682
-0.662195 -0.764752 1.928676
0.08657903 -0.7676956 1.992211
-0.6376661 -0.8009546 1.823452
0.1042459 -0.8262504 1.949094
9
-0.06457733 -0.2500397 2.115086
-0.1372892 -0.2493719 2.072229
0.01047833 -0.2416726 2.081309
-0.3974411 -0.4455747 1.934199
0.2605847 -0.4224292 1.892682
-0.662195 -0.764752 1.928676
0.08657903 -0.7676956 1.992211
-0.6376661 -0.8009546 1.823452
0.1042459 -0.8262504 1.949094
9
-0.06026908 -0.2532705 2.11484
-0.1333176 -0.252161 2.072515
0.01501515 -0.2452772 2.080496
-0.3949619 -0.4459722 1.933556
0.2649946 -0.4240091 1.889456
-0.6606784 -0.7643574 1.928185
0.0868061 -0.7683389 1.991826
-0.636694 -0.8005968 1.822886
0.1064777 -0.8262666 1.948284
9
-0.06026908 -0.2532705 2.11484
-0.1333176 -0.252161 2.072515
0.01501515 -0.2452772 2.080496
-0.3949619 -0.4459722 1.933556
0.2649946 -0.4240091 1.889456
-0.6606784 -0.7643574 1.928185
0.0868061 -0.7683389 1.991826
-0.636694 -0.8005968 1.822886
0.1064777 -0.8262666 1.948284
9
-0.05654733 -0.2561948 2.114453
-0.129403 -0.2550748 2.072336
0.01838917 -0.2480746 2.079943
-0.3931654 -0.4461842 1.933618
0.2680717 -0.4255404 1.887113
-0.6589667 -0.7645136 1.928163
0.08771726 -0.7681956 1.990928
-0.6355208 -0.8007343 1.822761
0.1082064 -0.8258986 1.947652
9
-0.05654733 -0.2561948 2.114453
-0.129403 -0.2550748 2.072336
0.01838917 -0.2480746 2.079943
-0.3931654 -0.4461842 1.933618
0.2680717 -0.4255404 1.887113
-0.6589667 -0.7645136 1.928163
0.08771726 -0.7681956 1.990928
-0.6355208 -0.8007343 1.822761
0.1082064 -0.8258986 1.947652
9
-0.05435459 -0.2577667 2.114339
-0.1271574 -0.256613 2.072311
0.02043648 -0.2496089 2.079758
-0.3919437 -0.4463095 1.933543
0.2700934 -0.4257603 1.885478
-0.6574808 -0.7648553 1.928407
0.08806334 -0.7685639 1.990154
-0.6342827 -0.8010609 1.822956
0.1082602 -0.8260624 1.944725
9
-0.05435459 -0.2577667 2.114339
-0.1271574 -0.256613 2.072311
0.02043648 -0.2496089 2.079758
-0.3919437 -0.4463095 1.933543
0.2700934 -0.4257603 1.885478
-0.6574808 -0.7648553 1.928407
0.08806334 -0.7685639 1.990154
-0.6342827 -0.8010609 1.822956
0.1082602 -0.8260624 1.944725
9
-0.05328329 -0.2582465 2.114312
-0.1261082 -0.2570774 2.072288
0.02148298 -0.2500813 2.079731
-0.3908395 -0.4468557 1.933492
0.2707071 -0.4262165 1.884785
-0.6563579 -0.7654178 1.92842
0.08835778 -0.7688135 1.989732
-0.6334021 -0.8015956 1.822918
0.1079648 -0.8263808 1.943635
9
-0.05328329 -0.2582465 2.114312
-0.1261082 -0.2570774 2.072288
0.02148298 -0.2500813 2.079731
-0.3908395 -0.4468557 1.933492
0.2707071 -0.4262165 1.884785
-0.6563579 -0.7654178 1.92842
0.08835778 -0.7688135 1.989732
-0.6334021 -0.8015956 1.822918
0.1079648 -0.8263808 1.943635
9
-0.05312416 -0.2582123 2.114259
-0.1260033 -0.2570399 2.072266
0.02170217 -0.2500538 2.07964
-0.3905809 -0.4468275 1.933056
0.2708704 -0.4261202 1.884529
-0.6576359 -0.7642218 1.924565
0.0887512 -0.7684895 1.989333
-0.6347796 -0.8003762 1.819039
0.1088613 -0.8259217 1.943338
9
-0.05312416 -0.2582123 2.114259
-0.1260033 -0.2570399 2.072266
0.02170217 -0.2500538 2.07964
-0.3905809 -0.4468275 1.933056
0.2708704 -0.4261202 1.884529
-0.6576359 -0.7642218 1.924565
0.0887512 -0.7684895 1.989333
-0.6347796 -0.8003762 1.819039
0.1088613 -0.8259217 1.943338
9
-0.05312416 -0.2582123 2.114259
-0.1260033 -0.2570399 2.072266
0.02170217 -0.2500538 2.07964
-0.3905809 -0.4468275 1.933056
0.2708704 -0.4261202 1.884529
-0.6576359 -0.7642218 1.924565
0.0887512 -0.7684895 1.989333
-0.6347796 -0.8003762 1.819039
0.1088613 -0.8259217 1.943338
9
-0.05312416 -0.2582123 2.114259
-0.1260033 -0.2570399 2.072266
0.02170217 -0.2500538 2.07964
-0.3905809 -0.4468275 1.933056
0.2708704 -0.4261202 1.884529
-0.6576359 -0.7642218 1.924565
0.0887512 -0.7684895 1.989333
-0.6347796 -0.8003762 1.819039
0.1088613 -0.8259217 1.943338
9
-0.05312416 -0.2582123 2.114259
-0.1260033 -0.2570399 2.072266
0.02170217 -0.2500538 2.07964
-0.3905809 -0.4468275 1.933056
0.2708704 -0.4261202 1.884529
-0.6576359 -0.7642218 1.924565
0.0887512 -0.7684895 1.989333
-0.6347796 -0.8003762 1.819039
0.1088613 -0.8259217 1.943338
9
-0.05444049 -0.2569892 2.113823
-0.127353 -0.2557451 2.071906
0.02045406 -0.2489309 2.07913
-0.3910269 -0.4470504 1.933232
0.2700959 -0.4246227 1.884239
-0.6571987 -0.7651511 1.925714
0.08876223 -0.7684741 1.989301
-0.6344239 -0.8011461 1.820073
0.1081596 -0.826028 1.942725
9
-0.05864493 -0.2543085 2.113119
-0.1315897 -0.2529225 2.071021
0.01642168 -0.246472 2.078598
-0.3932814 -0.4475913 1.933819
0.2669755 -0.4217822 1.884482
-0.657771 -0.7670469 1.927026
0.1537084 -0.8148923 1.949482
-0.6355992 -0.8027735 1.821132
0.08870301 -0.8128917 1.954795
9
-0.05864493 -0.2543085 2.113119
-0.1315897 -0.2529225 2.071021
0.01642168 -0.246472 2.078598
-0.3932814 -0.4475913 1.933819
0.2669755 -0.4217822 1.884482
-0.657771 -0.7670469 1.927026
0.1537084 -0.8148923 1.949482
-0.6355992 -0.8027735 1.821132
0.08870301 -0.8128917 1.954795
9
-0.05864493 -0.2543085 2.113119
-0.1315897 -0.2529225 2.071021
0.01642168 -0.246472 2.078598
-0.3932814 -0.4475913 1.933819
0.2669755 -0.4217822 1.884482
-0.657771 -0.7670469 1.927026
0.1537084 -0.8148923 1.949482
-0.6355992 -0.8027735 1.821132
0.08870301 -0.8128917 1.954795
