40
9
0.1284694 -0.2939137 2.315214
0.05535875 -0.2918528 2.259485
0.1973379 -0.2863092 2.294501
-0.1964745 -0.4410678 2.03876
0.4755833 -0.46727 2.180809
-0.4524136 -0.7442733 1.915622
0.2567882 -0.7700319 2.2172
-0.4160005 -0.7835164 1.81619
0.2701223 -0.83068 2.1766
9
0.1284694 -0.2939137 2.315214
0.05535875 -0.2918528 2.259485
0.1973379 -0.2863092 2.294501
-0.1964745 -0.4410678 2.03876
0.4755833 -0.46727 2.180809
-0.4524136 -0.7442733 1.915622
0.2567882 -0.7700319 2.2172
-0.4160005 -0.7835164 1.81619
0.2701223 -0.83068 2.1766
9
0.1284694 -0.2939137 2.315214
0.05535875 -0.2918528 2.259485
0.1973379 -0.2863092 2.294501
-0.1964745 -0.4410678 2.03876
0.4755833 -0.46727 2.180809
-0.4524136 -0.7442733 1.915622
0.2567882 -0.7700319 2.2172
-0.4160005 -0.7835164 1.81619
0.2701223 -0.83068 2.1766
9
0.1284694 -0.2939137 2.315214
0.05535875 -0.2918528 2.259485
0.1973379 -0.2863092 2.294501
-0.1964745 -0.4410678 2.03876
0.4755833 -0.46727 2.180809
-0.4524136 -0.7442733 1.915622
0.2567882 -0.7700319 2.2172
-0.4160005 -0.7835164 1.81619
0.2701223 -0.83068 2.1766
9
0.1363641 -0.3019318 2.320432
0.06289859 -0.2997426 2.265476
0.2053303 -0.2942218 2.299031
-0.1892506 -0.4489643 2.045181
0.4858271 -0.4705781 2.183429
-0.4483211 -0.7478275 1.917578
0.262484 -0.7660055 2.217113
-0.4133405 -0.7873359 1.817828
0.2685019 -0.828087 2.176754
9
0.1363641 -0.3019318 2.320432
0.06289859 -0.2997426 2.265476
0.2053303 -0.2942218 2.299031
-0.1892506 -0.4489643 2.045181
0.4858271 -0.4705781 2.183429
-0.4483211 -0.7478275 1.917578
0.262484 -0.7660055 2.217113
-0.4133405 -0.7873359 1.817828
0.2685019 -0.828087 2.176754
9
0.1363641 -0.3019318 2.320432
0.06289859 -0.2997426 2.265476
0.2053303 -0.2942218 2.299031
-0.1892506 -0.4489643 2.045181
0.4858271 -0.4705781 2.183429
-0.4483211 -0.7478275 1.917578
0.262484 -0.7660055 2.217113
-0.4133405 -0.7873359 1.817828
0.2685019 -0.828087 2.176754
9
0.1363641 -0.3019318 2.320432
0.06289859 -0.2997426 2.265476
0.2053303 -0.2942218 2.299031
-0.1892506 -0.4489643 2.045181
0.4858271 -0.4705781 2.183429
-0.4483211 -0.7478275 1.917578
0.262484 -0.7660055 2.217113
-0.4133405 -0.7873359 1.817828
0.2685019 -0.828087 2.176754
9
0.1395564 -0.3038696 2.322869
0.0662102 -0.3018309 2.268768
0.208321 -0.2959745 2.300741
-0.1860529 -0.4499534 2.047694
0.4897303 -0.470792 2.185197
-0.4410829 -0.75139 1.917792
0.2664589 -0.7627064 2.216442
-0.4064682 -0.7909351 1.818022
0.2677097 -0.825389 2.177054
9
0.1395564 -0.3038696 2.322869
0.0662102 -0.3018309 2.268768
0.208321 -0.2959745 2.300741
-0.1860529 -0.4499534 2.047694
0.4897303 -0.470792 2.185197
-0.4410829 -0.75139 1.917792
0.2664589 -0.7627064 2.216442
-0.4064682 -0.7909351 1.818022
0.2677097 -0.825389 2.177054
9
0.1405162 -0.3042027 2.324038
0.06697484 -0.3020579 2.270005
0.2094464 -0.2964039 2.301821
-0.1847805 -0.4505832 2.048519
0.4915074 -0.4706858 2.187506
-0.4389756 -0.7522188 1.91731
0.2670175 -0.762539 2.216497
-0.4047778 -0.7917886 1.817415
0.2702714 -0.825027 2.176672
9
0.1405162 -0.3042027 2.324038
0.06697484 -0.3020579 2.270005
0.2094464 -0.2964039 2.301821
-0.1847805 -0.4505832 2.048519
0.4915074 -0.4706858 2.187506
-0.4389756 -0.7522188 1.91731
0.2670175 -0.762539 2.216497
-0.4047778 -0.7917886 1.817415
0.2702714 -0.825027 2.176672
9
0.1408331 -0.3039273 2.324275
0.06733645 -0.3014935 2.27069
0.2097467 -0.2962812 2.301808
-0.1837111 -0.4506886 2.048738
0.4920873 -0.4706661 2.18877
-0.4369516 -0.7528966 1.916934
0.269567 -0.7600697 2.216108
-0.4031599 -0.7924434 1.816867
0.2693401 -0.8228543 2.17604
9
0.1408331 -0.3039273 2.324275
0.06733645 -0.3014935 2.27069
0.2097467 -0.2962812 2.301808
-0.1837111 -0.4506886 2.048738
0.4920873 -0.4706661 2.18877
-0.4369516 -0.7528966 1.916934
0.269567 -0.7600697 2.216108
-0.4031599 -0.7924434 1.816867
0.2693401 -0.8228543 2.17604
9
0.1406395 -0.3027632 2.324884
0.06690618 -0.3001743 2.271349
0.2097491 -0.2953205 2.302315
-0.1829781 -0.4506855 2.048923
0.4920676 -0.4701668 2.190337
-0.4353721 -0.7534514 1.916734
0.269808 -0.7603636 2.216656
-0.4020307 -0.7929806 1.816477
0.2690848 -0.8231504 2.17609
9
0.1406395 -0.3027632 2.324884
0.06690618 -0.3001743 2.271349
0.2097491 -0.2953205 2.302315
-0.1829781 -0.4506855 2.048923
0.4920676 -0.4701668 2.190337
-0.4353721 -0.7534514 1.916734
0.269808 -0.7603636 2.216656
-0.4020307 -0.7929806 1.816477
0.2690848 -0.8231504 2.17609
9
0.1389911 -0.299119 2.325195
0.06488715 -0.29618 2.271501
0.2084805 -0.292155 2.302678
-0.182531 -0.4503558 2.048847
0.4907179 -0.4678398 2.192275
-0.43446 -0.753133 1.915686
0.2698768 -0.7606251 2.216837
-0.4016727 -0.7924772 1.81506
0.2688264 -0.8234144 2.176007
9
0.1389911 -0.299119 2.325195
0.06488715 -0.29618 2.271501
0.2084805 -0.292155 2.302678
-0.182531 -0.4503558 2.048847
0.4907179 -0.4678398 2.192275
-0.43446 -0.753133 1.915686
0.2698768 -0.7606251 2.216837
-0.4016727 -0.7924772 1.81506
0.2688264 -0.8234144 2.176007
9
0.1351512 -0.2940494 2.323758
0.06126861 -0.2911035 2.270351
0.2045302 -0.287268 2.30086
-0.1832567 -0.4493449 2.047376
0.4861448 -0.4657452 2.194922
-0.4342428 -0.7531465 1.914827
0.2688139 -0.7618784 2.216855
-0.4017763 -0.7922572 1.813892
0.2690202 -0.8245696 2.175732
9
0.1351512 -0.2940494 2.323758
0.06126861 -0.2911035 2.270351
0.2045302 -0.287268 2.30086
-0.1832567 -0.4493449 2.047376
0.4861448 -0.4657452 2.194922
-0.4342428 -0.7531465 1.914827
0.2688139 -0.7618784 2.216855
-0.4017763 -0.7922572 1.813892
0.2690202 -0.8245696 2.175732
9
0.1295943 -0.2871126 2.321777
0.05602983 -0.2846162 2.268369
0.1988398 -0.2801241 2.298805
-0.1854616 -0.4480471 2.046004
0.4763834 -0.4663814 2.196855
-0.4344422 -0.7538942 1.914511
0.2676228 -0.7631855 2.217636
-0.4011808 -0.7925436 1.813521
0.2688006 -0.8257558 2.175941
9
0.1211815 -0.2787056 2.318448
0.04806706 -0.2762318 2.264764
0.1902392 -0.2719638 2.295678
-0.1923849 -0.4446238 2.045564
0.4641162 -0.4646659 2.196194
-0.4354768 -0.7557132 1.915606
0.2655336 -0.7660598 2.217963
-0.4018793 -0.7940529 1.814531
0.2689633 -0.8283005 2.175287
9
0.1211815 -0.2787056 2.318448
0.04806706 -0.2762318 2.264764
0.1902392 -0.2719638 2.295678
-0.1923849 -0.4446238 2.045564
0.4641162 -0.4646659 2.196194
-0.4354768 -0.7557132 1.915606
0.2655336 -0.7660598 2.217963
-0.4018793 -0.7940529 1.814531
0.2689633 -0.8283005 2.175287
9
0.1211815 -0.2787056 2.318448
0.04806706 -0.2762318 2.264764
0.1902392 -0.2719638 2.295678
-0.1923849 -0.4446238 2.045564
0.4641162 -0.4646659 2.196194
-0.4354768 -0.7557132 1.915606
0.2655336 -0.7660598 2.217963
-0.4018793 -0.7940529 1.814531
0.2689633 -0.8283005 2.175287
9
0.1211815 -0.2787056 2.318448
0.04806706 -0.2762318 2.264764
0.1902392 -0.2719638 2.295678
-0.1923849 -0.4446238 2.045564
0.4641162 -0.4646659 2.196194
-0.4354768 -0.7557132 1.915606
0.2655336 -0.7660598 2.217963
-0.4018793 -0.7940529 1.814531
0.2689633 -0.8283005 2.175287
9
0.1211815 -0.2787056 2.318448
0.04806706 -0.2762318 2.264764
0.1902392 -0.2719638 2.295678
-0.1923849 -0.4446238 2.045564
0.4641162 -0.4646659 2.196194
-0.4354768 -0.7557132 1.915606
0.2655336 -0.7660598 2.217963
-0.4018793 -0.7940529 1.814531
0.2689633 -0.8283005 2.175287
9
0.0971937 -0.2603878 2.308899
0.02519158 -0.2584858 2.254547
0.1659013 -0.2536399 2.28668
-0.2134184 -0.4359971 2.041994
0.4337933 -0.4580897 2.197946
-0.4410991 -0.7601678 1.916922
0.2595447 -0.7691602 2.219018
-0.4061214 -0.7975962 1.815761
0.2706567 -0.8300421 2.175171
9
0.0971937 -0.2603878 2.308899
0.02519158 -0.2584858 2.254547
0.1659013 -0.2536399 2.28668
-0.2134184 -0.4359971 2.041994
0.4337933 -0.4580897 2.197946
-0.4410991 -0.7601678 1.916922
0.2595447 -0.7691602 2.219018
-0.4061214 -0.7975962 1.815761
0.2706567 -0.8300421 2.175171
9
0.08753303 -0.2529254 2.305584
0.01587282 -0.2510605 2.251185
0.1562303 -0.2463849 2.283368
-0.2217015 -0.4318222 2.040678
0.420339 -0.4572807 2.201158
-0.4445339 -0.7606211 1.919517
0.2559609 -0.769947 2.220058
-0.4089034 -0.7978301 1.818433
0.2709039 -0.8297887 2.175076
9
0.08753303 -0.2529254 2.305584
0.01587282 -0.2510605 2.251185
0.1562303 -0.2463849 2.283368
-0.2217015 -0.4318222 2.040678
0.420339 -0.4572807 2.201158
-0.4445339 -0.7606211 1.919517
0.2559609 -0.769947 2.220058
-0.4089034 -0.7978301 1.818433
0.2709039 -0.8297887 2.175076
9
0.08753303 -0.2529254 2.305584
0.01587282 -0.2510605 2.251185
0.1562303 -0.2463849 2.283368
-0.2217015 -0.4318222 2.040678
0.420339 -0.4572807 2.201158
-0.4445339 -0.7606211 1.919517
0.2559609 -0.769947 2.220058
-0.4089034 -0.7978301 1.818433
0.2709039 -0.8297887 2.175076
9
0.07826415 -0.2376769 2.302525
0.009780036 -0.2413716 2.248315
0.1434464 -0.2248499 2.280201
-0.2437801 -0.4218751 2.035816
0.3701655 -0.4753931 2.194927
-0.44719 -0.7620887 1.922026
0.2514262 -0.7707407 2.221514
-0.4955235 -0.8018538 1.829867
0.2699673 -0.8293962 2.175441
9
0.07826415 -0.2376769 2.302525
0.009780036 -0.2413716 2.248315
0.1434464 -0.2248499 2.280201
-0.2437801 -0.4218751 2.035816
0.3701655 -0.4753931 2.194927
-0.44719 -0.7620887 1.922026
0.2514262 -0.7707407 2.221514
-0.4955235 -0.8018538 1.829867
0.2699673 -0.8293962 2.175441
9
0.07113567 -0.2257371 2.300419
0.003272137 -0.230683 2.24597
0.1366023 -0.2132294 2.278327
-0.250643 -0.3836004 2.031134
0.3556462 -0.4712368 2.195761
-0.4419204 -0.7363004 1.925439
0.247192 -0.7696514 2.222493
-0.4054536 -0.7730659 1.823913
0.2693083 -0.8269925 2.175651
9
0.07113567 -0.2257371 2.300419
0.003272137 -0.230683 2.24597
0.1366023 -0.2132294 2.278327
-0.250643 -0.3836004 2.031134
0.3556462 -0.4712368 2.195761
-0.4419204 -0.7363004 1.925439
0.247192 -0.7696514 2.222493
-0.4054536 -0.7730659 1.823913
0.2693083 -0.8269925 2.175651
9
0.06260369 -0.2127405 2.296436
-0.004684659 -0.2188798 2.24161
0.1277297 -0.199407 2.274585
-0.2542572 -0.3814957 2.029382
0.3285017 -0.4729207 2.197169
-0.4457492 -0.7344742 1.925219
0.24375 -0.7683532 2.224263
-0.4081666 -0.7708869 1.823866
0.2678803 -0.8246721 2.175829
9
0.06260369 -0.2127405 2.296436
-0.004684659 -0.2188798 2.24161
0.1277297 -0.199407 2.274585
-0.2542572 -0.3814957 2.029382
0.3285017 -0.4729207 2.197169
-0.4457492 -0.7344742 1.925219
0.24375 -0.7683532 2.224263
-0.4081666 -0.7708869 1.823866
0.2678803 -0.8246721 2.175829
9
0.06260369 -0.2127405 2.296436
-0.004684659 -0.2188798 2.24161
0.1277297 -0.199407 2.274585
-0.2542572 -0.3814957 2.029382
0.3285017 -0.4729207 2.197169
-0.4457492 -0.7344742 1.925219
0.24375 -0.7683532 2.224263
-0.4081666 -0.7708869 1.823866
0.2678803 -0.8246721 2.175829
9
0.04688191 -0.200891 2.289122
-0.0199361 -0.2070487 2.234291
0.1120854 -0.1879749 2.267171
-0.2652955 -0.3772264 2.023524
0.2224135 -0.3512397 2.211473
-0.4516342 -0.7337264 1.92249
0.2396068 -0.7684108 2.224985
-0.4136253 -0.7698971 1.82112
0.2668604 -0.8234262 2.17668
9
0.04688191 -0.200891 2.289122
-0.0199361 -0.2070487 2.234291
0.1120854 -0.1879749 2.267171
-0.2652955 -0.3772264 2.023524
0.2224135 -0.3512397 2.211473
-0.4516342 -0.7337264 1.92249
0.2396068 -0.7684108 2.224985
-0.4136253 -0.7698971 1.82112
0.2668604 -0.8234262 2.17668
