40
9
-0.02127074 -0.1954337 2.18782
-0.09505207 -0.1930554 2.150269
0.05326262 -0.1909497 2.148551
-0.3264374 -0.4395504 2.050086
0.2714641 -0.4192093 1.970694
-0.5572902 -0.7756815 2.061895
0.2111654 -0.8195949 2.020146
-0.5365764 -0.8136216 1.95665
0.2190429 -0.856301 1.914339
9
-0.01458698 -0.1984836 2.189676
-0.08819333 -0.196017 2.15233
0.05954672 -0.1939859 2.150217
-0.3225547 -0.4392501 2.049923
0.2775391 -0.4195256 1.967885
-0.5533688 -0.7756175 2.059523
0.2150007 -0.8196322 2.017105
-0.5331044 -0.8138298 1.954414
0.2224111 -0.856611 1.911456
9
-0.01458698 -0.1984836 2.189676
-0.08819333 -0.196017 2.15233
0.05954672 -0.1939859 2.150217
-0.3225547 -0.4392501 2.049923
0.2775391 -0.4195256 1.967885
-0.5533688 -0.7756175 2.059523
0.2150007 -0.8196322 2.017105
-0.5331044 -0.8138298 1.954414
0.2224111 -0.856611 1.911456
9
0.0002950094 -0.2082227 2.192827
-0.07437267 -0.2052628 2.155093
0.07498186 -0.2038953 2.153797
-0.3146674 -0.4418391 2.049001
0.2930706 -0.4217709 1.960747
-0.5507059 -0.7747035 2.057095
0.2203197 -0.8199054 2.01195
-0.5317175 -0.8135455 1.952253
0.2263869 -0.8574854 1.906599
9
0.0002950094 -0.2082227 2.192827
-0.07437267 -0.2052628 2.155093
0.07498186 -0.2038953 2.153797
-0.3146674 -0.4418391 2.049001
0.2930706 -0.4217709 1.960747
-0.5507059 -0.7747035 2.057095
0.2203197 -0.8199054 2.01195
-0.5317175 -0.8135455 1.952253
0.2263869 -0.8574854 1.906599
9
0.01215966 -0.2154234 2.194993
-0.06303287 -0.2118309 2.157611
0.08694965 -0.2115 2.155613
-0.3083017 -0.4428532 2.049503
0.3044369 -0.4254107 1.956725
-0.5475005 -0.7736106 2.055897
0.2229376 -0.8218119 2.008524
-0.5288953 -0.8129241 1.951337
0.228617 -0.8598111 1.903493
9
0.01215966 -0.2154234 2.194993
-0.06303287 -0.2118309 2.157611
0.08694965 -0.2115 2.155613
-0.3083017 -0.4428532 2.049503
0.3044369 -0.4254107 1.956725
-0.5475005 -0.7736106 2.055897
0.2229376 -0.8218119 2.008524
-0.5288953 -0.8129241 1.951337
0.228617 -0.8598111 1.903493
9
0.02008727 -0.2223182 2.195968
-0.05541021 -0.2178006 2.158657
0.09490127 -0.2191256 2.156538
-0.3037271 -0.4455417 2.050159
0.3154082 -0.4268937 1.953997
-0.5415021 -0.7772793 2.057232
0.2261887 -0.821658 2.006106
-0.5235316 -0.8168769 1.952848
0.2312776 -0.8599864 1.901268
9
0.02008727 -0.2223182 2.195968
-0.05541021 -0.2178006 2.158657
0.09490127 -0.2191256 2.156538
-0.3037271 -0.4455417 2.050159
0.3154082 -0.4268937 1.953997
-0.5415021 -0.7772793 2.057232
0.2261887 -0.821658 2.006106
-0.5235316 -0.8168769 1.952848
0.2312776 -0.8599864 1.901268
9
0.03041135 -0.2298331 2.196558
-0.04478542 -0.2252858 2.158516
0.1045873 -0.226402 2.157871
-0.2892206 -0.4554186 2.043841
0.3256501 -0.4292681 1.950317
-0.5399687 -0.7775749 2.049732
0.232317 -0.8234458 2.000578
-0.5222052 -0.8172554 1.945435
0.2370835 -0.861847 1.895845
9
0.03041135 -0.2298331 2.196558
-0.04478542 -0.2252858 2.158516
0.1045873 -0.226402 2.157871
-0.2892206 -0.4554186 2.043841
0.3256501 -0.4292681 1.950317
-0.5399687 -0.7775749 2.049732
0.232317 -0.8234458 2.000578
-0.5222052 -0.8172554 1.945435
0.2370835 -0.861847 1.895845
9
0.03812818 -0.2346307 2.198735
-0.03705995 -0.2297112 2.160211
0.1120174 -0.2314081 2.160574
-0.2877258 -0.4529835 2.044794
0.3338745 -0.4297205 1.94894
-0.5381098 -0.7755018 2.049987
0.2351795 -0.8229746 1.997342
-0.5206041 -0.8155627 1.945908
0.2396608 -0.8617164 1.892856
9
0.03812818 -0.2346307 2.198735
-0.03705995 -0.2297112 2.160211
0.1120174 -0.2314081 2.160574
-0.2877258 -0.4529835 2.044794
0.3338745 -0.4297205 1.94894
-0.5381098 -0.7755018 2.049987
0.2351795 -0.8229746 1.997342
-0.5206041 -0.8155627 1.945908
0.2396608 -0.8617164 1.892856
9
0.04412806 -0.2380784 2.199622
-0.03116716 -0.2329837 2.160989
0.1178892 -0.2348947 2.161587
-0.2861817 -0.4514169 2.045491
0.3409041 -0.43053 1.948558
-0.5367679 -0.7738861 2.049437
0.2380299 -0.8229247 1.99599
-0.5943211 -0.810318 1.986055
0.2423183 -0.8617837 1.891589
9
0.04412806 -0.2380784 2.199622
-0.03116716 -0.2329837 2.160989
0.1178892 -0.2348947 2.161587
-0.2861817 -0.4514169 2.045491
0.3409041 -0.43053 1.948558
-0.5367679 -0.7738861 2.049437
0.2380299 -0.8229247 1.99599
-0.5943211 -0.810318 1.986055
0.2423183 -0.8617837 1.891589
9
0.0473131 -0.2396676 2.200369
-0.02826105 -0.2342781 2.161637
0.1212488 -0.2367421 2.162448
-0.2840913 -0.4517435 2.045858
0.3457674 -0.4304804 1.949295
-0.5353769 -0.7737312 2.049011
0.2398001 -0.8222936 1.995509
-0.5956039 -0.8107045 1.985239
0.2438336 -0.8613017 1.891189
9
0.0473131 -0.2396676 2.200369
-0.02826105 -0.2342781 2.161637
0.1212488 -0.2367421 2.162448
-0.2840913 -0.4517435 2.045858
0.3457674 -0.4304804 1.949295
-0.5353769 -0.7737312 2.049011
0.2398001 -0.8222936 1.995509
-0.5956039 -0.8107045 1.985239
0.2438336 -0.8613017 1.891189
9
0.05005737 -0.2407711 2.200938
-0.02537397 -0.2353464 2.162164
0.123755 -0.2378339 2.163059
-0.28245 -0.4513868 2.04624
0.3491418 -0.4308447 1.950264
-0.5340602 -0.7731483 2.049186
0.2422925 -0.8226742 1.994954
-0.5939299 -0.8099216 1.985072
0.246023 -0.8617076 1.890637
9
0.05005737 -0.2407711 2.200938
-0.02537397 -0.2353464 2.162164
0.123755 -0.2378339 2.163059
-0.28245 -0.4513868 2.04624
0.3491418 -0.4308447 1.950264
-0.5340602 -0.7731483 2.049186
0.2422925 -0.8226742 1.994954
-0.5939299 -0.8099216 1.985072
0.246023 -0.8617076 1.890637
9
0.05191647 -0.2411943 2.20148
-0.0235712 -0.2357468 2.162633
0.1256013 -0.2382628 2.163681
-0.2812235 -0.4511052 2.046507
0.3510639 -0.4310537 1.950756
-0.5327489 -0.7729669 2.04907
0.2443317 -0.823143 1.993986
-0.5940014 -0.8095007 1.982421
0.2478928 -0.862205 1.889694
9
0.05191647 -0.2411943 2.20148
-0.0235712 -0.2357468 2.162633
0.1256013 -0.2382628 2.163681
-0.2812235 -0.4511052 2.046507
0.3510639 -0.4310537 1.950756
-0.5327489 -0.7729669 2.04907
0.2443317 -0.823143 1.993986
-0.5940014 -0.8095007 1.982421
0.2478928 -0.862205 1.889694
9
0.05250426 -0.2410706 2.202028
-0.02297652 -0.235608 2.16317
0.1261606 -0.2381582 2.164238
-0.2806482 -0.4508255 2.046572
0.3517923 -0.4308404 1.951392
-0.5322746 -0.7726236 2.04899
0.2452101 -0.8230817 1.993901
-0.5940299 -0.8093325 1.981715
0.2486711 -0.8621548 1.889608
9
0.05250426 -0.2410706 2.202028
-0.02297652 -0.235608 2.16317
0.1261606 -0.2381582 2.164238
-0.2806482 -0.4508255 2.046572
0.3517923 -0.4308404 1.951392
-0.5322746 -0.7726236 2.04899
0.2452101 -0.8230817 1.993901
-0.5940299 -0.8093325 1.981715
0.2486711 -0.8621548 1.889608
9
0.05248109 -0.2407735 2.202275
-0.02298274 -0.235349 2.163325
0.1261156 -0.2378254 2.164602
-0.2805393 -0.4506911 2.046603
0.3524582 -0.4305156 1.952652
-0.5320199 -0.7726153 2.048846
0.2460263 -0.8229567 1.994111
-0.5936589 -0.8091652 1.980879
0.2495101 -0.8619689 1.889773
9
0.05248109 -0.2407735 2.202275
-0.02298274 -0.235349 2.163325
0.1261156 -0.2378254 2.164602
-0.2805393 -0.4506911 2.046603
0.3524582 -0.4305156 1.952652
-0.5320199 -0.7726153 2.048846
0.2460263 -0.8229567 1.994111
-0.5936589 -0.8091652 1.980879
0.2495101 -0.8619689 1.889773
9
0.05019464 -0.2387747 2.203684
-0.02529123 -0.2331436 2.164606
0.1239186 -0.2360879 2.166122
-0.2838106 -0.4487517 2.052106
0.3514507 -0.4289562 1.955827
-0.5303865 -0.7744905 2.053331
0.2463083 -0.8220605 1.995076
-0.593555 -0.8090788 1.980802
0.2496909 -0.8610091 1.890657
9
0.05019464 -0.2387747 2.203684
-0.02529123 -0.2331436 2.164606
0.1239186 -0.2360879 2.166122
-0.2838106 -0.4487517 2.052106
0.3514507 -0.4289562 1.955827
-0.5303865 -0.7744905 2.053331
0.2463083 -0.8220605 1.995076
-0.593555 -0.8090788 1.980802
0.2496909 -0.8610091 1.890657
9
0.05019464 -0.2387747 2.203684
-0.02529123 -0.2331436 2.164606
0.1239186 -0.2360879 2.166122
-0.2838106 -0.4487517 2.052106
0.3514507 -0.4289562 1.955827
-0.5303865 -0.7744905 2.053331
0.2463083 -0.8220605 1.995076
-0.593555 -0.8090788 1.980802
0.2496909 -0.8610091 1.890657
9
0.05019464 -0.2387747 2.203684
-0.02529123 -0.2331436 2.164606
0.1239186 -0.2360879 2.166122
-0.2838106 -0.4487517 2.052106
0.3514507 -0.4289562 1.955827
-0.5303865 -0.7744905 2.053331
0.2463083 -0.8220605 1.995076
-0.593555 -0.8090788 1.980802
0.2496909 -0.8610091 1.890657
9
0.03991722 -0.2312045 2.204252
-0.0351867 -0.2261566 2.165136
0.1136221 -0.2281917 2.166683
-0.2891289 -0.4477785 2.055253
0.34199 -0.4271669 1.96431
-0.534766 -0.7744607 2.050955
0.2462673 -0.8232574 1.998398
-0.6011633 -0.8126191 1.9749
0.2504284 -0.8616389 1.893636
9
0.03991722 -0.2312045 2.204252
-0.0351867 -0.2261566 2.165136
0.1136221 -0.2281917 2.166683
-0.2891289 -0.4477785 2.055253
0.34199 -0.4271669 1.96431
-0.534766 -0.7744607 2.050955
0.2462673 -0.8232574 1.998398
-0.6011633 -0.8126191 1.9749
0.2504284 -0.8616389 1.893636
9
0.02790622 -0.2236322 2.205631
-0.04659211 -0.2188455 2.166091
0.1014152 -0.2206292 2.16846
-0.2952707 -0.446384 2.056978
0.3312845 -0.4230488 1.972115
-0.5357335 -0.77686 2.0527
0.2430904 -0.8211562 2.003481
-0.6029298 -0.8131595 1.974844
0.1683164 -0.807816 2.014056
9
0.02790622 -0.2236322 2.205631
-0.04659211 -0.2188455 2.166091
0.1014152 -0.2206292 2.16846
-0.2952707 -0.446384 2.056978
0.3312845 -0.4230488 1.972115
-0.5357335 -0.77686 2.0527
0.2430904 -0.8211562 2.003481
-0.6029298 -0.8131595 1.974844
0.1683164 -0.807816 2.014056
9
0.01494729 -0.2158382 2.206644
-0.05928381 -0.211276 2.166595
0.08863997 -0.2128834 2.169946
-0.300884 -0.446033 2.057186
0.3184665 -0.4194891 1.978593
-0.536802 -0.7797266 2.053128
0.2413835 -0.8201995 2.006505
-0.6035919 -0.813122 1.977143
0.1683004 -0.8079193 2.014038
9
0.01494729 -0.2158382 2.206644
-0.05928381 -0.211276 2.166595
0.08863997 -0.2128834 2.169946
-0.300884 -0.446033 2.057186
0.3184665 -0.4194891 1.978593
-0.536802 -0.7797266 2.053128
0.2413835 -0.8201995 2.006505
-0.6035919 -0.813122 1.977143
0.1683004 -0.8079193 2.014038
9
-0.0002703159 -0.2088526 2.207179
-0.07347111 -0.2045583 2.166895
0.0729128 -0.2058799 2.170694
-0.3126525 -0.4421651 2.059569
0.3046527 -0.4158306 1.986442
-0.5403601 -0.7814853 2.055309
0.2387062 -0.8188143 2.010793
-0.6052661 -0.8146781 1.977651
0.1683113 -0.8081374 2.014149
9
-0.0002703159 -0.2088526 2.207179
-0.07347111 -0.2045583 2.166895
0.0729128 -0.2058799 2.170694
-0.3126525 -0.4421651 2.059569
0.3046527 -0.4158306 1.986442
-0.5403601 -0.7814853 2.055309
0.2387062 -0.8188143 2.010793
-0.6052661 -0.8146781 1.977651
0.1683113 -0.8081374 2.014149
9
-0.02578079 -0.197699 2.207317
-0.0997805 -0.192284 2.167332
0.04907247 -0.1961736 2.170509
-0.3243914 -0.444331 2.063936
0.2848643 -0.4098655 1.997794
-0.5435565 -0.7892093 2.058015
0.2349826 -0.8155385 2.016994
-0.5978614 -0.8152493 2.015036
0.1648749 -0.8091308 2.016891
9
-0.02578079 -0.197699 2.207317
-0.0997805 -0.192284 2.167332
0.04907247 -0.1961736 2.170509
-0.3243914 -0.444331 2.063936
0.2848643 -0.4098655 1.997794
-0.5435565 -0.7892093 2.058015
0.2349826 -0.8155385 2.016994
-0.5978614 -0.8152493 2.015036
0.1648749 -0.8091308 2.016891
9
-0.03589619 -0.1919293 2.207195
-0.1091068 -0.1871647 2.167549
0.03853642 -0.1899641 2.170001
-0.3369211 -0.4368726 2.066645
0.2699434 -0.4117115 2.002458
-0.5109579 -0.7506364 2.071196
0.2334784 -0.8189054 2.019092
-0.4919292 -0.7893661 1.965796
0.1625849 -0.8083901 2.01807
