40
9
-0.1931934 -0.06272452 1.822811
-0.2682366 -0.06949122 1.784195
-0.1102994 -0.05354317 1.788259
-0.3749447 -0.3971531 1.798594
0.04201367 -0.3885886 1.697189
-0.5159233 -0.7465262 1.832885
0.07282779 -0.742002 1.659031
-0.5734246 -0.7922594 1.789984
0.113445 -0.8019585 1.593132
9
-0.1931934 -0.06272452 1.822811
-0.2682366 -0.06949122 1.784195
-0.1102994 -0.05354317 1.788259
-0.3749447 -0.3971531 1.798594
0.04201367 -0.3885886 1.697189
-0.5159233 -0.7465262 1.832885
0.07282779 -0.742002 1.659031
-0.5734246 -0.7922594 1.789984
0.113445 -0.8019585 1.593132
9
-0.1931934 -0.06272452 1.822811
-0.2682366 -0.06949122 1.784195
-0.1102994 -0.05354317 1.788259
-0.3749447 -0.3971531 1.798594
0.04201367 -0.3885886 1.697189
-0.5159233 -0.7465262 1.832885
0.07282779 -0.742002 1.659031
-0.5734246 -0.7922594 1.789984
0.113445 -0.8019585 1.593132
9
-0.1931934 -0.06272452 1.822811
-0.2682366 -0.06949122 1.784195
-0.1102994 -0.05354317 1.788259
-0.3749447 -0.3971531 1.798594
0.04201367 -0.3885886 1.697189
-0.5159233 -0.7465262 1.832885
0.07282779 -0.742002 1.659031
-0.5734246 -0.7922594 1.789984
0.113445 -0.8019585 1.593132
9
-0.1605974 -0.078737 1.815811
-0.2366692 -0.08664304 1.778171
-0.07798333 -0.06768049 1.780137
-0.3538393 -0.3994392 1.79294
0.09347871 -0.3796906 1.674455
-0.5169414 -0.7469487 1.831875
0.07994534 -0.743415 1.656997
-0.5762655 -0.7926335 1.786035
0.1146036 -0.8019276 1.593377
9
-0.1605974 -0.078737 1.815811
-0.2366692 -0.08664304 1.778171
-0.07798333 -0.06768049 1.780137
-0.3538393 -0.3994392 1.79294
0.09347871 -0.3796906 1.674455
-0.5169414 -0.7469487 1.831875
0.07994534 -0.743415 1.656997
-0.5762655 -0.7926335 1.786035
0.1146036 -0.8019276 1.593377
9
-0.1605974 -0.078737 1.815811
-0.2366692 -0.08664304 1.778171
-0.07798333 -0.06768049 1.780137
-0.3538393 -0.3994392 1.79294
0.09347871 -0.3796906 1.674455
-0.5169414 -0.7469487 1.831875
0.07994534 -0.743415 1.656997
-0.5762655 -0.7926335 1.786035
0.1146036 -0.8019276 1.593377
9
-0.1605974 -0.078737 1.815811
-0.2366692 -0.08664304 1.778171
-0.07798333 -0.06768049 1.780137
-0.3538393 -0.3994392 1.79294
0.09347871 -0.3796906 1.674455
-0.5169414 -0.7469487 1.831875
0.07994534 -0.743415 1.656997
-0.5762655 -0.7926335 1.786035
0.1146036 -0.8019276 1.593377
9
-0.1605974 -0.078737 1.815811
-0.2366692 -0.08664304 1.778171
-0.07798333 -0.06768049 1.780137
-0.3538393 -0.3994392 1.79294
0.09347871 -0.3796906 1.674455
-0.5169414 -0.7469487 1.831875
0.07994534 -0.743415 1.656997
-0.5762655 -0.7926335 1.786035
0.1146036 -0.8019276 1.593377
9
-0.1605974 -0.078737 1.815811
-0.2366692 -0.08664304 1.778171
-0.07798333 -0.06768049 1.780137
-0.3538393 -0.3994392 1.79294
0.09347871 -0.3796906 1.674455
-0.5169414 -0.7469487 1.831875
0.07994534 -0.743415 1.656997
-0.5762655 -0.7926335 1.786035
0.1146036 -0.8019276 1.593377
9
-0.1605974 -0.078737 1.815811
-0.2366692 -0.08664304 1.778171
-0.07798333 -0.06768049 1.780137
-0.3538393 -0.3994392 1.79294
0.09347871 -0.3796906 1.674455
-0.5169414 -0.7469487 1.831875
0.07994534 -0.743415 1.656997
-0.5762655 -0.7926335 1.786035
0.1146036 -0.8019276 1.593377
9
-0.1605974 -0.078737 1.815811
-0.2366692 -0.08664304 1.778171
-0.07798333 -0.06768049 1.780137
-0.3538393 -0.3994392 1.79294
0.09347871 -0.3796906 1.674455
-0.5169414 -0.7469487 1.831875
0.07994534 -0.743415 1.656997
-0.5762655 -0.7926335 1.786035
0.1146036 -0.8019276 1.593377
9
-0.08688154 -0.1261908 1.79354
-0.1645826 -0.1366417 1.756565
-0.005602553 -0.1105708 1.757094
-0.2859762 -0.4223224 1.771498
0.1605534 -0.3731169 1.637192
-0.5095844 -0.7454991 1.825958
0.09782936 -0.7470315 1.642892
-0.501121 -0.7804727 1.712245
0.1381253 -0.8123697 1.582722
9
-0.08688154 -0.1261908 1.79354
-0.1645826 -0.1366417 1.756565
-0.005602553 -0.1105708 1.757094
-0.2859762 -0.4223224 1.771498
0.1605534 -0.3731169 1.637192
-0.5095844 -0.7454991 1.825958
0.09782936 -0.7470315 1.642892
-0.501121 -0.7804727 1.712245
0.1381253 -0.8123697 1.582722
9
-0.0811073 -0.1302235 1.791165
-0.1579483 -0.1415902 1.753502
-0.0008392878 -0.1136327 1.755325
-0.2716728 -0.4290385 1.767783
0.1668113 -0.3755354 1.63379
-0.5057912 -0.7441788 1.823641
0.09826594 -0.7473664 1.642792
-0.4967605 -0.7791257 1.709891
0.140943 -0.8145146 1.58359
9
-0.06839795 -0.139272 1.78767
-0.1452256 -0.1512857 1.749772
0.01123876 -0.1215855 1.752123
-0.2689973 -0.4334742 1.768021
0.1783261 -0.3838345 1.6269
-0.5012255 -0.7427506 1.821966
0.1015629 -0.7468764 1.638731
-0.4929681 -0.7781249 1.708439
0.1427123 -0.8142946 1.582225
9
-0.06839795 -0.139272 1.78767
-0.1452256 -0.1512857 1.749772
0.01123876 -0.1215855 1.752123
-0.2689973 -0.4334742 1.768021
0.1783261 -0.3838345 1.6269
-0.5012255 -0.7427506 1.821966
0.1015629 -0.7468764 1.638731
-0.4929681 -0.7781249 1.708439
0.1427123 -0.8142946 1.582225
9
-0.05751982 -0.147151 1.78483
-0.1345176 -0.1595619 1.747128
0.02185227 -0.1287248 1.749119
-0.2659272 -0.4392512 1.767893
0.187033 -0.3878099 1.622117
-0.4993838 -0.7426273 1.820803
0.1040406 -0.7482891 1.63572
-0.4907563 -0.778289 1.707439
0.1435065 -0.8143905 1.581473
9
-0.05751982 -0.147151 1.78483
-0.1345176 -0.1595619 1.747128
0.02185227 -0.1287248 1.749119
-0.2659272 -0.4392512 1.767893
0.187033 -0.3878099 1.622117
-0.4993838 -0.7426273 1.820803
0.1040406 -0.7482891 1.63572
-0.4907563 -0.778289 1.707439
0.1435065 -0.8143905 1.581473
9
-0.04732816 -0.1557774 1.782665
-0.124552 -0.1683613 1.745541
0.03187186 -0.1368141 1.746401
-0.2472895 -0.4513255 1.761436
0.1974908 -0.3924837 1.6185
-0.4966213 -0.7425138 1.819199
0.1070025 -0.7510641 1.634075
-0.4877805 -0.778441 1.705987
0.1469706 -0.817016 1.583794
9
-0.04732816 -0.1557774 1.782665
-0.124552 -0.1683613 1.745541
0.03187186 -0.1368141 1.746401
-0.2472895 -0.4513255 1.761436
0.1974908 -0.3924837 1.6185
-0.4966213 -0.7425138 1.819199
0.1070025 -0.7510641 1.634075
-0.4877805 -0.778441 1.705987
0.1469706 -0.817016 1.583794
9
-0.04732816 -0.1557774 1.782665
-0.124552 -0.1683613 1.745541
0.03187186 -0.1368141 1.746401
-0.2472895 -0.4513255 1.761436
0.1974908 -0.3924837 1.6185
-0.4966213 -0.7425138 1.819199
0.1070025 -0.7510641 1.634075
-0.4877805 -0.778441 1.705987
0.1469706 -0.817016 1.583794
9
-0.04732816 -0.1557774 1.782665
-0.124552 -0.1683613 1.745541
0.03187186 -0.1368141 1.746401
-0.2472895 -0.4513255 1.761436
0.1974908 -0.3924837 1.6185
-0.4966213 -0.7425138 1.819199
0.1070025 -0.7510641 1.634075
-0.4877805 -0.778441 1.705987
0.1469706 -0.817016 1.583794
9
-0.03340596 -0.1672628 1.77976
-0.1107479 -0.1800096 1.742384
0.0453186 -0.1476329 1.743779
-0.2451016 -0.4570805 1.759964
0.2122631 -0.4015097 1.614466
-0.4780648 -0.7306295 1.812802
0.1094964 -0.7514923 1.632395
-0.469458 -0.7673598 1.699868
0.1483011 -0.8172483 1.583152
9
-0.03340596 -0.1672628 1.77976
-0.1107479 -0.1800096 1.742384
0.0453186 -0.1476329 1.743779
-0.2451016 -0.4570805 1.759964
0.2122631 -0.4015097 1.614466
-0.4780648 -0.7306295 1.812802
0.1094964 -0.7514923 1.632395
-0.469458 -0.7673598 1.699868
0.1483011 -0.8172483 1.583152
9
-0.02765222 -0.1715259 1.778314
-0.105073 -0.1843352 1.740527
0.05093028 -0.1516647 1.742742
-0.2420126 -0.4599785 1.758599
0.217939 -0.4053655 1.613554
-0.5083163 -0.7952974 1.817195
0.1139842 -0.7488151 1.62885
-0.5978703 -0.8278204 1.78041
0.1490051 -0.8177888 1.583263
9
-0.02765222 -0.1715259 1.778314
-0.105073 -0.1843352 1.740527
0.05093028 -0.1516647 1.742742
-0.2420126 -0.4599785 1.758599
0.217939 -0.4053655 1.613554
-0.5083163 -0.7952974 1.817195
0.1139842 -0.7488151 1.62885
-0.5978703 -0.8278204 1.78041
0.1490051 -0.8177888 1.583263
9
-0.02367508 -0.1740085 1.777566
-0.1012556 -0.1867118 1.739625
0.05489846 -0.1541423 1.742165
-0.2400249 -0.4613499 1.758016
0.2227831 -0.407214 1.61316
-0.5078287 -0.7953149 1.81733
0.113839 -0.7513056 1.628019
-0.6003614 -0.8187737 1.778028
0.1508889 -0.8184225 1.584237
9
-0.02367508 -0.1740085 1.777566
-0.1012556 -0.1867118 1.739625
0.05489846 -0.1541423 1.742165
-0.2400249 -0.4613499 1.758016
0.2227831 -0.407214 1.61316
-0.5078287 -0.7953149 1.81733
0.113839 -0.7513056 1.628019
-0.6003614 -0.8187737 1.778028
0.1508889 -0.8184225 1.584237
9
-0.0205687 -0.1760242 1.776762
-0.09817419 -0.1888814 1.738622
0.05790314 -0.1559257 1.741558
-0.2391479 -0.4621997 1.757763
0.2254549 -0.409162 1.612646
-0.4609052 -0.7194497 1.806828
0.1133867 -0.7528479 1.627505
-0.452546 -0.7566498 1.693969
0.1502981 -0.8175395 1.5812
9
-0.0205687 -0.1760242 1.776762
-0.09817419 -0.1888814 1.738622
0.05790314 -0.1559257 1.741558
-0.2391479 -0.4621997 1.757763
0.2254549 -0.409162 1.612646
-0.4609052 -0.7194497 1.806828
0.1133867 -0.7528479 1.627505
-0.452546 -0.7566498 1.693969
0.1502981 -0.8175395 1.5812
9
-0.01871567 -0.1765615 1.77633
-0.09634127 -0.189629 1.737976
0.05972779 -0.1562457 1.741327
-0.2385848 -0.4622351 1.757365
0.2271484 -0.4093458 1.611876
-0.5090336 -0.7940339 1.817021
0.1152824 -0.7526448 1.627827
-0.6048182 -0.8083975 1.774355
0.1504227 -0.8176253 1.580674
9
-0.01871567 -0.1765615 1.77633
-0.09634127 -0.189629 1.737976
0.05972779 -0.1562457 1.741327
-0.2385848 -0.4622351 1.757365
0.2271484 -0.4093458 1.611876
-0.5090336 -0.7940339 1.817021
0.1152824 -0.7526448 1.627827
-0.6048182 -0.8083975 1.774355
0.1504227 -0.8176253 1.580674
9
-0.01842706 -0.1766799 1.776386
-0.09612224 -0.1896673 1.73804
0.06008687 -0.1564606 1.741374
-0.2384921 -0.4622645 1.757201
0.2278387 -0.4091423 1.611382
-0.4661066 -0.7238945 1.808742
0.1156748 -0.7518542 1.627479
-0.4572431 -0.761263 1.69606
0.1521949 -0.8186516 1.58294
9
-0.01838979 -0.1765796 1.776403
-0.09611295 -0.1894139 1.738095
0.06013235 -0.1564345 1.741373
-0.2386255 -0.4619499 1.757228
0.2275677 -0.4093169 1.611359
-0.4660977 -0.7238414 1.808777
0.118916 -0.7475948 1.626125
-0.4573155 -0.7612513 1.69612
0.152841 -0.8183439 1.581584
9
-0.01838979 -0.1765796 1.776403
-0.09611295 -0.1894139 1.738095
0.06013235 -0.1564345 1.741373
-0.2386255 -0.4619499 1.757228
0.2275677 -0.4093169 1.611359
-0.4660977 -0.7238414 1.808777
0.118916 -0.7475948 1.626125
-0.4573155 -0.7612513 1.69612
0.152841 -0.8183439 1.581584
9
-0.01925464 -0.1756693 1.776339
-0.09701599 -0.1883044 1.738008
0.05933069 -0.1557356 1.741328
-0.2394932 -0.4609053 1.75702
0.2264615 -0.4087966 1.611169
-0.4736851 -0.7320212 1.810068
0.1188652 -0.7475041 1.626029
-0.4649485 -0.7693307 1.697487
0.1522609 -0.8182207 1.581015
9
-0.01925464 -0.1756693 1.776339
-0.09701599 -0.1883044 1.738008
0.05933069 -0.1557356 1.741328
-0.2394932 -0.4609053 1.75702
0.2264615 -0.4087966 1.611169
-0.4736851 -0.7320212 1.810068
0.1188652 -0.7475041 1.626029
-0.4649485 -0.7693307 1.697487
0.1522609 -0.8182207 1.581015
9
-0.02317831 -0.1725894 1.776958
-0.1012824 -0.1842638 1.738494
0.05584601 -0.1536011 1.742051
-0.2437811 -0.4568852 1.757573
0.2218838 -0.4073015 1.611392
-0.4767123 -0.7344646 1.811027
0.1186366 -0.7478584 1.626138
-0.4682149 -0.7717614 1.698477
0.1522975 -0.8183147 1.581017
9
-0.02317831 -0.1725894 1.776958
-0.1012824 -0.1842638 1.738494
0.05584601 -0.1536011 1.742051
-0.2437811 -0.4568852 1.757573
0.2218838 -0.4073015 1.611392
-0.4767123 -0.7344646 1.811027
0.1186366 -0.7478584 1.626138
-0.4682149 -0.7717614 1.698477
0.1522975 -0.8183147 1.581017
