40
9
-0.1144159 -0.4150691 2.325291
-0.1903792 -0.4154788 2.267774
-0.03488798 -0.4015803 2.309505
-0.3727602 -0.6927229 2.210135
0.1305873 -0.6920158 2.255054
-0.6084598 -0.9566773 2.158437
0.03538705 -0.9830579 2.279868
-0.5600946 -1.003155 2.033073
0.07417229 -1.029408 2.15331
9
-0.09693687 -0.4293273 2.331975
-0.1721539 -0.4292614 2.273931
-0.01866511 -0.4159404 2.316773
-0.3684765 -0.696714 2.212816
0.1541891 -0.7012054 2.252681
-0.5794855 -0.9482403 2.162124
0.04151164 -0.9831046 2.275998
-0.5325727 -0.9955835 2.036688
0.07916035 -1.030215 2.149526
9
-0.09693687 -0.4293273 2.331975
-0.1721539 -0.4292614 2.273931
-0.01866511 -0.4159404 2.316773
-0.3684765 -0.696714 2.212816
0.1541891 -0.7012054 2.252681
-0.5794855 -0.9482403 2.162124
0.04151164 -0.9831046 2.275998
-0.5325727 -0.9955835 2.036688
0.07916035 -1.030215 2.149526
9
-0.09693687 -0.4293273 2.331975
-0.1721539 -0.4292614 2.273931
-0.01866511 -0.4159404 2.316773
-0.3684765 -0.696714 2.212816
0.1541891 -0.7012054 2.252681
-0.5794855 -0.9482403 2.162124
0.04151164 -0.9831046 2.275998
-0.5325727 -0.9955835 2.036688
0.07916035 -1.030215 2.149526
9
-0.09693687 -0.4293273 2.331975
-0.1721539 -0.4292614 2.273931
-0.01866511 -0.4159404 2.316773
-0.3684765 -0.696714 2.212816
0.1541891 -0.7012054 2.252681
-0.5794855 -0.9482403 2.162124
0.04151164 -0.9831046 2.275998
-0.5325727 -0.9955835 2.036688
0.07916035 -1.030215 2.149526
9
-0.09693687 -0.4293273 2.331975
-0.1721539 -0.4292614 2.273931
-0.01866511 -0.4159404 2.316773
-0.3684765 -0.696714 2.212816
0.1541891 -0.7012054 2.252681
-0.5794855 -0.9482403 2.162124
0.04151164 -0.9831046 2.275998
-0.5325727 -0.9955835 2.036688
0.07916035 -1.030215 2.149526
9
-0.09693687 -0.4293273 2.331975
-0.1721539 -0.4292614 2.273931
-0.01866511 -0.4159404 2.316773
-0.3684765 -0.696714 2.212816
0.1541891 -0.7012054 2.252681
-0.5794855 -0.9482403 2.162124
0.04151164 -0.9831046 2.275998
-0.5325727 -0.9955835 2.036688
0.07916035 -1.030215 2.149526
9
-0.09693687 -0.4293273 2.331975
-0.1721539 -0.4292614 2.273931
-0.01866511 -0.4159404 2.316773
-0.3684765 -0.696714 2.212816
0.1541891 -0.7012054 2.252681
-0.5794855 -0.9482403 2.162124
0.04151164 -0.9831046 2.275998
-0.5325727 -0.9955835 2.036688
0.07916035 -1.030215 2.149526
9
-0.05912979 -0.457832 2.387377
-0.1334686 -0.4592278 2.333391
0.01698789 -0.4424076 2.368183
-0.3452303 -0.7040911 2.213722
0.1990576 -0.7107574 2.246406
-0.5758778 -0.9475822 2.161891
0.0507244 -0.9813784 2.272297
-0.5304538 -1.000059 2.039438
0.08679754 -1.033623 2.148825
9
-0.05912979 -0.457832 2.387377
-0.1334686 -0.4592278 2.333391
0.01698789 -0.4424076 2.368183
-0.3452303 -0.7040911 2.213722
0.1990576 -0.7107574 2.246406
-0.5758778 -0.9475822 2.161891
0.0507244 -0.9813784 2.272297
-0.5304538 -1.000059 2.039438
0.08679754 -1.033623 2.148825
9
-0.05912979 -0.457832 2.387377
-0.1334686 -0.4592278 2.333391
0.01698789 -0.4424076 2.368183
-0.3452303 -0.7040911 2.213722
0.1990576 -0.7107574 2.246406
-0.5758778 -0.9475822 2.161891
0.0507244 -0.9813784 2.272297
-0.5304538 -1.000059 2.039438
0.08679754 -1.033623 2.148825
9
-0.05912979 -0.457832 2.387377
-0.1334686 -0.4592278 2.333391
0.01698789 -0.4424076 2.368183
-0.3452303 -0.7040911 2.213722
0.1990576 -0.7107574 2.246406
-0.5758778 -0.9475822 2.161891
0.0507244 -0.9813784 2.272297
-0.5304538 -1.000059 2.039438
0.08679754 -1.033623 2.148825
9
-0.05912979 -0.457832 2.387377
-0.1334686 -0.4592278 2.333391
0.01698789 -0.4424076 2.368183
-0.3452303 -0.7040911 2.213722
0.1990576 -0.7107574 2.246406
-0.5758778 -0.9475822 2.161891
0.0507244 -0.9813784 2.272297
-0.5304538 -1.000059 2.039438
0.08679754 -1.033623 2.148825
9
-0.05912979 -0.457832 2.387377
-0.1334686 -0.4592278 2.333391
0.01698789 -0.4424076 2.368183
-0.3452303 -0.7040911 2.213722
0.1990576 -0.7107574 2.246406
-0.5758778 -0.9475822 2.161891
0.0507244 -0.9813784 2.272297
-0.5304538 -1.000059 2.039438
0.08679754 -1.033623 2.148825
9
-0.05912979 -0.457832 2.387377
-0.1334686 -0.4592278 2.333391
0.01698789 -0.4424076 2.368183
-0.3452303 -0.7040911 2.213722
0.1990576 -0.7107574 2.246406
-0.5758778 -0.9475822 2.161891
0.0507244 -0.9813784 2.272297
-0.5304538 -1.000059 2.039438
0.08679754 -1.033623 2.148825
9
-0.04593489 -0.4938419 2.399138
-0.1195957 -0.4940156 2.348664
0.02921178 -0.4789155 2.376768
-0.3620271 -0.7018729 2.211016
0.2829548 -0.6763395 2.240918
-0.5627577 -0.9456623 2.162598
0.06768095 -0.9824319 2.269606
-0.5189427 -0.9987703 2.039984
0.1020807 -1.035272 2.146043
9
-0.04593489 -0.4938419 2.399138
-0.1195957 -0.4940156 2.348664
0.02921178 -0.4789155 2.376768
-0.3620271 -0.7018729 2.211016
0.2829548 -0.6763395 2.240918
-0.5627577 -0.9456623 2.162598
0.06768095 -0.9824319 2.269606
-0.5189427 -0.9987703 2.039984
0.1020807 -1.035272 2.146043
9
-0.04460899 -0.4953505 2.40014
-0.1181438 -0.4954725 2.349541
0.03032241 -0.4803503 2.377846
-0.3636311 -0.6999256 2.211947
0.2838854 -0.6771259 2.240098
-0.558589 -0.9452785 2.162794
0.07286359 -0.9812323 2.269622
-0.5144319 -0.9984435 2.040364
0.1075883 -1.034145 2.146255
9
-0.0437336 -0.496512 2.400805
-0.1172181 -0.4964896 2.350072
0.03109186 -0.4815859 2.378634
-0.3643094 -0.6990683 2.212361
0.2848482 -0.6776069 2.239775
-0.5528488 -0.9452873 2.164304
0.07529176 -0.9807888 2.269629
-0.5085053 -0.9984831 2.041984
0.1102532 -1.033738 2.146392
9
-0.0437336 -0.496512 2.400805
-0.1172181 -0.4964896 2.350072
0.03109186 -0.4815859 2.378634
-0.3643094 -0.6990683 2.212361
0.2848482 -0.6776069 2.239775
-0.5528488 -0.9452873 2.164304
0.07529176 -0.9807888 2.269629
-0.5085053 -0.9984831 2.041984
0.1102532 -1.033738 2.146392
9
-0.04345941 -0.4967552 2.401015
-0.1169264 -0.4966628 2.350146
0.03134215 -0.4819093 2.379025
-0.3647944 -0.6983337 2.212333
0.2851269 -0.6776662 2.239601
-0.5502072 -0.9455202 2.16452
0.07614995 -0.9814219 2.269628
-0.6495197 -0.9960008 2.080474
0.1111805 -1.034405 2.146458
9
-0.04345941 -0.4967552 2.401015
-0.1169264 -0.4966628 2.350146
0.03134215 -0.4819093 2.379025
-0.3647944 -0.6983337 2.212333
0.2851269 -0.6776662 2.239601
-0.5502072 -0.9455202 2.16452
0.07614995 -0.9814219 2.269628
-0.6495197 -0.9960008 2.080474
0.1111805 -1.034405 2.146458
9
-0.04344766 -0.4967649 2.401041
-0.1169207 -0.4966566 2.350155
0.03136184 -0.4819469 2.379077
-0.3654818 -0.6977038 2.212661
0.285269 -0.6775954 2.23963
-0.5489452 -0.9457259 2.164322
0.07664279 -0.9814488 2.269629
-0.6479353 -0.9958586 2.079152
0.1117299 -1.034415 2.146473
9
-0.04344766 -0.4967649 2.401041
-0.1169207 -0.4966566 2.350155
0.03136184 -0.4819469 2.379077
-0.3654818 -0.6977038 2.212661
0.285269 -0.6775954 2.23963
-0.5489452 -0.9457259 2.164322
0.07664279 -0.9814488 2.269629
-0.6479353 -0.9958586 2.079152
0.1117299 -1.034415 2.146473
9
-0.04367464 -0.4962786 2.401318
-0.1171281 -0.4961808 2.350178
0.03107776 -0.481373 2.37971
-0.3666118 -0.6963097 2.212964
0.2847427 -0.6772229 2.23991
-0.5481924 -0.9457359 2.164435
0.0768699 -0.9819586 2.269841
-0.6386493 -0.9946842 2.07912
0.1120071 -1.034899 2.146693
9
-0.04455121 -0.4950614 2.401318
-0.1180064 -0.4947673 2.350015
0.03021598 -0.4803371 2.379812
-0.3677677 -0.694856 2.213295
0.2846887 -0.6756634 2.240809
-0.5481178 -0.9456362 2.164375
0.07709466 -0.981672 2.269997
-0.6378738 -0.9946054 2.079825
0.1121063 -1.034541 2.146742
9
-0.04455121 -0.4950614 2.401318
-0.1180064 -0.4947673 2.350015
0.03021598 -0.4803371 2.379812
-0.3677677 -0.694856 2.213295
0.2846887 -0.6756634 2.240809
-0.5481178 -0.9456362 2.164375
0.07709466 -0.981672 2.269997
-0.6378738 -0.9946054 2.079825
0.1121063 -1.034541 2.146742
9
-0.04455121 -0.4950614 2.401318
-0.1180064 -0.4947673 2.350015
0.03021598 -0.4803371 2.379812
-0.3677677 -0.694856 2.213295
0.2846887 -0.6756634 2.240809
-0.5481178 -0.9456362 2.164375
0.07709466 -0.981672 2.269997
-0.6378738 -0.9946054 2.079825
0.1121063 -1.034541 2.146742
9
-0.04455121 -0.4950614 2.401318
-0.1180064 -0.4947673 2.350015
0.03021598 -0.4803371 2.379812
-0.3677677 -0.694856 2.213295
0.2846887 -0.6756634 2.240809
-0.5481178 -0.9456362 2.164375
0.07709466 -0.981672 2.269997
-0.6378738 -0.9946054 2.079825
0.1121063 -1.034541 2.146742
9
-0.05161519 -0.4862478 2.400697
-0.1249929 -0.4856328 2.348799
0.02327472 -0.4720472 2.379636
-0.3710404 -0.6912189 2.214318
0.2763675 -0.6714606 2.244891
-0.5492357 -0.9462103 2.164194
0.07716349 -0.9825914 2.271955
-0.6365594 -0.994288 2.079867
0.1117201 -1.035087 2.148241
9
-0.05161519 -0.4862478 2.400697
-0.1249929 -0.4856328 2.348799
0.02327472 -0.4720472 2.379636
-0.3710404 -0.6912189 2.214318
0.2763675 -0.6714606 2.244891
-0.5492357 -0.9462103 2.164194
0.07716349 -0.9825914 2.271955
-0.6365594 -0.994288 2.079867
0.1117201 -1.035087 2.148241
9
-0.05161519 -0.4862478 2.400697
-0.1249929 -0.4856328 2.348799
0.02327472 -0.4720472 2.379636
-0.3710404 -0.6912189 2.214318
0.2763675 -0.6714606 2.244891
-0.5492357 -0.9462103 2.164194
0.07716349 -0.9825914 2.271955
-0.6365594 -0.994288 2.079867
0.1117201 -1.035087 2.148241
9
-0.05161519 -0.4862478 2.400697
-0.1249929 -0.4856328 2.348799
0.02327472 -0.4720472 2.379636
-0.3710404 -0.6912189 2.214318
0.2763675 -0.6714606 2.244891
-0.5492357 -0.9462103 2.164194
0.07716349 -0.9825914 2.271955
-0.6365594 -0.994288 2.079867
0.1117201 -1.035087 2.148241
9
-0.05161519 -0.4862478 2.400697
-0.1249929 -0.4856328 2.348799
0.02327472 -0.4720472 2.379636
-0.3710404 -0.6912189 2.214318
0.2763675 -0.6714606 2.244891
-0.5492357 -0.9462103 2.164194
0.07716349 -0.9825914 2.271955
-0.6365594 -0.994288 2.079867
0.1117201 -1.035087 2.148241
9
-0.07885507 -0.4562727 2.392781
-0.1515995 -0.4561766 2.341555
-0.003725826 -0.442419 2.370831
-0.3824983 -0.6799698 2.211443
0.2464696 -0.6555306 2.260023
-0.5585626 -0.9486254 2.162889
0.1557602 -1.049393 2.25367
-0.6374989 -0.9947224 2.080509
0.1910379 -1.099685 2.130207
9
-0.08906185 -0.4505648 2.389998
-0.1632477 -0.4488668 2.337587
-0.01233423 -0.4382412 2.369038
-0.3941529 -0.6738108 2.210613
0.2388708 -0.6517431 2.262259
-0.5673357 -0.9491165 2.159637
0.1517925 -1.046366 2.257736
-0.6388952 -0.9947957 2.081517
0.04496084 -1.020892 2.249267
9
-0.08906185 -0.4505648 2.389998
-0.1632477 -0.4488668 2.337587
-0.01233423 -0.4382412 2.369038
-0.3941529 -0.6738108 2.210613
0.2388708 -0.6517431 2.262259
-0.5673357 -0.9491165 2.159637
0.1517925 -1.046366 2.257736
-0.6388952 -0.9947957 2.081517
0.04496084 -1.020892 2.249267
9
-0.1008805 -0.445085 2.386384
-0.1734744 -0.4435879 2.332946
-0.02540645 -0.4328121 2.366604
-0.3998555 -0.6741641 2.209342
0.2292731 -0.6445172 2.266006
-0.5732999 -0.9496865 2.158123
0.1491286 -1.04058 2.262094
-0.5253493 -1.00064 2.035685
0.04127637 -1.022461 2.248358
9
-0.1008805 -0.445085 2.386384
-0.1734744 -0.4435879 2.332946
-0.02540645 -0.4328121 2.366604
-0.3998555 -0.6741641 2.209342
0.2292731 -0.6445172 2.266006
-0.5732999 -0.9496865 2.158123
0.1491286 -1.04058 2.262094
-0.5253493 -1.00064 2.035685
0.04127637 -1.022461 2.248358
9
-0.1121907 -0.437977 2.383386
-0.1843714 -0.4366749 2.32873
-0.03668877 -0.4257647 2.364796
-0.4058975 -0.6728562 2.208202
0.2182006 -0.6382753 2.266529
-0.5794202 -0.9511319 2.156395
0.1490933 -1.036321 2.264342
-0.5298229 -1.001612 2.034356
0.04118978 -1.022411 2.248442
