40
9
0.09724151 -0.2530036 2.296175
0.02608914 -0.2506458 2.241249
0.1651124 -0.246954 2.274546
-0.2089034 -0.4325461 2.028093
0.4308099 -0.4572562 2.202444
-0.4515034 -0.7482768 1.911681
0.2477941 -0.7689661 2.218851
-0.4123963 -0.7862865 1.812747
0.2684588 -0.8273099 2.176795
9
0.09724151 -0.2530036 2.296175
0.02608914 -0.2506458 2.241249
0.1651124 -0.246954 2.274546
-0.2089034 -0.4325461 2.028093
0.4308099 -0.4572562 2.202444
-0.4515034 -0.7482768 1.911681
0.2477941 -0.7689661 2.218851
-0.4123963 -0.7862865 1.812747
0.2684588 -0.8273099 2.176795
9
0.09724151 -0.2530036 2.296175
0.02608914 -0.2506458 2.241249
0.1651124 -0.246954 2.274546
-0.2089034 -0.4325461 2.028093
0.4308099 -0.4572562 2.202444
-0.4515034 -0.7482768 1.911681
0.2477941 -0.7689661 2.218851
-0.4123963 -0.7862865 1.812747
0.2684588 -0.8273099 2.176795
9
0.1002694 -0.2575012 2.299033
0.02880011 -0.2543353 2.243638
0.1683566 -0.2521687 2.277914
-0.2078031 -0.4320155 2.028292
0.4374188 -0.4578341 2.204669
-0.4492434 -0.7483726 1.911047
0.2494771 -0.7688047 2.21886
-0.4113447 -0.7867565 1.811862
0.269078 -0.8275672 2.177499
9
0.1002694 -0.2575012 2.299033
0.02880011 -0.2543353 2.243638
0.1683566 -0.2521687 2.277914
-0.2078031 -0.4320155 2.028292
0.4374188 -0.4578341 2.204669
-0.4492434 -0.7483726 1.911047
0.2494771 -0.7688047 2.21886
-0.4113447 -0.7867565 1.811862
0.269078 -0.8275672 2.177499
9
0.1036739 -0.2612609 2.30111
0.03195735 -0.25752 2.245832
0.1719001 -0.256391 2.27985
-0.2043613 -0.4370757 2.032041
0.4436582 -0.4583604 2.20674
-0.4466519 -0.7522537 1.913263
0.2498031 -0.7688269 2.219031
-0.4089938 -0.7908206 1.814188
0.2713523 -0.8268881 2.177403
9
0.1036739 -0.2612609 2.30111
0.03195735 -0.25752 2.245832
0.1719001 -0.256391 2.27985
-0.2043613 -0.4370757 2.032041
0.4436582 -0.4583604 2.20674
-0.4466519 -0.7522537 1.913263
0.2498031 -0.7688269 2.219031
-0.4089938 -0.7908206 1.814188
0.2713523 -0.8268881 2.177403
9
0.1064117 -0.2648283 2.303538
0.0343274 -0.2603804 2.247674
0.1749218 -0.2605883 2.282942
-0.2031737 -0.43753 2.032996
0.4495716 -0.4582123 2.207928
-0.4451682 -0.7525705 1.913118
0.2526592 -0.7677964 2.219002
-0.4080549 -0.7913328 1.813967
0.2709398 -0.826964 2.177399
9
0.1064117 -0.2648283 2.303538
0.0343274 -0.2603804 2.247674
0.1749218 -0.2605883 2.282942
-0.2031737 -0.43753 2.032996
0.4495716 -0.4582123 2.207928
-0.4451682 -0.7525705 1.913118
0.2526592 -0.7677964 2.219002
-0.4080549 -0.7913328 1.813967
0.2709398 -0.826964 2.177399
9
0.1076227 -0.2671326 2.305069
0.03543232 -0.2622757 2.24881
0.1761841 -0.2632193 2.284893
-0.2025589 -0.4376687 2.032979
0.4528452 -0.4577537 2.208258
-0.4441862 -0.7527118 1.912263
0.2539915 -0.7674348 2.218986
-0.4072364 -0.7915911 1.813147
0.2708718 -0.8270329 2.177481
9
0.1076227 -0.2671326 2.305069
0.03543232 -0.2622757 2.24881
0.1761841 -0.2632193 2.284893
-0.2025589 -0.4376687 2.032979
0.4528452 -0.4577537 2.208258
-0.4441862 -0.7527118 1.912263
0.2539915 -0.7674348 2.218986
-0.4072364 -0.7915911 1.813147
0.2708718 -0.8270329 2.177481
9
0.1083968 -0.2685229 2.306015
0.03624455 -0.263523 2.24938
0.1768906 -0.2647182 2.286271
-0.202003 -0.43788 2.03287
0.4545071 -0.457598 2.208118
-0.4435024 -0.7529548 1.911953
0.2554825 -0.7668114 2.219703
-0.4065854 -0.7919452 1.812921
0.2703857 -0.8268359 2.176851
9
0.1083968 -0.2685229 2.306015
0.03624455 -0.263523 2.24938
0.1768906 -0.2647182 2.286271
-0.202003 -0.43788 2.03287
0.4545071 -0.457598 2.208118
-0.4435024 -0.7529548 1.911953
0.2554825 -0.7668114 2.219703
-0.4065854 -0.7919452 1.812921
0.2703857 -0.8268359 2.176851
9
0.1083968 -0.2685229 2.306015
0.03624455 -0.263523 2.24938
0.1768906 -0.2647182 2.286271
-0.202003 -0.43788 2.03287
0.4545071 -0.457598 2.208118
-0.4435024 -0.7529548 1.911953
0.2554825 -0.7668114 2.219703
-0.4065854 -0.7919452 1.812921
0.2703857 -0.8268359 2.176851
9
0.1083968 -0.2685229 2.306015
0.03624455 -0.263523 2.24938
0.1768906 -0.2647182 2.286271
-0.202003 -0.43788 2.03287
0.4545071 -0.457598 2.208118
-0.4435024 -0.7529548 1.911953
0.2554825 -0.7668114 2.219703
-0.4065854 -0.7919452 1.812921
0.2703857 -0.8268359 2.176851
9
0.1089432 -0.2693763 2.306387
0.03679443 -0.2643258 2.249841
0.1774123 -0.265572 2.286533
-0.201684 -0.4376852 2.032655
0.4554827 -0.4577453 2.208213
-0.4431347 -0.7527981 1.911729
0.2557422 -0.7666372 2.219641
-0.4063077 -0.7917534 1.812649
0.2703146 -0.8267447 2.176872
9
0.1089432 -0.2693763 2.306387
0.03679443 -0.2643258 2.249841
0.1774123 -0.265572 2.286533
-0.201684 -0.4376852 2.032655
0.4554827 -0.4577453 2.208213
-0.4431347 -0.7527981 1.911729
0.2557422 -0.7666372 2.219641
-0.4063077 -0.7917534 1.812649
0.2703146 -0.8267447 2.176872
9
0.1089607 -0.2693807 2.306389
0.03682831 -0.2643264 2.249848
0.1774198 -0.2655769 2.28653
-0.201588 -0.4332313 2.028262
0.4555261 -0.4577506 2.208233
-0.4426354 -0.749524 1.909822
0.2557679 -0.7666361 2.219622
-0.4060021 -0.7884981 1.810645
0.2700924 -0.8267489 2.176429
9
0.1089607 -0.2693807 2.306389
0.03682831 -0.2643264 2.249848
0.1774198 -0.2655769 2.28653
-0.201588 -0.4332313 2.028262
0.4555261 -0.4577506 2.208233
-0.4426354 -0.749524 1.909822
0.2557679 -0.7666361 2.219622
-0.4060021 -0.7884981 1.810645
0.2700924 -0.8267489 2.176429
9
0.108711 -0.2691387 2.306271
0.03656287 -0.2640785 2.249642
0.1771798 -0.2653287 2.286475
-0.2019725 -0.4331125 2.028325
0.455107 -0.4577997 2.208333
-0.4418691 -0.7506103 1.91092
0.2560896 -0.7676257 2.219515
-0.4054191 -0.7895485 1.81167
0.2703238 -0.8277249 2.176256
9
0.108711 -0.2691387 2.306271
0.03656287 -0.2640785 2.249642
0.1771798 -0.2653287 2.286475
-0.2019725 -0.4331125 2.028325
0.455107 -0.4577997 2.208333
-0.4418691 -0.7506103 1.91092
0.2560896 -0.7676257 2.219515
-0.4054191 -0.7895485 1.81167
0.2703238 -0.8277249 2.176256
9
0.1071026 -0.2681647 2.305467
0.03530052 -0.263331 2.248693
0.1751981 -0.264091 2.285799
-0.2035768 -0.4318879 2.027363
0.4529624 -0.4569706 2.208138
-0.4417652 -0.7509767 1.910923
0.2559744 -0.7677065 2.21959
-0.4044356 -0.7898204 1.812014
0.2705096 -0.827804 2.177157
9
0.1071026 -0.2681647 2.305467
0.03530052 -0.263331 2.248693
0.1751981 -0.264091 2.285799
-0.2035768 -0.4318879 2.027363
0.4529624 -0.4569706 2.208138
-0.4417652 -0.7509767 1.910923
0.2559744 -0.7677065 2.21959
-0.4044356 -0.7898204 1.812014
0.2705096 -0.827804 2.177157
9
0.1044305 -0.2663968 2.304395
0.03276173 -0.2617773 2.247158
0.1724524 -0.2621295 2.28514
-0.2060519 -0.4301673 2.025589
0.4496697 -0.4559916 2.20793
-0.4420075 -0.7514949 1.911018
0.2556458 -0.7686771 2.219488
-0.4045372 -0.7901962 1.812086
0.2710506 -0.8285185 2.177049
9
0.1044305 -0.2663968 2.304395
0.03276173 -0.2617773 2.247158
0.1724524 -0.2621295 2.28514
-0.2060519 -0.4301673 2.025589
0.4496697 -0.4559916 2.20793
-0.4420075 -0.7514949 1.911018
0.2556458 -0.7686771 2.219488
-0.4045372 -0.7901962 1.812086
0.2710506 -0.8285185 2.177049
9
0.09896101 -0.2630647 2.302139
0.02789179 -0.2587482 2.24473
0.1665962 -0.2586071 2.28304
-0.2111116 -0.426963 2.023251
0.4425098 -0.4547315 2.206943
-0.4420838 -0.7529261 1.912146
0.255353 -0.7687867 2.219442
-0.405178 -0.7914321 1.812823
0.2711226 -0.8284785 2.176522
9
0.09896101 -0.2630647 2.302139
0.02789179 -0.2587482 2.24473
0.1665962 -0.2586071 2.28304
-0.2111116 -0.426963 2.023251
0.4425098 -0.4547315 2.206943
-0.4420838 -0.7529261 1.912146
0.255353 -0.7687867 2.219442
-0.405178 -0.7914321 1.812823
0.2711226 -0.8284785 2.176522
9
0.09154258 -0.2582018 2.299486
0.0209199 -0.2543009 2.241481
0.1589805 -0.2534665 2.280942
-0.216525 -0.4258789 2.021167
0.432976 -0.4529591 2.207416
-0.4434919 -0.7552708 1.912316
0.2541962 -0.7689058 2.219362
-0.4068022 -0.7935855 1.81278
0.271188 -0.8282214 2.176158
9
0.09154258 -0.2582018 2.299486
0.0209199 -0.2543009 2.241481
0.1589805 -0.2534665 2.280942
-0.216525 -0.4258789 2.021167
0.432976 -0.4529591 2.207416
-0.4434919 -0.7552708 1.912316
0.2541962 -0.7689058 2.219362
-0.4068022 -0.7935855 1.81278
0.271188 -0.8282214 2.176158
9
0.08017196 -0.2524854 2.29545
0.009384105 -0.2486168 2.236957
0.1482024 -0.2479211 2.277331
-0.2245419 -0.4258543 2.017712
0.4216994 -0.448892 2.206564
-0.4469133 -0.7588943 1.910904
0.2537834 -0.7690123 2.219319
-0.4092597 -0.7969497 1.811653
0.2712891 -0.8281823 2.176183
9
0.08017196 -0.2524854 2.29545
0.009384105 -0.2486168 2.236957
0.1482024 -0.2479211 2.277331
-0.2245419 -0.4258543 2.017712
0.4216994 -0.448892 2.206564
-0.4469133 -0.7588943 1.910904
0.2537834 -0.7690123 2.219319
-0.4092597 -0.7969497 1.811653
0.2712891 -0.8281823 2.176183
9
0.07637376 -0.2480583 2.293465
0.006700171 -0.2454698 2.23612
0.1432002 -0.2420977 2.273801
-0.2292626 -0.4219491 2.018745
0.4096422 -0.4528419 2.206391
-0.4461626 -0.7589571 1.913346
0.2527481 -0.7694657 2.219257
-0.4092043 -0.7967164 1.81354
0.2715017 -0.8282441 2.176111
9
0.07637376 -0.2480583 2.293465
0.006700171 -0.2454698 2.23612
0.1432002 -0.2420977 2.273801
-0.2292626 -0.4219491 2.018745
0.4096422 -0.4528419 2.206391
-0.4461626 -0.7589571 1.913346
0.2527481 -0.7694657 2.219257
-0.4092043 -0.7967164 1.81354
0.2715017 -0.8282441 2.176111
9
0.07222021 -0.2410843 2.291832
0.003345396 -0.2404132 2.235136
0.1385103 -0.2334119 2.271555
-0.2397106 -0.4071449 2.017664
0.3941927 -0.4575976 2.208236
-0.4458389 -0.7511536 1.913197
0.2508106 -0.7698793 2.219576
-0.4083874 -0.7887622 1.813351
0.2717482 -0.8278771 2.176005
9
0.07222021 -0.2410843 2.291832
0.003345396 -0.2404132 2.235136
0.1385103 -0.2334119 2.271555
-0.2397106 -0.4071449 2.017664
0.3941927 -0.4575976 2.208236
-0.4458389 -0.7511536 1.913197
0.2508106 -0.7698793 2.219576
-0.4083874 -0.7887622 1.813351
0.2717482 -0.8278771 2.176005
9
0.06788317 -0.2309019 2.289295
-0.0001887024 -0.2328115 2.233218
0.1335824 -0.2209578 2.268466
-0.2442559 -0.4012805 2.018713
0.3759855 -0.4599451 2.209287
-0.4460237 -0.7480104 1.914722
0.2493791 -0.7696578 2.219797
-0.4084599 -0.7854045 1.814693
0.2713607 -0.8272381 2.17581
9
0.06788317 -0.2309019 2.289295
-0.0001887024 -0.2328115 2.233218
0.1335824 -0.2209578 2.268466
-0.2442559 -0.4012805 2.018713
0.3759855 -0.4599451 2.209287
-0.4460237 -0.7480104 1.914722
0.2493791 -0.7696578 2.219797
-0.4084599 -0.7854045 1.814693
0.2713607 -0.8272381 2.17581
9
0.06248804 -0.2236189 2.287353
-0.005478111 -0.2261355 2.231734
0.1283512 -0.2135038 2.266128
-0.2545971 -0.3877544 2.017729
0.3581573 -0.4648353 2.207618
-0.448325 -0.7392818 1.91444
0.2468864 -0.7689512 2.220498
-0.4103787 -0.7765355 1.814305
0.2705752 -0.825865 2.176214
9
0.06248804 -0.2236189 2.287353
-0.005478111 -0.2261355 2.231734
0.1283512 -0.2135038 2.266128
-0.2545971 -0.3877544 2.017729
0.3581573 -0.4648353 2.207618
-0.448325 -0.7392818 1.91444
0.2468864 -0.7689512 2.220498
-0.4103787 -0.7765355 1.814305
0.2705752 -0.825865 2.176214
9
0.06248804 -0.2236189 2.287353
-0.005478111 -0.2261355 2.231734
0.1283512 -0.2135038 2.266128
-0.2545971 -0.3877544 2.017729
0.3581573 -0.4648353 2.207618
-0.448325 -0.7392818 1.91444
0.2468864 -0.7689512 2.220498
-0.4103787 -0.7765355 1.814305
0.2705752 -0.825865 2.176214
