40
9
0.1238813 -0.3760868 2.214552
0.03885483 -0.3827158 2.194109
0.2048612 -0.3569849 2.16158
-0.06494369 -0.6832354 2.257437
0.3135801 -0.6355301 1.967454
-0.2380146 -0.9602342 2.3591
0.3105696 -0.9660897 1.995813
-0.2576737 -1.004539 2.225529
0.282497 -1.008357 1.863361
9
0.1361873 -0.3856635 2.210427
0.05207714 -0.3931982 2.189696
0.2158744 -0.3653836 2.157825
-0.08652884 -0.711667 2.280524
0.3241446 -0.6398666 1.956628
-0.2382616 -0.9661246 2.360623
0.3097348 -0.9688159 1.992453
-0.2585736 -1.011144 2.22769
0.2810197 -1.011804 1.860639
9
0.1361873 -0.3856635 2.210427
0.05207714 -0.3931982 2.189696
0.2158744 -0.3653836 2.157825
-0.08652884 -0.711667 2.280524
0.3241446 -0.6398666 1.956628
-0.2382616 -0.9661246 2.360623
0.3097348 -0.9688159 1.992453
-0.2585736 -1.011144 2.22769
0.2810197 -1.011804 1.860639
9
0.1361873 -0.3856635 2.210427
0.05207714 -0.3931982 2.189696
0.2158744 -0.3653836 2.157825
-0.08652884 -0.711667 2.280524
0.3241446 -0.6398666 1.956628
-0.2382616 -0.9661246 2.360623
0.3097348 -0.9688159 1.992453
-0.2585736 -1.011144 2.22769
0.2810197 -1.011804 1.860639
9
0.1477246 -0.3946247 2.206042
0.06293 -0.4014331 2.186171
0.2276782 -0.3747436 2.152634
-0.08389884 -0.7161254 2.279874
0.3355686 -0.6455408 1.945464
-0.2296229 -0.9616206 2.358473
0.3095445 -0.9710805 1.990179
-0.2518086 -1.007815 2.226629
0.2790732 -1.015159 1.859503
9
0.1615925 -0.4048981 2.20212
0.07595985 -0.4114532 2.183579
0.2419728 -0.3849299 2.147432
-0.08152147 -0.7215055 2.278022
0.3460957 -0.6535535 1.934875
-0.2286458 -0.9625492 2.357784
0.3102416 -0.9799942 1.988523
-0.2508418 -1.009708 2.226552
0.2797677 -1.024926 1.858518
9
0.1615925 -0.4048981 2.20212
0.07595985 -0.4114532 2.183579
0.2419728 -0.3849299 2.147432
-0.08152147 -0.7215055 2.278022
0.3460957 -0.6535535 1.934875
-0.2286458 -0.9625492 2.357784
0.3102416 -0.9799942 1.988523
-0.2508418 -1.009708 2.226552
0.2797677 -1.024926 1.858518
9
0.1615925 -0.4048981 2.20212
0.07595985 -0.4114532 2.183579
0.2419728 -0.3849299 2.147432
-0.08152147 -0.7215055 2.278022
0.3460957 -0.6535535 1.934875
-0.2286458 -0.9625492 2.357784
0.3102416 -0.9799942 1.988523
-0.2508418 -1.009708 2.226552
0.2797677 -1.024926 1.858518
9
0.1615925 -0.4048981 2.20212
0.07595985 -0.4114532 2.183579
0.2419728 -0.3849299 2.147432
-0.08152147 -0.7215055 2.278022
0.3460957 -0.6535535 1.934875
-0.2286458 -0.9625492 2.357784
0.3102416 -0.9799942 1.988523
-0.2508418 -1.009708 2.226552
0.2797677 -1.024926 1.858518
9
0.1904917 -0.4249379 2.188345
0.1064774 -0.4335587 2.170369
0.2682824 -0.4022708 2.133452
-0.04787166 -0.7408018 2.256458
0.3698909 -0.6661502 1.913008
-0.2261128 -0.9641606 2.35364
0.3108673 -0.9810604 1.988168
-0.3409081 -1.014205 2.340078
0.2761696 -1.027513 1.860353
9
0.1904917 -0.4249379 2.188345
0.1064774 -0.4335587 2.170369
0.2682824 -0.4022708 2.133452
-0.04787166 -0.7408018 2.256458
0.3698909 -0.6661502 1.913008
-0.2261128 -0.9641606 2.35364
0.3108673 -0.9810604 1.988168
-0.3409081 -1.014205 2.340078
0.2761696 -1.027513 1.860353
9
0.1954448 -0.4286778 2.186601
0.1111239 -0.4373387 2.169419
0.2734028 -0.4058242 2.130877
-0.05002441 -0.7308646 2.258476
0.3780889 -0.6672584 1.908822
-0.2270683 -0.9672523 2.352098
0.3111196 -0.9812555 1.987915
-0.2536936 -1.016118 2.22331
0.2762203 -1.02796 1.860331
9
0.1954448 -0.4286778 2.186601
0.1111239 -0.4373387 2.169419
0.2734028 -0.4058242 2.130877
-0.05002441 -0.7308646 2.258476
0.3780889 -0.6672584 1.908822
-0.2270683 -0.9672523 2.352098
0.3111196 -0.9812555 1.987915
-0.2536936 -1.016118 2.22331
0.2762203 -1.02796 1.860331
9
0.1954448 -0.4286778 2.186601
0.1111239 -0.4373387 2.169419
0.2734028 -0.4058242 2.130877
-0.05002441 -0.7308646 2.258476
0.3780889 -0.6672584 1.908822
-0.2270683 -0.9672523 2.352098
0.3111196 -0.9812555 1.987915
-0.2536936 -1.016118 2.22331
0.2762203 -1.02796 1.860331
9
0.1954448 -0.4286778 2.186601
0.1111239 -0.4373387 2.169419
0.2734028 -0.4058242 2.130877
-0.05002441 -0.7308646 2.258476
0.3780889 -0.6672584 1.908822
-0.2270683 -0.9672523 2.352098
0.3111196 -0.9812555 1.987915
-0.2536936 -1.016118 2.22331
0.2762203 -1.02796 1.860331
9
0.2123092 -0.4379496 2.180694
0.1271783 -0.4469255 2.165044
0.2904851 -0.4143873 2.123511
-0.05053236 -0.7320532 2.260172
0.3876874 -0.6780374 1.900859
-0.2190587 -0.968736 2.349569
0.3113752 -0.981802 1.988061
-0.3362353 -1.010023 2.345842
0.3017881 -1.065457 1.945367
9
0.2123092 -0.4379496 2.180694
0.1271783 -0.4469255 2.165044
0.2904851 -0.4143873 2.123511
-0.05053236 -0.7320532 2.260172
0.3876874 -0.6780374 1.900859
-0.2190587 -0.968736 2.349569
0.3113752 -0.981802 1.988061
-0.3362353 -1.010023 2.345842
0.3017881 -1.065457 1.945367
9
0.2266041 -0.4392185 2.205969
0.142556 -0.4454935 2.189821
0.3033886 -0.4184976 2.149638
-0.05537605 -0.770026 2.267395
0.3875953 -0.6665007 1.900435
-0.2310809 -0.98717 2.356449
0.3122276 -0.9823782 1.987656
-0.3547604 -1.017532 2.340542
0.2768553 -1.033311 1.863161
9
0.2266041 -0.4392185 2.205969
0.142556 -0.4454935 2.189821
0.3033886 -0.4184976 2.149638
-0.05537605 -0.770026 2.267395
0.3875953 -0.6665007 1.900435
-0.2310809 -0.98717 2.356449
0.3122276 -0.9823782 1.987656
-0.3547604 -1.017532 2.340542
0.2768553 -1.033311 1.863161
9
0.2272363 -0.4648398 2.213206
0.1447054 -0.4678937 2.195916
0.3022031 -0.4467392 2.158081
-0.06445552 -0.8277708 2.281788
0.4245186 -0.6034245 1.848542
-0.2679144 -1.01821 2.373117
0.3483166 -0.9920352 1.917931
-0.3641158 -1.010898 2.342552
0.2967666 -1.020546 1.963082
9
0.2272363 -0.4648398 2.213206
0.1447054 -0.4678937 2.195916
0.3022031 -0.4467392 2.158081
-0.06445552 -0.8277708 2.281788
0.4245186 -0.6034245 1.848542
-0.2679144 -1.01821 2.373117
0.3483166 -0.9920352 1.917931
-0.3641158 -1.010898 2.342552
0.2967666 -1.020546 1.963082
9
0.2248759 -0.4743955 2.185062
0.1419195 -0.480405 2.168812
0.3003515 -0.4528008 2.128418
-0.06414285 -0.8266751 2.281497
0.4390343 -0.6183829 1.832573
-0.2674755 -1.018301 2.370889
0.363672 -1.007259 1.900989
-0.3636684 -1.009832 2.342584
0.3007013 -1.015857 1.956621
9
0.2248759 -0.4743955 2.185062
0.1419195 -0.480405 2.168812
0.3003515 -0.4528008 2.128418
-0.06414285 -0.8266751 2.281497
0.4390343 -0.6183829 1.832573
-0.2674755 -1.018301 2.370889
0.363672 -1.007259 1.900989
-0.3636684 -1.009832 2.342584
0.3007013 -1.015857 1.956621
9
0.2344034 -0.4548344 2.171851
0.1490739 -0.4657243 2.157808
0.3122174 -0.4281669 2.113056
-0.009019022 -0.7349865 2.23808
0.4213136 -0.6747933 1.874638
-0.2405919 -1.031118 2.371221
0.3161278 -0.9845038 1.983263
-0.3508268 -1.01055 2.34065
0.2785527 -1.032859 1.857741
9
0.2344034 -0.4548344 2.171851
0.1490739 -0.4657243 2.157808
0.3122174 -0.4281669 2.113056
-0.009019022 -0.7349865 2.23808
0.4213136 -0.6747933 1.874638
-0.2405919 -1.031118 2.371221
0.3161278 -0.9845038 1.983263
-0.3508268 -1.01055 2.34065
0.2785527 -1.032859 1.857741
9
0.2375264 -0.4443351 2.194216
0.1534327 -0.4512738 2.179224
0.3139974 -0.4221132 2.137136
-0.04576731 -0.7103435 2.25316
0.4131385 -0.6611131 1.884343
-0.2136952 -0.9715103 2.345934
0.316174 -0.9845805 1.983311
-0.3354302 -1.004513 2.337438
0.2798476 -1.035435 1.859129
9
0.2375264 -0.4443351 2.194216
0.1534327 -0.4512738 2.179224
0.3139974 -0.4221132 2.137136
-0.04576731 -0.7103435 2.25316
0.4131385 -0.6611131 1.884343
-0.2136952 -0.9715103 2.345934
0.316174 -0.9845805 1.983311
-0.3354302 -1.004513 2.337438
0.2798476 -1.035435 1.859129
9
0.2309626 -0.4613869 2.20484
0.1490481 -0.4642861 2.186935
0.3049512 -0.4437445 2.150873
-0.06258076 -0.6951646 2.269377
0.4279006 -0.6063576 1.845154
-0.2151832 -0.9730077 2.34552
0.3538813 -0.9962405 1.910362
-0.3333334 -1.003254 2.342729
0.2992897 -1.015292 1.95862
9
0.2309626 -0.4613869 2.20484
0.1490481 -0.4642861 2.186935
0.3049512 -0.4437445 2.150873
-0.06258076 -0.6951646 2.269377
0.4279006 -0.6063576 1.845154
-0.2151832 -0.9730077 2.34552
0.3538813 -0.9962405 1.910362
-0.3333334 -1.003254 2.342729
0.2992897 -1.015292 1.95862
9
0.2309626 -0.4613869 2.20484
0.1490481 -0.4642861 2.186935
0.3049512 -0.4437445 2.150873
-0.06258076 -0.6951646 2.269377
0.4279006 -0.6063576 1.845154
-0.2151832 -0.9730077 2.34552
0.3538813 -0.9962405 1.910362
-0.3333334 -1.003254 2.342729
0.2992897 -1.015292 1.95862
9
0.2309626 -0.4613869 2.20484
0.1490481 -0.4642861 2.186935
0.3049512 -0.4437445 2.150873
-0.06258076 -0.6951646 2.269377
0.4279006 -0.6063576 1.845154
-0.2151832 -0.9730077 2.34552
0.3538813 -0.9962405 1.910362
-0.3333334 -1.003254 2.342729
0.2992897 -1.015292 1.95862
9
0.2259801 -0.4632231 2.208172
0.1439219 -0.4662345 2.190677
0.300607 -0.4452153 2.153448
-0.0688865 -0.6961454 2.272754
0.4274263 -0.6040858 1.847253
-0.2192819 -0.9753724 2.345624
0.3542155 -0.9942029 1.912112
-0.3350693 -1.003949 2.342927
0.2990469 -1.015432 1.959008
9
0.2259801 -0.4632231 2.208172
0.1439219 -0.4662345 2.190677
0.300607 -0.4452153 2.153448
-0.0688865 -0.6961454 2.272754
0.4274263 -0.6040858 1.847253
-0.2192819 -0.9753724 2.345624
0.3542155 -0.9942029 1.912112
-0.3350693 -1.003949 2.342927
0.2990469 -1.015432 1.959008
9
0.2207958 -0.4638099 2.209628
0.1393567 -0.4665824 2.191978
0.2950113 -0.4459662 2.154915
-0.07599814 -0.6941625 2.274024
0.4267269 -0.6012159 1.848904
-0.2203158 -0.9761528 2.345662
0.3553333 -0.9920076 1.912128
-0.3381702 -1.004689 2.342137
0.2988595 -1.013126 1.958261
9
0.2207958 -0.4638099 2.209628
0.1393567 -0.4665824 2.191978
0.2950113 -0.4459662 2.154915
-0.07599814 -0.6941625 2.274024
0.4267269 -0.6012159 1.848904
-0.2203158 -0.9761528 2.345662
0.3553333 -0.9920076 1.912128
-0.3381702 -1.004689 2.342137
0.2988595 -1.013126 1.958261
9
0.2207958 -0.4638099 2.209628
0.1393567 -0.4665824 2.191978
0.2950113 -0.4459662 2.154915
-0.07599814 -0.6941625 2.274024
0.4267269 -0.6012159 1.848904
-0.2203158 -0.9761528 2.345662
0.3553333 -0.9920076 1.912128
-0.3381702 -1.004689 2.342137
0.2988595 -1.013126 1.958261
9
0.2207958 -0.4638099 2.209628
0.1393567 -0.4665824 2.191978
0.2950113 -0.4459662 2.154915
-0.07599814 -0.6941625 2.274024
0.4267269 -0.6012159 1.848904
-0.2203158 -0.9761528 2.345662
0.3553333 -0.9920076 1.912128
-0.3381702 -1.004689 2.342137
0.2988595 -1.013126 1.958261
9
0.2048653 -0.4602731 2.21739
0.1240555 -0.4624111 2.199442
0.2790084 -0.4431289 2.162744
-0.0887498 -0.6930062 2.279652
0.4212905 -0.5932985 1.859047
-0.2230348 -0.9775591 2.346701
0.3553607 -0.9860414 1.917184
-0.3322841 -1.004399 2.345625
0.2980664 -1.013697 1.959249
9
0.2048653 -0.4602731 2.21739
0.1240555 -0.4624111 2.199442
0.2790084 -0.4431289 2.162744
-0.0887498 -0.6930062 2.279652
0.4212905 -0.5932985 1.859047
-0.2230348 -0.9775591 2.346701
0.3553607 -0.9860414 1.917184
-0.3322841 -1.004399 2.345625
0.2980664 -1.013697 1.959249
9
0.188993 -0.4550418 2.192489
0.107928 -0.4603222 2.176529
0.263695 -0.4343615 2.135285
-0.09666885 -0.6807996 2.284887
0.4308911 -0.60274 1.858326
-0.2246329 -0.9783608 2.347293
0.3683934 -0.9966028 1.912853
-0.3265465 -1.003542 2.343598
0.2990689 -1.012983 1.957788
