40
9
0.1041994 -0.2676838 2.294764
0.03074522 -0.2619219 2.23859
0.174161 -0.2646394 2.27449
-0.2102589 -0.4279478 2.017487
0.4538668 -0.4550407 2.197323
-0.4520112 -0.7454229 1.904758
0.2508225 -0.7674775 2.215745
-0.4159822 -0.7820729 1.803485
0.2693734 -0.8267213 2.177801
9
0.1041994 -0.2676838 2.294764
0.03074522 -0.2619219 2.23859
0.174161 -0.2646394 2.27449
-0.2102589 -0.4279478 2.017487
0.4538668 -0.4550407 2.197323
-0.4520112 -0.7454229 1.904758
0.2508225 -0.7674775 2.215745
-0.4159822 -0.7820729 1.803485
0.2693734 -0.8267213 2.177801
9
0.1041994 -0.2676838 2.294764
0.03074522 -0.2619219 2.23859
0.174161 -0.2646394 2.27449
-0.2102589 -0.4279478 2.017487
0.4538668 -0.4550407 2.197323
-0.4520112 -0.7454229 1.904758
0.2508225 -0.7674775 2.215745
-0.4159822 -0.7820729 1.803485
0.2693734 -0.8267213 2.177801
9
0.1041994 -0.2676838 2.294764
0.03074522 -0.2619219 2.23859
0.174161 -0.2646394 2.27449
-0.2102589 -0.4279478 2.017487
0.4538668 -0.4550407 2.197323
-0.4520112 -0.7454229 1.904758
0.2508225 -0.7674775 2.215745
-0.4159822 -0.7820729 1.803485
0.2693734 -0.8267213 2.177801
9
0.1177967 -0.2810611 2.301808
0.04466928 -0.2746486 2.245008
0.1869354 -0.278158 2.282168
-0.2007681 -0.4338906 2.023553
0.4726808 -0.4576833 2.198976
-0.4472095 -0.7466202 1.907281
0.2556628 -0.7670519 2.216114
-0.4116263 -0.7835149 1.806035
0.2704653 -0.8273024 2.176848
9
0.1177967 -0.2810611 2.301808
0.04466928 -0.2746486 2.245008
0.1869354 -0.278158 2.282168
-0.2007681 -0.4338906 2.023553
0.4726808 -0.4576833 2.198976
-0.4472095 -0.7466202 1.907281
0.2556628 -0.7670519 2.216114
-0.4116263 -0.7835149 1.806035
0.2704653 -0.8273024 2.176848
9
0.1207606 -0.2842621 2.303982
0.04731315 -0.2773927 2.246868
0.1901413 -0.2817403 2.284688
-0.1959797 -0.435931 2.022008
0.4771102 -0.459777 2.20453
-0.4461204 -0.7445973 1.902315
0.2582791 -0.7671749 2.217236
-0.4108389 -0.7815276 1.800988
0.2701443 -0.8280306 2.176668
9
0.1207606 -0.2842621 2.303982
0.04731315 -0.2773927 2.246868
0.1901413 -0.2817403 2.284688
-0.1959797 -0.435931 2.022008
0.4771102 -0.459777 2.20453
-0.4461204 -0.7445973 1.902315
0.2582791 -0.7671749 2.217236
-0.4108389 -0.7815276 1.800988
0.2701443 -0.8280306 2.176668
9
0.1207319 -0.2849737 2.304642
0.04699768 -0.2776073 2.247259
0.1906717 -0.2833616 2.285851
-0.1939147 -0.4468578 2.028986
0.4789166 -0.4595118 2.206468
-0.4451295 -0.7532213 1.905439
0.2614245 -0.765578 2.217679
-0.4103401 -0.7900903 1.804019
0.2697548 -0.827087 2.17654
9
0.1207319 -0.2849737 2.304642
0.04699768 -0.2776073 2.247259
0.1906717 -0.2833616 2.285851
-0.1939147 -0.4468578 2.028986
0.4789166 -0.4595118 2.206468
-0.4451295 -0.7532213 1.905439
0.2614245 -0.765578 2.217679
-0.4103401 -0.7900903 1.804019
0.2697548 -0.827087 2.17654
9
0.1207319 -0.2849737 2.304642
0.04699768 -0.2776073 2.247259
0.1906717 -0.2833616 2.285851
-0.1939147 -0.4468578 2.028986
0.4789166 -0.4595118 2.206468
-0.4451295 -0.7532213 1.905439
0.2614245 -0.765578 2.217679
-0.4103401 -0.7900903 1.804019
0.2697548 -0.827087 2.17654
9
0.1207319 -0.2849737 2.304642
0.04699768 -0.2776073 2.247259
0.1906717 -0.2833616 2.285851
-0.1939147 -0.4468578 2.028986
0.4789166 -0.4595118 2.206468
-0.4451295 -0.7532213 1.905439
0.2614245 -0.765578 2.217679
-0.4103401 -0.7900903 1.804019
0.2697548 -0.827087 2.17654
9
0.1207319 -0.2849737 2.304642
0.04699768 -0.2776073 2.247259
0.1906717 -0.2833616 2.285851
-0.1939147 -0.4468578 2.028986
0.4789166 -0.4595118 2.206468
-0.4451295 -0.7532213 1.905439
0.2614245 -0.765578 2.217679
-0.4103401 -0.7900903 1.804019
0.2697548 -0.827087 2.17654
9
0.1207319 -0.2849737 2.304642
0.04699768 -0.2776073 2.247259
0.1906717 -0.2833616 2.285851
-0.1939147 -0.4468578 2.028986
0.4789166 -0.4595118 2.206468
-0.4451295 -0.7532213 1.905439
0.2614245 -0.765578 2.217679
-0.4103401 -0.7900903 1.804019
0.2697548 -0.827087 2.17654
9
0.1260168 -0.2865309 2.307405
0.05268163 -0.2798555 2.250336
0.1952324 -0.2840916 2.288198
-0.1903934 -0.4453908 2.031321
0.4821297 -0.4620833 2.207863
-0.4413722 -0.7516561 1.906885
0.2653357 -0.7624792 2.217458
-0.4067568 -0.7885436 1.805387
0.269027 -0.8246778 2.176469
9
0.1260168 -0.2865309 2.307405
0.05268163 -0.2798555 2.250336
0.1952324 -0.2840916 2.288198
-0.1903934 -0.4453908 2.031321
0.4821297 -0.4620833 2.207863
-0.4413722 -0.7516561 1.906885
0.2653357 -0.7624792 2.217458
-0.4067568 -0.7885436 1.805387
0.269027 -0.8246778 2.176469
9
0.1277425 -0.2878373 2.309389
0.0541914 -0.2809518 2.252216
0.1970561 -0.2854575 2.290204
-0.1892509 -0.4464601 2.03366
0.4840633 -0.4628236 2.20805
-0.438484 -0.7541424 1.909249
0.2677766 -0.760946 2.218291
-0.4043485 -0.7909534 1.807536
0.2685386 -0.8233614 2.176444
9
0.1277425 -0.2878373 2.309389
0.0541914 -0.2809518 2.252216
0.1970561 -0.2854575 2.290204
-0.1892509 -0.4464601 2.03366
0.4840633 -0.4628236 2.20805
-0.438484 -0.7541424 1.909249
0.2677766 -0.760946 2.218291
-0.4043485 -0.7909534 1.807536
0.2685386 -0.8233614 2.176444
9
0.1277425 -0.2878373 2.309389
0.0541914 -0.2809518 2.252216
0.1970561 -0.2854575 2.290204
-0.1892509 -0.4464601 2.03366
0.4840633 -0.4628236 2.20805
-0.438484 -0.7541424 1.909249
0.2677766 -0.760946 2.218291
-0.4043485 -0.7909534 1.807536
0.2685386 -0.8233614 2.176444
9
0.1277425 -0.2878373 2.309389
0.0541914 -0.2809518 2.252216
0.1970561 -0.2854575 2.290204
-0.1892509 -0.4464601 2.03366
0.4840633 -0.4628236 2.20805
-0.438484 -0.7541424 1.909249
0.2677766 -0.760946 2.218291
-0.4043485 -0.7909534 1.807536
0.2685386 -0.8233614 2.176444
9
0.1277425 -0.2878373 2.309389
0.0541914 -0.2809518 2.252216
0.1970561 -0.2854575 2.290204
-0.1892509 -0.4464601 2.03366
0.4840633 -0.4628236 2.20805
-0.438484 -0.7541424 1.909249
0.2677766 -0.760946 2.218291
-0.4043485 -0.7909534 1.807536
0.2685386 -0.8233614 2.176444
9
0.1277425 -0.2878373 2.309389
0.0541914 -0.2809518 2.252216
0.1970561 -0.2854575 2.290204
-0.1892509 -0.4464601 2.03366
0.4840633 -0.4628236 2.20805
-0.438484 -0.7541424 1.909249
0.2677766 -0.760946 2.218291
-0.4043485 -0.7909534 1.807536
0.2685386 -0.8233614 2.176444
9
0.1263138 -0.2862007 2.309692
0.0526568 -0.2793775 2.252386
0.195732 -0.2837143 2.290625
-0.1908573 -0.4430604 2.032237
0.4819523 -0.4626589 2.209711
-0.4387678 -0.7517177 1.907523
0.2676879 -0.7610574 2.218462
-0.4045812 -0.7880315 1.805415
0.2685196 -0.8234608 2.176445
9
0.1263138 -0.2862007 2.309692
0.0526568 -0.2793775 2.252386
0.195732 -0.2837143 2.290625
-0.1908573 -0.4430604 2.032237
0.4819523 -0.4626589 2.209711
-0.4387678 -0.7517177 1.907523
0.2676879 -0.7610574 2.218462
-0.4045812 -0.7880315 1.805415
0.2685196 -0.8234608 2.176445
9
0.1233741 -0.2823722 2.309757
0.04997377 -0.2757957 2.252677
0.1925904 -0.2796645 2.290409
-0.1913768 -0.4429269 2.03285
0.4778904 -0.4609361 2.21326
-0.4379399 -0.7527218 1.908329
0.2672615 -0.7611215 2.218962
-0.4037697 -0.7887102 1.80598
0.2689354 -0.8234295 2.176471
9
0.1233741 -0.2823722 2.309757
0.04997377 -0.2757957 2.252677
0.1925904 -0.2796645 2.290409
-0.1913768 -0.4429269 2.03285
0.4778904 -0.4609361 2.21326
-0.4379399 -0.7527218 1.908329
0.2672615 -0.7611215 2.218962
-0.4037697 -0.7887102 1.80598
0.2689354 -0.8234295 2.176471
9
0.1185866 -0.2774309 2.308897
0.04543954 -0.2714538 2.251743
0.1877075 -0.2742171 2.28959
-0.194824 -0.4399462 2.031728
0.4710774 -0.4591715 2.214993
-0.4383672 -0.7523307 1.907815
0.266947 -0.7612982 2.219131
-0.4040717 -0.7880748 1.80532
0.2688969 -0.8235749 2.176479
9
0.1152665 -0.2716887 2.307878
0.04239753 -0.2668475 2.251111
0.1842296 -0.2673948 2.288085
-0.1999934 -0.4374094 2.035825
0.4629076 -0.4601399 2.217853
-0.4369551 -0.755132 1.912949
0.2662201 -0.7614727 2.219623
-0.4022318 -0.7903463 1.81026
0.2689037 -0.8236368 2.176455
9
0.1152665 -0.2716887 2.307878
0.04239753 -0.2668475 2.251111
0.1842296 -0.2673948 2.288085
-0.1999934 -0.4374094 2.035825
0.4629076 -0.4601399 2.217853
-0.4369551 -0.755132 1.912949
0.2662201 -0.7614727 2.219623
-0.4022318 -0.7903463 1.81026
0.2689037 -0.8236368 2.176455
9
0.1152665 -0.2716887 2.307878
0.04239753 -0.2668475 2.251111
0.1842296 -0.2673948 2.288085
-0.1999934 -0.4374094 2.035825
0.4629076 -0.4601399 2.217853
-0.4369551 -0.755132 1.912949
0.2662201 -0.7614727 2.219623
-0.4022318 -0.7903463 1.81026
0.2689037 -0.8236368 2.176455
9
0.1152665 -0.2716887 2.307878
0.04239753 -0.2668475 2.251111
0.1842296 -0.2673948 2.288085
-0.1999934 -0.4374094 2.035825
0.4629076 -0.4601399 2.217853
-0.4369551 -0.755132 1.912949
0.2662201 -0.7614727 2.219623
-0.4022318 -0.7903463 1.81026
0.2689037 -0.8236368 2.176455
9
0.1152665 -0.2716887 2.307878
0.04239753 -0.2668475 2.251111
0.1842296 -0.2673948 2.288085
-0.1999934 -0.4374094 2.035825
0.4629076 -0.4601399 2.217853
-0.4369551 -0.755132 1.912949
0.2662201 -0.7614727 2.219623
-0.4022318 -0.7903463 1.81026
0.2689037 -0.8236368 2.176455
9
0.1152665 -0.2716887 2.307878
0.04239753 -0.2668475 2.251111
0.1842296 -0.2673948 2.288085
-0.1999934 -0.4374094 2.035825
0.4629076 -0.4601399 2.217853
-0.4369551 -0.755132 1.912949
0.2662201 -0.7614727 2.219623
-0.4022318 -0.7903463 1.81026
0.2689037 -0.8236368 2.176455
9
0.1152665 -0.2716887 2.307878
0.04239753 -0.2668475 2.251111
0.1842296 -0.2673948 2.288085
-0.1999934 -0.4374094 2.035825
0.4629076 -0.4601399 2.217853
-0.4369551 -0.755132 1.912949
0.2662201 -0.7614727 2.219623
-0.4022318 -0.7903463 1.81026
0.2689037 -0.8236368 2.176455
9
0.1152665 -0.2716887 2.307878
0.04239753 -0.2668475 2.251111
0.1842296 -0.2673948 2.288085
-0.1999934 -0.4374094 2.035825
0.4629076 -0.4601399 2.217853
-0.4369551 -0.755132 1.912949
0.2662201 -0.7614727 2.219623
-0.4022318 -0.7903463 1.81026
0.2689037 -0.8236368 2.176455
9
0.0666074 -0.228037 2.304462
-0.001432014 -0.2294085 2.249008
0.1323838 -0.2190788 2.283199
-0.2462477 -0.4190088 2.036015
0.3760549 -0.455984 2.211431
-0.4442601 -0.7635002 1.917254
0.2594103 -0.7639822 2.220842
-0.4935538 -0.8012628 1.816879
0.2697941 -0.824825 2.176193
9
0.0666074 -0.228037 2.304462
-0.001432014 -0.2294085 2.249008
0.1323838 -0.2190788 2.283199
-0.2462477 -0.4190088 2.036015
0.3760549 -0.455984 2.211431
-0.4442601 -0.7635002 1.917254
0.2594103 -0.7639822 2.220842
-0.4935538 -0.8012628 1.816879
0.2697941 -0.824825 2.176193
9
0.06603637 -0.2253754 2.303335
-0.002005499 -0.2276096 2.248223
0.1318704 -0.2154683 2.281654
-0.2502494 -0.4186566 2.035174
0.3667409 -0.4613217 2.211759
-0.4484127 -0.7622639 1.917867
0.2500255 -0.7661995 2.221712
-0.4946194 -0.8015593 1.816742
0.2700491 -0.8243024 2.17592
9
0.06603637 -0.2253754 2.303335
-0.002005499 -0.2276096 2.248223
0.1318704 -0.2154683 2.281654
-0.2502494 -0.4186566 2.035174
0.3667409 -0.4613217 2.211759
-0.4484127 -0.7622639 1.917867
0.2500255 -0.7661995 2.221712
-0.4946194 -0.8015593 1.816742
0.2700491 -0.8243024 2.17592
9
0.06173378 -0.2184341 2.30147
-0.005855634 -0.2225182 2.246372
0.1272445 -0.2067254 2.279814
-0.2603219 -0.4149114 2.033745
0.248528 -0.3546028 2.222982
-0.4513704 -0.7590786 1.920352
0.2448288 -0.7658328 2.223373
-0.4925668 -0.7978057 1.82994
0.2685073 -0.8016652 2.119317
