40
9
0.06016793 -0.1716286 1.835438
-0.01630006 -0.1873116 1.809262
0.1342928 -0.1490549 1.787995
-0.1958528 -0.4673733 1.778785
0.2019528 -0.4403773 1.679876
-0.4095261 -0.747018 1.759822
0.02228207 -0.7556724 1.762244
-0.4083734 -0.7828421 1.64429
0.05272457 -0.8098085 1.694841
9
0.06016793 -0.1716286 1.835438
-0.01630006 -0.1873116 1.809262
0.1342928 -0.1490549 1.787995
-0.1958528 -0.4673733 1.778785
0.2019528 -0.4403773 1.679876
-0.4095261 -0.747018 1.759822
0.02228207 -0.7556724 1.762244
-0.4083734 -0.7828421 1.64429
0.05272457 -0.8098085 1.694841
9
0.06466617 -0.1750783 1.83577
-0.01157296 -0.1910861 1.809348
0.138392 -0.1520705 1.788575
-0.1954992 -0.4689488 1.77856
0.232216 -0.4338785 1.672913
-0.4089221 -0.7474697 1.759593
0.02386256 -0.7557129 1.761954
-0.4075135 -0.7835284 1.644381
0.05481238 -0.8083779 1.692544
9
0.06667973 -0.1764696 1.835822
-0.008655243 -0.193137 1.80917
0.139607 -0.1528885 1.788784
-0.1949735 -0.4699623 1.778407
0.2323662 -0.43487 1.672528
-0.40806 -0.7480689 1.759501
0.02506021 -0.7557418 1.761748
-0.4055419 -0.7838663 1.644256
0.0540878 -0.8083774 1.691033
9
0.06667973 -0.1764696 1.835822
-0.008655243 -0.193137 1.80917
0.139607 -0.1528885 1.788784
-0.1949735 -0.4699623 1.778407
0.2323662 -0.43487 1.672528
-0.40806 -0.7480689 1.759501
0.02506021 -0.7557418 1.761748
-0.4055419 -0.7838663 1.644256
0.0540878 -0.8083774 1.691033
9
0.06875235 -0.1786556 1.836092
-0.006794207 -0.194953 1.809444
0.1417183 -0.1552971 1.789083
-0.1944793 -0.4709203 1.778134
0.2330567 -0.4373238 1.671501
-0.4077023 -0.7487537 1.759431
0.02670521 -0.7539535 1.760595
-0.4057305 -0.7847845 1.644513
0.05845699 -0.8027936 1.685977
9
0.06875235 -0.1786556 1.836092
-0.006794207 -0.194953 1.809444
0.1417183 -0.1552971 1.789083
-0.1944793 -0.4709203 1.778134
0.2330567 -0.4373238 1.671501
-0.4077023 -0.7487537 1.759431
0.02670521 -0.7539535 1.760595
-0.4057305 -0.7847845 1.644513
0.05845699 -0.8027936 1.685977
9
0.06985751 -0.179538 1.83597
-0.00606415 -0.195625 1.809377
0.1431749 -0.1563402 1.788916
-0.1938446 -0.4716479 1.778052
0.2333211 -0.4386542 1.671079
-0.4071858 -0.7488964 1.759484
0.02824822 -0.7537721 1.760075
-0.4055187 -0.7849992 1.644789
0.05888364 -0.8025 1.684692
9
0.07119891 -0.1809552 1.835667
-0.005074501 -0.1966719 1.808969
0.1447988 -0.1580803 1.788782
-0.1719781 -0.4531443 1.774969
0.2339207 -0.4404409 1.670089
-0.4059062 -0.748845 1.759586
0.03014523 -0.7533986 1.759552
-0.4045485 -0.7850083 1.645293
0.06059603 -0.8028037 1.685581
9
0.07119891 -0.1809552 1.835667
-0.005074501 -0.1966719 1.808969
0.1447988 -0.1580803 1.788782
-0.1719781 -0.4531443 1.774969
0.2339207 -0.4404409 1.670089
-0.4059062 -0.748845 1.759586
0.03014523 -0.7533986 1.759552
-0.4045485 -0.7850083 1.645293
0.06059603 -0.8028037 1.685581
9
0.0714999 -0.1813815 1.835631
-0.00468776 -0.1970824 1.808888
0.1449963 -0.1584925 1.788793
-0.1941171 -0.4794654 1.777506
0.2341903 -0.4407027 1.669677
-0.4060512 -0.749517 1.759509
0.03028492 -0.753401 1.759442
-0.4048059 -0.7857009 1.645424
0.06304323 -0.8030755 1.688045
9
0.0714999 -0.1813815 1.835631
-0.00468776 -0.1970824 1.808888
0.1449963 -0.1584925 1.788793
-0.1941171 -0.4794654 1.777506
0.2341903 -0.4407027 1.669677
-0.4060512 -0.749517 1.759509
0.03028492 -0.753401 1.759442
-0.4048059 -0.7857009 1.645424
0.06304323 -0.8030755 1.688045
9
0.0714999 -0.1813815 1.835631
-0.00468776 -0.1970824 1.808888
0.1449963 -0.1584925 1.788793
-0.1941171 -0.4794654 1.777506
0.2341903 -0.4407027 1.669677
-0.4060512 -0.749517 1.759509
0.03028492 -0.753401 1.759442
-0.4048059 -0.7857009 1.645424
0.06304323 -0.8030755 1.688045
9
0.0714999 -0.1813815 1.835631
-0.00468776 -0.1970824 1.808888
0.1449963 -0.1584925 1.788793
-0.1941171 -0.4794654 1.777506
0.2341903 -0.4407027 1.669677
-0.4060512 -0.749517 1.759509
0.03028492 -0.753401 1.759442
-0.4048059 -0.7857009 1.645424
0.06304323 -0.8030755 1.688045
9
0.07154904 -0.1817334 1.83571
-0.004597623 -0.1973724 1.808856
0.144981 -0.1589276 1.789025
-0.1937059 -0.478643 1.77778
0.2219233 -0.4446641 1.669391
-0.4060959 -0.7496281 1.759583
0.03256569 -0.7526444 1.758844
-0.4049001 -0.7858003 1.645661
0.06459905 -0.8028324 1.687961
9
0.07154904 -0.1817334 1.83571
-0.004597623 -0.1973724 1.808856
0.144981 -0.1589276 1.789025
-0.1937059 -0.478643 1.77778
0.2219233 -0.4446641 1.669391
-0.4060959 -0.7496281 1.759583
0.03256569 -0.7526444 1.758844
-0.4049001 -0.7858003 1.645661
0.06459905 -0.8028324 1.687961
9
0.07154904 -0.1817334 1.83571
-0.004597623 -0.1973724 1.808856
0.144981 -0.1589276 1.789025
-0.1937059 -0.478643 1.77778
0.2219233 -0.4446641 1.669391
-0.4060959 -0.7496281 1.759583
0.03256569 -0.7526444 1.758844
-0.4049001 -0.7858003 1.645661
0.06459905 -0.8028324 1.687961
9
0.07138181 -0.1819863 1.835827
-0.004670531 -0.1974993 1.80889
0.144677 -0.1593253 1.789267
-0.1937355 -0.4784946 1.77782
0.2218623 -0.4449059 1.669339
-0.4060985 -0.7496664 1.759522
0.03216272 -0.7521653 1.758603
-0.4049549 -0.7858423 1.645746
0.05926315 -0.8068731 1.69221
9
0.07138181 -0.1819863 1.835827
-0.004670531 -0.1974993 1.80889
0.144677 -0.1593253 1.789267
-0.1937355 -0.4784946 1.77782
0.2218623 -0.4449059 1.669339
-0.4060985 -0.7496664 1.759522
0.03216272 -0.7521653 1.758603
-0.4049549 -0.7858423 1.645746
0.05926315 -0.8068731 1.69221
9
0.07121623 -0.1821737 1.835776
-0.004915555 -0.197661 1.808743
0.1445626 -0.159538 1.78929
-0.1936899 -0.4783088 1.777802
0.2294476 -0.4427803 1.669071
-0.4060392 -0.749666 1.759458
0.03198824 -0.7523839 1.758453
-0.4049245 -0.7858459 1.645843
0.05293516 -0.8085218 1.690806
9
0.07121623 -0.1821737 1.835776
-0.004915555 -0.197661 1.808743
0.1445626 -0.159538 1.78929
-0.1936899 -0.4783088 1.777802
0.2294476 -0.4427803 1.669071
-0.4060392 -0.749666 1.759458
0.03198824 -0.7523839 1.758453
-0.4049245 -0.7858459 1.645843
0.05293516 -0.8085218 1.690806
9
0.07086893 -0.1824913 1.835988
-0.005076385 -0.1979091 1.808848
0.1439683 -0.1599002 1.789649
-0.193751 -0.4783233 1.777827
0.230423 -0.4425372 1.669024
-0.4061531 -0.7496887 1.759433
0.03198786 -0.7523726 1.758484
-0.4050398 -0.78595 1.645869
0.02502048 -0.7882788 1.644223
9
0.07086893 -0.1824913 1.835988
-0.005076385 -0.1979091 1.808848
0.1439683 -0.1599002 1.789649
-0.193751 -0.4783233 1.777827
0.230423 -0.4425372 1.669024
-0.4061531 -0.7496887 1.759433
0.03198786 -0.7523726 1.758484
-0.4050398 -0.78595 1.645869
0.02502048 -0.7882788 1.644223
9
0.07086893 -0.1824913 1.835988
-0.005076385 -0.1979091 1.808848
0.1439683 -0.1599002 1.789649
-0.193751 -0.4783233 1.777827
0.230423 -0.4425372 1.669024
-0.4061531 -0.7496887 1.759433
0.03198786 -0.7523726 1.758484
-0.4050398 -0.78595 1.645869
0.02502048 -0.7882788 1.644223
9
0.07086893 -0.1824913 1.835988
-0.005076385 -0.1979091 1.808848
0.1439683 -0.1599002 1.789649
-0.193751 -0.4783233 1.777827
0.230423 -0.4425372 1.669024
-0.4061531 -0.7496887 1.759433
0.03198786 -0.7523726 1.758484
-0.4050398 -0.78595 1.645869
0.02502048 -0.7882788 1.644223
9
0.07070236 -0.1826274 1.83617
-0.00521695 -0.1980031 1.808981
0.1437905 -0.1600634 1.789875
-0.1937612 -0.478028 1.778168
0.2305658 -0.4424832 1.668846
-0.4061769 -0.7496994 1.759445
0.0317945 -0.752849 1.758708
-0.4051174 -0.7860363 1.645931
0.0247767 -0.7888248 1.6445
9
0.07070236 -0.1826274 1.83617
-0.00521695 -0.1980031 1.808981
0.1437905 -0.1600634 1.789875
-0.1937612 -0.478028 1.778168
0.2305658 -0.4424832 1.668846
-0.4061769 -0.7496994 1.759445
0.0317945 -0.752849 1.758708
-0.4051174 -0.7860363 1.645931
0.0247767 -0.7888248 1.6445
9
0.07003643 -0.1828044 1.836415
-0.005839543 -0.1981428 1.809238
0.14312 -0.1602544 1.790096
-0.1938012 -0.4781065 1.778294
0.2302865 -0.4424709 1.668783
-0.4062557 -0.7496971 1.759426
0.03165023 -0.753075 1.758777
-0.4052017 -0.786086 1.64594
0.02462823 -0.7890996 1.644598
9
0.07003643 -0.1828044 1.836415
-0.005839543 -0.1981428 1.809238
0.14312 -0.1602544 1.790096
-0.1938012 -0.4781065 1.778294
0.2302865 -0.4424709 1.668783
-0.4062557 -0.7496971 1.759426
0.03165023 -0.753075 1.758777
-0.4052017 -0.786086 1.64594
0.02462823 -0.7890996 1.644598
9
0.07003853 -0.182798 1.836415
-0.005832712 -0.1981264 1.809244
0.1431203 -0.1602506 1.790092
-0.1659946 -0.4586335 1.77757
0.2197486 -0.4457705 1.669431
-0.406253 -0.7497108 1.759382
0.0317589 -0.753264 1.758834
-0.4052928 -0.7861623 1.645938
0.024641 -0.7893491 1.644697
9
0.07003853 -0.182798 1.836415
-0.005832712 -0.1981264 1.809244
0.1431203 -0.1602506 1.790092
-0.1659946 -0.4586335 1.77757
0.2197486 -0.4457705 1.669431
-0.406253 -0.7497108 1.759382
0.0317589 -0.753264 1.758834
-0.4052928 -0.7861623 1.645938
0.024641 -0.7893491 1.644697
9
0.06997356 -0.1827666 1.836432
-0.005887686 -0.1981163 1.809251
0.1430434 -0.1601855 1.790122
-0.1946137 -0.4784514 1.779468
0.2069267 -0.4501067 1.673892
-0.4062577 -0.7497085 1.759429
0.03152873 -0.7533114 1.758965
-0.4053346 -0.7861939 1.646016
0.02437821 -0.7894302 1.644859
9
0.06997356 -0.1827666 1.836432
-0.005887686 -0.1981163 1.809251
0.1430434 -0.1601855 1.790122
-0.1946137 -0.4784514 1.779468
0.2069267 -0.4501067 1.673892
-0.4062577 -0.7497085 1.759429
0.03152873 -0.7533114 1.758965
-0.4053346 -0.7861939 1.646016
0.02437821 -0.7894302 1.644859
9
0.06997356 -0.1827666 1.836432
-0.005887686 -0.1981163 1.809251
0.1430434 -0.1601855 1.790122
-0.1946137 -0.4784514 1.779468
0.2069267 -0.4501067 1.673892
-0.4062577 -0.7497085 1.759429
0.03152873 -0.7533114 1.758965
-0.4053346 -0.7861939 1.646016
0.02437821 -0.7894302 1.644859
9
0.06997356 -0.1827666 1.836432
-0.005887686 -0.1981163 1.809251
0.1430434 -0.1601855 1.790122
-0.1946137 -0.4784514 1.779468
0.2069267 -0.4501067 1.673892
-0.4062577 -0.7497085 1.759429
0.03152873 -0.7533114 1.758965
-0.4053346 -0.7861939 1.646016
0.02437821 -0.7894302 1.644859
9
0.06970955 -0.1824892 1.836496
-0.006027864 -0.1979457 1.809281
0.1426292 -0.1597755 1.790224
-0.1715913 -0.4558815 1.777638
0.2252471 -0.4443102 1.669632
-0.4063802 -0.7498183 1.759457
0.03090495 -0.7537597 1.759171
-0.4047362 -0.7861899 1.64603
0.04464522 -0.8106312 1.68955
9
0.06970955 -0.1824892 1.836496
-0.006027864 -0.1979457 1.809281
0.1426292 -0.1597755 1.790224
-0.1715913 -0.4558815 1.777638
0.2252471 -0.4443102 1.669632
-0.4063802 -0.7498183 1.759457
0.03090495 -0.7537597 1.759171
-0.4047362 -0.7861899 1.64603
0.04464522 -0.8106312 1.68955
9
0.0691397 -0.1820193 1.836692
-0.006607462 -0.1974996 1.809395
0.1420951 -0.1592894 1.790497
-0.1942398 -0.47194 1.780489
0.225494 -0.4435088 1.66956
-0.4064609 -0.7498325 1.759523
0.03005194 -0.7540584 1.75883
-0.4043459 -0.7861859 1.646022
0.02411806 -0.7900333 1.64464
9
0.0691397 -0.1820193 1.836692
-0.006607462 -0.1974996 1.809395
0.1420951 -0.1592894 1.790497
-0.1942398 -0.47194 1.780489
0.225494 -0.4435088 1.66956
-0.4064609 -0.7498325 1.759523
0.03005194 -0.7540584 1.75883
-0.4043459 -0.7861859 1.646022
0.02411806 -0.7900333 1.64464
9
0.06859029 -0.1814995 1.836642
-0.007409513 -0.1969132 1.809347
0.1417687 -0.1588401 1.790437
-0.1937401 -0.471441 1.780494
0.2253815 -0.4430416 1.66962
-0.4066783 -0.7499212 1.759483
0.02943649 -0.7543924 1.758809
-0.4042626 -0.7862044 1.64603
0.05375274 -0.8084152 1.689572
