40
9
-0.1188126 -0.1325484 2.136746
-0.192143 -0.1284859 2.086554
-0.04120756 -0.1318541 2.110074
-0.3535063 -0.4313976 2.055728
0.1268122 -0.4320494 2.029165
-0.5607076 -0.7575642 2.084842
0.1468012 -0.7469944 2.063807
-0.533439 -0.785372 1.974482
0.1623569 -0.7744837 1.952432
9
-0.1188126 -0.1325484 2.136746
-0.192143 -0.1284859 2.086554
-0.04120756 -0.1318541 2.110074
-0.3535063 -0.4313976 2.055728
0.1268122 -0.4320494 2.029165
-0.5607076 -0.7575642 2.084842
0.1468012 -0.7469944 2.063807
-0.533439 -0.785372 1.974482
0.1623569 -0.7744837 1.952432
9
-0.1188126 -0.1325484 2.136746
-0.192143 -0.1284859 2.086554
-0.04120756 -0.1318541 2.110074
-0.3535063 -0.4313976 2.055728
0.1268122 -0.4320494 2.029165
-0.5607076 -0.7575642 2.084842
0.1468012 -0.7469944 2.063807
-0.533439 -0.785372 1.974482
0.1623569 -0.7744837 1.952432
9
-0.1188126 -0.1325484 2.136746
-0.192143 -0.1284859 2.086554
-0.04120756 -0.1318541 2.110074
-0.3535063 -0.4313976 2.055728
0.1268122 -0.4320494 2.029165
-0.5607076 -0.7575642 2.084842
0.1468012 -0.7469944 2.063807
-0.533439 -0.785372 1.974482
0.1623569 -0.7744837 1.952432
9
-0.07941861 -0.1547511 2.138157
-0.1531992 -0.1507949 2.08847
-0.002825042 -0.1531389 2.110974
-0.3205466 -0.4504176 2.056899
0.1654716 -0.4495842 2.012408
-0.561644 -0.7771404 2.084632
0.1537476 -0.7470878 2.057332
-0.6081523 -0.8084134 2.026945
0.1684716 -0.7757912 1.946486
9
-0.07941861 -0.1547511 2.138157
-0.1531992 -0.1507949 2.08847
-0.002825042 -0.1531389 2.110974
-0.3205466 -0.4504176 2.056899
0.1654716 -0.4495842 2.012408
-0.561644 -0.7771404 2.084632
0.1537476 -0.7470878 2.057332
-0.6081523 -0.8084134 2.026945
0.1684716 -0.7757912 1.946486
9
-0.07941861 -0.1547511 2.138157
-0.1531992 -0.1507949 2.08847
-0.002825042 -0.1531389 2.110974
-0.3205466 -0.4504176 2.056899
0.1654716 -0.4495842 2.012408
-0.561644 -0.7771404 2.084632
0.1537476 -0.7470878 2.057332
-0.6081523 -0.8084134 2.026945
0.1684716 -0.7757912 1.946486
9
-0.07941861 -0.1547511 2.138157
-0.1531992 -0.1507949 2.08847
-0.002825042 -0.1531389 2.110974
-0.3205466 -0.4504176 2.056899
0.1654716 -0.4495842 2.012408
-0.561644 -0.7771404 2.084632
0.1537476 -0.7470878 2.057332
-0.6081523 -0.8084134 2.026945
0.1684716 -0.7757912 1.946486
9
-0.05103489 -0.1747521 2.140599
-0.1226882 -0.1698256 2.090021
0.02263245 -0.1734449 2.114299
-0.3002105 -0.4633784 2.060148
0.197932 -0.4616946 1.999969
-0.5536495 -0.7811468 2.084311
0.1564514 -0.7478902 2.05354
-0.6172021 -0.8120186 2.031957
0.1768198 -0.8085036 2.009685
9
-0.05103489 -0.1747521 2.140599
-0.1226882 -0.1698256 2.090021
0.02263245 -0.1734449 2.114299
-0.3002105 -0.4633784 2.060148
0.197932 -0.4616946 1.999969
-0.5536495 -0.7811468 2.084311
0.1564514 -0.7478902 2.05354
-0.6172021 -0.8120186 2.031957
0.1768198 -0.8085036 2.009685
9
-0.03513147 -0.1844081 2.139947
-0.108316 -0.1792613 2.089698
0.03932527 -0.1828856 2.113342
-0.2920226 -0.4688405 2.061914
0.2145809 -0.4691659 1.992808
-0.5505038 -0.7827323 2.084612
0.1564107 -0.7588485 2.05034
-0.6112876 -0.8104519 2.030315
0.1801371 -0.8154573 2.008124
9
-0.03513147 -0.1844081 2.139947
-0.108316 -0.1792613 2.089698
0.03932527 -0.1828856 2.113342
-0.2920226 -0.4688405 2.061914
0.2145809 -0.4691659 1.992808
-0.5505038 -0.7827323 2.084612
0.1564107 -0.7588485 2.05034
-0.6112876 -0.8104519 2.030315
0.1801371 -0.8154573 2.008124
9
-0.02506303 -0.1909946 2.141853
-0.09924735 -0.1849524 2.091469
0.05004227 -0.1902106 2.115415
-0.2845042 -0.4735523 2.063537
0.2286443 -0.4719633 1.98728
-0.5484039 -0.783151 2.084501
0.1556958 -0.7600556 2.050077
-0.6193657 -0.8134629 2.026479
0.1806279 -0.8161787 2.007855
9
-0.02506303 -0.1909946 2.141853
-0.09924735 -0.1849524 2.091469
0.05004227 -0.1902106 2.115415
-0.2845042 -0.4735523 2.063537
0.2286443 -0.4719633 1.98728
-0.5484039 -0.783151 2.084501
0.1556958 -0.7600556 2.050077
-0.6193657 -0.8134629 2.026479
0.1806279 -0.8161787 2.007855
9
-0.01200299 -0.2003993 2.143225
-0.08643254 -0.1935549 2.092975
0.06282926 -0.2000765 2.11668
-0.2788383 -0.4774937 2.064364
0.2408273 -0.4793978 1.980831
-0.5239049 -0.7539036 2.083364
0.1550016 -0.7612563 2.049517
-0.4960204 -0.7862618 1.975742
0.1818653 -0.8164725 2.006502
9
-0.01200299 -0.2003993 2.143225
-0.08643254 -0.1935549 2.092975
0.06282926 -0.2000765 2.11668
-0.2788383 -0.4774937 2.064364
0.2408273 -0.4793978 1.980831
-0.5239049 -0.7539036 2.083364
0.1550016 -0.7612563 2.049517
-0.4960204 -0.7862618 1.975742
0.1818653 -0.8164725 2.006502
9
-0.001798248 -0.2072682 2.14451
-0.07660469 -0.1995488 2.09492
0.07308973 -0.2076349 2.117305
-0.2744309 -0.479836 2.065331
0.2497565 -0.4858228 1.976519
-0.5230532 -0.7539356 2.083346
0.1559524 -0.760734 2.0478
-0.4950476 -0.7868599 1.976107
0.1814426 -0.8166397 2.005921
9
-0.001798248 -0.2072682 2.14451
-0.07660469 -0.1995488 2.09492
0.07308973 -0.2076349 2.117305
-0.2744309 -0.479836 2.065331
0.2497565 -0.4858228 1.976519
-0.5230532 -0.7539356 2.083346
0.1559524 -0.760734 2.0478
-0.4950476 -0.7868599 1.976107
0.1814426 -0.8166397 2.005921
9
0.007622356 -0.2137579 2.145925
-0.0675386 -0.204871 2.09726
0.0825924 -0.215151 2.117789
-0.272829 -0.4799297 2.065523
0.2578467 -0.4920107 1.971639
-0.5433897 -0.7838185 2.086194
0.1559982 -0.764744 2.047508
-0.6197684 -0.8148465 2.026723
0.1801104 -0.8213137 2.007854
9
0.007622356 -0.2137579 2.145925
-0.0675386 -0.204871 2.09726
0.0825924 -0.215151 2.117789
-0.272829 -0.4799297 2.065523
0.2578467 -0.4920107 1.971639
-0.5433897 -0.7838185 2.086194
0.1559982 -0.764744 2.047508
-0.6197684 -0.8148465 2.026723
0.1801104 -0.8213137 2.007854
9
0.01439011 -0.2188058 2.146087
-0.06092992 -0.2088121 2.097797
0.08923311 -0.2211436 2.117592
-0.2721042 -0.479466 2.065704
0.2631756 -0.4976301 1.968821
-0.5424882 -0.7837263 2.084687
0.1558506 -0.768938 2.046128
-0.6210348 -0.8151032 2.025264
0.180745 -0.8252186 2.0081
9
0.01439011 -0.2188058 2.146087
-0.06092992 -0.2088121 2.097797
0.08923311 -0.2211436 2.117592
-0.2721042 -0.479466 2.065704
0.2631756 -0.4976301 1.968821
-0.5424882 -0.7837263 2.084687
0.1558506 -0.768938 2.046128
-0.6210348 -0.8151032 2.025264
0.180745 -0.8252186 2.0081
9
0.01439011 -0.2188058 2.146087
-0.06092992 -0.2088121 2.097797
0.08923311 -0.2211436 2.117592
-0.2721042 -0.479466 2.065704
0.2631756 -0.4976301 1.968821
-0.5424882 -0.7837263 2.084687
0.1558506 -0.768938 2.046128
-0.6210348 -0.8151032 2.025264
0.180745 -0.8252186 2.0081
9
0.01439011 -0.2188058 2.146087
-0.06092992 -0.2088121 2.097797
0.08923311 -0.2211436 2.117592
-0.2721042 -0.479466 2.065704
0.2631756 -0.4976301 1.968821
-0.5424882 -0.7837263 2.084687
0.1558506 -0.768938 2.046128
-0.6210348 -0.8151032 2.025264
0.180745 -0.8252186 2.0081
9
0.02027122 -0.2211249 2.146222
-0.05486382 -0.2099039 2.09694
0.09500853 -0.224745 2.118814
-0.2696367 -0.4778045 2.065248
0.2681095 -0.5001951 1.966421
-0.5388858 -0.7832918 2.082555
0.1560469 -0.7692499 2.046013
-0.6176151 -0.8120319 2.019401
0.1807971 -0.8255892 2.008188
9
0.02027122 -0.2211249 2.146222
-0.05486382 -0.2099039 2.09694
0.09500853 -0.224745 2.118814
-0.2696367 -0.4778045 2.065248
0.2681095 -0.5001951 1.966421
-0.5388858 -0.7832918 2.082555
0.1560469 -0.7692499 2.046013
-0.6176151 -0.8120319 2.019401
0.1807971 -0.8255892 2.008188
9
0.02332923 -0.2225189 2.145847
-0.05164261 -0.2105697 2.095935
0.0978418 -0.2268107 2.119058
-0.2677687 -0.4774266 2.064434
0.2703283 -0.5026947 1.966992
-0.5367978 -0.7832134 2.080942
0.1568007 -0.7694404 2.045269
-0.6157573 -0.8104178 2.01629
0.1811955 -0.8258253 2.005849
9
0.02332923 -0.2225189 2.145847
-0.05164261 -0.2105697 2.095935
0.0978418 -0.2268107 2.119058
-0.2677687 -0.4774266 2.064434
0.2703283 -0.5026947 1.966992
-0.5367978 -0.7832134 2.080942
0.1568007 -0.7694404 2.045269
-0.6157573 -0.8104178 2.01629
0.1811955 -0.8258253 2.005849
9
0.02468448 -0.222368 2.146072
-0.05020534 -0.2099067 2.095773
0.09918254 -0.2270949 2.119692
-0.2667878 -0.4764588 2.06391
0.2731203 -0.5018391 1.967105
-0.5348591 -0.7830632 2.080726
0.1618682 -0.7646428 2.043655
-0.6137751 -0.8087065 2.013922
0.1792119 -0.8235047 2.006099
9
0.02468448 -0.222368 2.146072
-0.05020534 -0.2099067 2.095773
0.09918254 -0.2270949 2.119692
-0.2667878 -0.4764588 2.06391
0.2731203 -0.5018391 1.967105
-0.5348591 -0.7830632 2.080726
0.1618682 -0.7646428 2.043655
-0.6137751 -0.8087065 2.013922
0.1792119 -0.8235047 2.006099
9
0.02468448 -0.222368 2.146072
-0.05020534 -0.2099067 2.095773
0.09918254 -0.2270949 2.119692
-0.2667878 -0.4764588 2.06391
0.2731203 -0.5018391 1.967105
-0.5348591 -0.7830632 2.080726
0.1618682 -0.7646428 2.043655
-0.6137751 -0.8087065 2.013922
0.1792119 -0.8235047 2.006099
9
0.02468448 -0.222368 2.146072
-0.05020534 -0.2099067 2.095773
0.09918254 -0.2270949 2.119692
-0.2667878 -0.4764588 2.06391
0.2731203 -0.5018391 1.967105
-0.5348591 -0.7830632 2.080726
0.1618682 -0.7646428 2.043655
-0.6137751 -0.8087065 2.013922
0.1792119 -0.8235047 2.006099
9
0.02468448 -0.222368 2.146072
-0.05020534 -0.2099067 2.095773
0.09918254 -0.2270949 2.119692
-0.2667878 -0.4764588 2.06391
0.2731203 -0.5018391 1.967105
-0.5348591 -0.7830632 2.080726
0.1618682 -0.7646428 2.043655
-0.6137751 -0.8087065 2.013922
0.1792119 -0.8235047 2.006099
9
0.02468448 -0.222368 2.146072
-0.05020534 -0.2099067 2.095773
0.09918254 -0.2270949 2.119692
-0.2667878 -0.4764588 2.06391
0.2731203 -0.5018391 1.967105
-0.5348591 -0.7830632 2.080726
0.1618682 -0.7646428 2.043655
-0.6137751 -0.8087065 2.013922
0.1792119 -0.8235047 2.006099
9
0.0227167 -0.2171015 2.147018
-0.05241818 -0.2018619 2.095515
0.09722394 -0.2237354 2.121513
-0.2641503 -0.4723403 2.064354
0.2722663 -0.4996169 1.973399
-0.5296634 -0.7810568 2.0825
0.1628566 -0.7624868 2.043503
-0.6088344 -0.8044958 2.013623
0.1784936 -0.8218279 2.005826
9
0.0227167 -0.2171015 2.147018
-0.05241818 -0.2018619 2.095515
0.09722394 -0.2237354 2.121513
-0.2641503 -0.4723403 2.064354
0.2722663 -0.4996169 1.973399
-0.5296634 -0.7810568 2.0825
0.1628566 -0.7624868 2.043503
-0.6088344 -0.8044958 2.013623
0.1784936 -0.8218279 2.005826
9
0.01911378 -0.2102705 2.148022
-0.0558568 -0.1944799 2.095452
0.0935098 -0.2179829 2.123595
-0.2629121 -0.4685717 2.065207
0.2692066 -0.4947052 1.978399
-0.5269878 -0.77862 2.082766
0.162897 -0.7625278 2.043729
-0.6062575 -0.8015581 2.013465
0.1790497 -0.8217146 2.005505
9
0.01911378 -0.2102705 2.148022
-0.0558568 -0.1944799 2.095452
0.0935098 -0.2179829 2.123595
-0.2629121 -0.4685717 2.065207
0.2692066 -0.4947052 1.978399
-0.5269878 -0.77862 2.082766
0.162897 -0.7625278 2.043729
-0.6062575 -0.8015581 2.013465
0.1790497 -0.8217146 2.005505
9
0.01133058 -0.2003071 2.148865
-0.06412794 -0.1836034 2.095788
0.08646482 -0.2095744 2.124957
-0.2621968 -0.4642517 2.066529
0.2629097 -0.4879164 1.984872
-0.5100426 -0.7600703 2.084324
0.1627726 -0.7620822 2.044796
-0.5882241 -0.7883438 2.017164
0.1776252 -0.821678 2.009861
9
0.01133058 -0.2003071 2.148865
-0.06412794 -0.1836034 2.095788
0.08646482 -0.2095744 2.124957
-0.2621968 -0.4642517 2.066529
0.2629097 -0.4879164 1.984872
-0.5100426 -0.7600703 2.084324
0.1627726 -0.7620822 2.044796
-0.5882241 -0.7883438 2.017164
0.1776252 -0.821678 2.009861
