40
9
-0.2018528 -0.3736589 2.193067
-0.2716348 -0.3726229 2.128331
-0.1253911 -0.3622494 2.184693
-0.4442775 -0.6579658 2.071301
0.009913611 -0.6550317 2.169602
-0.6349454 -0.9490419 2.024131
-0.03868431 -0.9701536 2.186175
-0.5712112 -0.9937662 1.905775
0.01572577 -1.014979 2.066261
9
-0.2018528 -0.3736589 2.193067
-0.2716348 -0.3726229 2.128331
-0.1253911 -0.3622494 2.184693
-0.4442775 -0.6579658 2.071301
0.009913611 -0.6550317 2.169602
-0.6349454 -0.9490419 2.024131
-0.03868431 -0.9701536 2.186175
-0.5712112 -0.9937662 1.905775
0.01572577 -1.014979 2.066261
9
-0.1857422 -0.3836612 2.198737
-0.2558024 -0.382731 2.134784
-0.109546 -0.3718567 2.1896
-0.4252535 -0.6566644 2.07701
0.02856186 -0.6637971 2.165563
-0.6307979 -0.949295 2.023478
-0.03528705 -0.971769 2.184277
-0.5671237 -0.9943178 1.90533
0.01906994 -1.016876 2.064595
9
-0.1857422 -0.3836612 2.198737
-0.2558024 -0.382731 2.134784
-0.109546 -0.3718567 2.1896
-0.4252535 -0.6566644 2.07701
0.02856186 -0.6637971 2.165563
-0.6307979 -0.949295 2.023478
-0.03528705 -0.971769 2.184277
-0.5671237 -0.9943178 1.90533
0.01906994 -1.016876 2.064595
9
-0.1675013 -0.3947873 2.203345
-0.237684 -0.3943111 2.139228
-0.09181857 -0.3821874 2.194366
-0.4154146 -0.6601281 2.079442
0.04789049 -0.6734553 2.162542
-0.6288553 -0.9511895 2.021837
-0.02812701 -0.9677479 2.179758
-0.5658224 -0.9965286 1.903571
0.02550668 -1.013233 2.059937
9
-0.1553417 -0.4033739 2.208494
-0.2260795 -0.4027543 2.144353
-0.07951991 -0.3906576 2.199554
-0.4057079 -0.6672372 2.083635
0.07042108 -0.6768883 2.161873
-0.6272165 -0.9540625 2.021063
-0.02413612 -0.967356 2.1786
-0.5641699 -0.9997826 1.903133
0.009652825 -1.045956 2.161757
9
-0.1553417 -0.4033739 2.208494
-0.2260795 -0.4027543 2.144353
-0.07951991 -0.3906576 2.199554
-0.4057079 -0.6672372 2.083635
0.07042108 -0.6768883 2.161873
-0.6272165 -0.9540625 2.021063
-0.02413612 -0.967356 2.1786
-0.5641699 -0.9997826 1.903133
0.009652825 -1.045956 2.161757
9
-0.1399533 -0.4151748 2.213848
-0.2118224 -0.4143841 2.150141
-0.0634821 -0.40229 2.204502
-0.3962686 -0.675398 2.087482
0.08684509 -0.6880004 2.161101
-0.6217118 -0.9548249 2.021653
-0.01865984 -0.9680492 2.176258
-0.5592707 -1.000831 1.903584
0.005883779 -1.04935 2.159871
9
-0.1399533 -0.4151748 2.213848
-0.2118224 -0.4143841 2.150141
-0.0634821 -0.40229 2.204502
-0.3962686 -0.675398 2.087482
0.08684509 -0.6880004 2.161101
-0.6217118 -0.9548249 2.021653
-0.01865984 -0.9680492 2.176258
-0.5592707 -1.000831 1.903584
0.005883779 -1.04935 2.159871
9
-0.1399533 -0.4151748 2.213848
-0.2118224 -0.4143841 2.150141
-0.0634821 -0.40229 2.204502
-0.3962686 -0.675398 2.087482
0.08684509 -0.6880004 2.161101
-0.6217118 -0.9548249 2.021653
-0.01865984 -0.9680492 2.176258
-0.5592707 -1.000831 1.903584
0.005883779 -1.04935 2.159871
9
-0.1399533 -0.4151748 2.213848
-0.2118224 -0.4143841 2.150141
-0.0634821 -0.40229 2.204502
-0.3962686 -0.675398 2.087482
0.08684509 -0.6880004 2.161101
-0.6217118 -0.9548249 2.021653
-0.01865984 -0.9680492 2.176258
-0.5592707 -1.000831 1.903584
0.005883779 -1.04935 2.159871
9
-0.1173655 -0.4361766 2.222004
-0.1889971 -0.4348497 2.159726
-0.04189879 -0.423203 2.211351
-0.3853507 -0.6865677 2.091039
0.1213597 -0.7012703 2.161742
-0.6121361 -0.953993 2.022195
-0.01249812 -0.9657401 2.173086
-0.5514332 -1.000909 1.903792
0.007000963 -1.048752 2.15279
9
-0.1173655 -0.4361766 2.222004
-0.1889971 -0.4348497 2.159726
-0.04189879 -0.423203 2.211351
-0.3853507 -0.6865677 2.091039
0.1213597 -0.7012703 2.161742
-0.6121361 -0.953993 2.022195
-0.01249812 -0.9657401 2.173086
-0.5514332 -1.000909 1.903792
0.007000963 -1.048752 2.15279
9
-0.1104481 -0.4415497 2.224133
-0.1826962 -0.4393054 2.161844
-0.03459636 -0.4293918 2.213493
-0.3788134 -0.691283 2.093878
0.128981 -0.7070311 2.16208
-0.5999357 -0.9509673 2.02455
-0.005215444 -0.9628492 2.171024
-0.5395718 -0.9980333 1.906071
0.006781882 -1.047322 2.148509
9
-0.1104481 -0.4415497 2.224133
-0.1826962 -0.4393054 2.161844
-0.03459636 -0.4293918 2.213493
-0.3788134 -0.691283 2.093878
0.128981 -0.7070311 2.16208
-0.5999357 -0.9509673 2.02455
-0.005215444 -0.9628492 2.171024
-0.5395718 -0.9980333 1.906071
0.006781882 -1.047322 2.148509
9
-0.1016578 -0.447494 2.226605
-0.1743282 -0.4445195 2.165225
-0.02562285 -0.4359227 2.215058
-0.3717981 -0.695381 2.096164
0.1377262 -0.7134266 2.162428
-0.6041601 -0.954717 2.021089
-0.003213078 -0.9671603 2.173146
-0.5450044 -1.0019 1.902066
0.04652922 -1.014551 2.052645
9
-0.1016578 -0.447494 2.226605
-0.1743282 -0.4445195 2.165225
-0.02562285 -0.4359227 2.215058
-0.3717981 -0.695381 2.096164
0.1377262 -0.7134266 2.162428
-0.6041601 -0.954717 2.021089
-0.003213078 -0.9671603 2.173146
-0.5450044 -1.0019 1.902066
0.04652922 -1.014551 2.052645
9
-0.1016578 -0.447494 2.226605
-0.1743282 -0.4445195 2.165225
-0.02562285 -0.4359227 2.215058
-0.3717981 -0.695381 2.096164
0.1377262 -0.7134266 2.162428
-0.6041601 -0.954717 2.021089
-0.003213078 -0.9671603 2.173146
-0.5450044 -1.0019 1.902066
0.04652922 -1.014551 2.052645
9
-0.08960129 -0.4585176 2.230145
-0.1631276 -0.4543161 2.169235
-0.01317329 -0.4478095 2.21814
-0.3666594 -0.7000492 2.097199
0.1533474 -0.7230648 2.164258
-0.6029456 -0.9550764 2.020579
0.0009898096 -0.9644667 2.170773
-0.5436546 -1.002516 1.901832
0.05081988 -1.012144 2.050539
9
-0.08960129 -0.4585176 2.230145
-0.1631276 -0.4543161 2.169235
-0.01317329 -0.4478095 2.21814
-0.3666594 -0.7000492 2.097199
0.1533474 -0.7230648 2.164258
-0.6029456 -0.9550764 2.020579
0.0009898096 -0.9644667 2.170773
-0.5436546 -1.002516 1.901832
0.05081988 -1.012144 2.050539
9
-0.07947022 -0.4646162 2.265409
-0.150563 -0.4626088 2.207649
-0.00562628 -0.4518983 2.250537
-0.3592585 -0.6962174 2.095906
0.1581439 -0.7247949 2.159785
-0.6057745 -0.9580905 2.017154
0.003712479 -0.9652793 2.17055
-0.5470074 -1.007971 1.899964
0.0529287 -1.01544 2.05184
9
-0.07947022 -0.4646162 2.265409
-0.150563 -0.4626088 2.207649
-0.00562628 -0.4518983 2.250537
-0.3592585 -0.6962174 2.095906
0.1581439 -0.7247949 2.159785
-0.6057745 -0.9580905 2.017154
0.003712479 -0.9652793 2.17055
-0.5470074 -1.007971 1.899964
0.0529287 -1.01544 2.05184
9
-0.07765528 -0.4788108 2.274025
-0.1489701 -0.4776227 2.218958
-0.003824614 -0.4647653 2.256663
-0.3841657 -0.6799984 2.092639
0.2206699 -0.688713 2.151835
-0.5746766 -0.9376937 2.02659
0.01023295 -0.9687296 2.171013
-0.5168216 -0.9884021 1.909306
0.05889326 -1.019409 2.052485
9
-0.07765528 -0.4788108 2.274025
-0.1489701 -0.4776227 2.218958
-0.003824614 -0.4647653 2.256663
-0.3841657 -0.6799984 2.092639
0.2206699 -0.688713 2.151835
-0.5746766 -0.9376937 2.02659
0.01023295 -0.9687296 2.171013
-0.5168216 -0.9884021 1.909306
0.05889326 -1.019409 2.052485
9
-0.07725048 -0.4821512 2.276144
-0.1486882 -0.4805039 2.221538
-0.003325923 -0.4684795 2.258238
-0.386257 -0.6793609 2.092631
0.2237136 -0.6893461 2.150582
-0.5743081 -0.9375553 2.026629
0.0117189 -0.9714757 2.170706
-0.5166799 -0.988506 1.9094
0.06013457 -1.022359 2.052252
9
-0.07725048 -0.4821512 2.276144
-0.1486882 -0.4805039 2.221538
-0.003325923 -0.4684795 2.258238
-0.386257 -0.6793609 2.092631
0.2237136 -0.6893461 2.150582
-0.5743081 -0.9375553 2.026629
0.0117189 -0.9714757 2.170706
-0.5166799 -0.988506 1.9094
0.06013457 -1.022359 2.052252
9
-0.07725048 -0.4821512 2.276144
-0.1486882 -0.4805039 2.221538
-0.003325923 -0.4684795 2.258238
-0.386257 -0.6793609 2.092631
0.2237136 -0.6893461 2.150582
-0.5743081 -0.9375553 2.026629
0.0117189 -0.9714757 2.170706
-0.5166799 -0.988506 1.9094
0.06013457 -1.022359 2.052252
9
-0.07725048 -0.4821512 2.276144
-0.1486882 -0.4805039 2.221538
-0.003325923 -0.4684795 2.258238
-0.386257 -0.6793609 2.092631
0.2237136 -0.6893461 2.150582
-0.5743081 -0.9375553 2.026629
0.0117189 -0.9714757 2.170706
-0.5166799 -0.988506 1.9094
0.06013457 -1.022359 2.052252
9
-0.07688025 -0.4837193 2.277453
-0.1483938 -0.4817354 2.2226
-0.002908061 -0.470316 2.259727
-0.387226 -0.67883 2.092327
0.2253457 -0.6896014 2.149998
-0.5742319 -0.9375995 2.026647
0.01460159 -0.9713283 2.170964
-0.516817 -0.9886815 1.909397
0.06276079 -1.022347 2.052489
9
-0.07688025 -0.4837193 2.277453
-0.1483938 -0.4817354 2.2226
-0.002908061 -0.470316 2.259727
-0.387226 -0.67883 2.092327
0.2253457 -0.6896014 2.149998
-0.5742319 -0.9375995 2.026647
0.01460159 -0.9713283 2.170964
-0.516817 -0.9886815 1.909397
0.06276079 -1.022347 2.052489
9
-0.07684391 -0.4840502 2.27812
-0.1484173 -0.4819057 2.22298
-0.00278932 -0.4708292 2.260705
-0.388419 -0.677151 2.090944
0.2256868 -0.6897851 2.149739
-0.5719937 -0.9367303 2.02717
0.01585411 -0.971829 2.171429
-0.5146837 -0.9879139 1.909934
0.06392232 -1.022935 2.052983
9
-0.07684391 -0.4840502 2.27812
-0.1484173 -0.4819057 2.22298
-0.00278932 -0.4708292 2.260705
-0.388419 -0.677151 2.090944
0.2256868 -0.6897851 2.149739
-0.5719937 -0.9367303 2.02717
0.01585411 -0.971829 2.171429
-0.5146837 -0.9879139 1.909934
0.06392232 -1.022935 2.052983
9
-0.07702447 -0.4840739 2.278385
-0.1486243 -0.4818566 2.223145
-0.002945156 -0.4709377 2.261085
-0.3893746 -0.6759691 2.089889
0.2269079 -0.6889139 2.15053
-0.5708867 -0.9360818 2.02731
0.01615728 -0.9725183 2.171718
-0.5136312 -0.9872785 1.910048
0.06418173 -1.023623 2.053257
9
-0.07702447 -0.4840739 2.278385
-0.1486243 -0.4818566 2.223145
-0.002945156 -0.4709377 2.261085
-0.3893746 -0.6759691 2.089889
0.2269079 -0.6889139 2.15053
-0.5708867 -0.9360818 2.02731
0.01615728 -0.9725183 2.171718
-0.5136312 -0.9872785 1.910048
0.06418173 -1.023623 2.053257
9
-0.07778144 -0.4835554 2.278731
-0.1495522 -0.4810823 2.223397
-0.003558727 -0.470621 2.261471
-0.3901552 -0.6752588 2.089215
0.2280926 -0.6871237 2.151114
-0.5704327 -0.9355619 2.027167
0.01639236 -0.9717484 2.171732
-0.513222 -0.9867519 1.909867
0.06437313 -1.022851 2.053233
9
-0.07778144 -0.4835554 2.278731
-0.1495522 -0.4810823 2.223397
-0.003558727 -0.470621 2.261471
-0.3901552 -0.6752588 2.089215
0.2280926 -0.6871237 2.151114
-0.5704327 -0.9355619 2.027167
0.01639236 -0.9717484 2.171732
-0.513222 -0.9867519 1.909867
0.06437313 -1.022851 2.053233
9
-0.08052 -0.4816933 2.278366
-0.1532063 -0.4783148 2.222697
-0.005459079 -0.4695128 2.261301
-0.3931175 -0.672483 2.086092
0.2269477 -0.6856718 2.15123
-0.5702546 -0.9353471 2.027161
0.01661678 -0.9726285 2.17231
-0.5131627 -0.9864534 1.909725
0.06447709 -1.023636 2.05368
9
-0.08052 -0.4816933 2.278366
-0.1532063 -0.4783148 2.222697
-0.005459079 -0.4695128 2.261301
-0.3931175 -0.672483 2.086092
0.2269477 -0.6856718 2.15123
-0.5702546 -0.9353471 2.027161
0.01661678 -0.9726285 2.17231
-0.5131627 -0.9864534 1.909725
0.06447709 -1.023636 2.05368
9
-0.08645404 -0.4780688 2.277508
-0.1597281 -0.4739823 2.221835
-0.0105478 -0.4667207 2.260421
-0.3954404 -0.6729198 2.084275
0.2234894 -0.6819816 2.151412
-0.5713134 -0.9359045 2.026297
0.01583612 -0.974502 2.172997
-0.514445 -0.9867904 1.908575
0.06346732 -1.02528 2.05408
9
-0.09501603 -0.470604 2.274319
-0.1684673 -0.4657407 2.218451
-0.01857852 -0.4602969 2.257367
-0.3996822 -0.6712522 2.083616
0.2159309 -0.6769199 2.152729
-0.571497 -0.9358863 2.026144
0.01488743 -0.973879 2.172816
-0.5166246 -0.9867366 1.907312
0.06053371 -1.024629 2.052784
