40
9
-0.06241341 -0.1710565 2.200808
-0.1366834 -0.1713024 2.161971
0.01408855 -0.1648511 2.162738
-0.3569249 -0.4299843 2.079122
0.2203731 -0.4102035 1.99584
-0.5327284 -0.7468071 2.08791
0.15381 -0.7515149 2.068666
-0.5154348 -0.7849421 1.981728
0.1704923 -0.810174 2.021875
9
-0.06241341 -0.1710565 2.200808
-0.1366834 -0.1713024 2.161971
0.01408855 -0.1648511 2.162738
-0.3569249 -0.4299843 2.079122
0.2203731 -0.4102035 1.99584
-0.5327284 -0.7468071 2.08791
0.15381 -0.7515149 2.068666
-0.5154348 -0.7849421 1.981728
0.1704923 -0.810174 2.021875
9
-0.04449586 -0.1816892 2.19972
-0.1189721 -0.1818069 2.161758
0.03156616 -0.1752317 2.1608
-0.3460724 -0.434145 2.07573
0.2388406 -0.4131929 1.982648
-0.5608358 -0.7811739 2.081576
0.156651 -0.7540172 2.065534
-0.5926252 -0.8196144 2.011303
0.1715544 -0.8132294 2.019825
9
-0.04449586 -0.1816892 2.19972
-0.1189721 -0.1818069 2.161758
0.03156616 -0.1752317 2.1608
-0.3460724 -0.434145 2.07573
0.2388406 -0.4131929 1.982648
-0.5608358 -0.7811739 2.081576
0.156651 -0.7540172 2.065534
-0.5926252 -0.8196144 2.011303
0.1715544 -0.8132294 2.019825
9
-0.04449586 -0.1816892 2.19972
-0.1189721 -0.1818069 2.161758
0.03156616 -0.1752317 2.1608
-0.3460724 -0.434145 2.07573
0.2388406 -0.4131929 1.982648
-0.5608358 -0.7811739 2.081576
0.156651 -0.7540172 2.065534
-0.5926252 -0.8196144 2.011303
0.1715544 -0.8132294 2.019825
9
-0.04449586 -0.1816892 2.19972
-0.1189721 -0.1818069 2.161758
0.03156616 -0.1752317 2.1608
-0.3460724 -0.434145 2.07573
0.2388406 -0.4131929 1.982648
-0.5608358 -0.7811739 2.081576
0.156651 -0.7540172 2.065534
-0.5926252 -0.8196144 2.011303
0.1715544 -0.8132294 2.019825
9
-0.003049137 -0.2100366 2.199091
-0.07895806 -0.2088049 2.161941
0.07296787 -0.2039378 2.159417
-0.326422 -0.4408835 2.071798
0.2812555 -0.4266099 1.960688
-0.5604605 -0.7752036 2.078282
0.1610203 -0.7591552 2.060257
-0.585802 -0.8207119 2.012096
0.1723322 -0.8196184 2.020181
9
-0.003049137 -0.2100366 2.199091
-0.07895806 -0.2088049 2.161941
0.07296787 -0.2039378 2.159417
-0.326422 -0.4408835 2.071798
0.2812555 -0.4266099 1.960688
-0.5604605 -0.7752036 2.078282
0.1610203 -0.7591552 2.060257
-0.585802 -0.8207119 2.012096
0.1723322 -0.8196184 2.020181
9
0.0008508894 -0.2129738 2.199853
-0.07496382 -0.2116437 2.162457
0.0766547 -0.2068843 2.160442
-0.3204433 -0.445518 2.070616
0.2889943 -0.4235622 1.958867
-0.559382 -0.776398 2.076421
0.221155 -0.8215725 2.015259
-0.5425451 -0.8155008 1.971437
0.2249971 -0.8593227 1.909783
9
0.0008508894 -0.2129738 2.199853
-0.07496382 -0.2116437 2.162457
0.0766547 -0.2068843 2.160442
-0.3204433 -0.445518 2.070616
0.2889943 -0.4235622 1.958867
-0.559382 -0.776398 2.076421
0.221155 -0.8215725 2.015259
-0.5425451 -0.8155008 1.971437
0.2249971 -0.8593227 1.909783
9
0.01135825 -0.221508 2.200538
-0.06470174 -0.2197694 2.162715
0.08703639 -0.2155352 2.161596
-0.2986521 -0.4610247 2.05338
0.3023974 -0.4237769 1.95349
-0.556713 -0.7771044 2.061182
0.2241568 -0.8195819 2.012047
-0.5399455 -0.8167958 1.956738
0.2278584 -0.8580245 1.907076
9
0.01135825 -0.221508 2.200538
-0.06470174 -0.2197694 2.162715
0.08703639 -0.2155352 2.161596
-0.2986521 -0.4610247 2.05338
0.3023974 -0.4237769 1.95349
-0.556713 -0.7771044 2.061182
0.2241568 -0.8195819 2.012047
-0.5399455 -0.8167958 1.956738
0.2278584 -0.8580245 1.907076
9
0.02254738 -0.2321209 2.200449
-0.05371865 -0.2301604 2.16252
0.0980258 -0.2259884 2.161651
-0.3010719 -0.4580855 2.054105
0.3161728 -0.4262101 1.947968
-0.5573425 -0.7756675 2.061337
0.2283387 -0.8198299 2.007904
-0.5404953 -0.8155385 1.957013
0.2320309 -0.8584039 1.903077
9
0.02254738 -0.2321209 2.200449
-0.05371865 -0.2301604 2.16252
0.0980258 -0.2259884 2.161651
-0.3010719 -0.4580855 2.054105
0.3161728 -0.4262101 1.947968
-0.5573425 -0.7756675 2.061337
0.2283387 -0.8198299 2.007904
-0.5404953 -0.8155385 1.957013
0.2320309 -0.8584039 1.903077
9
0.02254738 -0.2321209 2.200449
-0.05371865 -0.2301604 2.16252
0.0980258 -0.2259884 2.161651
-0.3010719 -0.4580855 2.054105
0.3161728 -0.4262101 1.947968
-0.5573425 -0.7756675 2.061337
0.2283387 -0.8198299 2.007904
-0.5404953 -0.8155385 1.957013
0.2320309 -0.8584039 1.903077
9
0.02254738 -0.2321209 2.200449
-0.05371865 -0.2301604 2.16252
0.0980258 -0.2259884 2.161651
-0.3010719 -0.4580855 2.054105
0.3161728 -0.4262101 1.947968
-0.5573425 -0.7756675 2.061337
0.2283387 -0.8198299 2.007904
-0.5404953 -0.8155385 1.957013
0.2320309 -0.8584039 1.903077
9
0.04330529 -0.2497663 2.200407
-0.03294018 -0.2475717 2.162339
0.1180445 -0.2432624 2.161823
-0.2972364 -0.4565307 2.055452
0.3408373 -0.4315844 1.941621
-0.5558335 -0.7724315 2.060426
0.2333002 -0.8200861 2.003633
-0.5401404 -0.8130623 1.956502
0.2357623 -0.8593535 1.899246
9
0.05058147 -0.2557603 2.199292
-0.02585322 -0.2531851 2.161778
0.125277 -0.2494519 2.160164
-0.292567 -0.4588639 2.053768
0.3493876 -0.4342504 1.938169
-0.5521698 -0.773825 2.060512
0.2364201 -0.8210859 2.001081
-0.5365152 -0.8145373 1.956664
0.2388461 -0.860432 1.896796
9
0.05058147 -0.2557603 2.199292
-0.02585322 -0.2531851 2.161778
0.125277 -0.2494519 2.160164
-0.292567 -0.4588639 2.053768
0.3493876 -0.4342504 1.938169
-0.5521698 -0.773825 2.060512
0.2364201 -0.8210859 2.001081
-0.5365152 -0.8145373 1.956664
0.2388461 -0.860432 1.896796
9
0.05058147 -0.2557603 2.199292
-0.02585322 -0.2531851 2.161778
0.125277 -0.2494519 2.160164
-0.292567 -0.4588639 2.053768
0.3493876 -0.4342504 1.938169
-0.5521698 -0.773825 2.060512
0.2364201 -0.8210859 2.001081
-0.5365152 -0.8145373 1.956664
0.2388461 -0.860432 1.896796
9
0.05058147 -0.2557603 2.199292
-0.02585322 -0.2531851 2.161778
0.125277 -0.2494519 2.160164
-0.292567 -0.4588639 2.053768
0.3493876 -0.4342504 1.938169
-0.5521698 -0.773825 2.060512
0.2364201 -0.8210859 2.001081
-0.5365152 -0.8145373 1.956664
0.2388461 -0.860432 1.896796
9
0.06284253 -0.2649996 2.197086
-0.01364563 -0.2619502 2.160297
0.1371628 -0.2588396 2.157286
-0.2871126 -0.4590711 2.052742
0.3610538 -0.4421694 1.933967
-0.54812 -0.7727799 2.06113
0.1724307 -0.7650974 2.052599
-0.532678 -0.8137164 1.95741
0.173156 -0.8268017 2.015083
9
0.06284253 -0.2649996 2.197086
-0.01364563 -0.2619502 2.160297
0.1371628 -0.2588396 2.157286
-0.2871126 -0.4590711 2.052742
0.3610538 -0.4421694 1.933967
-0.54812 -0.7727799 2.06113
0.1724307 -0.7650974 2.052599
-0.532678 -0.8137164 1.95741
0.173156 -0.8268017 2.015083
9
0.06723341 -0.268737 2.195784
-0.009067846 -0.2656729 2.159223
0.141213 -0.2624508 2.155789
-0.2847086 -0.4600403 2.052336
0.3648672 -0.4447945 1.9314
-0.5459586 -0.7735344 2.060996
0.1740073 -0.7658565 2.051853
-0.530966 -0.8145134 1.95728
0.172449 -0.8276223 2.014329
9
0.06723341 -0.268737 2.195784
-0.009067846 -0.2656729 2.159223
0.141213 -0.2624508 2.155789
-0.2847086 -0.4600403 2.052336
0.3648672 -0.4447945 1.9314
-0.5459586 -0.7735344 2.060996
0.1740073 -0.7658565 2.051853
-0.530966 -0.8145134 1.95728
0.172449 -0.8276223 2.014329
9
0.06723341 -0.268737 2.195784
-0.009067846 -0.2656729 2.159223
0.141213 -0.2624508 2.155789
-0.2847086 -0.4600403 2.052336
0.3648672 -0.4447945 1.9314
-0.5459586 -0.7735344 2.060996
0.1740073 -0.7658565 2.051853
-0.530966 -0.8145134 1.95728
0.172449 -0.8276223 2.014329
9
0.06723341 -0.268737 2.195784
-0.009067846 -0.2656729 2.159223
0.141213 -0.2624508 2.155789
-0.2847086 -0.4600403 2.052336
0.3648672 -0.4447945 1.9314
-0.5459586 -0.7735344 2.060996
0.1740073 -0.7658565 2.051853
-0.530966 -0.8145134 1.95728
0.172449 -0.8276223 2.014329
9
0.0720896 -0.2720656 2.194457
-0.004654275 -0.2684436 2.158267
0.146351 -0.2662531 2.154078
-0.2815038 -0.461113 2.05126
0.3695105 -0.4463405 1.927106
-0.543536 -0.774035 2.059121
0.1749374 -0.7666962 2.051343
-0.5295546 -0.8151827 1.955473
0.1726747 -0.8284476 2.013559
9
0.0720896 -0.2720656 2.194457
-0.004654275 -0.2684436 2.158267
0.146351 -0.2662531 2.154078
-0.2815038 -0.461113 2.05126
0.3695105 -0.4463405 1.927106
-0.543536 -0.774035 2.059121
0.1749374 -0.7666962 2.051343
-0.5295546 -0.8151827 1.955473
0.1726747 -0.8284476 2.013559
9
0.0720896 -0.2720656 2.194457
-0.004654275 -0.2684436 2.158267
0.146351 -0.2662531 2.154078
-0.2815038 -0.461113 2.05126
0.3695105 -0.4463405 1.927106
-0.543536 -0.774035 2.059121
0.1749374 -0.7666962 2.051343
-0.5295546 -0.8151827 1.955473
0.1726747 -0.8284476 2.013559
9
0.0720896 -0.2720656 2.194457
-0.004654275 -0.2684436 2.158267
0.146351 -0.2662531 2.154078
-0.2815038 -0.461113 2.05126
0.3695105 -0.4463405 1.927106
-0.543536 -0.774035 2.059121
0.1749374 -0.7666962 2.051343
-0.5295546 -0.8151827 1.955473
0.1726747 -0.8284476 2.013559
9
0.07401726 -0.2727064 2.193946
-0.002667912 -0.2689665 2.157897
0.1481532 -0.2669783 2.153439
-0.2796275 -0.4615178 2.051
0.3707798 -0.4462764 1.925173
-0.5420709 -0.7742167 2.057446
0.1755671 -0.7669808 2.051025
-0.5284482 -0.8154234 1.953832
0.1753767 -0.8286652 2.012928
9
0.07401726 -0.2727064 2.193946
-0.002667912 -0.2689665 2.157897
0.1481532 -0.2669783 2.153439
-0.2796275 -0.4615178 2.051
0.3707798 -0.4462764 1.925173
-0.5420709 -0.7742167 2.057446
0.1755671 -0.7669808 2.051025
-0.5284482 -0.8154234 1.953832
0.1753767 -0.8286652 2.012928
9
0.07478263 -0.272673 2.193637
-0.00200313 -0.2688141 2.157676
0.1490109 -0.267076 2.153029
-0.2780622 -0.462219 2.049619
0.3711048 -0.4461311 1.923972
-0.5406023 -0.774834 2.056185
0.1766999 -0.7670721 2.050339
-0.5272993 -0.8160976 1.952611
0.1750611 -0.8287875 2.012138
9
0.07478263 -0.272673 2.193637
-0.00200313 -0.2688141 2.157676
0.1490109 -0.267076 2.153029
-0.2780622 -0.462219 2.049619
0.3711048 -0.4461311 1.923972
-0.5406023 -0.774834 2.056185
0.1766999 -0.7670721 2.050339
-0.5272993 -0.8160976 1.952611
0.1750611 -0.8287875 2.012138
9
0.07478263 -0.272673 2.193637
-0.00200313 -0.2688141 2.157676
0.1490109 -0.267076 2.153029
-0.2780622 -0.462219 2.049619
0.3711048 -0.4461311 1.923972
-0.5406023 -0.774834 2.056185
0.1766999 -0.7670721 2.050339
-0.5272993 -0.8160976 1.952611
0.1750611 -0.8287875 2.012138
9
0.07478263 -0.272673 2.193637
-0.00200313 -0.2688141 2.157676
0.1490109 -0.267076 2.153029
-0.2780622 -0.462219 2.049619
0.3711048 -0.4461311 1.923972
-0.5406023 -0.774834 2.056185
0.1766999 -0.7670721 2.050339
-0.5272993 -0.8160976 1.952611
0.1750611 -0.8287875 2.012138
9
0.07467717 -0.2718853 2.193472
-0.002092253 -0.2679565 2.157507
0.148887 -0.2663668 2.152869
-0.2775797 -0.4619943 2.049054
0.3709182 -0.4444353 1.922833
-0.5400726 -0.7747378 2.054499
0.1768294 -0.767071 2.049723
-0.5268954 -0.8160601 1.950971
0.1748023 -0.8287894 2.011528
9
0.07467717 -0.2718853 2.193472
-0.002092253 -0.2679565 2.157507
0.148887 -0.2663668 2.152869
-0.2775797 -0.4619943 2.049054
0.3709182 -0.4444353 1.922833
-0.5400726 -0.7747378 2.054499
0.1768294 -0.767071 2.049723
-0.5268954 -0.8160601 1.950971
0.1748023 -0.8287894 2.011528
9
0.07467717 -0.2718853 2.193472
-0.002092253 -0.2679565 2.157507
0.148887 -0.2663668 2.152869
-0.2775797 -0.4619943 2.049054
0.3709182 -0.4444353 1.922833
-0.5400726 -0.7747378 2.054499
0.1768294 -0.767071 2.049723
-0.5268954 -0.8160601 1.950971
0.1748023 -0.8287894 2.011528
