40
9
-0.1612294 -0.3705055 2.181348
-0.242893 -0.3749458 2.143105
-0.0741167 -0.3535847 2.146293
-0.3732907 -0.6705317 2.168149
0.08956771 -0.6339884 2.023974
-0.5611461 -0.947207 2.223418
0.1181348 -0.9791756 2.044354
-0.5492575 -0.9871796 2.085949
0.1199255 -1.017348 1.906722
9
-0.1458299 -0.380949 2.178226
-0.2273089 -0.3860325 2.139826
-0.05940719 -0.3630706 2.143352
-0.362846 -0.6786339 2.167115
0.1081213 -0.6384234 2.012771
-0.5583823 -0.9472734 2.222615
0.1234641 -0.980815 2.039961
-0.5474745 -0.9875597 2.085282
0.1242223 -1.019262 1.902497
9
-0.1458299 -0.380949 2.178226
-0.2273089 -0.3860325 2.139826
-0.05940719 -0.3630706 2.143352
-0.362846 -0.6786339 2.167115
0.1081213 -0.6384234 2.012771
-0.5583823 -0.9472734 2.222615
0.1234641 -0.980815 2.039961
-0.5474745 -0.9875597 2.085282
0.1242223 -1.019262 1.902497
9
-0.1458299 -0.380949 2.178226
-0.2273089 -0.3860325 2.139826
-0.05940719 -0.3630706 2.143352
-0.362846 -0.6786339 2.167115
0.1081213 -0.6384234 2.012771
-0.5583823 -0.9472734 2.222615
0.1234641 -0.980815 2.039961
-0.5474745 -0.9875597 2.085282
0.1242223 -1.019262 1.902497
9
-0.1458299 -0.380949 2.178226
-0.2273089 -0.3860325 2.139826
-0.05940719 -0.3630706 2.143352
-0.362846 -0.6786339 2.167115
0.1081213 -0.6384234 2.012771
-0.5583823 -0.9472734 2.222615
0.1234641 -0.980815 2.039961
-0.5474745 -0.9875597 2.085282
0.1242223 -1.019262 1.902497
9
-0.09915679 -0.4055506 2.171814
-0.1822257 -0.4111433 2.135218
-0.01286447 -0.3862084 2.135222
-0.3323202 -0.6962875 2.163237
0.1591398 -0.6507075 1.984917
-0.5452671 -0.9448256 2.219271
0.1304225 -0.9763526 2.034582
-0.5353228 -0.9864008 2.082557
0.1302697 -1.016119 1.897772
9
-0.09915679 -0.4055506 2.171814
-0.1822257 -0.4111433 2.135218
-0.01286447 -0.3862084 2.135222
-0.3323202 -0.6962875 2.163237
0.1591398 -0.6507075 1.984917
-0.5452671 -0.9448256 2.219271
0.1304225 -0.9763526 2.034582
-0.5353228 -0.9864008 2.082557
0.1302697 -1.016119 1.897772
9
-0.09555364 -0.4081849 2.171373
-0.1788274 -0.4137575 2.134772
-0.009094046 -0.3888231 2.134789
-0.2936745 -0.7162036 2.157083
0.1638299 -0.6515552 1.981635
-0.5579085 -1.007492 2.229343
0.1338632 -0.972286 2.029327
-0.6497912 -1.000453 2.193609
0.1324949 -1.012391 1.892665
9
-0.09555364 -0.4081849 2.171373
-0.1788274 -0.4137575 2.134772
-0.009094046 -0.3888231 2.134789
-0.2936745 -0.7162036 2.157083
0.1638299 -0.6515552 1.981635
-0.5579085 -1.007492 2.229343
0.1338632 -0.972286 2.029327
-0.6497912 -1.000453 2.193609
0.1324949 -1.012391 1.892665
9
-0.08655516 -0.4149672 2.170648
-0.1707781 -0.4197897 2.134723
0.0006694344 -0.3962139 2.133344
-0.2967983 -0.7174727 2.157981
0.173831 -0.6560193 1.974404
-0.5604901 -1.009467 2.229412
0.1297172 -0.9842429 2.034034
-0.6522807 -1.000087 2.189861
0.1272824 -1.024904 1.897796
9
-0.08655516 -0.4149672 2.170648
-0.1707781 -0.4197897 2.134723
0.0006694344 -0.3962139 2.133344
-0.2967983 -0.7174727 2.157981
0.173831 -0.6560193 1.974404
-0.5604901 -1.009467 2.229412
0.1297172 -0.9842429 2.034034
-0.6522807 -1.000087 2.189861
0.1272824 -1.024904 1.897796
9
-0.07767482 -0.421209 2.170506
-0.162571 -0.4254818 2.135357
0.009926951 -0.4027997 2.132432
-0.289753 -0.7231096 2.156483
0.1813433 -0.6618212 1.969824
-0.5490736 -1.018637 2.228991
0.1299255 -0.987724 2.034673
-0.6410492 -0.9977643 2.190496
0.1258211 -1.028934 1.898799
9
-0.07767482 -0.421209 2.170506
-0.162571 -0.4254818 2.135357
0.009926951 -0.4027997 2.132432
-0.289753 -0.7231096 2.156483
0.1813433 -0.6618212 1.969824
-0.5490736 -1.018637 2.228991
0.1299255 -0.987724 2.034673
-0.6410492 -0.9977643 2.190496
0.1258211 -1.028934 1.898799
9
-0.07767482 -0.421209 2.170506
-0.162571 -0.4254818 2.135357
0.009926951 -0.4027997 2.132432
-0.289753 -0.7231096 2.156483
0.1813433 -0.6618212 1.969824
-0.5490736 -1.018637 2.228991
0.1299255 -0.987724 2.034673
-0.6410492 -0.9977643 2.190496
0.1258211 -1.028934 1.898799
9
-0.07767482 -0.421209 2.170506
-0.162571 -0.4254818 2.135357
0.009926951 -0.4027997 2.132432
-0.289753 -0.7231096 2.156483
0.1813433 -0.6618212 1.969824
-0.5490736 -1.018637 2.228991
0.1299255 -0.987724 2.034673
-0.6410492 -0.9977643 2.190496
0.1258211 -1.028934 1.898799
9
-0.06207372 -0.4352199 2.169418
-0.1473477 -0.4389021 2.135415
0.02533988 -0.4169042 2.130311
-0.2899299 -0.7293456 2.156968
0.2002572 -0.6695614 1.960133
-0.5521956 -1.022269 2.229399
0.1299406 -0.9893867 2.034641
-0.6654449 -1.007752 2.193161
0.124111 -1.031775 1.899497
9
-0.06207372 -0.4352199 2.169418
-0.1473477 -0.4389021 2.135415
0.02533988 -0.4169042 2.130311
-0.2899299 -0.7293456 2.156968
0.2002572 -0.6695614 1.960133
-0.5521956 -1.022269 2.229399
0.1299406 -0.9893867 2.034641
-0.6654449 -1.007752 2.193161
0.124111 -1.031775 1.899497
9
-0.06207372 -0.4352199 2.169418
-0.1473477 -0.4389021 2.135415
0.02533988 -0.4169042 2.130311
-0.2899299 -0.7293456 2.156968
0.2002572 -0.6695614 1.960133
-0.5521956 -1.022269 2.229399
0.1299406 -0.9893867 2.034641
-0.6654449 -1.007752 2.193161
0.124111 -1.031775 1.899497
9
-0.06207372 -0.4352199 2.169418
-0.1473477 -0.4389021 2.135415
0.02533988 -0.4169042 2.130311
-0.2899299 -0.7293456 2.156968
0.2002572 -0.6695614 1.960133
-0.5521956 -1.022269 2.229399
0.1299406 -0.9893867 2.034641
-0.6654449 -1.007752 2.193161
0.124111 -1.031775 1.899497
9
-0.0461931 -0.4450722 2.166785
-0.1309599 -0.4488209 2.13372
0.04020781 -0.4263538 2.126852
-0.2902569 -0.7301129 2.157274
0.2139265 -0.6771933 1.95218
-0.5546883 -1.020985 2.230077
0.1301931 -0.9894816 2.034378
-0.6658794 -1.007759 2.192757
0.1225594 -1.032103 1.899448
9
-0.0461931 -0.4450722 2.166785
-0.1309599 -0.4488209 2.13372
0.04020781 -0.4263538 2.126852
-0.2902569 -0.7301129 2.157274
0.2139265 -0.6771933 1.95218
-0.5546883 -1.020985 2.230077
0.1301931 -0.9894816 2.034378
-0.6658794 -1.007759 2.192757
0.1225594 -1.032103 1.899448
9
-0.04189136 -0.4476208 2.16527
-0.1268006 -0.4511674 2.132439
0.04448327 -0.4290019 2.125113
-0.2864604 -0.7321457 2.156657
0.2194562 -0.6784119 1.949437
-0.5533175 -1.020635 2.230095
0.1295881 -0.9894242 2.034619
-0.6613801 -1.005177 2.18434
0.121283 -1.032203 1.899816
9
-0.04189136 -0.4476208 2.16527
-0.1268006 -0.4511674 2.132439
0.04448327 -0.4290019 2.125113
-0.2864604 -0.7321457 2.156657
0.2194562 -0.6784119 1.949437
-0.5533175 -1.020635 2.230095
0.1295881 -0.9894242 2.034619
-0.6613801 -1.005177 2.18434
0.121283 -1.032203 1.899816
9
-0.04189136 -0.4476208 2.16527
-0.1268006 -0.4511674 2.132439
0.04448327 -0.4290019 2.125113
-0.2864604 -0.7321457 2.156657
0.2194562 -0.6784119 1.949437
-0.5533175 -1.020635 2.230095
0.1295881 -0.9894242 2.034619
-0.6613801 -1.005177 2.18434
0.121283 -1.032203 1.899816
9
-0.04189136 -0.4476208 2.16527
-0.1268006 -0.4511674 2.132439
0.04448327 -0.4290019 2.125113
-0.2864604 -0.7321457 2.156657
0.2194562 -0.6784119 1.949437
-0.5533175 -1.020635 2.230095
0.1295881 -0.9894242 2.034619
-0.6613801 -1.005177 2.18434
0.121283 -1.032203 1.899816
9
-0.0397718 -0.4503874 2.164282
-0.1248779 -0.4531312 2.131644
0.04672514 -0.4326074 2.123922
-0.2847831 -0.7338427 2.156517
0.2250225 -0.6792861 1.947533
-0.5530257 -1.020878 2.230539
0.1610875 -0.9690521 2.00965
-0.6614218 -1.004957 2.182858
0.09865757 -1.020033 2.022128
9
-0.0397718 -0.4503874 2.164282
-0.1248779 -0.4531312 2.131644
0.04672514 -0.4326074 2.123922
-0.2847831 -0.7338427 2.156517
0.2250225 -0.6792861 1.947533
-0.5530257 -1.020878 2.230539
0.1610875 -0.9690521 2.00965
-0.6614218 -1.004957 2.182858
0.09865757 -1.020033 2.022128
9
-0.03871618 -0.4517986 2.163544
-0.1238223 -0.4541628 2.131103
0.04772496 -0.4343683 2.122975
-0.283745 -0.7348054 2.1564
0.2283225 -0.6793628 1.946464
-0.509011 -0.9432781 2.212583
0.1378786 -0.9894011 2.026288
-0.5085506 -0.9879352 2.077743
0.1286094 -1.032088 1.891558
9
-0.03871618 -0.4517986 2.163544
-0.1238223 -0.4541628 2.131103
0.04772496 -0.4343683 2.122975
-0.283745 -0.7348054 2.1564
0.2283225 -0.6793628 1.946464
-0.509011 -0.9432781 2.212583
0.1378786 -0.9894011 2.026288
-0.5085506 -0.9879352 2.077743
0.1286094 -1.032088 1.891558
9
-0.03689428 -0.4520583 2.162976
-0.1218546 -0.4543059 2.13053
0.04934657 -0.4346911 2.122425
-0.2831241 -0.7341065 2.156465
0.2303394 -0.6795574 1.946131
-0.551636 -1.020638 2.231328
0.1375506 -0.9898812 2.02668
-0.6673175 -1.007407 2.1768
0.1280463 -1.03251 1.891946
9
-0.03689428 -0.4520583 2.162976
-0.1218546 -0.4543059 2.13053
0.04934657 -0.4346911 2.122425
-0.2831241 -0.7341065 2.156465
0.2303394 -0.6795574 1.946131
-0.551636 -1.020638 2.231328
0.1375506 -0.9898812 2.02668
-0.6673175 -1.007407 2.1768
0.1280463 -1.03251 1.891946
9
-0.03652562 -0.4520075 2.162739
-0.1213534 -0.4541343 2.130251
0.04960287 -0.4347194 2.122224
-0.282956 -0.7337304 2.156517
0.2308531 -0.6795347 1.94606
-0.5081626 -0.9440029 2.213579
0.140694 -0.983616 2.025248
-0.5080968 -0.9885851 2.078733
0.1309972 -1.026303 1.890483
9
-0.03652562 -0.4520075 2.162739
-0.1213534 -0.4541343 2.130251
0.04960287 -0.4347194 2.122224
-0.282956 -0.7337304 2.156517
0.2308531 -0.6795347 1.94606
-0.5081626 -0.9440029 2.213579
0.140694 -0.983616 2.025248
-0.5080968 -0.9885851 2.078733
0.1309972 -1.026303 1.890483
9
-0.03652562 -0.4520075 2.162739
-0.1213534 -0.4541343 2.130251
0.04960287 -0.4347194 2.122224
-0.282956 -0.7337304 2.156517
0.2308531 -0.6795347 1.94606
-0.5081626 -0.9440029 2.213579
0.140694 -0.983616 2.025248
-0.5080968 -0.9885851 2.078733
0.1309972 -1.026303 1.890483
9
-0.03652562 -0.4520075 2.162739
-0.1213534 -0.4541343 2.130251
0.04960287 -0.4347194 2.122224
-0.282956 -0.7337304 2.156517
0.2308531 -0.6795347 1.94606
-0.5081626 -0.9440029 2.213579
0.140694 -0.983616 2.025248
-0.5080968 -0.9885851 2.078733
0.1309972 -1.026303 1.890483
9
-0.03681355 -0.4499495 2.163126
-0.1215411 -0.4518235 2.130668
0.04922456 -0.432922 2.122582
-0.2823272 -0.7321854 2.15616
0.2299678 -0.6784955 1.946934
-0.5502 -1.019299 2.231107
0.1370029 -0.9855698 2.029004
-0.6446354 -1.001596 2.176278
0.1271217 -1.02817 1.894207
9
-0.03681355 -0.4499495 2.163126
-0.1215411 -0.4518235 2.130668
0.04922456 -0.432922 2.122582
-0.2823272 -0.7321854 2.15616
0.2299678 -0.6784955 1.946934
-0.5502 -1.019299 2.231107
0.1370029 -0.9855698 2.029004
-0.6446354 -1.001596 2.176278
0.1271217 -1.02817 1.894207
9
-0.03982071 -0.4455808 2.164104
-0.1242207 -0.4473226 2.131634
0.0459544 -0.4287938 2.123561
-0.2817229 -0.7298172 2.156415
0.226978 -0.6754091 1.949848
-0.507664 -0.944039 2.214037
0.1427092 -0.9782833 2.024956
-0.5084651 -0.9883768 2.079117
0.1321189 -1.020793 1.890089
9
-0.03982071 -0.4455808 2.164104
-0.1242207 -0.4473226 2.131634
0.0459544 -0.4287938 2.123561
-0.2817229 -0.7298172 2.156415
0.226978 -0.6754091 1.949848
-0.507664 -0.944039 2.214037
0.1427092 -0.9782833 2.024956
-0.5084651 -0.9883768 2.079117
0.1321189 -1.020793 1.890089
9
-0.04642263 -0.4385505 2.166787
-0.1312609 -0.4392897 2.134583
0.0399846 -0.4229285 2.125956
-0.2837795 -0.7248289 2.158501
0.2219552 -0.6703663 1.954581
-0.5074862 -0.9437281 2.214485
0.1429249 -0.9781697 2.025015
-0.5090957 -0.9880533 2.079621
0.1315261 -1.020663 1.890206
