40
9
-0.1177852 -0.08322262 1.832347
-0.1938631 -0.08396181 1.789715
-0.03700862 -0.07912976 1.801531
-0.3390403 -0.407822 1.803466
0.1057697 -0.3933147 1.699679
-0.5142202 -0.7475424 1.831172
0.09845001 -0.7457877 1.66448
-0.5712623 -0.791119 1.783365
0.1250106 -0.8020809 1.60136
9
-0.1179069 -0.08322335 1.832198
-0.1939377 -0.08397973 1.789633
-0.03718218 -0.07910334 1.801293
-0.3395894 -0.4090363 1.803329
0.105741 -0.3933887 1.698768
-0.5147539 -0.7476386 1.831248
0.09825401 -0.7458066 1.664544
-0.5714937 -0.7912466 1.783716
0.1252103 -0.8024492 1.601682
9
-0.1179069 -0.08322335 1.832198
-0.1939377 -0.08397973 1.789633
-0.03718218 -0.07910334 1.801293
-0.3395894 -0.4090363 1.803329
0.105741 -0.3933887 1.698768
-0.5147539 -0.7476386 1.831248
0.09825401 -0.7458066 1.664544
-0.5714937 -0.7912466 1.783716
0.1252103 -0.8024492 1.601682
9
-0.1179069 -0.08322335 1.832198
-0.1939377 -0.08397973 1.789633
-0.03718218 -0.07910334 1.801293
-0.3395894 -0.4090363 1.803329
0.105741 -0.3933887 1.698768
-0.5147539 -0.7476386 1.831248
0.09825401 -0.7458066 1.664544
-0.5714937 -0.7912466 1.783716
0.1252103 -0.8024492 1.601682
9
-0.1179069 -0.08322335 1.832198
-0.1939377 -0.08397973 1.789633
-0.03718218 -0.07910334 1.801293
-0.3395894 -0.4090363 1.803329
0.105741 -0.3933887 1.698768
-0.5147539 -0.7476386 1.831248
0.09825401 -0.7458066 1.664544
-0.5714937 -0.7912466 1.783716
0.1252103 -0.8024492 1.601682
9
-0.1134045 -0.08624963 1.829542
-0.1893104 -0.08746409 1.787047
-0.03293945 -0.08159549 1.798562
-0.3370182 -0.4117312 1.801763
0.114776 -0.3944786 1.687912
-0.514795 -0.7476155 1.831202
0.09861579 -0.7464023 1.663854
-0.5711193 -0.7908695 1.783663
0.1252786 -0.8026052 1.601323
9
-0.1056235 -0.09143035 1.826075
-0.1815912 -0.09294157 1.783883
-0.02539549 -0.08626617 1.794798
-0.3332668 -0.4179848 1.800222
0.1226979 -0.3960461 1.679515
-0.5147976 -0.7476528 1.831195
0.09950925 -0.7469706 1.66195
-0.5727301 -0.7916401 1.783947
0.126268 -0.8030418 1.600369
9
-0.1056235 -0.09143035 1.826075
-0.1815912 -0.09294157 1.783883
-0.02539549 -0.08626617 1.794798
-0.3332668 -0.4179848 1.800222
0.1226979 -0.3960461 1.679515
-0.5147976 -0.7476528 1.831195
0.09950925 -0.7469706 1.66195
-0.5727301 -0.7916401 1.783947
0.126268 -0.8030418 1.600369
9
-0.1056235 -0.09143035 1.826075
-0.1815912 -0.09294157 1.783883
-0.02539549 -0.08626617 1.794798
-0.3332668 -0.4179848 1.800222
0.1226979 -0.3960461 1.679515
-0.5147976 -0.7476528 1.831195
0.09950925 -0.7469706 1.66195
-0.5727301 -0.7916401 1.783947
0.126268 -0.8030418 1.600369
9
-0.09446544 -0.09928632 1.82129
-0.1706337 -0.1010576 1.779838
-0.01445267 -0.09354163 1.789255
-0.3275316 -0.4225944 1.798131
0.1325191 -0.3964354 1.670261
-0.5138509 -0.7473479 1.830884
0.1009759 -0.7484244 1.659323
-0.5024433 -0.7842179 1.717225
0.1300957 -0.8059531 1.598221
9
-0.0816445 -0.1081614 1.816637
-0.1580862 -0.1101888 1.775512
-0.00189696 -0.1017716 1.78429
-0.3165336 -0.4256885 1.794165
0.1467714 -0.3943357 1.660618
-0.5115469 -0.7467384 1.8307
0.1020491 -0.7489113 1.657246
-0.5001419 -0.7836643 1.717079
0.1337048 -0.809046 1.597439
9
-0.0816445 -0.1081614 1.816637
-0.1580862 -0.1101888 1.775512
-0.00189696 -0.1017716 1.78429
-0.3165336 -0.4256885 1.794165
0.1467714 -0.3943357 1.660618
-0.5115469 -0.7467384 1.8307
0.1020491 -0.7489113 1.657246
-0.5001419 -0.7836643 1.717079
0.1337048 -0.809046 1.597439
9
-0.0816445 -0.1081614 1.816637
-0.1580862 -0.1101888 1.775512
-0.00189696 -0.1017716 1.78429
-0.3165336 -0.4256885 1.794165
0.1467714 -0.3943357 1.660618
-0.5115469 -0.7467384 1.8307
0.1020491 -0.7489113 1.657246
-0.5001419 -0.7836643 1.717079
0.1337048 -0.809046 1.597439
9
-0.06750146 -0.117687 1.81108
-0.1437035 -0.1200731 1.770781
0.01149042 -0.1105703 1.777913
-0.3093912 -0.4310828 1.791088
0.1586027 -0.3928103 1.654577
-0.5093284 -0.7471346 1.829684
0.103128 -0.7488663 1.655566
-0.4993627 -0.784118 1.716079
0.1421991 -0.8127483 1.594066
9
-0.06750146 -0.117687 1.81108
-0.1437035 -0.1200731 1.770781
0.01149042 -0.1105703 1.777913
-0.3093912 -0.4310828 1.791088
0.1586027 -0.3928103 1.654577
-0.5093284 -0.7471346 1.829684
0.103128 -0.7488663 1.655566
-0.4993627 -0.784118 1.716079
0.1421991 -0.8127483 1.594066
9
-0.06750146 -0.117687 1.81108
-0.1437035 -0.1200731 1.770781
0.01149042 -0.1105703 1.777913
-0.3093912 -0.4310828 1.791088
0.1586027 -0.3928103 1.654577
-0.5093284 -0.7471346 1.829684
0.103128 -0.7488663 1.655566
-0.4993627 -0.784118 1.716079
0.1421991 -0.8127483 1.594066
9
-0.06750146 -0.117687 1.81108
-0.1437035 -0.1200731 1.770781
0.01149042 -0.1105703 1.777913
-0.3093912 -0.4310828 1.791088
0.1586027 -0.3928103 1.654577
-0.5093284 -0.7471346 1.829684
0.103128 -0.7488663 1.655566
-0.4993627 -0.784118 1.716079
0.1421991 -0.8127483 1.594066
9
-0.03469113 -0.1411638 1.800637
-0.1119823 -0.1436965 1.760025
0.04397791 -0.1328595 1.767819
-0.2859358 -0.4439948 1.783031
0.1922816 -0.4037664 1.63855
-0.5045862 -0.74727 1.827943
0.1034326 -0.7506012 1.654599
-0.4941643 -0.7841972 1.714309
0.1446933 -0.8158604 1.59453
9
-0.03469113 -0.1411638 1.800637
-0.1119823 -0.1436965 1.760025
0.04397791 -0.1328595 1.767819
-0.2859358 -0.4439948 1.783031
0.1922816 -0.4037664 1.63855
-0.5045862 -0.74727 1.827943
0.1034326 -0.7506012 1.654599
-0.4941643 -0.7841972 1.714309
0.1446933 -0.8158604 1.59453
9
-0.02922408 -0.1458146 1.798999
-0.1067623 -0.1483576 1.758548
0.04949513 -0.1373217 1.766022
-0.2787838 -0.4465102 1.78036
0.2013598 -0.4057067 1.6356
-0.5012755 -0.7484487 1.826359
0.1074428 -0.7504729 1.650715
-0.4911053 -0.7855598 1.712851
0.1449014 -0.8161815 1.593314
9
-0.02922408 -0.1458146 1.798999
-0.1067623 -0.1483576 1.758548
0.04949513 -0.1373217 1.766022
-0.2787838 -0.4465102 1.78036
0.2013598 -0.4057067 1.6356
-0.5012755 -0.7484487 1.826359
0.1074428 -0.7504729 1.650715
-0.4911053 -0.7855598 1.712851
0.1449014 -0.8161815 1.593314
9
-0.01682463 -0.1543303 1.793661
-0.0937335 -0.1585728 1.752753
0.06082755 -0.1439561 1.761126
-0.2395283 -0.4366448 1.766975
0.2134524 -0.41177 1.631133
-0.5104554 -0.7735668 1.829455
0.113534 -0.7480796 1.646958
-0.5744226 -0.7930032 1.782951
0.1446692 -0.8163538 1.593194
9
-0.008757336 -0.1609754 1.790178
-0.08592877 -0.1645167 1.749405
0.06874479 -0.1509109 1.757569
-0.239638 -0.4375072 1.766894
0.223739 -0.4168086 1.626687
-0.4945884 -0.7493084 1.823522
0.1139281 -0.7491058 1.645679
-0.4853078 -0.7863398 1.709963
0.1451766 -0.8164148 1.592816
9
-0.008757336 -0.1609754 1.790178
-0.08592877 -0.1645167 1.749405
0.06874479 -0.1509109 1.757569
-0.239638 -0.4375072 1.766894
0.223739 -0.4168086 1.626687
-0.4945884 -0.7493084 1.823522
0.1139281 -0.7491058 1.645679
-0.4853078 -0.7863398 1.709963
0.1451766 -0.8164148 1.592816
9
-0.008757336 -0.1609754 1.790178
-0.08592877 -0.1645167 1.749405
0.06874479 -0.1509109 1.757569
-0.239638 -0.4375072 1.766894
0.223739 -0.4168086 1.626687
-0.4945884 -0.7493084 1.823522
0.1139281 -0.7491058 1.645679
-0.4853078 -0.7863398 1.709963
0.1451766 -0.8164148 1.592816
9
-0.008757336 -0.1609754 1.790178
-0.08592877 -0.1645167 1.749405
0.06874479 -0.1509109 1.757569
-0.239638 -0.4375072 1.766894
0.223739 -0.4168086 1.626687
-0.4945884 -0.7493084 1.823522
0.1139281 -0.7491058 1.645679
-0.4853078 -0.7863398 1.709963
0.1451766 -0.8164148 1.592816
9
-0.008757336 -0.1609754 1.790178
-0.08592877 -0.1645167 1.749405
0.06874479 -0.1509109 1.757569
-0.239638 -0.4375072 1.766894
0.223739 -0.4168086 1.626687
-0.4945884 -0.7493084 1.823522
0.1139281 -0.7491058 1.645679
-0.4853078 -0.7863398 1.709963
0.1451766 -0.8164148 1.592816
9
-0.008757336 -0.1609754 1.790178
-0.08592877 -0.1645167 1.749405
0.06874479 -0.1509109 1.757569
-0.239638 -0.4375072 1.766894
0.223739 -0.4168086 1.626687
-0.4945884 -0.7493084 1.823522
0.1139281 -0.7491058 1.645679
-0.4853078 -0.7863398 1.709963
0.1451766 -0.8164148 1.592816
9
-0.008757336 -0.1609754 1.790178
-0.08592877 -0.1645167 1.749405
0.06874479 -0.1509109 1.757569
-0.239638 -0.4375072 1.766894
0.223739 -0.4168086 1.626687
-0.4945884 -0.7493084 1.823522
0.1139281 -0.7491058 1.645679
-0.4853078 -0.7863398 1.709963
0.1451766 -0.8164148 1.592816
9
0.01023899 -0.1748987 1.783851
-0.06698786 -0.1777175 1.743596
0.08702261 -0.1649175 1.750781
-0.2304285 -0.4444429 1.763258
0.2487343 -0.4252924 1.617229
-0.5074989 -0.7770428 1.823388
0.1169125 -0.7494214 1.643298
-0.601113 -0.8025947 1.783783
0.1509542 -0.8187072 1.586118
9
0.01023899 -0.1748987 1.783851
-0.06698786 -0.1777175 1.743596
0.08702261 -0.1649175 1.750781
-0.2304285 -0.4444429 1.763258
0.2487343 -0.4252924 1.617229
-0.5074989 -0.7770428 1.823388
0.1169125 -0.7494214 1.643298
-0.601113 -0.8025947 1.783783
0.1509542 -0.8187072 1.586118
9
0.01023899 -0.1748987 1.783851
-0.06698786 -0.1777175 1.743596
0.08702261 -0.1649175 1.750781
-0.2304285 -0.4444429 1.763258
0.2487343 -0.4252924 1.617229
-0.5074989 -0.7770428 1.823388
0.1169125 -0.7494214 1.643298
-0.601113 -0.8025947 1.783783
0.1509542 -0.8187072 1.586118
9
0.01023899 -0.1748987 1.783851
-0.06698786 -0.1777175 1.743596
0.08702261 -0.1649175 1.750781
-0.2304285 -0.4444429 1.763258
0.2487343 -0.4252924 1.617229
-0.5074989 -0.7770428 1.823388
0.1169125 -0.7494214 1.643298
-0.601113 -0.8025947 1.783783
0.1509542 -0.8187072 1.586118
9
0.01588586 -0.1782856 1.78217
-0.06205257 -0.1805819 1.742236
0.09318455 -0.1687052 1.748766
-0.228479 -0.4454143 1.762145
0.2532908 -0.4299371 1.615332
-0.5060021 -0.7777795 1.821706
0.118813 -0.7491488 1.641077
-0.5998691 -0.8028499 1.782957
0.1516909 -0.8192835 1.58651
9
0.01588586 -0.1782856 1.78217
-0.06205257 -0.1805819 1.742236
0.09318455 -0.1687052 1.748766
-0.228479 -0.4454143 1.762145
0.2532908 -0.4299371 1.615332
-0.5060021 -0.7777795 1.821706
0.118813 -0.7491488 1.641077
-0.5998691 -0.8028499 1.782957
0.1516909 -0.8192835 1.58651
9
0.01845118 -0.179589 1.781572
-0.05955197 -0.181795 1.741708
0.09569231 -0.1700281 1.748112
-0.2272855 -0.4459128 1.761244
0.2548984 -0.4316394 1.614385
-0.505268 -0.7779645 1.820535
0.120062 -0.7486707 1.63945
-0.5992416 -0.8028522 1.782326
0.1544801 -0.8207022 1.587893
9
0.01845118 -0.179589 1.781572
-0.05955197 -0.181795 1.741708
0.09569231 -0.1700281 1.748112
-0.2272855 -0.4459128 1.761244
0.2548984 -0.4316394 1.614385
-0.505268 -0.7779645 1.820535
0.120062 -0.7486707 1.63945
-0.5992416 -0.8028522 1.782326
0.1544801 -0.8207022 1.587893
9
0.01910365 -0.1799442 1.781311
-0.05901754 -0.1820178 1.741518
0.09644427 -0.1705184 1.747774
-0.2264883 -0.4463928 1.760697
0.2553926 -0.4322394 1.613975
-0.5050159 -0.7778921 1.820415
0.1207515 -0.7491756 1.638413
-0.5992432 -0.8021215 1.7823
0.1551843 -0.8208962 1.58765
9
0.01916026 -0.1799427 1.781304
-0.05889433 -0.1819557 1.741541
0.09647654 -0.170553 1.747746
-0.2265943 -0.4462424 1.76051
0.2553964 -0.4321231 1.613475
-0.5045242 -0.7782565 1.820161
0.1228468 -0.7440625 1.635931
-0.5761719 -0.7949219 1.780273
0.1554043 -0.8206062 1.586716
9
0.01916026 -0.1799427 1.781304
-0.05889433 -0.1819557 1.741541
0.09647654 -0.170553 1.747746
-0.2265943 -0.4462424 1.76051
0.2553964 -0.4321231 1.613475
-0.5045242 -0.7782565 1.820161
0.1228468 -0.7440625 1.635931
-0.5761719 -0.7949219 1.780273
0.1554043 -0.8206062 1.586716
