40
9
-0.1431864 -0.1014259 1.916505
-0.2114455 -0.1064403 1.860208
-0.06947844 -0.09256669 1.899486
-0.408209 -0.3452407 1.769825
0.1131692 -0.3451453 1.799423
-0.5784602 -0.7451289 1.765909
0.08166215 -0.7798538 1.764898
-0.5407898 -0.785176 1.660937
0.08939541 -0.8285965 1.683114
9
-0.1431864 -0.1014259 1.916505
-0.2114455 -0.1064403 1.860208
-0.06947844 -0.09256669 1.899486
-0.408209 -0.3452407 1.769825
0.1131692 -0.3451453 1.799423
-0.5784602 -0.7451289 1.765909
0.08166215 -0.7798538 1.764898
-0.5407898 -0.785176 1.660937
0.08939541 -0.8285965 1.683114
9
-0.1345439 -0.1069648 1.917804
-0.203179 -0.1115005 1.861141
-0.06080496 -0.09837158 1.901145
-0.3973904 -0.3524834 1.770762
0.1284728 -0.3440555 1.794021
-0.5784394 -0.7475705 1.764926
0.0837291 -0.7778221 1.763483
-0.5404475 -0.7879477 1.660352
0.08726808 -0.8311697 1.687539
9
-0.1345439 -0.1069648 1.917804
-0.203179 -0.1115005 1.861141
-0.06080496 -0.09837158 1.901145
-0.3973904 -0.3524834 1.770762
0.1284728 -0.3440555 1.794021
-0.5784394 -0.7475705 1.764926
0.0837291 -0.7778221 1.763483
-0.5404475 -0.7879477 1.660352
0.08726808 -0.8311697 1.687539
9
-0.1192179 -0.1172804 1.917732
-0.1889736 -0.1198165 1.861308
-0.04489733 -0.1104375 1.900779
-0.357916 -0.3810334 1.780639
0.1477687 -0.3514482 1.788249
-0.5407604 -0.7103523 1.775846
0.09448532 -0.7842715 1.758804
-0.5032312 -0.7512783 1.670865
0.07467444 -0.8369817 1.685675
9
-0.1192179 -0.1172804 1.917732
-0.1889736 -0.1198165 1.861308
-0.04489733 -0.1104375 1.900779
-0.357916 -0.3810334 1.780639
0.1477687 -0.3514482 1.788249
-0.5407604 -0.7103523 1.775846
0.09448532 -0.7842715 1.758804
-0.5032312 -0.7512783 1.670865
0.07467444 -0.8369817 1.685675
9
-0.1041174 -0.1252813 1.917124
-0.1731641 -0.1275686 1.861136
-0.03112718 -0.1182447 1.899757
-0.3565046 -0.3789133 1.780913
0.1644293 -0.3557965 1.784757
-0.5392539 -0.710856 1.775188
0.09938931 -0.7871044 1.757561
-0.5016408 -0.7518675 1.670305
0.06635269 -0.8368574 1.687849
9
-0.08901136 -0.1363577 1.919621
-0.1565046 -0.1384932 1.863891
-0.01804675 -0.1290205 1.902008
-0.3510383 -0.3807724 1.780647
0.1822605 -0.3602839 1.781368
-0.5367813 -0.7116077 1.774287
0.06608094 -0.7378784 1.771659
-0.4993223 -0.7528719 1.669544
0.08556975 -0.8010299 1.709172
9
-0.08901136 -0.1363577 1.919621
-0.1565046 -0.1384932 1.863891
-0.01804675 -0.1290205 1.902008
-0.3510383 -0.3807724 1.780647
0.1822605 -0.3602839 1.781368
-0.5367813 -0.7116077 1.774287
0.06608094 -0.7378784 1.771659
-0.4993223 -0.7528719 1.669544
0.08556975 -0.8010299 1.709172
9
-0.07811239 -0.1439354 1.920726
-0.14669 -0.1446903 1.86538
-0.006519972 -0.1377798 1.902668
-0.3346909 -0.3931232 1.788833
0.1965111 -0.365426 1.779617
-0.5332838 -0.7122697 1.773761
0.06812595 -0.7374788 1.771199
-0.4957564 -0.7538559 1.669295
0.08628104 -0.8013694 1.709025
9
-0.07811239 -0.1439354 1.920726
-0.14669 -0.1446903 1.86538
-0.006519972 -0.1377798 1.902668
-0.3346909 -0.3931232 1.788833
0.1965111 -0.365426 1.779617
-0.5332838 -0.7122697 1.773761
0.06812595 -0.7374788 1.771199
-0.4957564 -0.7538559 1.669295
0.08628104 -0.8013694 1.709025
9
-0.07811239 -0.1439354 1.920726
-0.14669 -0.1446903 1.86538
-0.006519972 -0.1377798 1.902668
-0.3346909 -0.3931232 1.788833
0.1965111 -0.365426 1.779617
-0.5332838 -0.7122697 1.773761
0.06812595 -0.7374788 1.771199
-0.4957564 -0.7538559 1.669295
0.08628104 -0.8013694 1.709025
9
-0.07811239 -0.1439354 1.920726
-0.14669 -0.1446903 1.86538
-0.006519972 -0.1377798 1.902668
-0.3346909 -0.3931232 1.788833
0.1965111 -0.365426 1.779617
-0.5332838 -0.7122697 1.773761
0.06812595 -0.7374788 1.771199
-0.4957564 -0.7538559 1.669295
0.08628104 -0.8013694 1.709025
9
-0.04482223 -0.1625961 1.921632
-0.1125306 -0.1636767 1.867349
0.02452382 -0.1553048 1.902609
-0.3262604 -0.3903665 1.789293
0.2259764 -0.3821708 1.776261
-0.5353597 -0.7238483 1.77056
0.07225188 -0.7384953 1.769786
-0.4975574 -0.7654795 1.666455
0.08769701 -0.80167 1.707081
9
-0.04482223 -0.1625961 1.921632
-0.1125306 -0.1636767 1.867349
0.02452382 -0.1553048 1.902609
-0.3262604 -0.3903665 1.789293
0.2259764 -0.3821708 1.776261
-0.5353597 -0.7238483 1.77056
0.07225188 -0.7384953 1.769786
-0.4975574 -0.7654795 1.666455
0.08769701 -0.80167 1.707081
9
-0.04482223 -0.1625961 1.921632
-0.1125306 -0.1636767 1.867349
0.02452382 -0.1553048 1.902609
-0.3262604 -0.3903665 1.789293
0.2259764 -0.3821708 1.776261
-0.5353597 -0.7238483 1.77056
0.07225188 -0.7384953 1.769786
-0.4975574 -0.7654795 1.666455
0.08769701 -0.80167 1.707081
9
-0.04482223 -0.1625961 1.921632
-0.1125306 -0.1636767 1.867349
0.02452382 -0.1553048 1.902609
-0.3262604 -0.3903665 1.789293
0.2259764 -0.3821708 1.776261
-0.5353597 -0.7238483 1.77056
0.07225188 -0.7384953 1.769786
-0.4975574 -0.7654795 1.666455
0.08769701 -0.80167 1.707081
9
-0.04482223 -0.1625961 1.921632
-0.1125306 -0.1636767 1.867349
0.02452382 -0.1553048 1.902609
-0.3262604 -0.3903665 1.789293
0.2259764 -0.3821708 1.776261
-0.5353597 -0.7238483 1.77056
0.07225188 -0.7384953 1.769786
-0.4975574 -0.7654795 1.666455
0.08769701 -0.80167 1.707081
9
-0.04482223 -0.1625961 1.921632
-0.1125306 -0.1636767 1.867349
0.02452382 -0.1553048 1.902609
-0.3262604 -0.3903665 1.789293
0.2259764 -0.3821708 1.776261
-0.5353597 -0.7238483 1.77056
0.07225188 -0.7384953 1.769786
-0.4975574 -0.7654795 1.666455
0.08769701 -0.80167 1.707081
9
-0.03503112 -0.1702008 1.92246
-0.1049378 -0.1685596 1.868198
0.03643949 -0.1659098 1.903375
-0.3153662 -0.3979896 1.787852
0.243567 -0.3864384 1.775075
-0.531392 -0.7253377 1.770193
0.08139241 -0.7418157 1.766504
-0.4951262 -0.7680535 1.666376
0.087872 -0.803463 1.706502
9
-0.03503112 -0.1702008 1.92246
-0.1049378 -0.1685596 1.868198
0.03643949 -0.1659098 1.903375
-0.3153662 -0.3979896 1.787852
0.243567 -0.3864384 1.775075
-0.531392 -0.7253377 1.770193
0.08139241 -0.7418157 1.766504
-0.4951262 -0.7680535 1.666376
0.087872 -0.803463 1.706502
9
-0.02401851 -0.1754192 1.923109
-0.09391373 -0.1734852 1.869739
0.04674 -0.1708856 1.903169
-0.3101203 -0.3973761 1.787872
0.2500145 -0.3936044 1.772295
-0.5290732 -0.7265024 1.769987
0.08210445 -0.7419848 1.765599
-0.4926759 -0.7689959 1.666074
0.08991622 -0.8033358 1.705226
9
-0.02401851 -0.1754192 1.923109
-0.09391373 -0.1734852 1.869739
0.04674 -0.1708856 1.903169
-0.3101203 -0.3973761 1.787872
0.2500145 -0.3936044 1.772295
-0.5290732 -0.7265024 1.769987
0.08210445 -0.7419848 1.765599
-0.4926759 -0.7689959 1.666074
0.08991622 -0.8033358 1.705226
9
-0.01921183 -0.1784109 1.923133
-0.08854955 -0.1766777 1.869567
0.05082199 -0.1734916 1.903374
-0.3068031 -0.3985766 1.787363
0.2530457 -0.3966288 1.771534
-0.5262428 -0.7269799 1.769826
0.08475443 -0.7437537 1.764541
-0.4895993 -0.7694805 1.666028
0.09031633 -0.80523 1.703956
9
-0.01667076 -0.1799139 1.923279
-0.08596837 -0.1780616 1.869904
0.05321811 -0.1750187 1.903339
-0.3047551 -0.399366 1.787149
0.2548305 -0.3983752 1.77089
-0.5242472 -0.7269887 1.769727
0.0862307 -0.7438837 1.763392
-0.4876009 -0.7695397 1.665972
0.09171092 -0.8054022 1.702933
9
-0.01667076 -0.1799139 1.923279
-0.08596837 -0.1780616 1.869904
0.05321811 -0.1750187 1.903339
-0.3047551 -0.399366 1.787149
0.2548305 -0.3983752 1.77089
-0.5242472 -0.7269887 1.769727
0.0862307 -0.7438837 1.763392
-0.4876009 -0.7695397 1.665972
0.09171092 -0.8054022 1.702933
9
-0.01552888 -0.1802493 1.923046
-0.08500538 -0.1783054 1.869653
0.05450222 -0.1754235 1.903133
-0.3034636 -0.3998932 1.786593
0.2555592 -0.3990983 1.770331
-0.5225732 -0.7273632 1.76947
0.08703993 -0.7437384 1.762492
-0.4860052 -0.7699763 1.665745
0.09156507 -0.8054678 1.702393
9
-0.01552888 -0.1802493 1.923046
-0.08500538 -0.1783054 1.869653
0.05450222 -0.1754235 1.903133
-0.3034636 -0.3998932 1.786593
0.2555592 -0.3990983 1.770331
-0.5225732 -0.7273632 1.76947
0.08703993 -0.7437384 1.762492
-0.4860052 -0.7699763 1.665745
0.09156507 -0.8054678 1.702393
9
-0.01552888 -0.1802493 1.923046
-0.08500538 -0.1783054 1.869653
0.05450222 -0.1754235 1.903133
-0.3034636 -0.3998932 1.786593
0.2555592 -0.3990983 1.770331
-0.5225732 -0.7273632 1.76947
0.08703993 -0.7437384 1.762492
-0.4860052 -0.7699763 1.665745
0.09156507 -0.8054678 1.702393
9
-0.01552888 -0.1802493 1.923046
-0.08500538 -0.1783054 1.869653
0.05450222 -0.1754235 1.903133
-0.3034636 -0.3998932 1.786593
0.2555592 -0.3990983 1.770331
-0.5225732 -0.7273632 1.76947
0.08703993 -0.7437384 1.762492
-0.4860052 -0.7699763 1.665745
0.09156507 -0.8054678 1.702393
9
-0.01552888 -0.1802493 1.923046
-0.08500538 -0.1783054 1.869653
0.05450222 -0.1754235 1.903133
-0.3034636 -0.3998932 1.786593
0.2555592 -0.3990983 1.770331
-0.5225732 -0.7273632 1.76947
0.08703993 -0.7437384 1.762492
-0.4860052 -0.7699763 1.665745
0.09156507 -0.8054678 1.702393
9
-0.01552888 -0.1802493 1.923046
-0.08500538 -0.1783054 1.869653
0.05450222 -0.1754235 1.903133
-0.3034636 -0.3998932 1.786593
0.2555592 -0.3990983 1.770331
-0.5225732 -0.7273632 1.76947
0.08703993 -0.7437384 1.762492
-0.4860052 -0.7699763 1.665745
0.09156507 -0.8054678 1.702393
9
-0.01552888 -0.1802493 1.923046
-0.08500538 -0.1783054 1.869653
0.05450222 -0.1754235 1.903133
-0.3034636 -0.3998932 1.786593
0.2555592 -0.3990983 1.770331
-0.5225732 -0.7273632 1.76947
0.08703993 -0.7437384 1.762492
-0.4860052 -0.7699763 1.665745
0.09156507 -0.8054678 1.702393
9
-0.01552888 -0.1802493 1.923046
-0.08500538 -0.1783054 1.869653
0.05450222 -0.1754235 1.903133
-0.3034636 -0.3998932 1.786593
0.2555592 -0.3990983 1.770331
-0.5225732 -0.7273632 1.76947
0.08703993 -0.7437384 1.762492
-0.4860052 -0.7699763 1.665745
0.09156507 -0.8054678 1.702393
9
-0.02120185 -0.1768294 1.920709
-0.0921208 -0.1731924 1.866049
0.05023633 -0.1734101 1.90178
-0.3049617 -0.4006565 1.786221
0.2528301 -0.3963981 1.770344
-0.5237002 -0.7288117 1.768423
0.08536886 -0.744621 1.761247
-0.4880007 -0.7711695 1.664207
0.09191668 -0.8061546 1.701198
9
-0.02120185 -0.1768294 1.920709
-0.0921208 -0.1731924 1.866049
0.05023633 -0.1734101 1.90178
-0.3049617 -0.4006565 1.786221
0.2528301 -0.3963981 1.770344
-0.5237002 -0.7288117 1.768423
0.08536886 -0.744621 1.761247
-0.4880007 -0.7711695 1.664207
0.09191668 -0.8061546 1.701198
9
-0.02442226 -0.1741746 1.920027
-0.09488644 -0.1708272 1.865035
0.04677775 -0.1706835 1.901541
-0.3067083 -0.3993486 1.785935
0.2488744 -0.3937664 1.768936
-0.5526507 -0.7575534 1.760422
0.08610628 -0.7413477 1.760573
-0.516509 -0.7991586 1.656287
0.09191592 -0.8034705 1.701845
9
-0.02442226 -0.1741746 1.920027
-0.09488644 -0.1708272 1.865035
0.04677775 -0.1706835 1.901541
-0.3067083 -0.3993486 1.785935
0.2488744 -0.3937664 1.768936
-0.5526507 -0.7575534 1.760422
0.08610628 -0.7413477 1.760573
-0.516509 -0.7991586 1.656287
0.09191592 -0.8034705 1.701845
9
-0.02442226 -0.1741746 1.920027
-0.09488644 -0.1708272 1.865035
0.04677775 -0.1706835 1.901541
-0.3067083 -0.3993486 1.785935
0.2488744 -0.3937664 1.768936
-0.5526507 -0.7575534 1.760422
0.08610628 -0.7413477 1.760573
-0.516509 -0.7991586 1.656287
0.09191592 -0.8034705 1.701845
9
-0.02442226 -0.1741746 1.920027
-0.09488644 -0.1708272 1.865035
0.04677775 -0.1706835 1.901541
-0.3067083 -0.3993486 1.785935
0.2488744 -0.3937664 1.768936
-0.5526507 -0.7575534 1.760422
0.08610628 -0.7413477 1.760573
-0.516509 -0.7991586 1.656287
0.09191592 -0.8034705 1.701845
