40
9
-0.1161076 -0.1547308 2.184587
-0.1884472 -0.1528684 2.139452
-0.03966237 -0.1511789 2.152874
-0.4004335 -0.4180095 2.051212
0.1786296 -0.3952632 2.000134
-0.5421597 -0.7423223 2.077156
0.195152 -0.8016526 2.03531
-0.5176126 -0.7782124 1.970639
0.1423834 -0.8285341 2.03951
9
-0.1161076 -0.1547308 2.184587
-0.1884472 -0.1528684 2.139452
-0.03966237 -0.1511789 2.152874
-0.4004335 -0.4180095 2.051212
0.1786296 -0.3952632 2.000134
-0.5421597 -0.7423223 2.077156
0.195152 -0.8016526 2.03531
-0.5176126 -0.7782124 1.970639
0.1423834 -0.8285341 2.03951
9
-0.09876855 -0.1691364 2.184842
-0.1746904 -0.1625936 2.139553
-0.01899012 -0.1705669 2.153336
-0.3578193 -0.4473555 2.043937
0.2229122 -0.3885461 1.996141
-0.5681343 -0.7956389 2.064655
0.1909634 -0.7930838 2.04001
-0.6136686 -0.8260801 2.004098
0.1488291 -0.8371703 2.033047
9
-0.08914835 -0.1767697 2.185201
-0.1654638 -0.1691593 2.139798
-0.009802761 -0.1783888 2.153788
-0.3534037 -0.4502892 2.041762
0.2344031 -0.3909615 1.992024
-0.5643151 -0.7983916 2.060775
0.1996519 -0.795477 2.034552
-0.6153551 -0.8249039 2.006823
0.1475652 -0.8280029 2.033104
9
-0.08095878 -0.1844052 2.185449
-0.1586162 -0.1745702 2.140016
-0.0004274509 -0.1881895 2.154072
-0.3003482 -0.4763595 2.017209
0.2513138 -0.3887429 1.987728
-0.538991 -0.8061419 2.036214
0.1997699 -0.7908911 2.034902
-0.5999117 -0.8028763 2.027284
0.1507542 -0.8283143 2.030631
9
-0.08095878 -0.1844052 2.185449
-0.1586162 -0.1745702 2.140016
-0.0004274509 -0.1881895 2.154072
-0.3003482 -0.4763595 2.017209
0.2513138 -0.3887429 1.987728
-0.538991 -0.8061419 2.036214
0.1997699 -0.7908911 2.034902
-0.5999117 -0.8028763 2.027284
0.1507542 -0.8283143 2.030631
9
-0.07186837 -0.1933783 2.185269
-0.1507493 -0.1814412 2.139924
0.009499814 -0.1988413 2.153802
-0.3162989 -0.4742427 2.031454
0.265891 -0.3899239 1.982648
-0.5510349 -0.8069755 2.048155
0.2031603 -0.7902238 2.031948
-0.6156008 -0.8071325 2.015264
0.1520818 -0.8248582 2.029116
9
-0.07186837 -0.1933783 2.185269
-0.1507493 -0.1814412 2.139924
0.009499814 -0.1988413 2.153802
-0.3162989 -0.4742427 2.031454
0.265891 -0.3899239 1.982648
-0.5510349 -0.8069755 2.048155
0.2031603 -0.7902238 2.031948
-0.6156008 -0.8071325 2.015264
0.1520818 -0.8248582 2.029116
9
-0.07186837 -0.1933783 2.185269
-0.1507493 -0.1814412 2.139924
0.009499814 -0.1988413 2.153802
-0.3162989 -0.4742427 2.031454
0.265891 -0.3899239 1.982648
-0.5510349 -0.8069755 2.048155
0.2031603 -0.7902238 2.031948
-0.6156008 -0.8071325 2.015264
0.1520818 -0.8248582 2.029116
9
-0.07186837 -0.1933783 2.185269
-0.1507493 -0.1814412 2.139924
0.009499814 -0.1988413 2.153802
-0.3162989 -0.4742427 2.031454
0.265891 -0.3899239 1.982648
-0.5510349 -0.8069755 2.048155
0.2031603 -0.7902238 2.031948
-0.6156008 -0.8071325 2.015264
0.1520818 -0.8248582 2.029116
9
-0.04559819 -0.2266067 2.1488
-0.1287759 -0.2086817 2.107263
0.03842907 -0.2354905 2.11475
-0.3273159 -0.4868896 2.048152
0.319161 -0.4103459 1.976421
-0.5659651 -0.8169573 2.061733
0.2292172 -0.8047789 2.030228
-0.6227071 -0.8216287 1.997449
0.1582461 -0.8116532 2.021798
9
-0.04559819 -0.2266067 2.1488
-0.1287759 -0.2086817 2.107263
0.03842907 -0.2354905 2.11475
-0.3273159 -0.4868896 2.048152
0.319161 -0.4103459 1.976421
-0.5659651 -0.8169573 2.061733
0.2292172 -0.8047789 2.030228
-0.6227071 -0.8216287 1.997449
0.1582461 -0.8116532 2.021798
9
0.03896084 -0.2255315 2.148576
-0.03770614 -0.220781 2.104371
0.1142132 -0.2222305 2.116076
-0.2527773 -0.4880995 2.055659
0.2959352 -0.4963148 1.977438
-0.5022464 -0.7508057 2.072921
0.1605703 -0.7613117 2.05284
-0.4791223 -0.7866313 1.966239
0.1703617 -0.8221501 2.018095
9
0.03896084 -0.2255315 2.148576
-0.03770614 -0.220781 2.104371
0.1142132 -0.2222305 2.116076
-0.2527773 -0.4880995 2.055659
0.2959352 -0.4963148 1.977438
-0.5022464 -0.7508057 2.072921
0.1605703 -0.7613117 2.05284
-0.4791223 -0.7866313 1.966239
0.1703617 -0.8221501 2.018095
9
0.05048506 -0.2275354 2.186945
-0.02406248 -0.2231007 2.144038
0.123349 -0.2240043 2.153244
-0.2468197 -0.4801191 2.052424
0.2901991 -0.4882353 1.970757
-0.4994405 -0.7510301 2.073067
0.1627479 -0.7626437 2.050812
-0.4768092 -0.7900278 1.968512
0.173274 -0.8233001 2.014098
9
0.05048506 -0.2275354 2.186945
-0.02406248 -0.2231007 2.144038
0.123349 -0.2240043 2.153244
-0.2468197 -0.4801191 2.052424
0.2901991 -0.4882353 1.970757
-0.4994405 -0.7510301 2.073067
0.1627479 -0.7626437 2.050812
-0.4768092 -0.7900278 1.968512
0.173274 -0.8233001 2.014098
9
0.05048506 -0.2275354 2.186945
-0.02406248 -0.2231007 2.144038
0.123349 -0.2240043 2.153244
-0.2468197 -0.4801191 2.052424
0.2901991 -0.4882353 1.970757
-0.4994405 -0.7510301 2.073067
0.1627479 -0.7626437 2.050812
-0.4768092 -0.7900278 1.968512
0.173274 -0.8233001 2.014098
9
0.05048506 -0.2275354 2.186945
-0.02406248 -0.2231007 2.144038
0.123349 -0.2240043 2.153244
-0.2468197 -0.4801191 2.052424
0.2901991 -0.4882353 1.970757
-0.4994405 -0.7510301 2.073067
0.1627479 -0.7626437 2.050812
-0.4768092 -0.7900278 1.968512
0.173274 -0.8233001 2.014098
9
0.05048506 -0.2275354 2.186945
-0.02406248 -0.2231007 2.144038
0.123349 -0.2240043 2.153244
-0.2468197 -0.4801191 2.052424
0.2901991 -0.4882353 1.970757
-0.4994405 -0.7510301 2.073067
0.1627479 -0.7626437 2.050812
-0.4768092 -0.7900278 1.968512
0.173274 -0.8233001 2.014098
9
0.05048506 -0.2275354 2.186945
-0.02406248 -0.2231007 2.144038
0.123349 -0.2240043 2.153244
-0.2468197 -0.4801191 2.052424
0.2901991 -0.4882353 1.970757
-0.4994405 -0.7510301 2.073067
0.1627479 -0.7626437 2.050812
-0.4768092 -0.7900278 1.968512
0.173274 -0.8233001 2.014098
9
0.061156 -0.2447802 2.190847
-0.01402484 -0.2392273 2.148208
0.1342043 -0.2417607 2.156874
-0.2701286 -0.4590378 2.038909
0.3606812 -0.4348113 1.945435
-0.5306793 -0.7730759 2.049378
0.1673714 -0.7633909 2.049573
-0.6004624 -0.812421 1.97827
0.1723003 -0.8248084 2.012511
9
0.061156 -0.2447802 2.190847
-0.01402484 -0.2392273 2.148208
0.1342043 -0.2417607 2.156874
-0.2701286 -0.4590378 2.038909
0.3606812 -0.4348113 1.945435
-0.5306793 -0.7730759 2.049378
0.1673714 -0.7633909 2.049573
-0.6004624 -0.812421 1.97827
0.1723003 -0.8248084 2.012511
9
0.06473278 -0.2488455 2.191597
-0.01048962 -0.2433688 2.149305
0.1377012 -0.2456314 2.157304
-0.2711273 -0.4574302 2.038446
0.3634073 -0.4365405 1.942608
-0.5306051 -0.7724616 2.047727
0.1696599 -0.7624437 2.049399
-0.6006842 -0.8123534 1.978068
0.1713166 -0.8241405 2.012235
9
0.06473278 -0.2488455 2.191597
-0.01048962 -0.2433688 2.149305
0.1377012 -0.2456314 2.157304
-0.2711273 -0.4574302 2.038446
0.3634073 -0.4365405 1.942608
-0.5306051 -0.7724616 2.047727
0.1696599 -0.7624437 2.049399
-0.6006842 -0.8123534 1.978068
0.1713166 -0.8241405 2.012235
9
0.06658855 -0.2505883 2.19179
-0.008716125 -0.2451162 2.149452
0.1395662 -0.2473063 2.157549
-0.2714012 -0.4566077 2.038333
0.3661773 -0.4359317 1.941643
-0.531022 -0.7716845 2.045676
0.1723085 -0.7621315 2.048799
-0.6008667 -0.8122668 1.976569
0.1711239 -0.8239498 2.011667
9
0.06658855 -0.2505883 2.19179
-0.008716125 -0.2451162 2.149452
0.1395662 -0.2473063 2.157549
-0.2714012 -0.4566077 2.038333
0.3661773 -0.4359317 1.941643
-0.531022 -0.7716845 2.045676
0.1723085 -0.7621315 2.048799
-0.6008667 -0.8122668 1.976569
0.1711239 -0.8239498 2.011667
9
0.06658855 -0.2505883 2.19179
-0.008716125 -0.2451162 2.149452
0.1395662 -0.2473063 2.157549
-0.2714012 -0.4566077 2.038333
0.3661773 -0.4359317 1.941643
-0.531022 -0.7716845 2.045676
0.1723085 -0.7621315 2.048799
-0.6008667 -0.8122668 1.976569
0.1711239 -0.8239498 2.011667
9
0.06658855 -0.2505883 2.19179
-0.008716125 -0.2451162 2.149452
0.1395662 -0.2473063 2.157549
-0.2714012 -0.4566077 2.038333
0.3661773 -0.4359317 1.941643
-0.531022 -0.7716845 2.045676
0.1723085 -0.7621315 2.048799
-0.6008667 -0.8122668 1.976569
0.1711239 -0.8239498 2.011667
9
0.06734025 -0.2508184 2.192246
-0.007947238 -0.2452993 2.150129
0.1402957 -0.2475779 2.15782
-0.2709265 -0.4562744 2.038454
0.3682487 -0.4348674 1.942217
-0.5291343 -0.7725458 2.045362
0.1758052 -0.7617222 2.047738
-0.5998743 -0.8117466 1.976152
0.1712368 -0.8235605 2.011183
9
0.06734025 -0.2508184 2.192246
-0.007947238 -0.2452993 2.150129
0.1402957 -0.2475779 2.15782
-0.2709265 -0.4562744 2.038454
0.3682487 -0.4348674 1.942217
-0.5291343 -0.7725458 2.045362
0.1758052 -0.7617222 2.047738
-0.5998743 -0.8117466 1.976152
0.1712368 -0.8235605 2.011183
9
0.0677283 -0.2506796 2.192606
-0.007515085 -0.2451316 2.150724
0.1406318 -0.247467 2.158001
-0.2705617 -0.4558333 2.03851
0.3696983 -0.4333554 1.942383
-0.5282499 -0.7725719 2.044904
0.1768881 -0.7616238 2.04695
-0.5989508 -0.8112084 1.97476
0.1709843 -0.8234329 2.011285
9
0.0677283 -0.2506796 2.192606
-0.007515085 -0.2451316 2.150724
0.1406318 -0.247467 2.158001
-0.2705617 -0.4558333 2.03851
0.3696983 -0.4333554 1.942383
-0.5282499 -0.7725719 2.044904
0.1768881 -0.7616238 2.04695
-0.5989508 -0.8112084 1.97476
0.1709843 -0.8234329 2.011285
9
0.06764621 -0.2497424 2.193674
-0.007674824 -0.2440956 2.15208
0.1406117 -0.2466647 2.158791
-0.2701656 -0.4550515 2.038514
0.3703791 -0.431746 1.943205
-0.5276175 -0.772009 2.044667
0.2471882 -0.8178358 1.994755
-0.5981857 -0.8106543 1.974212
0.2536365 -0.8564282 1.890418
9
0.06764621 -0.2497424 2.193674
-0.007674824 -0.2440956 2.15208
0.1406117 -0.2466647 2.158791
-0.2701656 -0.4550515 2.038514
0.3703791 -0.431746 1.943205
-0.5276175 -0.772009 2.044667
0.2471882 -0.8178358 1.994755
-0.5981857 -0.8106543 1.974212
0.2536365 -0.8564282 1.890418
9
0.06550224 -0.2475485 2.195433
-0.0100941 -0.2415605 2.154207
0.1387995 -0.2448699 2.160173
-0.270037 -0.4547198 2.038163
0.3682543 -0.4313196 1.945601
-0.526565 -0.7724478 2.044034
0.1782283 -0.7604876 2.046664
-0.5978003 -0.8105403 1.974252
0.171224 -0.8222621 2.010806
9
0.06105229 -0.243713 2.197699
-0.01464079 -0.2378064 2.156809
0.1346029 -0.2411089 2.162052
-0.2720315 -0.4529587 2.037962
0.3635998 -0.430006 1.949404
-0.5260205 -0.7727427 2.043448
0.1782774 -0.7602204 2.046834
-0.5976819 -0.8105265 1.974187
0.1712797 -0.8219974 2.010721
9
0.06105229 -0.243713 2.197699
-0.01464079 -0.2378064 2.156809
0.1346029 -0.2411089 2.162052
-0.2720315 -0.4529587 2.037962
0.3635998 -0.430006 1.949404
-0.5260205 -0.7727427 2.043448
0.1782774 -0.7602204 2.046834
-0.5976819 -0.8105265 1.974187
0.1712797 -0.8219974 2.010721
9
0.06105229 -0.243713 2.197699
-0.01464079 -0.2378064 2.156809
0.1346029 -0.2411089 2.162052
-0.2720315 -0.4529587 2.037962
0.3635998 -0.430006 1.949404
-0.5260205 -0.7727427 2.043448
0.1782774 -0.7602204 2.046834
-0.5976819 -0.8105265 1.974187
0.1712797 -0.8219974 2.010721
9
0.05289175 -0.2375302 2.200286
-0.02299894 -0.2317234 2.159543
0.1269265 -0.2350612 2.16442
-0.2743248 -0.4523932 2.036938
0.3567312 -0.4262792 1.955179
-0.5278776 -0.772729 2.039131
0.2480063 -0.8181871 1.996457
-0.5995262 -0.8121704 1.972719
0.2536602 -0.8572637 1.892367
9
0.04425367 -0.2328342 2.202454
-0.031536 -0.2275638 2.161886
0.1184751 -0.2299828 2.166366
-0.2914585 -0.44179 2.049862
0.3489168 -0.424752 1.961788
-0.532296 -0.7719726 2.04768
0.1775927 -0.7591886 2.047531
-0.5967829 -0.811157 1.975468
0.1708063 -0.8209962 2.011513
