40
9
-0.07691577 -0.1663797 2.23023
-0.1495889 -0.1643354 2.18824
-0.001559083 -0.1626989 2.195352
-0.3593649 -0.4278445 2.081083
0.2242932 -0.4043115 2.054838
-0.5337023 -0.7500282 2.083081
0.2082571 -0.813613 2.057068
-0.5082021 -0.7863295 1.977137
0.1317622 -0.8164027 2.026291
9
-0.05906419 -0.1742838 2.231903
-0.1318974 -0.1715301 2.190313
0.01581693 -0.1710424 2.196627
-0.3471289 -0.4303161 2.081427
0.2415929 -0.4082998 2.046917
-0.5289118 -0.7489991 2.082527
0.2107608 -0.8165852 2.053509
-0.5048326 -0.7855558 1.97643
0.1337469 -0.8125475 2.029928
9
-0.05906419 -0.1742838 2.231903
-0.1318974 -0.1715301 2.190313
0.01581693 -0.1710424 2.196627
-0.3471289 -0.4303161 2.081427
0.2415929 -0.4082998 2.046917
-0.5289118 -0.7489991 2.082527
0.2107608 -0.8165852 2.053509
-0.5048326 -0.7855558 1.97643
0.1337469 -0.8125475 2.029928
9
-0.04505577 -0.1821847 2.232786
-0.1176419 -0.1789766 2.191983
0.02913048 -0.179139 2.196752
-0.3373384 -0.4336976 2.081538
0.2563802 -0.4117116 2.040878
-0.5534735 -0.7805587 2.073474
0.1511264 -0.7536027 2.081952
-0.5286361 -0.8171403 1.968076
0.1716647 -0.8083812 2.023895
9
-0.04505577 -0.1821847 2.232786
-0.1176419 -0.1789766 2.191983
0.02913048 -0.179139 2.196752
-0.3373384 -0.4336976 2.081538
0.2563802 -0.4117116 2.040878
-0.5534735 -0.7805587 2.073474
0.1511264 -0.7536027 2.081952
-0.5286361 -0.8171403 1.968076
0.1716647 -0.8083812 2.023895
9
-0.03001984 -0.1900866 2.234578
-0.103064 -0.1865392 2.193771
0.04404869 -0.1870926 2.198548
-0.3283207 -0.4361465 2.082062
0.2700601 -0.4169844 2.03586
-0.5522677 -0.7780721 2.072371
0.1531376 -0.7544025 2.081574
-0.5943083 -0.8125418 2.010607
0.1718473 -0.8097295 2.023463
9
-0.03001984 -0.1900866 2.234578
-0.103064 -0.1865392 2.193771
0.04404869 -0.1870926 2.198548
-0.3283207 -0.4361465 2.082062
0.2700601 -0.4169844 2.03586
-0.5522677 -0.7780721 2.072371
0.1531376 -0.7544025 2.081574
-0.5943083 -0.8125418 2.010607
0.1718473 -0.8097295 2.023463
9
-0.01842132 -0.1997801 2.235765
-0.09119235 -0.1955658 2.19449
0.05501352 -0.1971635 2.200232
-0.3209217 -0.4408559 2.081824
0.2848079 -0.4185638 2.02975
-0.5529239 -0.7773998 2.070271
0.1557811 -0.7549062 2.080275
-0.5298963 -0.814657 1.964956
0.1714803 -0.8114322 2.0233
9
-0.01842132 -0.1997801 2.235765
-0.09119235 -0.1955658 2.19449
0.05501352 -0.1971635 2.200232
-0.3209217 -0.4408559 2.081824
0.2848079 -0.4185638 2.02975
-0.5529239 -0.7773998 2.070271
0.1557811 -0.7549062 2.080275
-0.5298963 -0.814657 1.964956
0.1714803 -0.8114322 2.0233
9
-0.006197742 -0.2084803 2.238524
-0.0792518 -0.2038106 2.197348
0.06705987 -0.2060036 2.202908
-0.3156341 -0.4418378 2.081368
0.2972592 -0.421713 2.024409
-0.5521637 -0.7752454 2.069269
0.1589431 -0.7548008 2.079239
-0.6135215 -0.8157037 1.997275
0.1690052 -0.8131566 2.02429
9
-0.006197742 -0.2084803 2.238524
-0.0792518 -0.2038106 2.197348
0.06705987 -0.2060036 2.202908
-0.3156341 -0.4418378 2.081368
0.2972592 -0.421713 2.024409
-0.5521637 -0.7752454 2.069269
0.1589431 -0.7548008 2.079239
-0.6135215 -0.8157037 1.997275
0.1690052 -0.8131566 2.02429
9
0.004502173 -0.2167356 2.238608
-0.06888513 -0.2119588 2.197182
0.07773077 -0.2140862 2.203272
-0.3006213 -0.4499664 2.067377
0.3105588 -0.4246455 2.021705
-0.5492074 -0.774433 2.059537
0.1635583 -0.7533816 2.076272
-0.5269319 -0.8122879 1.95452
0.1686308 -0.8132454 2.024487
9
0.004502173 -0.2167356 2.238608
-0.06888513 -0.2119588 2.197182
0.07773077 -0.2140862 2.203272
-0.3006213 -0.4499664 2.067377
0.3105588 -0.4246455 2.021705
-0.5492074 -0.774433 2.059537
0.1635583 -0.7533816 2.076272
-0.5269319 -0.8122879 1.95452
0.1686308 -0.8132454 2.024487
9
0.004502173 -0.2167356 2.238608
-0.06888513 -0.2119588 2.197182
0.07773077 -0.2140862 2.203272
-0.3006213 -0.4499664 2.067377
0.3105588 -0.4246455 2.021705
-0.5492074 -0.774433 2.059537
0.1635583 -0.7533816 2.076272
-0.5269319 -0.8122879 1.95452
0.1686308 -0.8132454 2.024487
9
0.004502173 -0.2167356 2.238608
-0.06888513 -0.2119588 2.197182
0.07773077 -0.2140862 2.203272
-0.3006213 -0.4499664 2.067377
0.3105588 -0.4246455 2.021705
-0.5492074 -0.774433 2.059537
0.1635583 -0.7533816 2.076272
-0.5269319 -0.8122879 1.95452
0.1686308 -0.8132454 2.024487
9
0.02636529 -0.2304455 2.24142
-0.04809657 -0.2254513 2.199422
0.09993595 -0.2275565 2.206722
-0.297679 -0.4443508 2.067787
0.3340756 -0.428874 2.015137
-0.5482048 -0.7673661 2.060766
0.1675156 -0.7544068 2.075694
-0.526845 -0.8058193 1.955895
0.1683463 -0.814665 2.024282
9
0.02636529 -0.2304455 2.24142
-0.04809657 -0.2254513 2.199422
0.09993595 -0.2275565 2.206722
-0.297679 -0.4443508 2.067787
0.3340756 -0.428874 2.015137
-0.5482048 -0.7673661 2.060766
0.1675156 -0.7544068 2.075694
-0.526845 -0.8058193 1.955895
0.1683463 -0.814665 2.024282
9
0.03316827 -0.2350297 2.241521
-0.04141445 -0.22991 2.199752
0.1066153 -0.2321087 2.206605
-0.2937363 -0.4455551 2.067679
0.34212 -0.4310424 2.014283
-0.5457663 -0.7674164 2.060637
0.1697279 -0.7546421 2.074964
-0.5946051 -0.806434 1.992078
0.1680623 -0.8151459 2.024344
9
0.03316827 -0.2350297 2.241521
-0.04141445 -0.22991 2.199752
0.1066153 -0.2321087 2.206605
-0.2937363 -0.4455551 2.067679
0.34212 -0.4310424 2.014283
-0.5457663 -0.7674164 2.060637
0.1697279 -0.7546421 2.074964
-0.5946051 -0.806434 1.992078
0.1680623 -0.8151459 2.024344
9
0.03842009 -0.2387308 2.241234
-0.03617487 -0.2334087 2.19962
0.111698 -0.2358885 2.206177
-0.2895894 -0.4483233 2.068769
0.3489314 -0.4324758 2.01371
-0.5443067 -0.768105 2.060517
0.1730496 -0.7533941 2.07371
-0.5947074 -0.8063961 1.992132
0.168111 -0.8143384 2.02538
9
0.03842009 -0.2387308 2.241234
-0.03617487 -0.2334087 2.19962
0.111698 -0.2358885 2.206177
-0.2895894 -0.4483233 2.068769
0.3489314 -0.4324758 2.01371
-0.5443067 -0.768105 2.060517
0.1730496 -0.7533941 2.07371
-0.5947074 -0.8063961 1.992132
0.168111 -0.8143384 2.02538
9
0.03842009 -0.2387308 2.241234
-0.03617487 -0.2334087 2.19962
0.111698 -0.2358885 2.206177
-0.2895894 -0.4483233 2.068769
0.3489314 -0.4324758 2.01371
-0.5443067 -0.768105 2.060517
0.1730496 -0.7533941 2.07371
-0.5947074 -0.8063961 1.992132
0.168111 -0.8143384 2.02538
9
0.03842009 -0.2387308 2.241234
-0.03617487 -0.2334087 2.19962
0.111698 -0.2358885 2.206177
-0.2895894 -0.4483233 2.068769
0.3489314 -0.4324758 2.01371
-0.5443067 -0.768105 2.060517
0.1730496 -0.7533941 2.07371
-0.5947074 -0.8063961 1.992132
0.168111 -0.8143384 2.02538
9
0.0447704 -0.2413049 2.242573
-0.03036391 -0.23575 2.201129
0.118388 -0.2386218 2.207341
-0.2850648 -0.4492218 2.070252
0.3545834 -0.4347326 2.012933
-0.5409884 -0.7680801 2.061338
0.177826 -0.752004 2.072002
-0.5963455 -0.8066878 1.989811
0.1677231 -0.8129081 2.025218
9
0.0447704 -0.2413049 2.242573
-0.03036391 -0.23575 2.201129
0.118388 -0.2386218 2.207341
-0.2850648 -0.4492218 2.070252
0.3545834 -0.4347326 2.012933
-0.5409884 -0.7680801 2.061338
0.177826 -0.752004 2.072002
-0.5963455 -0.8066878 1.989811
0.1677231 -0.8129081 2.025218
9
0.0447704 -0.2413049 2.242573
-0.03036391 -0.23575 2.201129
0.118388 -0.2386218 2.207341
-0.2850648 -0.4492218 2.070252
0.3545834 -0.4347326 2.012933
-0.5409884 -0.7680801 2.061338
0.177826 -0.752004 2.072002
-0.5963455 -0.8066878 1.989811
0.1677231 -0.8129081 2.025218
9
0.0447704 -0.2413049 2.242573
-0.03036391 -0.23575 2.201129
0.118388 -0.2386218 2.207341
-0.2850648 -0.4492218 2.070252
0.3545834 -0.4347326 2.012933
-0.5409884 -0.7680801 2.061338
0.177826 -0.752004 2.072002
-0.5963455 -0.8066878 1.989811
0.1677231 -0.8129081 2.025218
9
0.04638416 -0.2412596 2.242771
-0.02866535 -0.2355653 2.201347
0.119867 -0.2387065 2.207524
-0.2829838 -0.4495579 2.070572
0.356483 -0.4348105 2.013809
-0.5387559 -0.7685581 2.06126
0.1791281 -0.7514234 2.071725
-0.5992818 -0.8068298 1.985547
0.1686649 -0.8123503 2.025251
9
0.04638416 -0.2412596 2.242771
-0.02866535 -0.2355653 2.201347
0.119867 -0.2387065 2.207524
-0.2829838 -0.4495579 2.070572
0.356483 -0.4348105 2.013809
-0.5387559 -0.7685581 2.06126
0.1791281 -0.7514234 2.071725
-0.5992818 -0.8068298 1.985547
0.1686649 -0.8123503 2.025251
9
0.04704615 -0.2410345 2.24295
-0.0279227 -0.2352485 2.201529
0.1204301 -0.2385694 2.2077
-0.2810366 -0.4505582 2.07051
0.3570444 -0.4349101 2.014308
-0.5369551 -0.7694435 2.061301
0.1802575 -0.7514415 2.071518
-0.5967024 -0.8057454 1.985501
0.1696718 -0.8123212 2.024815
9
0.04704615 -0.2410345 2.24295
-0.0279227 -0.2352485 2.201529
0.1204301 -0.2385694 2.2077
-0.2810366 -0.4505582 2.07051
0.3570444 -0.4349101 2.014308
-0.5369551 -0.7694435 2.061301
0.1802575 -0.7514415 2.071518
-0.5967024 -0.8057454 1.985501
0.1696718 -0.8123212 2.024815
9
0.04727207 -0.2400044 2.243177
-0.02762671 -0.233958 2.201861
0.1205841 -0.237804 2.207837
-0.2799883 -0.4502154 2.070905
0.356901 -0.4347389 2.014707
-0.5354994 -0.769438 2.061612
0.1807636 -0.7511883 2.071603
-0.596819 -0.805198 1.985005
0.1698536 -0.8120383 2.02489
9
0.04727207 -0.2400044 2.243177
-0.02762671 -0.233958 2.201861
0.1205841 -0.237804 2.207837
-0.2799883 -0.4502154 2.070905
0.356901 -0.4347389 2.014707
-0.5354994 -0.769438 2.061612
0.1807636 -0.7511883 2.071603
-0.596819 -0.805198 1.985005
0.1698536 -0.8120383 2.02489
9
0.04673171 -0.2378248 2.243459
-0.02834567 -0.2315911 2.202204
0.1202152 -0.235884 2.208053
-0.279283 -0.4495063 2.071199
0.3559283 -0.4342673 2.015794
-0.5344071 -0.7690542 2.061635
0.1807368 -0.7517273 2.072181
-0.5969756 -0.8044634 1.983426
0.1695629 -0.8125072 2.025239
9
0.04673171 -0.2378248 2.243459
-0.02834567 -0.2315911 2.202204
0.1202152 -0.235884 2.208053
-0.279283 -0.4495063 2.071199
0.3559283 -0.4342673 2.015794
-0.5344071 -0.7690542 2.061635
0.1807368 -0.7517273 2.072181
-0.5969756 -0.8044634 1.983426
0.1695629 -0.8125072 2.025239
9
0.04282226 -0.2328114 2.243247
-0.03270957 -0.2257728 2.202242
0.1168518 -0.2317796 2.207604
-0.2783286 -0.4496211 2.071251
0.3524382 -0.4325546 2.018108
-0.5324773 -0.7699473 2.061749
0.1807342 -0.7517624 2.072273
-0.5973235 -0.8036287 1.982471
0.1711553 -0.8124485 2.023847
9
0.04282226 -0.2328114 2.243247
-0.03270957 -0.2257728 2.202242
0.1168518 -0.2317796 2.207604
-0.2783286 -0.4496211 2.071251
0.3524382 -0.4325546 2.018108
-0.5324773 -0.7699473 2.061749
0.1807342 -0.7517624 2.072273
-0.5973235 -0.8036287 1.982471
0.1711553 -0.8124485 2.023847
9
0.03788654 -0.2258259 2.244217
-0.0379596 -0.2183914 2.203221
0.1124177 -0.2254874 2.208511
-0.2792484 -0.4466688 2.071716
0.3465942 -0.4305125 2.022387
-0.5304908 -0.7692953 2.062086
0.1811807 -0.7515512 2.07359
-0.5978435 -0.8030998 1.982346
0.1716027 -0.812063 2.024169
9
0.03788654 -0.2258259 2.244217
-0.0379596 -0.2183914 2.203221
0.1124177 -0.2254874 2.208511
-0.2792484 -0.4466688 2.071716
0.3465942 -0.4305125 2.022387
-0.5304908 -0.7692953 2.062086
0.1811807 -0.7515512 2.07359
-0.5978435 -0.8030998 1.982346
0.1716027 -0.812063 2.024169
9
0.03788654 -0.2258259 2.244217
-0.0379596 -0.2183914 2.203221
0.1124177 -0.2254874 2.208511
-0.2792484 -0.4466688 2.071716
0.3465942 -0.4305125 2.022387
-0.5304908 -0.7692953 2.062086
0.1811807 -0.7515512 2.07359
-0.5978435 -0.8030998 1.982346
0.1716027 -0.812063 2.024169
