40
9
-0.1162845 -0.1465271 2.210294
-0.1902279 -0.1407143 2.166823
-0.03801638 -0.1473114 2.177075
-0.3836252 -0.41883 2.069798
0.1902945 -0.3927545 2.049202
-0.5431706 -0.7478665 2.081777
0.2048479 -0.8015044 2.061373
-0.5204327 -0.7813847 1.973461
0.1393287 -0.8296138 2.031363
9
-0.1162845 -0.1465271 2.210294
-0.1902279 -0.1407143 2.166823
-0.03801638 -0.1473114 2.177075
-0.3836252 -0.41883 2.069798
0.1902945 -0.3927545 2.049202
-0.5431706 -0.7478665 2.081777
0.2048479 -0.8015044 2.061373
-0.5204327 -0.7813847 1.973461
0.1393287 -0.8296138 2.031363
9
-0.108343 -0.1501708 2.214169
-0.1835282 -0.142995 2.170456
-0.02920892 -0.1523228 2.181076
-0.3660849 -0.4271829 2.066981
0.2061514 -0.3849121 2.038244
-0.5406149 -0.7480642 2.080736
0.2023631 -0.7934853 2.057502
-0.5184366 -0.7823284 1.972794
0.1475537 -0.8334039 2.033614
9
-0.108343 -0.1501708 2.214169
-0.1835282 -0.142995 2.170456
-0.02920892 -0.1523228 2.181076
-0.3660849 -0.4271829 2.066981
0.2061514 -0.3849121 2.038244
-0.5406149 -0.7480642 2.080736
0.2023631 -0.7934853 2.057502
-0.5184366 -0.7823284 1.972794
0.1475537 -0.8334039 2.033614
9
-0.09979013 -0.1564351 2.213304
-0.1765124 -0.1468873 2.170191
-0.01938708 -0.1610903 2.179437
-0.3548151 -0.4333726 2.064672
0.2225769 -0.3834309 2.029919
-0.5342561 -0.7481228 2.079532
0.2018469 -0.7910958 2.054457
-0.5114225 -0.7828936 1.972043
0.1512907 -0.8343373 2.032822
9
-0.09979013 -0.1564351 2.213304
-0.1765124 -0.1468873 2.170191
-0.01938708 -0.1610903 2.179437
-0.3548151 -0.4333726 2.064672
0.2225769 -0.3834309 2.029919
-0.5342561 -0.7481228 2.079532
0.2018469 -0.7910958 2.054457
-0.5114225 -0.7828936 1.972043
0.1512907 -0.8343373 2.032822
9
-0.07841132 -0.166163 2.218342
-0.1556246 -0.1558823 2.17496
0.001359022 -0.1707636 2.18476
-0.3409918 -0.4359064 2.060943
0.2387726 -0.3896392 2.020483
-0.554942 -0.7833989 2.067635
0.205847 -0.7962837 2.047377
-0.5986683 -0.8177243 2.0094
0.1494766 -0.8292131 2.038099
9
-0.07841132 -0.166163 2.218342
-0.1556246 -0.1558823 2.17496
0.001359022 -0.1707636 2.18476
-0.3409918 -0.4359064 2.060943
0.2387726 -0.3896392 2.020483
-0.554942 -0.7833989 2.067635
0.205847 -0.7962837 2.047377
-0.5986683 -0.8177243 2.0094
0.1494766 -0.8292131 2.038099
9
-0.06595567 -0.1719718 2.220659
-0.143878 -0.1607416 2.177682
0.01427248 -0.1773708 2.18671
-0.3301106 -0.4385237 2.057159
0.253324 -0.3900834 2.015623
-0.5499663 -0.7823077 2.064296
0.2057384 -0.7950419 2.045494
-0.5265447 -0.8178188 1.957998
0.1506049 -0.8286005 2.037569
9
-0.06595567 -0.1719718 2.220659
-0.143878 -0.1607416 2.177682
0.01427248 -0.1773708 2.18671
-0.3301106 -0.4385237 2.057159
0.253324 -0.3900834 2.015623
-0.5499663 -0.7823077 2.064296
0.2057384 -0.7950419 2.045494
-0.5265447 -0.8178188 1.957998
0.1506049 -0.8286005 2.037569
9
-0.06021021 -0.1765844 2.220447
-0.1385694 -0.1642579 2.177143
0.02026932 -0.1829937 2.186896
-0.3186308 -0.4448327 2.052146
0.2620077 -0.3906683 2.012964
-0.5468596 -0.7830747 2.059929
0.1581534 -0.7535874 2.071139
-0.5234598 -0.8192508 1.954115
0.173125 -0.8127332 2.024949
9
-0.06021021 -0.1765844 2.220447
-0.1385694 -0.1642579 2.177143
0.02026932 -0.1829937 2.186896
-0.3186308 -0.4448327 2.052146
0.2620077 -0.3906683 2.012964
-0.5468596 -0.7830747 2.059929
0.1581534 -0.7535874 2.071139
-0.5234598 -0.8192508 1.954115
0.173125 -0.8127332 2.024949
9
-0.05470434 -0.1815119 2.22033
-0.1339314 -0.1675563 2.176732
0.02649235 -0.1895747 2.187156
-0.3114868 -0.4494724 2.050823
0.2720686 -0.3908618 2.01072
-0.5440297 -0.7848462 2.057491
0.206417 -0.7929568 2.044483
-0.6174257 -0.8199888 2.006494
0.1519679 -0.828348 2.034588
9
-0.05470434 -0.1815119 2.22033
-0.1339314 -0.1675563 2.176732
0.02649235 -0.1895747 2.187156
-0.3114868 -0.4494724 2.050823
0.2720686 -0.3908618 2.01072
-0.5440297 -0.7848462 2.057491
0.206417 -0.7929568 2.044483
-0.6174257 -0.8199888 2.006494
0.1519679 -0.828348 2.034588
9
-0.05470434 -0.1815119 2.22033
-0.1339314 -0.1675563 2.176732
0.02649235 -0.1895747 2.187156
-0.3114868 -0.4494724 2.050823
0.2720686 -0.3908618 2.01072
-0.5440297 -0.7848462 2.057491
0.206417 -0.7929568 2.044483
-0.6174257 -0.8199888 2.006494
0.1519679 -0.828348 2.034588
9
-0.04768782 -0.1866663 2.220707
-0.1272847 -0.171556 2.17644
0.03357763 -0.1956162 2.188237
-0.3051976 -0.4529329 2.049386
0.2810506 -0.3917023 2.007982
-0.5411354 -0.7859792 2.055454
0.2094217 -0.7927619 2.042272
-0.6113095 -0.8177695 1.999344
0.153128 -0.8257955 2.03315
9
-0.04768782 -0.1866663 2.220707
-0.1272847 -0.171556 2.17644
0.03357763 -0.1956162 2.188237
-0.3051976 -0.4529329 2.049386
0.2810506 -0.3917023 2.007982
-0.5411354 -0.7859792 2.055454
0.2094217 -0.7927619 2.042272
-0.6113095 -0.8177695 1.999344
0.153128 -0.8257955 2.03315
9
-0.04768782 -0.1866663 2.220707
-0.1272847 -0.171556 2.17644
0.03357763 -0.1956162 2.188237
-0.3051976 -0.4529329 2.049386
0.2810506 -0.3917023 2.007982
-0.5411354 -0.7859792 2.055454
0.2094217 -0.7927619 2.042272
-0.6113095 -0.8177695 1.999344
0.153128 -0.8257955 2.03315
9
-0.0383767 -0.1930563 2.22153
-0.1189404 -0.1763544 2.176522
0.04353878 -0.2033897 2.189859
-0.2995644 -0.455734 2.0485
0.2939675 -0.3927974 2.006096
-0.5383928 -0.7867928 2.053601
0.2086666 -0.7911857 2.041228
-0.6129467 -0.8182276 1.997531
0.1534418 -0.8256727 2.031601
9
-0.0383767 -0.1930563 2.22153
-0.1189404 -0.1763544 2.176522
0.04353878 -0.2033897 2.189859
-0.2995644 -0.455734 2.0485
0.2939675 -0.3927974 2.006096
-0.5383928 -0.7867928 2.053601
0.2086666 -0.7911857 2.041228
-0.6129467 -0.8182276 1.997531
0.1534418 -0.8256727 2.031601
9
-0.02797725 -0.2064677 2.186416
-0.1098143 -0.1855529 2.143271
0.05495531 -0.2205454 2.152488
-0.2989724 -0.468079 2.052984
0.3225915 -0.4076911 2.000973
-0.5387571 -0.798257 2.05932
0.2321775 -0.8046309 2.03828
-0.6147119 -0.8177708 1.983023
0.1604253 -0.8130904 2.026389
9
-0.02797725 -0.2064677 2.186416
-0.1098143 -0.1855529 2.143271
0.05495531 -0.2205454 2.152488
-0.2989724 -0.468079 2.052984
0.3225915 -0.4076911 2.000973
-0.5387571 -0.798257 2.05932
0.2321775 -0.8046309 2.03828
-0.6147119 -0.8177708 1.983023
0.1604253 -0.8130904 2.026389
9
0.03744614 -0.2090901 2.160954
-0.04061272 -0.2013074 2.115994
0.1141475 -0.2094436 2.129145
-0.2435821 -0.4784231 2.061115
0.2897354 -0.493803 2.009206
-0.5220627 -0.7767144 2.072226
0.164437 -0.7596447 2.065528
-0.5920007 -0.8092774 1.99286
0.1727827 -0.8202462 2.021475
9
0.03744614 -0.2090901 2.160954
-0.04061272 -0.2013074 2.115994
0.1141475 -0.2094436 2.129145
-0.2435821 -0.4784231 2.061115
0.2897354 -0.493803 2.009206
-0.5220627 -0.7767144 2.072226
0.164437 -0.7596447 2.065528
-0.5920007 -0.8092774 1.99286
0.1727827 -0.8202462 2.021475
9
0.03907104 -0.2048587 2.187689
-0.0382167 -0.197046 2.142358
0.1149524 -0.2054786 2.156259
-0.2396683 -0.472857 2.058917
0.2837627 -0.4839977 2.005718
-0.516384 -0.7727914 2.070703
0.1658843 -0.7600241 2.064127
-0.5864178 -0.8073543 1.993392
0.1728164 -0.8209712 2.021541
9
0.03907104 -0.2048587 2.187689
-0.0382167 -0.197046 2.142358
0.1149524 -0.2054786 2.156259
-0.2396683 -0.472857 2.058917
0.2837627 -0.4839977 2.005718
-0.516384 -0.7727914 2.070703
0.1658843 -0.7600241 2.064127
-0.5864178 -0.8073543 1.993392
0.1728164 -0.8209712 2.021541
9
0.0385325 -0.211797 2.191894
-0.03782073 -0.2042192 2.147238
0.1135591 -0.2120568 2.159896
-0.2810123 -0.4419785 2.051168
0.33972 -0.4302498 1.979434
-0.5252392 -0.7690232 2.060184
0.2367908 -0.8235472 2.020721
-0.5930418 -0.8077388 1.983986
0.2449965 -0.8581288 1.913708
9
0.0385325 -0.211797 2.191894
-0.03782073 -0.2042192 2.147238
0.1135591 -0.2120568 2.159896
-0.2810123 -0.4419785 2.051168
0.33972 -0.4302498 1.979434
-0.5252392 -0.7690232 2.060184
0.2367908 -0.8235472 2.020721
-0.5930418 -0.8077388 1.983986
0.2449965 -0.8581288 1.913708
9
0.0385325 -0.211797 2.191894
-0.03782073 -0.2042192 2.147238
0.1135591 -0.2120568 2.159896
-0.2810123 -0.4419785 2.051168
0.33972 -0.4302498 1.979434
-0.5252392 -0.7690232 2.060184
0.2367908 -0.8235472 2.020721
-0.5930418 -0.8077388 1.983986
0.2449965 -0.8581288 1.913708
9
0.0385325 -0.211797 2.191894
-0.03782073 -0.2042192 2.147238
0.1135591 -0.2120568 2.159896
-0.2810123 -0.4419785 2.051168
0.33972 -0.4302498 1.979434
-0.5252392 -0.7690232 2.060184
0.2367908 -0.8235472 2.020721
-0.5930418 -0.8077388 1.983986
0.2449965 -0.8581288 1.913708
9
0.03802765 -0.2133698 2.192693
-0.03803121 -0.2056347 2.148027
0.1127353 -0.2137349 2.160693
-0.2819107 -0.4423239 2.050399
0.3400676 -0.4291405 1.977809
-0.5260199 -0.769538 2.05827
0.2381357 -0.8226887 2.019176
-0.5943573 -0.8083249 1.983218
0.1686766 -0.8083921 2.021139
9
0.03802765 -0.2133698 2.192693
-0.03803121 -0.2056347 2.148027
0.1127353 -0.2137349 2.160693
-0.2819107 -0.4423239 2.050399
0.3400676 -0.4291405 1.977809
-0.5260199 -0.769538 2.05827
0.2381357 -0.8226887 2.019176
-0.5943573 -0.8083249 1.983218
0.1686766 -0.8083921 2.021139
9
0.0362911 -0.2143819 2.193573
-0.03937424 -0.2064616 2.148726
0.1106358 -0.214885 2.161752
-0.2839859 -0.4419535 2.049388
0.3392704 -0.4275781 1.976848
-0.5272783 -0.7698248 2.056467
0.2390655 -0.8216614 2.017565
-0.5960741 -0.809151 1.983078
0.1695654 -0.8079615 2.019487
9
0.0362911 -0.2143819 2.193573
-0.03937424 -0.2064616 2.148726
0.1106358 -0.214885 2.161752
-0.2839859 -0.4419535 2.049388
0.3392704 -0.4275781 1.976848
-0.5272783 -0.7698248 2.056467
0.2390655 -0.8216614 2.017565
-0.5960741 -0.809151 1.983078
0.1695654 -0.8079615 2.019487
9
0.03261572 -0.2146634 2.19421
-0.04266165 -0.206602 2.149299
0.1067033 -0.2152875 2.16243
-0.286055 -0.4428761 2.048385
0.336877 -0.4251866 1.975776
-0.528847 -0.7711531 2.054699
0.2390731 -0.8198388 2.016683
-0.5990033 -0.8101915 1.983837
0.169751 -0.807715 2.018869
9
0.03261572 -0.2146634 2.19421
-0.04266165 -0.206602 2.149299
0.1067033 -0.2152875 2.16243
-0.286055 -0.4428761 2.048385
0.336877 -0.4251866 1.975776
-0.528847 -0.7711531 2.054699
0.2390731 -0.8198388 2.016683
-0.5990033 -0.8101915 1.983837
0.169751 -0.807715 2.018869
9
0.0299337 -0.2148538 2.193109
-0.04495205 -0.2070515 2.148103
0.1036591 -0.2151648 2.161405
-0.2894395 -0.4421655 2.04722
0.3326705 -0.4241362 1.971523
-0.5313424 -0.7711086 2.05317
0.2399183 -0.8196881 2.014281
-0.6012076 -0.8107274 1.982623
0.1712157 -0.8073 2.017595
9
0.0299337 -0.2148538 2.193109
-0.04495205 -0.2070515 2.148103
0.1036591 -0.2151648 2.161405
-0.2894395 -0.4421655 2.04722
0.3326705 -0.4241362 1.971523
-0.5313424 -0.7711086 2.05317
0.2399183 -0.8196881 2.014281
-0.6012076 -0.8107274 1.982623
0.1712157 -0.8073 2.017595
9
0.02149336 -0.2140629 2.191246
-0.05255199 -0.2066997 2.145803
0.0946494 -0.2139103 2.159989
-0.2957959 -0.4431304 2.04576
0.3249671 -0.4207334 1.968819
-0.534882 -0.7740428 2.052199
0.2407843 -0.8179516 2.012782
-0.6059647 -0.8133329 1.984132
0.1719789 -0.8071881 2.016943
9
0.02149336 -0.2140629 2.191246
-0.05255199 -0.2066997 2.145803
0.0946494 -0.2139103 2.159989
-0.2957959 -0.4431304 2.04576
0.3249671 -0.4207334 1.968819
-0.534882 -0.7740428 2.052199
0.2407843 -0.8179516 2.012782
-0.6059647 -0.8133329 1.984132
0.1719789 -0.8071881 2.016943
