40
9
-0.08545741 -0.1064012 1.880172
-0.1595686 -0.1076159 1.838512
-0.008021772 -0.1010068 1.848348
-0.3303485 -0.3776062 1.800424
0.1664068 -0.3404516 1.681665
-0.4875543 -0.7140791 1.832618
0.09656287 -0.7374471 1.676763
-0.4764469 -0.7561438 1.721327
0.1225931 -0.7969798 1.605314
9
-0.07929548 -0.1101196 1.875969
-0.1528699 -0.1115729 1.834057
-0.002592142 -0.1043553 1.844397
-0.3286573 -0.3781615 1.800533
0.1734716 -0.3408408 1.674723
-0.487581 -0.7142559 1.832353
0.09763572 -0.7383764 1.675293
-0.4766982 -0.7561215 1.720876
0.1226748 -0.7975469 1.605225
9
-0.07929548 -0.1101196 1.875969
-0.1528699 -0.1115729 1.834057
-0.002592142 -0.1043553 1.844397
-0.3286573 -0.3781615 1.800533
0.1734716 -0.3408408 1.674723
-0.487581 -0.7142559 1.832353
0.09763572 -0.7383764 1.675293
-0.4766982 -0.7561215 1.720876
0.1226748 -0.7975469 1.605225
9
-0.07041941 -0.1161656 1.871253
-0.1439523 -0.1176229 1.829597
0.005883893 -0.1101466 1.839443
-0.3253275 -0.3802422 1.799583
0.1836937 -0.3425076 1.665231
-0.4870944 -0.7145964 1.831685
0.09880496 -0.7396892 1.673267
-0.4747871 -0.7562914 1.720118
0.1226697 -0.7977983 1.60489
9
-0.07041941 -0.1161656 1.871253
-0.1439523 -0.1176229 1.829597
0.005883893 -0.1101466 1.839443
-0.3253275 -0.3802422 1.799583
0.1836937 -0.3425076 1.665231
-0.4870944 -0.7145964 1.831685
0.09880496 -0.7396892 1.673267
-0.4747871 -0.7562914 1.720118
0.1226697 -0.7977983 1.60489
9
-0.07041941 -0.1161656 1.871253
-0.1439523 -0.1176229 1.829597
0.005883893 -0.1101466 1.839443
-0.3253275 -0.3802422 1.799583
0.1836937 -0.3425076 1.665231
-0.4870944 -0.7145964 1.831685
0.09880496 -0.7396892 1.673267
-0.4747871 -0.7562914 1.720118
0.1226697 -0.7977983 1.60489
9
-0.07041941 -0.1161656 1.871253
-0.1439523 -0.1176229 1.829597
0.005883893 -0.1101466 1.839443
-0.3253275 -0.3802422 1.799583
0.1836937 -0.3425076 1.665231
-0.4870944 -0.7145964 1.831685
0.09880496 -0.7396892 1.673267
-0.4747871 -0.7562914 1.720118
0.1226697 -0.7977983 1.60489
9
-0.03652063 -0.1387984 1.857705
-0.1099422 -0.1409058 1.816426
0.0383493 -0.1312294 1.825562
-0.3165137 -0.3838104 1.792269
0.2149523 -0.3558169 1.638822
-0.4860025 -0.715551 1.830208
0.1049686 -0.7375494 1.666577
-0.4731451 -0.7565842 1.718216
0.1224517 -0.7981435 1.604024
9
-0.03652063 -0.1387984 1.857705
-0.1099422 -0.1409058 1.816426
0.0383493 -0.1312294 1.825562
-0.3165137 -0.3838104 1.792269
0.2149523 -0.3558169 1.638822
-0.4860025 -0.715551 1.830208
0.1049686 -0.7375494 1.666577
-0.4731451 -0.7565842 1.718216
0.1224517 -0.7981435 1.604024
9
-0.03206641 -0.1400809 1.855968
-0.1053749 -0.1423511 1.814726
0.04251589 -0.1322935 1.823787
-0.3106606 -0.386634 1.787706
0.2205711 -0.3550477 1.636135
-0.4835025 -0.7153839 1.828561
0.106615 -0.7405196 1.662384
-0.471084 -0.7566888 1.71671
0.123103 -0.800671 1.602357
9
-0.03206641 -0.1400809 1.855968
-0.1053749 -0.1423511 1.814726
0.04251589 -0.1322935 1.823787
-0.3106606 -0.386634 1.787706
0.2205711 -0.3550477 1.636135
-0.4835025 -0.7153839 1.828561
0.106615 -0.7405196 1.662384
-0.471084 -0.7566888 1.71671
0.123103 -0.800671 1.602357
9
-0.03206641 -0.1400809 1.855968
-0.1053749 -0.1423511 1.814726
0.04251589 -0.1322935 1.823787
-0.3106606 -0.386634 1.787706
0.2205711 -0.3550477 1.636135
-0.4835025 -0.7153839 1.828561
0.106615 -0.7405196 1.662384
-0.471084 -0.7566888 1.71671
0.123103 -0.800671 1.602357
9
-0.03206641 -0.1400809 1.855968
-0.1053749 -0.1423511 1.814726
0.04251589 -0.1322935 1.823787
-0.3106606 -0.386634 1.787706
0.2205711 -0.3550477 1.636135
-0.4835025 -0.7153839 1.828561
0.106615 -0.7405196 1.662384
-0.471084 -0.7566888 1.71671
0.123103 -0.800671 1.602357
9
-0.03206641 -0.1400809 1.855968
-0.1053749 -0.1423511 1.814726
0.04251589 -0.1322935 1.823787
-0.3106606 -0.386634 1.787706
0.2205711 -0.3550477 1.636135
-0.4835025 -0.7153839 1.828561
0.106615 -0.7405196 1.662384
-0.471084 -0.7566888 1.71671
0.123103 -0.800671 1.602357
9
-0.007518369 -0.1596758 1.847999
-0.08183677 -0.1616938 1.80721
0.06708489 -0.1513143 1.81541
-0.303388 -0.3914671 1.780902
0.2475925 -0.3673591 1.621996
-0.4798798 -0.7161547 1.825466
0.109763 -0.7425749 1.658187
-0.4672295 -0.7576601 1.71376
0.1238539 -0.804168 1.600936
9
0.0007671241 -0.1646982 1.845545
-0.07275483 -0.1671405 1.804945
0.07431336 -0.155744 1.812809
-0.2942865 -0.3974375 1.773007
0.2556739 -0.3710475 1.619587
-0.4779518 -0.7170689 1.82328
0.1113896 -0.7442012 1.655427
-0.4653114 -0.7586499 1.711605
0.1249172 -0.8065127 1.60021
9
0.0007671241 -0.1646982 1.845545
-0.07275483 -0.1671405 1.804945
0.07431336 -0.155744 1.812809
-0.2942865 -0.3974375 1.773007
0.2556739 -0.3710475 1.619587
-0.4779518 -0.7170689 1.82328
0.1113896 -0.7442012 1.655427
-0.4653114 -0.7586499 1.711605
0.1249172 -0.8065127 1.60021
9
0.01080248 -0.1714775 1.842434
-0.06301893 -0.1739381 1.802149
0.08419733 -0.1621975 1.809403
-0.2904963 -0.3985588 1.769994
0.2654702 -0.3763989 1.614905
-0.5246218 -0.7660498 1.822946
0.113952 -0.7414708 1.65252
-0.5840482 -0.7965238 1.783652
0.1252584 -0.80497 1.599895
9
0.01080248 -0.1714775 1.842434
-0.06301893 -0.1739381 1.802149
0.08419733 -0.1621975 1.809403
-0.2904963 -0.3985588 1.769994
0.2654702 -0.3763989 1.614905
-0.5246218 -0.7660498 1.822946
0.113952 -0.7414708 1.65252
-0.5840482 -0.7965238 1.783652
0.1252584 -0.80497 1.599895
9
0.01080248 -0.1714775 1.842434
-0.06301893 -0.1739381 1.802149
0.08419733 -0.1621975 1.809403
-0.2904963 -0.3985588 1.769994
0.2654702 -0.3763989 1.614905
-0.5246218 -0.7660498 1.822946
0.113952 -0.7414708 1.65252
-0.5840482 -0.7965238 1.783652
0.1252584 -0.80497 1.599895
9
0.01879246 -0.1778813 1.839616
-0.05497926 -0.1803439 1.799385
0.09180959 -0.1683335 1.806555
-0.2864253 -0.4010371 1.766908
0.273361 -0.3810349 1.610627
-0.5239901 -0.7663273 1.819786
0.1155394 -0.7450277 1.649889
-0.5841963 -0.7960643 1.784219
0.1266825 -0.8084098 1.596933
9
0.02452524 -0.1830411 1.837235
-0.04873655 -0.1856822 1.796982
0.09683397 -0.1731122 1.804218
-0.2838773 -0.4025569 1.764783
0.2797097 -0.38396 1.607513
-0.5265083 -0.7657996 1.810713
0.1169824 -0.7476369 1.647057
-0.5128552 -0.8068264 1.699618
0.1273349 -0.8116307 1.596431
9
0.02452524 -0.1830411 1.837235
-0.04873655 -0.1856822 1.796982
0.09683397 -0.1731122 1.804218
-0.2838773 -0.4025569 1.764783
0.2797097 -0.38396 1.607513
-0.5265083 -0.7657996 1.810713
0.1169824 -0.7476369 1.647057
-0.5128552 -0.8068264 1.699618
0.1273349 -0.8116307 1.596431
9
0.02994547 -0.1871774 1.83436
-0.04369764 -0.1895356 1.794516
0.1024063 -0.1773546 1.800931
-0.2815782 -0.4035227 1.762537
0.2841657 -0.3877941 1.602601
-0.52399 -0.7664906 1.810838
0.1202512 -0.7420017 1.643646
-0.510196 -0.8075548 1.69976
0.1275796 -0.8072932 1.596929
9
0.02994547 -0.1871774 1.83436
-0.04369764 -0.1895356 1.794516
0.1024063 -0.1773546 1.800931
-0.2815782 -0.4035227 1.762537
0.2841657 -0.3877941 1.602601
-0.52399 -0.7664906 1.810838
0.1202512 -0.7420017 1.643646
-0.510196 -0.8075548 1.69976
0.1275796 -0.8072932 1.596929
9
0.03250402 -0.1884178 1.832404
-0.04141544 -0.1902746 1.793272
0.1051739 -0.1791569 1.798097
-0.2788229 -0.4048994 1.760889
0.2871788 -0.3892386 1.599605
-0.5228951 -0.7665216 1.810459
0.11921 -0.7474642 1.640982
-0.5940132 -0.7980155 1.774479
0.1295241 -0.8126793 1.596964
9
0.03250402 -0.1884178 1.832404
-0.04141544 -0.1902746 1.793272
0.1051739 -0.1791569 1.798097
-0.2788229 -0.4048994 1.760889
0.2871788 -0.3892386 1.599605
-0.5228951 -0.7665216 1.810459
0.11921 -0.7474642 1.640982
-0.5940132 -0.7980155 1.774479
0.1295241 -0.8126793 1.596964
9
0.03500101 -0.1908686 1.831279
-0.03901279 -0.1924163 1.792409
0.1076212 -0.1817699 1.796768
-0.277587 -0.4058535 1.759482
0.2897627 -0.3909273 1.597292
-0.518485 -0.7695383 1.809368
0.1194742 -0.7483506 1.64022
-0.5942983 -0.7978608 1.771683
0.1296308 -0.8135682 1.596203
9
0.03500101 -0.1908686 1.831279
-0.03901279 -0.1924163 1.792409
0.1076212 -0.1817699 1.796768
-0.277587 -0.4058535 1.759482
0.2897627 -0.3909273 1.597292
-0.518485 -0.7695383 1.809368
0.1194742 -0.7483506 1.64022
-0.5942983 -0.7978608 1.771683
0.1296308 -0.8135682 1.596203
9
0.03634417 -0.1919493 1.83087
-0.03756068 -0.193394 1.792127
0.1088025 -0.1828944 1.796266
-0.2766105 -0.4063809 1.75887
0.2910765 -0.3911013 1.595717
-0.5187653 -0.7691543 1.809163
0.1192579 -0.7500017 1.639613
-0.5938979 -0.797598 1.772441
0.1299748 -0.815155 1.596011
9
0.03634417 -0.1919493 1.83087
-0.03756068 -0.193394 1.792127
0.1088025 -0.1828944 1.796266
-0.2766105 -0.4063809 1.75887
0.2910765 -0.3911013 1.595717
-0.5187653 -0.7691543 1.809163
0.1192579 -0.7500017 1.639613
-0.5938979 -0.797598 1.772441
0.1299748 -0.815155 1.596011
9
0.0369359 -0.19239 1.830398
-0.03693623 -0.1937074 1.791751
0.1093334 -0.1834473 1.795704
-0.2760927 -0.4066845 1.757359
0.2914166 -0.3912108 1.594347
-0.5191984 -0.7686082 1.808769
0.1188917 -0.7513297 1.638988
-0.593052 -0.7972899 1.772857
0.1304772 -0.8163434 1.595636
9
0.0369359 -0.19239 1.830398
-0.03693623 -0.1937074 1.791751
0.1093334 -0.1834473 1.795704
-0.2760927 -0.4066845 1.757359
0.2914166 -0.3912108 1.594347
-0.5191984 -0.7686082 1.808769
0.1188917 -0.7513297 1.638988
-0.593052 -0.7972899 1.772857
0.1304772 -0.8163434 1.595636
9
0.03695288 -0.1924979 1.829999
-0.03691735 -0.1937099 1.791407
0.1093456 -0.1836688 1.79525
-0.2760887 -0.4067056 1.757104
0.2915075 -0.3913495 1.59383
-0.5195298 -0.7683672 1.808703
0.1199061 -0.7448253 1.637963
-0.5931687 -0.7970574 1.771485
0.1295336 -0.8104742 1.596364
9
0.03695288 -0.1924979 1.829999
-0.03691735 -0.1937099 1.791407
0.1093456 -0.1836688 1.79525
-0.2760887 -0.4067056 1.757104
0.2915075 -0.3913495 1.59383
-0.5195298 -0.7683672 1.808703
0.1199061 -0.7448253 1.637963
-0.5931687 -0.7970574 1.771485
0.1295336 -0.8104742 1.596364
9
0.03616684 -0.1918971 1.82935
-0.03785159 -0.192762 1.790861
0.1086795 -0.1833483 1.794493
-0.276345 -0.4065336 1.756835
0.2909059 -0.391112 1.593162
-0.5197778 -0.7681534 1.808678
0.1196823 -0.7456978 1.637701
-0.5981992 -0.7989326 1.770517
0.1310763 -0.8109558 1.59533
9
0.03616684 -0.1918971 1.82935
-0.03785159 -0.192762 1.790861
0.1086795 -0.1833483 1.794493
-0.276345 -0.4065336 1.756835
0.2909059 -0.391112 1.593162
-0.5197778 -0.7681534 1.808678
0.1196823 -0.7456978 1.637701
-0.5981992 -0.7989326 1.770517
0.1310763 -0.8109558 1.59533
9
0.03442455 -0.1902547 1.828637
-0.03976386 -0.1907273 1.790257
0.1071667 -0.1821104 1.793706
-0.2776071 -0.4052702 1.756131
0.2888856 -0.3897181 1.591468
-0.5249397 -0.7645271 1.806481
0.1197388 -0.7418804 1.637007
-0.5977462 -0.7984738 1.770628
0.1299845 -0.8074753 1.595205
9
0.03442455 -0.1902547 1.828637
-0.03976386 -0.1907273 1.790257
0.1071667 -0.1821104 1.793706
-0.2776071 -0.4052702 1.756131
0.2888856 -0.3897181 1.591468
-0.5249397 -0.7645271 1.806481
0.1197388 -0.7418804 1.637007
-0.5977462 -0.7984738 1.770628
0.1299845 -0.8074753 1.595205
9
0.02900727 -0.1867348 1.828484
-0.04554882 -0.1862505 1.790468
0.1023046 -0.1795759 1.793242
-0.2823217 -0.4019792 1.756403
0.2852944 -0.3860762 1.590729
-0.5186736 -0.7680717 1.8093
0.1187002 -0.744665 1.637727
-0.5986135 -0.7990371 1.772375
0.1298407 -0.8101322 1.596437
