40
9
0.1548467 -0.4063685 2.228383
0.07101052 -0.4181269 2.211208
0.2337189 -0.3813441 2.172424
-0.08695167 -0.7205279 2.296122
0.3433274 -0.6624942 1.985158
-0.2343107 -0.9652633 2.365459
0.3131741 -0.9818332 2.062161
-0.257466 -1.011536 2.234007
0.281772 -1.026303 1.931707
9
0.1548467 -0.4063685 2.228383
0.07101052 -0.4181269 2.211208
0.2337189 -0.3813441 2.172424
-0.08695167 -0.7205279 2.296122
0.3433274 -0.6624942 1.985158
-0.2343107 -0.9652633 2.365459
0.3131741 -0.9818332 2.062161
-0.257466 -1.011536 2.234007
0.281772 -1.026303 1.931707
9
0.1731459 -0.4217382 2.225417
0.08905331 -0.4332693 2.20933
0.251615 -0.3963715 2.168486
-0.02637023 -0.7306622 2.26835
0.3568732 -0.6739581 1.972165
-0.2562015 -1.03552 2.385552
0.3131931 -0.9827212 2.061127
-0.3508301 -1.03418 2.369141
0.280099 -1.029104 1.932367
9
0.1731459 -0.4217382 2.225417
0.08905331 -0.4332693 2.20933
0.251615 -0.3963715 2.168486
-0.02637023 -0.7306622 2.26835
0.3568732 -0.6739581 1.972165
-0.2562015 -1.03552 2.385552
0.3131931 -0.9827212 2.061127
-0.3508301 -1.03418 2.369141
0.280099 -1.029104 1.932367
9
0.1850123 -0.4291528 2.222713
0.1005529 -0.4411476 2.20697
0.2634772 -0.4030879 2.165505
-0.02978733 -0.7312003 2.269812
0.363507 -0.6806797 1.966024
-0.2595914 -1.037213 2.384321
0.3132589 -0.9828812 2.060869
-0.3536941 -1.034495 2.370009
0.2802645 -1.029546 1.932265
9
0.1850123 -0.4291528 2.222713
0.1005529 -0.4411476 2.20697
0.2634772 -0.4030879 2.165505
-0.02978733 -0.7312003 2.269812
0.363507 -0.6806797 1.966024
-0.2595914 -1.037213 2.384321
0.3132589 -0.9828812 2.060869
-0.3536941 -1.034495 2.370009
0.2802645 -1.029546 1.932265
9
0.1850123 -0.4291528 2.222713
0.1005529 -0.4411476 2.20697
0.2634772 -0.4030879 2.165505
-0.02978733 -0.7312003 2.269812
0.363507 -0.6806797 1.966024
-0.2595914 -1.037213 2.384321
0.3132589 -0.9828812 2.060869
-0.3536941 -1.034495 2.370009
0.2802645 -1.029546 1.932265
9
0.1985475 -0.4412704 2.21871
0.1136728 -0.4529377 2.203258
0.2769554 -0.4151064 2.161328
-0.02772331 -0.736579 2.269695
0.3829697 -0.6859497 1.954772
-0.2616229 -1.039326 2.384619
0.3140562 -0.9847379 2.061035
-0.3519314 -1.036167 2.31856
0.2802569 -1.032185 1.933205
9
0.1985475 -0.4412704 2.21871
0.1136728 -0.4529377 2.203258
0.2769554 -0.4151064 2.161328
-0.02772331 -0.736579 2.269695
0.3829697 -0.6859497 1.954772
-0.2616229 -1.039326 2.384619
0.3140562 -0.9847379 2.061035
-0.3519314 -1.036167 2.31856
0.2802569 -1.032185 1.933205
9
0.2057017 -0.4465851 2.218005
0.1212651 -0.4586174 2.202065
0.2834793 -0.4199219 2.161126
-0.02215139 -0.7411537 2.268852
0.3930478 -0.6870818 1.951147
-0.2591838 -1.041401 2.384006
0.3153804 -0.9830222 2.059386
-0.3554688 -1.032227 2.371094
0.2816004 -1.030937 1.931842
9
0.2057017 -0.4465851 2.218005
0.1212651 -0.4586174 2.202065
0.2834793 -0.4199219 2.161126
-0.02215139 -0.7411537 2.268852
0.3930478 -0.6870818 1.951147
-0.2591838 -1.041401 2.384006
0.3153804 -0.9830222 2.059386
-0.3554688 -1.032227 2.371094
0.2816004 -1.030937 1.931842
9
0.2136903 -0.4506391 2.217113
0.128813 -0.4629393 2.200811
0.2916511 -0.4235715 2.160662
-0.05244901 -0.7380236 2.282342
0.3998367 -0.6891646 1.947538
-0.234221 -0.9757069 2.360094
0.3188462 -0.97824 2.055087
-0.2595394 -1.02577 2.231855
0.2851762 -1.026663 1.927795
9
0.2136903 -0.4506391 2.217113
0.128813 -0.4629393 2.200811
0.2916511 -0.4235715 2.160662
-0.05244901 -0.7380236 2.282342
0.3998367 -0.6891646 1.947538
-0.234221 -0.9757069 2.360094
0.3188462 -0.97824 2.055087
-0.2595394 -1.02577 2.231855
0.2851762 -1.026663 1.927795
9
0.2136903 -0.4506391 2.217113
0.128813 -0.4629393 2.200811
0.2916511 -0.4235715 2.160662
-0.05244901 -0.7380236 2.282342
0.3998367 -0.6891646 1.947538
-0.234221 -0.9757069 2.360094
0.3188462 -0.97824 2.055087
-0.2595394 -1.02577 2.231855
0.2851762 -1.026663 1.927795
9
0.2136903 -0.4506391 2.217113
0.128813 -0.4629393 2.200811
0.2916511 -0.4235715 2.160662
-0.05244901 -0.7380236 2.282342
0.3998367 -0.6891646 1.947538
-0.234221 -0.9757069 2.360094
0.3188462 -0.97824 2.055087
-0.2595394 -1.02577 2.231855
0.2851762 -1.026663 1.927795
9
0.2136903 -0.4506391 2.217113
0.128813 -0.4629393 2.200811
0.2916511 -0.4235715 2.160662
-0.05244901 -0.7380236 2.282342
0.3998367 -0.6891646 1.947538
-0.234221 -0.9757069 2.360094
0.3188462 -0.97824 2.055087
-0.2595394 -1.02577 2.231855
0.2851762 -1.026663 1.927795
9
0.2428302 -0.457274 2.251446
0.1577116 -0.4682497 2.232524
0.3201624 -0.4316115 2.197884
-0.01332582 -0.7499678 2.256583
0.4189037 -0.6696874 1.943967
-0.2621288 -1.042071 2.368674
0.3191887 -0.979336 2.056303
-0.3528818 -1.025432 2.369077
0.2888271 -1.032108 1.93113
9
0.2428302 -0.457274 2.251446
0.1577116 -0.4682497 2.232524
0.3201624 -0.4316115 2.197884
-0.01332582 -0.7499678 2.256583
0.4189037 -0.6696874 1.943967
-0.2621288 -1.042071 2.368674
0.3191887 -0.979336 2.056303
-0.3528818 -1.025432 2.369077
0.2888271 -1.032108 1.93113
9
0.2378916 -0.48262 2.258413
0.1546707 -0.4897288 2.237785
0.3132648 -0.4602791 2.206779
-0.01090732 -0.7716943 2.271129
0.4475851 -0.6136695 1.901192
-0.2280448 -0.9771645 2.356632
0.3636588 -0.9979506 1.982417
-0.2504768 -1.03169 2.230716
0.3081439 -1.020487 2.028391
9
0.2378916 -0.48262 2.258413
0.1546707 -0.4897288 2.237785
0.3132648 -0.4602791 2.206779
-0.01090732 -0.7716943 2.271129
0.4475851 -0.6136695 1.901192
-0.2280448 -0.9771645 2.356632
0.3636588 -0.9979506 1.982417
-0.2504768 -1.03169 2.230716
0.3081439 -1.020487 2.028391
9
0.2378916 -0.48262 2.258413
0.1546707 -0.4897288 2.237785
0.3132648 -0.4602791 2.206779
-0.01090732 -0.7716943 2.271129
0.4475851 -0.6136695 1.901192
-0.2280448 -0.9771645 2.356632
0.3636588 -0.9979506 1.982417
-0.2504768 -1.03169 2.230716
0.3081439 -1.020487 2.028391
9
0.2378916 -0.48262 2.258413
0.1546707 -0.4897288 2.237785
0.3132648 -0.4602791 2.206779
-0.01090732 -0.7716943 2.271129
0.4475851 -0.6136695 1.901192
-0.2280448 -0.9771645 2.356632
0.3636588 -0.9979506 1.982417
-0.2504768 -1.03169 2.230716
0.3081439 -1.020487 2.028391
9
0.2378916 -0.48262 2.258413
0.1546707 -0.4897288 2.237785
0.3132648 -0.4602791 2.206779
-0.01090732 -0.7716943 2.271129
0.4475851 -0.6136695 1.901192
-0.2280448 -0.9771645 2.356632
0.3636588 -0.9979506 1.982417
-0.2504768 -1.03169 2.230716
0.3081439 -1.020487 2.028391
9
0.2378916 -0.48262 2.258413
0.1546707 -0.4897288 2.237785
0.3132648 -0.4602791 2.206779
-0.01090732 -0.7716943 2.271129
0.4475851 -0.6136695 1.901192
-0.2280448 -0.9771645 2.356632
0.3636588 -0.9979506 1.982417
-0.2504768 -1.03169 2.230716
0.3081439 -1.020487 2.028391
9
0.2378916 -0.48262 2.258413
0.1546707 -0.4897288 2.237785
0.3132648 -0.4602791 2.206779
-0.01090732 -0.7716943 2.271129
0.4475851 -0.6136695 1.901192
-0.2280448 -0.9771645 2.356632
0.3636588 -0.9979506 1.982417
-0.2504768 -1.03169 2.230716
0.3081439 -1.020487 2.028391
9
0.2378916 -0.48262 2.258413
0.1546707 -0.4897288 2.237785
0.3132648 -0.4602791 2.206779
-0.01090732 -0.7716943 2.271129
0.4475851 -0.6136695 1.901192
-0.2280448 -0.9771645 2.356632
0.3636588 -0.9979506 1.982417
-0.2504768 -1.03169 2.230716
0.3081439 -1.020487 2.028391
9
0.2369695 -0.4887522 2.227863
0.1535682 -0.5003184 2.207855
0.3126313 -0.4614582 2.174676
-0.009920064 -0.7711573 2.276574
0.4639161 -0.6305984 1.888589
-0.2266831 -0.9791077 2.356838
0.3816506 -1.015262 1.969212
-0.251109 -1.030755 2.229445
0.3096288 -1.016138 2.02787
9
0.2369695 -0.4887522 2.227863
0.1535682 -0.5003184 2.207855
0.3126313 -0.4614582 2.174676
-0.009920064 -0.7711573 2.276574
0.4639161 -0.6305984 1.888589
-0.2266831 -0.9791077 2.356838
0.3816506 -1.015262 1.969212
-0.251109 -1.030755 2.229445
0.3096288 -1.016138 2.02787
9
0.2369695 -0.4887522 2.227863
0.1535682 -0.5003184 2.207855
0.3126313 -0.4614582 2.174676
-0.009920064 -0.7711573 2.276574
0.4639161 -0.6305984 1.888589
-0.2266831 -0.9791077 2.356838
0.3816506 -1.015262 1.969212
-0.251109 -1.030755 2.229445
0.3096288 -1.016138 2.02787
9
0.2369695 -0.4887522 2.227863
0.1535682 -0.5003184 2.207855
0.3126313 -0.4614582 2.174676
-0.009920064 -0.7711573 2.276574
0.4639161 -0.6305984 1.888589
-0.2266831 -0.9791077 2.356838
0.3816506 -1.015262 1.969212
-0.251109 -1.030755 2.229445
0.3096288 -1.016138 2.02787
9
0.2350497 -0.4593549 2.218408
0.1507941 -0.4742682 2.20105
0.311765 -0.4292441 2.162726
-0.04833734 -0.7360232 2.284313
0.422761 -0.6951518 1.952353
-0.22042 -0.9771891 2.357134
0.3252465 -0.9833466 2.056852
-0.3197727 -1.008379 2.347704
0.2915895 -1.033054 1.930478
9
0.2314176 -0.4446193 2.248496
0.1475818 -0.4546187 2.231093
0.3077461 -0.4196058 2.193843
-0.04851584 -0.7361267 2.284449
0.4128651 -0.6728375 1.961205
-0.2176087 -0.9766116 2.356791
0.3252324 -0.9840803 2.058533
-0.3187522 -1.008645 2.346196
0.2929729 -1.036564 1.933726
9
0.2314176 -0.4446193 2.248496
0.1475818 -0.4546187 2.231093
0.3077461 -0.4196058 2.193843
-0.04851584 -0.7361267 2.284449
0.4128651 -0.6728375 1.961205
-0.2176087 -0.9766116 2.356791
0.3252324 -0.9840803 2.058533
-0.3187522 -1.008645 2.346196
0.2929729 -1.036564 1.933726
9
0.2361411 -0.4509027 2.249229
0.1534967 -0.4624437 2.229997
0.3115895 -0.4249643 2.195949
-0.03056561 -0.7522361 2.279506
0.4385723 -0.6173979 1.91279
-0.219625 -0.9785157 2.357444
0.3707837 -1.007825 1.980113
-0.31747 -1.007372 2.346102
0.3118173 -1.018259 2.028936
9
0.2361411 -0.4509027 2.249229
0.1534967 -0.4624437 2.229997
0.3115895 -0.4249643 2.195949
-0.03056561 -0.7522361 2.279506
0.4385723 -0.6173979 1.91279
-0.219625 -0.9785157 2.357444
0.3707837 -1.007825 1.980113
-0.31747 -1.007372 2.346102
0.3118173 -1.018259 2.028936
9
0.2351171 -0.451794 2.249723
0.1529212 -0.4629314 2.230048
0.3098772 -0.4263677 2.197129
-0.09010805 -0.6695108 2.301037
0.4382868 -0.61633 1.912781
-0.2212019 -0.980572 2.357473
0.3714592 -1.006955 1.979936
-0.3395502 -1.010358 2.353879
0.3112848 -1.017323 2.028724
9
0.2351171 -0.451794 2.249723
0.1529212 -0.4629314 2.230048
0.3098772 -0.4263677 2.197129
-0.09010805 -0.6695108 2.301037
0.4382868 -0.61633 1.912781
-0.2212019 -0.980572 2.357473
0.3714592 -1.006955 1.979936
-0.3395502 -1.010358 2.353879
0.3112848 -1.017323 2.028724
9
0.2336442 -0.4510476 2.250263
0.1517339 -0.4622643 2.230259
0.308068 -0.4254836 2.197989
-0.09002244 -0.6702991 2.30112
0.4353942 -0.6155149 1.913093
-0.2227612 -0.9820811 2.358336
0.3719133 -1.007003 1.978616
-0.33204 -1.008193 2.353735
0.3110959 -1.017093 2.028941
9
0.2336442 -0.4510476 2.250263
0.1517339 -0.4622643 2.230259
0.308068 -0.4254836 2.197989
-0.09002244 -0.6702991 2.30112
0.4353942 -0.6155149 1.913093
-0.2227612 -0.9820811 2.358336
0.3719133 -1.007003 1.978616
-0.33204 -1.008193 2.353735
0.3110959 -1.017093 2.028941
9
0.2280657 -0.4466742 2.252667
0.1462729 -0.458256 2.231869
0.3025015 -0.4207513 2.201041
-0.09124441 -0.6715141 2.30136
0.426198 -0.6129702 1.915864
-0.2276607 -0.983411 2.360686
0.3719848 -1.006926 1.975506
-0.3412571 -1.011028 2.353639
0.3107744 -1.017997 2.029269
