40
9
-0.1724354 -0.0630942 1.820825
-0.2482628 -0.06853893 1.778706
-0.08966345 -0.05510369 1.789635
-0.362901 -0.4003564 1.799229
0.04832233 -0.3894113 1.705473
-0.5169359 -0.7493809 1.831203
0.08213857 -0.7412077 1.659186
-0.5720811 -0.7915018 1.787683
0.0853344 -0.7747265 1.545089
9
-0.1724354 -0.0630942 1.820825
-0.2482628 -0.06853893 1.778706
-0.08966345 -0.05510369 1.789635
-0.362901 -0.4003564 1.799229
0.04832233 -0.3894113 1.705473
-0.5169359 -0.7493809 1.831203
0.08213857 -0.7412077 1.659186
-0.5720811 -0.7915018 1.787683
0.0853344 -0.7747265 1.545089
9
-0.1746757 -0.06227991 1.819979
-0.2504076 -0.06769367 1.778029
-0.09191252 -0.05435251 1.788618
-0.3641067 -0.3992211 1.79816
0.04617466 -0.3893378 1.704921
-0.5169618 -0.7492095 1.831246
0.08128039 -0.7409275 1.659523
-0.5713397 -0.7911193 1.787863
0.08437984 -0.7743907 1.545394
9
-0.1746757 -0.06227991 1.819979
-0.2504076 -0.06769367 1.778029
-0.09191252 -0.05435251 1.788618
-0.3641067 -0.3992211 1.79816
0.04617466 -0.3893378 1.704921
-0.5169618 -0.7492095 1.831246
0.08128039 -0.7409275 1.659523
-0.5713397 -0.7911193 1.787863
0.08437984 -0.7743907 1.545394
9
-0.1753279 -0.06231784 1.819511
-0.2510366 -0.06776422 1.777692
-0.09256588 -0.05435235 1.788002
-0.3647438 -0.3984295 1.797294
0.04525539 -0.3877418 1.704123
-0.5170689 -0.748963 1.831372
0.0802026 -0.74015 1.659874
-0.5713835 -0.791101 1.78787
0.08327376 -0.7735671 1.545712
9
-0.1754255 -0.06245317 1.819016
-0.2511224 -0.06795702 1.77734
-0.09266888 -0.05440639 1.787325
-0.364807 -0.3981866 1.796658
0.04623884 -0.388044 1.701887
-0.5173726 -0.749083 1.831335
0.07975028 -0.7399 1.659755
-0.5701214 -0.7909315 1.787905
0.08272526 -0.7732895 1.545581
9
-0.1754255 -0.06245317 1.819016
-0.2511224 -0.06795702 1.77734
-0.09266888 -0.05440639 1.787325
-0.364807 -0.3981866 1.796658
0.04623884 -0.388044 1.701887
-0.5173726 -0.749083 1.831335
0.07975028 -0.7399 1.659755
-0.5701214 -0.7909315 1.787905
0.08272526 -0.7732895 1.545581
9
-0.1754255 -0.06245317 1.819016
-0.2511224 -0.06795702 1.77734
-0.09266888 -0.05440639 1.787325
-0.364807 -0.3981866 1.796658
0.04623884 -0.388044 1.701887
-0.5173726 -0.749083 1.831335
0.07975028 -0.7399 1.659755
-0.5701214 -0.7909315 1.787905
0.08272526 -0.7732895 1.545581
9
-0.1754255 -0.06245317 1.819016
-0.2511224 -0.06795702 1.77734
-0.09266888 -0.05440639 1.787325
-0.364807 -0.3981866 1.796658
0.04623884 -0.388044 1.701887
-0.5173726 -0.749083 1.831335
0.07975028 -0.7399 1.659755
-0.5701214 -0.7909315 1.787905
0.08272526 -0.7732895 1.545581
9
-0.1687752 -0.06743003 1.814355
-0.244556 -0.07356159 1.773017
-0.08613642 -0.05860006 1.782321
-0.3622092 -0.3998974 1.794862
0.06551944 -0.3867208 1.684316
-0.5185537 -0.750439 1.830467
0.08066504 -0.7397988 1.659168
-0.5703296 -0.7914945 1.788419
0.1162681 -0.8020456 1.596812
9
-0.1687752 -0.06743003 1.814355
-0.244556 -0.07356159 1.773017
-0.08613642 -0.05860006 1.782321
-0.3622092 -0.3998974 1.794862
0.06551944 -0.3867208 1.684316
-0.5185537 -0.750439 1.830467
0.08066504 -0.7397988 1.659168
-0.5703296 -0.7914945 1.788419
0.1162681 -0.8020456 1.596812
9
-0.1687752 -0.06743003 1.814355
-0.244556 -0.07356159 1.773017
-0.08613642 -0.05860006 1.782321
-0.3622092 -0.3998974 1.794862
0.06551944 -0.3867208 1.684316
-0.5185537 -0.750439 1.830467
0.08066504 -0.7397988 1.659168
-0.5703296 -0.7914945 1.788419
0.1162681 -0.8020456 1.596812
9
-0.1687752 -0.06743003 1.814355
-0.244556 -0.07356159 1.773017
-0.08613642 -0.05860006 1.782321
-0.3622092 -0.3998974 1.794862
0.06551944 -0.3867208 1.684316
-0.5185537 -0.750439 1.830467
0.08066504 -0.7397988 1.659168
-0.5703296 -0.7914945 1.788419
0.1162681 -0.8020456 1.596812
9
-0.1380507 -0.08548079 1.804218
-0.2142632 -0.0932005 1.76368
-0.05616353 -0.07435539 1.771366
-0.336744 -0.4004802 1.785641
0.0999863 -0.3829467 1.661243
-0.5185298 -0.750065 1.829325
0.08634746 -0.7425384 1.6543
-0.506736 -0.7844577 1.715485
0.1168188 -0.8022406 1.596454
9
-0.1380507 -0.08548079 1.804218
-0.2142632 -0.0932005 1.76368
-0.05616353 -0.07435539 1.771366
-0.336744 -0.4004802 1.785641
0.0999863 -0.3829467 1.661243
-0.5185298 -0.750065 1.829325
0.08634746 -0.7425384 1.6543
-0.506736 -0.7844577 1.715485
0.1168188 -0.8022406 1.596454
9
-0.1290596 -0.09094854 1.801624
-0.2056531 -0.09871306 1.761599
-0.04717125 -0.07950991 1.768237
-0.3309628 -0.4147961 1.783678
0.110263 -0.3831408 1.655329
-0.5177116 -0.7499778 1.828327
0.0910779 -0.7460772 1.650842
-0.5064134 -0.7844654 1.714551
0.1219074 -0.8059095 1.593238
9
-0.1290596 -0.09094854 1.801624
-0.2056531 -0.09871306 1.761599
-0.04717125 -0.07950991 1.768237
-0.3309628 -0.4147961 1.783678
0.110263 -0.3831408 1.655329
-0.5177116 -0.7499778 1.828327
0.0910779 -0.7460772 1.650842
-0.5064134 -0.7844654 1.714551
0.1219074 -0.8059095 1.593238
9
-0.1145623 -0.100906 1.797283
-0.1914275 -0.1098041 1.75722
-0.03297438 -0.08796784 1.763913
-0.3239203 -0.4209685 1.781298
0.1234858 -0.3816588 1.649313
-0.5152629 -0.7496276 1.826572
0.09592163 -0.7473409 1.64743
-0.5046297 -0.7841073 1.71279
0.1287974 -0.8083221 1.587583
9
-0.1145623 -0.100906 1.797283
-0.1914275 -0.1098041 1.75722
-0.03297438 -0.08796784 1.763913
-0.3239203 -0.4209685 1.781298
0.1234858 -0.3816588 1.649313
-0.5152629 -0.7496276 1.826572
0.09592163 -0.7473409 1.64743
-0.5046297 -0.7841073 1.71279
0.1287974 -0.8083221 1.587583
9
-0.1009007 -0.1107138 1.79284
-0.1778468 -0.1198035 1.753065
-0.01982152 -0.09711282 1.759193
-0.3108683 -0.4263539 1.777578
0.1407551 -0.3798203 1.641307
-0.5120605 -0.7481643 1.824153
0.09781405 -0.74781 1.645136
-0.5020444 -0.7826923 1.710378
0.1359567 -0.8131101 1.588524
9
-0.1009007 -0.1107138 1.79284
-0.1778468 -0.1198035 1.753065
-0.01982152 -0.09711282 1.759193
-0.3108683 -0.4263539 1.777578
0.1407551 -0.3798203 1.641307
-0.5120605 -0.7481643 1.824153
0.09781405 -0.74781 1.645136
-0.5020444 -0.7826923 1.710378
0.1359567 -0.8131101 1.588524
9
-0.08394407 -0.1219355 1.787635
-0.161162 -0.1314702 1.748694
-0.003227112 -0.1074331 1.753138
-0.301038 -0.4283896 1.774344
0.151648 -0.3790244 1.636472
-0.5072577 -0.7463604 1.822568
0.09987147 -0.7480277 1.643518
-0.4975705 -0.7808076 1.708709
0.1414819 -0.815151 1.586214
9
-0.08394407 -0.1219355 1.787635
-0.161162 -0.1314702 1.748694
-0.003227112 -0.1074331 1.753138
-0.301038 -0.4283896 1.774344
0.151648 -0.3790244 1.636472
-0.5072577 -0.7463604 1.822568
0.09987147 -0.7480277 1.643518
-0.4975705 -0.7808076 1.708709
0.1414819 -0.815151 1.586214
9
-0.07303643 -0.1299087 1.785419
-0.1497695 -0.1402158 1.746122
0.006735062 -0.1143197 1.751265
-0.2934077 -0.433719 1.773086
0.1702906 -0.3888968 1.625527
-0.5054892 -0.7461135 1.821723
0.1025211 -0.7470074 1.64093
-0.4960512 -0.78084 1.708012
0.1452759 -0.8173193 1.584642
9
-0.07303643 -0.1299087 1.785419
-0.1497695 -0.1402158 1.746122
0.006735062 -0.1143197 1.751265
-0.2934077 -0.433719 1.773086
0.1702906 -0.3888968 1.625527
-0.5054892 -0.7461135 1.821723
0.1025211 -0.7470074 1.64093
-0.4960512 -0.78084 1.708012
0.1452759 -0.8173193 1.584642
9
-0.07303643 -0.1299087 1.785419
-0.1497695 -0.1402158 1.746122
0.006735062 -0.1143197 1.751265
-0.2934077 -0.433719 1.773086
0.1702906 -0.3888968 1.625527
-0.5054892 -0.7461135 1.821723
0.1025211 -0.7470074 1.64093
-0.4960512 -0.78084 1.708012
0.1452759 -0.8173193 1.584642
9
-0.07303643 -0.1299087 1.785419
-0.1497695 -0.1402158 1.746122
0.006735062 -0.1143197 1.751265
-0.2934077 -0.433719 1.773086
0.1702906 -0.3888968 1.625527
-0.5054892 -0.7461135 1.821723
0.1025211 -0.7470074 1.64093
-0.4960512 -0.78084 1.708012
0.1452759 -0.8173193 1.584642
9
-0.05043566 -0.1489453 1.78268
-0.1278368 -0.1594277 1.744403
0.02905711 -0.1323477 1.747554
-0.2802883 -0.4443509 1.770408
0.1833817 -0.3959624 1.618908
-0.5003211 -0.7441138 1.820259
0.1050586 -0.7470933 1.638309
-0.4912939 -0.779668 1.706991
0.1458686 -0.8170838 1.583383
9
-0.05043566 -0.1489453 1.78268
-0.1278368 -0.1594277 1.744403
0.02905711 -0.1323477 1.747554
-0.2802883 -0.4443509 1.770408
0.1833817 -0.3959624 1.618908
-0.5003211 -0.7441138 1.820259
0.1050586 -0.7470933 1.638309
-0.4912939 -0.779668 1.706991
0.1458686 -0.8170838 1.583383
9
-0.04265355 -0.1547968 1.781244
-0.1198645 -0.1656988 1.742862
0.03633036 -0.1375478 1.746233
-0.2474342 -0.4473707 1.760112
0.1953471 -0.3971057 1.614521
-0.5144757 -0.7805774 1.826702
0.1060501 -0.7498472 1.635425
-0.5791261 -0.7946088 1.778075
0.1481787 -0.8174013 1.581345
9
-0.04265355 -0.1547968 1.781244
-0.1198645 -0.1656988 1.742862
0.03633036 -0.1375478 1.746233
-0.2474342 -0.4473707 1.760112
0.1953471 -0.3971057 1.614521
-0.5144757 -0.7805774 1.826702
0.1060501 -0.7498472 1.635425
-0.5791261 -0.7946088 1.778075
0.1481787 -0.8174013 1.581345
9
-0.03618637 -0.1602858 1.779889
-0.1132233 -0.1717071 1.741389
0.04235626 -0.1423061 1.745007
-0.2480361 -0.4494398 1.760542
0.2018229 -0.4010296 1.612254
-0.4837944 -0.7325069 1.815235
0.1078542 -0.7513002 1.634225
-0.4750444 -0.7684464 1.701982
0.1483111 -0.8173448 1.581273
9
-0.03618637 -0.1602858 1.779889
-0.1132233 -0.1717071 1.741389
0.04235626 -0.1423061 1.745007
-0.2480361 -0.4494398 1.760542
0.2018229 -0.4010296 1.612254
-0.4837944 -0.7325069 1.815235
0.1078542 -0.7513002 1.634225
-0.4750444 -0.7684464 1.701982
0.1483111 -0.8173448 1.581273
9
-0.03618637 -0.1602858 1.779889
-0.1132233 -0.1717071 1.741389
0.04235626 -0.1423061 1.745007
-0.2480361 -0.4494398 1.760542
0.2018229 -0.4010296 1.612254
-0.4837944 -0.7325069 1.815235
0.1078542 -0.7513002 1.634225
-0.4750444 -0.7684464 1.701982
0.1483111 -0.8173448 1.581273
9
-0.03618637 -0.1602858 1.779889
-0.1132233 -0.1717071 1.741389
0.04235626 -0.1423061 1.745007
-0.2480361 -0.4494398 1.760542
0.2018229 -0.4010296 1.612254
-0.4837944 -0.7325069 1.815235
0.1078542 -0.7513002 1.634225
-0.4750444 -0.7684464 1.701982
0.1483111 -0.8173448 1.581273
9
-0.02493842 -0.1687421 1.777932
-0.1022072 -0.1802869 1.739148
0.05335691 -0.1502586 1.743359
-0.2450436 -0.4534291 1.760174
0.2138276 -0.4073952 1.60886
-0.4763022 -0.7280756 1.813757
0.1080067 -0.7519057 1.633539
-0.467957 -0.7644686 1.700686
0.1486134 -0.8171768 1.580673
9
-0.02493842 -0.1687421 1.777932
-0.1022072 -0.1802869 1.739148
0.05335691 -0.1502586 1.743359
-0.2450436 -0.4534291 1.760174
0.2138276 -0.4073952 1.60886
-0.4763022 -0.7280756 1.813757
0.1080067 -0.7519057 1.633539
-0.467957 -0.7644686 1.700686
0.1486134 -0.8171768 1.580673
9
-0.02066912 -0.1718851 1.776973
-0.09825143 -0.182942 1.738463
0.05777887 -0.1537838 1.742114
-0.2417308 -0.4557213 1.759531
0.2206887 -0.4092723 1.607684
-0.4709014 -0.723976 1.812653
0.1114621 -0.7513112 1.631143
-0.4628059 -0.7605276 1.699594
0.150445 -0.8171141 1.579023
9
-0.02066912 -0.1718851 1.776973
-0.09825143 -0.182942 1.738463
0.05777887 -0.1537838 1.742114
-0.2417308 -0.4557213 1.759531
0.2206887 -0.4092723 1.607684
-0.4709014 -0.723976 1.812653
0.1114621 -0.7513112 1.631143
-0.4628059 -0.7605276 1.699594
0.150445 -0.8171141 1.579023
9
-0.01776847 -0.1743913 1.776609
-0.09556434 -0.1851597 1.738105
0.06076639 -0.1564653 1.741763
-0.2401991 -0.4572846 1.759263
0.2239696 -0.4115421 1.60701
-0.4689869 -0.7227989 1.812248
0.1131249 -0.7503045 1.630351
-0.4611269 -0.759459 1.69922
0.1530279 -0.8182284 1.579508
