40
9
-0.2190508 -0.05616969 1.810647
-0.2947916 -0.06332307 1.76845
-0.1345984 -0.04665159 1.779697
-0.3851263 -0.3915452 1.787252
0.00478715 -0.3891562 1.707812
-0.5144386 -0.7407334 1.831538
0.06887306 -0.741249 1.660997
-0.5763679 -0.7934999 1.789385
0.1125688 -0.7994373 1.594532
9
-0.2190508 -0.05616969 1.810647
-0.2947916 -0.06332307 1.76845
-0.1345984 -0.04665159 1.779697
-0.3851263 -0.3915452 1.787252
0.00478715 -0.3891562 1.707812
-0.5144386 -0.7407334 1.831538
0.06887306 -0.741249 1.660997
-0.5763679 -0.7934999 1.789385
0.1125688 -0.7994373 1.594532
9
-0.2186544 -0.0561721 1.810469
-0.2944449 -0.06352714 1.768425
-0.134009 -0.04638116 1.77925
-0.3854425 -0.3928529 1.787342
0.006343928 -0.3885085 1.706362
-0.51529 -0.7419866 1.831433
0.06864933 -0.7412392 1.661308
-0.5735919 -0.7932291 1.787224
0.1113771 -0.7990283 1.594719
9
-0.2186544 -0.0561721 1.810469
-0.2944449 -0.06352714 1.768425
-0.134009 -0.04638116 1.77925
-0.3854425 -0.3928529 1.787342
0.006343928 -0.3885085 1.706362
-0.51529 -0.7419866 1.831433
0.06864933 -0.7412392 1.661308
-0.5735919 -0.7932291 1.787224
0.1113771 -0.7990283 1.594719
9
-0.2144457 -0.05750526 1.809822
-0.2904766 -0.06538542 1.768237
-0.1296045 -0.04720382 1.778137
-0.3842066 -0.3933423 1.787111
0.0185495 -0.3896354 1.698758
-0.5151368 -0.7417066 1.831318
0.06867073 -0.7412625 1.661168
-0.5745529 -0.793354 1.788396
0.1111757 -0.7989023 1.594197
9
-0.2144457 -0.05750526 1.809822
-0.2904766 -0.06538542 1.768237
-0.1296045 -0.04720382 1.778137
-0.3842066 -0.3933423 1.787111
0.0185495 -0.3896354 1.698758
-0.5151368 -0.7417066 1.831318
0.06867073 -0.7412625 1.661168
-0.5745529 -0.793354 1.788396
0.1111757 -0.7989023 1.594197
9
-0.2144457 -0.05750526 1.809822
-0.2904766 -0.06538542 1.768237
-0.1296045 -0.04720382 1.778137
-0.3842066 -0.3933423 1.787111
0.0185495 -0.3896354 1.698758
-0.5151368 -0.7417066 1.831318
0.06867073 -0.7412625 1.661168
-0.5745529 -0.793354 1.788396
0.1111757 -0.7989023 1.594197
9
-0.2144457 -0.05750526 1.809822
-0.2904766 -0.06538542 1.768237
-0.1296045 -0.04720382 1.778137
-0.3842066 -0.3933423 1.787111
0.0185495 -0.3896354 1.698758
-0.5151368 -0.7417066 1.831318
0.06867073 -0.7412625 1.661168
-0.5745529 -0.793354 1.788396
0.1111757 -0.7989023 1.594197
9
-0.1826511 -0.06913766 1.80618
-0.2575699 -0.08064935 1.765529
-0.1000502 -0.0551302 1.773609
-0.3701614 -0.3965677 1.785476
0.06460033 -0.375925 1.67647
-0.5165804 -0.7435116 1.829863
0.07234298 -0.7412445 1.659652
-0.5764341 -0.7945313 1.786709
0.1118405 -0.7992004 1.594509
9
-0.1826511 -0.06913766 1.80618
-0.2575699 -0.08064935 1.765529
-0.1000502 -0.0551302 1.773609
-0.3701614 -0.3965677 1.785476
0.06460033 -0.375925 1.67647
-0.5165804 -0.7435116 1.829863
0.07234298 -0.7412445 1.659652
-0.5764341 -0.7945313 1.786709
0.1118405 -0.7992004 1.594509
9
-0.1702436 -0.07536347 1.804301
-0.2465186 -0.08681179 1.764114
-0.08699582 -0.06091485 1.771201
-0.3486621 -0.3935203 1.780742
0.07568745 -0.3736469 1.672698
-0.5169278 -0.7443392 1.829138
0.07912213 -0.7416158 1.656657
-0.57754 -0.7944396 1.78723
0.1141858 -0.7999201 1.593176
9
-0.1702436 -0.07536347 1.804301
-0.2465186 -0.08681179 1.764114
-0.08699582 -0.06091485 1.771201
-0.3486621 -0.3935203 1.780742
0.07568745 -0.3736469 1.672698
-0.5169278 -0.7443392 1.829138
0.07912213 -0.7416158 1.656657
-0.57754 -0.7944396 1.78723
0.1141858 -0.7999201 1.593176
9
-0.1702436 -0.07536347 1.804301
-0.2465186 -0.08681179 1.764114
-0.08699582 -0.06091485 1.771201
-0.3486621 -0.3935203 1.780742
0.07568745 -0.3736469 1.672698
-0.5169278 -0.7443392 1.829138
0.07912213 -0.7416158 1.656657
-0.57754 -0.7944396 1.78723
0.1141858 -0.7999201 1.593176
9
-0.1702436 -0.07536347 1.804301
-0.2465186 -0.08681179 1.764114
-0.08699582 -0.06091485 1.771201
-0.3486621 -0.3935203 1.780742
0.07568745 -0.3736469 1.672698
-0.5169278 -0.7443392 1.829138
0.07912213 -0.7416158 1.656657
-0.57754 -0.7944396 1.78723
0.1141858 -0.7999201 1.593176
9
-0.1209915 -0.103833 1.789617
-0.1978248 -0.116982 1.750182
-0.03917922 -0.08642214 1.755653
-0.3147862 -0.4173204 1.773176
0.1340311 -0.3733274 1.646057
-0.5155033 -0.7446123 1.827166
0.0946013 -0.7458888 1.647831
-0.5041806 -0.7786499 1.712843
0.1226405 -0.8048364 1.592998
9
-0.1156467 -0.1081715 1.787193
-0.1927684 -0.1208996 1.748256
-0.03374103 -0.09102411 1.752689
-0.3058862 -0.4192015 1.769418
0.1390297 -0.3724061 1.643062
-0.5121706 -0.7446123 1.824234
0.09763478 -0.7478136 1.644853
-0.5016634 -0.7788561 1.710027
0.1316893 -0.8088816 1.588321
9
-0.1156467 -0.1081715 1.787193
-0.1927684 -0.1208996 1.748256
-0.03374103 -0.09102411 1.752689
-0.3058862 -0.4192015 1.769418
0.1390297 -0.3724061 1.643062
-0.5121706 -0.7446123 1.824234
0.09763478 -0.7478136 1.644853
-0.5016634 -0.7788561 1.710027
0.1316893 -0.8088816 1.588321
9
-0.09718905 -0.1224532 1.781846
-0.1754692 -0.1348633 1.74464
-0.01478385 -0.105046 1.745531
-0.2945831 -0.425675 1.766461
0.1559151 -0.3742561 1.634059
-0.5062639 -0.7436852 1.82013
0.1001006 -0.7486464 1.641834
-0.4953258 -0.7779531 1.705923
0.1558135 -0.824037 1.589013
9
-0.09718905 -0.1224532 1.781846
-0.1754692 -0.1348633 1.74464
-0.01478385 -0.105046 1.745531
-0.2945831 -0.425675 1.766461
0.1559151 -0.3742561 1.634059
-0.5062639 -0.7436852 1.82013
0.1001006 -0.7486464 1.641834
-0.4953258 -0.7779531 1.705923
0.1558135 -0.824037 1.589013
9
-0.07787325 -0.1352879 1.775927
-0.156453 -0.1480493 1.738553
0.003910726 -0.116916 1.739869
-0.2798031 -0.4298396 1.76274
0.1714617 -0.382226 1.624324
-0.5006263 -0.7417102 1.817369
0.1026779 -0.7492791 1.638425
-0.4904891 -0.7761481 1.703197
0.1555058 -0.8240765 1.587609
9
-0.07787325 -0.1352879 1.775927
-0.156453 -0.1480493 1.738553
0.003910726 -0.116916 1.739869
-0.2798031 -0.4298396 1.76274
0.1714617 -0.382226 1.624324
-0.5006263 -0.7417102 1.817369
0.1026779 -0.7492791 1.638425
-0.4904891 -0.7761481 1.703197
0.1555058 -0.8240765 1.587609
9
-0.06631359 -0.1432701 1.771634
-0.141984 -0.1590421 1.7344
0.01260787 -0.1221289 1.735569
-0.250185 -0.4460799 1.756742
0.1807005 -0.3882606 1.617955
-0.512803 -0.7819759 1.825075
0.102764 -0.7498333 1.637886
-0.5792348 -0.7935085 1.779871
0.1550622 -0.821884 1.583521
9
-0.06631359 -0.1432701 1.771634
-0.141984 -0.1590421 1.7344
0.01260787 -0.1221289 1.735569
-0.250185 -0.4460799 1.756742
0.1807005 -0.3882606 1.617955
-0.512803 -0.7819759 1.825075
0.102764 -0.7498333 1.637886
-0.5792348 -0.7935085 1.779871
0.1550622 -0.821884 1.583521
9
-0.06631359 -0.1432701 1.771634
-0.141984 -0.1590421 1.7344
0.01260787 -0.1221289 1.735569
-0.250185 -0.4460799 1.756742
0.1807005 -0.3882606 1.617955
-0.512803 -0.7819759 1.825075
0.102764 -0.7498333 1.637886
-0.5792348 -0.7935085 1.779871
0.1550622 -0.821884 1.583521
9
-0.05588094 -0.1521003 1.770465
-0.1337399 -0.1664317 1.734094
0.02448579 -0.1316042 1.73339
-0.2512053 -0.4494506 1.757158
0.1886419 -0.3904659 1.613055
-0.5141677 -0.7852612 1.82461
0.1072926 -0.7516956 1.632799
-0.5811208 -0.7951648 1.779513
0.1551714 -0.8219072 1.583668
9
-0.05588094 -0.1521003 1.770465
-0.1337399 -0.1664317 1.734094
0.02448579 -0.1316042 1.73339
-0.2512053 -0.4494506 1.757158
0.1886419 -0.3904659 1.613055
-0.5141677 -0.7852612 1.82461
0.1072926 -0.7516956 1.632799
-0.5811208 -0.7951648 1.779513
0.1551714 -0.8219072 1.583668
9
-0.05588094 -0.1521003 1.770465
-0.1337399 -0.1664317 1.734094
0.02448579 -0.1316042 1.73339
-0.2512053 -0.4494506 1.757158
0.1886419 -0.3904659 1.613055
-0.5141677 -0.7852612 1.82461
0.1072926 -0.7516956 1.632799
-0.5811208 -0.7951648 1.779513
0.1551714 -0.8219072 1.583668
9
-0.05588094 -0.1521003 1.770465
-0.1337399 -0.1664317 1.734094
0.02448579 -0.1316042 1.73339
-0.2512053 -0.4494506 1.757158
0.1886419 -0.3904659 1.613055
-0.5141677 -0.7852612 1.82461
0.1072926 -0.7516956 1.632799
-0.5811208 -0.7951648 1.779513
0.1551714 -0.8219072 1.583668
9
-0.03476136 -0.1730306 1.76832
-0.112436 -0.1881325 1.732109
0.04431375 -0.1507115 1.731205
-0.2475234 -0.4631648 1.75361
0.2136203 -0.4021345 1.600963
-0.4716364 -0.7236053 1.805376
0.107646 -0.752804 1.630736
-0.4636844 -0.7597918 1.691917
0.154428 -0.8207799 1.578804
9
-0.03476136 -0.1730306 1.76832
-0.112436 -0.1881325 1.732109
0.04431375 -0.1507115 1.731205
-0.2475234 -0.4631648 1.75361
0.2136203 -0.4021345 1.600963
-0.4716364 -0.7236053 1.805376
0.107646 -0.752804 1.630736
-0.4636844 -0.7597918 1.691917
0.154428 -0.8207799 1.578804
9
-0.02907275 -0.17718 1.767231
-0.1070824 -0.1921879 1.730913
0.05015136 -0.1548109 1.730233
-0.2417479 -0.467769 1.750858
0.2206615 -0.4047594 1.598657
-0.5099326 -0.8006716 1.813181
0.1087333 -0.7534361 1.627921
-0.59884 -0.8346833 1.777408
0.1546644 -0.8207026 1.578591
9
-0.02907275 -0.17718 1.767231
-0.1070824 -0.1921879 1.730913
0.05015136 -0.1548109 1.730233
-0.2417479 -0.467769 1.750858
0.2206615 -0.4047594 1.598657
-0.5099326 -0.8006716 1.813181
0.1087333 -0.7534361 1.627921
-0.59884 -0.8346833 1.777408
0.1546644 -0.8207026 1.578591
9
-0.02444527 -0.1807096 1.766456
-0.1027136 -0.1954907 1.730569
0.05487924 -0.1584446 1.729013
-0.2360767 -0.4720228 1.749046
0.2253524 -0.408092 1.596973
-0.4611775 -0.7184922 1.800954
0.1094499 -0.7541587 1.626512
-0.4535581 -0.7551273 1.687692
0.1557438 -0.8203871 1.577681
9
-0.02444527 -0.1807096 1.766456
-0.1027136 -0.1954907 1.730569
0.05487924 -0.1584446 1.729013
-0.2360767 -0.4720228 1.749046
0.2253524 -0.408092 1.596973
-0.4611775 -0.7184922 1.800954
0.1094499 -0.7541587 1.626512
-0.4535581 -0.7551273 1.687692
0.1557438 -0.8203871 1.577681
9
-0.01878135 -0.1849333 1.765845
-0.09730081 -0.1994662 1.730135
0.06054508 -0.1627309 1.728245
-0.2336697 -0.4745367 1.748422
0.2345429 -0.4084655 1.592768
-0.5061398 -0.8037398 1.811884
0.1105973 -0.7541888 1.625827
-0.5957537 -0.8363786 1.776375
0.1559452 -0.8202965 1.577383
9
-0.01878135 -0.1849333 1.765845
-0.09730081 -0.1994662 1.730135
0.06054508 -0.1627309 1.728245
-0.2336697 -0.4745367 1.748422
0.2345429 -0.4084655 1.592768
-0.5061398 -0.8037398 1.811884
0.1105973 -0.7541888 1.625827
-0.5957537 -0.8363786 1.776375
0.1559452 -0.8202965 1.577383
9
-0.01878135 -0.1849333 1.765845
-0.09730081 -0.1994662 1.730135
0.06054508 -0.1627309 1.728245
-0.2336697 -0.4745367 1.748422
0.2345429 -0.4084655 1.592768
-0.5061398 -0.8037398 1.811884
0.1105973 -0.7541888 1.625827
-0.5957537 -0.8363786 1.776375
0.1559452 -0.8202965 1.577383
9
-0.01878135 -0.1849333 1.765845
-0.09730081 -0.1994662 1.730135
0.06054508 -0.1627309 1.728245
-0.2336697 -0.4745367 1.748422
0.2345429 -0.4084655 1.592768
-0.5061398 -0.8037398 1.811884
0.1105973 -0.7541888 1.625827
-0.5957537 -0.8363786 1.776375
0.1559452 -0.8202965 1.577383
9
-0.01456357 -0.1874706 1.764972
-0.0931043 -0.201999 1.729275
0.06460195 -0.1651596 1.727375
-0.2228931 -0.4807695 1.745151
0.2377687 -0.4111455 1.591354
-0.4999573 -0.8057083 1.810446
0.112293 -0.7570856 1.624879
-0.5791016 -0.7993164 1.771484
0.156053 -0.8199002 1.576554
9
-0.01456357 -0.1874706 1.764972
-0.0931043 -0.201999 1.729275
0.06460195 -0.1651596 1.727375
-0.2228931 -0.4807695 1.745151
0.2377687 -0.4111455 1.591354
-0.4999573 -0.8057083 1.810446
0.112293 -0.7570856 1.624879
-0.5791016 -0.7993164 1.771484
0.156053 -0.8199002 1.576554
