40
9
-0.07245366 -0.4896164 2.157995
-0.1481536 -0.4966716 2.12897
0.005525982 -0.4660874 2.113658
-0.374365 -0.7233555 2.122299
0.1283062 -0.6244757 1.82979
-0.5275304 -0.9731758 2.126532
0.003788683 -0.9862606 1.931979
-0.6072607 -1.000824 2.072712
-0.01519839 -1.0384 1.805996
9
-0.07245366 -0.4896164 2.157995
-0.1481536 -0.4966716 2.12897
0.005525982 -0.4660874 2.113658
-0.374365 -0.7233555 2.122299
0.1283062 -0.6244757 1.82979
-0.5275304 -0.9731758 2.126532
0.003788683 -0.9862606 1.931979
-0.6072607 -1.000824 2.072712
-0.01519839 -1.0384 1.805996
9
-0.07969112 -0.4816045 2.159576
-0.1551996 -0.4881588 2.130605
-0.001553476 -0.4587488 2.115148
-0.3803344 -0.7242004 2.122759
0.1231651 -0.6207735 1.834527
-0.5297171 -0.9764767 2.127095
0.002826496 -0.9847186 1.935212
-0.6101544 -1.001881 2.07206
-0.05125858 -1.003688 1.998686
9
-0.07969112 -0.4816045 2.159576
-0.1551996 -0.4881588 2.130605
-0.001553476 -0.4587488 2.115148
-0.3803344 -0.7242004 2.122759
0.1231651 -0.6207735 1.834527
-0.5297171 -0.9764767 2.127095
0.002826496 -0.9847186 1.935212
-0.6101544 -1.001881 2.07206
-0.05125858 -1.003688 1.998686
9
-0.08864772 -0.4733373 2.160171
-0.1644121 -0.4797243 2.130334
-0.009937854 -0.4508557 2.116552
-0.3845988 -0.7243707 2.123575
0.1151441 -0.6192752 1.840425
-0.5304482 -0.9789646 2.126456
0.0003157693 -0.9855402 1.939912
-0.6119002 -1.002372 2.072056
-0.05377892 -1.003296 1.998541
9
-0.08864772 -0.4733373 2.160171
-0.1644121 -0.4797243 2.130334
-0.009937854 -0.4508557 2.116552
-0.3845988 -0.7243707 2.123575
0.1151441 -0.6192752 1.840425
-0.5304482 -0.9789646 2.126456
0.0003157693 -0.9855402 1.939912
-0.6119002 -1.002372 2.072056
-0.05377892 -1.003296 1.998541
9
-0.09541421 -0.4663135 2.161309
-0.1714142 -0.4724398 2.130394
-0.01627672 -0.444253 2.11874
-0.3900809 -0.7204956 2.125036
0.1055545 -0.6171889 1.844138
-0.5288474 -0.9793424 2.125646
-0.002115251 -0.9865674 1.941091
-0.6125979 -1.000963 2.078971
-0.05469453 -1.002713 1.997418
9
-0.09541421 -0.4663135 2.161309
-0.1714142 -0.4724398 2.130394
-0.01627672 -0.444253 2.11874
-0.3900809 -0.7204956 2.125036
0.1055545 -0.6171889 1.844138
-0.5288474 -0.9793424 2.125646
-0.002115251 -0.9865674 1.941091
-0.6125979 -1.000963 2.078971
-0.05469453 -1.002713 1.997418
9
-0.1058719 -0.4585972 2.162948
-0.1820809 -0.4640603 2.131986
-0.02605853 -0.4375139 2.120426
-0.3923583 -0.7196735 2.125572
0.09822295 -0.6142421 1.849788
-0.5302897 -0.9792581 2.124454
-0.002838613 -0.9867127 1.94337
-0.6136977 -1.000753 2.075738
-0.05984174 -0.9998948 1.998999
9
-0.1058719 -0.4585972 2.162948
-0.1820809 -0.4640603 2.131986
-0.02605853 -0.4375139 2.120426
-0.3923583 -0.7196735 2.125572
0.09822295 -0.6142421 1.849788
-0.5302897 -0.9792581 2.124454
-0.002838613 -0.9867127 1.94337
-0.6136977 -1.000753 2.075738
-0.05984174 -0.9998948 1.998999
9
-0.1117429 -0.4542542 2.163653
-0.1877242 -0.4598948 2.131947
-0.03200478 -0.4331235 2.121932
-0.3960259 -0.7176978 2.126121
0.08997761 -0.6138817 1.853161
-0.5294361 -0.9798211 2.124777
-0.005238794 -0.9888301 1.944079
-0.613239 -1.000566 2.076666
-0.05998014 -0.9999005 1.999054
9
-0.1117429 -0.4542542 2.163653
-0.1877242 -0.4598948 2.131947
-0.03200478 -0.4331235 2.121932
-0.3960259 -0.7176978 2.126121
0.08997761 -0.6138817 1.853161
-0.5294361 -0.9798211 2.124777
-0.005238794 -0.9888301 1.944079
-0.613239 -1.000566 2.076666
-0.05998014 -0.9999005 1.999054
9
-0.1177774 -0.4509543 2.164881
-0.1935249 -0.4565169 2.133101
-0.03802056 -0.430063 2.123237
-0.4018039 -0.7184113 2.128662
0.08379406 -0.6123461 1.85552
-0.5308999 -0.9828388 2.125357
-0.005622407 -0.9898321 1.94271
-0.6169788 -0.9967493 2.076842
-0.02257134 -1.042405 1.816776
9
-0.1177774 -0.4509543 2.164881
-0.1935249 -0.4565169 2.133101
-0.03802056 -0.430063 2.123237
-0.4018039 -0.7184113 2.128662
0.08379406 -0.6123461 1.85552
-0.5308999 -0.9828388 2.125357
-0.005622407 -0.9898321 1.94271
-0.6169788 -0.9967493 2.076842
-0.02257134 -1.042405 1.816776
9
-0.1225841 -0.4490223 2.166545
-0.1987179 -0.4544511 2.135225
-0.04229868 -0.4283445 2.124493
-0.4079805 -0.7212076 2.13194
0.07987404 -0.6115443 1.857654
-0.5336651 -0.9873745 2.125736
-0.005999341 -0.9903053 1.9432
-0.6208802 -0.9962627 2.076021
-0.02264162 -1.042768 1.817138
9
-0.1225841 -0.4490223 2.166545
-0.1987179 -0.4544511 2.135225
-0.04229868 -0.4283445 2.124493
-0.4079805 -0.7212076 2.13194
0.07987404 -0.6115443 1.857654
-0.5336651 -0.9873745 2.125736
-0.005999341 -0.9903053 1.9432
-0.6208802 -0.9962627 2.076021
-0.02264162 -1.042768 1.817138
9
-0.1261034 -0.4478139 2.167634
-0.2024332 -0.4531949 2.136558
-0.04549516 -0.4272437 2.125356
-0.4109029 -0.7222251 2.13328
0.07785661 -0.6111039 1.85964
-0.5378794 -0.9877799 2.126748
-0.006295728 -0.9905859 1.943949
-0.6244963 -0.9972937 2.075121
-0.02249822 -1.04297 1.817775
9
-0.1261034 -0.4478139 2.167634
-0.2024332 -0.4531949 2.136558
-0.04549516 -0.4272437 2.125356
-0.4109029 -0.7222251 2.13328
0.07785661 -0.6111039 1.85964
-0.5378794 -0.9877799 2.126748
-0.006295728 -0.9905859 1.943949
-0.6244963 -0.9972937 2.075121
-0.02249822 -1.04297 1.817775
9
-0.1294648 -0.4484519 2.167945
-0.2052739 -0.4537564 2.136768
-0.04928537 -0.4279517 2.125793
-0.4750313 -0.7633415 2.146493
0.07797614 -0.6100558 1.860729
-0.5439869 -1.049332 2.122465
-0.005333498 -0.9900214 1.943944
-0.6105408 -0.9677208 2.08447
-0.0214614 -1.042205 1.817635
9
-0.1294648 -0.4484519 2.167945
-0.2052739 -0.4537564 2.136768
-0.04928537 -0.4279517 2.125793
-0.4750313 -0.7633415 2.146493
0.07797614 -0.6100558 1.860729
-0.5439869 -1.049332 2.122465
-0.005333498 -0.9900214 1.943944
-0.6105408 -0.9677208 2.08447
-0.0214614 -1.042205 1.817635
9
-0.1313315 -0.4490806 2.167958
-0.20704 -0.4544666 2.136654
-0.05118863 -0.4284849 2.12595
-0.4752366 -0.7638046 2.146278
0.07835064 -0.6094041 1.861179
-0.5479809 -1.048887 2.124372
-0.00447755 -0.9895044 1.944301
-0.6158798 -0.9690183 2.085457
-0.0203102 -1.041551 1.817834
9
-0.1313315 -0.4490806 2.167958
-0.20704 -0.4544666 2.136654
-0.05118863 -0.4284849 2.12595
-0.4752366 -0.7638046 2.146278
0.07835064 -0.6094041 1.861179
-0.5479809 -1.048887 2.124372
-0.00447755 -0.9895044 1.944301
-0.6158798 -0.9690183 2.085457
-0.0203102 -1.041551 1.817834
9
-0.1313315 -0.4490806 2.167958
-0.20704 -0.4544666 2.136654
-0.05118863 -0.4284849 2.12595
-0.4752366 -0.7638046 2.146278
0.07835064 -0.6094041 1.861179
-0.5479809 -1.048887 2.124372
-0.00447755 -0.9895044 1.944301
-0.6158798 -0.9690183 2.085457
-0.0203102 -1.041551 1.817834
9
-0.1318075 -0.4497754 2.167959
-0.2076982 -0.4553379 2.136802
-0.05150128 -0.4290192 2.12585
-0.4751973 -0.7638037 2.146201
0.07863399 -0.6096094 1.861158
-0.5508252 -1.048146 2.125588
-0.004066212 -0.9897307 1.944299
-0.6188964 -0.968497 2.08714
-0.01973779 -1.041697 1.81775
9
-0.1318075 -0.4497754 2.167959
-0.2076982 -0.4553379 2.136802
-0.05150128 -0.4290192 2.12585
-0.4751973 -0.7638037 2.146201
0.07863399 -0.6096094 1.861158
-0.5508252 -1.048146 2.125588
-0.004066212 -0.9897307 1.944299
-0.6188964 -0.968497 2.08714
-0.01973779 -1.041697 1.81775
9
-0.1318764 -0.4526937 2.16793
-0.2078962 -0.4585225 2.136937
-0.05143459 -0.4315951 2.125687
-0.4750693 -0.764244 2.145793
0.07980514 -0.610476 1.860289
-0.5524245 -1.048132 2.126544
-0.003430836 -0.9899119 1.945544
-0.6193274 -0.9672423 2.087088
-0.01892752 -1.041735 1.818845
9
-0.1318764 -0.4526937 2.16793
-0.2078962 -0.4585225 2.136937
-0.05143459 -0.4315951 2.125687
-0.4750693 -0.764244 2.145793
0.07980514 -0.610476 1.860289
-0.5524245 -1.048132 2.126544
-0.003430836 -0.9899119 1.945544
-0.6193274 -0.9672423 2.087088
-0.01892752 -1.041735 1.818845
9
-0.1317441 -0.4568236 2.168191
-0.2079286 -0.4624865 2.136975
-0.05111824 -0.4357564 2.126194
-0.4750297 -0.7651051 2.145615
0.08150259 -0.6120192 1.859577
-0.5560727 -1.04795 2.127548
-0.003316036 -0.9905884 1.946715
-0.640902 -0.996529 2.096709
-0.01865453 -1.042287 1.819902
9
-0.1269701 -0.4614141 2.167869
-0.203376 -0.4674996 2.137127
-0.04622005 -0.4398206 2.125413
-0.4764265 -0.8277007 2.146039
0.08459464 -0.6157892 1.857664
-0.5234596 -0.9354469 2.130984
-0.004744301 -0.9922075 1.948727
-0.6285262 -0.9948288 2.096382
-0.01997401 -1.043826 1.821854
9
-0.1269701 -0.4614141 2.167869
-0.203376 -0.4674996 2.137127
-0.04622005 -0.4398206 2.125413
-0.4764265 -0.8277007 2.146039
0.08459464 -0.6157892 1.857664
-0.5234596 -0.9354469 2.130984
-0.004744301 -0.9922075 1.948727
-0.6285262 -0.9948288 2.096382
-0.01997401 -1.043826 1.821854
9
-0.1269701 -0.4614141 2.167869
-0.203376 -0.4674996 2.137127
-0.04622005 -0.4398206 2.125413
-0.4764265 -0.8277007 2.146039
0.08459464 -0.6157892 1.857664
-0.5234596 -0.9354469 2.130984
-0.004744301 -0.9922075 1.948727
-0.6285262 -0.9948288 2.096382
-0.01997401 -1.043826 1.821854
9
-0.1241463 -0.4671699 2.167447
-0.2000672 -0.4742016 2.136699
-0.04394693 -0.4444777 2.125025
-0.4754817 -0.8274931 2.145765
0.08998017 -0.6160206 1.855721
-0.5256902 -0.93529 2.131243
-0.004133715 -0.9905143 1.949518
-0.6303601 -0.9950613 2.093146
-0.06421731 -1.001033 2.002828
9
-0.1241463 -0.4671699 2.167447
-0.2000672 -0.4742016 2.136699
-0.04394693 -0.4444777 2.125025
-0.4754817 -0.8274931 2.145765
0.08998017 -0.6160206 1.855721
-0.5256902 -0.93529 2.131243
-0.004133715 -0.9905143 1.949518
-0.6303601 -0.9950613 2.093146
-0.06421731 -1.001033 2.002828
9
-0.1194252 -0.4755724 2.167089
-0.1957133 -0.4820017 2.136658
-0.03905375 -0.453125 2.124374
-0.4741987 -0.8308797 2.145296
0.09741968 -0.6181317 1.851879
-0.5296555 -0.938605 2.132166
-0.00218336 -0.9905519 1.947962
-0.6317493 -0.9966873 2.093695
-0.06310776 -1.002007 2.004227
9
-0.1194252 -0.4755724 2.167089
-0.1957133 -0.4820017 2.136658
-0.03905375 -0.453125 2.124374
-0.4741987 -0.8308797 2.145296
0.09741968 -0.6181317 1.851879
-0.5296555 -0.938605 2.132166
-0.00218336 -0.9905519 1.947962
-0.6317493 -0.9966873 2.093695
-0.06310776 -1.002007 2.004227
9
-0.1096134 -0.4825104 2.165638
-0.1864488 -0.4888014 2.136414
-0.02892905 -0.4600015 2.121683
-0.4672126 -0.8268357 2.144069
0.1057475 -0.622151 1.846349
-0.5303472 -0.9372156 2.131833
-0.0007678685 -0.991984 1.944716
-0.6307507 -0.9955108 2.090646
-0.01700219 -1.043542 1.817988
9
-0.1096134 -0.4825104 2.165638
-0.1864488 -0.4888014 2.136414
-0.02892905 -0.4600015 2.121683
-0.4672126 -0.8268357 2.144069
0.1057475 -0.622151 1.846349
-0.5303472 -0.9372156 2.131833
-0.0007678685 -0.991984 1.944716
-0.6307507 -0.9955108 2.090646
-0.01700219 -1.043542 1.817988
9
-0.1030375 -0.4916919 2.16439
-0.1792987 -0.4980661 2.135087
-0.02319493 -0.4687209 2.120599
-0.4651119 -0.8278958 2.143658
0.1143923 -0.6246064 1.842796
-0.5364115 -0.9435928 2.128577
0.001247627 -0.9917821 1.943498
-0.5448941 -0.997328 2.001887
-0.05589466 -1.004765 1.999975
9
-0.1030375 -0.4916919 2.16439
-0.1792987 -0.4980661 2.135087
-0.02319493 -0.4687209 2.120599
-0.4651119 -0.8278958 2.143658
0.1143923 -0.6246064 1.842796
-0.5364115 -0.9435928 2.128577
0.001247627 -0.9917821 1.943498
-0.5448941 -0.997328 2.001887
-0.05589466 -1.004765 1.999975
9
-0.09547676 -0.4998468 2.163798
-0.1717429 -0.5067655 2.135837
-0.01580678 -0.4761906 2.118771
-0.4615968 -0.8281238 2.143276
0.1245357 -0.6273065 1.839569
-0.5339699 -0.9405828 2.129054
0.004184365 -0.9918445 1.941542
-0.5424129 -0.9944662 2.002364
-0.05500446 -1.004568 1.997524
