40
9
-0.1992363 -0.07058223 1.885095
-0.2703286 -0.07516529 1.848709
-0.1204315 -0.0632467 1.848289
-0.4320244 -0.3486595 1.802718
0.02704076 -0.3378454 1.724275
-0.5423559 -0.7736433 1.833328
0.08559067 -0.7749069 1.665259
-0.5854501 -0.820541 1.792248
0.1099624 -0.8115544 1.576856
9
-0.1992363 -0.07058223 1.885095
-0.2703286 -0.07516529 1.848709
-0.1204315 -0.0632467 1.848289
-0.4320244 -0.3486595 1.802718
0.02704076 -0.3378454 1.724275
-0.5423559 -0.7736433 1.833328
0.08559067 -0.7749069 1.665259
-0.5854501 -0.820541 1.792248
0.1099624 -0.8115544 1.576856
9
-0.1992363 -0.07058223 1.885095
-0.2703286 -0.07516529 1.848709
-0.1204315 -0.0632467 1.848289
-0.4320244 -0.3486595 1.802718
0.02704076 -0.3378454 1.724275
-0.5423559 -0.7736433 1.833328
0.08559067 -0.7749069 1.665259
-0.5854501 -0.820541 1.792248
0.1099624 -0.8115544 1.576856
9
-0.1992363 -0.07058223 1.885095
-0.2703286 -0.07516529 1.848709
-0.1204315 -0.0632467 1.848289
-0.4320244 -0.3486595 1.802718
0.02704076 -0.3378454 1.724275
-0.5423559 -0.7736433 1.833328
0.08559067 -0.7749069 1.665259
-0.5854501 -0.820541 1.792248
0.1099624 -0.8115544 1.576856
9
-0.1959275 -0.07161558 1.886188
-0.2664025 -0.07712154 1.849372
-0.1175985 -0.06350777 1.849795
-0.4324558 -0.348056 1.80227
0.03199608 -0.3364222 1.723681
-0.5439125 -0.7727315 1.832976
0.08617294 -0.7742146 1.666337
-0.5852673 -0.8212815 1.792993
0.1133296 -0.8121051 1.580459
9
-0.1959275 -0.07161558 1.886188
-0.2664025 -0.07712154 1.849372
-0.1175985 -0.06350777 1.849795
-0.4324558 -0.348056 1.80227
0.03199608 -0.3364222 1.723681
-0.5439125 -0.7727315 1.832976
0.08617294 -0.7742146 1.666337
-0.5852673 -0.8212815 1.792993
0.1133296 -0.8121051 1.580459
9
-0.1869755 -0.07447501 1.885205
-0.257828 -0.08066946 1.847907
-0.1087262 -0.06549657 1.849261
-0.4311822 -0.3470394 1.802425
0.04682887 -0.3336552 1.718778
-0.5458442 -0.7708333 1.833264
0.08849324 -0.7731787 1.665266
-0.533431 -0.813354 1.724893
0.1144718 -0.814624 1.582476
9
-0.1869755 -0.07447501 1.885205
-0.257828 -0.08066946 1.847907
-0.1087262 -0.06549657 1.849261
-0.4311822 -0.3470394 1.802425
0.04682887 -0.3336552 1.718778
-0.5458442 -0.7708333 1.833264
0.08849324 -0.7731787 1.665266
-0.533431 -0.813354 1.724893
0.1144718 -0.814624 1.582476
9
-0.1732538 -0.07930356 1.884456
-0.2439493 -0.08678777 1.847255
-0.095722 -0.06886785 1.848386
-0.4261478 -0.3472289 1.802257
0.07076783 -0.3271531 1.709177
-0.5480604 -0.7689303 1.833264
0.0917896 -0.7687825 1.662978
-0.5356859 -0.8115212 1.724892
0.1143669 -0.8160512 1.58551
9
-0.1732538 -0.07930356 1.884456
-0.2439493 -0.08678777 1.847255
-0.095722 -0.06886785 1.848386
-0.4261478 -0.3472289 1.802257
0.07076783 -0.3271531 1.709177
-0.5480604 -0.7689303 1.833264
0.0917896 -0.7687825 1.662978
-0.5356859 -0.8115212 1.724892
0.1143669 -0.8160512 1.58551
9
-0.1732538 -0.07930356 1.884456
-0.2439493 -0.08678777 1.847255
-0.095722 -0.06886785 1.848386
-0.4261478 -0.3472289 1.802257
0.07076783 -0.3271531 1.709177
-0.5480604 -0.7689303 1.833264
0.0917896 -0.7687825 1.662978
-0.5356859 -0.8115212 1.724892
0.1143669 -0.8160512 1.58551
9
-0.1732538 -0.07930356 1.884456
-0.2439493 -0.08678777 1.847255
-0.095722 -0.06886785 1.848386
-0.4261478 -0.3472289 1.802257
0.07076783 -0.3271531 1.709177
-0.5480604 -0.7689303 1.833264
0.0917896 -0.7687825 1.662978
-0.5356859 -0.8115212 1.724892
0.1143669 -0.8160512 1.58551
9
-0.1159246 -0.1126823 1.882433
-0.1918731 -0.1228719 1.844397
-0.03543846 -0.09809655 1.847075
-0.3726561 -0.3844104 1.798616
0.1518244 -0.318809 1.666611
-0.5499813 -0.7851534 1.83173
0.1100614 -0.7602788 1.646509
-0.5971929 -0.8273473 1.787247
0.1099183 -0.8026981 1.538577
9
-0.1159246 -0.1126823 1.882433
-0.1918731 -0.1228719 1.844397
-0.03543846 -0.09809655 1.847075
-0.3726561 -0.3844104 1.798616
0.1518244 -0.318809 1.666611
-0.5499813 -0.7851534 1.83173
0.1100614 -0.7602788 1.646509
-0.5971929 -0.8273473 1.787247
0.1099183 -0.8026981 1.538577
9
-0.1159246 -0.1126823 1.882433
-0.1918731 -0.1228719 1.844397
-0.03543846 -0.09809655 1.847075
-0.3726561 -0.3844104 1.798616
0.1518244 -0.318809 1.666611
-0.5499813 -0.7851534 1.83173
0.1100614 -0.7602788 1.646509
-0.5971929 -0.8273473 1.787247
0.1099183 -0.8026981 1.538577
9
-0.1159246 -0.1126823 1.882433
-0.1918731 -0.1228719 1.844397
-0.03543846 -0.09809655 1.847075
-0.3726561 -0.3844104 1.798616
0.1518244 -0.318809 1.666611
-0.5499813 -0.7851534 1.83173
0.1100614 -0.7602788 1.646509
-0.5971929 -0.8273473 1.787247
0.1099183 -0.8026981 1.538577
9
-0.1159246 -0.1126823 1.882433
-0.1918731 -0.1228719 1.844397
-0.03543846 -0.09809655 1.847075
-0.3726561 -0.3844104 1.798616
0.1518244 -0.318809 1.666611
-0.5499813 -0.7851534 1.83173
0.1100614 -0.7602788 1.646509
-0.5971929 -0.8273473 1.787247
0.1099183 -0.8026981 1.538577
9
-0.1159246 -0.1126823 1.882433
-0.1918731 -0.1228719 1.844397
-0.03543846 -0.09809655 1.847075
-0.3726561 -0.3844104 1.798616
0.1518244 -0.318809 1.666611
-0.5499813 -0.7851534 1.83173
0.1100614 -0.7602788 1.646509
-0.5971929 -0.8273473 1.787247
0.1099183 -0.8026981 1.538577
9
-0.1159246 -0.1126823 1.882433
-0.1918731 -0.1228719 1.844397
-0.03543846 -0.09809655 1.847075
-0.3726561 -0.3844104 1.798616
0.1518244 -0.318809 1.666611
-0.5499813 -0.7851534 1.83173
0.1100614 -0.7602788 1.646509
-0.5971929 -0.8273473 1.787247
0.1099183 -0.8026981 1.538577
9
-0.07866646 -0.1571052 1.881795
-0.1646402 -0.1623854 1.846736
0.009170044 -0.1439063 1.843372
-0.3296117 -0.4330626 1.782782
0.2093558 -0.3311144 1.637286
-0.4859247 -0.7189361 1.828743
0.09577713 -0.7380115 1.655939
-0.4749312 -0.7655598 1.722445
0.1197947 -0.8010089 1.598862
9
-0.07866646 -0.1571052 1.881795
-0.1646402 -0.1623854 1.846736
0.009170044 -0.1439063 1.843372
-0.3296117 -0.4330626 1.782782
0.2093558 -0.3311144 1.637286
-0.4859247 -0.7189361 1.828743
0.09577713 -0.7380115 1.655939
-0.4749312 -0.7655598 1.722445
0.1197947 -0.8010089 1.598862
9
-0.07866646 -0.1571052 1.881795
-0.1646402 -0.1623854 1.846736
0.009170044 -0.1439063 1.843372
-0.3296117 -0.4330626 1.782782
0.2093558 -0.3311144 1.637286
-0.4859247 -0.7189361 1.828743
0.09577713 -0.7380115 1.655939
-0.4749312 -0.7655598 1.722445
0.1197947 -0.8010089 1.598862
9
-0.07866646 -0.1571052 1.881795
-0.1646402 -0.1623854 1.846736
0.009170044 -0.1439063 1.843372
-0.3296117 -0.4330626 1.782782
0.2093558 -0.3311144 1.637286
-0.4859247 -0.7189361 1.828743
0.09577713 -0.7380115 1.655939
-0.4749312 -0.7655598 1.722445
0.1197947 -0.8010089 1.598862
9
-0.07866646 -0.1571052 1.881795
-0.1646402 -0.1623854 1.846736
0.009170044 -0.1439063 1.843372
-0.3296117 -0.4330626 1.782782
0.2093558 -0.3311144 1.637286
-0.4859247 -0.7189361 1.828743
0.09577713 -0.7380115 1.655939
-0.4749312 -0.7655598 1.722445
0.1197947 -0.8010089 1.598862
9
-0.07151586 -0.1690318 1.880704
-0.1584848 -0.1733141 1.844482
0.01848517 -0.1585293 1.843631
-0.3216192 -0.4447591 1.778148
0.2268603 -0.3356219 1.636937
-0.4808174 -0.7201218 1.825522
0.1027632 -0.7359973 1.649947
-0.4689765 -0.7684064 1.720661
0.1212533 -0.8017849 1.597372
9
-0.07151586 -0.1690318 1.880704
-0.1584848 -0.1733141 1.844482
0.01848517 -0.1585293 1.843631
-0.3216192 -0.4447591 1.778148
0.2268603 -0.3356219 1.636937
-0.4808174 -0.7201218 1.825522
0.1027632 -0.7359973 1.649947
-0.4689765 -0.7684064 1.720661
0.1212533 -0.8017849 1.597372
9
-0.07151586 -0.1690318 1.880704
-0.1584848 -0.1733141 1.844482
0.01848517 -0.1585293 1.843631
-0.3216192 -0.4447591 1.778148
0.2268603 -0.3356219 1.636937
-0.4808174 -0.7201218 1.825522
0.1027632 -0.7359973 1.649947
-0.4689765 -0.7684064 1.720661
0.1212533 -0.8017849 1.597372
9
-0.07151586 -0.1690318 1.880704
-0.1584848 -0.1733141 1.844482
0.01848517 -0.1585293 1.843631
-0.3216192 -0.4447591 1.778148
0.2268603 -0.3356219 1.636937
-0.4808174 -0.7201218 1.825522
0.1027632 -0.7359973 1.649947
-0.4689765 -0.7684064 1.720661
0.1212533 -0.8017849 1.597372
9
-0.06407048 -0.179066 1.880134
-0.1528563 -0.1820552 1.84238
0.02758294 -0.1694254 1.844824
-0.3014834 -0.4607055 1.765512
0.2372288 -0.3426285 1.635938
-0.4823223 -0.7285057 1.822944
0.1082592 -0.7486843 1.645084
-0.5629053 -0.7781472 1.784031
0.1266247 -0.8097663 1.594614
9
-0.06407048 -0.179066 1.880134
-0.1528563 -0.1820552 1.84238
0.02758294 -0.1694254 1.844824
-0.3014834 -0.4607055 1.765512
0.2372288 -0.3426285 1.635938
-0.4823223 -0.7285057 1.822944
0.1082592 -0.7486843 1.645084
-0.5629053 -0.7781472 1.784031
0.1266247 -0.8097663 1.594614
9
-0.06076373 -0.1833546 1.87974
-0.1504285 -0.1855128 1.841904
0.03153272 -0.1742193 1.844463
-0.2961227 -0.4652954 1.762021
0.2411159 -0.3470038 1.635267
-0.5343127 -0.8306468 1.807164
0.1109632 -0.7508514 1.643683
-0.6025388 -0.7950013 1.782738
0.1285152 -0.8119209 1.592367
9
-0.06076373 -0.1833546 1.87974
-0.1504285 -0.1855128 1.841904
0.03153272 -0.1742193 1.844463
-0.2961227 -0.4652954 1.762021
0.2411159 -0.3470038 1.635267
-0.5343127 -0.8306468 1.807164
0.1109632 -0.7508514 1.643683
-0.6025388 -0.7950013 1.782738
0.1285152 -0.8119209 1.592367
9
-0.05696006 -0.1865756 1.87896
-0.1469723 -0.1884368 1.840973
0.03540916 -0.1775145 1.843795
-0.2928699 -0.4679433 1.759993
0.2450811 -0.3495362 1.633459
-0.5331351 -0.8319008 1.805292
0.113112 -0.7527529 1.642762
-0.6011711 -0.7946727 1.77819
0.1307685 -0.8141908 1.593188
9
-0.05696006 -0.1865756 1.87896
-0.1469723 -0.1884368 1.840973
0.03540916 -0.1775145 1.843795
-0.2928699 -0.4679433 1.759993
0.2450811 -0.3495362 1.633459
-0.5331351 -0.8319008 1.805292
0.113112 -0.7527529 1.642762
-0.6011711 -0.7946727 1.77819
0.1307685 -0.8141908 1.593188
9
-0.05309571 -0.1893914 1.877677
-0.1434002 -0.1908482 1.839556
0.03937179 -0.1806048 1.842612
-0.2899761 -0.4699352 1.758188
0.2484659 -0.3520198 1.631765
-0.5319821 -0.8327429 1.803455
0.1131996 -0.7550176 1.641918
-0.5974635 -0.7880197 1.77623
0.1321274 -0.8161387 1.592564
9
-0.05309571 -0.1893914 1.877677
-0.1434002 -0.1908482 1.839556
0.03937179 -0.1806048 1.842612
-0.2899761 -0.4699352 1.758188
0.2484659 -0.3520198 1.631765
-0.5319821 -0.8327429 1.803455
0.1131996 -0.7550176 1.641918
-0.5974635 -0.7880197 1.77623
0.1321274 -0.8161387 1.592564
9
-0.05309571 -0.1893914 1.877677
-0.1434002 -0.1908482 1.839556
0.03937179 -0.1806048 1.842612
-0.2899761 -0.4699352 1.758188
0.2484659 -0.3520198 1.631765
-0.5319821 -0.8327429 1.803455
0.1131996 -0.7550176 1.641918
-0.5974635 -0.7880197 1.77623
0.1321274 -0.8161387 1.592564
9
-0.05309571 -0.1893914 1.877677
-0.1434002 -0.1908482 1.839556
0.03937179 -0.1806048 1.842612
-0.2899761 -0.4699352 1.758188
0.2484659 -0.3520198 1.631765
-0.5319821 -0.8327429 1.803455
0.1131996 -0.7550176 1.641918
-0.5974635 -0.7880197 1.77623
0.1321274 -0.8161387 1.592564
9
0.02951037 -0.2169147 1.844858
-0.04334499 -0.2284437 1.808751
0.1012005 -0.1967854 1.807827
-0.3022019 -0.4147027 1.775214
0.2867975 -0.3920718 1.597356
-0.5427897 -0.7792985 1.818393
0.1137854 -0.7556403 1.641178
-0.6028749 -0.8036628 1.771146
0.1338181 -0.8168423 1.593705
9
0.02951037 -0.2169147 1.844858
-0.04334499 -0.2284437 1.808751
0.1012005 -0.1967854 1.807827
-0.3022019 -0.4147027 1.775214
0.2867975 -0.3920718 1.597356
-0.5427897 -0.7792985 1.818393
0.1137854 -0.7556403 1.641178
-0.6028749 -0.8036628 1.771146
0.1338181 -0.8168423 1.593705
