40
9
-0.1610209 -0.3678243 2.192047
-0.2410315 -0.3639328 2.146394
-0.07562993 -0.3594262 2.164418
-0.3996483 -0.649451 2.135247
0.06672566 -0.648685 2.106758
-0.5808849 -0.9502812 2.14607
0.0192687 -0.9736345 2.122108
-0.5506935 -0.9984224 2.01618
0.04044672 -1.020906 1.991446
9
-0.1610209 -0.3678243 2.192047
-0.2410315 -0.3639328 2.146394
-0.07562993 -0.3594262 2.164418
-0.3996483 -0.649451 2.135247
0.06672566 -0.648685 2.106758
-0.5808849 -0.9502812 2.14607
0.0192687 -0.9736345 2.122108
-0.5506935 -0.9984224 2.01618
0.04044672 -1.020906 1.991446
9
-0.1184539 -0.3972734 2.19297
-0.1994094 -0.3943644 2.147099
-0.03354016 -0.3869562 2.165646
-0.3810859 -0.6545777 2.140479
0.1209193 -0.6667995 2.082858
-0.5787811 -0.9493875 2.147272
0.02870655 -0.9749215 2.11359
-0.5479012 -0.9989319 2.018456
0.05045748 -1.023516 1.984049
9
-0.1184539 -0.3972734 2.19297
-0.1994094 -0.3943644 2.147099
-0.03354016 -0.3869562 2.165646
-0.3810859 -0.6545777 2.140479
0.1209193 -0.6667995 2.082858
-0.5787811 -0.9493875 2.147272
0.02870655 -0.9749215 2.11359
-0.5479012 -0.9989319 2.018456
0.05045748 -1.023516 1.984049
9
-0.1139091 -0.4005476 2.193286
-0.1944549 -0.3974176 2.147645
-0.02952395 -0.3903379 2.16576
-0.3721817 -0.6601387 2.142316
0.1281967 -0.6675491 2.077949
-0.573108 -0.9466609 2.149499
0.03634268 -0.9727682 2.106023
-0.5428827 -0.9965449 2.020713
0.05740163 -1.021647 1.976562
9
-0.1139091 -0.4005476 2.193286
-0.1944549 -0.3974176 2.147645
-0.02952395 -0.3903379 2.16576
-0.3721817 -0.6601387 2.142316
0.1281967 -0.6675491 2.077949
-0.573108 -0.9466609 2.149499
0.03634268 -0.9727682 2.106023
-0.5428827 -0.9965449 2.020713
0.05740163 -1.021647 1.976562
9
-0.101928 -0.4108849 2.192245
-0.1830784 -0.4069371 2.146919
-0.01737908 -0.4011417 2.164432
-0.3622257 -0.668581 2.142137
0.1419689 -0.6762311 2.071496
-0.5726828 -0.9480105 2.149482
0.03888609 -0.9724583 2.101249
-0.5412551 -0.9983329 2.021236
0.0611144 -1.021769 1.972332
9
-0.101928 -0.4108849 2.192245
-0.1830784 -0.4069371 2.146919
-0.01737908 -0.4011417 2.164432
-0.3622257 -0.668581 2.142137
0.1419689 -0.6762311 2.071496
-0.5726828 -0.9480105 2.149482
0.03888609 -0.9724583 2.101249
-0.5412551 -0.9983329 2.021236
0.0611144 -1.021769 1.972332
9
-0.08792347 -0.4219857 2.191811
-0.1688353 -0.4175841 2.147096
-0.004066757 -0.4123344 2.163445
-0.3573558 -0.6726668 2.142127
0.15567 -0.6858126 2.065123
-0.5679423 -0.9476534 2.149483
0.06350649 -0.9623795 2.086071
-0.5368434 -0.9983549 2.021415
0.08507946 -1.012115 1.95734
9
-0.08792347 -0.4219857 2.191811
-0.1688353 -0.4175841 2.147096
-0.004066757 -0.4123344 2.163445
-0.3573558 -0.6726668 2.142127
0.15567 -0.6858126 2.065123
-0.5679423 -0.9476534 2.149483
0.06350649 -0.9623795 2.086071
-0.5368434 -0.9983549 2.021415
0.08507946 -1.012115 1.95734
9
-0.07372476 -0.4324108 2.191162
-0.1548065 -0.4280389 2.147553
0.009856818 -0.4224103 2.161743
-0.3493359 -0.679021 2.140183
0.1731366 -0.6917927 2.055586
-0.5626209 -0.9453704 2.148834
0.06368428 -0.9648159 2.08553
-0.5319861 -0.9964563 2.020896
0.08486101 -1.014883 1.956971
9
-0.07372476 -0.4324108 2.191162
-0.1548065 -0.4280389 2.147553
0.009856818 -0.4224103 2.161743
-0.3493359 -0.679021 2.140183
0.1731366 -0.6917927 2.055586
-0.5626209 -0.9453704 2.148834
0.06368428 -0.9648159 2.08553
-0.5319861 -0.9964563 2.020896
0.08486101 -1.014883 1.956971
9
-0.07372476 -0.4324108 2.191162
-0.1548065 -0.4280389 2.147553
0.009856818 -0.4224103 2.161743
-0.3493359 -0.679021 2.140183
0.1731366 -0.6917927 2.055586
-0.5626209 -0.9453704 2.148834
0.06368428 -0.9648159 2.08553
-0.5319861 -0.9964563 2.020896
0.08486101 -1.014883 1.956971
9
-0.07372476 -0.4324108 2.191162
-0.1548065 -0.4280389 2.147553
0.009856818 -0.4224103 2.161743
-0.3493359 -0.679021 2.140183
0.1731366 -0.6917927 2.055586
-0.5626209 -0.9453704 2.148834
0.06368428 -0.9648159 2.08553
-0.5319861 -0.9964563 2.020896
0.08486101 -1.014883 1.956971
9
-0.04578366 -0.4502006 2.223279
-0.1236421 -0.4463402 2.183648
0.0337419 -0.4392191 2.19009
-0.3353266 -0.686426 2.135992
0.1910566 -0.6964815 2.037747
-0.5515493 -0.939348 2.145233
0.0790301 -0.9408743 2.06824
-0.5221553 -0.9944932 2.019853
0.0988483 -0.9951706 1.942205
9
-0.04578366 -0.4502006 2.223279
-0.1236421 -0.4463402 2.183648
0.0337419 -0.4392191 2.19009
-0.3353266 -0.686426 2.135992
0.1910566 -0.6964815 2.037747
-0.5515493 -0.939348 2.145233
0.0790301 -0.9408743 2.06824
-0.5221553 -0.9944932 2.019853
0.0988483 -0.9951706 1.942205
9
-0.04345628 -0.4659948 2.227553
-0.1221213 -0.4597908 2.188791
0.03680116 -0.4572329 2.193406
-0.3840595 -0.7130539 2.148738
0.2482246 -0.6555524 2.011515
-0.5590045 -0.9505278 2.145024
0.1188891 -1.03402 2.042178
-0.5306341 -1.006075 2.019882
0.1369722 -1.087499 1.916979
9
-0.04345628 -0.4659948 2.227553
-0.1221213 -0.4597908 2.188791
0.03680116 -0.4572329 2.193406
-0.3840595 -0.7130539 2.148738
0.2482246 -0.6555524 2.011515
-0.5590045 -0.9505278 2.145024
0.1188891 -1.03402 2.042178
-0.5306341 -1.006075 2.019882
0.1369722 -1.087499 1.916979
9
-0.0415172 -0.47292 2.228653
-0.1204051 -0.4662688 2.190301
0.03881672 -0.4642181 2.19413
-0.3838688 -0.7132812 2.148736
0.2523869 -0.6581175 2.009436
-0.5568755 -0.9521422 2.144223
0.1203295 -1.035508 2.040818
-0.5288986 -1.007989 2.019256
0.1380264 -1.089288 1.915804
9
-0.0415172 -0.47292 2.228653
-0.1204051 -0.4662688 2.190301
0.03881672 -0.4642181 2.19413
-0.3838688 -0.7132812 2.148736
0.2523869 -0.6581175 2.009436
-0.5568755 -0.9521422 2.144223
0.1203295 -1.035508 2.040818
-0.5288986 -1.007989 2.019256
0.1380264 -1.089288 1.915804
9
-0.03692552 -0.478903 2.229905
-0.1156067 -0.4728774 2.19198
0.04300364 -0.4693772 2.195041
-0.3823977 -0.7141509 2.148733
0.256171 -0.6609734 2.006907
-0.5537345 -0.9542573 2.142992
0.07574905 -0.9650978 2.076239
-0.525783 -1.010432 2.018314
0.09417001 -1.020352 1.950935
9
-0.03692552 -0.478903 2.229905
-0.1156067 -0.4728774 2.19198
0.04300364 -0.4693772 2.195041
-0.3823977 -0.7141509 2.148733
0.256171 -0.6609734 2.006907
-0.5537345 -0.9542573 2.142992
0.07574905 -0.9650978 2.076239
-0.525783 -1.010432 2.018314
0.09417001 -1.020352 1.950935
9
-0.0315702 -0.4857359 2.229741
-0.1107854 -0.4790145 2.19275
0.04876858 -0.4767449 2.193903
-0.3756236 -0.713761 2.148039
0.2632169 -0.6645897 2.003031
-0.5495331 -0.9520965 2.141142
0.07416132 -0.9702206 2.076715
-0.5238944 -1.008572 2.016215
0.09034762 -1.0257 1.951209
9
-0.0315702 -0.4857359 2.229741
-0.1107854 -0.4790145 2.19275
0.04876858 -0.4767449 2.193903
-0.3756236 -0.713761 2.148039
0.2632169 -0.6645897 2.003031
-0.5495331 -0.9520965 2.141142
0.07416132 -0.9702206 2.076715
-0.5238944 -1.008572 2.016215
0.09034762 -1.0257 1.951209
9
-0.02673946 -0.4902048 2.229531
-0.1061755 -0.4835183 2.193332
0.05366469 -0.4810203 2.19296
-0.3696149 -0.7135302 2.14763
0.2682728 -0.6672385 2.000481
-0.546557 -0.9496853 2.140185
0.08107982 -0.9590639 2.073261
-0.521731 -1.006308 2.015194
0.09637655 -1.014795 1.947657
9
-0.02673946 -0.4902048 2.229531
-0.1061755 -0.4835183 2.193332
0.05366469 -0.4810203 2.19296
-0.3696149 -0.7135302 2.14763
0.2682728 -0.6672385 2.000481
-0.546557 -0.9496853 2.140185
0.08107982 -0.9590639 2.073261
-0.521731 -1.006308 2.015194
0.09637655 -1.014795 1.947657
9
-0.02359111 -0.4936411 2.228692
-0.10341 -0.4868193 2.192973
0.05708448 -0.4844424 2.191652
-0.3523294 -0.6893841 2.142455
0.2724761 -0.6695342 1.998328
-0.5341121 -0.9382506 2.139317
0.0833376 -0.959274 2.072978
-0.5102631 -0.9951139 2.014177
0.09778245 -1.015117 1.947325
9
-0.02359111 -0.4936411 2.228692
-0.10341 -0.4868193 2.192973
0.05708448 -0.4844424 2.191652
-0.3523294 -0.6893841 2.142455
0.2724761 -0.6695342 1.998328
-0.5341121 -0.9382506 2.139317
0.0833376 -0.959274 2.072978
-0.5102631 -0.9951139 2.014177
0.09778245 -1.015117 1.947325
9
-0.02212654 -0.4953484 2.228393
-0.1020395 -0.4885398 2.193049
0.058606 -0.4860933 2.190994
-0.3618747 -0.7180632 2.146807
0.2746334 -0.6699396 1.997095
-0.5416986 -0.9520894 2.139182
0.08334444 -0.9595599 2.072713
-0.5183432 -1.008895 2.014127
0.09720522 -1.015507 1.947049
9
-0.02212654 -0.4953484 2.228393
-0.1020395 -0.4885398 2.193049
0.058606 -0.4860933 2.190994
-0.3618747 -0.7180632 2.146807
0.2746334 -0.6699396 1.997095
-0.5416986 -0.9520894 2.139182
0.08334444 -0.9595599 2.072713
-0.5183432 -1.008895 2.014127
0.09720522 -1.015507 1.947049
9
-0.02050291 -0.4966668 2.228086
-0.100416 -0.4901053 2.192736
0.06014635 -0.4871181 2.190722
-0.3618693 -0.7180824 2.146805
0.276304 -0.6704941 1.996493
-0.540567 -0.9529799 2.138622
0.08365764 -0.9597273 2.072811
-0.5175381 -1.009783 2.013531
0.09720314 -1.015686 1.947109
9
-0.02050291 -0.4966668 2.228086
-0.100416 -0.4901053 2.192736
0.06014635 -0.4871181 2.190722
-0.3618693 -0.7180824 2.146805
0.276304 -0.6704941 1.996493
-0.540567 -0.9529799 2.138622
0.08365764 -0.9597273 2.072811
-0.5175381 -1.009783 2.013531
0.09720314 -1.015686 1.947109
9
-0.02005536 -0.4972407 2.227903
-0.100087 -0.4905533 2.192699
0.06071014 -0.4878058 2.190369
-0.3483413 -0.6938367 2.140286
0.2775725 -0.6704276 1.99623
-0.5297194 -0.9401292 2.138371
0.08453476 -0.9600525 2.073242
-0.5071362 -0.9971398 2.013178
0.09775934 -1.016069 1.947539
9
-0.02005536 -0.4972407 2.227903
-0.100087 -0.4905533 2.192699
0.06071014 -0.4878058 2.190369
-0.3483413 -0.6938367 2.140286
0.2775725 -0.6704276 1.99623
-0.5297194 -0.9401292 2.138371
0.08453476 -0.9600525 2.073242
-0.5071362 -0.9971398 2.013178
0.09775934 -1.016069 1.947539
9
-0.01987087 -0.4974103 2.227741
-0.09995118 -0.4906899 2.192652
0.0609459 -0.4880021 2.190058
-0.3653637 -0.7235448 2.144797
0.2783421 -0.6701195 1.996061
-0.5430433 -0.9591233 2.138427
0.08500751 -0.9670777 2.075709
-0.6209203 -0.9917396 2.085616
0.09794068 -1.023026 1.950004
9
-0.01987087 -0.4974103 2.227741
-0.09995118 -0.4906899 2.192652
0.0609459 -0.4880021 2.190058
-0.3653637 -0.7235448 2.144797
0.2783421 -0.6701195 1.996061
-0.5430433 -0.9591233 2.138427
0.08500751 -0.9670777 2.075709
-0.6209203 -0.9917396 2.085616
0.09794068 -1.023026 1.950004
9
-0.0196071 -0.4970803 2.227461
-0.0996629 -0.4903816 2.192428
0.06116721 -0.4876491 2.189735
-0.3624412 -0.7197042 2.144222
0.2784143 -0.6702764 1.996149
-0.539563 -0.9557202 2.13836
0.08607339 -0.9654438 2.074939
-0.6169811 -0.989699 2.086512
0.09829849 -1.021412 1.949127
9
-0.0196071 -0.4970803 2.227461
-0.0996629 -0.4903816 2.192428
0.06116721 -0.4876491 2.189735
-0.3624412 -0.7197042 2.144222
0.2784143 -0.6702764 1.996149
-0.539563 -0.9557202 2.13836
0.08607339 -0.9654438 2.074939
-0.6169811 -0.989699 2.086512
0.09829849 -1.021412 1.949127
9
-0.02025921 -0.4961912 2.22725
-0.1001148 -0.489661 2.192312
0.06028112 -0.4865761 2.189421
-0.3625952 -0.719328 2.144099
0.2779811 -0.6694991 1.996787
-0.5392933 -0.9556566 2.138344
0.08194569 -0.9715065 2.075987
-0.6166399 -0.9897835 2.08653
0.09528335 -1.027376 1.950348
9
-0.02025921 -0.4961912 2.22725
-0.1001148 -0.489661 2.192312
0.06028112 -0.4865761 2.189421
-0.3625952 -0.719328 2.144099
0.2779811 -0.6694991 1.996787
-0.5392933 -0.9556566 2.138344
0.08194569 -0.9715065 2.075987
-0.6166399 -0.9897835 2.08653
0.09528335 -1.027376 1.950348
