40
9
-0.1534911 -0.3759108 2.187151
-0.2368508 -0.3800213 2.150507
-0.06490948 -0.3592159 2.150438
-0.3766278 -0.6660063 2.17578
0.09148292 -0.6377931 2.027108
-0.563009 -0.9504565 2.227013
0.1147132 -0.9801939 2.046798
-0.5495549 -0.992984 2.090741
0.1181149 -1.020942 1.910347
9
-0.1323906 -0.3850968 2.183783
-0.2166326 -0.389463 2.146237
-0.04364789 -0.3678151 2.148029
-0.3608834 -0.672763 2.173289
0.1101182 -0.644073 2.01386
-0.554399 -0.9487829 2.224909
0.1219419 -0.9799389 2.041696
-0.5413204 -0.9916068 2.088766
0.1249605 -1.020958 1.905422
9
-0.1323906 -0.3850968 2.183783
-0.2166326 -0.389463 2.146237
-0.04364789 -0.3678151 2.148029
-0.3608834 -0.672763 2.173289
0.1101182 -0.644073 2.01386
-0.554399 -0.9487829 2.224909
0.1219419 -0.9799389 2.041696
-0.5413204 -0.9916068 2.088766
0.1249605 -1.020958 1.905422
9
-0.1135729 -0.3959049 2.178881
-0.1973521 -0.4011918 2.141429
-0.02593366 -0.3773501 2.143092
-0.3455593 -0.6819773 2.170096
0.1321665 -0.6466091 1.997086
-0.5462164 -0.9476386 2.222095
0.1255396 -0.9803025 2.038225
-0.5330897 -0.9909085 2.086198
0.1286504 -1.021752 1.902233
9
-0.1135729 -0.3959049 2.178881
-0.1973521 -0.4011918 2.141429
-0.02593366 -0.3773501 2.143092
-0.3455593 -0.6819773 2.170096
0.1321665 -0.6466091 1.997086
-0.5462164 -0.9476386 2.222095
0.1255396 -0.9803025 2.038225
-0.5330897 -0.9909085 2.086198
0.1286504 -1.021752 1.902233
9
-0.1135729 -0.3959049 2.178881
-0.1973521 -0.4011918 2.141429
-0.02593366 -0.3773501 2.143092
-0.3455593 -0.6819773 2.170096
0.1321665 -0.6466091 1.997086
-0.5462164 -0.9476386 2.222095
0.1255396 -0.9803025 2.038225
-0.5330897 -0.9909085 2.086198
0.1286504 -1.021752 1.902233
9
-0.07977942 -0.4186265 2.173926
-0.1648628 -0.4236827 2.137813
0.008025664 -0.3994849 2.136866
-0.3008169 -0.7108901 2.16535
0.17654 -0.6529033 1.970453
-0.5099701 -0.9381691 2.2171
0.1273867 -0.980028 2.036246
-0.4996728 -0.9833106 2.082005
0.1281199 -1.023291 1.901198
9
-0.07977942 -0.4186265 2.173926
-0.1648628 -0.4236827 2.137813
0.008025664 -0.3994849 2.136866
-0.3008169 -0.7108901 2.16535
0.17654 -0.6529033 1.970453
-0.5099701 -0.9381691 2.2171
0.1273867 -0.980028 2.036246
-0.4996728 -0.9833106 2.082005
0.1281199 -1.023291 1.901198
9
-0.07977942 -0.4186265 2.173926
-0.1648628 -0.4236827 2.137813
0.008025664 -0.3994849 2.136866
-0.3008169 -0.7108901 2.16535
0.17654 -0.6529033 1.970453
-0.5099701 -0.9381691 2.2171
0.1273867 -0.980028 2.036246
-0.4996728 -0.9833106 2.082005
0.1281199 -1.023291 1.901198
9
-0.07125094 -0.424785 2.172095
-0.1558891 -0.4306159 2.135853
0.01583436 -0.4047087 2.135197
-0.3021621 -0.7121 2.166284
0.1813952 -0.6591631 1.967065
-0.5087707 -0.9384895 2.216655
0.1292426 -0.9808425 2.034513
-0.498282 -0.9837762 2.081653
0.1301526 -1.024238 1.899572
9
-0.05980489 -0.4321561 2.170138
-0.1455048 -0.4375565 2.134273
0.02795726 -0.4122181 2.132894
-0.2884477 -0.721534 2.162074
0.1925424 -0.6646717 1.959799
-0.5454873 -1.017792 2.234189
0.1309833 -0.9810307 2.032172
-0.6333942 -1.002311 2.171618
0.1310062 -1.024842 1.89747
9
-0.05980489 -0.4321561 2.170138
-0.1455048 -0.4375565 2.134273
0.02795726 -0.4122181 2.132894
-0.2884477 -0.721534 2.162074
0.1925424 -0.6646717 1.959799
-0.5454873 -1.017792 2.234189
0.1309833 -0.9810307 2.032172
-0.6333942 -1.002311 2.171618
0.1310062 -1.024842 1.89747
9
-0.04772962 -0.4391935 2.168599
-0.1346763 -0.444005 2.133453
0.04091308 -0.4196131 2.130625
-0.2875192 -0.7229127 2.161462
0.2016001 -0.6727357 1.954413
-0.5463363 -1.017552 2.233843
0.1291053 -0.9857473 2.031979
-0.6574525 -1.007085 2.180542
0.1288779 -1.030013 1.897619
9
-0.04772962 -0.4391935 2.168599
-0.1346763 -0.444005 2.133453
0.04091308 -0.4196131 2.130625
-0.2875192 -0.7229127 2.161462
0.2016001 -0.6727357 1.954413
-0.5463363 -1.017552 2.233843
0.1291053 -0.9857473 2.031979
-0.6574525 -1.007085 2.180542
0.1288779 -1.030013 1.897619
9
-0.03748222 -0.4455328 2.167089
-0.125049 -0.4500304 2.132823
0.05142888 -0.426048 2.12826
-0.2872546 -0.7236764 2.161348
0.2106406 -0.6782674 1.948846
-0.5476821 -1.016854 2.233899
0.1290895 -0.9874195 2.031149
-0.6582101 -1.00623 2.178758
0.1278974 -1.032051 1.897039
9
-0.03748222 -0.4455328 2.167089
-0.125049 -0.4500304 2.132823
0.05142888 -0.426048 2.12826
-0.2872546 -0.7236764 2.161348
0.2106406 -0.6782674 1.948846
-0.5476821 -1.016854 2.233899
0.1290895 -0.9874195 2.031149
-0.6582101 -1.00623 2.178758
0.1278974 -1.032051 1.897039
9
-0.02992645 -0.4500421 2.165611
-0.1171149 -0.454913 2.132052
0.05837758 -0.4300541 2.126173
-0.2852736 -0.7250482 2.160946
0.218076 -0.680696 1.944453
-0.548522 -1.015619 2.233852
0.1294443 -0.9884535 2.031067
-0.640814 -1.002337 2.170796
0.1267322 -1.03353 1.897236
9
-0.02992645 -0.4500421 2.165611
-0.1171149 -0.454913 2.132052
0.05837758 -0.4300541 2.126173
-0.2852736 -0.7250482 2.160946
0.218076 -0.680696 1.944453
-0.548522 -1.015619 2.233852
0.1294443 -0.9884535 2.031067
-0.640814 -1.002337 2.170796
0.1267322 -1.03353 1.897236
9
-0.02522501 -0.4535983 2.164391
-0.1128784 -0.4580475 2.131377
0.06337392 -0.43391 2.124383
-0.2835323 -0.7266986 2.160504
0.2237411 -0.6833245 1.941213
-0.5485595 -1.015575 2.233706
0.1293597 -0.9886522 2.031037
-0.6398351 -1.001485 2.17097
0.1258492 -1.034069 1.897422
9
-0.02522501 -0.4535983 2.164391
-0.1128784 -0.4580475 2.131377
0.06337392 -0.43391 2.124383
-0.2835323 -0.7266986 2.160504
0.2237411 -0.6833245 1.941213
-0.5485595 -1.015575 2.233706
0.1293597 -0.9886522 2.031037
-0.6398351 -1.001485 2.17097
0.1258492 -1.034069 1.897422
9
-0.02084917 -0.4570003 2.162653
-0.1082856 -0.4610863 2.129746
0.06736154 -0.4375323 2.122584
-0.2817918 -0.7277284 2.160062
0.2300921 -0.6844575 1.937667
-0.54802 -1.015458 2.233451
0.1289433 -0.9899113 2.030962
-0.6385845 -1.001156 2.170471
0.1249706 -1.035429 1.897435
9
-0.02084917 -0.4570003 2.162653
-0.1082856 -0.4610863 2.129746
0.06736154 -0.4375323 2.122584
-0.2817918 -0.7277284 2.160062
0.2300921 -0.6844575 1.937667
-0.54802 -1.015458 2.233451
0.1289433 -0.9899113 2.030962
-0.6385845 -1.001156 2.170471
0.1249706 -1.035429 1.897435
9
-0.01884053 -0.4590119 2.161722
-0.1063919 -0.4629316 2.129043
0.06940323 -0.4396311 2.121438
-0.2797136 -0.7297621 2.159448
0.2341655 -0.6846662 1.935444
-0.5020381 -0.9443731 2.214666
0.134712 -0.9845461 2.025241
-0.6178945 -0.9863017 2.169611
0.1302069 -1.030209 1.891779
9
-0.01884053 -0.4590119 2.161722
-0.1063919 -0.4629316 2.129043
0.06940323 -0.4396311 2.121438
-0.2797136 -0.7297621 2.159448
0.2341655 -0.6846662 1.935444
-0.5020381 -0.9443731 2.214666
0.134712 -0.9845461 2.025241
-0.6178945 -0.9863017 2.169611
0.1302069 -1.030209 1.891779
9
-0.0173986 -0.460484 2.16078
-0.1050326 -0.4639706 2.128692
0.070912 -0.4416271 2.119726
-0.2784511 -0.730724 2.159534
0.2368221 -0.6863137 1.934324
-0.4998246 -0.944006 2.214183
0.1328958 -0.9866751 2.026844
-0.6165592 -0.9839394 2.168841
0.1277951 -1.032374 1.893445
9
-0.0173986 -0.460484 2.16078
-0.1050326 -0.4639706 2.128692
0.070912 -0.4416271 2.119726
-0.2784511 -0.730724 2.159534
0.2368221 -0.6863137 1.934324
-0.4998246 -0.944006 2.214183
0.1328958 -0.9866751 2.026844
-0.6165592 -0.9839394 2.168841
0.1277951 -1.032374 1.893445
9
-0.01694165 -0.4611522 2.160104
-0.1044966 -0.4644418 2.128113
0.0712479 -0.4424528 2.118992
-0.2766421 -0.7321236 2.158883
0.2388279 -0.6860889 1.933525
-0.4999588 -0.9442852 2.214193
0.131659 -0.9876087 2.027958
-0.6165634 -0.9842976 2.168086
0.1260241 -1.033328 1.894606
9
-0.01694165 -0.4611522 2.160104
-0.1044966 -0.4644418 2.128113
0.0712479 -0.4424528 2.118992
-0.2766421 -0.7321236 2.158883
0.2388279 -0.6860889 1.933525
-0.4999588 -0.9442852 2.214193
0.131659 -0.9876087 2.027958
-0.6165634 -0.9842976 2.168086
0.1260241 -1.033328 1.894606
9
-0.0166072 -0.4614145 2.159848
-0.1041799 -0.4646238 2.128007
0.07158397 -0.4427862 2.118569
-0.2764149 -0.7324348 2.15849
0.2398782 -0.6859353 1.932911
-0.4997656 -0.9443053 2.214202
0.1316087 -0.9876457 2.027909
-0.6164399 -0.9840851 2.167845
0.1257528 -1.03336 1.894568
9
-0.01658169 -0.4612315 2.159568
-0.1040844 -0.4644196 2.127661
0.07154929 -0.4426141 2.11836
-0.2761159 -0.7323558 2.15855
0.2400771 -0.6857684 1.932771
-0.4867488 -0.9296138 2.2107
0.1337873 -0.9844026 2.025831
-0.4833954 -0.9774109 2.077154
0.1277695 -1.030152 1.892486
9
-0.01658169 -0.4612315 2.159568
-0.1040844 -0.4644196 2.127661
0.07154929 -0.4426141 2.11836
-0.2761159 -0.7323558 2.15855
0.2400771 -0.6857684 1.932771
-0.4867488 -0.9296138 2.2107
0.1337873 -0.9844026 2.025831
-0.4833954 -0.9774109 2.077154
0.1277695 -1.030152 1.892486
9
-0.01705561 -0.4606069 2.159073
-0.1043778 -0.4636513 2.12706
0.07088526 -0.4420875 2.117962
-0.276166 -0.7317268 2.158412
0.2398829 -0.6854683 1.933066
-0.4865183 -0.9291801 2.210884
0.1289207 -0.988408 2.030876
-0.4834061 -0.9769314 2.077312
0.1227487 -1.034083 1.897515
9
-0.01705561 -0.4606069 2.159073
-0.1043778 -0.4636513 2.12706
0.07088526 -0.4420875 2.117962
-0.276166 -0.7317268 2.158412
0.2398829 -0.6854683 1.933066
-0.4865183 -0.9291801 2.210884
0.1289207 -0.988408 2.030876
-0.4834061 -0.9769314 2.077312
0.1227487 -1.034083 1.897515
9
-0.0184201 -0.4587691 2.158597
-0.1053822 -0.4618618 2.126743
0.06914598 -0.4402165 2.117339
-0.2762947 -0.7305767 2.158233
0.2381943 -0.6847162 1.934122
-0.491462 -0.9378473 2.212417
0.1294376 -0.9895021 2.030678
-0.6078376 -0.9791877 2.168486
0.1225353 -1.035038 1.897275
9
-0.0184201 -0.4587691 2.158597
-0.1053822 -0.4618618 2.126743
0.06914598 -0.4402165 2.117339
-0.2762947 -0.7305767 2.158233
0.2381943 -0.6847162 1.934122
-0.491462 -0.9378473 2.212417
0.1294376 -0.9895021 2.030678
-0.6078376 -0.9791877 2.168486
0.1225353 -1.035038 1.897275
9
-0.0216025 -0.4549544 2.158387
-0.1082532 -0.4580981 2.126586
0.06576365 -0.4364587 2.117111
-0.2776898 -0.727792 2.158402
0.2345627 -0.6824788 1.935829
-0.4900023 -0.9349214 2.212438
0.1322561 -0.9866598 2.028294
-0.6059049 -0.9774991 2.168915
0.1251509 -1.031999 1.894743
9
-0.0216025 -0.4549544 2.158387
-0.1082532 -0.4580981 2.126586
0.06576365 -0.4364587 2.117111
-0.2776898 -0.727792 2.158402
0.2345627 -0.6824788 1.935829
-0.4900023 -0.9349214 2.212438
0.1322561 -0.9866598 2.028294
-0.6059049 -0.9774991 2.168915
0.1251509 -1.031999 1.894743
9
-0.0216025 -0.4549544 2.158387
-0.1082532 -0.4580981 2.126586
0.06576365 -0.4364587 2.117111
-0.2776898 -0.727792 2.158402
0.2345627 -0.6824788 1.935829
-0.4900023 -0.9349214 2.212438
0.1322561 -0.9866598 2.028294
-0.6059049 -0.9774991 2.168915
0.1251509 -1.031999 1.894743
9
-0.0216025 -0.4549544 2.158387
-0.1082532 -0.4580981 2.126586
0.06576365 -0.4364587 2.117111
-0.2776898 -0.727792 2.158402
0.2345627 -0.6824788 1.935829
-0.4900023 -0.9349214 2.212438
0.1322561 -0.9866598 2.028294
-0.6059049 -0.9774991 2.168915
0.1251509 -1.031999 1.894743
9
-0.03765103 -0.442704 2.158188
-0.1233647 -0.4456573 2.126513
0.04933034 -0.4247789 2.116794
-0.2877782 -0.7183921 2.15896
0.2201719 -0.6742802 1.943358
-0.4935579 -0.9368265 2.212976
0.1346278 -0.9847232 2.026885
-0.6093519 -0.9794337 2.168889
0.1266101 -1.029275 1.89288
