40
9
-0.2083074 -0.06729839 1.842168
-0.2814952 -0.06581067 1.790238
-0.1268442 -0.06626176 1.821004
-0.4245942 -0.3999836 1.765811
0.01116174 -0.3866724 1.774784
-0.5661461 -0.7314245 1.769376
0.03923196 -0.7446137 1.75932
-0.5377578 -0.7667574 1.65843
0.07806372 -0.803462 1.697577
9
-0.1984014 -0.07135521 1.845153
-0.2713287 -0.07106482 1.793154
-0.1175647 -0.06899922 1.823995
-0.4192199 -0.4037513 1.766973
0.03004617 -0.3857382 1.774441
-0.5670315 -0.7322765 1.769629
0.04056026 -0.7445784 1.76004
-0.5385286 -0.7675548 1.6587
0.07889342 -0.8030864 1.697944
9
-0.1984014 -0.07135521 1.845153
-0.2713287 -0.07106482 1.793154
-0.1175647 -0.06899922 1.823995
-0.4192199 -0.4037513 1.766973
0.03004617 -0.3857382 1.774441
-0.5670315 -0.7322765 1.769629
0.04056026 -0.7445784 1.76004
-0.5385286 -0.7675548 1.6587
0.07889342 -0.8030864 1.697944
9
-0.1984014 -0.07135521 1.845153
-0.2713287 -0.07106482 1.793154
-0.1175647 -0.06899922 1.823995
-0.4192199 -0.4037513 1.766973
0.03004617 -0.3857382 1.774441
-0.5670315 -0.7322765 1.769629
0.04056026 -0.7445784 1.76004
-0.5385286 -0.7675548 1.6587
0.07889342 -0.8030864 1.697944
9
-0.1984014 -0.07135521 1.845153
-0.2713287 -0.07106482 1.793154
-0.1175647 -0.06899922 1.823995
-0.4192199 -0.4037513 1.766973
0.03004617 -0.3857382 1.774441
-0.5670315 -0.7322765 1.769629
0.04056026 -0.7445784 1.76004
-0.5385286 -0.7675548 1.6587
0.07889342 -0.8030864 1.697944
9
-0.1539707 -0.08871353 1.852831
-0.225942 -0.09100433 1.800622
-0.07593387 -0.08305382 1.831687
-0.3939105 -0.4195973 1.770083
0.07920033 -0.38786 1.770339
-0.5671455 -0.7334056 1.769685
0.04547789 -0.745475 1.759269
-0.5384185 -0.7687185 1.658861
0.08304632 -0.8039801 1.698031
9
-0.1539707 -0.08871353 1.852831
-0.225942 -0.09100433 1.800622
-0.07593387 -0.08305382 1.831687
-0.3939105 -0.4195973 1.770083
0.07920033 -0.38786 1.770339
-0.5671455 -0.7334056 1.769685
0.04547789 -0.745475 1.759269
-0.5384185 -0.7687185 1.658861
0.08304632 -0.8039801 1.698031
9
-0.1539707 -0.08871353 1.852831
-0.225942 -0.09100433 1.800622
-0.07593387 -0.08305382 1.831687
-0.3939105 -0.4195973 1.770083
0.07920033 -0.38786 1.770339
-0.5671455 -0.7334056 1.769685
0.04547789 -0.745475 1.759269
-0.5384185 -0.7687185 1.658861
0.08304632 -0.8039801 1.698031
9
-0.1539707 -0.08871353 1.852831
-0.225942 -0.09100433 1.800622
-0.07593387 -0.08305382 1.831687
-0.3939105 -0.4195973 1.770083
0.07920033 -0.38786 1.770339
-0.5671455 -0.7334056 1.769685
0.04547789 -0.745475 1.759269
-0.5384185 -0.7687185 1.658861
0.08304632 -0.8039801 1.698031
9
-0.1243409 -0.1050948 1.853893
-0.199082 -0.1067973 1.800666
-0.04464404 -0.09924415 1.833793
-0.3603192 -0.4225568 1.773385
0.1033552 -0.3882513 1.766196
-0.563889 -0.733914 1.769287
0.0550402 -0.7492794 1.757602
-0.5345797 -0.769707 1.658926
0.08885373 -0.8072847 1.698825
9
-0.1243409 -0.1050948 1.853893
-0.199082 -0.1067973 1.800666
-0.04464404 -0.09924415 1.833793
-0.3603192 -0.4225568 1.773385
0.1033552 -0.3882513 1.766196
-0.563889 -0.733914 1.769287
0.0550402 -0.7492794 1.757602
-0.5345797 -0.769707 1.658926
0.08885373 -0.8072847 1.698825
9
-0.1117972 -0.1124317 1.852647
-0.1859885 -0.1141571 1.798692
-0.03316443 -0.1062572 1.833192
-0.3484976 -0.424104 1.77331
0.1209759 -0.393714 1.761444
-0.5585526 -0.7343968 1.76924
0.05739961 -0.7509169 1.756371
-0.5292634 -0.7701259 1.658851
0.09865616 -0.8138583 1.698067
9
-0.1117972 -0.1124317 1.852647
-0.1859885 -0.1141571 1.798692
-0.03316443 -0.1062572 1.833192
-0.3484976 -0.424104 1.77331
0.1209759 -0.393714 1.761444
-0.5585526 -0.7343968 1.76924
0.05739961 -0.7509169 1.756371
-0.5292634 -0.7701259 1.658851
0.09865616 -0.8138583 1.698067
9
-0.09365245 -0.1238009 1.852145
-0.1676376 -0.1261863 1.798528
-0.01599611 -0.1165302 1.832366
-0.336047 -0.4264267 1.774752
0.1349788 -0.3919937 1.758801
-0.550654 -0.7344082 1.769218
0.05893274 -0.7523543 1.755798
-0.5210666 -0.7702976 1.659003
0.1087011 -0.8169495 1.693473
9
-0.09365245 -0.1238009 1.852145
-0.1676376 -0.1261863 1.798528
-0.01599611 -0.1165302 1.832366
-0.336047 -0.4264267 1.774752
0.1349788 -0.3919937 1.758801
-0.550654 -0.7344082 1.769218
0.05893274 -0.7523543 1.755798
-0.5210666 -0.7702976 1.659003
0.1087011 -0.8169495 1.693473
9
-0.08163945 -0.1318921 1.852749
-0.1565771 -0.1336562 1.799154
-0.003504571 -0.124922 1.832937
-0.3242373 -0.4265914 1.775951
0.1502966 -0.397983 1.755536
-0.5478261 -0.7353735 1.769442
0.06051657 -0.7536566 1.753904
-0.5181347 -0.7717046 1.659538
0.1122275 -0.8181605 1.692352
9
-0.08163945 -0.1318921 1.852749
-0.1565771 -0.1336562 1.799154
-0.003504571 -0.124922 1.832937
-0.3242373 -0.4265914 1.775951
0.1502966 -0.397983 1.755536
-0.5478261 -0.7353735 1.769442
0.06051657 -0.7536566 1.753904
-0.5181347 -0.7717046 1.659538
0.1122275 -0.8181605 1.692352
9
-0.07018838 -0.1392506 1.853753
-0.1452359 -0.1408687 1.800058
0.007580422 -0.1321243 1.834041
-0.31585 -0.4284096 1.776082
0.1630862 -0.4034934 1.753524
-0.5531936 -0.750494 1.767498
0.06289002 -0.7540733 1.752452
-0.5224445 -0.7868989 1.658171
0.1145925 -0.8189837 1.691692
9
-0.07018838 -0.1392506 1.853753
-0.1452359 -0.1408687 1.800058
0.007580422 -0.1321243 1.834041
-0.31585 -0.4284096 1.776082
0.1630862 -0.4034934 1.753524
-0.5531936 -0.750494 1.767498
0.06289002 -0.7540733 1.752452
-0.5224445 -0.7868989 1.658171
0.1145925 -0.8189837 1.691692
9
-0.05773658 -0.1483459 1.854834
-0.1319038 -0.1497548 1.801392
0.01872288 -0.1410738 1.834898
-0.3051531 -0.4287059 1.7753
0.1771635 -0.4101225 1.7525
-0.5529002 -0.7529992 1.767168
0.06465098 -0.7559092 1.750524
-0.522922 -0.7896736 1.65786
0.1142036 -0.8188369 1.691755
9
-0.05773658 -0.1483459 1.854834
-0.1319038 -0.1497548 1.801392
0.01872288 -0.1410738 1.834898
-0.3051531 -0.4287059 1.7753
0.1771635 -0.4101225 1.7525
-0.5529002 -0.7529992 1.767168
0.06465098 -0.7559092 1.750524
-0.522922 -0.7896736 1.65786
0.1142036 -0.8188369 1.691755
9
-0.04386084 -0.1556551 1.853413
-0.1179173 -0.1576266 1.799736
0.03188992 -0.1475435 1.833709
-0.2985191 -0.4301156 1.774605
0.1895102 -0.416646 1.750648
-0.5515112 -0.753854 1.765969
0.06577811 -0.7565151 1.749697
-0.5205981 -0.7906375 1.65701
0.1144961 -0.8182516 1.692361
9
-0.04386084 -0.1556551 1.853413
-0.1179173 -0.1576266 1.799736
0.03188992 -0.1475435 1.833709
-0.2985191 -0.4301156 1.774605
0.1895102 -0.416646 1.750648
-0.5515112 -0.753854 1.765969
0.06577811 -0.7565151 1.749697
-0.5205981 -0.7906375 1.65701
0.1144961 -0.8182516 1.692361
9
-0.04386084 -0.1556551 1.853413
-0.1179173 -0.1576266 1.799736
0.03188992 -0.1475435 1.833709
-0.2985191 -0.4301156 1.774605
0.1895102 -0.416646 1.750648
-0.5515112 -0.753854 1.765969
0.06577811 -0.7565151 1.749697
-0.5205981 -0.7906375 1.65701
0.1144961 -0.8182516 1.692361
9
-0.04386084 -0.1556551 1.853413
-0.1179173 -0.1576266 1.799736
0.03188992 -0.1475435 1.833709
-0.2985191 -0.4301156 1.774605
0.1895102 -0.416646 1.750648
-0.5515112 -0.753854 1.765969
0.06577811 -0.7565151 1.749697
-0.5205981 -0.7906375 1.65701
0.1144961 -0.8182516 1.692361
9
-0.04386084 -0.1556551 1.853413
-0.1179173 -0.1576266 1.799736
0.03188992 -0.1475435 1.833709
-0.2985191 -0.4301156 1.774605
0.1895102 -0.416646 1.750648
-0.5515112 -0.753854 1.765969
0.06577811 -0.7565151 1.749697
-0.5205981 -0.7906375 1.65701
0.1144961 -0.8182516 1.692361
9
-0.04386084 -0.1556551 1.853413
-0.1179173 -0.1576266 1.799736
0.03188992 -0.1475435 1.833709
-0.2985191 -0.4301156 1.774605
0.1895102 -0.416646 1.750648
-0.5515112 -0.753854 1.765969
0.06577811 -0.7565151 1.749697
-0.5205981 -0.7906375 1.65701
0.1144961 -0.8182516 1.692361
9
-0.04386084 -0.1556551 1.853413
-0.1179173 -0.1576266 1.799736
0.03188992 -0.1475435 1.833709
-0.2985191 -0.4301156 1.774605
0.1895102 -0.416646 1.750648
-0.5515112 -0.753854 1.765969
0.06577811 -0.7565151 1.749697
-0.5205981 -0.7906375 1.65701
0.1144961 -0.8182516 1.692361
9
-0.02512628 -0.1668483 1.852917
-0.10051 -0.1678027 1.799645
0.05121268 -0.1593237 1.832811
-0.2874167 -0.4323407 1.773589
0.2096903 -0.4278007 1.752614
-0.54918 -0.7549949 1.765085
0.06722964 -0.7569503 1.748981
-0.5166149 -0.7923816 1.65703
0.1149843 -0.818265 1.691754
9
-0.01497972 -0.1667897 1.885656
-0.08781428 -0.1686926 1.833858
0.05856433 -0.1584599 1.864262
-0.2760032 -0.429216 1.773086
0.2105042 -0.424011 1.751806
-0.488143 -0.7062283 1.770544
0.07151739 -0.7551211 1.748007
-0.456706 -0.7468683 1.663647
0.1154429 -0.8181272 1.690632
9
-0.01497972 -0.1667897 1.885656
-0.08781428 -0.1686926 1.833858
0.05856433 -0.1584599 1.864262
-0.2760032 -0.429216 1.773086
0.2105042 -0.424011 1.751806
-0.488143 -0.7062283 1.770544
0.07151739 -0.7551211 1.748007
-0.456706 -0.7468683 1.663647
0.1154429 -0.8181272 1.690632
9
-0.01497972 -0.1667897 1.885656
-0.08781428 -0.1686926 1.833858
0.05856433 -0.1584599 1.864262
-0.2760032 -0.429216 1.773086
0.2105042 -0.424011 1.751806
-0.488143 -0.7062283 1.770544
0.07151739 -0.7551211 1.748007
-0.456706 -0.7468683 1.663647
0.1154429 -0.8181272 1.690632
9
-0.01497972 -0.1667897 1.885656
-0.08781428 -0.1686926 1.833858
0.05856433 -0.1584599 1.864262
-0.2760032 -0.429216 1.773086
0.2105042 -0.424011 1.751806
-0.488143 -0.7062283 1.770544
0.07151739 -0.7551211 1.748007
-0.456706 -0.7468683 1.663647
0.1154429 -0.8181272 1.690632
9
-0.01497972 -0.1667897 1.885656
-0.08781428 -0.1686926 1.833858
0.05856433 -0.1584599 1.864262
-0.2760032 -0.429216 1.773086
0.2105042 -0.424011 1.751806
-0.488143 -0.7062283 1.770544
0.07151739 -0.7551211 1.748007
-0.456706 -0.7468683 1.663647
0.1154429 -0.8181272 1.690632
9
-0.01600171 -0.1751125 1.894158
-0.08731829 -0.1781464 1.845713
0.05632241 -0.165559 1.87004
-0.2947793 -0.411407 1.776443
0.2574331 -0.3887035 1.736676
-0.5089269 -0.7218304 1.768963
0.07740501 -0.753493 1.746542
-0.4772815 -0.7628546 1.662649
0.1055243 -0.8098754 1.689054
9
-0.01600171 -0.1751125 1.894158
-0.08731829 -0.1781464 1.845713
0.05632241 -0.165559 1.87004
-0.2947793 -0.411407 1.776443
0.2574331 -0.3887035 1.736676
-0.5089269 -0.7218304 1.768963
0.07740501 -0.753493 1.746542
-0.4772815 -0.7628546 1.662649
0.1055243 -0.8098754 1.689054
9
-0.01645082 -0.1759518 1.89574
-0.08771753 -0.1788261 1.847719
0.05579882 -0.1664197 1.871075
-0.2982263 -0.4091646 1.776993
0.258169 -0.3875667 1.73569
-0.5224671 -0.7313386 1.766845
0.07962148 -0.7526214 1.746168
-0.4906461 -0.7723427 1.660726
0.0999921 -0.8124053 1.69066
9
-0.01645082 -0.1759518 1.89574
-0.08771753 -0.1788261 1.847719
0.05579882 -0.1664197 1.871075
-0.2982263 -0.4091646 1.776993
0.258169 -0.3875667 1.73569
-0.5224671 -0.7313386 1.766845
0.07962148 -0.7526214 1.746168
-0.4906461 -0.7723427 1.660726
0.0999921 -0.8124053 1.69066
9
-0.02009057 -0.1758182 1.897259
-0.09160578 -0.1780594 1.849659
0.05231211 -0.1668285 1.87209
-0.3020388 -0.4081023 1.776551
0.2575631 -0.3843868 1.734429
-0.5237979 -0.7324796 1.766553
0.1252771 -0.8005669 1.724283
-0.4919817 -0.7736611 1.66059
0.05990814 -0.8352888 1.695011
9
-0.02009057 -0.1758182 1.897259
-0.09160578 -0.1780594 1.849659
0.05231211 -0.1668285 1.87209
-0.3020388 -0.4081023 1.776551
0.2575631 -0.3843868 1.734429
-0.5237979 -0.7324796 1.766553
0.1252771 -0.8005669 1.724283
-0.4919817 -0.7736611 1.66059
0.05990814 -0.8352888 1.695011
