40
9
-0.167132 -0.07894272 1.905235
-0.2382606 -0.08372514 1.864637
-0.08958505 -0.07117592 1.872537
-0.4218797 -0.3437788 1.81175
0.06296828 -0.3400328 1.738428
-0.5452926 -0.7659828 1.83596
0.09956035 -0.7785191 1.669803
-0.5308816 -0.8097709 1.727618
0.1206626 -0.8182793 1.582124
9
-0.167132 -0.07894272 1.905235
-0.2382606 -0.08372514 1.864637
-0.08958505 -0.07117592 1.872537
-0.4218797 -0.3437788 1.81175
0.06296828 -0.3400328 1.738428
-0.5452926 -0.7659828 1.83596
0.09956035 -0.7785191 1.669803
-0.5308816 -0.8097709 1.727618
0.1206626 -0.8182793 1.582124
9
-0.1615782 -0.08222706 1.903975
-0.2325994 -0.08699752 1.863706
-0.08431926 -0.07433455 1.870937
-0.4225184 -0.3424946 1.811886
0.07274416 -0.3391839 1.733084
-0.5467584 -0.764439 1.836312
0.09932055 -0.7789847 1.669491
-0.5327326 -0.8080363 1.727771
0.121787 -0.8184114 1.582073
9
-0.1615782 -0.08222706 1.903975
-0.2325994 -0.08699752 1.863706
-0.08431926 -0.07433455 1.870937
-0.4225184 -0.3424946 1.811886
0.07274416 -0.3391839 1.733084
-0.5467584 -0.764439 1.836312
0.09932055 -0.7789847 1.669491
-0.5327326 -0.8080363 1.727771
0.121787 -0.8184114 1.582073
9
-0.1536906 -0.08718617 1.902223
-0.2247753 -0.09176601 1.862577
-0.07663853 -0.07928934 1.868529
-0.4187142 -0.344286 1.811359
0.09026529 -0.3358623 1.7252
-0.5480569 -0.7645841 1.836444
0.1005438 -0.7771461 1.669062
-0.5343221 -0.8079752 1.727734
0.1204977 -0.8192293 1.58328
9
-0.1536906 -0.08718617 1.902223
-0.2247753 -0.09176601 1.862577
-0.07663853 -0.07928934 1.868529
-0.4187142 -0.344286 1.811359
0.09026529 -0.3358623 1.7252
-0.5480569 -0.7645841 1.836444
0.1005438 -0.7771461 1.669062
-0.5343221 -0.8079752 1.727734
0.1204977 -0.8192293 1.58328
9
-0.1357702 -0.09620526 1.897881
-0.2065158 -0.101812 1.857708
-0.05974602 -0.08695336 1.864665
-0.4101411 -0.3467145 1.811042
0.1133109 -0.3349804 1.711824
-0.5495254 -0.7635764 1.837515
0.1074558 -0.7770736 1.663889
-0.5356711 -0.8065787 1.728506
0.1179557 -0.8265018 1.583853
9
-0.1357702 -0.09620526 1.897881
-0.2065158 -0.101812 1.857708
-0.05974602 -0.08695336 1.864665
-0.4101411 -0.3467145 1.811042
0.1133109 -0.3349804 1.711824
-0.5495254 -0.7635764 1.837515
0.1074558 -0.7770736 1.663889
-0.5356711 -0.8065787 1.728506
0.1179557 -0.8265018 1.583853
9
-0.1357702 -0.09620526 1.897881
-0.2065158 -0.101812 1.857708
-0.05974602 -0.08695336 1.864665
-0.4101411 -0.3467145 1.811042
0.1133109 -0.3349804 1.711824
-0.5495254 -0.7635764 1.837515
0.1074558 -0.7770736 1.663889
-0.5356711 -0.8065787 1.728506
0.1179557 -0.8265018 1.583853
9
-0.1213915 -0.1034665 1.895712
-0.1913841 -0.1102374 1.855451
-0.04665104 -0.09281152 1.862579
-0.397632 -0.3530549 1.80856
0.1333447 -0.3314105 1.701159
-0.5482756 -0.7656547 1.837148
0.1100742 -0.773549 1.661458
-0.5344688 -0.8086656 1.728179
0.1194187 -0.8273494 1.587609
9
-0.09896494 -0.1123255 1.890174
-0.1712882 -0.1191397 1.850833
-0.02270189 -0.1011365 1.856042
-0.3438395 -0.3873848 1.80979
0.1531078 -0.3385975 1.687603
-0.4966426 -0.7166105 1.838422
0.1152098 -0.7800091 1.653844
-0.48377 -0.7600486 1.728776
0.1189815 -0.8367295 1.584374
9
-0.09896494 -0.1123255 1.890174
-0.1712882 -0.1191397 1.850833
-0.02270189 -0.1011365 1.856042
-0.3438395 -0.3873848 1.80979
0.1531078 -0.3385975 1.687603
-0.4966426 -0.7166105 1.838422
0.1152098 -0.7800091 1.653844
-0.48377 -0.7600486 1.728776
0.1189815 -0.8367295 1.584374
9
-0.08096246 -0.1205001 1.886314
-0.1529405 -0.1280735 1.846782
-0.005815885 -0.1082527 1.852397
-0.3480054 -0.3804044 1.805632
0.1689765 -0.3432044 1.678794
-0.4938894 -0.7166563 1.836583
0.1211275 -0.783746 1.647019
-0.4807458 -0.7600021 1.726863
0.123182 -0.8243624 1.537395
9
-0.08096246 -0.1205001 1.886314
-0.1529405 -0.1280735 1.846782
-0.005815885 -0.1082527 1.852397
-0.3480054 -0.3804044 1.805632
0.1689765 -0.3432044 1.678794
-0.4938894 -0.7166563 1.836583
0.1211275 -0.783746 1.647019
-0.4807458 -0.7600021 1.726863
0.123182 -0.8243624 1.537395
9
-0.08096246 -0.1205001 1.886314
-0.1529405 -0.1280735 1.846782
-0.005815885 -0.1082527 1.852397
-0.3480054 -0.3804044 1.805632
0.1689765 -0.3432044 1.678794
-0.4938894 -0.7166563 1.836583
0.1211275 -0.783746 1.647019
-0.4807458 -0.7600021 1.726863
0.123182 -0.8243624 1.537395
9
-0.08096246 -0.1205001 1.886314
-0.1529405 -0.1280735 1.846782
-0.005815885 -0.1082527 1.852397
-0.3480054 -0.3804044 1.805632
0.1689765 -0.3432044 1.678794
-0.4938894 -0.7166563 1.836583
0.1211275 -0.783746 1.647019
-0.4807458 -0.7600021 1.726863
0.123182 -0.8243624 1.537395
9
-0.08096246 -0.1205001 1.886314
-0.1529405 -0.1280735 1.846782
-0.005815885 -0.1082527 1.852397
-0.3480054 -0.3804044 1.805632
0.1689765 -0.3432044 1.678794
-0.4938894 -0.7166563 1.836583
0.1211275 -0.783746 1.647019
-0.4807458 -0.7600021 1.726863
0.123182 -0.8243624 1.537395
9
-0.04022453 -0.1476182 1.877388
-0.1136528 -0.1549947 1.838979
0.03478944 -0.1344679 1.842378
-0.3413666 -0.3784819 1.800567
0.2124498 -0.3564826 1.653402
-0.5416008 -0.7685545 1.833918
0.09096097 -0.7431718 1.66938
-0.5268072 -0.811246 1.724777
0.119878 -0.799253 1.603416
9
-0.03695073 -0.1486197 1.876415
-0.1103051 -0.1557859 1.838053
0.03787152 -0.1356379 1.841359
-0.3332349 -0.3841511 1.79721
0.2175716 -0.3561872 1.652712
-0.537536 -0.7720169 1.831038
0.09908772 -0.7366884 1.663765
-0.5876055 -0.8117952 1.783633
0.1204221 -0.7995678 1.602938
9
-0.03695073 -0.1486197 1.876415
-0.1103051 -0.1557859 1.838053
0.03787152 -0.1356379 1.841359
-0.3332349 -0.3841511 1.79721
0.2175716 -0.3561872 1.652712
-0.537536 -0.7720169 1.831038
0.09908772 -0.7366884 1.663765
-0.5876055 -0.8117952 1.783633
0.1204221 -0.7995678 1.602938
9
-0.03695073 -0.1486197 1.876415
-0.1103051 -0.1557859 1.838053
0.03787152 -0.1356379 1.841359
-0.3332349 -0.3841511 1.79721
0.2175716 -0.3561872 1.652712
-0.537536 -0.7720169 1.831038
0.09908772 -0.7366884 1.663765
-0.5876055 -0.8117952 1.783633
0.1204221 -0.7995678 1.602938
9
-0.03695073 -0.1486197 1.876415
-0.1103051 -0.1557859 1.838053
0.03787152 -0.1356379 1.841359
-0.3332349 -0.3841511 1.79721
0.2175716 -0.3561872 1.652712
-0.537536 -0.7720169 1.831038
0.09908772 -0.7366884 1.663765
-0.5876055 -0.8117952 1.783633
0.1204221 -0.7995678 1.602938
9
-0.001161087 -0.1715337 1.869496
-0.07514108 -0.1795556 1.830446
0.0728717 -0.1568157 1.835185
-0.3204955 -0.3841715 1.79273
0.2544468 -0.3724031 1.643066
-0.5366893 -0.765155 1.829524
0.1063391 -0.7355393 1.661809
-0.5222571 -0.8083167 1.720582
0.1211449 -0.800213 1.602882
9
-0.001161087 -0.1715337 1.869496
-0.07514108 -0.1795556 1.830446
0.0728717 -0.1568157 1.835185
-0.3204955 -0.3841715 1.79273
0.2544468 -0.3724031 1.643066
-0.5366893 -0.765155 1.829524
0.1063391 -0.7355393 1.661809
-0.5222571 -0.8083167 1.720582
0.1211449 -0.800213 1.602882
9
0.002097803 -0.1754218 1.868877
-0.07183291 -0.1832744 1.829329
0.0759792 -0.1607462 1.835072
-0.315935 -0.389396 1.790426
0.2589425 -0.3744281 1.642134
-0.536939 -0.7674829 1.82782
0.1089876 -0.734733 1.660573
-0.5927857 -0.8000447 1.780252
0.121916 -0.8018432 1.604022
9
0.002097803 -0.1754218 1.868877
-0.07183291 -0.1832744 1.829329
0.0759792 -0.1607462 1.835072
-0.315935 -0.389396 1.790426
0.2589425 -0.3744281 1.642134
-0.536939 -0.7674829 1.82782
0.1089876 -0.734733 1.660573
-0.5927857 -0.8000447 1.780252
0.121916 -0.8018432 1.604022
9
0.002097803 -0.1754218 1.868877
-0.07183291 -0.1832744 1.829329
0.0759792 -0.1607462 1.835072
-0.315935 -0.389396 1.790426
0.2589425 -0.3744281 1.642134
-0.536939 -0.7674829 1.82782
0.1089876 -0.734733 1.660573
-0.5927857 -0.8000447 1.780252
0.121916 -0.8018432 1.604022
9
0.002097803 -0.1754218 1.868877
-0.07183291 -0.1832744 1.829329
0.0759792 -0.1607462 1.835072
-0.315935 -0.389396 1.790426
0.2589425 -0.3744281 1.642134
-0.536939 -0.7674829 1.82782
0.1089876 -0.734733 1.660573
-0.5927857 -0.8000447 1.780252
0.121916 -0.8018432 1.604022
9
0.01030105 -0.1838551 1.86672
-0.06376957 -0.1906764 1.826562
0.08400574 -0.169914 1.83359
-0.3003042 -0.4054057 1.784906
0.2687674 -0.3823897 1.641585
-0.5369762 -0.7736435 1.823284
0.1125733 -0.7330967 1.658253
-0.596503 -0.8016491 1.779652
0.1227106 -0.8022349 1.603683
9
0.01030105 -0.1838551 1.86672
-0.06376957 -0.1906764 1.826562
0.08400574 -0.169914 1.83359
-0.3003042 -0.4054057 1.784906
0.2687674 -0.3823897 1.641585
-0.5369762 -0.7736435 1.823284
0.1125733 -0.7330967 1.658253
-0.596503 -0.8016491 1.779652
0.1227106 -0.8022349 1.603683
9
0.01030105 -0.1838551 1.86672
-0.06376957 -0.1906764 1.826562
0.08400574 -0.169914 1.83359
-0.3003042 -0.4054057 1.784906
0.2687674 -0.3823897 1.641585
-0.5369762 -0.7736435 1.823284
0.1125733 -0.7330967 1.658253
-0.596503 -0.8016491 1.779652
0.1227106 -0.8022349 1.603683
9
0.01030105 -0.1838551 1.86672
-0.06376957 -0.1906764 1.826562
0.08400574 -0.169914 1.83359
-0.3003042 -0.4054057 1.784906
0.2687674 -0.3823897 1.641585
-0.5369762 -0.7736435 1.823284
0.1125733 -0.7330967 1.658253
-0.596503 -0.8016491 1.779652
0.1227106 -0.8022349 1.603683
9
0.02057666 -0.1910057 1.866287
-0.05318381 -0.1978473 1.826409
0.0935251 -0.1766978 1.832921
-0.2965662 -0.4050394 1.781739
0.2771336 -0.3874991 1.637704
-0.5366682 -0.771067 1.820176
0.1166516 -0.7323936 1.656006
-0.5993396 -0.8002554 1.769338
0.1240185 -0.8034353 1.603836
9
0.02057666 -0.1910057 1.866287
-0.05318381 -0.1978473 1.826409
0.0935251 -0.1766978 1.832921
-0.2965662 -0.4050394 1.781739
0.2771336 -0.3874991 1.637704
-0.5366682 -0.771067 1.820176
0.1166516 -0.7323936 1.656006
-0.5993396 -0.8002554 1.769338
0.1240185 -0.8034353 1.603836
9
0.02057666 -0.1910057 1.866287
-0.05318381 -0.1978473 1.826409
0.0935251 -0.1766978 1.832921
-0.2965662 -0.4050394 1.781739
0.2771336 -0.3874991 1.637704
-0.5366682 -0.771067 1.820176
0.1166516 -0.7323936 1.656006
-0.5993396 -0.8002554 1.769338
0.1240185 -0.8034353 1.603836
9
0.02057666 -0.1910057 1.866287
-0.05318381 -0.1978473 1.826409
0.0935251 -0.1766978 1.832921
-0.2965662 -0.4050394 1.781739
0.2771336 -0.3874991 1.637704
-0.5366682 -0.771067 1.820176
0.1166516 -0.7323936 1.656006
-0.5993396 -0.8002554 1.769338
0.1240185 -0.8034353 1.603836
9
0.02584505 -0.1921636 1.865284
-0.04854533 -0.1986152 1.82594
0.09928853 -0.1782388 1.831308
-0.2931435 -0.4045022 1.780202
0.280488 -0.3896752 1.634348
-0.5340732 -0.7701017 1.818068
0.1194889 -0.7317322 1.654448
-0.597282 -0.7987025 1.768936
0.1246326 -0.8039113 1.603543
9
0.02584505 -0.1921636 1.865284
-0.04854533 -0.1986152 1.82594
0.09928853 -0.1782388 1.831308
-0.2931435 -0.4045022 1.780202
0.280488 -0.3896752 1.634348
-0.5340732 -0.7701017 1.818068
0.1194889 -0.7317322 1.654448
-0.597282 -0.7987025 1.768936
0.1246326 -0.8039113 1.603543
9
0.0281352 -0.1922492 1.864735
-0.04645069 -0.198553 1.825696
0.1016924 -0.1784662 1.830436
-0.2912546 -0.4042606 1.780161
0.2819059 -0.390205 1.632824
-0.5321462 -0.7700086 1.817319
0.1202285 -0.7318002 1.654119
-0.5955949 -0.7986078 1.771896
0.1259472 -0.8040379 1.603379
9
0.0281352 -0.1922492 1.864735
-0.04645069 -0.198553 1.825696
0.1016924 -0.1784662 1.830436
-0.2912546 -0.4042606 1.780161
0.2819059 -0.390205 1.632824
-0.5321462 -0.7700086 1.817319
0.1202285 -0.7318002 1.654119
-0.5955949 -0.7986078 1.771896
0.1259472 -0.8040379 1.603379
