40
9
-0.136463 -0.4153459 2.307567
-0.2101316 -0.4108297 2.24676
-0.05843594 -0.4067309 2.29517
-0.4110611 -0.6766555 2.195655
0.1266476 -0.6867913 2.26825
-0.6304436 -0.9500806 2.157929
0.04818286 -0.9791037 2.272841
-0.5797455 -0.996791 2.033563
0.08879188 -1.025586 2.147237
9
-0.136463 -0.4153459 2.307567
-0.2101316 -0.4108297 2.24676
-0.05843594 -0.4067309 2.29517
-0.4110611 -0.6766555 2.195655
0.1266476 -0.6867913 2.26825
-0.6304436 -0.9500806 2.157929
0.04818286 -0.9791037 2.272841
-0.5797455 -0.996791 2.033563
0.08879188 -1.025586 2.147237
9
-0.136463 -0.4153459 2.307567
-0.2101316 -0.4108297 2.24676
-0.05843594 -0.4067309 2.29517
-0.4110611 -0.6766555 2.195655
0.1266476 -0.6867913 2.26825
-0.6304436 -0.9500806 2.157929
0.04818286 -0.9791037 2.272841
-0.5797455 -0.996791 2.033563
0.08879188 -1.025586 2.147237
9
-0.136463 -0.4153459 2.307567
-0.2101316 -0.4108297 2.24676
-0.05843594 -0.4067309 2.29517
-0.4110611 -0.6766555 2.195655
0.1266476 -0.6867913 2.26825
-0.6304436 -0.9500806 2.157929
0.04818286 -0.9791037 2.272841
-0.5797455 -0.996791 2.033563
0.08879188 -1.025586 2.147237
9
-0.0904519 -0.4467878 2.320999
-0.1628819 -0.4427075 2.259033
-0.01522639 -0.4367914 2.309808
-0.3893102 -0.6872537 2.198624
0.179682 -0.7096909 2.261563
-0.6203728 -0.950848 2.153947
0.05181058 -0.9791411 2.271418
-0.5696713 -0.9984791 2.030272
0.09249721 -1.026581 2.146527
9
-0.0904519 -0.4467878 2.320999
-0.1628819 -0.4427075 2.259033
-0.01522639 -0.4367914 2.309808
-0.3893102 -0.6872537 2.198624
0.179682 -0.7096909 2.261563
-0.6203728 -0.950848 2.153947
0.05181058 -0.9791411 2.271418
-0.5696713 -0.9984791 2.030272
0.09249721 -1.026581 2.146527
9
-0.08668601 -0.4482587 2.359669
-0.1582309 -0.4454373 2.29829
-0.01248364 -0.437205 2.347909
-0.3811468 -0.6868092 2.19579
0.1786309 -0.7077309 2.252009
-0.6138991 -0.9509846 2.153709
0.05556275 -0.9771875 2.269068
-0.5639468 -1.001816 2.031964
0.09553403 -1.027853 2.146124
9
-0.08310531 -0.4624287 2.366853
-0.1542399 -0.4613947 2.307685
-0.009407482 -0.4493441 2.35318
-0.3979789 -0.6793999 2.196161
0.2459493 -0.6575536 2.241161
-0.6132678 -0.9507138 2.153417
0.1433829 -1.048209 2.244507
-0.5633078 -1.002215 2.032166
0.1820873 -1.098562 2.122555
9
-0.07933174 -0.4704309 2.370578
-0.1505666 -0.4685974 2.311994
-0.005685998 -0.4578464 2.356206
-0.3998878 -0.6789201 2.196025
0.2525481 -0.6601205 2.237597
-0.6086624 -0.9485149 2.154013
0.05956972 -0.9760743 2.268581
-0.5589065 -1.000431 2.032958
0.09935614 -1.027811 2.146353
9
-0.07933174 -0.4704309 2.370578
-0.1505666 -0.4685974 2.311994
-0.005685998 -0.4578464 2.356206
-0.3998878 -0.6789201 2.196025
0.2525481 -0.6601205 2.237597
-0.6086624 -0.9485149 2.154013
0.05956972 -0.9760743 2.268581
-0.5589065 -1.000431 2.032958
0.09935614 -1.027811 2.146353
9
-0.07933174 -0.4704309 2.370578
-0.1505666 -0.4685974 2.311994
-0.005685998 -0.4578464 2.356206
-0.3998878 -0.6789201 2.196025
0.2525481 -0.6601205 2.237597
-0.6086624 -0.9485149 2.154013
0.05956972 -0.9760743 2.268581
-0.5589065 -1.000431 2.032958
0.09935614 -1.027811 2.146353
9
-0.07933174 -0.4704309 2.370578
-0.1505666 -0.4685974 2.311994
-0.005685998 -0.4578464 2.356206
-0.3998878 -0.6789201 2.196025
0.2525481 -0.6601205 2.237597
-0.6086624 -0.9485149 2.154013
0.05956972 -0.9760743 2.268581
-0.5589065 -1.000431 2.032958
0.09935614 -1.027811 2.146353
9
-0.06985415 -0.4818895 2.375543
-0.1412183 -0.4793948 2.317926
0.003631005 -0.469626 2.360195
-0.3983508 -0.6786146 2.196994
0.2659639 -0.6638423 2.235186
-0.5999271 -0.9469528 2.155388
0.07630393 -0.9634674 2.266831
-0.5512671 -0.9995701 2.034365
0.1148702 -1.016041 2.144621
9
-0.06985415 -0.4818895 2.375543
-0.1412183 -0.4793948 2.317926
0.003631005 -0.469626 2.360195
-0.3983508 -0.6786146 2.196994
0.2659639 -0.6638423 2.235186
-0.5999271 -0.9469528 2.155388
0.07630393 -0.9634674 2.266831
-0.5512671 -0.9995701 2.034365
0.1148702 -1.016041 2.144621
9
-0.06985415 -0.4818895 2.375543
-0.1412183 -0.4793948 2.317926
0.003631005 -0.469626 2.360195
-0.3983508 -0.6786146 2.196994
0.2659639 -0.6638423 2.235186
-0.5999271 -0.9469528 2.155388
0.07630393 -0.9634674 2.266831
-0.5512671 -0.9995701 2.034365
0.1148702 -1.016041 2.144621
9
-0.06985415 -0.4818895 2.375543
-0.1412183 -0.4793948 2.317926
0.003631005 -0.469626 2.360195
-0.3983508 -0.6786146 2.196994
0.2659639 -0.6638423 2.235186
-0.5999271 -0.9469528 2.155388
0.07630393 -0.9634674 2.266831
-0.5512671 -0.9995701 2.034365
0.1148702 -1.016041 2.144621
9
-0.06452316 -0.4884743 2.377493
-0.1365104 -0.4851915 2.321424
0.00965583 -0.4770928 2.360565
-0.3956933 -0.6809787 2.198205
0.2770268 -0.6646944 2.236286
-0.5935157 -0.9461917 2.155371
0.07755288 -0.9658569 2.266587
-0.5464475 -0.9991264 2.033905
0.1145983 -1.018717 2.143971
9
-0.06452316 -0.4884743 2.377493
-0.1365104 -0.4851915 2.321424
0.00965583 -0.4770928 2.360565
-0.3956933 -0.6809787 2.198205
0.2770268 -0.6646944 2.236286
-0.5935157 -0.9461917 2.155371
0.07755288 -0.9658569 2.266587
-0.5464475 -0.9991264 2.033905
0.1145983 -1.018717 2.143971
9
-0.06020941 -0.4915642 2.380548
-0.132261 -0.4885435 2.32478
0.01373947 -0.4797031 2.363294
-0.3925588 -0.681998 2.199155
0.2808868 -0.6668497 2.237462
-0.5904964 -0.9459673 2.156344
0.0781854 -0.9668888 2.266147
-0.543038 -0.999101 2.035198
0.1156571 -1.019929 2.143873
9
-0.06020941 -0.4915642 2.380548
-0.132261 -0.4885435 2.32478
0.01373947 -0.4797031 2.363294
-0.3925588 -0.681998 2.199155
0.2808868 -0.6668497 2.237462
-0.5904964 -0.9459673 2.156344
0.0781854 -0.9668888 2.266147
-0.543038 -0.999101 2.035198
0.1156571 -1.019929 2.143873
9
-0.05831164 -0.4930251 2.381895
-0.130635 -0.4899619 2.326452
0.01584803 -0.4811428 2.364341
-0.3908877 -0.6829741 2.199544
0.2835865 -0.66732 2.238257
-0.587152 -0.9457983 2.156593
0.08464035 -0.9590877 2.264268
-0.5402566 -0.9990777 2.035324
0.1214992 -1.012364 2.141849
9
-0.05831164 -0.4930251 2.381895
-0.130635 -0.4899619 2.326452
0.01584803 -0.4811428 2.364341
-0.3908877 -0.6829741 2.199544
0.2835865 -0.66732 2.238257
-0.587152 -0.9457983 2.156593
0.08464035 -0.9590877 2.264268
-0.5402566 -0.9990777 2.035324
0.1214992 -1.012364 2.141849
9
-0.05705648 -0.4938609 2.382353
-0.1296003 -0.490716 2.327294
0.01735921 -0.4820648 2.364425
-0.3899692 -0.6833836 2.199833
0.2852679 -0.6683401 2.239141
-0.5841866 -0.9451963 2.156773
0.08503942 -0.9631305 2.264696
-0.5376778 -0.998534 2.035385
0.1215483 -1.016412 2.142192
9
-0.05705648 -0.4938609 2.382353
-0.1296003 -0.490716 2.327294
0.01735921 -0.4820648 2.364425
-0.3899692 -0.6833836 2.199833
0.2852679 -0.6683401 2.239141
-0.5841866 -0.9451963 2.156773
0.08503942 -0.9631305 2.264696
-0.5376778 -0.998534 2.035385
0.1215483 -1.016412 2.142192
9
-0.05705648 -0.4938609 2.382353
-0.1296003 -0.490716 2.327294
0.01735921 -0.4820648 2.364425
-0.3899692 -0.6833836 2.199833
0.2852679 -0.6683401 2.239141
-0.5841866 -0.9451963 2.156773
0.08503942 -0.9631305 2.264696
-0.5376778 -0.998534 2.035385
0.1215483 -1.016412 2.142192
9
-0.05706292 -0.4939149 2.382531
-0.1296631 -0.4907191 2.327478
0.01740163 -0.4821665 2.364618
-0.3899077 -0.6836517 2.200202
0.2854465 -0.6681893 2.239134
-0.583438 -0.9448851 2.157102
0.08597501 -0.9604926 2.264046
-0.5371839 -0.9982643 2.035634
0.1222257 -1.013841 2.141455
9
-0.05706292 -0.4939149 2.382531
-0.1296631 -0.4907191 2.327478
0.01740163 -0.4821665 2.364618
-0.3899077 -0.6836517 2.200202
0.2854465 -0.6681893 2.239134
-0.583438 -0.9448851 2.157102
0.08597501 -0.9604926 2.264046
-0.5371839 -0.9982643 2.035634
0.1222257 -1.013841 2.141455
9
-0.05730828 -0.4935726 2.382716
-0.1300043 -0.4902413 2.327782
0.01722016 -0.4819178 2.364714
-0.3897063 -0.68391 2.200491
0.2854411 -0.6678218 2.239408
-0.5844772 -0.9458236 2.156443
0.08597668 -0.9626412 2.264408
-0.5382445 -0.9992045 2.034981
0.122191 -1.01598 2.141823
9
-0.05730828 -0.4935726 2.382716
-0.1300043 -0.4902413 2.327782
0.01722016 -0.4819178 2.364714
-0.3897063 -0.68391 2.200491
0.2854411 -0.6678218 2.239408
-0.5844772 -0.9458236 2.156443
0.08597668 -0.9626412 2.264408
-0.5382445 -0.9992045 2.034981
0.122191 -1.01598 2.141823
9
-0.05891238 -0.4925432 2.382762
-0.1318385 -0.4890026 2.32818
0.0157851 -0.4810394 2.364442
-0.3901454 -0.6842859 2.20041
0.2844087 -0.6667945 2.239855
-0.5851263 -0.9464093 2.15629
0.08555327 -0.9638981 2.264634
-0.5389413 -0.9997795 2.034808
0.1217176 -1.017219 2.142029
9
-0.05891238 -0.4925432 2.382762
-0.1318385 -0.4890026 2.32818
0.0157851 -0.4810394 2.364442
-0.3901454 -0.6842859 2.20041
0.2844087 -0.6667945 2.239855
-0.5851263 -0.9464093 2.15629
0.08555327 -0.9638981 2.264634
-0.5389413 -0.9997795 2.034808
0.1217176 -1.017219 2.142029
9
-0.06226322 -0.4900806 2.382112
-0.1352002 -0.4864807 2.327334
0.01253322 -0.4786824 2.363946
-0.3916928 -0.6843845 2.200272
0.2821907 -0.6635807 2.240292
-0.5908687 -0.9486551 2.154523
0.0857297 -0.962495 2.264513
-0.5447409 -1.002003 2.033023
0.1217505 -1.01584 2.141848
9
-0.06226322 -0.4900806 2.382112
-0.1352002 -0.4864807 2.327334
0.01253322 -0.4786824 2.363946
-0.3916928 -0.6843845 2.200272
0.2821907 -0.6635807 2.240292
-0.5908687 -0.9486551 2.154523
0.0857297 -0.962495 2.264513
-0.5447409 -1.002003 2.033023
0.1217505 -1.01584 2.141848
9
-0.06226322 -0.4900806 2.382112
-0.1352002 -0.4864807 2.327334
0.01253322 -0.4786824 2.363946
-0.3916928 -0.6843845 2.200272
0.2821907 -0.6635807 2.240292
-0.5908687 -0.9486551 2.154523
0.0857297 -0.962495 2.264513
-0.5447409 -1.002003 2.033023
0.1217505 -1.01584 2.141848
9
-0.06226322 -0.4900806 2.382112
-0.1352002 -0.4864807 2.327334
0.01253322 -0.4786824 2.363946
-0.3916928 -0.6843845 2.200272
0.2821907 -0.6635807 2.240292
-0.5908687 -0.9486551 2.154523
0.0857297 -0.962495 2.264513
-0.5447409 -1.002003 2.033023
0.1217505 -1.01584 2.141848
9
-0.06226322 -0.4900806 2.382112
-0.1352002 -0.4864807 2.327334
0.01253322 -0.4786824 2.363946
-0.3916928 -0.6843845 2.200272
0.2821907 -0.6635807 2.240292
-0.5908687 -0.9486551 2.154523
0.0857297 -0.962495 2.264513
-0.5447409 -1.002003 2.033023
0.1217505 -1.01584 2.141848
9
-0.07721917 -0.4781969 2.3776
-0.1468572 -0.4771863 2.3231
-0.00563278 -0.4642226 2.359105
-0.4014368 -0.678781 2.199508
0.2613919 -0.6562166 2.242347
-0.5921313 -0.9479485 2.155376
0.07559669 -0.9699225 2.267113
-0.5461313 -0.999624 2.032562
0.1116255 -1.021499 2.143165
9
-0.07721917 -0.4781969 2.3776
-0.1468572 -0.4771863 2.3231
-0.00563278 -0.4642226 2.359105
-0.4014368 -0.678781 2.199508
0.2613919 -0.6562166 2.242347
-0.5921313 -0.9479485 2.155376
0.07559669 -0.9699225 2.267113
-0.5461313 -0.999624 2.032562
0.1116255 -1.021499 2.143165
9
-0.08379497 -0.4745666 2.376935
-0.1530272 -0.4730724 2.322238
-0.0121519 -0.4613394 2.358613
-0.4090019 -0.6736583 2.200432
0.2557359 -0.6523153 2.241478
-0.601369 -0.9493462 2.155302
0.07212865 -0.9711055 2.267813
-0.5550911 -1.000921 2.032518
0.1083588 -1.022575 2.14386
9
-0.08379497 -0.4745666 2.376935
-0.1530272 -0.4730724 2.322238
-0.0121519 -0.4613394 2.358613
-0.4090019 -0.6736583 2.200432
0.2557359 -0.6523153 2.241478
-0.601369 -0.9493462 2.155302
0.07212865 -0.9711055 2.267813
-0.5550911 -1.000921 2.032518
0.1083588 -1.022575 2.14386
