40
9
-0.1382152 -0.08041538 1.817203
-0.2137368 -0.08338945 1.778374
-0.05695976 -0.07425525 1.782527
-0.3493613 -0.4134181 1.800628
0.09453303 -0.3905436 1.676438
-0.518605 -0.7480968 1.830355
0.09408597 -0.7453466 1.652818
-0.5099842 -0.7845577 1.717373
0.1197043 -0.8032289 1.594389
9
-0.1382152 -0.08041538 1.817203
-0.2137368 -0.08338945 1.778374
-0.05695976 -0.07425525 1.782527
-0.3493613 -0.4134181 1.800628
0.09453303 -0.3905436 1.676438
-0.518605 -0.7480968 1.830355
0.09408597 -0.7453466 1.652818
-0.5099842 -0.7845577 1.717373
0.1197043 -0.8032289 1.594389
9
-0.1259382 -0.08631702 1.812229
-0.2012878 -0.09018066 1.774044
-0.04539889 -0.07901886 1.776974
-0.3380852 -0.4123156 1.796398
0.1035491 -0.3893541 1.669421
-0.5182326 -0.7478377 1.83012
0.09500863 -0.7461807 1.651956
-0.5101068 -0.7842281 1.717128
0.1210407 -0.8044388 1.59464
9
-0.1259382 -0.08631702 1.812229
-0.2012878 -0.09018066 1.774044
-0.04539889 -0.07901886 1.776974
-0.3380852 -0.4123156 1.796398
0.1035491 -0.3893541 1.669421
-0.5182326 -0.7478377 1.83012
0.09500863 -0.7461807 1.651956
-0.5101068 -0.7842281 1.717128
0.1210407 -0.8044388 1.59464
9
-0.1147066 -0.09255363 1.808572
-0.1904604 -0.09694374 1.771024
-0.03422331 -0.08444434 1.77267
-0.3337673 -0.4168904 1.794786
0.11547 -0.3899018 1.659777
-0.5177153 -0.747978 1.829632
0.09641502 -0.7478621 1.650019
-0.5102914 -0.7844743 1.716746
0.1265273 -0.8073127 1.590967
9
-0.1147066 -0.09255363 1.808572
-0.1904604 -0.09694374 1.771024
-0.03422331 -0.08444434 1.77267
-0.3337673 -0.4168904 1.794786
0.11547 -0.3899018 1.659777
-0.5177153 -0.747978 1.829632
0.09641502 -0.7478621 1.650019
-0.5102914 -0.7844743 1.716746
0.1265273 -0.8073127 1.590967
9
-0.1027535 -0.1002866 1.804757
-0.1792164 -0.1049616 1.767596
-0.02205892 -0.09153914 1.768457
-0.3266464 -0.426043 1.792431
0.1272766 -0.3925974 1.651268
-0.5163299 -0.7480755 1.828821
0.09840189 -0.7489601 1.647731
-0.5095495 -0.7846568 1.716013
0.1287934 -0.8082157 1.587927
9
-0.1027535 -0.1002866 1.804757
-0.1792164 -0.1049616 1.767596
-0.02205892 -0.09153914 1.768457
-0.3266464 -0.426043 1.792431
0.1272766 -0.3925974 1.651268
-0.5163299 -0.7480755 1.828821
0.09840189 -0.7489601 1.647731
-0.5095495 -0.7846568 1.716013
0.1287934 -0.8082157 1.587927
9
-0.1027535 -0.1002866 1.804757
-0.1792164 -0.1049616 1.767596
-0.02205892 -0.09153914 1.768457
-0.3266464 -0.426043 1.792431
0.1272766 -0.3925974 1.651268
-0.5163299 -0.7480755 1.828821
0.09840189 -0.7489601 1.647731
-0.5095495 -0.7846568 1.716013
0.1287934 -0.8082157 1.587927
9
-0.1027535 -0.1002866 1.804757
-0.1792164 -0.1049616 1.767596
-0.02205892 -0.09153914 1.768457
-0.3266464 -0.426043 1.792431
0.1272766 -0.3925974 1.651268
-0.5163299 -0.7480755 1.828821
0.09840189 -0.7489601 1.647731
-0.5095495 -0.7846568 1.716013
0.1287934 -0.8082157 1.587927
9
-0.1027535 -0.1002866 1.804757
-0.1792164 -0.1049616 1.767596
-0.02205892 -0.09153914 1.768457
-0.3266464 -0.426043 1.792431
0.1272766 -0.3925974 1.651268
-0.5163299 -0.7480755 1.828821
0.09840189 -0.7489601 1.647731
-0.5095495 -0.7846568 1.716013
0.1287934 -0.8082157 1.587927
9
-0.06840264 -0.1230006 1.795645
-0.1453835 -0.1292739 1.757286
0.01141588 -0.1117846 1.760495
-0.3082128 -0.4293115 1.785394
0.1528541 -0.3883413 1.638418
-0.5104299 -0.7464768 1.826814
0.100711 -0.7487853 1.645542
-0.5039513 -0.7833833 1.714177
0.1409871 -0.8130884 1.582717
9
-0.06840264 -0.1230006 1.795645
-0.1453835 -0.1292739 1.757286
0.01141588 -0.1117846 1.760495
-0.3082128 -0.4293115 1.785394
0.1528541 -0.3883413 1.638418
-0.5104299 -0.7464768 1.826814
0.100711 -0.7487853 1.645542
-0.5039513 -0.7833833 1.714177
0.1409871 -0.8130884 1.582717
9
-0.06181425 -0.1282765 1.794426
-0.1395685 -0.1342152 1.756371
0.01851076 -0.1171257 1.75898
-0.3006049 -0.4343281 1.783164
0.1632058 -0.3910286 1.63519
-0.5071812 -0.7461127 1.825607
0.1017394 -0.7504618 1.645006
-0.5008451 -0.7832309 1.713085
0.1429761 -0.8148828 1.58233
9
-0.06181425 -0.1282765 1.794426
-0.1395685 -0.1342152 1.756371
0.01851076 -0.1171257 1.75898
-0.3006049 -0.4343281 1.783164
0.1632058 -0.3910286 1.63519
-0.5071812 -0.7461127 1.825607
0.1017394 -0.7504618 1.645006
-0.5008451 -0.7832309 1.713085
0.1429761 -0.8148828 1.58233
9
-0.05062881 -0.1364639 1.791284
-0.1287034 -0.1424975 1.752916
0.02952704 -0.1248471 1.756185
-0.2910158 -0.4406972 1.780316
0.1803322 -0.3942378 1.629488
-0.5039325 -0.7459782 1.824735
0.1026134 -0.7515795 1.644974
-0.4977867 -0.7833272 1.712339
0.1485173 -0.8164289 1.580531
9
-0.05062881 -0.1364639 1.791284
-0.1287034 -0.1424975 1.752916
0.02952704 -0.1248471 1.756185
-0.2910158 -0.4406972 1.780316
0.1803322 -0.3942378 1.629488
-0.5039325 -0.7459782 1.824735
0.1026134 -0.7515795 1.644974
-0.4977867 -0.7833272 1.712339
0.1485173 -0.8164289 1.580531
9
-0.05062881 -0.1364639 1.791284
-0.1287034 -0.1424975 1.752916
0.02952704 -0.1248471 1.756185
-0.2910158 -0.4406972 1.780316
0.1803322 -0.3942378 1.629488
-0.5039325 -0.7459782 1.824735
0.1026134 -0.7515795 1.644974
-0.4977867 -0.7833272 1.712339
0.1485173 -0.8164289 1.580531
9
-0.05062881 -0.1364639 1.791284
-0.1287034 -0.1424975 1.752916
0.02952704 -0.1248471 1.756185
-0.2910158 -0.4406972 1.780316
0.1803322 -0.3942378 1.629488
-0.5039325 -0.7459782 1.824735
0.1026134 -0.7515795 1.644974
-0.4977867 -0.7833272 1.712339
0.1485173 -0.8164289 1.580531
9
-0.03014661 -0.1535131 1.787158
-0.1059178 -0.1622406 1.747723
0.04704023 -0.1387437 1.753072
-0.245145 -0.4410649 1.766492
0.1996865 -0.4055179 1.623193
-0.4993789 -0.7454079 1.82337
0.1065631 -0.7509841 1.641018
-0.4926534 -0.7833284 1.711288
0.1486781 -0.8165324 1.580358
9
-0.02408543 -0.1594601 1.785181
-0.1016821 -0.1664457 1.745886
0.05479741 -0.1462454 1.7511
-0.2452013 -0.4425604 1.76659
0.2095132 -0.4112358 1.620271
-0.5117974 -0.7807962 1.82594
0.1079513 -0.7515702 1.639345
-0.6043991 -0.8056815 1.804154
0.148505 -0.8166254 1.579794
9
-0.02408543 -0.1594601 1.785181
-0.1016821 -0.1664457 1.745886
0.05479741 -0.1462454 1.7511
-0.2452013 -0.4425604 1.76659
0.2095132 -0.4112358 1.620271
-0.5117974 -0.7807962 1.82594
0.1079513 -0.7515702 1.639345
-0.6043991 -0.8056815 1.804154
0.148505 -0.8166254 1.579794
9
-0.02408543 -0.1594601 1.785181
-0.1016821 -0.1664457 1.745886
0.05479741 -0.1462454 1.7511
-0.2452013 -0.4425604 1.76659
0.2095132 -0.4112358 1.620271
-0.5117974 -0.7807962 1.82594
0.1079513 -0.7515702 1.639345
-0.6043991 -0.8056815 1.804154
0.148505 -0.8166254 1.579794
9
-0.01749091 -0.1657721 1.783069
-0.09583682 -0.1719927 1.743526
0.06165678 -0.1528418 1.74931
-0.2435266 -0.4453377 1.766215
0.2187449 -0.4157422 1.617166
-0.5116606 -0.782279 1.825856
0.1121919 -0.7513264 1.636413
-0.6044378 -0.8064193 1.805038
0.1492413 -0.8176135 1.581159
9
-0.01183675 -0.1711058 1.781604
-0.0900512 -0.1771685 1.741911
0.06688884 -0.1580385 1.747996
-0.2394124 -0.4494501 1.764998
0.2271204 -0.4179882 1.613422
-0.5102864 -0.784082 1.825124
0.1118321 -0.7522897 1.635549
-0.60333 -0.8073668 1.805162
0.1493031 -0.81769 1.581155
9
-0.01183675 -0.1711058 1.781604
-0.0900512 -0.1771685 1.741911
0.06688884 -0.1580385 1.747996
-0.2394124 -0.4494501 1.764998
0.2271204 -0.4179882 1.613422
-0.5102864 -0.784082 1.825124
0.1118321 -0.7522897 1.635549
-0.60333 -0.8073668 1.805162
0.1493031 -0.81769 1.581155
9
-0.01183675 -0.1711058 1.781604
-0.0900512 -0.1771685 1.741911
0.06688884 -0.1580385 1.747996
-0.2394124 -0.4494501 1.764998
0.2271204 -0.4179882 1.613422
-0.5102864 -0.784082 1.825124
0.1118321 -0.7522897 1.635549
-0.60333 -0.8073668 1.805162
0.1493031 -0.81769 1.581155
9
-0.01183675 -0.1711058 1.781604
-0.0900512 -0.1771685 1.741911
0.06688884 -0.1580385 1.747996
-0.2394124 -0.4494501 1.764998
0.2271204 -0.4179882 1.613422
-0.5102864 -0.784082 1.825124
0.1118321 -0.7522897 1.635549
-0.60333 -0.8073668 1.805162
0.1493031 -0.81769 1.581155
9
-0.01183675 -0.1711058 1.781604
-0.0900512 -0.1771685 1.741911
0.06688884 -0.1580385 1.747996
-0.2394124 -0.4494501 1.764998
0.2271204 -0.4179882 1.613422
-0.5102864 -0.784082 1.825124
0.1118321 -0.7522897 1.635549
-0.60333 -0.8073668 1.805162
0.1493031 -0.81769 1.581155
9
-0.01183675 -0.1711058 1.781604
-0.0900512 -0.1771685 1.741911
0.06688884 -0.1580385 1.747996
-0.2394124 -0.4494501 1.764998
0.2271204 -0.4179882 1.613422
-0.5102864 -0.784082 1.825124
0.1118321 -0.7522897 1.635549
-0.60333 -0.8073668 1.805162
0.1493031 -0.81769 1.581155
9
-0.01183675 -0.1711058 1.781604
-0.0900512 -0.1771685 1.741911
0.06688884 -0.1580385 1.747996
-0.2394124 -0.4494501 1.764998
0.2271204 -0.4179882 1.613422
-0.5102864 -0.784082 1.825124
0.1118321 -0.7522897 1.635549
-0.60333 -0.8073668 1.805162
0.1493031 -0.81769 1.581155
9
-0.002683967 -0.1804084 1.778196
-0.08105759 -0.1860177 1.738635
0.07579625 -0.1673744 1.744472
-0.2317805 -0.4570734 1.763172
0.242225 -0.4220794 1.60722
-0.509203 -0.7858658 1.82516
0.1124801 -0.7656943 1.632644
-0.5763931 -0.7927551 1.776316
0.1523694 -0.8188639 1.58138
9
-0.0008098961 -0.1829007 1.777398
-0.07925992 -0.1881535 1.738021
0.07766974 -0.1701433 1.743479
-0.2302946 -0.4590345 1.762452
0.2462871 -0.4233015 1.606178
-0.5088245 -0.7868268 1.82469
0.1127764 -0.7667309 1.631906
-0.5763625 -0.7926664 1.776261
0.1552579 -0.8201049 1.58055
9
-0.0008098961 -0.1829007 1.777398
-0.07925992 -0.1881535 1.738021
0.07766974 -0.1701433 1.743479
-0.2302946 -0.4590345 1.762452
0.2462871 -0.4233015 1.606178
-0.5088245 -0.7868268 1.82469
0.1127764 -0.7667309 1.631906
-0.5763625 -0.7926664 1.776261
0.1552579 -0.8201049 1.58055
9
0.000917519 -0.1845794 1.776667
-0.07756999 -0.1897226 1.737288
0.07935858 -0.1718499 1.742757
-0.2293653 -0.4601384 1.761816
0.2491512 -0.4241861 1.605524
-0.5085653 -0.7872662 1.824438
0.1132956 -0.7680788 1.631577
-0.5762691 -0.7926037 1.776274
0.157946 -0.8216931 1.58196
9
0.000917519 -0.1845794 1.776667
-0.07756999 -0.1897226 1.737288
0.07935858 -0.1718499 1.742757
-0.2293653 -0.4601384 1.761816
0.2491512 -0.4241861 1.605524
-0.5085653 -0.7872662 1.824438
0.1132956 -0.7680788 1.631577
-0.5762691 -0.7926037 1.776274
0.157946 -0.8216931 1.58196
9
0.001622249 -0.1852837 1.776391
-0.0768633 -0.1903878 1.737023
0.08003093 -0.1725586 1.742475
-0.2275749 -0.4615296 1.761051
0.2501003 -0.4247564 1.605435
-0.5074793 -0.7880319 1.823789
0.1132784 -0.7698902 1.631269
-0.5755332 -0.792522 1.776361
0.1579395 -0.8216396 1.581789
9
0.001622249 -0.1852837 1.776391
-0.0768633 -0.1903878 1.737023
0.08003093 -0.1725586 1.742475
-0.2275749 -0.4615296 1.761051
0.2501003 -0.4247564 1.605435
-0.5074793 -0.7880319 1.823789
0.1132784 -0.7698902 1.631269
-0.5755332 -0.792522 1.776361
0.1579395 -0.8216396 1.581789
9
0.001622249 -0.1852837 1.776391
-0.0768633 -0.1903878 1.737023
0.08003093 -0.1725586 1.742475
-0.2275749 -0.4615296 1.761051
0.2501003 -0.4247564 1.605435
-0.5074793 -0.7880319 1.823789
0.1132784 -0.7698902 1.631269
-0.5755332 -0.792522 1.776361
0.1579395 -0.8216396 1.581789
9
0.001622249 -0.1852837 1.776391
-0.0768633 -0.1903878 1.737023
0.08003093 -0.1725586 1.742475
-0.2275749 -0.4615296 1.761051
0.2501003 -0.4247564 1.605435
-0.5074793 -0.7880319 1.823789
0.1132784 -0.7698902 1.631269
-0.5755332 -0.792522 1.776361
0.1579395 -0.8216396 1.581789
