40
9
-0.08537699 -0.1255559 1.951466
-0.1588114 -0.1294826 1.896563
-0.008772106 -0.1168913 1.932648
-0.3403107 -0.4170192 1.735
0.08355069 -0.3951699 1.822759
-0.4960324 -0.7401941 1.653798
0.02369549 -0.7524064 1.873275
-0.4613667 -0.7829655 1.551409
0.06364258 -0.8168947 1.835582
9
-0.08537699 -0.1255559 1.951466
-0.1588114 -0.1294826 1.896563
-0.008772106 -0.1168913 1.932648
-0.3403107 -0.4170192 1.735
0.08355069 -0.3951699 1.822759
-0.4960324 -0.7401941 1.653798
0.02369549 -0.7524064 1.873275
-0.4613667 -0.7829655 1.551409
0.06364258 -0.8168947 1.835582
9
-0.0677419 -0.1442454 1.96768
-0.1406004 -0.1516157 1.913759
0.007678124 -0.1318403 1.947985
-0.3221886 -0.3600988 1.760877
0.165251 -0.3680527 1.810085
-0.4682183 -0.698967 1.675729
0.08253784 -0.7921236 1.845765
-0.4346108 -0.7434894 1.5733
0.04031878 -0.8295064 1.858649
9
-0.0677419 -0.1442454 1.96768
-0.1406004 -0.1516157 1.913759
0.007678124 -0.1318403 1.947985
-0.3221886 -0.3600988 1.760877
0.165251 -0.3680527 1.810085
-0.4682183 -0.698967 1.675729
0.08253784 -0.7921236 1.845765
-0.4346108 -0.7434894 1.5733
0.04031878 -0.8295064 1.858649
9
-0.06085007 -0.1495963 1.970473
-0.133084 -0.157667 1.916258
0.01364068 -0.1361712 1.950979
-0.3208421 -0.361081 1.76274
0.170869 -0.372027 1.810447
-0.4673998 -0.698885 1.67665
0.08585998 -0.7958202 1.844567
-0.4338146 -0.7436618 1.57427
0.03403513 -0.8214799 1.859741
9
-0.06085007 -0.1495963 1.970473
-0.133084 -0.157667 1.916258
0.01364068 -0.1361712 1.950979
-0.3208421 -0.361081 1.76274
0.170869 -0.372027 1.810447
-0.4673998 -0.698885 1.67665
0.08585998 -0.7958202 1.844567
-0.4338146 -0.7436618 1.57427
0.03403513 -0.8214799 1.859741
9
-0.05454692 -0.1546024 1.973599
-0.126908 -0.1625403 1.919399
0.01977439 -0.1410048 1.954082
-0.3178439 -0.3632907 1.766416
0.1798486 -0.3757394 1.815847
-0.4656617 -0.6985779 1.678134
0.08675415 -0.7983503 1.845695
-0.4321303 -0.7437869 1.575932
0.03208571 -0.8201545 1.861022
9
-0.05454692 -0.1546024 1.973599
-0.126908 -0.1625403 1.919399
0.01977439 -0.1410048 1.954082
-0.3178439 -0.3632907 1.766416
0.1798486 -0.3757394 1.815847
-0.4656617 -0.6985779 1.678134
0.08675415 -0.7983503 1.845695
-0.4321303 -0.7437869 1.575932
0.03208571 -0.8201545 1.861022
9
-0.04601412 -0.1656246 1.980574
-0.1189473 -0.1725889 1.925791
0.02856252 -0.152569 1.961701
-0.3107758 -0.3718777 1.771861
0.1920983 -0.3818247 1.817293
-0.4646221 -0.699223 1.678886
0.09057204 -0.8030096 1.842419
-0.4316228 -0.7448915 1.576745
0.1130395 -0.8477192 1.739508
9
-0.04601412 -0.1656246 1.980574
-0.1189473 -0.1725889 1.925791
0.02856252 -0.152569 1.961701
-0.3107758 -0.3718777 1.771861
0.1920983 -0.3818247 1.817293
-0.4646221 -0.699223 1.678886
0.09057204 -0.8030096 1.842419
-0.4316228 -0.7448915 1.576745
0.1130395 -0.8477192 1.739508
9
-0.04252781 -0.1709373 1.984016
-0.1157624 -0.1775001 1.929446
0.03223161 -0.1580866 1.964936
-0.3093127 -0.3744619 1.773215
0.2016889 -0.3841436 1.821921
-0.4630804 -0.6996396 1.679782
0.09301471 -0.8039685 1.843004
-0.4302888 -0.7457533 1.577813
0.115264 -0.8491175 1.74028
9
-0.04252781 -0.1709373 1.984016
-0.1157624 -0.1775001 1.929446
0.03223161 -0.1580866 1.964936
-0.3093127 -0.3744619 1.773215
0.2016889 -0.3841436 1.821921
-0.4630804 -0.6996396 1.679782
0.09301471 -0.8039685 1.843004
-0.4302888 -0.7457533 1.577813
0.115264 -0.8491175 1.74028
9
-0.0379655 -0.1761436 1.988662
-0.111416 -0.1829004 1.934288
0.03683164 -0.1629082 1.969403
-0.3047468 -0.3793222 1.775855
0.2069554 -0.3888168 1.826406
-0.4623595 -0.700621 1.680068
0.04295493 -0.7375193 1.873711
-0.4297608 -0.7472192 1.578345
0.05648794 -0.8036919 1.839573
9
-0.0379655 -0.1761436 1.988662
-0.111416 -0.1829004 1.934288
0.03683164 -0.1629082 1.969403
-0.3047468 -0.3793222 1.775855
0.2069554 -0.3888168 1.826406
-0.4623595 -0.700621 1.680068
0.04295493 -0.7375193 1.873711
-0.4297608 -0.7472192 1.578345
0.05648794 -0.8036919 1.839573
9
-0.03516994 -0.1795037 1.99181
-0.1085884 -0.1861693 1.937919
0.03950184 -0.1662396 1.97211
-0.3014625 -0.382676 1.778928
0.2101039 -0.3920192 1.829874
-0.4617998 -0.7018204 1.680482
0.04425369 -0.7377298 1.873326
-0.4296128 -0.74884 1.578906
0.05507337 -0.8044021 1.839873
9
-0.03516994 -0.1795037 1.99181
-0.1085884 -0.1861693 1.937919
0.03950184 -0.1662396 1.97211
-0.3014625 -0.382676 1.778928
0.2101039 -0.3920192 1.829874
-0.4617998 -0.7018204 1.680482
0.04425369 -0.7377298 1.873326
-0.4296128 -0.74884 1.578906
0.05507337 -0.8044021 1.839873
9
-0.03516994 -0.1795037 1.99181
-0.1085884 -0.1861693 1.937919
0.03950184 -0.1662396 1.97211
-0.3014625 -0.382676 1.778928
0.2101039 -0.3920192 1.829874
-0.4617998 -0.7018204 1.680482
0.04425369 -0.7377298 1.873326
-0.4296128 -0.74884 1.578906
0.05507337 -0.8044021 1.839873
9
-0.03516994 -0.1795037 1.99181
-0.1085884 -0.1861693 1.937919
0.03950184 -0.1662396 1.97211
-0.3014625 -0.382676 1.778928
0.2101039 -0.3920192 1.829874
-0.4617998 -0.7018204 1.680482
0.04425369 -0.7377298 1.873326
-0.4296128 -0.74884 1.578906
0.05507337 -0.8044021 1.839873
9
-0.03021986 -0.1865286 1.997262
-0.1029659 -0.1941056 1.943651
0.04364455 -0.1721732 1.977285
-0.298271 -0.3867135 1.782354
0.2165816 -0.393558 1.82989
-0.4602704 -0.7024583 1.681952
0.04885187 -0.7365159 1.871799
-0.4281738 -0.7499864 1.580729
0.05457737 -0.8038015 1.839529
9
-0.02859578 -0.1891993 1.999326
-0.1014225 -0.1964529 1.945972
0.04527972 -0.175066 1.979097
-0.296296 -0.3896115 1.784904
0.2199889 -0.3962597 1.834371
-0.4599511 -0.7039396 1.682405
0.05096053 -0.7365804 1.871308
-0.4284534 -0.7517632 1.581214
0.05495745 -0.8040102 1.839594
9
-0.02859578 -0.1891993 1.999326
-0.1014225 -0.1964529 1.945972
0.04527972 -0.175066 1.979097
-0.296296 -0.3896115 1.784904
0.2199889 -0.3962597 1.834371
-0.4599511 -0.7039396 1.682405
0.05096053 -0.7365804 1.871308
-0.4284534 -0.7517632 1.581214
0.05495745 -0.8040102 1.839594
9
-0.02859578 -0.1891993 1.999326
-0.1014225 -0.1964529 1.945972
0.04527972 -0.175066 1.979097
-0.296296 -0.3896115 1.784904
0.2199889 -0.3962597 1.834371
-0.4599511 -0.7039396 1.682405
0.05096053 -0.7365804 1.871308
-0.4284534 -0.7517632 1.581214
0.05495745 -0.8040102 1.839594
9
-0.02538701 -0.1913059 2.001922
-0.09806462 -0.199067 1.948595
0.04822233 -0.1766184 1.981671
-0.2938671 -0.3909373 1.786955
0.2191647 -0.4012309 1.83826
-0.4594724 -0.7045462 1.682968
0.05146238 -0.7369471 1.871091
-0.4280132 -0.7526022 1.581927
0.0557295 -0.8043859 1.839405
9
-0.02538701 -0.1913059 2.001922
-0.09806462 -0.199067 1.948595
0.04822233 -0.1766184 1.981671
-0.2938671 -0.3909373 1.786955
0.2191647 -0.4012309 1.83826
-0.4594724 -0.7045462 1.682968
0.05146238 -0.7369471 1.871091
-0.4280132 -0.7526022 1.581927
0.0557295 -0.8043859 1.839405
9
-0.02263111 -0.1950096 2.005191
-0.09544783 -0.2033808 1.951345
0.0510442 -0.1796239 1.985521
-0.2925604 -0.3932451 1.788724
0.2203321 -0.4035524 1.838247
-0.4611293 -0.7080967 1.682561
0.05198089 -0.7373924 1.871121
-0.4293853 -0.7562603 1.5817
0.05636998 -0.8048148 1.841085
9
-0.02263111 -0.1950096 2.005191
-0.09544783 -0.2033808 1.951345
0.0510442 -0.1796239 1.985521
-0.2925604 -0.3932451 1.788724
0.2203321 -0.4035524 1.838247
-0.4611293 -0.7080967 1.682561
0.05198089 -0.7373924 1.871121
-0.4293853 -0.7562603 1.5817
0.05636998 -0.8048148 1.841085
9
-0.02079308 -0.1973748 2.007198
-0.09362052 -0.2060467 1.953107
0.05280571 -0.1815872 1.987761
-0.2917795 -0.3944293 1.789905
0.2214406 -0.4052297 1.839032
-0.4609703 -0.7085097 1.682994
0.05232532 -0.7376089 1.871054
-0.429254 -0.756768 1.582158
0.05654066 -0.8050711 1.84109
9
-0.02079308 -0.1973748 2.007198
-0.09362052 -0.2060467 1.953107
0.05280571 -0.1815872 1.987761
-0.2917795 -0.3944293 1.789905
0.2214406 -0.4052297 1.839032
-0.4609703 -0.7085097 1.682994
0.05232532 -0.7376089 1.871054
-0.429254 -0.756768 1.582158
0.05654066 -0.8050711 1.84109
9
-0.02079308 -0.1973748 2.007198
-0.09362052 -0.2060467 1.953107
0.05280571 -0.1815872 1.987761
-0.2917795 -0.3944293 1.789905
0.2214406 -0.4052297 1.839032
-0.4609703 -0.7085097 1.682994
0.05232532 -0.7376089 1.871054
-0.429254 -0.756768 1.582158
0.05654066 -0.8050711 1.84109
9
-0.02079308 -0.1973748 2.007198
-0.09362052 -0.2060467 1.953107
0.05280571 -0.1815872 1.987761
-0.2917795 -0.3944293 1.789905
0.2214406 -0.4052297 1.839032
-0.4609703 -0.7085097 1.682994
0.05232532 -0.7376089 1.871054
-0.429254 -0.756768 1.582158
0.05654066 -0.8050711 1.84109
9
-0.01869138 -0.2000236 2.009027
-0.09155341 -0.2089136 1.954662
0.0548489 -0.1839055 1.989859
-0.2908495 -0.3957677 1.790977
0.2221125 -0.4082919 1.840738
-0.4609661 -0.7093517 1.683324
0.05303001 -0.7380118 1.870967
-0.4293357 -0.7576308 1.582442
0.05832323 -0.8053774 1.841906
9
-0.01869138 -0.2000236 2.009027
-0.09155341 -0.2089136 1.954662
0.0548489 -0.1839055 1.989859
-0.2908495 -0.3957677 1.790977
0.2221125 -0.4082919 1.840738
-0.4609661 -0.7093517 1.683324
0.05303001 -0.7380118 1.870967
-0.4293357 -0.7576308 1.582442
0.05832323 -0.8053774 1.841906
9
-0.016997 -0.2019419 2.010299
-0.08964035 -0.2111634 1.955995
0.05626115 -0.1854309 1.991059
-0.2896266 -0.3968377 1.79165
0.2227989 -0.4098522 1.841026
-0.4618812 -0.7118797 1.682899
0.05352159 -0.7381938 1.870907
-0.4302772 -0.7601407 1.582019
0.05800044 -0.8056482 1.841547
9
-0.016997 -0.2019419 2.010299
-0.08964035 -0.2111634 1.955995
0.05626115 -0.1854309 1.991059
-0.2896266 -0.3968377 1.79165
0.2227989 -0.4098522 1.841026
-0.4618812 -0.7118797 1.682899
0.05352159 -0.7381938 1.870907
-0.4302772 -0.7601407 1.582019
0.05800044 -0.8056482 1.841547
9
-0.01574601 -0.2030194 2.011164
-0.08832443 -0.2123578 1.95686
0.05738804 -0.18634 1.991917
-0.28847 -0.3976667 1.792222
0.2241962 -0.4101032 1.841029
-0.4619525 -0.7127156 1.683102
0.05724899 -0.7360526 1.870194
-0.4304065 -0.7609563 1.582168
0.05757855 -0.8036646 1.841923
9
-0.01574601 -0.2030194 2.011164
-0.08832443 -0.2123578 1.95686
0.05738804 -0.18634 1.991917
-0.28847 -0.3976667 1.792222
0.2241962 -0.4101032 1.841029
-0.4619525 -0.7127156 1.683102
0.05724899 -0.7360526 1.870194
-0.4304065 -0.7609563 1.582168
0.05757855 -0.8036646 1.841923
9
-0.01497112 -0.2038566 2.011482
-0.08757561 -0.213182 1.957279
0.05815363 -0.1871483 1.992139
-0.2876575 -0.3984498 1.792484
0.2250964 -0.4105514 1.840783
-0.4620055 -0.7133309 1.683143
0.05705816 -0.7369621 1.870216
-0.4305068 -0.7615266 1.582142
0.05898204 -0.8046724 1.838873
9
-0.01497112 -0.2038566 2.011482
-0.08757561 -0.213182 1.957279
0.05815363 -0.1871483 1.992139
-0.2876575 -0.3984498 1.792484
0.2250964 -0.4105514 1.840783
-0.4620055 -0.7133309 1.683143
0.05705816 -0.7369621 1.870216
-0.4305068 -0.7615266 1.582142
0.05898204 -0.8046724 1.838873
9
-0.01497112 -0.2038566 2.011482
-0.08757561 -0.213182 1.957279
0.05815363 -0.1871483 1.992139
-0.2876575 -0.3984498 1.792484
0.2250964 -0.4105514 1.840783
-0.4620055 -0.7133309 1.683143
0.05705816 -0.7369621 1.870216
-0.4305068 -0.7615266 1.582142
0.05898204 -0.8046724 1.838873
9
-0.01497112 -0.2038566 2.011482
-0.08757561 -0.213182 1.957279
0.05815363 -0.1871483 1.992139
-0.2876575 -0.3984498 1.792484
0.2250964 -0.4105514 1.840783
-0.4620055 -0.7133309 1.683143
0.05705816 -0.7369621 1.870216
-0.4305068 -0.7615266 1.582142
0.05898204 -0.8046724 1.838873
