40
9
-0.0969697 -0.134482 2.131669
-0.1711641 -0.1286981 2.081713
-0.01923853 -0.1354448 2.104728
-0.3278303 -0.4346257 2.044307
0.146136 -0.4365076 2.021633
-0.5455214 -0.7501725 2.073574
0.149215 -0.7489039 2.061494
-0.5201604 -0.7783756 1.962896
0.163005 -0.7767157 1.949882
9
-0.04709705 -0.1591544 2.134131
-0.1204857 -0.1528077 2.084018
0.02795499 -0.1597654 2.10735
-0.2843606 -0.4549134 2.04805
0.196858 -0.4553496 2.008608
-0.5401768 -0.7710119 2.070272
0.1509315 -0.7511026 2.059146
-0.5908065 -0.8040656 2.008966
0.1716202 -0.8086976 2.014082
9
-0.04709705 -0.1591544 2.134131
-0.1204857 -0.1528077 2.084018
0.02795499 -0.1597654 2.10735
-0.2843606 -0.4549134 2.04805
0.196858 -0.4553496 2.008608
-0.5401768 -0.7710119 2.070272
0.1509315 -0.7511026 2.059146
-0.5908065 -0.8040656 2.008966
0.1716202 -0.8086976 2.014082
9
-0.04062295 -0.1615495 2.134291
-0.1138947 -0.1553655 2.084637
0.03411287 -0.1619294 2.107072
-0.2799102 -0.456341 2.047981
0.205819 -0.455613 2.007401
-0.5346084 -0.7733613 2.070168
0.1520681 -0.7538325 2.058029
-0.5909278 -0.8045701 2.00609
0.1728695 -0.8114322 2.01372
9
-0.04062295 -0.1615495 2.134291
-0.1138947 -0.1553655 2.084637
0.03411287 -0.1619294 2.107072
-0.2799102 -0.456341 2.047981
0.205819 -0.455613 2.007401
-0.5346084 -0.7733613 2.070168
0.1520681 -0.7538325 2.058029
-0.5909278 -0.8045701 2.00609
0.1728695 -0.8114322 2.01372
9
-0.04062295 -0.1615495 2.134291
-0.1138947 -0.1553655 2.084637
0.03411287 -0.1619294 2.107072
-0.2799102 -0.456341 2.047981
0.205819 -0.455613 2.007401
-0.5346084 -0.7733613 2.070168
0.1520681 -0.7538325 2.058029
-0.5909278 -0.8045701 2.00609
0.1728695 -0.8114322 2.01372
9
-0.04062295 -0.1615495 2.134291
-0.1138947 -0.1553655 2.084637
0.03411287 -0.1619294 2.107072
-0.2799102 -0.456341 2.047981
0.205819 -0.455613 2.007401
-0.5346084 -0.7733613 2.070168
0.1520681 -0.7538325 2.058029
-0.5909278 -0.8045701 2.00609
0.1728695 -0.8114322 2.01372
9
-0.0001857632 -0.1851981 2.137399
-0.07494648 -0.1778349 2.088956
0.07455727 -0.1859142 2.108981
-0.2632374 -0.4654975 2.049767
0.2403819 -0.479147 1.996027
-0.5293841 -0.7734278 2.068861
0.1552662 -0.7599924 2.054384
-0.5913703 -0.8057227 2.000921
0.1749252 -0.8181691 2.013344
9
-0.0001857632 -0.1851981 2.137399
-0.07494648 -0.1778349 2.088956
0.07455727 -0.1859142 2.108981
-0.2632374 -0.4654975 2.049767
0.2403819 -0.479147 1.996027
-0.5293841 -0.7734278 2.068861
0.1552662 -0.7599924 2.054384
-0.5913703 -0.8057227 2.000921
0.1749252 -0.8181691 2.013344
9
0.005599464 -0.1881483 2.138154
-0.06935284 -0.180806 2.089878
0.08032492 -0.1887371 2.109587
-0.2568835 -0.4689879 2.050136
0.2494852 -0.4788726 1.992298
-0.5025545 -0.7524485 2.070558
0.1562658 -0.7609224 2.053353
-0.5736589 -0.7935548 2.003574
0.1743825 -0.8196597 2.014021
9
0.005599464 -0.1881483 2.138154
-0.06935284 -0.180806 2.089878
0.08032492 -0.1887371 2.109587
-0.2568835 -0.4689879 2.050136
0.2494852 -0.4788726 1.992298
-0.5025545 -0.7524485 2.070558
0.1562658 -0.7609224 2.053353
-0.5736589 -0.7935548 2.003574
0.1743825 -0.8196597 2.014021
9
0.005599464 -0.1881483 2.138154
-0.06935284 -0.180806 2.089878
0.08032492 -0.1887371 2.109587
-0.2568835 -0.4689879 2.050136
0.2494852 -0.4788726 1.992298
-0.5025545 -0.7524485 2.070558
0.1562658 -0.7609224 2.053353
-0.5736589 -0.7935548 2.003574
0.1743825 -0.8196597 2.014021
9
0.005599464 -0.1881483 2.138154
-0.06935284 -0.180806 2.089878
0.08032492 -0.1887371 2.109587
-0.2568835 -0.4689879 2.050136
0.2494852 -0.4788726 1.992298
-0.5025545 -0.7524485 2.070558
0.1562658 -0.7609224 2.053353
-0.5736589 -0.7935548 2.003574
0.1743825 -0.8196597 2.014021
9
0.005599464 -0.1881483 2.138154
-0.06935284 -0.180806 2.089878
0.08032492 -0.1887371 2.109587
-0.2568835 -0.4689879 2.050136
0.2494852 -0.4788726 1.992298
-0.5025545 -0.7524485 2.070558
0.1562658 -0.7609224 2.053353
-0.5736589 -0.7935548 2.003574
0.1743825 -0.8196597 2.014021
9
0.02378637 -0.2002262 2.1404
-0.05081817 -0.1910676 2.092347
0.09760104 -0.2023028 2.111675
-0.2366866 -0.4804073 2.048811
0.2713422 -0.4867882 1.985466
-0.5136679 -0.778659 2.068733
0.1596062 -0.7603831 2.050196
-0.5902315 -0.8037989 1.994915
0.173854 -0.8202249 2.014324
9
0.02378637 -0.2002262 2.1404
-0.05081817 -0.1910676 2.092347
0.09760104 -0.2023028 2.111675
-0.2366866 -0.4804073 2.048811
0.2713422 -0.4867882 1.985466
-0.5136679 -0.778659 2.068733
0.1596062 -0.7603831 2.050196
-0.5902315 -0.8037989 1.994915
0.173854 -0.8202249 2.014324
9
0.02818477 -0.2034137 2.140879
-0.0466414 -0.1935138 2.092832
0.1020241 -0.2061389 2.112157
-0.233888 -0.4819753 2.049268
0.2777974 -0.4890354 1.985254
-0.5114214 -0.7798089 2.068514
0.1669461 -0.7586668 2.046435
-0.5883225 -0.8040179 1.99448
0.1724775 -0.8199387 2.014351
9
0.03248243 -0.2066703 2.141008
-0.0421586 -0.19625 2.093318
0.1059899 -0.2097885 2.111941
-0.231707 -0.4832231 2.04953
0.2834973 -0.4911276 1.983868
-0.5103886 -0.7803251 2.065991
0.166793 -0.7592636 2.046477
-0.587656 -0.8051469 1.993355
0.1744831 -0.8203132 2.011516
9
0.03248243 -0.2066703 2.141008
-0.0421586 -0.19625 2.093318
0.1059899 -0.2097885 2.111941
-0.231707 -0.4832231 2.04953
0.2834973 -0.4911276 1.983868
-0.5103886 -0.7803251 2.065991
0.166793 -0.7592636 2.046477
-0.587656 -0.8051469 1.993355
0.1744831 -0.8203132 2.011516
9
0.03669288 -0.2093126 2.141577
-0.03773815 -0.1987229 2.094144
0.1098185 -0.2124608 2.112274
-0.2307412 -0.4834216 2.049574
0.2874539 -0.4931657 1.982726
-0.5101882 -0.7798098 2.066077
0.1688368 -0.760201 2.045701
-0.5868965 -0.8051492 1.992698
0.1761886 -0.8212753 2.010327
9
0.03669288 -0.2093126 2.141577
-0.03773815 -0.1987229 2.094144
0.1098185 -0.2124608 2.112274
-0.2307412 -0.4834216 2.049574
0.2874539 -0.4931657 1.982726
-0.5101882 -0.7798098 2.066077
0.1688368 -0.760201 2.045701
-0.5868965 -0.8051492 1.992698
0.1761886 -0.8212753 2.010327
9
0.03669288 -0.2093126 2.141577
-0.03773815 -0.1987229 2.094144
0.1098185 -0.2124608 2.112274
-0.2307412 -0.4834216 2.049574
0.2874539 -0.4931657 1.982726
-0.5101882 -0.7798098 2.066077
0.1688368 -0.760201 2.045701
-0.5868965 -0.8051492 1.992698
0.1761886 -0.8212753 2.010327
9
0.03854955 -0.2102717 2.142034
-0.03598144 -0.1994065 2.094609
0.111705 -0.213672 2.112726
-0.2295561 -0.483731 2.050027
0.2902059 -0.4935764 1.982524
-0.5087329 -0.7803739 2.066572
0.1687046 -0.7648937 2.046623
-0.5858791 -0.8051428 1.993546
0.1789009 -0.8254093 2.008959
9
0.03854955 -0.2102717 2.142034
-0.03598144 -0.1994065 2.094609
0.111705 -0.213672 2.112726
-0.2295561 -0.483731 2.050027
0.2902059 -0.4935764 1.982524
-0.5087329 -0.7803739 2.066572
0.1687046 -0.7648937 2.046623
-0.5858791 -0.8051428 1.993546
0.1789009 -0.8254093 2.008959
9
0.03938844 -0.2106294 2.142385
-0.03502401 -0.1996787 2.095151
0.1124187 -0.2140879 2.112917
-0.2288478 -0.4838437 2.050272
0.2916487 -0.4935032 1.982697
-0.5082218 -0.7803167 2.06673
0.1695912 -0.7650481 2.046645
-0.5853683 -0.805354 1.993944
0.1792757 -0.8255591 2.00711
9
0.0395558 -0.2105655 2.142877
-0.03496335 -0.1995555 2.0956
0.1126993 -0.2140883 2.113466
-0.228629 -0.483831 2.05038
0.2922233 -0.4932478 1.983045
-0.5078709 -0.7804244 2.06688
0.173156 -0.7614424 2.04609
-0.5851188 -0.8053071 1.994154
0.1786497 -0.8226272 2.007131
9
0.0395558 -0.2105655 2.142877
-0.03496335 -0.1995555 2.0956
0.1126993 -0.2140883 2.113466
-0.228629 -0.483831 2.05038
0.2922233 -0.4932478 1.983045
-0.5078709 -0.7804244 2.06688
0.173156 -0.7614424 2.04609
-0.5851188 -0.8053071 1.994154
0.1786497 -0.8226272 2.007131
9
0.03891191 -0.2099664 2.143307
-0.03571896 -0.1988401 2.095891
0.1121444 -0.213587 2.114037
-0.2285764 -0.4836622 2.050733
0.2920863 -0.492451 1.983475
-0.5075116 -0.7805286 2.067366
0.1737002 -0.7610592 2.045949
-0.5847628 -0.8052934 1.994513
0.1786706 -0.8223158 2.007179
9
0.03891191 -0.2099664 2.143307
-0.03571896 -0.1988401 2.095891
0.1121444 -0.213587 2.114037
-0.2285764 -0.4836622 2.050733
0.2920863 -0.492451 1.983475
-0.5075116 -0.7805286 2.067366
0.1737002 -0.7610592 2.045949
-0.5847628 -0.8052934 1.994513
0.1786706 -0.8223158 2.007179
9
0.03891191 -0.2099664 2.143307
-0.03571896 -0.1988401 2.095891
0.1121444 -0.213587 2.114037
-0.2285764 -0.4836622 2.050733
0.2920863 -0.492451 1.983475
-0.5075116 -0.7805286 2.067366
0.1737002 -0.7610592 2.045949
-0.5847628 -0.8052934 1.994513
0.1786706 -0.8223158 2.007179
9
0.03576747 -0.2070304 2.144885
-0.03930368 -0.1952432 2.097658
0.1095028 -0.2113349 2.11541
-0.2313411 -0.4806307 2.053513
0.2905035 -0.4900229 1.986234
-0.5080068 -0.7797539 2.068768
0.1739938 -0.7605953 2.045836
-0.5845075 -0.8029174 1.992833
0.1785496 -0.8219088 2.007227
9
0.0311927 -0.2036064 2.146183
-0.04401627 -0.1920184 2.098878
0.1052441 -0.2078707 2.11675
-0.2388649 -0.4754996 2.056086
0.2848424 -0.4884969 1.990608
-0.5105272 -0.7792882 2.069825
0.1735969 -0.7602382 2.045738
-0.5868181 -0.8018663 1.993034
0.1772658 -0.821678 2.008012
9
0.0311927 -0.2036064 2.146183
-0.04401627 -0.1920184 2.098878
0.1052441 -0.2078707 2.11675
-0.2388649 -0.4754996 2.056086
0.2848424 -0.4884969 1.990608
-0.5105272 -0.7792882 2.069825
0.1735969 -0.7602382 2.045738
-0.5868181 -0.8018663 1.993034
0.1772658 -0.821678 2.008012
9
0.01887085 -0.1965027 2.147565
-0.05803475 -0.1854466 2.100564
0.09486046 -0.2005347 2.117812
-0.2432931 -0.4751753 2.057484
0.2749113 -0.4822536 1.995491
-0.5117756 -0.7818223 2.070302
0.1704576 -0.7591016 2.047665
-0.5889137 -0.8021497 1.993461
0.1748184 -0.8205477 2.011539
9
0.01887085 -0.1965027 2.147565
-0.05803475 -0.1854466 2.100564
0.09486046 -0.2005347 2.117812
-0.2432931 -0.4751753 2.057484
0.2749113 -0.4822536 1.995491
-0.5117756 -0.7818223 2.070302
0.1704576 -0.7591016 2.047665
-0.5889137 -0.8021497 1.993461
0.1748184 -0.8205477 2.011539
9
0.007056698 -0.1907752 2.146964
-0.06893148 -0.1804254 2.099571
0.08270133 -0.1943026 2.117585
-0.2516369 -0.4716634 2.060009
0.2626933 -0.4776386 2.000048
-0.5146524 -0.78306 2.07173
0.170035 -0.7585865 2.047798
-0.5920656 -0.8025055 1.994859
0.1764032 -0.8197989 2.010711
9
0.007056698 -0.1907752 2.146964
-0.06893148 -0.1804254 2.099571
0.08270133 -0.1943026 2.117585
-0.2516369 -0.4716634 2.060009
0.2626933 -0.4776386 2.000048
-0.5146524 -0.78306 2.07173
0.170035 -0.7585865 2.047798
-0.5920656 -0.8025055 1.994859
0.1764032 -0.8197989 2.010711
9
-0.007085848 -0.1841679 2.146555
-0.08303943 -0.1741511 2.098662
0.06906655 -0.1875969 2.117622
-0.2609338 -0.4681951 2.06241
0.2500828 -0.4718136 2.004903
-0.5019209 -0.7593522 2.07321
0.1685571 -0.7592241 2.048337
-0.577571 -0.7912708 2.003961
0.176466 -0.8202126 2.010861
9
-0.007085848 -0.1841679 2.146555
-0.08303943 -0.1741511 2.098662
0.06906655 -0.1875969 2.117622
-0.2609338 -0.4681951 2.06241
0.2500828 -0.4718136 2.004903
-0.5019209 -0.7593522 2.07321
0.1685571 -0.7592241 2.048337
-0.577571 -0.7912708 2.003961
0.176466 -0.8202126 2.010861
9
-0.02344346 -0.1773304 2.148009
-0.09936912 -0.1677083 2.099561
0.05326642 -0.1806046 2.1196
-0.27201 -0.4646976 2.065718
0.2331578 -0.466507 2.009549
-0.5045489 -0.7575388 2.076155
0.1659839 -0.7576985 2.050601
-0.5803147 -0.7901309 2.008087
0.1763835 -0.8182156 2.01084
