40
9
-0.1575192 -0.3957479 2.198737
-0.2269053 -0.3960678 2.134276
-0.08283599 -0.3824822 2.190273
-0.4030437 -0.6602621 2.072796
0.05230234 -0.6735114 2.150732
-0.6296321 -0.9537858 2.013876
-0.03313516 -0.9710618 2.178756
-0.5640652 -0.9973226 1.896351
0.02307841 -1.014774 2.059651
9
-0.1575192 -0.3957479 2.198737
-0.2269053 -0.3960678 2.134276
-0.08283599 -0.3824822 2.190273
-0.4030437 -0.6602621 2.072796
0.05230234 -0.6735114 2.150732
-0.6296321 -0.9537858 2.013876
-0.03313516 -0.9710618 2.178756
-0.5640652 -0.9973226 1.896351
0.02307841 -1.014774 2.059651
9
-0.1575192 -0.3957479 2.198737
-0.2269053 -0.3960678 2.134276
-0.08283599 -0.3824822 2.190273
-0.4030437 -0.6602621 2.072796
0.05230234 -0.6735114 2.150732
-0.6296321 -0.9537858 2.013876
-0.03313516 -0.9710618 2.178756
-0.5640652 -0.9973226 1.896351
0.02307841 -1.014774 2.059651
9
-0.1060236 -0.4364936 2.216874
-0.1762629 -0.4352212 2.153275
-0.03235745 -0.423416 2.207543
-0.3703983 -0.6859559 2.084157
0.1239343 -0.7020813 2.14437
-0.6087933 -0.9516519 2.015903
-0.008335963 -0.9573253 2.165636
-0.5453488 -0.9971371 1.898472
0.04568697 -1.003083 2.046674
9
-0.1060236 -0.4364936 2.216874
-0.1762629 -0.4352212 2.153275
-0.03235745 -0.423416 2.207543
-0.3703983 -0.6859559 2.084157
0.1239343 -0.7020813 2.14437
-0.6087933 -0.9516519 2.015903
-0.008335963 -0.9573253 2.165636
-0.5453488 -0.9971371 1.898472
0.04568697 -1.003083 2.046674
9
-0.1034053 -0.4394736 2.217568
-0.1736063 -0.4379094 2.154118
-0.02985604 -0.4266187 2.208108
-0.3697326 -0.6870937 2.084902
0.126504 -0.7050921 2.144024
-0.6033655 -0.9522403 2.016593
-0.0007135294 -0.953669 2.162487
-0.5402746 -0.9978307 1.899058
0.05292248 -0.9995733 2.043427
9
-0.1034053 -0.4394736 2.217568
-0.1736063 -0.4379094 2.154118
-0.02985604 -0.4266187 2.208108
-0.3697326 -0.6870937 2.084902
0.126504 -0.7050921 2.144024
-0.6033655 -0.9522403 2.016593
-0.0007135294 -0.953669 2.162487
-0.5402746 -0.9978307 1.899058
0.05292248 -0.9995733 2.043427
9
-0.09536982 -0.4461738 2.219891
-0.1660099 -0.4438543 2.157129
-0.02159778 -0.4339323 2.209757
-0.3651286 -0.6906154 2.087078
0.1358352 -0.711417 2.143454
-0.5979636 -0.9516674 2.016422
0.007502789 -0.9507095 2.15983
-0.5350982 -0.9975126 1.898957
0.06086532 -0.9968943 2.040851
9
-0.09536982 -0.4461738 2.219891
-0.1660099 -0.4438543 2.157129
-0.02159778 -0.4339323 2.209757
-0.3651286 -0.6906154 2.087078
0.1358352 -0.711417 2.143454
-0.5979636 -0.9516674 2.016422
0.007502789 -0.9507095 2.15983
-0.5350982 -0.9975126 1.898957
0.06086532 -0.9968943 2.040851
9
-0.0868464 -0.4512675 2.222669
-0.1579891 -0.4487377 2.160435
-0.01287581 -0.4390587 2.212023
-0.3589884 -0.6938938 2.089073
0.1434412 -0.716777 2.143553
-0.5955601 -0.9525249 2.015893
0.0139382 -0.9479213 2.159226
-0.5333618 -0.998603 1.898213
0.06656948 -0.9943899 2.04002
9
-0.0868464 -0.4512675 2.222669
-0.1579891 -0.4487377 2.160435
-0.01287581 -0.4390587 2.212023
-0.3589884 -0.6938938 2.089073
0.1434412 -0.716777 2.143553
-0.5955601 -0.9525249 2.015893
0.0139382 -0.9479213 2.159226
-0.5333618 -0.998603 1.898213
0.06656948 -0.9943899 2.04002
9
-0.08107135 -0.4563375 2.224152
-0.152563 -0.453321 2.162074
-0.006962758 -0.4444535 2.213372
-0.3550758 -0.6972478 2.090671
0.1500746 -0.7215863 2.144655
-0.5925462 -0.9532465 2.016177
0.01421599 -0.9487259 2.15934
-0.5314094 -0.9995185 1.89802
0.06582798 -0.9953914 2.03967
9
-0.08107135 -0.4563375 2.224152
-0.152563 -0.453321 2.162074
-0.006962758 -0.4444535 2.213372
-0.3550758 -0.6972478 2.090671
0.1500746 -0.7215863 2.144655
-0.5925462 -0.9532465 2.016177
0.01421599 -0.9487259 2.15934
-0.5314094 -0.9995185 1.89802
0.06582798 -0.9953914 2.03967
9
-0.0706083 -0.4629297 2.259799
-0.140447 -0.461156 2.20066
0.001584004 -0.4498817 2.246243
-0.3476157 -0.6937639 2.090719
0.1551226 -0.722815 2.140102
-0.588184 -0.9513233 2.017069
0.04200328 -0.9958061 2.148311
-0.528008 -1.000166 1.900202
0.09229432 -1.044358 2.030264
9
-0.0706083 -0.4629297 2.259799
-0.140447 -0.461156 2.20066
0.001584004 -0.4498817 2.246243
-0.3476157 -0.6937639 2.090719
0.1551226 -0.722815 2.140102
-0.588184 -0.9513233 2.017069
0.04200328 -0.9958061 2.148311
-0.528008 -1.000166 1.900202
0.09229432 -1.044358 2.030264
9
-0.0723539 -0.4748506 2.265241
-0.1420141 -0.4736075 2.208912
-0.0003506726 -0.4611309 2.249277
-0.3769389 -0.6743968 2.085877
0.2237271 -0.6791314 2.13371
-0.5774824 -0.9439625 2.0212
0.01530183 -0.9672947 2.167306
-0.5179253 -0.9933817 1.904322
0.06554251 -1.01679 2.049123
9
-0.0723539 -0.4748506 2.265241
-0.1420141 -0.4736075 2.208912
-0.0003506726 -0.4611309 2.249277
-0.3769389 -0.6743968 2.085877
0.2237271 -0.6791314 2.13371
-0.5774824 -0.9439625 2.0212
0.01530183 -0.9672947 2.167306
-0.5179253 -0.9933817 1.904322
0.06554251 -1.01679 2.049123
9
-0.0708572 -0.478061 2.266896
-0.1403179 -0.4768291 2.211481
0.0009080994 -0.4641644 2.250026
-0.3786136 -0.6733156 2.086585
0.2247318 -0.6817867 2.131862
-0.5709502 -0.9396592 2.02314
0.01652048 -0.9673144 2.167089
-0.5118639 -0.9893684 1.906162
0.06636734 -1.017041 2.048859
9
-0.0708572 -0.478061 2.266896
-0.1403179 -0.4768291 2.211481
0.0009080994 -0.4641644 2.250026
-0.3786136 -0.6733156 2.086585
0.2247318 -0.6817867 2.131862
-0.5709502 -0.9396592 2.02314
0.01652048 -0.9673144 2.167089
-0.5118639 -0.9893684 1.906162
0.06636734 -1.017041 2.048859
9
-0.07128578 -0.4806522 2.267671
-0.1409563 -0.4787441 2.212759
0.0007032019 -0.4675492 2.250142
-0.3802553 -0.6733698 2.085474
0.2268177 -0.6828838 2.131191
-0.5686752 -0.9387785 2.023352
0.01669604 -0.9697164 2.166818
-0.5105529 -0.9887658 1.906021
0.06560895 -1.01968 2.048264
9
-0.07128578 -0.4806522 2.267671
-0.1409563 -0.4787441 2.212759
0.0007032019 -0.4675492 2.250142
-0.3802553 -0.6733698 2.085474
0.2268177 -0.6828838 2.131191
-0.5686752 -0.9387785 2.023352
0.01669604 -0.9697164 2.166818
-0.5105529 -0.9887658 1.906021
0.06560895 -1.01968 2.048264
9
-0.07092987 -0.4819095 2.268049
-0.1405682 -0.4797646 2.213309
0.0009942035 -0.4689304 2.250279
-0.3808234 -0.6731587 2.084926
0.2280096 -0.6833448 2.130388
-0.5683253 -0.9388081 2.023247
0.01600627 -0.9716452 2.166623
-0.5102289 -0.9889007 1.905983
0.06490825 -1.02169 2.048147
9
-0.07092987 -0.4819095 2.268049
-0.1405682 -0.4797646 2.213309
0.0009942035 -0.4689304 2.250279
-0.3808234 -0.6731587 2.084926
0.2280096 -0.6833448 2.130388
-0.5683253 -0.9388081 2.023247
0.01600627 -0.9716452 2.166623
-0.5102289 -0.9889007 1.905983
0.06490825 -1.02169 2.048147
9
-0.07073687 -0.4821416 2.268233
-0.1405568 -0.4798578 2.213518
0.001497803 -0.4693705 2.250402
-0.3810922 -0.6731315 2.084764
0.2283767 -0.6839917 2.129788
-0.5672116 -0.93804 2.023552
0.01598678 -0.9721875 2.166749
-0.509699 -0.9883161 1.906085
0.06432097 -1.0224 2.048083
9
-0.07073687 -0.4821416 2.268233
-0.1405568 -0.4798578 2.213518
0.001497803 -0.4693705 2.250402
-0.3810922 -0.6731315 2.084764
0.2283767 -0.6839917 2.129788
-0.5672116 -0.93804 2.023552
0.01598678 -0.9721875 2.166749
-0.509699 -0.9883161 1.906085
0.06432097 -1.0224 2.048083
9
-0.07073687 -0.4821416 2.268233
-0.1405568 -0.4798578 2.213518
0.001497803 -0.4693705 2.250402
-0.3810922 -0.6731315 2.084764
0.2283767 -0.6839917 2.129788
-0.5672116 -0.93804 2.023552
0.01598678 -0.9721875 2.166749
-0.509699 -0.9883161 1.906085
0.06432097 -1.0224 2.048083
9
-0.07073687 -0.4821416 2.268233
-0.1405568 -0.4798578 2.213518
0.001497803 -0.4693705 2.250402
-0.3810922 -0.6731315 2.084764
0.2283767 -0.6839917 2.129788
-0.5672116 -0.93804 2.023552
0.01598678 -0.9721875 2.166749
-0.509699 -0.9883161 1.906085
0.06432097 -1.0224 2.048083
9
-0.07073687 -0.4821416 2.268233
-0.1405568 -0.4798578 2.213518
0.001497803 -0.4693705 2.250402
-0.3810922 -0.6731315 2.084764
0.2283767 -0.6839917 2.129788
-0.5672116 -0.93804 2.023552
0.01598678 -0.9721875 2.166749
-0.509699 -0.9883161 1.906085
0.06432097 -1.0224 2.048083
9
-0.07073687 -0.4821416 2.268233
-0.1405568 -0.4798578 2.213518
0.001497803 -0.4693705 2.250402
-0.3810922 -0.6731315 2.084764
0.2283767 -0.6839917 2.129788
-0.5672116 -0.93804 2.023552
0.01598678 -0.9721875 2.166749
-0.509699 -0.9883161 1.906085
0.06432097 -1.0224 2.048083
9
-0.07255732 -0.4809193 2.268521
-0.1434867 -0.4777959 2.21405
0.0004933181 -0.4687075 2.250487
-0.3842647 -0.6707209 2.084509
0.2259222 -0.6841776 2.12731
-0.5668762 -0.9375733 2.023612
0.01694188 -0.9718525 2.166337
-0.5093946 -0.9879598 1.906204
0.0652345 -1.022171 2.047733
9
-0.07255732 -0.4809193 2.268521
-0.1434867 -0.4777959 2.21405
0.0004933181 -0.4687075 2.250487
-0.3842647 -0.6707209 2.084509
0.2259222 -0.6841776 2.12731
-0.5668762 -0.9375733 2.023612
0.01694188 -0.9718525 2.166337
-0.5093946 -0.9879598 1.906204
0.0652345 -1.022171 2.047733
9
-0.08039472 -0.4787671 2.267758
-0.1525465 -0.4747904 2.212809
-0.00590536 -0.4673245 2.250034
-0.3884309 -0.6736482 2.083322
0.2215663 -0.6815702 2.128053
-0.5669389 -0.9374712 2.023534
0.01671799 -0.971545 2.166476
-0.509595 -0.9881274 1.90625
0.0648744 -1.022137 2.047994
9
-0.08039472 -0.4787671 2.267758
-0.1525465 -0.4747904 2.212809
-0.00590536 -0.4673245 2.250034
-0.3884309 -0.6736482 2.083322
0.2215663 -0.6815702 2.128053
-0.5669389 -0.9374712 2.023534
0.01671799 -0.971545 2.166476
-0.509595 -0.9881274 1.90625
0.0648744 -1.022137 2.047994
9
-0.08719178 -0.4753499 2.265978
-0.1591608 -0.471021 2.211394
-0.0125629 -0.4643846 2.247844
-0.3930319 -0.6722342 2.081415
0.2167745 -0.6785064 2.129468
-0.5674676 -0.9375398 2.023385
0.01604975 -0.9719872 2.166924
-0.511528 -0.9882154 1.905333
0.06280341 -1.022597 2.047673
9
-0.08719178 -0.4753499 2.265978
-0.1591608 -0.471021 2.211394
-0.0125629 -0.4643846 2.247844
-0.3930319 -0.6722342 2.081415
0.2167745 -0.6785064 2.129468
-0.5674676 -0.9375398 2.023385
0.01604975 -0.9719872 2.166924
-0.511528 -0.9882154 1.905333
0.06280341 -1.022597 2.047673
9
-0.0936512 -0.468555 2.265343
-0.165957 -0.4636966 2.21115
-0.01844102 -0.458315 2.246785
-0.3980095 -0.6675028 2.081681
0.2102041 -0.6743248 2.130234
-0.5730101 -0.9387351 2.02227
0.01516173 -0.9734554 2.167462
-0.5178796 -0.9894025 1.903769
0.06103536 -1.024054 2.047738
9
-0.0936512 -0.468555 2.265343
-0.165957 -0.4636966 2.21115
-0.01844102 -0.458315 2.246785
-0.3980095 -0.6675028 2.081681
0.2102041 -0.6743248 2.130234
-0.5730101 -0.9387351 2.02227
0.01516173 -0.9734554 2.167462
-0.5178796 -0.9894025 1.903769
0.06103536 -1.024054 2.047738
9
-0.0936512 -0.468555 2.265343
-0.165957 -0.4636966 2.21115
-0.01844102 -0.458315 2.246785
-0.3980095 -0.6675028 2.081681
0.2102041 -0.6743248 2.130234
-0.5730101 -0.9387351 2.02227
0.01516173 -0.9734554 2.167462
-0.5178796 -0.9894025 1.903769
0.06103536 -1.024054 2.047738
9
-0.0936512 -0.468555 2.265343
-0.165957 -0.4636966 2.21115
-0.01844102 -0.458315 2.246785
-0.3980095 -0.6675028 2.081681
0.2102041 -0.6743248 2.130234
-0.5730101 -0.9387351 2.02227
0.01516173 -0.9734554 2.167462
-0.5178796 -0.9894025 1.903769
0.06103536 -1.024054 2.047738
9
-0.1130803 -0.4521659 2.260623
-0.1846412 -0.4478405 2.20668
-0.03790298 -0.4419253 2.241695
-0.4070421 -0.6639433 2.08175
0.1907991 -0.6624481 2.136545
-0.5744578 -0.9384542 2.022573
0.0117754 -0.9759518 2.169337
-0.5203823 -0.9886075 1.90312
0.05662506 -1.026008 2.048669
