40
9
-0.09087019 -0.4212445 2.169918
-0.1746047 -0.4240721 2.130186
-0.003878494 -0.4042956 2.136047
-0.3265077 -0.6983881 2.123904
0.1470031 -0.6701007 2.003842
-0.5456043 -0.9523377 2.13627
0.08814046 -0.971453 2.076305
-0.5300335 -1.001195 2.00493
0.09401137 -1.019326 1.944395
9
-0.07209294 -0.4343489 2.16933
-0.1566577 -0.4368029 2.129791
0.01486082 -0.4171449 2.135347
-0.3245076 -0.7016248 2.124233
0.1685985 -0.6770169 1.992359
-0.5358387 -0.9444981 2.134243
0.08856894 -0.9729767 2.07454
-0.5204841 -0.993936 2.003156
0.09434055 -1.021323 1.942963
9
-0.07209294 -0.4343489 2.16933
-0.1566577 -0.4368029 2.129791
0.01486082 -0.4171449 2.135347
-0.3245076 -0.7016248 2.124233
0.1685985 -0.6770169 1.992359
-0.5358387 -0.9444981 2.134243
0.08856894 -0.9729767 2.07454
-0.5204841 -0.993936 2.003156
0.09434055 -1.021323 1.942963
9
-0.07209294 -0.4343489 2.16933
-0.1566577 -0.4368029 2.129791
0.01486082 -0.4171449 2.135347
-0.3245076 -0.7016248 2.124233
0.1685985 -0.6770169 1.992359
-0.5358387 -0.9444981 2.134243
0.08856894 -0.9729767 2.07454
-0.5204841 -0.993936 2.003156
0.09434055 -1.021323 1.942963
9
-0.07209294 -0.4343489 2.16933
-0.1566577 -0.4368029 2.129791
0.01486082 -0.4171449 2.135347
-0.3245076 -0.7016248 2.124233
0.1685985 -0.6770169 1.992359
-0.5358387 -0.9444981 2.134243
0.08856894 -0.9729767 2.07454
-0.5204841 -0.993936 2.003156
0.09434055 -1.021323 1.942963
9
-0.04538552 -0.4585741 2.167034
-0.1297342 -0.4593536 2.129196
0.04061861 -0.4424035 2.131466
-0.3179198 -0.7104244 2.123047
0.1928705 -0.6980466 1.977924
-0.529641 -0.9416005 2.132771
0.09011357 -0.9739656 2.071151
-0.516988 -0.9920335 2.002135
0.093239 -1.023253 1.940071
9
-0.04538552 -0.4585741 2.167034
-0.1297342 -0.4593536 2.129196
0.04061861 -0.4424035 2.131466
-0.3179198 -0.7104244 2.123047
0.1928705 -0.6980466 1.977924
-0.529641 -0.9416005 2.132771
0.09011357 -0.9739656 2.071151
-0.516988 -0.9920335 2.002135
0.093239 -1.023253 1.940071
9
-0.03160527 -0.4669505 2.197703
-0.1139663 -0.4669575 2.162055
0.05198105 -0.4513228 2.160106
-0.311897 -0.713787 2.119633
0.1967515 -0.6926488 1.970924
-0.5275534 -0.9425393 2.131269
0.0986908 -0.9691271 2.056706
-0.5134306 -0.9960656 2.002852
0.103166 -1.021507 1.927859
9
-0.03160527 -0.4669505 2.197703
-0.1139663 -0.4669575 2.162055
0.05198105 -0.4513228 2.160106
-0.311897 -0.713787 2.119633
0.1967515 -0.6926488 1.970924
-0.5275534 -0.9425393 2.131269
0.0986908 -0.9691271 2.056706
-0.5134306 -0.9960656 2.002852
0.103166 -1.021507 1.927859
9
-0.02698026 -0.4836189 2.203698
-0.1102427 -0.4819275 2.169012
0.05732879 -0.4693817 2.165135
-0.3265377 -0.7130627 2.121699
0.2475954 -0.6359586 1.929978
-0.5274037 -0.9431953 2.130156
0.09981219 -0.9714162 2.05463
-0.5139694 -0.997668 2.002392
0.10358 -1.024715 1.926452
9
-0.02698026 -0.4836189 2.203698
-0.1102427 -0.4819275 2.169012
0.05732879 -0.4693817 2.165135
-0.3265377 -0.7130627 2.121699
0.2475954 -0.6359586 1.929978
-0.5274037 -0.9431953 2.130156
0.09981219 -0.9714162 2.05463
-0.5139694 -0.997668 2.002392
0.10358 -1.024715 1.926452
9
-0.02298434 -0.4906496 2.204383
-0.1065853 -0.4883991 2.170369
0.06148063 -0.4766999 2.165158
-0.328819 -0.7139388 2.121969
0.2512179 -0.6382631 1.925445
-0.526803 -0.9439224 2.128721
0.146162 -1.015594 2.004536
-0.5143049 -0.9988157 2.001235
0.148231 -1.068455 1.877104
9
-0.02298434 -0.4906496 2.204383
-0.1065853 -0.4883991 2.170369
0.06148063 -0.4766999 2.165158
-0.328819 -0.7139388 2.121969
0.2512179 -0.6382631 1.925445
-0.526803 -0.9439224 2.128721
0.146162 -1.015594 2.004536
-0.5143049 -0.9988157 2.001235
0.148231 -1.068455 1.877104
9
-0.01839206 -0.4973677 2.204714
-0.1023536 -0.494752 2.171453
0.06627155 -0.4835631 2.164766
-0.3297272 -0.7152361 2.122634
0.2550544 -0.640521 1.920657
-0.5250981 -0.9444605 2.127856
0.147384 -1.016683 2.001497
-0.513463 -0.999606 2.00053
0.148591 -1.069778 1.874243
9
-0.01839206 -0.4973677 2.204714
-0.1023536 -0.494752 2.171453
0.06627155 -0.4835631 2.164766
-0.3297272 -0.7152361 2.122634
0.2550544 -0.640521 1.920657
-0.5250981 -0.9444605 2.127856
0.147384 -1.016683 2.001497
-0.513463 -0.999606 2.00053
0.148591 -1.069778 1.874243
9
-0.01438353 -0.5017399 2.204882
-0.09850202 -0.498905 2.172115
0.07028364 -0.4879947 2.164476
-0.3294751 -0.715743 2.123062
0.2579263 -0.6427995 1.917805
-0.5234347 -0.9454436 2.126704
0.1017182 -0.9747421 2.049573
-0.5128769 -1.00073 1.999467
0.1026272 -1.028834 1.921947
9
-0.01438353 -0.5017399 2.204882
-0.09850202 -0.498905 2.172115
0.07028364 -0.4879947 2.164476
-0.3294751 -0.715743 2.123062
0.2579263 -0.6427995 1.917805
-0.5234347 -0.9454436 2.126704
0.1017182 -0.9747421 2.049573
-0.5128769 -1.00073 1.999467
0.1026272 -1.028834 1.921947
9
-0.01218669 -0.5046058 2.204545
-0.09627479 -0.5016658 2.171884
0.07235233 -0.4908426 2.164069
-0.3321779 -0.7133283 2.123033
0.2596935 -0.6434649 1.915554
-0.5217041 -0.9452971 2.126266
0.1006809 -0.975623 2.049404
-0.5119461 -1.000664 1.999069
0.1008307 -1.029785 1.921826
9
-0.01218669 -0.5046058 2.204545
-0.09627479 -0.5016658 2.171884
0.07235233 -0.4908426 2.164069
-0.3321779 -0.7133283 2.123033
0.2596935 -0.6434649 1.915554
-0.5217041 -0.9452971 2.126266
0.1006809 -0.975623 2.049404
-0.5119461 -1.000664 1.999069
0.1008307 -1.029785 1.921826
9
-0.01026584 -0.5066413 2.203785
-0.0943829 -0.5036021 2.171308
0.07422984 -0.4929 2.163141
-0.3303726 -0.7152054 2.124451
0.2610803 -0.6446123 1.913578
-0.5187521 -0.9452671 2.125317
0.1010094 -0.9778168 2.050508
-0.5096242 -1.000608 1.998091
0.1005653 -1.031939 1.922919
9
-0.01026584 -0.5066413 2.203785
-0.0943829 -0.5036021 2.171308
0.07422984 -0.4929 2.163141
-0.3303726 -0.7152054 2.124451
0.2610803 -0.6446123 1.913578
-0.5187521 -0.9452671 2.125317
0.1010094 -0.9778168 2.050508
-0.5096242 -1.000608 1.998091
0.1005653 -1.031939 1.922919
9
-0.009840583 -0.5069567 2.203719
-0.09402612 -0.5038376 2.171326
0.07472022 -0.4932986 2.162978
-0.3301241 -0.7153261 2.124323
0.2614521 -0.6446589 1.913065
-0.5172678 -0.9445134 2.124784
0.1491666 -1.019072 1.996568
-0.5086055 -0.9998944 1.997572
0.1474734 -1.072368 1.869476
9
-0.009840583 -0.5069567 2.203719
-0.09402612 -0.5038376 2.171326
0.07472022 -0.4932986 2.162978
-0.3301241 -0.7153261 2.124323
0.2614521 -0.6446589 1.913065
-0.5172678 -0.9445134 2.124784
0.1491666 -1.019072 1.996568
-0.5086055 -0.9998944 1.997572
0.1474734 -1.072368 1.869476
9
-0.01002117 -0.507079 2.203591
-0.09411094 -0.5038584 2.171267
0.07440577 -0.4935828 2.162755
-0.3300983 -0.7154649 2.124414
0.2615307 -0.6445488 1.912894
-0.5171412 -0.9445234 2.124636
0.1488034 -1.018586 1.997326
-0.508698 -0.9998907 1.997438
0.1468989 -1.07188 1.87024
9
-0.01002117 -0.507079 2.203591
-0.09411094 -0.5038584 2.171267
0.07440577 -0.4935828 2.162755
-0.3300983 -0.7154649 2.124414
0.2615307 -0.6445488 1.912894
-0.5171412 -0.9445234 2.124636
0.1488034 -1.018586 1.997326
-0.508698 -0.9998907 1.997438
0.1468989 -1.07188 1.87024
9
-0.01095066 -0.5066829 2.203548
-0.09514926 -0.5032553 2.171256
0.0735929 -0.4933604 2.162709
-0.3382008 -0.7070134 2.123572
0.2607323 -0.6439899 1.912608
-0.5174524 -0.9448911 2.124396
0.1481735 -1.018057 1.997116
-0.5093102 -1.000259 1.997207
0.1459755 -1.071363 1.870032
9
-0.01095066 -0.5066829 2.203548
-0.09514926 -0.5032553 2.171256
0.0735929 -0.4933604 2.162709
-0.3382008 -0.7070134 2.123572
0.2607323 -0.6439899 1.912608
-0.5174524 -0.9448911 2.124396
0.1481735 -1.018057 1.997116
-0.5093102 -1.000259 1.997207
0.1459755 -1.071363 1.870032
9
-0.01385626 -0.5044458 2.20339
-0.09803396 -0.5007993 2.171217
0.07076471 -0.4913854 2.162453
-0.3366332 -0.709559 2.125997
0.2585989 -0.6424587 1.913226
-0.5179024 -0.945007 2.124383
0.149107 -1.018007 1.995487
-0.5102141 -1.000308 1.997173
0.1464344 -1.071238 1.868387
9
-0.01385626 -0.5044458 2.20339
-0.09803396 -0.5007993 2.171217
0.07076471 -0.4913854 2.162453
-0.3366332 -0.709559 2.125997
0.2585989 -0.6424587 1.913226
-0.5179024 -0.945007 2.124383
0.149107 -1.018007 1.995487
-0.5102141 -1.000308 1.997173
0.1464344 -1.071238 1.868387
9
-0.01927128 -0.5001893 2.203771
-0.1031709 -0.4961496 2.17181
0.06524259 -0.4876259 2.16263
-0.3462998 -0.699794 2.12552
0.2543815 -0.6398559 1.91529
-0.5220512 -0.9461968 2.124923
0.1487519 -1.016855 1.996103
-0.5154596 -1.001382 1.997662
0.1449333 -1.069996 1.868926
9
-0.01927128 -0.5001893 2.203771
-0.1031709 -0.4961496 2.17181
0.06524259 -0.4876259 2.16263
-0.3462998 -0.699794 2.12552
0.2543815 -0.6398559 1.91529
-0.5220512 -0.9461968 2.124923
0.1487519 -1.016855 1.996103
-0.5154596 -1.001382 1.997662
0.1449333 -1.069996 1.868926
9
-0.02621893 -0.4928173 2.204769
-0.1094004 -0.4891294 2.172413
0.0578003 -0.4801503 2.164019
-0.3444774 -0.7016894 2.128096
0.2468245 -0.6360431 1.919153
-0.5233683 -0.9455236 2.125906
0.1479208 -1.015373 1.99773
-0.5166335 -1.000615 1.998536
0.1442447 -1.068435 1.870429
9
-0.02621893 -0.4928173 2.204769
-0.1094004 -0.4891294 2.172413
0.0578003 -0.4801503 2.164019
-0.3444774 -0.7016894 2.128096
0.2468245 -0.6360431 1.919153
-0.5233683 -0.9455236 2.125906
0.1479208 -1.015373 1.99773
-0.5166335 -1.000615 1.998536
0.1442447 -1.068435 1.870429
9
-0.03514048 -0.4834684 2.206346
-0.118513 -0.4800695 2.173777
0.04939488 -0.4708363 2.16575
-0.3478178 -0.7015109 2.130981
0.2379496 -0.6292652 1.922186
-0.5367433 -0.9491764 2.127061
0.151582 -1.013158 1.994118
-0.5292798 -1.004203 1.999717
0.148387 -1.066185 1.866788
9
-0.03514048 -0.4834684 2.206346
-0.118513 -0.4800695 2.173777
0.04939488 -0.4708363 2.16575
-0.3478178 -0.7015109 2.130981
0.2379496 -0.6292652 1.922186
-0.5367433 -0.9491764 2.127061
0.151582 -1.013158 1.994118
-0.5292798 -1.004203 1.999717
0.148387 -1.066185 1.866788
9
-0.04754245 -0.4738423 2.207842
-0.1303169 -0.4710527 2.174262
0.03676973 -0.4608755 2.168256
-0.3581341 -0.7064456 2.134028
0.2286281 -0.6226365 1.930108
-0.5361096 -0.9483348 2.127523
0.1512185 -1.009306 1.997989
-0.5284265 -1.00325 2.000104
0.1482623 -1.062285 1.870553
9
-0.04754245 -0.4738423 2.207842
-0.1303169 -0.4710527 2.174262
0.03676973 -0.4608755 2.168256
-0.3581341 -0.7064456 2.134028
0.2286281 -0.6226365 1.930108
-0.5361096 -0.9483348 2.127523
0.1512185 -1.009306 1.997989
-0.5284265 -1.00325 2.000104
0.1482623 -1.062285 1.870553
9
-0.056933 -0.4634932 2.210787
-0.1396941 -0.4610911 2.176648
0.02771924 -0.4505247 2.171683
-0.363753 -0.7038906 2.135904
0.219824 -0.6161304 1.93672
-0.5346361 -0.9451758 2.131665
0.1504141 -1.005315 1.999775
-0.5262808 -1.000257 2.004315
0.07946445 -1.010532 2.036779
9
-0.056933 -0.4634932 2.210787
-0.1396941 -0.4610911 2.176648
0.02771924 -0.4505247 2.171683
-0.363753 -0.7038906 2.135904
0.219824 -0.6161304 1.93672
-0.5346361 -0.9451758 2.131665
0.1504141 -1.005315 1.999775
-0.5262808 -1.000257 2.004315
0.07946445 -1.010532 2.036779
9
-0.06541827 -0.4531031 2.213198
-0.1477354 -0.4518236 2.177881
0.01902913 -0.4392573 2.175316
-0.3679172 -0.7038363 2.13812
0.2098282 -0.6127974 1.945863
-0.5365617 -0.9467761 2.133694
0.1456878 -1.003543 2.006104
-0.5270081 -1.00186 2.006388
0.07518174 -1.012782 2.042068
