40
9
-0.1487649 -0.07819799 1.836546
-0.2241488 -0.08354679 1.794765
-0.06737045 -0.06982121 1.804981
-0.3550714 -0.409979 1.808505
0.09279506 -0.3907404 1.698908
-0.5187231 -0.746434 1.833821
0.08562823 -0.7412062 1.661707
-0.5063692 -0.7816535 1.720362
0.115086 -0.8000078 1.597028
9
-0.1366969 -0.08501104 1.832729
-0.2127549 -0.09068725 1.790669
-0.05514104 -0.07597016 1.801409
-0.3412647 -0.4108602 1.803265
0.1037957 -0.3884615 1.693567
-0.5187329 -0.7465767 1.833619
0.08884993 -0.7428709 1.660019
-0.5065852 -0.7815441 1.720022
0.1167844 -0.8005295 1.596588
9
-0.1366969 -0.08501104 1.832729
-0.2127549 -0.09068725 1.790669
-0.05514104 -0.07597016 1.801409
-0.3412647 -0.4108602 1.803265
0.1037957 -0.3884615 1.693567
-0.5187329 -0.7465767 1.833619
0.08884993 -0.7428709 1.660019
-0.5065852 -0.7815441 1.720022
0.1167844 -0.8005295 1.596588
9
-0.1219645 -0.09293722 1.828838
-0.1982328 -0.09918323 1.787106
-0.04077729 -0.08299661 1.797161
-0.3353517 -0.4162455 1.80063
0.1185428 -0.3874296 1.685327
-0.5183276 -0.7465166 1.833234
0.09416156 -0.7446641 1.658207
-0.5065552 -0.781321 1.719546
0.1194884 -0.8007216 1.594583
9
-0.1219645 -0.09293722 1.828838
-0.1982328 -0.09918323 1.787106
-0.04077729 -0.08299661 1.797161
-0.3353517 -0.4162455 1.80063
0.1185428 -0.3874296 1.685327
-0.5183276 -0.7465166 1.833234
0.09416156 -0.7446641 1.658207
-0.5065552 -0.781321 1.719546
0.1194884 -0.8007216 1.594583
9
-0.107987 -0.1017357 1.823268
-0.1841307 -0.1088101 1.781572
-0.02747188 -0.09062263 1.791538
-0.3260695 -0.4223064 1.796921
0.132033 -0.3873048 1.678849
-0.5166886 -0.746518 1.832219
0.09781114 -0.7449535 1.656381
-0.5052668 -0.7810871 1.718401
0.1233884 -0.8022968 1.594625
9
-0.107987 -0.1017357 1.823268
-0.1841307 -0.1088101 1.781572
-0.02747188 -0.09062263 1.791538
-0.3260695 -0.4223064 1.796921
0.132033 -0.3873048 1.678849
-0.5166886 -0.746518 1.832219
0.09781114 -0.7449535 1.656381
-0.5052668 -0.7810871 1.718401
0.1233884 -0.8022968 1.594625
9
-0.09343634 -0.1119557 1.81928
-0.1700213 -0.1192595 1.777936
-0.01307825 -0.1001536 1.787188
-0.310395 -0.4243795 1.792454
0.147619 -0.388134 1.671671
-0.512302 -0.74576 1.830333
0.1007314 -0.7444843 1.65406
-0.5011197 -0.780286 1.716473
0.1339742 -0.8074954 1.589203
9
-0.09343634 -0.1119557 1.81928
-0.1700213 -0.1192595 1.777936
-0.01307825 -0.1001536 1.787188
-0.310395 -0.4243795 1.792454
0.147619 -0.388134 1.671671
-0.512302 -0.74576 1.830333
0.1007314 -0.7444843 1.65406
-0.5011197 -0.780286 1.716473
0.1339742 -0.8074954 1.589203
9
-0.09343634 -0.1119557 1.81928
-0.1700213 -0.1192595 1.777936
-0.01307825 -0.1001536 1.787188
-0.310395 -0.4243795 1.792454
0.147619 -0.388134 1.671671
-0.512302 -0.74576 1.830333
0.1007314 -0.7444843 1.65406
-0.5011197 -0.780286 1.716473
0.1339742 -0.8074954 1.589203
9
-0.09343634 -0.1119557 1.81928
-0.1700213 -0.1192595 1.777936
-0.01307825 -0.1001536 1.787188
-0.310395 -0.4243795 1.792454
0.147619 -0.388134 1.671671
-0.512302 -0.74576 1.830333
0.1007314 -0.7444843 1.65406
-0.5011197 -0.780286 1.716473
0.1339742 -0.8074954 1.589203
9
-0.05574975 -0.1380858 1.808141
-0.1329069 -0.1464344 1.767123
0.02368348 -0.1241723 1.775729
-0.264034 -0.4284179 1.780048
0.1851257 -0.39082 1.651659
-0.5053722 -0.7455032 1.827997
0.1041788 -0.7456324 1.650941
-0.4942318 -0.7801074 1.714164
0.1434727 -0.8128632 1.58373
9
-0.05574975 -0.1380858 1.808141
-0.1329069 -0.1464344 1.767123
0.02368348 -0.1241723 1.775729
-0.264034 -0.4284179 1.780048
0.1851257 -0.39082 1.651659
-0.5053722 -0.7455032 1.827997
0.1041788 -0.7456324 1.650941
-0.4942318 -0.7801074 1.714164
0.1434727 -0.8128632 1.58373
9
-0.05028075 -0.1415442 1.806635
-0.1278278 -0.149819 1.765846
0.02931936 -0.127539 1.773991
-0.2676529 -0.4413429 1.781961
0.1870167 -0.3918574 1.651248
-0.5005737 -0.744083 1.826134
0.1070648 -0.7464932 1.648441
-0.4895387 -0.7787761 1.712314
0.1447993 -0.8135085 1.584487
9
-0.05028075 -0.1415442 1.806635
-0.1278278 -0.149819 1.765846
0.02931936 -0.127539 1.773991
-0.2676529 -0.4413429 1.781961
0.1870167 -0.3918574 1.651248
-0.5005737 -0.744083 1.826134
0.1070648 -0.7464932 1.648441
-0.4895387 -0.7787761 1.712314
0.1447993 -0.8135085 1.584487
9
-0.05028075 -0.1415442 1.806635
-0.1278278 -0.149819 1.765846
0.02931936 -0.127539 1.773991
-0.2676529 -0.4413429 1.781961
0.1870167 -0.3918574 1.651248
-0.5005737 -0.744083 1.826134
0.1070648 -0.7464932 1.648441
-0.4895387 -0.7787761 1.712314
0.1447993 -0.8135085 1.584487
9
-0.05028075 -0.1415442 1.806635
-0.1278278 -0.149819 1.765846
0.02931936 -0.127539 1.773991
-0.2676529 -0.4413429 1.781961
0.1870167 -0.3918574 1.651248
-0.5005737 -0.744083 1.826134
0.1070648 -0.7464932 1.648441
-0.4895387 -0.7787761 1.712314
0.1447993 -0.8135085 1.584487
9
-0.05028075 -0.1415442 1.806635
-0.1278278 -0.149819 1.765846
0.02931936 -0.127539 1.773991
-0.2676529 -0.4413429 1.781961
0.1870167 -0.3918574 1.651248
-0.5005737 -0.744083 1.826134
0.1070648 -0.7464932 1.648441
-0.4895387 -0.7787761 1.712314
0.1447993 -0.8135085 1.584487
9
-0.05028075 -0.1415442 1.806635
-0.1278278 -0.149819 1.765846
0.02931936 -0.127539 1.773991
-0.2676529 -0.4413429 1.781961
0.1870167 -0.3918574 1.651248
-0.5005737 -0.744083 1.826134
0.1070648 -0.7464932 1.648441
-0.4895387 -0.7787761 1.712314
0.1447993 -0.8135085 1.584487
9
-0.05028075 -0.1415442 1.806635
-0.1278278 -0.149819 1.765846
0.02931936 -0.127539 1.773991
-0.2676529 -0.4413429 1.781961
0.1870167 -0.3918574 1.651248
-0.5005737 -0.744083 1.826134
0.1070648 -0.7464932 1.648441
-0.4895387 -0.7787761 1.712314
0.1447993 -0.8135085 1.584487
9
-0.05028075 -0.1415442 1.806635
-0.1278278 -0.149819 1.765846
0.02931936 -0.127539 1.773991
-0.2676529 -0.4413429 1.781961
0.1870167 -0.3918574 1.651248
-0.5005737 -0.744083 1.826134
0.1070648 -0.7464932 1.648441
-0.4895387 -0.7787761 1.712314
0.1447993 -0.8135085 1.584487
9
-0.05028075 -0.1415442 1.806635
-0.1278278 -0.149819 1.765846
0.02931936 -0.127539 1.773991
-0.2676529 -0.4413429 1.781961
0.1870167 -0.3918574 1.651248
-0.5005737 -0.744083 1.826134
0.1070648 -0.7464932 1.648441
-0.4895387 -0.7787761 1.712314
0.1447993 -0.8135085 1.584487
9
-0.006277842 -0.1759953 1.794141
-0.0836249 -0.1850725 1.754677
0.07131986 -0.1597262 1.760278
-0.2322504 -0.4571149 1.770864
0.2314502 -0.4204907 1.63514
-0.5102773 -0.7845266 1.826025
0.1148065 -0.7476926 1.643081
-0.5915461 -0.8200957 1.782427
0.1454775 -0.8137909 1.583696
9
-0.005191847 -0.1769018 1.793944
-0.08292593 -0.1855705 1.754473
0.07283625 -0.1611226 1.760114
-0.231567 -0.4576052 1.770645
0.2348481 -0.4205429 1.634577
-0.5092463 -0.7854986 1.824962
0.1176896 -0.7485932 1.641786
-0.5928321 -0.815208 1.778934
0.1500013 -0.8155895 1.58569
9
-0.005191847 -0.1769018 1.793944
-0.08292593 -0.1855705 1.754473
0.07283625 -0.1611226 1.760114
-0.231567 -0.4576052 1.770645
0.2348481 -0.4205429 1.634577
-0.5092463 -0.7854986 1.824962
0.1176896 -0.7485932 1.641786
-0.5928321 -0.815208 1.778934
0.1500013 -0.8155895 1.58569
9
-0.005191847 -0.1769018 1.793944
-0.08292593 -0.1855705 1.754473
0.07283625 -0.1611226 1.760114
-0.231567 -0.4576052 1.770645
0.2348481 -0.4205429 1.634577
-0.5092463 -0.7854986 1.824962
0.1176896 -0.7485932 1.641786
-0.5928321 -0.815208 1.778934
0.1500013 -0.8155895 1.58569
9
-0.00296315 -0.1781457 1.793568
-0.08047432 -0.1869726 1.75386
0.0747353 -0.162139 1.759948
-0.2298055 -0.4586321 1.77002
0.2420527 -0.4176573 1.632984
-0.5078685 -0.7862751 1.824029
0.1217584 -0.7500995 1.640947
-0.5920772 -0.8123138 1.776616
0.1519601 -0.8168564 1.584877
9
-0.00296315 -0.1781457 1.793568
-0.08047432 -0.1869726 1.75386
0.0747353 -0.162139 1.759948
-0.2298055 -0.4586321 1.77002
0.2420527 -0.4176573 1.632984
-0.5078685 -0.7862751 1.824029
0.1217584 -0.7500995 1.640947
-0.5920772 -0.8123138 1.776616
0.1519601 -0.8168564 1.584877
9
-0.00296315 -0.1781457 1.793568
-0.08047432 -0.1869726 1.75386
0.0747353 -0.162139 1.759948
-0.2298055 -0.4586321 1.77002
0.2420527 -0.4176573 1.632984
-0.5078685 -0.7862751 1.824029
0.1217584 -0.7500995 1.640947
-0.5920772 -0.8123138 1.776616
0.1519601 -0.8168564 1.584877
9
-0.00296315 -0.1781457 1.793568
-0.08047432 -0.1869726 1.75386
0.0747353 -0.162139 1.759948
-0.2298055 -0.4586321 1.77002
0.2420527 -0.4176573 1.632984
-0.5078685 -0.7862751 1.824029
0.1217584 -0.7500995 1.640947
-0.5920772 -0.8123138 1.776616
0.1519601 -0.8168564 1.584877
9
0.001535033 -0.1812054 1.792592
-0.07695729 -0.1891022 1.753065
0.08007854 -0.1660859 1.758794
-0.2264157 -0.4608007 1.768732
0.2474498 -0.421096 1.630937
-0.5063645 -0.7868391 1.822799
0.1264905 -0.7517435 1.639352
-0.5917509 -0.8107618 1.774863
0.1531626 -0.8169664 1.583058
9
0.001535033 -0.1812054 1.792592
-0.07695729 -0.1891022 1.753065
0.08007854 -0.1660859 1.758794
-0.2264157 -0.4608007 1.768732
0.2474498 -0.421096 1.630937
-0.5063645 -0.7868391 1.822799
0.1264905 -0.7517435 1.639352
-0.5917509 -0.8107618 1.774863
0.1531626 -0.8169664 1.583058
9
0.001535033 -0.1812054 1.792592
-0.07695729 -0.1891022 1.753065
0.08007854 -0.1660859 1.758794
-0.2264157 -0.4608007 1.768732
0.2474498 -0.421096 1.630937
-0.5063645 -0.7868391 1.822799
0.1264905 -0.7517435 1.639352
-0.5917509 -0.8107618 1.774863
0.1531626 -0.8169664 1.583058
9
0.001535033 -0.1812054 1.792592
-0.07695729 -0.1891022 1.753065
0.08007854 -0.1660859 1.758794
-0.2264157 -0.4608007 1.768732
0.2474498 -0.421096 1.630937
-0.5063645 -0.7868391 1.822799
0.1264905 -0.7517435 1.639352
-0.5917509 -0.8107618 1.774863
0.1531626 -0.8169664 1.583058
9
0.005988386 -0.1823959 1.791367
-0.07250849 -0.1902576 1.751695
0.08427618 -0.1671921 1.757732
-0.2247122 -0.4603341 1.767965
0.2508627 -0.4226345 1.6299
-0.5048085 -0.7864299 1.821289
0.1276729 -0.7541376 1.639016
-0.5916107 -0.8105087 1.773765
0.1543935 -0.8176077 1.582886
9
0.007086822 -0.1826151 1.790746
-0.07142922 -0.190338 1.751083
0.08534358 -0.1675222 1.757103
-0.2241971 -0.4600749 1.767514
0.2515318 -0.4233755 1.629788
-0.504074 -0.7864104 1.820631
0.1277711 -0.7546457 1.639004
-0.5909935 -0.8095618 1.772667
0.1545267 -0.8176967 1.582685
9
0.007086822 -0.1826151 1.790746
-0.07142922 -0.190338 1.751083
0.08534358 -0.1675222 1.757103
-0.2241971 -0.4600749 1.767514
0.2515318 -0.4233755 1.629788
-0.504074 -0.7864104 1.820631
0.1277711 -0.7546457 1.639004
-0.5909935 -0.8095618 1.772667
0.1545267 -0.8176967 1.582685
9
0.007086822 -0.1826151 1.790746
-0.07142922 -0.190338 1.751083
0.08534358 -0.1675222 1.757103
-0.2241971 -0.4600749 1.767514
0.2515318 -0.4233755 1.629788
-0.504074 -0.7864104 1.820631
0.1277711 -0.7546457 1.639004
-0.5909935 -0.8095618 1.772667
0.1545267 -0.8176967 1.582685
9
0.00736447 -0.1823878 1.790422
-0.07116107 -0.1900104 1.750744
0.08562145 -0.1673783 1.756783
-0.2239841 -0.4596943 1.767326
0.2517157 -0.4234215 1.629854
-0.5033561 -0.7865708 1.819956
0.1282741 -0.7540758 1.638617
-0.5904614 -0.8089422 1.771703
0.1547045 -0.8177072 1.582645
9
0.00736447 -0.1823878 1.790422
-0.07116107 -0.1900104 1.750744
0.08562145 -0.1673783 1.756783
-0.2239841 -0.4596943 1.767326
0.2517157 -0.4234215 1.629854
-0.5033561 -0.7865708 1.819956
0.1282741 -0.7540758 1.638617
-0.5904614 -0.8089422 1.771703
0.1547045 -0.8177072 1.582645
