40
9
-0.1937854 -0.3596861 2.177378
-0.2759654 -0.3615049 2.143755
-0.1050181 -0.3457972 2.137733
-0.4038744 -0.6577691 2.174461
0.04919903 -0.6316533 2.027134
-0.5716839 -0.9562258 2.232167
0.1077292 -0.9817944 2.047228
-0.5638062 -0.9983491 2.095688
0.1055714 -1.022153 1.910535
9
-0.1937854 -0.3596861 2.177378
-0.2759654 -0.3615049 2.143755
-0.1050181 -0.3457972 2.137733
-0.4038744 -0.6577691 2.174461
0.04919903 -0.6316533 2.027134
-0.5716839 -0.9562258 2.232167
0.1077292 -0.9817944 2.047228
-0.5638062 -0.9983491 2.095688
0.1055714 -1.022153 1.910535
9
-0.1937854 -0.3596861 2.177378
-0.2759654 -0.3615049 2.143755
-0.1050181 -0.3457972 2.137733
-0.4038744 -0.6577691 2.174461
0.04919903 -0.6316533 2.027134
-0.5716839 -0.9562258 2.232167
0.1077292 -0.9817944 2.047228
-0.5638062 -0.9983491 2.095688
0.1055714 -1.022153 1.910535
9
-0.1937854 -0.3596861 2.177378
-0.2759654 -0.3615049 2.143755
-0.1050181 -0.3457972 2.137733
-0.4038744 -0.6577691 2.174461
0.04919903 -0.6316533 2.027134
-0.5716839 -0.9562258 2.232167
0.1077292 -0.9817944 2.047228
-0.5638062 -0.9983491 2.095688
0.1055714 -1.022153 1.910535
9
-0.107099 -0.4068159 2.163661
-0.1912674 -0.4113342 2.129372
-0.01928021 -0.3885383 2.12479
-0.4026335 -0.6482545 2.179997
0.1392597 -0.6583615 1.975963
-0.5390825 -0.9433271 2.21462
0.1214628 -0.9813798 2.033249
-0.6104816 -0.9919635 2.187175
0.1176369 -1.023929 1.897877
9
-0.107099 -0.4068159 2.163661
-0.1912674 -0.4113342 2.129372
-0.01928021 -0.3885383 2.12479
-0.4026335 -0.6482545 2.179997
0.1392597 -0.6583615 1.975963
-0.5390825 -0.9433271 2.21462
0.1214628 -0.9813798 2.033249
-0.6104816 -0.9919635 2.187175
0.1176369 -1.023929 1.897877
9
-0.107099 -0.4068159 2.163661
-0.1912674 -0.4113342 2.129372
-0.01928021 -0.3885383 2.12479
-0.4026335 -0.6482545 2.179997
0.1392597 -0.6583615 1.975963
-0.5390825 -0.9433271 2.21462
0.1214628 -0.9813798 2.033249
-0.6104816 -0.9919635 2.187175
0.1176369 -1.023929 1.897877
9
-0.107099 -0.4068159 2.163661
-0.1912674 -0.4113342 2.129372
-0.01928021 -0.3885383 2.12479
-0.4026335 -0.6482545 2.179997
0.1392597 -0.6583615 1.975963
-0.5390825 -0.9433271 2.21462
0.1214628 -0.9813798 2.033249
-0.6104816 -0.9919635 2.187175
0.1176369 -1.023929 1.897877
9
-0.107099 -0.4068159 2.163661
-0.1912674 -0.4113342 2.129372
-0.01928021 -0.3885383 2.12479
-0.4026335 -0.6482545 2.179997
0.1392597 -0.6583615 1.975963
-0.5390825 -0.9433271 2.21462
0.1214628 -0.9813798 2.033249
-0.6104816 -0.9919635 2.187175
0.1176369 -1.023929 1.897877
9
-0.08054347 -0.4231257 2.196142
-0.1626407 -0.4255952 2.164292
0.004462718 -0.4065102 2.155078
-0.3121441 -0.7160594 2.144391
0.172028 -0.6468304 1.960439
-0.4887375 -0.9026278 2.204771
0.1248006 -0.9780189 2.028349
-0.4834005 -0.9518034 2.071741
0.1208374 -1.024926 1.89558
9
-0.08054347 -0.4231257 2.196142
-0.1626407 -0.4255952 2.164292
0.004462718 -0.4065102 2.155078
-0.3121441 -0.7160594 2.144391
0.172028 -0.6468304 1.960439
-0.4887375 -0.9026278 2.204771
0.1248006 -0.9780189 2.028349
-0.4834005 -0.9518034 2.071741
0.1208374 -1.024926 1.89558
9
-0.06553322 -0.4607021 2.161319
-0.1510455 -0.4636378 2.133034
0.02211051 -0.4418363 2.11707
-0.3775184 -0.6818729 2.181472
0.2467787 -0.6257128 1.916376
-0.596962 -1.010704 2.237696
0.1966039 -1.018552 1.976164
-0.6711177 -0.9912832 2.148868
0.1087065 -1.015489 2.010057
9
-0.06553322 -0.4607021 2.161319
-0.1510455 -0.4636378 2.133034
0.02211051 -0.4418363 2.11707
-0.3775184 -0.6818729 2.181472
0.2467787 -0.6257128 1.916376
-0.596962 -1.010704 2.237696
0.1966039 -1.018552 1.976164
-0.6711177 -0.9912832 2.148868
0.1087065 -1.015489 2.010057
9
-0.05542926 -0.4460194 2.18638
-0.1403085 -0.4482658 2.153282
0.03121914 -0.4289126 2.147116
-0.304998 -0.7294044 2.141674
0.2001999 -0.6629097 1.945501
-0.4905841 -0.9122421 2.203068
0.126125 -0.9830177 2.027773
-0.484869 -0.9613411 2.070124
0.1225001 -1.02991 1.895066
9
-0.05542926 -0.4460194 2.18638
-0.1403085 -0.4482658 2.153282
0.03121914 -0.4289126 2.147116
-0.304998 -0.7294044 2.141674
0.2001999 -0.6629097 1.945501
-0.4905841 -0.9122421 2.203068
0.126125 -0.9830177 2.027773
-0.484869 -0.9613411 2.070124
0.1225001 -1.02991 1.895066
9
-0.04647721 -0.4624697 2.191615
-0.1311066 -0.4642949 2.160783
0.03977542 -0.4454077 2.149919
-0.3587509 -0.6971012 2.157496
0.2393623 -0.6169775 1.908614
-0.5041645 -0.9344471 2.20129
0.1726762 -1.004935 1.980674
-0.6125527 -0.9910495 2.176454
0.1025136 -1.019341 2.01623
9
-0.04647721 -0.4624697 2.191615
-0.1311066 -0.4642949 2.160783
0.03977542 -0.4454077 2.149919
-0.3587509 -0.6971012 2.157496
0.2393623 -0.6169775 1.908614
-0.5041645 -0.9344471 2.20129
0.1726762 -1.004935 1.980674
-0.6125527 -0.9910495 2.176454
0.1025136 -1.019341 2.01623
9
-0.043132 -0.4693292 2.193184
-0.1278421 -0.4701754 2.162616
0.04303966 -0.4529934 2.15108
-0.3624578 -0.6952965 2.163768
0.2429622 -0.6183295 1.905025
-0.5091119 -0.9401307 2.20024
0.1770219 -1.006791 1.975371
-0.6184264 -0.9950348 2.175165
0.107097 -1.018257 2.012502
9
-0.03716836 -0.4756035 2.193115
-0.1220234 -0.4760707 2.163267
0.0489787 -0.4594388 2.150234
-0.3615256 -0.6968528 2.161061
0.2474393 -0.6211612 1.900098
-0.5101474 -0.9436082 2.199792
0.1794201 -1.008908 1.972013
-0.6186668 -0.9958341 2.175353
0.1732139 -1.05719 1.841069
9
-0.03716836 -0.4756035 2.193115
-0.1220234 -0.4760707 2.163267
0.0489787 -0.4594388 2.150234
-0.3615256 -0.6968528 2.161061
0.2474393 -0.6211612 1.900098
-0.5101474 -0.9436082 2.199792
0.1794201 -1.008908 1.972013
-0.6186668 -0.9958341 2.175353
0.1732139 -1.05719 1.841069
9
-0.03478925 -0.4783386 2.192766
-0.119309 -0.4781928 2.163285
0.05099313 -0.4628143 2.149473
-0.3580695 -0.6993631 2.163218
0.2508946 -0.6224707 1.899139
-0.5121028 -0.9480947 2.1994
0.1773205 -1.008549 1.974035
-0.6264452 -0.9938343 2.170699
0.1041602 -1.018641 2.015316
9
-0.03478925 -0.4783386 2.192766
-0.119309 -0.4781928 2.163285
0.05099313 -0.4628143 2.149473
-0.3580695 -0.6993631 2.163218
0.2508946 -0.6224707 1.899139
-0.5121028 -0.9480947 2.1994
0.1773205 -1.008549 1.974035
-0.6264452 -0.9938343 2.170699
0.1041602 -1.018641 2.015316
9
-0.03100219 -0.4824646 2.192377
-0.1149344 -0.4821709 2.163194
0.05407567 -0.4668696 2.148829
-0.3567 -0.7000786 2.163744
0.2543137 -0.6235616 1.896638
-0.5103093 -0.9486772 2.199247
0.1779805 -1.008666 1.973446
-0.6040039 -0.9887695 2.166016
0.1067142 -1.0174 2.01034
9
-0.03100219 -0.4824646 2.192377
-0.1149344 -0.4821709 2.163194
0.05407567 -0.4668696 2.148829
-0.3567 -0.7000786 2.163744
0.2543137 -0.6235616 1.896638
-0.5103093 -0.9486772 2.199247
0.1779805 -1.008666 1.973446
-0.6040039 -0.9887695 2.166016
0.1067142 -1.0174 2.01034
9
-0.02932032 -0.4841748 2.192271
-0.1133242 -0.4836246 2.163179
0.05573776 -0.4687504 2.148629
-0.3540901 -0.7032273 2.160646
0.2558652 -0.6242381 1.895469
-0.5088288 -0.9495862 2.199127
0.178643 -1.009035 1.972832
-0.6040039 -0.9887695 2.166702
0.169461 -1.057958 1.842447
9
-0.02932032 -0.4841748 2.192271
-0.1133242 -0.4836246 2.163179
0.05573776 -0.4687504 2.148629
-0.3540901 -0.7032273 2.160646
0.2558652 -0.6242381 1.895469
-0.5088288 -0.9495862 2.199127
0.178643 -1.009035 1.972832
-0.6040039 -0.9887695 2.166702
0.169461 -1.057958 1.842447
9
-0.02932032 -0.4841748 2.192271
-0.1133242 -0.4836246 2.163179
0.05573776 -0.4687504 2.148629
-0.3540901 -0.7032273 2.160646
0.2558652 -0.6242381 1.895469
-0.5088288 -0.9495862 2.199127
0.178643 -1.009035 1.972832
-0.6040039 -0.9887695 2.166702
0.169461 -1.057958 1.842447
9
-0.02707762 -0.4857883 2.191683
-0.1107854 -0.4851948 2.162692
0.05761944 -0.4703241 2.147958
-0.3537126 -0.7027298 2.159135
0.2578577 -0.6250616 1.894372
-0.5084975 -0.9498903 2.198875
0.1796262 -1.009613 1.971931
-0.6233718 -0.994693 2.167609
0.1700738 -1.058537 1.8416
9
-0.02707762 -0.4857883 2.191683
-0.1107854 -0.4851948 2.162692
0.05761944 -0.4703241 2.147958
-0.3537126 -0.7027298 2.159135
0.2578577 -0.6250616 1.894372
-0.5084975 -0.9498903 2.198875
0.1796262 -1.009613 1.971931
-0.6233718 -0.994693 2.167609
0.1700738 -1.058537 1.8416
9
-0.02657579 -0.4861248 2.191491
-0.1102946 -0.485414 2.162571
0.05811362 -0.4707773 2.147681
-0.3530574 -0.7027749 2.16101
0.2585492 -0.625136 1.893988
-0.5086558 -0.9509379 2.198211
0.1802336 -1.00977 1.971147
-0.605957 -0.9897461 2.164063
0.1704142 -1.058683 1.840836
9
-0.02657579 -0.4861248 2.191491
-0.1102946 -0.485414 2.162571
0.05811362 -0.4707773 2.147681
-0.3530574 -0.7027749 2.16101
0.2585492 -0.625136 1.893988
-0.5086558 -0.9509379 2.198211
0.1802336 -1.00977 1.971147
-0.605957 -0.9897461 2.164063
0.1704142 -1.058683 1.840836
9
-0.02625397 -0.4861601 2.191488
-0.1100048 -0.4854288 2.162643
0.05846947 -0.4708288 2.147595
-0.3534199 -0.7025898 2.15857
0.2588638 -0.6251548 1.893823
-0.5089248 -0.9515283 2.198025
0.1802039 -1.009701 1.971069
-0.6247151 -0.9942617 2.168872
0.1131713 -1.020595 2.011155
9
-0.02625397 -0.4861601 2.191488
-0.1100048 -0.4854288 2.162643
0.05846947 -0.4708288 2.147595
-0.3534199 -0.7025898 2.15857
0.2588638 -0.6251548 1.893823
-0.5089248 -0.9515283 2.198025
0.1802039 -1.009701 1.971069
-0.6247151 -0.9942617 2.168872
0.1131713 -1.020595 2.011155
9
-0.02642208 -0.4859246 2.191566
-0.1102376 -0.4850547 2.162814
0.05835012 -0.4706925 2.14761
-0.3543899 -0.7011226 2.160441
0.2587769 -0.625051 1.893863
-0.5092888 -0.9521272 2.197855
0.179557 -1.009396 1.971485
-0.6253949 -0.9941947 2.16745
0.113803 -1.020959 2.012413
9
-0.02642208 -0.4859246 2.191566
-0.1102376 -0.4850547 2.162814
0.05835012 -0.4706925 2.14761
-0.3543899 -0.7011226 2.160441
0.2587769 -0.625051 1.893863
-0.5092888 -0.9521272 2.197855
0.179557 -1.009396 1.971485
-0.6253949 -0.9941947 2.16745
0.113803 -1.020959 2.012413
9
-0.0271216 -0.4848866 2.191994
-0.1110138 -0.4839168 2.163387
0.05773212 -0.4697703 2.147898
-0.3561568 -0.6989094 2.161159
0.2578732 -0.6247454 1.894289
-0.5102832 -0.9524895 2.198253
0.1801165 -1.009621 1.970909
-0.6261101 -0.9950829 2.168701
0.1701923 -1.058374 1.840514
9
-0.0271216 -0.4848866 2.191994
-0.1110138 -0.4839168 2.163387
0.05773212 -0.4697703 2.147898
-0.3561568 -0.6989094 2.161159
0.2578732 -0.6247454 1.894289
-0.5102832 -0.9524895 2.198253
0.1801165 -1.009621 1.970909
-0.6261101 -0.9950829 2.168701
0.1701923 -1.058374 1.840514
9
-0.02962954 -0.4820044 2.193154
-0.1136591 -0.4810545 2.164675
0.05542681 -0.4669601 2.148901
-0.358061 -0.6969526 2.162189
0.2547845 -0.6231308 1.89534
-0.5110764 -0.9525689 2.198848
0.1814806 -1.009413 1.969587
-0.62664 -0.9952679 2.173791
0.1718876 -1.057814 1.838957
9
-0.02962954 -0.4820044 2.193154
-0.1136591 -0.4810545 2.164675
0.05542681 -0.4669601 2.148901
-0.358061 -0.6969526 2.162189
0.2547845 -0.6231308 1.89534
-0.5110764 -0.9525689 2.198848
0.1814806 -1.009413 1.969587
-0.62664 -0.9952679 2.173791
0.1718876 -1.057814 1.838957
9
-0.03519651 -0.4776235 2.194126
-0.1193146 -0.4765526 2.165947
0.05011756 -0.4628325 2.149543
-0.3620787 -0.6943666 2.162821
0.2496961 -0.621375 1.897766
-0.5143551 -0.9526935 2.200336
0.1821517 -1.009188 1.969741
-0.6294439 -0.9968156 2.168113
0.1722984 -1.057317 1.838945
