40
9
-0.02077721 -0.1988419 2.007644
-0.09361196 -0.2066481 1.953985
0.05269263 -0.1836302 1.987746
-0.2895879 -0.3978969 1.791778
0.2194825 -0.4095907 1.841097
-0.4611761 -0.7136839 1.684741
0.05590271 -0.7397277 1.871295
-0.4295039 -0.761846 1.58347
0.06028889 -0.8074256 1.84095
9
-0.02077721 -0.1988419 2.007644
-0.09361196 -0.2066481 1.953985
0.05269263 -0.1836302 1.987746
-0.2895879 -0.3978969 1.791778
0.2194825 -0.4095907 1.841097
-0.4611761 -0.7136839 1.684741
0.05590271 -0.7397277 1.871295
-0.4295039 -0.761846 1.58347
0.06028889 -0.8074256 1.84095
9
-0.02077721 -0.1988419 2.007644
-0.09361196 -0.2066481 1.953985
0.05269263 -0.1836302 1.987746
-0.2895879 -0.3978969 1.791778
0.2194825 -0.4095907 1.841097
-0.4611761 -0.7136839 1.684741
0.05590271 -0.7397277 1.871295
-0.4295039 -0.761846 1.58347
0.06028889 -0.8074256 1.84095
9
-0.02073803 -0.1987833 2.007639
-0.09356055 -0.2066164 1.953966
0.05272315 -0.1835393 1.987755
-0.2895323 -0.397863 1.791746
0.2194252 -0.4095936 1.841166
-0.4611944 -0.7136989 1.684759
0.05584426 -0.7398313 1.871347
-0.4295015 -0.7619274 1.583537
0.06062859 -0.8075278 1.840536
9
-0.02073803 -0.1987833 2.007639
-0.09356055 -0.2066164 1.953966
0.05272315 -0.1835393 1.987755
-0.2895323 -0.397863 1.791746
0.2194252 -0.4095936 1.841166
-0.4611944 -0.7136989 1.684759
0.05584426 -0.7398313 1.871347
-0.4295015 -0.7619274 1.583537
0.06062859 -0.8075278 1.840536
9
-0.02085229 -0.1985927 2.007785
-0.0936836 -0.2063946 1.954085
0.05262644 -0.1833956 1.987926
-0.2893643 -0.3978868 1.791785
0.2192107 -0.4095116 1.841277
-0.4613669 -0.713769 1.684679
0.05591233 -0.7397881 1.871306
-0.4296443 -0.7620845 1.58353
0.06037264 -0.8075141 1.840583
9
-0.02085229 -0.1985927 2.007785
-0.0936836 -0.2063946 1.954085
0.05262644 -0.1833956 1.987926
-0.2893643 -0.3978868 1.791785
0.2192107 -0.4095116 1.841277
-0.4613669 -0.713769 1.684679
0.05591233 -0.7397881 1.871306
-0.4296443 -0.7620845 1.58353
0.06037264 -0.8075141 1.840583
9
-0.02035502 -0.1997001 2.008432
-0.09301311 -0.2077446 1.954653
0.0529773 -0.1843039 1.988662
-0.2894144 -0.3980432 1.791658
0.2196745 -0.4097222 1.84077
-0.4609955 -0.7137283 1.684838
0.05592665 -0.7397459 1.871224
-0.4280165 -0.7620799 1.584141
0.06030618 -0.8074803 1.840602
9
-0.02035502 -0.1997001 2.008432
-0.09301311 -0.2077446 1.954653
0.0529773 -0.1843039 1.988662
-0.2894144 -0.3980432 1.791658
0.2196745 -0.4097222 1.84077
-0.4609955 -0.7137283 1.684838
0.05592665 -0.7397459 1.871224
-0.4280165 -0.7620799 1.584141
0.06030618 -0.8074803 1.840602
9
-0.01907611 -0.2010732 2.009708
-0.09164139 -0.2093086 1.955776
0.05414248 -0.1854783 1.990108
-0.2890908 -0.3978857 1.791801
0.220002 -0.4104264 1.840069
-0.4610599 -0.7139384 1.684745
0.05591815 -0.7397997 1.871194
-0.4279687 -0.762387 1.584177
0.06000854 -0.807541 1.840928
9
-0.0174985 -0.2026384 2.010821
-0.08992096 -0.2111416 1.956947
0.05552877 -0.1867506 1.991163
-0.2886474 -0.3977434 1.792009
0.2218109 -0.4106299 1.839685
-0.4612223 -0.7144249 1.684716
0.05668605 -0.7391744 1.871083
-0.4280377 -0.7629507 1.584258
0.05969699 -0.8069858 1.840841
9
-0.0174985 -0.2026384 2.010821
-0.08992096 -0.2111416 1.956947
0.05552877 -0.1867506 1.991163
-0.2886474 -0.3977434 1.792009
0.2218109 -0.4106299 1.839685
-0.4612223 -0.7144249 1.684716
0.05668605 -0.7391744 1.871083
-0.4280377 -0.7629507 1.584258
0.05969699 -0.8069858 1.840841
9
-0.01661857 -0.2038324 2.011386
-0.08909287 -0.212311 1.957372
0.0564287 -0.1879281 1.991877
-0.2885042 -0.3978597 1.791955
0.2238591 -0.4104258 1.839417
-0.4607553 -0.7142071 1.684898
0.05964192 -0.7363228 1.869752
-0.4276487 -0.7628009 1.584459
0.08289058 -0.7853559 1.767974
9
-0.01661857 -0.2038324 2.011386
-0.08909287 -0.212311 1.957372
0.0564287 -0.1879281 1.991877
-0.2885042 -0.3978597 1.791955
0.2238591 -0.4104258 1.839417
-0.4607553 -0.7142071 1.684898
0.05964192 -0.7363228 1.869752
-0.4276487 -0.7628009 1.584459
0.08289058 -0.7853559 1.767974
9
-0.01611954 -0.204626 2.011983
-0.08871374 -0.2129454 1.95776
0.05704083 -0.188867 1.992723
-0.2881949 -0.3981273 1.79192
0.2239979 -0.411139 1.839186
-0.4608346 -0.7143476 1.684738
0.05947166 -0.7370425 1.869707
-0.4277927 -0.7630686 1.584388
0.05791271 -0.8049067 1.841109
9
-0.01611954 -0.204626 2.011983
-0.08871374 -0.2129454 1.95776
0.05704083 -0.188867 1.992723
-0.2881949 -0.3981273 1.79192
0.2239979 -0.411139 1.839186
-0.4608346 -0.7143476 1.684738
0.05947166 -0.7370425 1.869707
-0.4277927 -0.7630686 1.584388
0.05791271 -0.8049067 1.841109
9
-0.01611954 -0.204626 2.011983
-0.08871374 -0.2129454 1.95776
0.05704083 -0.188867 1.992723
-0.2881949 -0.3981273 1.79192
0.2239979 -0.411139 1.839186
-0.4608346 -0.7143476 1.684738
0.05947166 -0.7370425 1.869707
-0.4277927 -0.7630686 1.584388
0.05791271 -0.8049067 1.841109
9
-0.01611954 -0.204626 2.011983
-0.08871374 -0.2129454 1.95776
0.05704083 -0.188867 1.992723
-0.2881949 -0.3981273 1.79192
0.2239979 -0.411139 1.839186
-0.4608346 -0.7143476 1.684738
0.05947166 -0.7370425 1.869707
-0.4277927 -0.7630686 1.584388
0.05791271 -0.8049067 1.841109
9
-0.01611954 -0.204626 2.011983
-0.08871374 -0.2129454 1.95776
0.05704083 -0.188867 1.992723
-0.2881949 -0.3981273 1.79192
0.2239979 -0.411139 1.839186
-0.4608346 -0.7143476 1.684738
0.05947166 -0.7370425 1.869707
-0.4277927 -0.7630686 1.584388
0.05791271 -0.8049067 1.841109
9
-0.01565351 -0.2049777 2.012269
-0.08815174 -0.2134623 1.957986
0.05741584 -0.1890734 1.993057
-0.2876729 -0.3986776 1.792258
0.2253045 -0.410702 1.839643
-0.46067 -0.7143759 1.684845
0.05929393 -0.7377136 1.869669
-0.4273963 -0.7631792 1.584635
0.05732043 -0.8055762 1.841046
9
-0.01459994 -0.2056285 2.01265
-0.08687792 -0.2144964 1.958176
0.05828063 -0.1894048 1.993601
-0.2870511 -0.398931 1.792315
0.2262175 -0.410787 1.839819
-0.4606807 -0.7144318 1.684792
0.05951111 -0.7378656 1.86972
-0.4272356 -0.7632838 1.584679
0.05763645 -0.8057624 1.840608
9
-0.01459994 -0.2056285 2.01265
-0.08687792 -0.2144964 1.958176
0.05828063 -0.1894048 1.993601
-0.2870511 -0.398931 1.792315
0.2262175 -0.410787 1.839819
-0.4606807 -0.7144318 1.684792
0.05951111 -0.7378656 1.86972
-0.4272356 -0.7632838 1.584679
0.05763645 -0.8057624 1.840608
9
-0.01459994 -0.2056285 2.01265
-0.08687792 -0.2144964 1.958176
0.05828063 -0.1894048 1.993601
-0.2870511 -0.398931 1.792315
0.2262175 -0.410787 1.839819
-0.4606807 -0.7144318 1.684792
0.05951111 -0.7378656 1.86972
-0.4272356 -0.7632838 1.584679
0.05763645 -0.8057624 1.840608
9
-0.01455188 -0.205803 2.012684
-0.08680294 -0.2147187 1.958151
0.05830026 -0.1895342 1.993683
-0.2866562 -0.3994489 1.792227
0.2269243 -0.4106602 1.840417
-0.4607188 -0.7145509 1.684825
0.05942521 -0.7382827 1.869874
-0.4271411 -0.7634688 1.58482
0.05752858 -0.8061916 1.840456
9
-0.01455188 -0.205803 2.012684
-0.08680294 -0.2147187 1.958151
0.05830026 -0.1895342 1.993683
-0.2866562 -0.3994489 1.792227
0.2269243 -0.4106602 1.840417
-0.4607188 -0.7145509 1.684825
0.05942521 -0.7382827 1.869874
-0.4271411 -0.7634688 1.58482
0.05752858 -0.8061916 1.840456
9
-0.01388021 -0.2061562 2.012906
-0.08598643 -0.2152327 1.958319
0.05880639 -0.1897251 1.993943
-0.2862514 -0.399557 1.792436
0.2277536 -0.41061 1.840706
-0.4607169 -0.7147743 1.684733
0.05928719 -0.7387927 1.869923
-0.427049 -0.7637081 1.584781
0.05688082 -0.806684 1.840564
9
-0.01388021 -0.2061562 2.012906
-0.08598643 -0.2152327 1.958319
0.05880639 -0.1897251 1.993943
-0.2862514 -0.399557 1.792436
0.2277536 -0.41061 1.840706
-0.4607169 -0.7147743 1.684733
0.05928719 -0.7387927 1.869923
-0.427049 -0.7637081 1.584781
0.05688082 -0.806684 1.840564
9
-0.01377241 -0.2062605 2.01299
-0.08589155 -0.2153596 1.95832
0.05893793 -0.1898043 1.994153
-0.2861134 -0.399738 1.792449
0.227812 -0.4107532 1.840941
-0.4605849 -0.7146279 1.684934
0.05923387 -0.7389266 1.869947
-0.4267962 -0.7636003 1.585062
0.0567466 -0.8068303 1.840227
9
-0.01377241 -0.2062605 2.01299
-0.08589155 -0.2153596 1.95832
0.05893793 -0.1898043 1.994153
-0.2861134 -0.399738 1.792449
0.227812 -0.4107532 1.840941
-0.4605849 -0.7146279 1.684934
0.05923387 -0.7389266 1.869947
-0.4267962 -0.7636003 1.585062
0.0567466 -0.8068303 1.840227
9
-0.01385189 -0.2063608 2.013116
-0.08598986 -0.2154563 1.958349
0.05886668 -0.1899088 1.994446
-0.2861352 -0.3998642 1.792408
0.2277944 -0.410759 1.841126
-0.4606578 -0.7148375 1.684903
0.05922152 -0.7388977 1.869933
-0.42679 -0.7638319 1.585088
0.05683174 -0.8067986 1.840269
9
-0.01385189 -0.2063608 2.013116
-0.08598986 -0.2154563 1.958349
0.05886668 -0.1899088 1.994446
-0.2861352 -0.3998642 1.792408
0.2277944 -0.410759 1.841126
-0.4606578 -0.7148375 1.684903
0.05922152 -0.7388977 1.869933
-0.42679 -0.7638319 1.585088
0.05683174 -0.8067986 1.840269
9
-0.01382411 -0.2063689 2.013194
-0.08598019 -0.215469 1.958366
0.05891276 -0.1898865 1.994625
-0.2861282 -0.3998707 1.79242
0.2275955 -0.4109908 1.84144
-0.4606327 -0.7148535 1.684957
0.05910603 -0.7389883 1.87009
-0.4267223 -0.7638727 1.585187
0.05674001 -0.8068852 1.840425
9
-0.01382411 -0.2063689 2.013194
-0.08598019 -0.215469 1.958366
0.05891276 -0.1898865 1.994625
-0.2861282 -0.3998707 1.79242
0.2275955 -0.4109908 1.84144
-0.4606327 -0.7148535 1.684957
0.05910603 -0.7389883 1.87009
-0.4267223 -0.7638727 1.585187
0.05674001 -0.8068852 1.840425
9
-0.01366098 -0.2063262 2.013374
-0.08583553 -0.2154914 1.958476
0.05908294 -0.189745 1.994891
-0.2860858 -0.3997725 1.79251
0.2274483 -0.4109351 1.841407
-0.4606005 -0.7148388 1.684944
0.05909079 -0.7390081 1.870073
-0.426638 -0.7638816 1.585222
0.08320998 -0.7884608 1.769024
9
-0.01366098 -0.2063262 2.013374
-0.08583553 -0.2154914 1.958476
0.05908294 -0.189745 1.994891
-0.2860858 -0.3997725 1.79251
0.2274483 -0.4109351 1.841407
-0.4606005 -0.7148388 1.684944
0.05909079 -0.7390081 1.870073
-0.426638 -0.7638816 1.585222
0.08320998 -0.7884608 1.769024
9
-0.01366098 -0.2063262 2.013374
-0.08583553 -0.2154914 1.958476
0.05908294 -0.189745 1.994891
-0.2860858 -0.3997725 1.79251
0.2274483 -0.4109351 1.841407
-0.4606005 -0.7148388 1.684944
0.05909079 -0.7390081 1.870073
-0.426638 -0.7638816 1.585222
0.08320998 -0.7884608 1.769024
9
-0.01403535 -0.2062117 2.013345
-0.08619318 -0.2153875 1.958372
0.05866724 -0.1896054 1.994923
-0.2864268 -0.3997267 1.792473
0.2271603 -0.4107318 1.841485
-0.4609631 -0.7150126 1.6849
0.05910187 -0.73895 1.870084
-0.4269501 -0.7640854 1.585237
0.08326501 -0.7884362 1.76909
9
-0.01403535 -0.2062117 2.013345
-0.08619318 -0.2153875 1.958372
0.05866724 -0.1896054 1.994923
-0.2864268 -0.3997267 1.792473
0.2271603 -0.4107318 1.841485
-0.4609631 -0.7150126 1.6849
0.05910187 -0.73895 1.870084
-0.4269501 -0.7640854 1.585237
0.08326501 -0.7884362 1.76909
9
-0.01430047 -0.2061091 2.013345
-0.08642269 -0.2153233 1.958316
0.05834448 -0.1894458 1.99498
-0.2869482 -0.3993476 1.79242
0.2271349 -0.4102078 1.841255
-0.4611372 -0.715192 1.684711
0.05691849 -0.7426942 1.870725
-0.4270842 -0.7642784 1.585102
0.05593665 -0.8105744 1.839827
9
-0.01430047 -0.2061091 2.013345
-0.08642269 -0.2153233 1.958316
0.05834448 -0.1894458 1.99498
-0.2869482 -0.3993476 1.79242
0.2271349 -0.4102078 1.841255
-0.4611372 -0.715192 1.684711
0.05691849 -0.7426942 1.870725
-0.4270842 -0.7642784 1.585102
0.05593665 -0.8105744 1.839827
