40
9
-0.1140631 -0.08587709 1.820449
-0.1910535 -0.08411899 1.777135
-0.03248336 -0.08407325 1.790239
-0.3400143 -0.4048859 1.793759
0.1011162 -0.3961394 1.681484
-0.5156485 -0.746649 1.826743
0.09737679 -0.7456552 1.653846
-0.5037218 -0.7854958 1.713765
0.1248823 -0.8035741 1.593775
9
-0.1121807 -0.08671673 1.819895
-0.1888216 -0.08549541 1.776459
-0.03095363 -0.08447433 1.789794
-0.3384055 -0.4057335 1.793784
0.1034392 -0.3957599 1.680307
-0.5157208 -0.7467854 1.826816
0.09755637 -0.7459889 1.654115
-0.5037535 -0.7855084 1.713804
0.1267179 -0.8047012 1.595085
9
-0.1121807 -0.08671673 1.819895
-0.1888216 -0.08549541 1.776459
-0.03095363 -0.08447433 1.789794
-0.3384055 -0.4057335 1.793784
0.1034392 -0.3957599 1.680307
-0.5157208 -0.7467854 1.826816
0.09755637 -0.7459889 1.654115
-0.5037535 -0.7855084 1.713804
0.1267179 -0.8047012 1.595085
9
-0.1070992 -0.08912414 1.818766
-0.1836419 -0.08843506 1.775729
-0.02615422 -0.08628337 1.788301
-0.334723 -0.4147355 1.793792
0.108996 -0.3958408 1.67754
-0.5156257 -0.7470167 1.826901
0.09791575 -0.7468913 1.65463
-0.5036638 -0.7855375 1.713808
0.1267419 -0.8047495 1.595073
9
-0.1070992 -0.08912414 1.818766
-0.1836419 -0.08843506 1.775729
-0.02615422 -0.08628337 1.788301
-0.334723 -0.4147355 1.793792
0.108996 -0.3958408 1.67754
-0.5156257 -0.7470167 1.826901
0.09791575 -0.7468913 1.65463
-0.5036638 -0.7855375 1.713808
0.1267419 -0.8047495 1.595073
9
-0.09842347 -0.09362451 1.816456
-0.1749933 -0.09332683 1.773991
-0.01782412 -0.0901878 1.785437
-0.3308985 -0.4191276 1.792807
0.1195561 -0.3966648 1.671675
-0.5155241 -0.7471639 1.826909
0.09852041 -0.7470891 1.654526
-0.5034141 -0.785386 1.713676
0.1280812 -0.8048998 1.595177
9
-0.09842347 -0.09362451 1.816456
-0.1749933 -0.09332683 1.773991
-0.01782412 -0.0901878 1.785437
-0.3308985 -0.4191276 1.792807
0.1195561 -0.3966648 1.671675
-0.5155241 -0.7471639 1.826909
0.09852041 -0.7470891 1.654526
-0.5034141 -0.785386 1.713676
0.1280812 -0.8048998 1.595177
9
-0.09842347 -0.09362451 1.816456
-0.1749933 -0.09332683 1.773991
-0.01782412 -0.0901878 1.785437
-0.3308985 -0.4191276 1.792807
0.1195561 -0.3966648 1.671675
-0.5155241 -0.7471639 1.826909
0.09852041 -0.7470891 1.654526
-0.5034141 -0.785386 1.713676
0.1280812 -0.8048998 1.595177
9
-0.09842347 -0.09362451 1.816456
-0.1749933 -0.09332683 1.773991
-0.01782412 -0.0901878 1.785437
-0.3308985 -0.4191276 1.792807
0.1195561 -0.3966648 1.671675
-0.5155241 -0.7471639 1.826909
0.09852041 -0.7470891 1.654526
-0.5034141 -0.785386 1.713676
0.1280812 -0.8048998 1.595177
9
-0.07527089 -0.1095231 1.810437
-0.1519259 -0.1100654 1.769041
0.004466876 -0.1045857 1.778376
-0.3180085 -0.4283043 1.789544
0.146911 -0.3919682 1.659368
-0.5120506 -0.7472622 1.826698
0.1002685 -0.7482836 1.653501
-0.4997867 -0.785094 1.713249
0.1348502 -0.8108147 1.5954
9
-0.07527089 -0.1095231 1.810437
-0.1519259 -0.1100654 1.769041
0.004466876 -0.1045857 1.778376
-0.3180085 -0.4283043 1.789544
0.146911 -0.3919682 1.659368
-0.5120506 -0.7472622 1.826698
0.1002685 -0.7482836 1.653501
-0.4997867 -0.785094 1.713249
0.1348502 -0.8108147 1.5954
9
-0.07527089 -0.1095231 1.810437
-0.1519259 -0.1100654 1.769041
0.004466876 -0.1045857 1.778376
-0.3180085 -0.4283043 1.789544
0.146911 -0.3919682 1.659368
-0.5120506 -0.7472622 1.826698
0.1002685 -0.7482836 1.653501
-0.4997867 -0.785094 1.713249
0.1348502 -0.8108147 1.5954
9
-0.07527089 -0.1095231 1.810437
-0.1519259 -0.1100654 1.769041
0.004466876 -0.1045857 1.778376
-0.3180085 -0.4283043 1.789544
0.146911 -0.3919682 1.659368
-0.5120506 -0.7472622 1.826698
0.1002685 -0.7482836 1.653501
-0.4997867 -0.785094 1.713249
0.1348502 -0.8108147 1.5954
9
-0.04582535 -0.1294159 1.804747
-0.1226466 -0.1311288 1.76421
0.03287656 -0.1224947 1.771847
-0.2935868 -0.4335794 1.784356
0.1719114 -0.4009401 1.648613
-0.5040981 -0.7459967 1.826485
0.1026893 -0.7490089 1.651588
-0.4923403 -0.78355 1.712806
0.1484842 -0.8179581 1.589399
9
-0.04582535 -0.1294159 1.804747
-0.1226466 -0.1311288 1.76421
0.03287656 -0.1224947 1.771847
-0.2935868 -0.4335794 1.784356
0.1719114 -0.4009401 1.648613
-0.5040981 -0.7459967 1.826485
0.1026893 -0.7490089 1.651588
-0.4923403 -0.78355 1.712806
0.1484842 -0.8179581 1.589399
9
-0.03827431 -0.1353015 1.803054
-0.1156233 -0.1370554 1.76248
0.04063914 -0.1280628 1.770191
-0.2536297 -0.4205345 1.773237
0.1842969 -0.402958 1.643715
-0.5009598 -0.7461419 1.825909
0.105233 -0.748936 1.649344
-0.4892607 -0.7837772 1.712287
0.1483499 -0.8178186 1.588561
9
-0.03827431 -0.1353015 1.803054
-0.1156233 -0.1370554 1.76248
0.04063914 -0.1280628 1.770191
-0.2536297 -0.4205345 1.773237
0.1842969 -0.402958 1.643715
-0.5009598 -0.7461419 1.825909
0.105233 -0.748936 1.649344
-0.4892607 -0.7837772 1.712287
0.1483499 -0.8178186 1.588561
9
-0.02487364 -0.1453311 1.799478
-0.1013958 -0.1482797 1.758405
0.05269902 -0.1365541 1.767096
-0.2634043 -0.4418358 1.778253
0.1971935 -0.41008 1.638721
-0.498172 -0.7460114 1.825028
0.1048644 -0.7512551 1.64985
-0.4865816 -0.7835182 1.711323
0.1484267 -0.8178692 1.588132
9
-0.02487364 -0.1453311 1.799478
-0.1013958 -0.1482797 1.758405
0.05269902 -0.1365541 1.767096
-0.2634043 -0.4418358 1.778253
0.1971935 -0.41008 1.638721
-0.498172 -0.7460114 1.825028
0.1048644 -0.7512551 1.64985
-0.4865816 -0.7835182 1.711323
0.1484267 -0.8178692 1.588132
9
-0.01615559 -0.1526048 1.797608
-0.09315079 -0.1557113 1.756505
0.06148637 -0.1433026 1.765292
-0.2629317 -0.4435651 1.778257
0.2076652 -0.415242 1.635581
-0.4967151 -0.7464589 1.824709
0.1052411 -0.7542685 1.650046
-0.4851704 -0.7840051 1.711032
0.1474377 -0.8178697 1.585936
9
-0.01615559 -0.1526048 1.797608
-0.09315079 -0.1557113 1.756505
0.06148637 -0.1433026 1.765292
-0.2629317 -0.4435651 1.778257
0.2076652 -0.415242 1.635581
-0.4967151 -0.7464589 1.824709
0.1052411 -0.7542685 1.650046
-0.4851704 -0.7840051 1.711032
0.1474377 -0.8178697 1.585936
9
-0.01615559 -0.1526048 1.797608
-0.09315079 -0.1557113 1.756505
0.06148637 -0.1433026 1.765292
-0.2629317 -0.4435651 1.778257
0.2076652 -0.415242 1.635581
-0.4967151 -0.7464589 1.824709
0.1052411 -0.7542685 1.650046
-0.4851704 -0.7840051 1.711032
0.1474377 -0.8178697 1.585936
9
-0.01051612 -0.1573215 1.798132
-0.08785694 -0.1600804 1.75713
0.06723953 -0.148167 1.76573
-0.2351823 -0.4380609 1.770356
0.2165923 -0.4175504 1.634095
-0.5088085 -0.774716 1.829092
0.1067621 -0.7540621 1.649059
-0.5734319 -0.7933872 1.782307
0.1474478 -0.8178619 1.585936
9
-0.01051612 -0.1573215 1.798132
-0.08785694 -0.1600804 1.75713
0.06723953 -0.148167 1.76573
-0.2351823 -0.4380609 1.770356
0.2165923 -0.4175504 1.634095
-0.5088085 -0.774716 1.829092
0.1067621 -0.7540621 1.649059
-0.5734319 -0.7933872 1.782307
0.1474478 -0.8178619 1.585936
9
-0.01051612 -0.1573215 1.798132
-0.08785694 -0.1600804 1.75713
0.06723953 -0.148167 1.76573
-0.2351823 -0.4380609 1.770356
0.2165923 -0.4175504 1.634095
-0.5088085 -0.774716 1.829092
0.1067621 -0.7540621 1.649059
-0.5734319 -0.7933872 1.782307
0.1474478 -0.8178619 1.585936
9
-0.01051612 -0.1573215 1.798132
-0.08785694 -0.1600804 1.75713
0.06723953 -0.148167 1.76573
-0.2351823 -0.4380609 1.770356
0.2165923 -0.4175504 1.634095
-0.5088085 -0.774716 1.829092
0.1067621 -0.7540621 1.649059
-0.5734319 -0.7933872 1.782307
0.1474478 -0.8178619 1.585936
9
0.006482524 -0.1690766 1.796074
-0.07025246 -0.1729611 1.755034
0.08296369 -0.1583698 1.763761
-0.2345374 -0.4408323 1.769987
0.2348001 -0.4258833 1.63201
-0.5080452 -0.7785783 1.824122
0.1109681 -0.7543976 1.647193
-0.5749718 -0.7934771 1.782365
0.1474504 -0.817862 1.585917
9
0.006482524 -0.1690766 1.796074
-0.07025246 -0.1729611 1.755034
0.08296369 -0.1583698 1.763761
-0.2345374 -0.4408323 1.769987
0.2348001 -0.4258833 1.63201
-0.5080452 -0.7785783 1.824122
0.1109681 -0.7543976 1.647193
-0.5749718 -0.7934771 1.782365
0.1474504 -0.817862 1.585917
9
0.009890125 -0.1712349 1.795468
-0.06748354 -0.1749758 1.75441
0.08691031 -0.1605523 1.76319
-0.2331547 -0.4419157 1.769686
0.2396054 -0.4276078 1.631835
-0.5077512 -0.7789274 1.823142
0.1147023 -0.7541993 1.646547
-0.5746914 -0.7935568 1.780876
0.1484649 -0.8181691 1.586531
9
0.009890125 -0.1712349 1.795468
-0.06748354 -0.1749758 1.75441
0.08691031 -0.1605523 1.76319
-0.2331547 -0.4419157 1.769686
0.2396054 -0.4276078 1.631835
-0.5077512 -0.7789274 1.823142
0.1147023 -0.7541993 1.646547
-0.5746914 -0.7935568 1.780876
0.1484649 -0.8181691 1.586531
9
0.01172139 -0.172625 1.795398
-0.06578685 -0.1761689 1.754378
0.08877654 -0.1620719 1.763085
-0.2317653 -0.4429436 1.769532
0.2424721 -0.4285839 1.632002
-0.5071173 -0.7794468 1.822496
0.11507 -0.7538164 1.646254
-0.5741654 -0.7937407 1.780179
0.1532631 -0.8199399 1.591959
9
0.01272956 -0.1732938 1.795612
-0.06478422 -0.1767935 1.754692
0.08974291 -0.1627523 1.763203
-0.231413 -0.4432727 1.769377
0.2435543 -0.4291769 1.632147
-0.5054296 -0.7806585 1.824117
0.1160764 -0.7541529 1.646187
-0.5728878 -0.7931375 1.779962
0.1534284 -0.8197419 1.590337
9
0.01272956 -0.1732938 1.795612
-0.06478422 -0.1767935 1.754692
0.08974291 -0.1627523 1.763203
-0.231413 -0.4432727 1.769377
0.2435543 -0.4291769 1.632147
-0.5054296 -0.7806585 1.824117
0.1160764 -0.7541529 1.646187
-0.5728878 -0.7931375 1.779962
0.1534284 -0.8197419 1.590337
9
0.01289733 -0.1733205 1.795648
-0.06467747 -0.1768009 1.75475
0.08998398 -0.1628023 1.763208
-0.2309933 -0.443515 1.769262
0.244112 -0.4291014 1.632336
-0.5059948 -0.7804618 1.822329
0.1161058 -0.7541171 1.646137
-0.5993507 -0.800473 1.765919
0.1529256 -0.8193514 1.589124
9
0.01289733 -0.1733205 1.795648
-0.06467747 -0.1768009 1.75475
0.08998398 -0.1628023 1.763208
-0.2309933 -0.443515 1.769262
0.244112 -0.4291014 1.632336
-0.5059948 -0.7804618 1.822329
0.1161058 -0.7541171 1.646137
-0.5993507 -0.800473 1.765919
0.1529256 -0.8193514 1.589124
9
0.01274072 -0.1731255 1.79584
-0.06480564 -0.1764514 1.755016
0.08979942 -0.1627159 1.763355
-0.2309952 -0.4433183 1.769229
0.2442767 -0.4288493 1.632579
-0.5059378 -0.7803285 1.822232
0.1162731 -0.7541786 1.646117
-0.5728753 -0.7930549 1.775783
0.1523823 -0.8188547 1.58838
9
0.01274072 -0.1731255 1.79584
-0.06480564 -0.1764514 1.755016
0.08979942 -0.1627159 1.763355
-0.2309952 -0.4433183 1.769229
0.2442767 -0.4288493 1.632579
-0.5059378 -0.7803285 1.822232
0.1162731 -0.7541786 1.646117
-0.5728753 -0.7930549 1.775783
0.1523823 -0.8188547 1.58838
9
0.0118214 -0.1720357 1.796285
-0.06601956 -0.1750189 1.755615
0.08915771 -0.1619618 1.763662
-0.2312286 -0.4426398 1.769235
0.2437855 -0.428109 1.633111
-0.5060059 -0.77975 1.822423
0.1160248 -0.7542123 1.646165
-0.5729099 -0.7925468 1.775988
0.1517938 -0.8200096 1.591593
9
0.0118214 -0.1720357 1.796285
-0.06601956 -0.1750189 1.755615
0.08915771 -0.1619618 1.763662
-0.2312286 -0.4426398 1.769235
0.2437855 -0.428109 1.633111
-0.5060059 -0.77975 1.822423
0.1160248 -0.7542123 1.646165
-0.5729099 -0.7925468 1.775988
0.1517938 -0.8200096 1.591593
9
0.009028732 -0.1688644 1.797462
-0.06896527 -0.1717157 1.757032
0.0866342 -0.1590763 1.764587
-0.2333347 -0.4400516 1.76991
0.241254 -0.4257363 1.635263
-0.5051683 -0.7796424 1.823549
0.1158803 -0.754258 1.646791
-0.5719727 -0.7922046 1.776108
0.1514342 -0.8198699 1.592205
