40
9
-0.1959687 -0.07035895 1.835602
-0.2659483 -0.07552184 1.790856
-0.118158 -0.0625015 1.807296
-0.4574965 -0.3235425 1.720496
0.0658603 -0.3131452 1.689476
-0.5901587 -0.7345086 1.754036
0.09332311 -0.7486128 1.667109
-0.5630256 -0.7683203 1.641459
0.1080276 -0.7809858 1.553455
9
-0.1959687 -0.07035895 1.835602
-0.2659483 -0.07552184 1.790856
-0.118158 -0.0625015 1.807296
-0.4574965 -0.3235425 1.720496
0.0658603 -0.3131452 1.689476
-0.5901587 -0.7345086 1.754036
0.09332311 -0.7486128 1.667109
-0.5630256 -0.7683203 1.641459
0.1080276 -0.7809858 1.553455
9
-0.1959687 -0.07035895 1.835602
-0.2659483 -0.07552184 1.790856
-0.118158 -0.0625015 1.807296
-0.4574965 -0.3235425 1.720496
0.0658603 -0.3131452 1.689476
-0.5901587 -0.7345086 1.754036
0.09332311 -0.7486128 1.667109
-0.5630256 -0.7683203 1.641459
0.1080276 -0.7809858 1.553455
9
-0.1959687 -0.07035895 1.835602
-0.2659483 -0.07552184 1.790856
-0.118158 -0.0625015 1.807296
-0.4574965 -0.3235425 1.720496
0.0658603 -0.3131452 1.689476
-0.5901587 -0.7345086 1.754036
0.09332311 -0.7486128 1.667109
-0.5630256 -0.7683203 1.641459
0.1080276 -0.7809858 1.553455
9
-0.1959687 -0.07035895 1.835602
-0.2659483 -0.07552184 1.790856
-0.118158 -0.0625015 1.807296
-0.4574965 -0.3235425 1.720496
0.0658603 -0.3131452 1.689476
-0.5901587 -0.7345086 1.754036
0.09332311 -0.7486128 1.667109
-0.5630256 -0.7683203 1.641459
0.1080276 -0.7809858 1.553455
9
-0.1959687 -0.07035895 1.835602
-0.2659483 -0.07552184 1.790856
-0.118158 -0.0625015 1.807296
-0.4574965 -0.3235425 1.720496
0.0658603 -0.3131452 1.689476
-0.5901587 -0.7345086 1.754036
0.09332311 -0.7486128 1.667109
-0.5630256 -0.7683203 1.641459
0.1080276 -0.7809858 1.553455
9
-0.1663344 -0.09504668 1.83477
-0.2422008 -0.09777583 1.788972
-0.08328262 -0.08862451 1.80762
-0.3910372 -0.3744362 1.721481
0.1257626 -0.3080439 1.665287
-0.5772972 -0.7637643 1.751885
0.1023088 -0.7438602 1.658433
-0.5484289 -0.7985284 1.640722
0.1188213 -0.7776927 1.546072
9
-0.1663344 -0.09504668 1.83477
-0.2422008 -0.09777583 1.788972
-0.08328262 -0.08862451 1.80762
-0.3910372 -0.3744362 1.721481
0.1257626 -0.3080439 1.665287
-0.5772972 -0.7637643 1.751885
0.1023088 -0.7438602 1.658433
-0.5484289 -0.7985284 1.640722
0.1188213 -0.7776927 1.546072
9
-0.1614911 -0.09912722 1.834722
-0.2361976 -0.10338 1.788191
-0.07987699 -0.09121064 1.80805
-0.364954 -0.3908716 1.730985
0.1295072 -0.3091077 1.663472
-0.5687289 -0.7717103 1.757185
0.1040071 -0.744774 1.658001
-0.6294309 -0.7946815 1.712822
0.1215027 -0.7786205 1.54591
9
-0.1614911 -0.09912722 1.834722
-0.2361976 -0.10338 1.788191
-0.07987699 -0.09121064 1.80805
-0.364954 -0.3908716 1.730985
0.1295072 -0.3091077 1.663472
-0.5687289 -0.7717103 1.757185
0.1040071 -0.744774 1.658001
-0.6294309 -0.7946815 1.712822
0.1215027 -0.7786205 1.54591
9
-0.1411351 -0.1206002 1.797185
-0.2201381 -0.123224 1.749844
-0.05634774 -0.1130579 1.771479
-0.3680131 -0.3983814 1.743854
0.1610405 -0.3345402 1.655702
-0.5362906 -0.7119691 1.759674
0.1291038 -0.7695394 1.650933
-0.5091991 -0.7449261 1.646213
0.1439393 -0.8003324 1.537041
9
-0.1411351 -0.1206002 1.797185
-0.2201381 -0.123224 1.749844
-0.05634774 -0.1130579 1.771479
-0.3680131 -0.3983814 1.743854
0.1610405 -0.3345402 1.655702
-0.5362906 -0.7119691 1.759674
0.1291038 -0.7695394 1.650933
-0.5091991 -0.7449261 1.646213
0.1439393 -0.8003324 1.537041
9
-0.1411351 -0.1206002 1.797185
-0.2201381 -0.123224 1.749844
-0.05634774 -0.1130579 1.771479
-0.3680131 -0.3983814 1.743854
0.1610405 -0.3345402 1.655702
-0.5362906 -0.7119691 1.759674
0.1291038 -0.7695394 1.650933
-0.5091991 -0.7449261 1.646213
0.1439393 -0.8003324 1.537041
9
-0.1411351 -0.1206002 1.797185
-0.2201381 -0.123224 1.749844
-0.05634774 -0.1130579 1.771479
-0.3680131 -0.3983814 1.743854
0.1610405 -0.3345402 1.655702
-0.5362906 -0.7119691 1.759674
0.1291038 -0.7695394 1.650933
-0.5091991 -0.7449261 1.646213
0.1439393 -0.8003324 1.537041
9
-0.08476593 -0.1199716 1.790789
-0.1596243 -0.1294833 1.742847
-0.008155107 -0.1058098 1.765665
-0.3138667 -0.4254247 1.745821
0.1531841 -0.3920007 1.662424
-0.5328497 -0.7146566 1.760477
0.09825379 -0.7480824 1.661063
-0.505025 -0.7484536 1.647692
0.1329133 -0.8074525 1.598922
9
-0.08476593 -0.1199716 1.790789
-0.1596243 -0.1294833 1.742847
-0.008155107 -0.1058098 1.765665
-0.3138667 -0.4254247 1.745821
0.1531841 -0.3920007 1.662424
-0.5328497 -0.7146566 1.760477
0.09825379 -0.7480824 1.661063
-0.505025 -0.7484536 1.647692
0.1329133 -0.8074525 1.598922
9
-0.08476593 -0.1199716 1.790789
-0.1596243 -0.1294833 1.742847
-0.008155107 -0.1058098 1.765665
-0.3138667 -0.4254247 1.745821
0.1531841 -0.3920007 1.662424
-0.5328497 -0.7146566 1.760477
0.09825379 -0.7480824 1.661063
-0.505025 -0.7484536 1.647692
0.1329133 -0.8074525 1.598922
9
-0.08476593 -0.1199716 1.790789
-0.1596243 -0.1294833 1.742847
-0.008155107 -0.1058098 1.765665
-0.3138667 -0.4254247 1.745821
0.1531841 -0.3920007 1.662424
-0.5328497 -0.7146566 1.760477
0.09825379 -0.7480824 1.661063
-0.505025 -0.7484536 1.647692
0.1329133 -0.8074525 1.598922
9
-0.07538211 -0.1259029 1.793338
-0.1497543 -0.1361424 1.744546
0.001699434 -0.1110163 1.76911
-0.312244 -0.4283293 1.746568
0.1589026 -0.3917803 1.66684
-0.5337774 -0.723628 1.760401
0.1013546 -0.7484666 1.659912
-0.5032507 -0.758244 1.648895
0.1400584 -0.813444 1.597951
9
-0.07538211 -0.1259029 1.793338
-0.1497543 -0.1361424 1.744546
0.001699434 -0.1110163 1.76911
-0.312244 -0.4283293 1.746568
0.1589026 -0.3917803 1.66684
-0.5337774 -0.723628 1.760401
0.1013546 -0.7484666 1.659912
-0.5032507 -0.758244 1.648895
0.1400584 -0.813444 1.597951
9
-0.06704386 -0.1315264 1.796024
-0.1421394 -0.1417115 1.74683
0.0105828 -0.116241 1.772104
-0.3073058 -0.4298008 1.747591
0.1657314 -0.3920286 1.672291
-0.5338219 -0.7248431 1.76039
0.1028584 -0.7496821 1.660611
-0.5052429 -0.7602382 1.648887
0.1428863 -0.8145393 1.598362
9
-0.06704386 -0.1315264 1.796024
-0.1421394 -0.1417115 1.74683
0.0105828 -0.116241 1.772104
-0.3073058 -0.4298008 1.747591
0.1657314 -0.3920286 1.672291
-0.5338219 -0.7248431 1.76039
0.1028584 -0.7496821 1.660611
-0.5052429 -0.7602382 1.648887
0.1428863 -0.8145393 1.598362
9
-0.06704386 -0.1315264 1.796024
-0.1421394 -0.1417115 1.74683
0.0105828 -0.116241 1.772104
-0.3073058 -0.4298008 1.747591
0.1657314 -0.3920286 1.672291
-0.5338219 -0.7248431 1.76039
0.1028584 -0.7496821 1.660611
-0.5052429 -0.7602382 1.648887
0.1428863 -0.8145393 1.598362
9
-0.06065165 -0.1364935 1.79823
-0.136585 -0.1464088 1.748415
0.01766434 -0.1211747 1.774928
-0.3027791 -0.4307457 1.748252
0.1704856 -0.3936048 1.676422
-0.5437272 -0.7374974 1.760811
0.1053635 -0.7504727 1.659655
-0.5144133 -0.7732937 1.649914
0.1443337 -0.8152807 1.595377
9
-0.05116467 -0.1399613 1.833316
-0.1250913 -0.1499369 1.784406
0.02482295 -0.1244212 1.808954
-0.2985377 -0.4322162 1.748999
0.1749767 -0.3938369 1.680315
-0.5491552 -0.7509818 1.760931
0.1084861 -0.7493419 1.658858
-0.518146 -0.7895979 1.652519
0.1461501 -0.8151987 1.593097
9
-0.05116467 -0.1399613 1.833316
-0.1250913 -0.1499369 1.784406
0.02482295 -0.1244212 1.808954
-0.2985377 -0.4322162 1.748999
0.1749767 -0.3938369 1.680315
-0.5491552 -0.7509818 1.760931
0.1084861 -0.7493419 1.658858
-0.518146 -0.7895979 1.652519
0.1461501 -0.8151987 1.593097
9
-0.05116467 -0.1399613 1.833316
-0.1250913 -0.1499369 1.784406
0.02482295 -0.1244212 1.808954
-0.2985377 -0.4322162 1.748999
0.1749767 -0.3938369 1.680315
-0.5491552 -0.7509818 1.760931
0.1084861 -0.7493419 1.658858
-0.518146 -0.7895979 1.652519
0.1461501 -0.8151987 1.593097
9
-0.05116467 -0.1399613 1.833316
-0.1250913 -0.1499369 1.784406
0.02482295 -0.1244212 1.808954
-0.2985377 -0.4322162 1.748999
0.1749767 -0.3938369 1.680315
-0.5491552 -0.7509818 1.760931
0.1084861 -0.7493419 1.658858
-0.518146 -0.7895979 1.652519
0.1461501 -0.8151987 1.593097
9
-0.04334072 -0.1543773 1.838777
-0.1153757 -0.1661406 1.790728
0.03062943 -0.1366314 1.813666
-0.2775228 -0.4582937 1.750329
0.2335152 -0.3596649 1.673975
-0.551841 -0.7508193 1.759792
0.109294 -0.7488264 1.658949
-0.5191699 -0.7898765 1.652167
0.1394499 -0.8112661 1.598475
9
-0.04334072 -0.1543773 1.838777
-0.1153757 -0.1661406 1.790728
0.03062943 -0.1366314 1.813666
-0.2775228 -0.4582937 1.750329
0.2335152 -0.3596649 1.673975
-0.551841 -0.7508193 1.759792
0.109294 -0.7488264 1.658949
-0.5191699 -0.7898765 1.652167
0.1394499 -0.8112661 1.598475
9
-0.04113853 -0.1599862 1.839489
-0.1131132 -0.1710497 1.791662
0.03256791 -0.1426521 1.814131
-0.2746916 -0.4630394 1.750098
0.237616 -0.3624097 1.671967
-0.552027 -0.7502936 1.759373
0.1107512 -0.7473798 1.658873
-0.5194672 -0.7895572 1.651865
0.1353232 -0.8081864 1.599475
9
-0.04113853 -0.1599862 1.839489
-0.1131132 -0.1710497 1.791662
0.03256791 -0.1426521 1.814131
-0.2746916 -0.4630394 1.750098
0.237616 -0.3624097 1.671967
-0.552027 -0.7502936 1.759373
0.1107512 -0.7473798 1.658873
-0.5194672 -0.7895572 1.651865
0.1353232 -0.8081864 1.599475
9
-0.04113853 -0.1599862 1.839489
-0.1131132 -0.1710497 1.791662
0.03256791 -0.1426521 1.814131
-0.2746916 -0.4630394 1.750098
0.237616 -0.3624097 1.671967
-0.552027 -0.7502936 1.759373
0.1107512 -0.7473798 1.658873
-0.5194672 -0.7895572 1.651865
0.1353232 -0.8081864 1.599475
9
-0.04113853 -0.1599862 1.839489
-0.1131132 -0.1710497 1.791662
0.03256791 -0.1426521 1.814131
-0.2746916 -0.4630394 1.750098
0.237616 -0.3624097 1.671967
-0.552027 -0.7502936 1.759373
0.1107512 -0.7473798 1.658873
-0.5194672 -0.7895572 1.651865
0.1353232 -0.8081864 1.599475
9
-0.03909465 -0.1620674 1.839956
-0.1109212 -0.1732111 1.792189
0.0343383 -0.1445317 1.814539
-0.3213393 -0.4075478 1.741059
0.2399633 -0.3629563 1.670847
-0.5700367 -0.7619827 1.7542
0.1112486 -0.7471965 1.658939
-0.5366353 -0.8011925 1.647126
0.1344058 -0.8076765 1.599637
9
-0.03909465 -0.1620674 1.839956
-0.1109212 -0.1732111 1.792189
0.0343383 -0.1445317 1.814539
-0.3213393 -0.4075478 1.741059
0.2399633 -0.3629563 1.670847
-0.5700367 -0.7619827 1.7542
0.1112486 -0.7471965 1.658939
-0.5366353 -0.8011925 1.647126
0.1344058 -0.8076765 1.599637
9
-0.03802451 -0.1632697 1.839826
-0.1098696 -0.1743091 1.792095
0.03536012 -0.145774 1.814375
-0.3216519 -0.4074157 1.740937
0.2415977 -0.3630658 1.669612
-0.570574 -0.7617254 1.753692
0.1117871 -0.7470124 1.65855
-0.5369706 -0.8009657 1.646717
0.1322976 -0.8060898 1.599855
9
-0.03802451 -0.1632697 1.839826
-0.1098696 -0.1743091 1.792095
0.03536012 -0.145774 1.814375
-0.3216519 -0.4074157 1.740937
0.2415977 -0.3630658 1.669612
-0.570574 -0.7617254 1.753692
0.1117871 -0.7470124 1.65855
-0.5369706 -0.8009657 1.646717
0.1322976 -0.8060898 1.599855
9
-0.03711659 -0.1644448 1.839665
-0.1091782 -0.1750743 1.79209
0.03646397 -0.147391 1.814009
-0.3219865 -0.407235 1.740555
0.2432753 -0.3634842 1.668012
-0.5711294 -0.761409 1.753075
0.1127485 -0.7463422 1.658701
-0.5377748 -0.8006518 1.646039
0.1301355 -0.8054045 1.599333
9
-0.03711659 -0.1644448 1.839665
-0.1091782 -0.1750743 1.79209
0.03646397 -0.147391 1.814009
-0.3219865 -0.407235 1.740555
0.2432753 -0.3634842 1.668012
-0.5711294 -0.761409 1.753075
0.1127485 -0.7463422 1.658701
-0.5377748 -0.8006518 1.646039
0.1301355 -0.8054045 1.599333
