40
9
-0.1045107 -0.1041508 1.819089
-0.181585 -0.1125421 1.782504
-0.02315282 -0.09157458 1.782214
-0.3135777 -0.4174078 1.798299
0.134692 -0.3880581 1.670227
-0.5152079 -0.7468512 1.832382
0.09879832 -0.7486818 1.653412
-0.5088282 -0.7831085 1.719518
0.1241903 -0.804659 1.593933
9
-0.1045107 -0.1041508 1.819089
-0.181585 -0.1125421 1.782504
-0.02315282 -0.09157458 1.782214
-0.3135777 -0.4174078 1.798299
0.134692 -0.3880581 1.670227
-0.5152079 -0.7468512 1.832382
0.09879832 -0.7486818 1.653412
-0.5088282 -0.7831085 1.719518
0.1241903 -0.804659 1.593933
9
-0.1045107 -0.1041508 1.819089
-0.181585 -0.1125421 1.782504
-0.02315282 -0.09157458 1.782214
-0.3135777 -0.4174078 1.798299
0.134692 -0.3880581 1.670227
-0.5152079 -0.7468512 1.832382
0.09879832 -0.7486818 1.653412
-0.5088282 -0.7831085 1.719518
0.1241903 -0.804659 1.593933
9
-0.06216099 -0.1329322 1.803209
-0.1394024 -0.1420205 1.767131
0.016935 -0.1179687 1.766129
-0.2960461 -0.4301923 1.790777
0.1672217 -0.3892535 1.648584
-0.5100069 -0.7459279 1.830635
0.1052103 -0.7476354 1.646259
-0.5038998 -0.7823249 1.717819
0.1611155 -0.8216295 1.588994
9
-0.06216099 -0.1329322 1.803209
-0.1394024 -0.1420205 1.767131
0.016935 -0.1179687 1.766129
-0.2960461 -0.4301923 1.790777
0.1672217 -0.3892535 1.648584
-0.5100069 -0.7459279 1.830635
0.1052103 -0.7476354 1.646259
-0.5038998 -0.7823249 1.717819
0.1611155 -0.8216295 1.588994
9
-0.0579714 -0.1365791 1.802855
-0.13449 -0.1466358 1.766662
0.02070764 -0.120922 1.765781
-0.2608303 -0.4313957 1.780387
0.1783603 -0.3892561 1.642764
-0.5064214 -0.7459682 1.828811
0.1060547 -0.7497197 1.643183
-0.4999769 -0.7825686 1.716087
0.1625203 -0.8236719 1.587299
9
-0.0579714 -0.1365791 1.802855
-0.13449 -0.1466358 1.766662
0.02070764 -0.120922 1.765781
-0.2608303 -0.4313957 1.780387
0.1783603 -0.3892561 1.642764
-0.5064214 -0.7459682 1.828811
0.1060547 -0.7497197 1.643183
-0.4999769 -0.7825686 1.716087
0.1625203 -0.8236719 1.587299
9
-0.04391076 -0.1472703 1.799841
-0.1205318 -0.1574248 1.76393
0.0345344 -0.1311753 1.762389
-0.2585236 -0.4362353 1.779114
0.1883894 -0.3978775 1.637933
-0.4998453 -0.7449012 1.826357
0.1068766 -0.7512318 1.641064
-0.4939632 -0.7817503 1.713763
0.1615881 -0.8257547 1.58565
9
-0.04391076 -0.1472703 1.799841
-0.1205318 -0.1574248 1.76393
0.0345344 -0.1311753 1.762389
-0.2585236 -0.4362353 1.779114
0.1883894 -0.3978775 1.637933
-0.4998453 -0.7449012 1.826357
0.1068766 -0.7512318 1.641064
-0.4939632 -0.7817503 1.713763
0.1615881 -0.8257547 1.58565
9
-0.03144401 -0.1566056 1.795879
-0.1081932 -0.1670147 1.759058
0.04662488 -0.1398522 1.759293
-0.2509544 -0.4430335 1.775496
0.2015154 -0.4049385 1.632746
-0.4963772 -0.7444177 1.824974
0.1079168 -0.7529701 1.639742
-0.4904604 -0.7815638 1.712533
0.1573525 -0.8231074 1.585432
9
-0.01583478 -0.1662856 1.78906
-0.09307464 -0.1763319 1.751928
0.06205279 -0.1494312 1.752831
-0.2426114 -0.447676 1.772686
0.2160663 -0.4149424 1.627303
-0.5114874 -0.7838432 1.827011
0.1110669 -0.7534759 1.637316
-0.5983641 -0.8205665 1.782899
0.154362 -0.8210815 1.582633
9
-0.01583478 -0.1662856 1.78906
-0.09307464 -0.1763319 1.751928
0.06205279 -0.1494312 1.752831
-0.2426114 -0.447676 1.772686
0.2160663 -0.4149424 1.627303
-0.5114874 -0.7838432 1.827011
0.1110669 -0.7534759 1.637316
-0.5983641 -0.8205665 1.782899
0.154362 -0.8210815 1.582633
9
-0.01583478 -0.1662856 1.78906
-0.09307464 -0.1763319 1.751928
0.06205279 -0.1494312 1.752831
-0.2426114 -0.447676 1.772686
0.2160663 -0.4149424 1.627303
-0.5114874 -0.7838432 1.827011
0.1110669 -0.7534759 1.637316
-0.5983641 -0.8205665 1.782899
0.154362 -0.8210815 1.582633
9
-0.01583478 -0.1662856 1.78906
-0.09307464 -0.1763319 1.751928
0.06205279 -0.1494312 1.752831
-0.2426114 -0.447676 1.772686
0.2160663 -0.4149424 1.627303
-0.5114874 -0.7838432 1.827011
0.1110669 -0.7534759 1.637316
-0.5983641 -0.8205665 1.782899
0.154362 -0.8210815 1.582633
9
-0.01583478 -0.1662856 1.78906
-0.09307464 -0.1763319 1.751928
0.06205279 -0.1494312 1.752831
-0.2426114 -0.447676 1.772686
0.2160663 -0.4149424 1.627303
-0.5114874 -0.7838432 1.827011
0.1110669 -0.7534759 1.637316
-0.5983641 -0.8205665 1.782899
0.154362 -0.8210815 1.582633
9
-0.01583478 -0.1662856 1.78906
-0.09307464 -0.1763319 1.751928
0.06205279 -0.1494312 1.752831
-0.2426114 -0.447676 1.772686
0.2160663 -0.4149424 1.627303
-0.5114874 -0.7838432 1.827011
0.1110669 -0.7534759 1.637316
-0.5983641 -0.8205665 1.782899
0.154362 -0.8210815 1.582633
9
-0.01583478 -0.1662856 1.78906
-0.09307464 -0.1763319 1.751928
0.06205279 -0.1494312 1.752831
-0.2426114 -0.447676 1.772686
0.2160663 -0.4149424 1.627303
-0.5114874 -0.7838432 1.827011
0.1110669 -0.7534759 1.637316
-0.5983641 -0.8205665 1.782899
0.154362 -0.8210815 1.582633
9
0.01073687 -0.1850664 1.782157
-0.06914792 -0.1926609 1.744491
0.09031581 -0.1700134 1.746595
-0.2255647 -0.4598116 1.76619
0.2519999 -0.4279636 1.614846
-0.5066428 -0.7849329 1.824852
0.1149056 -0.7535844 1.633741
-0.5947056 -0.8198698 1.782561
0.1550387 -0.8209614 1.581623
9
0.01073687 -0.1850664 1.782157
-0.06914792 -0.1926609 1.744491
0.09031581 -0.1700134 1.746595
-0.2255647 -0.4598116 1.76619
0.2519999 -0.4279636 1.614846
-0.5066428 -0.7849329 1.824852
0.1149056 -0.7535844 1.633741
-0.5947056 -0.8198698 1.782561
0.1550387 -0.8209614 1.581623
9
0.01073687 -0.1850664 1.782157
-0.06914792 -0.1926609 1.744491
0.09031581 -0.1700134 1.746595
-0.2255647 -0.4598116 1.76619
0.2519999 -0.4279636 1.614846
-0.5066428 -0.7849329 1.824852
0.1149056 -0.7535844 1.633741
-0.5947056 -0.8198698 1.782561
0.1550387 -0.8209614 1.581623
9
0.01073687 -0.1850664 1.782157
-0.06914792 -0.1926609 1.744491
0.09031581 -0.1700134 1.746595
-0.2255647 -0.4598116 1.76619
0.2519999 -0.4279636 1.614846
-0.5066428 -0.7849329 1.824852
0.1149056 -0.7535844 1.633741
-0.5947056 -0.8198698 1.782561
0.1550387 -0.8209614 1.581623
9
0.01073687 -0.1850664 1.782157
-0.06914792 -0.1926609 1.744491
0.09031581 -0.1700134 1.746595
-0.2255647 -0.4598116 1.76619
0.2519999 -0.4279636 1.614846
-0.5066428 -0.7849329 1.824852
0.1149056 -0.7535844 1.633741
-0.5947056 -0.8198698 1.782561
0.1550387 -0.8209614 1.581623
9
0.01073687 -0.1850664 1.782157
-0.06914792 -0.1926609 1.744491
0.09031581 -0.1700134 1.746595
-0.2255647 -0.4598116 1.76619
0.2519999 -0.4279636 1.614846
-0.5066428 -0.7849329 1.824852
0.1149056 -0.7535844 1.633741
-0.5947056 -0.8198698 1.782561
0.1550387 -0.8209614 1.581623
9
0.01073687 -0.1850664 1.782157
-0.06914792 -0.1926609 1.744491
0.09031581 -0.1700134 1.746595
-0.2255647 -0.4598116 1.76619
0.2519999 -0.4279636 1.614846
-0.5066428 -0.7849329 1.824852
0.1149056 -0.7535844 1.633741
-0.5947056 -0.8198698 1.782561
0.1550387 -0.8209614 1.581623
9
0.01073687 -0.1850664 1.782157
-0.06914792 -0.1926609 1.744491
0.09031581 -0.1700134 1.746595
-0.2255647 -0.4598116 1.76619
0.2519999 -0.4279636 1.614846
-0.5066428 -0.7849329 1.824852
0.1149056 -0.7535844 1.633741
-0.5947056 -0.8198698 1.782561
0.1550387 -0.8209614 1.581623
9
0.01705559 -0.1884632 1.780788
-0.06264621 -0.1956841 1.74308
0.09611022 -0.173556 1.745268
-0.2215017 -0.4618335 1.763173
0.2570022 -0.4312862 1.611971
-0.5046523 -0.7852517 1.821532
0.1191159 -0.7545103 1.62986
-0.5871449 -0.8092826 1.774118
0.1576139 -0.8215789 1.57909
9
0.01705559 -0.1884632 1.780788
-0.06264621 -0.1956841 1.74308
0.09611022 -0.173556 1.745268
-0.2215017 -0.4618335 1.763173
0.2570022 -0.4312862 1.611971
-0.5046523 -0.7852517 1.821532
0.1191159 -0.7545103 1.62986
-0.5871449 -0.8092826 1.774118
0.1576139 -0.8215789 1.57909
9
0.01769335 -0.1892704 1.780448
-0.06202571 -0.1961066 1.742692
0.09675325 -0.1748476 1.744976
-0.219717 -0.4631068 1.76211
0.2585233 -0.4317376 1.610978
-0.5035272 -0.7861439 1.819661
0.1242718 -0.7496068 1.62694
-0.5849621 -0.8074109 1.772977
0.1578314 -0.8215482 1.578574
9
0.01794019 -0.1893468 1.78036
-0.061599 -0.1959713 1.742444
0.09693636 -0.175097 1.744975
-0.2195361 -0.4628324 1.761886
0.2588455 -0.4317935 1.610709
-0.5029313 -0.7863336 1.819017
0.1245619 -0.7502528 1.626604
-0.5827744 -0.8057326 1.772625
0.158118 -0.8209744 1.577087
9
0.01794019 -0.1893468 1.78036
-0.061599 -0.1959713 1.742444
0.09693636 -0.175097 1.744975
-0.2195361 -0.4628324 1.761886
0.2588455 -0.4317935 1.610709
-0.5029313 -0.7863336 1.819017
0.1245619 -0.7502528 1.626604
-0.5827744 -0.8057326 1.772625
0.158118 -0.8209744 1.577087
9
0.01794019 -0.1893468 1.78036
-0.061599 -0.1959713 1.742444
0.09693636 -0.175097 1.744975
-0.2195361 -0.4628324 1.761886
0.2588455 -0.4317935 1.610709
-0.5029313 -0.7863336 1.819017
0.1245619 -0.7502528 1.626604
-0.5827744 -0.8057326 1.772625
0.158118 -0.8209744 1.577087
9
0.0179511 -0.1892114 1.780263
-0.06155525 -0.1955182 1.742248
0.09692864 -0.1750906 1.744937
-0.2194598 -0.4623917 1.761769
0.258686 -0.4319251 1.610786
-0.5024852 -0.7862892 1.818599
0.1259866 -0.7497382 1.627058
-0.5826135 -0.8056 1.772678
0.1573731 -0.820952 1.576717
9
0.0179511 -0.1892114 1.780263
-0.06155525 -0.1955182 1.742248
0.09692864 -0.1750906 1.744937
-0.2194598 -0.4623917 1.761769
0.258686 -0.4319251 1.610786
-0.5024852 -0.7862892 1.818599
0.1259866 -0.7497382 1.627058
-0.5826135 -0.8056 1.772678
0.1573731 -0.820952 1.576717
9
0.0179511 -0.1892114 1.780263
-0.06155525 -0.1955182 1.742248
0.09692864 -0.1750906 1.744937
-0.2194598 -0.4623917 1.761769
0.258686 -0.4319251 1.610786
-0.5024852 -0.7862892 1.818599
0.1259866 -0.7497382 1.627058
-0.5826135 -0.8056 1.772678
0.1573731 -0.820952 1.576717
9
0.0179511 -0.1892114 1.780263
-0.06155525 -0.1955182 1.742248
0.09692864 -0.1750906 1.744937
-0.2194598 -0.4623917 1.761769
0.258686 -0.4319251 1.610786
-0.5024852 -0.7862892 1.818599
0.1259866 -0.7497382 1.627058
-0.5826135 -0.8056 1.772678
0.1573731 -0.820952 1.576717
9
0.0179511 -0.1892114 1.780263
-0.06155525 -0.1955182 1.742248
0.09692864 -0.1750906 1.744937
-0.2194598 -0.4623917 1.761769
0.258686 -0.4319251 1.610786
-0.5024852 -0.7862892 1.818599
0.1259866 -0.7497382 1.627058
-0.5826135 -0.8056 1.772678
0.1573731 -0.820952 1.576717
9
0.0179511 -0.1892114 1.780263
-0.06155525 -0.1955182 1.742248
0.09692864 -0.1750906 1.744937
-0.2194598 -0.4623917 1.761769
0.258686 -0.4319251 1.610786
-0.5024852 -0.7862892 1.818599
0.1259866 -0.7497382 1.627058
-0.5826135 -0.8056 1.772678
0.1573731 -0.820952 1.576717
9
0.01213009 -0.1823978 1.781891
-0.06684285 -0.1877699 1.743464
0.09061857 -0.1693274 1.746997
-0.2272 -0.4531191 1.763754
0.2489122 -0.4291202 1.61451
-0.5037855 -0.7829058 1.818879
0.1199762 -0.7526987 1.628911
-0.5796478 -0.8016026 1.773228
0.1556694 -0.8205562 1.576982
9
0.01213009 -0.1823978 1.781891
-0.06684285 -0.1877699 1.743464
0.09061857 -0.1693274 1.746997
-0.2272 -0.4531191 1.763754
0.2489122 -0.4291202 1.61451
-0.5037855 -0.7829058 1.818879
0.1199762 -0.7526987 1.628911
-0.5796478 -0.8016026 1.773228
0.1556694 -0.8205562 1.576982
9
0.01213009 -0.1823978 1.781891
-0.06684285 -0.1877699 1.743464
0.09061857 -0.1693274 1.746997
-0.2272 -0.4531191 1.763754
0.2489122 -0.4291202 1.61451
-0.5037855 -0.7829058 1.818879
0.1199762 -0.7526987 1.628911
-0.5796478 -0.8016026 1.773228
0.1556694 -0.8205562 1.576982
