40
9
-0.005786443 -0.1531347 2.113643
-0.07729242 -0.1810731 2.115426
0.06638712 -0.1195813 2.036877
-0.2840783 -0.4533338 2.086054
0.2274241 -0.4173213 1.933912
-0.4606965 -0.7622026 2.073273
0.3312404 -0.772972 2.00416
-0.5787727 -0.7949823 2.017519
0.3693669 -0.8353097 1.92131
9
-0.005786443 -0.1531347 2.113643
-0.07729242 -0.1810731 2.115426
0.06638712 -0.1195813 2.036877
-0.2840783 -0.4533338 2.086054
0.2274241 -0.4173213 1.933912
-0.4606965 -0.7622026 2.073273
0.3312404 -0.772972 2.00416
-0.5787727 -0.7949823 2.017519
0.3693669 -0.8353097 1.92131
9
-0.005786443 -0.1531347 2.113643
-0.07729242 -0.1810731 2.115426
0.06638712 -0.1195813 2.036877
-0.2840783 -0.4533338 2.086054
0.2274241 -0.4173213 1.933912
-0.4606965 -0.7622026 2.073273
0.3312404 -0.772972 2.00416
-0.5787727 -0.7949823 2.017519
0.3693669 -0.8353097 1.92131
9
-0.005786443 -0.1531347 2.113643
-0.07729242 -0.1810731 2.115426
0.06638712 -0.1195813 2.036877
-0.2840783 -0.4533338 2.086054
0.2274241 -0.4173213 1.933912
-0.4606965 -0.7622026 2.073273
0.3312404 -0.772972 2.00416
-0.5787727 -0.7949823 2.017519
0.3693669 -0.8353097 1.92131
9
-0.01116197 -0.1584199 2.117041
-0.08261866 -0.1867729 2.120022
0.06092748 -0.1244539 2.039144
-0.2993941 -0.4540145 2.094312
0.2275326 -0.4184158 1.933072
-0.4620105 -0.7627218 2.077976
0.3315305 -0.7726762 2.003653
-0.5813631 -0.795224 2.03019
0.3696488 -0.83527 1.921138
9
-0.02567314 -0.1638958 2.120997
-0.09623493 -0.1911727 2.125308
0.04578569 -0.1308873 2.041594
-0.314745 -0.4535754 2.096406
0.2245061 -0.4171472 1.933035
-0.468415 -0.7667091 2.080188
0.3318897 -0.772572 2.002882
-0.5877591 -0.7990463 2.032761
0.3698851 -0.8355032 1.920797
9
-0.02567314 -0.1638958 2.120997
-0.09623493 -0.1911727 2.125308
0.04578569 -0.1308873 2.041594
-0.314745 -0.4535754 2.096406
0.2245061 -0.4171472 1.933035
-0.468415 -0.7667091 2.080188
0.3318897 -0.772572 2.002882
-0.5877591 -0.7990463 2.032761
0.3698851 -0.8355032 1.920797
9
-0.02567314 -0.1638958 2.120997
-0.09623493 -0.1911727 2.125308
0.04578569 -0.1308873 2.041594
-0.314745 -0.4535754 2.096406
0.2245061 -0.4171472 1.933035
-0.468415 -0.7667091 2.080188
0.3318897 -0.772572 2.002882
-0.5877591 -0.7990463 2.032761
0.3698851 -0.8355032 1.920797
9
-0.04420176 -0.1691119 2.126453
-0.1142156 -0.1963743 2.133173
0.02731859 -0.1359096 2.044693
-0.3522219 -0.4636278 2.102926
0.2130437 -0.4180296 1.936999
-0.4777594 -0.7888874 2.081085
0.3318588 -0.7727326 2.002506
-0.6009145 -0.8093417 2.038666
0.370045 -0.8357134 1.920683
9
-0.05827592 -0.1750446 2.130034
-0.1283236 -0.2021481 2.136864
0.01400096 -0.1416969 2.048073
-0.36559 -0.4581225 2.103393
0.2014997 -0.4226384 1.940129
-0.4811936 -0.7871069 2.0826
0.3315036 -0.772343 2.002067
-0.6031488 -0.8115032 2.038854
0.3700148 -0.8356258 1.921018
9
-0.05827592 -0.1750446 2.130034
-0.1283236 -0.2021481 2.136864
0.01400096 -0.1416969 2.048073
-0.36559 -0.4581225 2.103393
0.2014997 -0.4226384 1.940129
-0.4811936 -0.7871069 2.0826
0.3315036 -0.772343 2.002067
-0.6031488 -0.8115032 2.038854
0.3700148 -0.8356258 1.921018
9
-0.05827592 -0.1750446 2.130034
-0.1283236 -0.2021481 2.136864
0.01400096 -0.1416969 2.048073
-0.36559 -0.4581225 2.103393
0.2014997 -0.4226384 1.940129
-0.4811936 -0.7871069 2.0826
0.3315036 -0.772343 2.002067
-0.6031488 -0.8115032 2.038854
0.3700148 -0.8356258 1.921018
9
-0.0756592 -0.1846797 2.134825
-0.1469583 -0.2117333 2.142511
-0.001636631 -0.1510658 2.052085
-0.3912033 -0.4524804 2.105035
0.1898133 -0.4281186 1.939077
-0.4911476 -0.7865086 2.084077
0.3311006 -0.7723972 2.001725
-0.5737305 -0.8295898 2.044922
0.3700544 -0.8356228 1.921035
9
-0.0756592 -0.1846797 2.134825
-0.1469583 -0.2117333 2.142511
-0.001636631 -0.1510658 2.052085
-0.3912033 -0.4524804 2.105035
0.1898133 -0.4281186 1.939077
-0.4911476 -0.7865086 2.084077
0.3311006 -0.7723972 2.001725
-0.5737305 -0.8295898 2.044922
0.3700544 -0.8356228 1.921035
9
-0.0756592 -0.1846797 2.134825
-0.1469583 -0.2117333 2.142511
-0.001636631 -0.1510658 2.052085
-0.3912033 -0.4524804 2.105035
0.1898133 -0.4281186 1.939077
-0.4911476 -0.7865086 2.084077
0.3311006 -0.7723972 2.001725
-0.5737305 -0.8295898 2.044922
0.3700544 -0.8356228 1.921035
9
-0.0756592 -0.1846797 2.134825
-0.1469583 -0.2117333 2.142511
-0.001636631 -0.1510658 2.052085
-0.3912033 -0.4524804 2.105035
0.1898133 -0.4281186 1.939077
-0.4911476 -0.7865086 2.084077
0.3311006 -0.7723972 2.001725
-0.5737305 -0.8295898 2.044922
0.3700544 -0.8356228 1.921035
9
-0.0756592 -0.1846797 2.134825
-0.1469583 -0.2117333 2.142511
-0.001636631 -0.1510658 2.052085
-0.3912033 -0.4524804 2.105035
0.1898133 -0.4281186 1.939077
-0.4911476 -0.7865086 2.084077
0.3311006 -0.7723972 2.001725
-0.5737305 -0.8295898 2.044922
0.3700544 -0.8356228 1.921035
9
-0.0756592 -0.1846797 2.134825
-0.1469583 -0.2117333 2.142511
-0.001636631 -0.1510658 2.052085
-0.3912033 -0.4524804 2.105035
0.1898133 -0.4281186 1.939077
-0.4911476 -0.7865086 2.084077
0.3311006 -0.7723972 2.001725
-0.5737305 -0.8295898 2.044922
0.3700544 -0.8356228 1.921035
9
-0.0756592 -0.1846797 2.134825
-0.1469583 -0.2117333 2.142511
-0.001636631 -0.1510658 2.052085
-0.3912033 -0.4524804 2.105035
0.1898133 -0.4281186 1.939077
-0.4911476 -0.7865086 2.084077
0.3311006 -0.7723972 2.001725
-0.5737305 -0.8295898 2.044922
0.3700544 -0.8356228 1.921035
9
-0.0756592 -0.1846797 2.134825
-0.1469583 -0.2117333 2.142511
-0.001636631 -0.1510658 2.052085
-0.3912033 -0.4524804 2.105035
0.1898133 -0.4281186 1.939077
-0.4911476 -0.7865086 2.084077
0.3311006 -0.7723972 2.001725
-0.5737305 -0.8295898 2.044922
0.3700544 -0.8356228 1.921035
9
-0.1802085 -0.2195445 2.157967
-0.2493032 -0.2419649 2.161589
-0.104727 -0.1894696 2.079549
-0.5175781 -0.4483299 2.098388
0.113104 -0.4478101 1.968401
-0.5438188 -0.7962041 2.073021
0.3281149 -0.7741399 1.999131
-0.593207 -0.8647533 2.04056
0.3697058 -0.8375806 1.921511
9
-0.1802085 -0.2195445 2.157967
-0.2493032 -0.2419649 2.161589
-0.104727 -0.1894696 2.079549
-0.5175781 -0.4483299 2.098388
0.113104 -0.4478101 1.968401
-0.5438188 -0.7962041 2.073021
0.3281149 -0.7741399 1.999131
-0.593207 -0.8647533 2.04056
0.3697058 -0.8375806 1.921511
9
-0.1802085 -0.2195445 2.157967
-0.2493032 -0.2419649 2.161589
-0.104727 -0.1894696 2.079549
-0.5175781 -0.4483299 2.098388
0.113104 -0.4478101 1.968401
-0.5438188 -0.7962041 2.073021
0.3281149 -0.7741399 1.999131
-0.593207 -0.8647533 2.04056
0.3697058 -0.8375806 1.921511
9
-0.197404 -0.2268618 2.163765
-0.2653019 -0.2483288 2.164391
-0.1229134 -0.1977283 2.088887
-0.5328277 -0.454471 2.095067
0.1072222 -0.4442464 1.973285
-0.5552785 -0.8025563 2.071377
0.3252356 -0.7737056 1.997807
-0.5992435 -0.8745183 2.039834
0.3688614 -0.837238 1.922607
9
-0.2296945 -0.237482 2.168757
-0.299982 -0.2576085 2.17045
-0.1513551 -0.2089909 2.092625
-0.5631678 -0.4664734 2.089403
0.09556806 -0.4410183 1.982141
-0.5734952 -0.8150998 2.06668
0.3191085 -0.7729053 1.997123
-0.607317 -0.8692269 1.947117
0.3670628 -0.8348877 1.923947
9
-0.2688487 -0.2486251 2.214882
-0.3367451 -0.2611333 2.210701
-0.1918044 -0.2277417 2.144647
-0.5830477 -0.4737497 2.077029
0.08588607 -0.4480202 1.991827
-0.5790087 -0.8225318 2.054483
0.3174688 -0.77434 1.997051
-0.648648 -0.8410209 2.074023
0.3679683 -0.835672 1.921727
9
-0.2688487 -0.2486251 2.214882
-0.3367451 -0.2611333 2.210701
-0.1918044 -0.2277417 2.144647
-0.5830477 -0.4737497 2.077029
0.08588607 -0.4480202 1.991827
-0.5790087 -0.8225318 2.054483
0.3174688 -0.77434 1.997051
-0.648648 -0.8410209 2.074023
0.3679683 -0.835672 1.921727
9
-0.2685809 -0.2554748 2.216883
-0.3365368 -0.2701298 2.210305
-0.1914742 -0.2333215 2.14908
-0.6449404 -0.3751438 2.07672
0.09832744 -0.3775519 1.98306
-0.5367492 -0.7674372 2.071973
0.3528762 -0.7771875 1.973264
-0.5959449 -0.828398 2.041586
0.3078401 -0.8341202 1.853576
9
-0.2685809 -0.2554748 2.216883
-0.3365368 -0.2701298 2.210305
-0.1914742 -0.2333215 2.14908
-0.6449404 -0.3751438 2.07672
0.09832744 -0.3775519 1.98306
-0.5367492 -0.7674372 2.071973
0.3528762 -0.7771875 1.973264
-0.5959449 -0.828398 2.041586
0.3078401 -0.8341202 1.853576
9
-0.2685809 -0.2554748 2.216883
-0.3365368 -0.2701298 2.210305
-0.1914742 -0.2333215 2.14908
-0.6449404 -0.3751438 2.07672
0.09832744 -0.3775519 1.98306
-0.5367492 -0.7674372 2.071973
0.3528762 -0.7771875 1.973264
-0.5959449 -0.828398 2.041586
0.3078401 -0.8341202 1.853576
9
-0.2685809 -0.2554748 2.216883
-0.3365368 -0.2701298 2.210305
-0.1914742 -0.2333215 2.14908
-0.6449404 -0.3751438 2.07672
0.09832744 -0.3775519 1.98306
-0.5367492 -0.7674372 2.071973
0.3528762 -0.7771875 1.973264
-0.5959449 -0.828398 2.041586
0.3078401 -0.8341202 1.853576
9
-0.2906685 -0.274455 2.223069
-0.3580161 -0.2878679 2.211112
-0.2138775 -0.2524583 2.161302
-0.6682988 -0.3820213 2.073567
0.08335506 -0.3765378 1.99027
-0.53787 -0.7669897 2.072723
0.343276 -0.7728456 1.977193
-0.5960464 -0.8289285 2.040839
0.2972135 -0.8300636 1.858171
9
-0.2906685 -0.274455 2.223069
-0.3580161 -0.2878679 2.211112
-0.2138775 -0.2524583 2.161302
-0.6682988 -0.3820213 2.073567
0.08335506 -0.3765378 1.99027
-0.53787 -0.7669897 2.072723
0.343276 -0.7728456 1.977193
-0.5960464 -0.8289285 2.040839
0.2972135 -0.8300636 1.858171
9
-0.2944363 -0.2773166 2.223961
-0.3629768 -0.2917817 2.21276
-0.2163068 -0.2541286 2.161507
-0.6728606 -0.3847727 2.073134
0.07792396 -0.3910513 1.996935
-0.5391965 -0.7658296 2.073057
0.342422 -0.7843997 1.979495
-0.5953072 -0.829597 2.039816
0.2993537 -0.8413733 1.859128
9
-0.2944363 -0.2773166 2.223961
-0.3629768 -0.2917817 2.21276
-0.2163068 -0.2541286 2.161507
-0.6728606 -0.3847727 2.073134
0.07792396 -0.3910513 1.996935
-0.5391965 -0.7658296 2.073057
0.342422 -0.7843997 1.979495
-0.5953072 -0.829597 2.039816
0.2993537 -0.8413733 1.859128
9
-0.3030921 -0.2818371 2.226081
-0.3717673 -0.2963672 2.214635
-0.2241798 -0.2580944 2.163626
-0.6816447 -0.3868541 2.073054
0.07085828 -0.3960844 2.00184
-0.5404889 -0.765651 2.073623
0.3397971 -0.786556 1.981537
-0.5966401 -0.8293777 2.040087
0.2968887 -0.8435366 1.86115
9
-0.3030921 -0.2818371 2.226081
-0.3717673 -0.2963672 2.214635
-0.2241798 -0.2580944 2.163626
-0.6816447 -0.3868541 2.073054
0.07085828 -0.3960844 2.00184
-0.5404889 -0.765651 2.073623
0.3397971 -0.786556 1.981537
-0.5966401 -0.8293777 2.040087
0.2968887 -0.8435366 1.86115
9
-0.3084418 -0.2821827 2.226686
-0.3764234 -0.2965998 2.214864
-0.2301235 -0.2584948 2.164611
-0.6862375 -0.3874672 2.073747
0.06613842 -0.3975061 2.00672
-0.5409501 -0.7651974 2.074266
0.3364261 -0.7871774 1.983417
-0.5965531 -0.8293898 2.039821
0.2939169 -0.8440895 1.862825
9
-0.3084418 -0.2821827 2.226686
-0.3764234 -0.2965998 2.214864
-0.2301235 -0.2584948 2.164611
-0.6862375 -0.3874672 2.073747
0.06613842 -0.3975061 2.00672
-0.5409501 -0.7651974 2.074266
0.3364261 -0.7871774 1.983417
-0.5965531 -0.8293898 2.039821
0.2939169 -0.8440895 1.862825
9
-0.3084418 -0.2821827 2.226686
-0.3764234 -0.2965998 2.214864
-0.2301235 -0.2584948 2.164611
-0.6862375 -0.3874672 2.073747
0.06613842 -0.3975061 2.00672
-0.5409501 -0.7651974 2.074266
0.3364261 -0.7871774 1.983417
-0.5965531 -0.8293898 2.039821
0.2939169 -0.8440895 1.862825
