40
9
-0.1230224 -0.09735486 2.101549
-0.2027006 -0.09594919 2.062253
-0.0389105 -0.09526869 2.06497
-0.341508 -0.4061333 1.940383
0.1132017 -0.4999748 2.087979
-0.3250587 -0.7669353 1.990503
0.2432055 -0.8888983 2.012188
-0.3860667 -0.8302586 1.923211
0.2126547 -0.9355421 1.850659
9
-0.1230224 -0.09735486 2.101549
-0.2027006 -0.09594919 2.062253
-0.0389105 -0.09526869 2.06497
-0.341508 -0.4061333 1.940383
0.1132017 -0.4999748 2.087979
-0.3250587 -0.7669353 1.990503
0.2432055 -0.8888983 2.012188
-0.3860667 -0.8302586 1.923211
0.2126547 -0.9355421 1.850659
9
-0.1459251 -0.1052114 2.099737
-0.225651 -0.103861 2.060988
-0.06092338 -0.1027735 2.062716
-0.3667001 -0.409031 1.928035
0.09654844 -0.4965294 2.08516
-0.3274396 -0.7674559 1.988754
0.2409461 -0.8898983 2.010224
-0.3883058 -0.8317375 1.923548
0.2075182 -0.9383463 1.850221
9
-0.1459251 -0.1052114 2.099737
-0.225651 -0.103861 2.060988
-0.06092338 -0.1027735 2.062716
-0.3667001 -0.409031 1.928035
0.09654844 -0.4965294 2.08516
-0.3274396 -0.7674559 1.988754
0.2409461 -0.8898983 2.010224
-0.3883058 -0.8317375 1.923548
0.2075182 -0.9383463 1.850221
9
-0.168585 -0.1139352 2.099802
-0.2479816 -0.1121537 2.06052
-0.08310439 -0.1116165 2.063403
-0.3853538 -0.4160268 1.919204
0.07913429 -0.4928436 2.082808
-0.3314591 -0.7685384 1.986813
0.2090545 -0.9216276 2.008222
-0.3928029 -0.8327718 1.923139
0.1993789 -0.9442402 1.850466
9
-0.168585 -0.1139352 2.099802
-0.2479816 -0.1121537 2.06052
-0.08310439 -0.1116165 2.063403
-0.3853538 -0.4160268 1.919204
0.07913429 -0.4928436 2.082808
-0.3314591 -0.7685384 1.986813
0.2090545 -0.9216276 2.008222
-0.3928029 -0.8327718 1.923139
0.1993789 -0.9442402 1.850466
9
-0.1893003 -0.1223001 2.099411
-0.2684246 -0.1204024 2.059767
-0.1033434 -0.1197965 2.063471
-0.4032959 -0.4231073 1.91271
0.03277309 -0.4518875 2.077483
-0.3352715 -0.7706532 1.985133
0.2089032 -0.916565 2.004739
-0.4036669 -0.8387182 1.924483
0.1933084 -0.947605 1.848662
9
-0.1893003 -0.1223001 2.099411
-0.2684246 -0.1204024 2.059767
-0.1033434 -0.1197965 2.063471
-0.4032959 -0.4231073 1.91271
0.03277309 -0.4518875 2.077483
-0.3352715 -0.7706532 1.985133
0.2089032 -0.916565 2.004739
-0.4036669 -0.8387182 1.924483
0.1933084 -0.947605 1.848662
9
-0.2069299 -0.1314686 2.099032
-0.2860473 -0.1299839 2.060711
-0.1204321 -0.1282815 2.061879
-0.4227586 -0.429056 1.907037
0.03799051 -0.4875205 2.078946
-0.3393151 -0.7712253 1.983104
0.2130896 -0.9397799 1.956053
-0.4094552 -0.8410316 1.925641
0.167436 -0.9587368 1.831392
9
-0.2069299 -0.1314686 2.099032
-0.2860473 -0.1299839 2.060711
-0.1204321 -0.1282815 2.061879
-0.4227586 -0.429056 1.907037
0.03799051 -0.4875205 2.078946
-0.3393151 -0.7712253 1.983104
0.2130896 -0.9397799 1.956053
-0.4094552 -0.8410316 1.925641
0.167436 -0.9587368 1.831392
9
-0.2279927 -0.1427062 2.099273
-0.3046324 -0.1405755 2.061536
-0.143235 -0.1397074 2.061576
-0.434967 -0.4392961 1.90043
0.03220566 -0.4891023 2.077695
-0.3422212 -0.7710644 1.981925
0.2127065 -0.9398243 1.955967
-0.4220754 -0.8475885 1.936184
0.1632604 -0.9585796 1.833072
9
-0.2279927 -0.1427062 2.099273
-0.3046324 -0.1405755 2.061536
-0.143235 -0.1397074 2.061576
-0.434967 -0.4392961 1.90043
0.03220566 -0.4891023 2.077695
-0.3422212 -0.7710644 1.981925
0.2127065 -0.9398243 1.955967
-0.4220754 -0.8475885 1.936184
0.1632604 -0.9585796 1.833072
9
-0.2438371 -0.1505851 2.10171
-0.3206323 -0.1488632 2.065398
-0.1583602 -0.1469493 2.062765
-0.4438356 -0.4467584 1.895579
0.02490883 -0.4923503 2.077523
-0.3443714 -0.772262 1.981995
0.2127324 -0.9395837 1.958332
-0.4316688 -0.8558326 1.915246
0.1513151 -0.9534296 1.836416
9
-0.2438371 -0.1505851 2.10171
-0.3206323 -0.1488632 2.065398
-0.1583602 -0.1469493 2.062765
-0.4438356 -0.4467584 1.895579
0.02490883 -0.4923503 2.077523
-0.3443714 -0.772262 1.981995
0.2127324 -0.9395837 1.958332
-0.4316688 -0.8558326 1.915246
0.1513151 -0.9534296 1.836416
9
-0.2537956 -0.1569222 2.102949
-0.3300644 -0.1555778 2.066984
-0.1684468 -0.152669 2.06371
-0.4543075 -0.4519272 1.895202
-0.02029599 -0.4649061 2.076001
-0.3488356 -0.7718773 1.978859
0.2108319 -0.9003541 1.969481
-0.4342004 -0.8553688 1.917175
0.1508019 -0.9530957 1.836002
9
-0.2537956 -0.1569222 2.102949
-0.3300644 -0.1555778 2.066984
-0.1684468 -0.152669 2.06371
-0.4543075 -0.4519272 1.895202
-0.02029599 -0.4649061 2.076001
-0.3488356 -0.7718773 1.978859
0.2108319 -0.9003541 1.969481
-0.4342004 -0.8553688 1.917175
0.1508019 -0.9530957 1.836002
9
-0.2537956 -0.1569222 2.102949
-0.3300644 -0.1555778 2.066984
-0.1684468 -0.152669 2.06371
-0.4543075 -0.4519272 1.895202
-0.02029599 -0.4649061 2.076001
-0.3488356 -0.7718773 1.978859
0.2108319 -0.9003541 1.969481
-0.4342004 -0.8553688 1.917175
0.1508019 -0.9530957 1.836002
9
-0.2537956 -0.1569222 2.102949
-0.3300644 -0.1555778 2.066984
-0.1684468 -0.152669 2.06371
-0.4543075 -0.4519272 1.895202
-0.02029599 -0.4649061 2.076001
-0.3488356 -0.7718773 1.978859
0.2108319 -0.9003541 1.969481
-0.4342004 -0.8553688 1.917175
0.1508019 -0.9530957 1.836002
9
-0.2537956 -0.1569222 2.102949
-0.3300644 -0.1555778 2.066984
-0.1684468 -0.152669 2.06371
-0.4543075 -0.4519272 1.895202
-0.02029599 -0.4649061 2.076001
-0.3488356 -0.7718773 1.978859
0.2108319 -0.9003541 1.969481
-0.4342004 -0.8553688 1.917175
0.1508019 -0.9530957 1.836002
9
-0.2537956 -0.1569222 2.102949
-0.3300644 -0.1555778 2.066984
-0.1684468 -0.152669 2.06371
-0.4543075 -0.4519272 1.895202
-0.02029599 -0.4649061 2.076001
-0.3488356 -0.7718773 1.978859
0.2108319 -0.9003541 1.969481
-0.4342004 -0.8553688 1.917175
0.1508019 -0.9530957 1.836002
9
-0.2984816 -0.1893148 2.115485
-0.3747368 -0.1887071 2.080404
-0.2116035 -0.1832144 2.075623
-0.4714882 -0.4787303 1.876634
-0.02268292 -0.4750539 2.078274
-0.3626668 -0.7716959 1.979581
0.2149686 -0.9131327 2.007401
-0.4411228 -0.8595321 1.917494
0.1516818 -0.9502181 1.853533
9
-0.2984816 -0.1893148 2.115485
-0.3747368 -0.1887071 2.080404
-0.2116035 -0.1832144 2.075623
-0.4714882 -0.4787303 1.876634
-0.02268292 -0.4750539 2.078274
-0.3626668 -0.7716959 1.979581
0.2149686 -0.9131327 2.007401
-0.4411228 -0.8595321 1.917494
0.1516818 -0.9502181 1.853533
9
-0.2985235 -0.1903474 2.116129
-0.3747627 -0.1899273 2.081195
-0.2116597 -0.1840441 2.076138
-0.4782734 -0.4780276 1.878439
-0.02585519 -0.4775481 2.080188
-0.3637894 -0.7716743 1.979077
0.2275504 -0.9008362 1.972734
-0.4432304 -0.8614299 1.913748
0.1461584 -0.9526396 1.84363
9
-0.2985235 -0.1903474 2.116129
-0.3747627 -0.1899273 2.081195
-0.2116597 -0.1840441 2.076138
-0.4782734 -0.4780276 1.878439
-0.02585519 -0.4775481 2.080188
-0.3637894 -0.7716743 1.979077
0.2275504 -0.9008362 1.972734
-0.4432304 -0.8614299 1.913748
0.1461584 -0.9526396 1.84363
9
-0.2992154 -0.1916659 2.116283
-0.3755527 -0.191935 2.081394
-0.21223 -0.1847934 2.076257
-0.4858275 -0.4784971 1.880686
-0.02746106 -0.4788482 2.080703
-0.3900343 -0.8278088 1.946149
0.2095334 -0.9114945 1.971949
-0.4664136 -0.8805614 1.912112
0.1433646 -0.9525204 1.842711
9
-0.2992154 -0.1916659 2.116283
-0.3755527 -0.191935 2.081394
-0.21223 -0.1847934 2.076257
-0.4858275 -0.4784971 1.880686
-0.02746106 -0.4788482 2.080703
-0.3900343 -0.8278088 1.946149
0.2095334 -0.9114945 1.971949
-0.4664136 -0.8805614 1.912112
0.1433646 -0.9525204 1.842711
9
-0.3007803 -0.1931723 2.116757
-0.3770496 -0.194097 2.082166
-0.2138353 -0.1857093 2.076505
-0.4916231 -0.4789322 1.881643
-0.02928685 -0.479811 2.081456
-0.3924596 -0.8277884 1.946185
0.2061073 -0.913826 1.973638
-0.4690519 -0.8801845 1.915995
0.1421741 -0.9530194 1.845317
9
-0.3007803 -0.1931723 2.116757
-0.3770496 -0.194097 2.082166
-0.2138353 -0.1857093 2.076505
-0.4916231 -0.4789322 1.881643
-0.02928685 -0.479811 2.081456
-0.3924596 -0.8277884 1.946185
0.2061073 -0.913826 1.973638
-0.4690519 -0.8801845 1.915995
0.1421741 -0.9530194 1.845317
9
-0.3029518 -0.1950266 2.117498
-0.3794837 -0.1971474 2.083152
-0.2157179 -0.1865513 2.077054
-0.4970288 -0.4804494 1.882315
-0.03071495 -0.4804006 2.081904
-0.3955785 -0.8292724 1.944774
0.2134447 -0.9161725 2.012292
-0.470579 -0.8835937 1.912243
0.147368 -0.9481626 1.857442
9
-0.3029518 -0.1950266 2.117498
-0.3794837 -0.1971474 2.083152
-0.2157179 -0.1865513 2.077054
-0.4970288 -0.4804494 1.882315
-0.03071495 -0.4804006 2.081904
-0.3955785 -0.8292724 1.944774
0.2134447 -0.9161725 2.012292
-0.470579 -0.8835937 1.912243
0.147368 -0.9481626 1.857442
9
-0.303665 -0.1955454 2.117823
-0.3802961 -0.1983072 2.083845
-0.2163627 -0.1866011 2.077145
-0.5006026 -0.4809223 1.883994
-0.03132068 -0.4804513 2.081895
-0.3704355 -0.7687991 1.977879
0.1978672 -0.9171351 1.969077
-0.446364 -0.8638611 1.913051
0.14121 -0.9530051 1.845297
9
-0.303665 -0.1955454 2.117823
-0.3802961 -0.1983072 2.083845
-0.2163627 -0.1866011 2.077145
-0.5006026 -0.4809223 1.883994
-0.03132068 -0.4804513 2.081895
-0.3704355 -0.7687991 1.977879
0.1978672 -0.9171351 1.969077
-0.446364 -0.8638611 1.913051
0.14121 -0.9530051 1.845297
9
-0.3038136 -0.1954889 2.117896
-0.380427 -0.1983895 2.084041
-0.2166512 -0.1862408 2.077101
-0.5030553 -0.4814504 1.886854
-0.03156988 -0.4801098 2.081672
-0.3996817 -0.8313208 1.943897
0.199681 -0.9167271 1.972137
-0.4722505 -0.8881822 1.914384
0.1411062 -0.9532509 1.847797
9
-0.3038136 -0.1954889 2.117896
-0.380427 -0.1983895 2.084041
-0.2166512 -0.1862408 2.077101
-0.5030553 -0.4814504 1.886854
-0.03156988 -0.4801098 2.081672
-0.3996817 -0.8313208 1.943897
0.199681 -0.9167271 1.972137
-0.4722505 -0.8881822 1.914384
0.1411062 -0.9532509 1.847797
9
-0.3039876 -0.1951374 2.117988
-0.3805363 -0.1981933 2.08432
-0.2169582 -0.1854427 2.076909
-0.5060313 -0.4813963 1.889775
-0.03184231 -0.4793158 2.081466
-0.4020661 -0.8317747 1.944098
0.2214845 -0.9110683 2.015292
-0.4739959 -0.8879716 1.924966
0.1505851 -0.9461833 1.864257
9
-0.3039876 -0.1951374 2.117988
-0.3805363 -0.1981933 2.08432
-0.2169582 -0.1854427 2.076909
-0.5060313 -0.4813963 1.889775
-0.03184231 -0.4793158 2.081466
-0.4020661 -0.8317747 1.944098
0.2214845 -0.9110683 2.015292
-0.4739959 -0.8879716 1.924966
0.1505851 -0.9461833 1.864257
9
-0.3036787 -0.1938659 2.118004
-0.3801056 -0.1975375 2.084654
-0.2167749 -0.1830194 2.076343
-0.5084398 -0.4807352 1.892526
-0.03233756 -0.477332 2.081038
-0.3722138 -0.7675617 1.979148
0.2189592 -0.9107658 2.017666
-0.445638 -0.8612247 1.921895
0.152801 -0.9435808 1.8633
9
-0.3036787 -0.1938659 2.118004
-0.3801056 -0.1975375 2.084654
-0.2167749 -0.1830194 2.076343
-0.5084398 -0.4807352 1.892526
-0.03233756 -0.477332 2.081038
-0.3722138 -0.7675617 1.979148
0.2189592 -0.9107658 2.017666
-0.445638 -0.8612247 1.921895
0.152801 -0.9435808 1.8633
9
-0.302455 -0.1911074 2.117767
-0.3790222 -0.1958062 2.084846
-0.2153713 -0.1791388 2.075516
-0.5086887 -0.4794734 1.894708
-0.03251585 -0.4745385 2.079801
-0.3719667 -0.7675549 1.980767
0.2091564 -0.9104799 1.992859
-0.4456903 -0.8615514 1.92114
0.1415035 -0.9535403 1.844106
9
-0.302455 -0.1911074 2.117767
-0.3790222 -0.1958062 2.084846
-0.2153713 -0.1791388 2.075516
-0.5086887 -0.4794734 1.894708
-0.03251585 -0.4745385 2.079801
-0.3719667 -0.7675549 1.980767
0.2091564 -0.9104799 1.992859
-0.4456903 -0.8615514 1.92114
0.1415035 -0.9535403 1.844106
