40
9
-0.1215841 -0.3713399 2.194461
-0.1980798 -0.373563 2.172114
-0.0409726 -0.3566637 2.143266
-0.3748083 -0.6313704 2.117881
0.1358274 -0.6437678 2.138884
-0.3658127 -0.9620621 2.119349
0.331002 -0.9749488 2.174812
-0.3786944 -0.99985 1.985437
0.3713222 -1.041555 2.110699
9
-0.1215841 -0.3713399 2.194461
-0.1980798 -0.373563 2.172114
-0.0409726 -0.3566637 2.143266
-0.3748083 -0.6313704 2.117881
0.1358274 -0.6437678 2.138884
-0.3658127 -0.9620621 2.119349
0.331002 -0.9749488 2.174812
-0.3786944 -0.99985 1.985437
0.3713222 -1.041555 2.110699
9
-0.1215841 -0.3713399 2.194461
-0.1980798 -0.373563 2.172114
-0.0409726 -0.3566637 2.143266
-0.3748083 -0.6313704 2.117881
0.1358274 -0.6437678 2.138884
-0.3658127 -0.9620621 2.119349
0.331002 -0.9749488 2.174812
-0.3786944 -0.99985 1.985437
0.3713222 -1.041555 2.110699
9
-0.1215841 -0.3713399 2.194461
-0.1980798 -0.373563 2.172114
-0.0409726 -0.3566637 2.143266
-0.3748083 -0.6313704 2.117881
0.1358274 -0.6437678 2.138884
-0.3658127 -0.9620621 2.119349
0.331002 -0.9749488 2.174812
-0.3786944 -0.99985 1.985437
0.3713222 -1.041555 2.110699
9
-0.1215841 -0.3713399 2.194461
-0.1980798 -0.373563 2.172114
-0.0409726 -0.3566637 2.143266
-0.3748083 -0.6313704 2.117881
0.1358274 -0.6437678 2.138884
-0.3658127 -0.9620621 2.119349
0.331002 -0.9749488 2.174812
-0.3786944 -0.99985 1.985437
0.3713222 -1.041555 2.110699
9
-0.1594981 -0.3898144 2.193383
-0.2374503 -0.3938113 2.172461
-0.07625005 -0.3728915 2.14103
-0.4187557 -0.6306164 2.112354
0.09954971 -0.6577632 2.143325
-0.3707443 -0.9649555 2.11455
0.3258263 -0.9764712 2.168804
-0.38374 -1.003375 1.981097
0.3021607 -1.015008 2.035169
9
-0.1594981 -0.3898144 2.193383
-0.2374503 -0.3938113 2.172461
-0.07625005 -0.3728915 2.14103
-0.4187557 -0.6306164 2.112354
0.09954971 -0.6577632 2.143325
-0.3707443 -0.9649555 2.11455
0.3258263 -0.9764712 2.168804
-0.38374 -1.003375 1.981097
0.3021607 -1.015008 2.035169
9
-0.1594981 -0.3898144 2.193383
-0.2374503 -0.3938113 2.172461
-0.07625005 -0.3728915 2.14103
-0.4187557 -0.6306164 2.112354
0.09954971 -0.6577632 2.143325
-0.3707443 -0.9649555 2.11455
0.3258263 -0.9764712 2.168804
-0.38374 -1.003375 1.981097
0.3021607 -1.015008 2.035169
9
-0.1594981 -0.3898144 2.193383
-0.2374503 -0.3938113 2.172461
-0.07625005 -0.3728915 2.14103
-0.4187557 -0.6306164 2.112354
0.09954971 -0.6577632 2.143325
-0.3707443 -0.9649555 2.11455
0.3258263 -0.9764712 2.168804
-0.38374 -1.003375 1.981097
0.3021607 -1.015008 2.035169
9
-0.1948477 -0.412085 2.19349
-0.2676929 -0.4129079 2.172588
-0.1156299 -0.3976386 2.141275
-0.4499068 -0.64801 2.110263
0.07880563 -0.6568055 2.145005
-0.3769036 -0.9720745 2.111089
0.3156444 -0.9775043 2.166503
-0.390008 -1.010529 1.977825
0.2919252 -1.016147 2.032985
9
-0.1948477 -0.412085 2.19349
-0.2676929 -0.4129079 2.172588
-0.1156299 -0.3976386 2.141275
-0.4499068 -0.64801 2.110263
0.07880563 -0.6568055 2.145005
-0.3769036 -0.9720745 2.111089
0.3156444 -0.9775043 2.166503
-0.390008 -1.010529 1.977825
0.2919252 -1.016147 2.032985
9
-0.2092695 -0.4193053 2.19501
-0.282544 -0.4196744 2.173044
-0.1290489 -0.4050152 2.143907
-0.4677324 -0.6518126 2.107482
0.07348422 -0.6647205 2.147979
-0.3880168 -0.9704269 2.109989
0.3134812 -0.980859 2.165124
-0.4017285 -1.009219 1.977072
0.2890158 -1.019761 2.031953
9
-0.2092695 -0.4193053 2.19501
-0.282544 -0.4196744 2.173044
-0.1290489 -0.4050152 2.143907
-0.4677324 -0.6518126 2.107482
0.07348422 -0.6647205 2.147979
-0.3880168 -0.9704269 2.109989
0.3134812 -0.980859 2.165124
-0.4017285 -1.009219 1.977072
0.2890158 -1.019761 2.031953
9
-0.2092695 -0.4193053 2.19501
-0.282544 -0.4196744 2.173044
-0.1290489 -0.4050152 2.143907
-0.4677324 -0.6518126 2.107482
0.07348422 -0.6647205 2.147979
-0.3880168 -0.9704269 2.109989
0.3134812 -0.980859 2.165124
-0.4017285 -1.009219 1.977072
0.2890158 -1.019761 2.031953
9
-0.2092695 -0.4193053 2.19501
-0.282544 -0.4196744 2.173044
-0.1290489 -0.4050152 2.143907
-0.4677324 -0.6518126 2.107482
0.07348422 -0.6647205 2.147979
-0.3880168 -0.9704269 2.109989
0.3134812 -0.980859 2.165124
-0.4017285 -1.009219 1.977072
0.2890158 -1.019761 2.031953
9
-0.2092695 -0.4193053 2.19501
-0.282544 -0.4196744 2.173044
-0.1290489 -0.4050152 2.143907
-0.4677324 -0.6518126 2.107482
0.07348422 -0.6647205 2.147979
-0.3880168 -0.9704269 2.109989
0.3134812 -0.980859 2.165124
-0.4017285 -1.009219 1.977072
0.2890158 -1.019761 2.031953
9
-0.2092695 -0.4193053 2.19501
-0.282544 -0.4196744 2.173044
-0.1290489 -0.4050152 2.143907
-0.4677324 -0.6518126 2.107482
0.07348422 -0.6647205 2.147979
-0.3880168 -0.9704269 2.109989
0.3134812 -0.980859 2.165124
-0.4017285 -1.009219 1.977072
0.2890158 -1.019761 2.031953
9
-0.2638855 -0.4447017 2.195008
-0.3381513 -0.4438323 2.171315
-0.1808124 -0.4308386 2.145998
-0.5169765 -0.6781756 2.093747
0.0629086 -0.6742196 2.149938
-0.4011344 -0.9668831 2.107298
0.3096699 -0.9874911 2.160374
-0.4139717 -1.006202 1.974551
0.2859256 -1.026762 2.027399
9
-0.2638855 -0.4447017 2.195008
-0.3381513 -0.4438323 2.171315
-0.1808124 -0.4308386 2.145998
-0.5169765 -0.6781756 2.093747
0.0629086 -0.6742196 2.149938
-0.4011344 -0.9668831 2.107298
0.3096699 -0.9874911 2.160374
-0.4139717 -1.006202 1.974551
0.2859256 -1.026762 2.027399
9
-0.2705141 -0.4451502 2.229995
-0.3436245 -0.4440137 2.206394
-0.188527 -0.4317675 2.180899
-0.5157403 -0.6743178 2.088972
0.05603484 -0.6771057 2.152148
-0.408206 -0.9669683 2.105612
0.3077537 -0.9916562 2.158963
-0.4191139 -1.009563 1.974387
0.2858582 -1.034144 2.027512
9
-0.2705141 -0.4451502 2.229995
-0.3436245 -0.4440137 2.206394
-0.188527 -0.4317675 2.180899
-0.5157403 -0.6743178 2.088972
0.05603484 -0.6771057 2.152148
-0.408206 -0.9669683 2.105612
0.3077537 -0.9916562 2.158963
-0.4191139 -1.009563 1.974387
0.2858582 -1.034144 2.027512
9
-0.2636106 -0.4603385 2.234586
-0.3373364 -0.4599182 2.207231
-0.1808686 -0.4465427 2.189745
-0.5736897 -0.6161572 2.07353
0.05959562 -0.6341524 2.150194
-0.4093305 -0.966686 2.105789
0.2985396 -0.9668921 2.156511
-0.419287 -1.00971 1.974638
0.277693 -1.010096 2.024984
9
-0.2636106 -0.4603385 2.234586
-0.3373364 -0.4599182 2.207231
-0.1808686 -0.4465427 2.189745
-0.5736897 -0.6161572 2.07353
0.05959562 -0.6341524 2.150194
-0.4093305 -0.966686 2.105789
0.2985396 -0.9668921 2.156511
-0.419287 -1.00971 1.974638
0.277693 -1.010096 2.024984
9
-0.262612 -0.4629174 2.235293
-0.3365958 -0.4630237 2.207514
-0.1798057 -0.4483432 2.190695
-0.5751189 -0.6155672 2.073099
0.0610122 -0.6354766 2.150088
-0.4094104 -0.9665349 2.105573
0.2952947 -0.9714515 2.156481
-0.4188788 -1.009665 1.974406
0.2749865 -1.0147 2.024957
9
-0.262612 -0.4629174 2.235293
-0.3365958 -0.4630237 2.207514
-0.1798057 -0.4483432 2.190695
-0.5751189 -0.6155672 2.073099
0.0610122 -0.6354766 2.150088
-0.4094104 -0.9665349 2.105573
0.2952947 -0.9714515 2.156481
-0.4188788 -1.009665 1.974406
0.2749865 -1.0147 2.024957
9
-0.2618155 -0.464409 2.235993
-0.3360301 -0.4650345 2.207963
-0.1788713 -0.4492578 2.191573
-0.5764763 -0.6145208 2.073422
0.06165199 -0.6367136 2.149973
-0.4577073 -1.007347 2.083705
0.2949633 -0.9732943 2.157076
-0.3611539 -1.020188 2.080335
0.2748706 -1.016705 2.025636
9
-0.2618155 -0.464409 2.235993
-0.3360301 -0.4650345 2.207963
-0.1788713 -0.4492578 2.191573
-0.5764763 -0.6145208 2.073422
0.06165199 -0.6367136 2.149973
-0.4577073 -1.007347 2.083705
0.2949633 -0.9732943 2.157076
-0.3611539 -1.020188 2.080335
0.2748706 -1.016705 2.025636
9
-0.2618863 -0.4653402 2.236268
-0.3362352 -0.4661564 2.208234
-0.1788532 -0.44987 2.191805
-0.5778978 -0.6135174 2.07339
0.06168671 -0.637294 2.149936
-0.4581625 -1.00606 2.083907
0.2941573 -0.9744214 2.157367
-0.3622576 -1.021167 2.080258
0.2742146 -1.017915 2.025967
9
-0.2618863 -0.4653402 2.236268
-0.3362352 -0.4661564 2.208234
-0.1788532 -0.44987 2.191805
-0.5778978 -0.6135174 2.07339
0.06168671 -0.637294 2.149936
-0.4581625 -1.00606 2.083907
0.2941573 -0.9744214 2.157367
-0.3622576 -1.021167 2.080258
0.2742146 -1.017915 2.025967
9
-0.2620434 -0.4665343 2.236661
-0.3364875 -0.4674779 2.208445
-0.1789362 -0.4508148 2.192336
-0.5790501 -0.6132279 2.073377
0.06185573 -0.6379167 2.150177
-0.4614173 -1.006393 2.08369
0.29559 -0.9742393 2.15666
-0.3646472 -1.020164 2.078873
0.2757978 -1.017785 2.025267
9
-0.2620434 -0.4665343 2.236661
-0.3364875 -0.4674779 2.208445
-0.1789362 -0.4508148 2.192336
-0.5790501 -0.6132279 2.073377
0.06185573 -0.6379167 2.150177
-0.4614173 -1.006393 2.08369
0.29559 -0.9742393 2.15666
-0.3646472 -1.020164 2.078873
0.2757978 -1.017785 2.025267
9
-0.2615387 -0.4670376 2.23688
-0.3360411 -0.4680428 2.208669
-0.1784253 -0.4511831 2.19253
-0.5791481 -0.6128056 2.073424
0.06233761 -0.6383008 2.150131
-0.4089996 -0.9682395 2.103529
0.2948838 -0.9753925 2.157174
-0.4180723 -1.011705 1.972532
0.2749847 -1.018964 2.025826
9
-0.2615387 -0.4670376 2.23688
-0.3360411 -0.4680428 2.208669
-0.1784253 -0.4511831 2.19253
-0.5791481 -0.6128056 2.073424
0.06233761 -0.6383008 2.150131
-0.4089996 -0.9682395 2.103529
0.2948838 -0.9753925 2.157174
-0.4180723 -1.011705 1.972532
0.2749847 -1.018964 2.025826
9
-0.2609797 -0.467409 2.236892
-0.3355396 -0.4684528 2.208679
-0.1778485 -0.4514591 2.192536
-0.5790811 -0.6125463 2.073485
0.0629359 -0.6385319 2.150106
-0.4580175 -1.004758 2.083243
0.2946272 -0.9761268 2.158185
-0.3631918 -1.022231 2.0803
0.2747293 -1.019699 2.026841
9
-0.2609797 -0.467409 2.236892
-0.3355396 -0.4684528 2.208679
-0.1778485 -0.4514591 2.192536
-0.5790811 -0.6125463 2.073485
0.0629359 -0.6385319 2.150106
-0.4580175 -1.004758 2.083243
0.2946272 -0.9761268 2.158185
-0.3631918 -1.022231 2.0803
0.2747293 -1.019699 2.026841
9
-0.258921 -0.4674816 2.237045
-0.3335753 -0.4685587 2.209028
-0.1757547 -0.4514396 2.192466
-0.5776687 -0.611894 2.073974
0.06484872 -0.638682 2.150421
-0.407607 -0.9660618 2.10285
0.2976453 -0.9755465 2.158042
-0.4167026 -1.009575 1.971855
0.2777005 -1.019148 2.026713
9
-0.258921 -0.4674816 2.237045
-0.3335753 -0.4685587 2.209028
-0.1757547 -0.4514396 2.192466
-0.5776687 -0.611894 2.073974
0.06484872 -0.638682 2.150421
-0.407607 -0.9660618 2.10285
0.2976453 -0.9755465 2.158042
-0.4167026 -1.009575 1.971855
0.2777005 -1.019148 2.026713
9
-0.258921 -0.4674816 2.237045
-0.3335753 -0.4685587 2.209028
-0.1757547 -0.4514396 2.192466
-0.5776687 -0.611894 2.073974
0.06484872 -0.638682 2.150421
-0.407607 -0.9660618 2.10285
0.2976453 -0.9755465 2.158042
-0.4167026 -1.009575 1.971855
0.2777005 -1.019148 2.026713
9
-0.258921 -0.4674816 2.237045
-0.3335753 -0.4685587 2.209028
-0.1757547 -0.4514396 2.192466
-0.5776687 -0.611894 2.073974
0.06484872 -0.638682 2.150421
-0.407607 -0.9660618 2.10285
0.2976453 -0.9755465 2.158042
-0.4167026 -1.009575 1.971855
0.2777005 -1.019148 2.026713
9
-0.2527212 -0.4647934 2.23817
-0.3268108 -0.4655547 2.21008
-0.1702903 -0.4490503 2.193597
-0.5704052 -0.6090881 2.073591
0.07113397 -0.6352099 2.151854
-0.4071017 -0.9659991 2.103667
0.2982063 -0.9759662 2.158605
-0.4165714 -1.009321 1.972609
0.2778897 -1.01937 2.027219
