40
9
-0.1758036 -0.1506501 2.117439
-0.2539287 -0.1613549 2.090337
-0.09159067 -0.1346897 2.068971
-0.4046533 -0.4512653 1.941983
0.09314112 -0.4497634 2.112451
-0.3818657 -0.813579 1.977712
0.3081937 -0.8414603 2.075327
-0.4542686 -0.8636464 1.924279
0.2403031 -0.9175485 1.954478
9
-0.1758036 -0.1506501 2.117439
-0.2539287 -0.1613549 2.090337
-0.09159067 -0.1346897 2.068971
-0.4046533 -0.4512653 1.941983
0.09314112 -0.4497634 2.112451
-0.3818657 -0.813579 1.977712
0.3081937 -0.8414603 2.075327
-0.4542686 -0.8636464 1.924279
0.2403031 -0.9175485 1.954478
9
-0.2264765 -0.1769587 2.107482
-0.3064181 -0.1849093 2.080723
-0.1383913 -0.1626938 2.059151
-0.4440768 -0.4716268 1.910675
0.0411587 -0.4454825 2.104893
-0.3889683 -0.8271644 1.9664
0.2978871 -0.8566385 2.077363
-0.4719123 -0.8646224 1.935068
0.2282712 -0.9265692 1.952314
9
-0.2264765 -0.1769587 2.107482
-0.3064181 -0.1849093 2.080723
-0.1383913 -0.1626938 2.059151
-0.4440768 -0.4716268 1.910675
0.0411587 -0.4454825 2.104893
-0.3889683 -0.8271644 1.9664
0.2978871 -0.8566385 2.077363
-0.4719123 -0.8646224 1.935068
0.2282712 -0.9265692 1.952314
9
-0.2323677 -0.1802983 2.107177
-0.3113549 -0.1870328 2.080345
-0.1451528 -0.1673615 2.058978
-0.4504561 -0.4703593 1.904726
0.0839253 -0.4953091 2.120113
-0.3887623 -0.8234852 1.965973
0.3145958 -0.8430256 2.080878
-0.4705872 -0.8627702 1.932799
0.2378322 -0.9136597 1.961726
9
-0.2323677 -0.1802983 2.107177
-0.3113549 -0.1870328 2.080345
-0.1451528 -0.1673615 2.058978
-0.4504561 -0.4703593 1.904726
0.0839253 -0.4953091 2.120113
-0.3887623 -0.8234852 1.965973
0.3145958 -0.8430256 2.080878
-0.4705872 -0.8627702 1.932799
0.2378322 -0.9136597 1.961726
9
-0.2323677 -0.1802983 2.107177
-0.3113549 -0.1870328 2.080345
-0.1451528 -0.1673615 2.058978
-0.4504561 -0.4703593 1.904726
0.0839253 -0.4953091 2.120113
-0.3887623 -0.8234852 1.965973
0.3145958 -0.8430256 2.080878
-0.4705872 -0.8627702 1.932799
0.2378322 -0.9136597 1.961726
9
-0.2323677 -0.1802983 2.107177
-0.3113549 -0.1870328 2.080345
-0.1451528 -0.1673615 2.058978
-0.4504561 -0.4703593 1.904726
0.0839253 -0.4953091 2.120113
-0.3887623 -0.8234852 1.965973
0.3145958 -0.8430256 2.080878
-0.4705872 -0.8627702 1.932799
0.2378322 -0.9136597 1.961726
9
-0.2497495 -0.1977804 2.109223
-0.3267946 -0.2016172 2.082227
-0.16376 -0.1870625 2.061299
-0.4715594 -0.4729009 1.889957
0.0297444 -0.4618213 2.103428
-0.3951743 -0.8216476 1.958367
0.3186406 -0.8467003 2.077289
-0.4734869 -0.8651755 1.935035
0.236206 -0.911648 1.957834
9
-0.2497495 -0.1977804 2.109223
-0.3267946 -0.2016172 2.082227
-0.16376 -0.1870625 2.061299
-0.4715594 -0.4729009 1.889957
0.0297444 -0.4618213 2.103428
-0.3951743 -0.8216476 1.958367
0.3186406 -0.8467003 2.077289
-0.4734869 -0.8651755 1.935035
0.236206 -0.911648 1.957834
9
-0.2548575 -0.2035773 2.109425
-0.3322958 -0.2081613 2.082813
-0.1683032 -0.1918996 2.061197
-0.4804141 -0.4731748 1.883304
0.02898946 -0.4639075 2.103644
-0.3998697 -0.8211657 1.951275
0.334984 -0.8541873 2.065422
-0.4738178 -0.8689172 1.934819
0.2408963 -0.9135644 1.952694
9
-0.2548575 -0.2035773 2.109425
-0.3322958 -0.2081613 2.082813
-0.1683032 -0.1918996 2.061197
-0.4804141 -0.4731748 1.883304
0.02898946 -0.4639075 2.103644
-0.3998697 -0.8211657 1.951275
0.334984 -0.8541873 2.065422
-0.4738178 -0.8689172 1.934819
0.2408963 -0.9135644 1.952694
9
-0.2621298 -0.2094762 2.108763
-0.3388609 -0.2133726 2.082211
-0.1760197 -0.1982247 2.06051
-0.490423 -0.472075 1.876081
0.02597335 -0.4666615 2.103601
-0.4075247 -0.8195095 1.944488
0.3363538 -0.8531201 2.05897
-0.4778526 -0.8708941 1.930098
0.2390111 -0.9108222 1.948594
9
-0.2621298 -0.2094762 2.108763
-0.3388609 -0.2133726 2.082211
-0.1760197 -0.1982247 2.06051
-0.490423 -0.472075 1.876081
0.02597335 -0.4666615 2.103601
-0.4075247 -0.8195095 1.944488
0.3363538 -0.8531201 2.05897
-0.4778526 -0.8708941 1.930098
0.2390111 -0.9108222 1.948594
9
-0.2690755 -0.216492 2.107185
-0.3454078 -0.2206148 2.080755
-0.1831162 -0.2047301 2.058857
-0.4996343 -0.4736651 1.868869
0.07735787 -0.544939 2.121816
-0.4122635 -0.8197916 1.938487
0.3049623 -0.8533539 2.074682
-0.4786178 -0.8724752 1.932657
0.2212794 -0.9135178 1.952865
9
-0.2690755 -0.216492 2.107185
-0.3454078 -0.2206148 2.080755
-0.1831162 -0.2047301 2.058857
-0.4996343 -0.4736651 1.868869
0.07735787 -0.544939 2.121816
-0.4122635 -0.8197916 1.938487
0.3049623 -0.8533539 2.074682
-0.4786178 -0.8724752 1.932657
0.2212794 -0.9135178 1.952865
9
-0.2690755 -0.216492 2.107185
-0.3454078 -0.2206148 2.080755
-0.1831162 -0.2047301 2.058857
-0.4996343 -0.4736651 1.868869
0.07735787 -0.544939 2.121816
-0.4122635 -0.8197916 1.938487
0.3049623 -0.8533539 2.074682
-0.4786178 -0.8724752 1.932657
0.2212794 -0.9135178 1.952865
9
-0.2690755 -0.216492 2.107185
-0.3454078 -0.2206148 2.080755
-0.1831162 -0.2047301 2.058857
-0.4996343 -0.4736651 1.868869
0.07735787 -0.544939 2.121816
-0.4122635 -0.8197916 1.938487
0.3049623 -0.8533539 2.074682
-0.4786178 -0.8724752 1.932657
0.2212794 -0.9135178 1.952865
9
-0.2879037 -0.2349284 2.105144
-0.3654298 -0.2391873 2.077855
-0.2001654 -0.2223635 2.05777
-0.5191276 -0.4805324 1.850263
0.00873547 -0.4850595 2.102309
-0.3819576 -0.7644274 1.972708
0.3220118 -0.8700362 2.075153
-0.4589394 -0.8515347 1.926648
0.2270736 -0.9191916 1.955737
9
-0.2879037 -0.2349284 2.105144
-0.3654298 -0.2391873 2.077855
-0.2001654 -0.2223635 2.05777
-0.5191276 -0.4805324 1.850263
0.00873547 -0.4850595 2.102309
-0.3819576 -0.7644274 1.972708
0.3220118 -0.8700362 2.075153
-0.4589394 -0.8515347 1.926648
0.2270736 -0.9191916 1.955737
9
-0.2899262 -0.2377163 2.105885
-0.3674896 -0.2421901 2.078445
-0.2020699 -0.2248481 2.058681
-0.5244066 -0.4788963 1.847806
0.03340697 -0.5275178 2.116066
-0.3850576 -0.7658097 1.971274
0.3095041 -0.8542255 2.069598
-0.4585382 -0.8609561 1.912462
0.2195002 -0.9102466 1.950573
9
-0.2899262 -0.2377163 2.105885
-0.3674896 -0.2421901 2.078445
-0.2020699 -0.2248481 2.058681
-0.5244066 -0.4788963 1.847806
0.03340697 -0.5275178 2.116066
-0.3850576 -0.7658097 1.971274
0.3095041 -0.8542255 2.069598
-0.4585382 -0.8609561 1.912462
0.2195002 -0.9102466 1.950573
9
-0.2939667 -0.2418871 2.106173
-0.3715569 -0.2463958 2.078119
-0.2059702 -0.2288713 2.059627
-0.5304208 -0.4788579 1.844109
-0.002285436 -0.4954599 2.104028
-0.3955664 -0.7647379 1.96446
0.3206971 -0.8721911 2.078369
-0.4593948 -0.8674698 1.904863
0.2246856 -0.9084658 1.952133
9
-0.2939667 -0.2418871 2.106173
-0.3715569 -0.2463958 2.078119
-0.2059702 -0.2288713 2.059627
-0.5304208 -0.4788579 1.844109
-0.002285436 -0.4954599 2.104028
-0.3955664 -0.7647379 1.96446
0.3206971 -0.8721911 2.078369
-0.4593948 -0.8674698 1.904863
0.2246856 -0.9084658 1.952133
9
-0.3162114 -0.2504797 2.102308
-0.3942558 -0.2530726 2.072814
-0.2271021 -0.2390742 2.057323
-0.5360826 -0.494686 1.836998
-0.003829138 -0.4901325 2.102435
-0.4344504 -0.835173 1.913534
0.3196247 -0.8665425 2.076204
-0.4819806 -0.8978663 1.920158
0.2239092 -0.9050556 1.950996
9
-0.3162114 -0.2504797 2.102308
-0.3942558 -0.2530726 2.072814
-0.2271021 -0.2390742 2.057323
-0.5360826 -0.494686 1.836998
-0.003829138 -0.4901325 2.102435
-0.4344504 -0.835173 1.913534
0.3196247 -0.8665425 2.076204
-0.4819806 -0.8978663 1.920158
0.2239092 -0.9050556 1.950996
9
-0.3162648 -0.2508365 2.102254
-0.3942624 -0.2535242 2.072847
-0.2271786 -0.2393485 2.057202
-0.5363941 -0.4956259 1.837875
-0.004845698 -0.4912837 2.102077
-0.4332083 -0.8354253 1.915338
0.3212337 -0.8654294 2.074544
-0.4838468 -0.8967618 1.919988
0.2248014 -0.9042769 1.950333
9
-0.3162648 -0.2508365 2.102254
-0.3942624 -0.2535242 2.072847
-0.2271786 -0.2393485 2.057202
-0.5363941 -0.4956259 1.837875
-0.004845698 -0.4912837 2.102077
-0.4332083 -0.8354253 1.915338
0.3212337 -0.8654294 2.074544
-0.4838468 -0.8967618 1.919988
0.2248014 -0.9042769 1.950333
9
-0.3169462 -0.2518494 2.102792
-0.3946874 -0.2543936 2.073505
-0.2281066 -0.2404873 2.057626
-0.5365785 -0.4960151 1.837787
-0.01056677 -0.4956439 2.104556
-0.4321599 -0.8350812 1.916589
0.3208604 -0.8649958 2.07399
-0.4852968 -0.8954965 1.918964
0.2195986 -0.8915768 1.948568
9
-0.3169462 -0.2518494 2.102792
-0.3946874 -0.2543936 2.073505
-0.2281066 -0.2404873 2.057626
-0.5365785 -0.4960151 1.837787
-0.01056677 -0.4956439 2.104556
-0.4321599 -0.8350812 1.916589
0.3208604 -0.8649958 2.07399
-0.4852968 -0.8954965 1.918964
0.2195986 -0.8915768 1.948568
9
-0.3169541 -0.2527604 2.103504
-0.3946522 -0.2556503 2.074275
-0.2281263 -0.2410775 2.058293
-0.5366458 -0.4968434 1.838136
-0.01029536 -0.4965468 2.103648
-0.431336 -0.8354937 1.917424
0.3217809 -0.8653485 2.074671
-0.490728 -0.8831603 1.9312
0.2248248 -0.8999949 1.948867
9
-0.3169541 -0.2527604 2.103504
-0.3946522 -0.2556503 2.074275
-0.2281263 -0.2410775 2.058293
-0.5366458 -0.4968434 1.838136
-0.01029536 -0.4965468 2.103648
-0.431336 -0.8354937 1.917424
0.3217809 -0.8653485 2.074671
-0.490728 -0.8831603 1.9312
0.2248248 -0.8999949 1.948867
9
-0.3181613 -0.2542983 2.103278
-0.3957053 -0.257044 2.074114
-0.2293957 -0.2426473 2.058022
-0.5366085 -0.4984281 1.837451
-0.01005088 -0.496942 2.103168
-0.4312031 -0.8367857 1.91756
0.3230325 -0.8648898 2.076975
-0.492819 -0.8800349 1.933569
0.2203858 -0.893183 1.954002
9
-0.3181613 -0.2542983 2.103278
-0.3957053 -0.257044 2.074114
-0.2293957 -0.2426473 2.058022
-0.5366085 -0.4984281 1.837451
-0.01005088 -0.496942 2.103168
-0.4312031 -0.8367857 1.91756
0.3230325 -0.8648898 2.076975
-0.492819 -0.8800349 1.933569
0.2203858 -0.893183 1.954002
9
-0.3193111 -0.2554024 2.103501
-0.396913 -0.2581449 2.074271
-0.2304215 -0.2436892 2.05832
-0.5366575 -0.4995812 1.836869
-0.009769714 -0.4972721 2.102411
-0.429683 -0.8371839 1.917875
0.3228467 -0.8656456 2.078706
-0.4935301 -0.8828193 1.927308
0.2208498 -0.9028423 1.959916
9
-0.3193111 -0.2554024 2.103501
-0.396913 -0.2581449 2.074271
-0.2304215 -0.2436892 2.05832
-0.5366575 -0.4995812 1.836869
-0.009769714 -0.4972721 2.102411
-0.429683 -0.8371839 1.917875
0.3228467 -0.8656456 2.078706
-0.4935301 -0.8828193 1.927308
0.2208498 -0.9028423 1.959916
9
-0.3195273 -0.2560781 2.103414
-0.3970909 -0.2588335 2.074192
-0.230656 -0.2443133 2.058233
-0.5365817 -0.5000848 1.836398
-0.00916896 -0.4973137 2.101977
-0.4293597 -0.837455 1.917782
0.3243176 -0.8648771 2.081855
-0.4912446 -0.8916817 1.915812
0.2228618 -0.9019232 1.962426
9
-0.3195273 -0.2560781 2.103414
-0.3970909 -0.2588335 2.074192
-0.230656 -0.2443133 2.058233
-0.5365817 -0.5000848 1.836398
-0.00916896 -0.4973137 2.101977
-0.4293597 -0.837455 1.917782
0.3243176 -0.8648771 2.081855
-0.4912446 -0.8916817 1.915812
0.2228618 -0.9019232 1.962426
9
-0.3194743 -0.2562146 2.103512
-0.3969663 -0.2590951 2.074318
-0.2306454 -0.2443654 2.05831
-0.5365972 -0.5001155 1.836348
-0.009274806 -0.4976525 2.101509
-0.4295239 -0.8375243 1.91766
0.3249487 -0.8644788 2.079001
-0.4938447 -0.8791211 1.931354
0.2252359 -0.9024188 1.958284
9
-0.3194743 -0.2562146 2.103512
-0.3969663 -0.2590951 2.074318
-0.2306454 -0.2443654 2.05831
-0.5365972 -0.5001155 1.836348
-0.009274806 -0.4976525 2.101509
-0.4295239 -0.8375243 1.91766
0.3249487 -0.8644788 2.079001
-0.4938447 -0.8791211 1.931354
0.2252359 -0.9024188 1.958284
