40
9
-0.1091482 -0.1685538 2.18768
-0.1851737 -0.1911977 2.174217
-0.02930023 -0.1401208 2.126375
-0.4116088 -0.4412967 2.092439
0.150922 -0.431227 2.100611
-0.4261763 -0.7684091 2.119094
0.3560163 -0.7786963 2.127973
-0.4836178 -0.8312699 2.075284
0.3786895 -0.8376369 2.031017
9
-0.1122614 -0.1700731 2.186647
-0.1882691 -0.1928933 2.173136
-0.03232918 -0.1414189 2.125398
-0.4195821 -0.4382925 2.090716
0.1449044 -0.4343157 2.100049
-0.4298803 -0.7706218 2.116842
0.3550552 -0.7842492 2.125076
-0.4918091 -0.8308365 2.08441
0.3794253 -0.8418589 2.027546
9
-0.1122614 -0.1700731 2.186647
-0.1882691 -0.1928933 2.173136
-0.03232918 -0.1414189 2.125398
-0.4195821 -0.4382925 2.090716
0.1449044 -0.4343157 2.100049
-0.4298803 -0.7706218 2.116842
0.3550552 -0.7842492 2.125076
-0.4918091 -0.8308365 2.08441
0.3794253 -0.8418589 2.027546
9
-0.1420079 -0.182914 2.186472
-0.2179647 -0.2041429 2.17181
-0.06120421 -0.1554619 2.126476
-0.4538674 -0.4428145 2.080986
0.1294178 -0.4401844 2.099002
-0.4337969 -0.7761347 2.111532
0.3530861 -0.7873272 2.121536
-0.4963604 -0.8346375 2.081602
0.3814803 -0.8444051 2.025541
9
-0.1420079 -0.182914 2.186472
-0.2179647 -0.2041429 2.17181
-0.06120421 -0.1554619 2.126476
-0.4538674 -0.4428145 2.080986
0.1294178 -0.4401844 2.099002
-0.4337969 -0.7761347 2.111532
0.3530861 -0.7873272 2.121536
-0.4963604 -0.8346375 2.081602
0.3814803 -0.8444051 2.025541
9
-0.157845 -0.1930273 2.18649
-0.2326578 -0.2125168 2.171727
-0.07759272 -0.1670367 2.126674
-0.4686101 -0.4500874 2.078024
0.1198944 -0.4471381 2.098878
-0.436419 -0.7779837 2.108773
0.3505316 -0.7872533 2.120193
-0.5228571 -0.8415735 2.081905
0.3821455 -0.8444145 2.026154
9
-0.157845 -0.1930273 2.18649
-0.2326578 -0.2125168 2.171727
-0.07759272 -0.1670367 2.126674
-0.4686101 -0.4500874 2.078024
0.1198944 -0.4471381 2.098878
-0.436419 -0.7779837 2.108773
0.3505316 -0.7872533 2.120193
-0.5228571 -0.8415735 2.081905
0.3821455 -0.8444145 2.026154
9
-0.1762445 -0.2020991 2.187494
-0.2525328 -0.2216152 2.173576
-0.09394817 -0.1756966 2.126963
-0.4887651 -0.456608 2.072346
0.1096474 -0.4515097 2.099722
-0.4411515 -0.7797697 2.104986
0.3461372 -0.788549 2.11888
-0.5190237 -0.8396338 2.085982
0.383073 -0.8449792 2.027572
9
-0.1762445 -0.2020991 2.187494
-0.2525328 -0.2216152 2.173576
-0.09394817 -0.1756966 2.126963
-0.4887651 -0.456608 2.072346
0.1096474 -0.4515097 2.099722
-0.4411515 -0.7797697 2.104986
0.3461372 -0.788549 2.11888
-0.5190237 -0.8396338 2.085982
0.383073 -0.8449792 2.027572
9
-0.1762445 -0.2020991 2.187494
-0.2525328 -0.2216152 2.173576
-0.09394817 -0.1756966 2.126963
-0.4887651 -0.456608 2.072346
0.1096474 -0.4515097 2.099722
-0.4411515 -0.7797697 2.104986
0.3461372 -0.788549 2.11888
-0.5190237 -0.8396338 2.085982
0.383073 -0.8449792 2.027572
9
-0.2251489 -0.2299095 2.195757
-0.2999775 -0.2466857 2.182475
-0.1426025 -0.205332 2.134766
-0.5339382 -0.4776904 2.064266
0.09209306 -0.4564853 2.100077
-0.4458148 -0.7825825 2.102597
0.337655 -0.7922507 2.11061
-0.5288848 -0.8452995 2.093032
0.3867068 -0.8459022 2.026776
9
-0.2251489 -0.2299095 2.195757
-0.2999775 -0.2466857 2.182475
-0.1426025 -0.205332 2.134766
-0.5339382 -0.4776904 2.064266
0.09209306 -0.4564853 2.100077
-0.4458148 -0.7825825 2.102597
0.337655 -0.7922507 2.11061
-0.5288848 -0.8452995 2.093032
0.3867068 -0.8459022 2.026776
9
-0.234154 -0.2342079 2.197171
-0.3096398 -0.2510273 2.183347
-0.1507317 -0.209471 2.136736
-0.544211 -0.4803861 2.062898
0.08450031 -0.4602252 2.101109
-0.4469619 -0.782968 2.102182
0.3338137 -0.792326 2.109914
-0.5402138 -0.8519676 2.10516
0.3863236 -0.8445815 2.028111
9
-0.234154 -0.2342079 2.197171
-0.3096398 -0.2510273 2.183347
-0.1507317 -0.209471 2.136736
-0.544211 -0.4803861 2.062898
0.08450031 -0.4602252 2.101109
-0.4469619 -0.782968 2.102182
0.3338137 -0.792326 2.109914
-0.5402138 -0.8519676 2.10516
0.3863236 -0.8445815 2.028111
9
-0.2401298 -0.2386812 2.197266
-0.3155867 -0.256053 2.183752
-0.1565116 -0.2132728 2.136587
-0.5539479 -0.4808874 2.062313
0.07949826 -0.4633213 2.101661
-0.4496333 -0.7800711 2.102676
0.33022 -0.7899061 2.110545
-0.5374041 -0.8494852 2.102906
0.3838824 -0.8420834 2.029919
9
-0.2401298 -0.2386812 2.197266
-0.3155867 -0.256053 2.183752
-0.1565116 -0.2132728 2.136587
-0.5539479 -0.4808874 2.062313
0.07949826 -0.4633213 2.101661
-0.4496333 -0.7800711 2.102676
0.33022 -0.7899061 2.110545
-0.5374041 -0.8494852 2.102906
0.3838824 -0.8420834 2.029919
9
-0.2483489 -0.2460183 2.195969
-0.3235676 -0.2638206 2.182507
-0.1646555 -0.2199169 2.135301
-0.5647405 -0.4854357 2.061472
0.07364067 -0.4678394 2.101314
-0.4502906 -0.7743198 2.103797
0.3247472 -0.7870003 2.109713
-0.538622 -0.8497425 2.103322
0.3808874 -0.8396656 2.032941
9
-0.2483489 -0.2460183 2.195969
-0.3235676 -0.2638206 2.182507
-0.1646555 -0.2199169 2.135301
-0.5647405 -0.4854357 2.061472
0.07364067 -0.4678394 2.101314
-0.4502906 -0.7743198 2.103797
0.3247472 -0.7870003 2.109713
-0.538622 -0.8497425 2.103322
0.3808874 -0.8396656 2.032941
9
-0.2483489 -0.2460183 2.195969
-0.3235676 -0.2638206 2.182507
-0.1646555 -0.2199169 2.135301
-0.5647405 -0.4854357 2.061472
0.07364067 -0.4678394 2.101314
-0.4502906 -0.7743198 2.103797
0.3247472 -0.7870003 2.109713
-0.538622 -0.8497425 2.103322
0.3808874 -0.8396656 2.032941
9
-0.2483489 -0.2460183 2.195969
-0.3235676 -0.2638206 2.182507
-0.1646555 -0.2199169 2.135301
-0.5647405 -0.4854357 2.061472
0.07364067 -0.4678394 2.101314
-0.4502906 -0.7743198 2.103797
0.3247472 -0.7870003 2.109713
-0.538622 -0.8497425 2.103322
0.3808874 -0.8396656 2.032941
9
-0.2483489 -0.2460183 2.195969
-0.3235676 -0.2638206 2.182507
-0.1646555 -0.2199169 2.135301
-0.5647405 -0.4854357 2.061472
0.07364067 -0.4678394 2.101314
-0.4502906 -0.7743198 2.103797
0.3247472 -0.7870003 2.109713
-0.538622 -0.8497425 2.103322
0.3808874 -0.8396656 2.032941
9
-0.2483489 -0.2460183 2.195969
-0.3235676 -0.2638206 2.182507
-0.1646555 -0.2199169 2.135301
-0.5647405 -0.4854357 2.061472
0.07364067 -0.4678394 2.101314
-0.4502906 -0.7743198 2.103797
0.3247472 -0.7870003 2.109713
-0.538622 -0.8497425 2.103322
0.3808874 -0.8396656 2.032941
9
-0.2552464 -0.2529842 2.196762
-0.3310229 -0.2717406 2.18474
-0.170894 -0.2258692 2.134883
-0.5774685 -0.4870103 2.063365
0.06474366 -0.4763055 2.098793
-0.4966856 -0.8151916 2.089185
0.3207863 -0.7855058 2.107425
-0.5736756 -0.8608898 2.117359
0.3785401 -0.8365736 2.030487
9
-0.2552464 -0.2529842 2.196762
-0.3310229 -0.2717406 2.18474
-0.170894 -0.2258692 2.134883
-0.5774685 -0.4870103 2.063365
0.06474366 -0.4763055 2.098793
-0.4966856 -0.8151916 2.089185
0.3207863 -0.7855058 2.107425
-0.5736756 -0.8608898 2.117359
0.3785401 -0.8365736 2.030487
9
-0.2552464 -0.2529842 2.196762
-0.3310229 -0.2717406 2.18474
-0.170894 -0.2258692 2.134883
-0.5774685 -0.4870103 2.063365
0.06474366 -0.4763055 2.098793
-0.4966856 -0.8151916 2.089185
0.3207863 -0.7855058 2.107425
-0.5736756 -0.8608898 2.117359
0.3785401 -0.8365736 2.030487
9
-0.2552464 -0.2529842 2.196762
-0.3310229 -0.2717406 2.18474
-0.170894 -0.2258692 2.134883
-0.5774685 -0.4870103 2.063365
0.06474366 -0.4763055 2.098793
-0.4966856 -0.8151916 2.089185
0.3207863 -0.7855058 2.107425
-0.5736756 -0.8608898 2.117359
0.3785401 -0.8365736 2.030487
9
-0.2548518 -0.2539932 2.196456
-0.3302965 -0.2731565 2.184618
-0.1707263 -0.2265438 2.134418
-0.5783082 -0.487339 2.065299
0.06347585 -0.4782134 2.099823
-0.4949939 -0.8149277 2.09093
0.3179342 -0.7848133 2.107608
-0.5517982 -0.857933 2.108155
0.3759344 -0.8367285 2.032253
9
-0.2548518 -0.2539932 2.196456
-0.3302965 -0.2731565 2.184618
-0.1707263 -0.2265438 2.134418
-0.5783082 -0.487339 2.065299
0.06347585 -0.4782134 2.099823
-0.4949939 -0.8149277 2.09093
0.3179342 -0.7848133 2.107608
-0.5517982 -0.857933 2.108155
0.3759344 -0.8367285 2.032253
9
-0.2548518 -0.2539932 2.196456
-0.3302965 -0.2731565 2.184618
-0.1707263 -0.2265438 2.134418
-0.5783082 -0.487339 2.065299
0.06347585 -0.4782134 2.099823
-0.4949939 -0.8149277 2.09093
0.3179342 -0.7848133 2.107608
-0.5517982 -0.857933 2.108155
0.3759344 -0.8367285 2.032253
9
-0.2548518 -0.2539932 2.196456
-0.3302965 -0.2731565 2.184618
-0.1707263 -0.2265438 2.134418
-0.5783082 -0.487339 2.065299
0.06347585 -0.4782134 2.099823
-0.4949939 -0.8149277 2.09093
0.3179342 -0.7848133 2.107608
-0.5517982 -0.857933 2.108155
0.3759344 -0.8367285 2.032253
9
-0.2540533 -0.2534343 2.198506
-0.3295566 -0.2722086 2.187346
-0.1699318 -0.2262585 2.135857
-0.5767608 -0.4869117 2.066752
0.06408449 -0.4779887 2.103498
-0.4961435 -0.8153619 2.090307
0.3179576 -0.7855705 2.10716
-0.5514361 -0.8590328 2.108653
0.3740066 -0.8367742 2.027995
9
-0.2540533 -0.2534343 2.198506
-0.3295566 -0.2722086 2.187346
-0.1699318 -0.2262585 2.135857
-0.5767608 -0.4869117 2.066752
0.06408449 -0.4779887 2.103498
-0.4961435 -0.8153619 2.090307
0.3179576 -0.7855705 2.10716
-0.5514361 -0.8590328 2.108653
0.3740066 -0.8367742 2.027995
9
-0.2540533 -0.2534343 2.198506
-0.3295566 -0.2722086 2.187346
-0.1699318 -0.2262585 2.135857
-0.5767608 -0.4869117 2.066752
0.06408449 -0.4779887 2.103498
-0.4961435 -0.8153619 2.090307
0.3179576 -0.7855705 2.10716
-0.5514361 -0.8590328 2.108653
0.3740066 -0.8367742 2.027995
9
-0.2540533 -0.2534343 2.198506
-0.3295566 -0.2722086 2.187346
-0.1699318 -0.2262585 2.135857
-0.5767608 -0.4869117 2.066752
0.06408449 -0.4779887 2.103498
-0.4961435 -0.8153619 2.090307
0.3179576 -0.7855705 2.10716
-0.5514361 -0.8590328 2.108653
0.3740066 -0.8367742 2.027995
9
-0.2348798 -0.2378156 2.208971
-0.3132005 -0.2577455 2.195219
-0.1483049 -0.209848 2.148871
-0.5520685 -0.4828126 2.075999
0.0733242 -0.4723374 2.109936
-0.495396 -0.8169633 2.088192
0.3175053 -0.7853206 2.107782
-0.543052 -0.8610955 2.114225
0.3735199 -0.8368307 2.028982
9
-0.2348798 -0.2378156 2.208971
-0.3132005 -0.2577455 2.195219
-0.1483049 -0.209848 2.148871
-0.5520685 -0.4828126 2.075999
0.0733242 -0.4723374 2.109936
-0.495396 -0.8169633 2.088192
0.3175053 -0.7853206 2.107782
-0.543052 -0.8610955 2.114225
0.3735199 -0.8368307 2.028982
9
-0.2277584 -0.2311215 2.212678
-0.305959 -0.2501019 2.19845
-0.1417071 -0.2043268 2.152775
-0.5401562 -0.4800957 2.078479
0.08208153 -0.4650502 2.111907
-0.4919094 -0.8155814 2.08884
0.3186005 -0.7854633 2.109398
-0.5371287 -0.8602035 2.11665
0.3744532 -0.8387684 2.033054
9
-0.2277584 -0.2311215 2.212678
-0.305959 -0.2501019 2.19845
-0.1417071 -0.2043268 2.152775
-0.5401562 -0.4800957 2.078479
0.08208153 -0.4650502 2.111907
-0.4919094 -0.8155814 2.08884
0.3186005 -0.7854633 2.109398
-0.5371287 -0.8602035 2.11665
0.3744532 -0.8387684 2.033054
9
-0.206322 -0.2152481 2.214864
-0.2817166 -0.2323496 2.199294
-0.123637 -0.1907376 2.155897
-0.5109922 -0.4699941 2.085434
0.09779411 -0.4533929 2.110458
-0.4789217 -0.8074248 2.093204
0.3188101 -0.7849443 2.11166
-0.5328059 -0.8567151 2.10692
0.3739083 -0.8391163 2.035557
9
-0.206322 -0.2152481 2.214864
-0.2817166 -0.2323496 2.199294
-0.123637 -0.1907376 2.155897
-0.5109922 -0.4699941 2.085434
0.09779411 -0.4533929 2.110458
-0.4789217 -0.8074248 2.093204
0.3188101 -0.7849443 2.11166
-0.5328059 -0.8567151 2.10692
0.3739083 -0.8391163 2.035557
