40
9
-0.1199869 -0.2172443 2.165666
-0.1949214 -0.2387668 2.150536
-0.04087727 -0.1882167 2.106083
-0.4979522 -0.3764343 2.037686
0.1898293 -0.3748207 1.891744
-0.5073312 -0.7449626 2.040178
0.3682679 -0.8001763 1.946572
-0.585283 -0.8138951 1.999467
0.3207582 -0.8637132 1.961222
9
-0.1935388 -0.2380791 2.174413
-0.2676241 -0.2536923 2.16015
-0.1127307 -0.2142931 2.114235
-0.5768518 -0.3587898 2.026676
0.1428277 -0.3809392 1.912906
-0.5227229 -0.7497983 2.039636
0.3644263 -0.7880961 1.952662
-0.5858179 -0.8145456 1.99928
0.3337628 -0.8669209 1.948345
9
-0.1935388 -0.2380791 2.174413
-0.2676241 -0.2536923 2.16015
-0.1127307 -0.2142931 2.114235
-0.5768518 -0.3587898 2.026676
0.1428277 -0.3809392 1.912906
-0.5227229 -0.7497983 2.039636
0.3644263 -0.7880961 1.952662
-0.5858179 -0.8145456 1.99928
0.3337628 -0.8669209 1.948345
9
-0.2171652 -0.2435992 2.175536
-0.2905304 -0.2571042 2.162184
-0.1364666 -0.2218594 2.114529
-0.5961423 -0.3615869 2.018093
0.1324334 -0.3747358 1.920329
-0.5329328 -0.7501554 2.036748
0.3583041 -0.780139 1.956587
-0.6041394 -0.8225275 2.000973
0.3536504 -0.8651713 1.939941
9
-0.2171652 -0.2435992 2.175536
-0.2905304 -0.2571042 2.162184
-0.1364666 -0.2218594 2.114529
-0.5961423 -0.3615869 2.018093
0.1324334 -0.3747358 1.920329
-0.5329328 -0.7501554 2.036748
0.3583041 -0.780139 1.956587
-0.6041394 -0.8225275 2.000973
0.3536504 -0.8651713 1.939941
9
-0.2469213 -0.2542791 2.173962
-0.3175454 -0.2658426 2.160789
-0.1677625 -0.2341093 2.112954
-0.6238729 -0.3599637 2.010324
0.1125691 -0.3774318 1.92885
-0.5338868 -0.7524011 2.035737
0.3530987 -0.7752731 1.958479
-0.6259148 -0.828403 2.008377
0.3152716 -0.8327197 1.836664
9
-0.2469213 -0.2542791 2.173962
-0.3175454 -0.2658426 2.160789
-0.1677625 -0.2341093 2.112954
-0.6238729 -0.3599637 2.010324
0.1125691 -0.3774318 1.92885
-0.5338868 -0.7524011 2.035737
0.3530987 -0.7752731 1.958479
-0.6259148 -0.828403 2.008377
0.3152716 -0.8327197 1.836664
9
-0.2687587 -0.2599337 2.173621
-0.3408821 -0.271041 2.158909
-0.1875716 -0.2399749 2.114153
-0.6446931 -0.3674593 2.005011
0.09496589 -0.3816576 1.932227
-0.5373121 -0.7562963 2.033251
0.346305 -0.7735153 1.956057
-0.6184547 -0.8275676 1.999681
0.3084688 -0.8309796 1.834305
9
-0.2899034 -0.266646 2.175572
-0.3611977 -0.2774529 2.159306
-0.2087434 -0.2467742 2.117904
-0.6636106 -0.3699731 1.999588
0.07645315 -0.3921544 1.944654
-0.5385801 -0.7577518 2.032454
0.3366239 -0.7787674 1.963177
-0.6186283 -0.8278096 1.999549
0.299543 -0.8364254 1.841435
9
-0.2899034 -0.266646 2.175572
-0.3611977 -0.2774529 2.159306
-0.2087434 -0.2467742 2.117904
-0.6636106 -0.3699731 1.999588
0.07645315 -0.3921544 1.944654
-0.5385801 -0.7577518 2.032454
0.3366239 -0.7787674 1.963177
-0.6186283 -0.8278096 1.999549
0.299543 -0.8364254 1.841435
9
-0.3144742 -0.2766733 2.179392
-0.3863646 -0.2876876 2.160831
-0.2320523 -0.2563532 2.124142
-0.6860303 -0.3759848 1.992559
0.06002748 -0.3864459 1.949012
-0.5400409 -0.7603636 2.031919
0.330377 -0.766816 1.960497
-0.6184845 -0.8279872 1.999107
0.2935799 -0.8249938 1.838935
9
-0.3144742 -0.2766733 2.179392
-0.3863646 -0.2876876 2.160831
-0.2320523 -0.2563532 2.124142
-0.6860303 -0.3759848 1.992559
0.06002748 -0.3864459 1.949012
-0.5400409 -0.7603636 2.031919
0.330377 -0.766816 1.960497
-0.6184845 -0.8279872 1.999107
0.2935799 -0.8249938 1.838935
9
-0.3233141 -0.2809937 2.179433
-0.3955086 -0.2925886 2.161283
-0.2401629 -0.2599322 2.12388
-0.6955615 -0.3760093 1.99114
0.05506229 -0.3871634 1.952552
-0.5427778 -0.7628493 2.030921
0.3294554 -0.7649516 1.960034
-0.6188158 -0.8291526 1.999246
0.2935771 -0.8236081 1.838518
9
-0.3233141 -0.2809937 2.179433
-0.3955086 -0.2925886 2.161283
-0.2401629 -0.2599322 2.12388
-0.6955615 -0.3760093 1.99114
0.05506229 -0.3871634 1.952552
-0.5427778 -0.7628493 2.030921
0.3294554 -0.7649516 1.960034
-0.6188158 -0.8291526 1.999246
0.2935771 -0.8236081 1.838518
9
-0.3363546 -0.2865722 2.179822
-0.4081997 -0.2984058 2.162591
-0.2531076 -0.2650784 2.123437
-0.7060704 -0.3789171 1.986343
0.04738907 -0.3876169 1.959048
-0.5461534 -0.7628846 2.029705
0.3251486 -0.7632048 1.962995
-0.6198838 -0.8302417 2.00012
0.2892591 -0.8221169 1.841659
9
-0.3363546 -0.2865722 2.179822
-0.4081997 -0.2984058 2.162591
-0.2531076 -0.2650784 2.123437
-0.7060704 -0.3789171 1.986343
0.04738907 -0.3876169 1.959048
-0.5461534 -0.7628846 2.029705
0.3251486 -0.7632048 1.962995
-0.6198838 -0.8302417 2.00012
0.2892591 -0.8221169 1.841659
9
-0.3430259 -0.2908426 2.180537
-0.4146583 -0.3030011 2.163275
-0.2597468 -0.2688771 2.124228
-0.7114689 -0.3797056 1.982814
0.04276589 -0.3906242 1.963719
-0.5479304 -0.7641451 2.028274
0.3242411 -0.7637014 1.96263
-0.6368506 -0.8385527 2.001248
0.2884446 -0.8229811 1.841596
9
-0.3430259 -0.2908426 2.180537
-0.4146583 -0.3030011 2.163275
-0.2597468 -0.2688771 2.124228
-0.7114689 -0.3797056 1.982814
0.04276589 -0.3906242 1.963719
-0.5479304 -0.7641451 2.028274
0.3242411 -0.7637014 1.96263
-0.6368506 -0.8385527 2.001248
0.2884446 -0.8229811 1.841596
9
-0.3565705 -0.2974753 2.181859
-0.4274603 -0.309132 2.164684
-0.2735816 -0.2757974 2.125555
-0.7208357 -0.3812117 1.975155
0.03005324 -0.4081727 1.979533
-0.5494872 -0.7637075 2.026871
0.3177704 -0.7765617 1.97359
-0.6513937 -0.8256815 2.013051
0.2815536 -0.8358155 1.852874
9
-0.3565705 -0.2974753 2.181859
-0.4274603 -0.309132 2.164684
-0.2735816 -0.2757974 2.125555
-0.7208357 -0.3812117 1.975155
0.03005324 -0.4081727 1.979533
-0.5494872 -0.7637075 2.026871
0.3177704 -0.7765617 1.97359
-0.6513937 -0.8256815 2.013051
0.2815536 -0.8358155 1.852874
9
-0.3579562 -0.2979276 2.182341
-0.4290178 -0.3098552 2.165122
-0.274791 -0.2760049 2.126088
-0.7213634 -0.3817399 1.973661
0.0309116 -0.4018074 1.977866
-0.5499248 -0.7646831 2.026791
0.3178026 -0.7708952 1.971788
-0.6537374 -0.8221896 2.017917
0.281773 -0.8304235 1.851142
9
-0.3579562 -0.2979276 2.182341
-0.4290178 -0.3098552 2.165122
-0.274791 -0.2760049 2.126088
-0.7213634 -0.3817399 1.973661
0.0309116 -0.4018074 1.977866
-0.5499248 -0.7646831 2.026791
0.3178026 -0.7708952 1.971788
-0.6537374 -0.8221896 2.017917
0.281773 -0.8304235 1.851142
9
-0.3614954 -0.2991279 2.183195
-0.4324081 -0.3112893 2.165691
-0.2783836 -0.2769258 2.127264
-0.7233042 -0.3818458 1.971039
0.02858364 -0.4020335 1.981763
-0.5519794 -0.7616127 2.024685
0.3143511 -0.7720119 1.974853
-0.6544681 -0.8203295 2.01819
0.2786004 -0.8317118 1.854269
9
-0.3614954 -0.2991279 2.183195
-0.4324081 -0.3112893 2.165691
-0.2783836 -0.2769258 2.127264
-0.7233042 -0.3818458 1.971039
0.02858364 -0.4020335 1.981763
-0.5519794 -0.7616127 2.024685
0.3143511 -0.7720119 1.974853
-0.6544681 -0.8203295 2.01819
0.2786004 -0.8317118 1.854269
9
-0.3613961 -0.2988658 2.183161
-0.4321586 -0.3110881 2.166022
-0.2783698 -0.2762754 2.126682
-0.7228157 -0.3818096 1.970982
0.02916432 -0.4031236 1.984895
-0.5515941 -0.7634612 2.024039
0.3141462 -0.773715 1.976644
-0.637207 -0.8383789 2.001953
0.2784786 -0.8334939 1.856126
9
-0.3613961 -0.2988658 2.183161
-0.4321586 -0.3110881 2.166022
-0.2783698 -0.2762754 2.126682
-0.7228157 -0.3818096 1.970982
0.02916432 -0.4031236 1.984895
-0.5515941 -0.7634612 2.024039
0.3141462 -0.773715 1.976644
-0.637207 -0.8383789 2.001953
0.2784786 -0.8334939 1.856126
9
-0.3609039 -0.2979186 2.183215
-0.4315479 -0.3102801 2.166312
-0.2779987 -0.275223 2.126513
-0.7216169 -0.3816285 1.970427
0.03040197 -0.4029035 1.988336
-0.5519341 -0.7635646 2.023683
0.3125786 -0.7756315 1.978771
-0.6421279 -0.838994 2.001953
0.277039 -0.8354652 1.858291
9
-0.3609039 -0.2979186 2.183215
-0.4315479 -0.3102801 2.166312
-0.2779987 -0.275223 2.126513
-0.7216169 -0.3816285 1.970427
0.03040197 -0.4029035 1.988336
-0.5519341 -0.7635646 2.023683
0.3125786 -0.7756315 1.978771
-0.6421279 -0.838994 2.001953
0.277039 -0.8354652 1.858291
9
-0.3513669 -0.2907526 2.184903
-0.4232646 -0.3044784 2.167826
-0.2675279 -0.2670104 2.128357
-0.7129359 -0.3801205 1.972975
0.03675904 -0.4025574 1.988828
-0.5517167 -0.7629297 2.023657
0.3134844 -0.7792569 1.98031
-0.6517316 -0.8186741 2.031293
0.2783884 -0.8392389 1.859854
9
-0.3513669 -0.2907526 2.184903
-0.4232646 -0.3044784 2.167826
-0.2675279 -0.2670104 2.128357
-0.7129359 -0.3801205 1.972975
0.03675904 -0.4025574 1.988828
-0.5517167 -0.7629297 2.023657
0.3134844 -0.7792569 1.98031
-0.6517316 -0.8186741 2.031293
0.2783884 -0.8392389 1.859854
9
-0.331714 -0.2843888 2.141935
-0.4051144 -0.3029841 2.137088
-0.2491503 -0.2559321 2.076641
-0.7133325 -0.3776895 1.983013
0.06039644 -0.4095049 1.997672
-0.551494 -0.7631844 2.023555
0.3305537 -0.7906798 1.989095
-0.6362305 -0.8305664 1.993164
0.2924274 -0.8473588 1.867117
9
-0.331714 -0.2843888 2.141935
-0.4051144 -0.3029841 2.137088
-0.2491503 -0.2559321 2.076641
-0.7133325 -0.3776895 1.983013
0.06039644 -0.4095049 1.997672
-0.551494 -0.7631844 2.023555
0.3305537 -0.7906798 1.989095
-0.6362305 -0.8305664 1.993164
0.2924274 -0.8473588 1.867117
9
-0.331714 -0.2843888 2.141935
-0.4051144 -0.3029841 2.137088
-0.2491503 -0.2559321 2.076641
-0.7133325 -0.3776895 1.983013
0.06039644 -0.4095049 1.997672
-0.551494 -0.7631844 2.023555
0.3305537 -0.7906798 1.989095
-0.6362305 -0.8305664 1.993164
0.2924274 -0.8473588 1.867117
9
-0.331714 -0.2843888 2.141935
-0.4051144 -0.3029841 2.137088
-0.2491503 -0.2559321 2.076641
-0.7133325 -0.3776895 1.983013
0.06039644 -0.4095049 1.997672
-0.551494 -0.7631844 2.023555
0.3305537 -0.7906798 1.989095
-0.6362305 -0.8305664 1.993164
0.2924274 -0.8473588 1.867117
9
-0.2881401 -0.2507955 2.14122
-0.3606225 -0.2704121 2.138463
-0.2055644 -0.2224779 2.070019
-0.6157632 -0.4711931 2.007736
0.05764705 -0.4534234 1.996764
-0.5496091 -0.7777205 2.019669
0.2974501 -0.7930021 2.000251
-0.6542789 -0.8348032 2.00708
0.3586696 -0.8413634 1.924621
9
-0.2881401 -0.2507955 2.14122
-0.3606225 -0.2704121 2.138463
-0.2055644 -0.2224779 2.070019
-0.6157632 -0.4711931 2.007736
0.05764705 -0.4534234 1.996764
-0.5496091 -0.7777205 2.019669
0.2974501 -0.7930021 2.000251
-0.6542789 -0.8348032 2.00708
0.3586696 -0.8413634 1.924621
9
-0.2881401 -0.2507955 2.14122
-0.3606225 -0.2704121 2.138463
-0.2055644 -0.2224779 2.070019
-0.6157632 -0.4711931 2.007736
0.05764705 -0.4534234 1.996764
-0.5496091 -0.7777205 2.019669
0.2974501 -0.7930021 2.000251
-0.6542789 -0.8348032 2.00708
0.3586696 -0.8413634 1.924621
9
-0.2881401 -0.2507955 2.14122
-0.3606225 -0.2704121 2.138463
-0.2055644 -0.2224779 2.070019
-0.6157632 -0.4711931 2.007736
0.05764705 -0.4534234 1.996764
-0.5496091 -0.7777205 2.019669
0.2974501 -0.7930021 2.000251
-0.6542789 -0.8348032 2.00708
0.3586696 -0.8413634 1.924621
9
-0.2881401 -0.2507955 2.14122
-0.3606225 -0.2704121 2.138463
-0.2055644 -0.2224779 2.070019
-0.6157632 -0.4711931 2.007736
0.05764705 -0.4534234 1.996764
-0.5496091 -0.7777205 2.019669
0.2974501 -0.7930021 2.000251
-0.6542789 -0.8348032 2.00708
0.3586696 -0.8413634 1.924621
9
-0.2521671 -0.2399883 2.137221
-0.3209922 -0.2608141 2.134686
-0.1741011 -0.2109028 2.065639
-0.5746832 -0.4709685 2.020706
0.07854186 -0.4433592 1.987461
-0.5474755 -0.7793661 2.021323
0.3019363 -0.7853882 2.001209
-0.6279867 -0.8443123 1.999514
0.3628132 -0.838527 1.921789
