40
9
0.07954621 -0.1038489 1.994523
-0.0009938024 -0.1120735 1.980227
0.15704 -0.09169286 1.934442
-0.1702107 -0.397963 1.921014
0.303496 -0.4054001 1.889167
-0.2000509 -0.7417554 1.920322
0.4624582 -0.7421472 1.983032
-0.2415048 -0.7957169 1.867352
0.4252509 -0.7695908 1.877979
9
0.07954621 -0.1038489 1.994523
-0.0009938024 -0.1120735 1.980227
0.15704 -0.09169286 1.934442
-0.1702107 -0.397963 1.921014
0.303496 -0.4054001 1.889167
-0.2000509 -0.7417554 1.920322
0.4624582 -0.7421472 1.983032
-0.2415048 -0.7957169 1.867352
0.4252509 -0.7695908 1.877979
9
0.07954621 -0.1038489 1.994523
-0.0009938024 -0.1120735 1.980227
0.15704 -0.09169286 1.934442
-0.1702107 -0.397963 1.921014
0.303496 -0.4054001 1.889167
-0.2000509 -0.7417554 1.920322
0.4624582 -0.7421472 1.983032
-0.2415048 -0.7957169 1.867352
0.4252509 -0.7695908 1.877979
9
0.07954621 -0.1038489 1.994523
-0.0009938024 -0.1120735 1.980227
0.15704 -0.09169286 1.934442
-0.1702107 -0.397963 1.921014
0.303496 -0.4054001 1.889167
-0.2000509 -0.7417554 1.920322
0.4624582 -0.7421472 1.983032
-0.2415048 -0.7957169 1.867352
0.4252509 -0.7695908 1.877979
9
0.01020642 -0.1260784 1.997532
-0.06465199 -0.1324311 1.982823
0.08476716 -0.1150241 1.937878
-0.2297203 -0.418725 1.9135
0.2496615 -0.4149761 1.90819
-0.20969 -0.7483438 1.91842
0.4552566 -0.7384929 1.982043
-0.2424258 -0.7973597 1.866915
0.4196564 -0.7665235 1.876657
9
0.01020642 -0.1260784 1.997532
-0.06465199 -0.1324311 1.982823
0.08476716 -0.1150241 1.937878
-0.2297203 -0.418725 1.9135
0.2496615 -0.4149761 1.90819
-0.20969 -0.7483438 1.91842
0.4552566 -0.7384929 1.982043
-0.2424258 -0.7973597 1.866915
0.4196564 -0.7665235 1.876657
9
0.002365066 -0.1293505 1.998259
-0.07339435 -0.1358357 1.9829
0.07799418 -0.1180706 1.939198
-0.244295 -0.4186892 1.915755
0.2383731 -0.4112144 1.910138
-0.2172764 -0.7489849 1.916468
0.452062 -0.7414111 1.983028
-0.2441986 -0.8021284 1.86987
0.4165892 -0.7699165 1.87791
9
0.002365066 -0.1293505 1.998259
-0.07339435 -0.1358357 1.9829
0.07799418 -0.1180706 1.939198
-0.244295 -0.4186892 1.915755
0.2383731 -0.4112144 1.910138
-0.2172764 -0.7489849 1.916468
0.452062 -0.7414111 1.983028
-0.2441986 -0.8021284 1.86987
0.4165892 -0.7699165 1.87791
9
-0.02468397 -0.1380153 2.000638
-0.1016741 -0.1446794 1.984354
0.05325538 -0.1262147 1.942508
-0.2636473 -0.4317191 1.912123
0.2203727 -0.4150295 1.915593
-0.2226748 -0.7489833 1.915478
0.4487626 -0.7430398 1.983943
-0.2444022 -0.8044161 1.869749
0.4142216 -0.7716997 1.878588
9
-0.02468397 -0.1380153 2.000638
-0.1016741 -0.1446794 1.984354
0.05325538 -0.1262147 1.942508
-0.2636473 -0.4317191 1.912123
0.2203727 -0.4150295 1.915593
-0.2226748 -0.7489833 1.915478
0.4487626 -0.7430398 1.983943
-0.2444022 -0.8044161 1.869749
0.4142216 -0.7716997 1.878588
9
-0.04215546 -0.1449172 2.002175
-0.1185081 -0.1511071 1.985114
0.03580974 -0.1333525 1.944921
-0.2820606 -0.4365765 1.909925
0.2111318 -0.4179876 1.918433
-0.2285506 -0.7484725 1.914447
0.4466424 -0.7447999 1.984998
-0.243447 -0.8063877 1.870808
0.412349 -0.7740058 1.879893
9
-0.04215546 -0.1449172 2.002175
-0.1185081 -0.1511071 1.985114
0.03580974 -0.1333525 1.944921
-0.2820606 -0.4365765 1.909925
0.2111318 -0.4179876 1.918433
-0.2285506 -0.7484725 1.914447
0.4466424 -0.7447999 1.984998
-0.243447 -0.8063877 1.870808
0.412349 -0.7740058 1.879893
9
-0.04215546 -0.1449172 2.002175
-0.1185081 -0.1511071 1.985114
0.03580974 -0.1333525 1.944921
-0.2820606 -0.4365765 1.909925
0.2111318 -0.4179876 1.918433
-0.2285506 -0.7484725 1.914447
0.4466424 -0.7447999 1.984998
-0.243447 -0.8063877 1.870808
0.412349 -0.7740058 1.879893
9
-0.04215546 -0.1449172 2.002175
-0.1185081 -0.1511071 1.985114
0.03580974 -0.1333525 1.944921
-0.2820606 -0.4365765 1.909925
0.2111318 -0.4179876 1.918433
-0.2285506 -0.7484725 1.914447
0.4466424 -0.7447999 1.984998
-0.243447 -0.8063877 1.870808
0.412349 -0.7740058 1.879893
9
-0.04215546 -0.1449172 2.002175
-0.1185081 -0.1511071 1.985114
0.03580974 -0.1333525 1.944921
-0.2820606 -0.4365765 1.909925
0.2111318 -0.4179876 1.918433
-0.2285506 -0.7484725 1.914447
0.4466424 -0.7447999 1.984998
-0.243447 -0.8063877 1.870808
0.412349 -0.7740058 1.879893
9
-0.08681285 -0.1639532 2.008434
-0.1576276 -0.1698044 1.99077
-0.01283811 -0.1519054 1.951932
-0.3298254 -0.4470479 1.900563
0.1910464 -0.4245849 1.92957
-0.2319564 -0.7486071 1.913669
0.4410261 -0.7433875 1.985602
-0.2439501 -0.8073923 1.871405
0.4081014 -0.7736908 1.880639
9
-0.09137896 -0.165816 2.009358
-0.1635683 -0.1722447 1.99216
-0.01602107 -0.1532423 1.952481
-0.3339633 -0.4502017 1.90039
0.1832219 -0.4288389 1.936618
-0.2331313 -0.7501407 1.914002
0.434228 -0.7460509 1.989714
-0.2447053 -0.8089393 1.871308
0.4015549 -0.7763822 1.88472
9
-0.09137896 -0.165816 2.009358
-0.1635683 -0.1722447 1.99216
-0.01602107 -0.1532423 1.952481
-0.3339633 -0.4502017 1.90039
0.1832219 -0.4288389 1.936618
-0.2331313 -0.7501407 1.914002
0.434228 -0.7460509 1.989714
-0.2447053 -0.8089393 1.871308
0.4015549 -0.7763822 1.88472
9
-0.09137896 -0.165816 2.009358
-0.1635683 -0.1722447 1.99216
-0.01602107 -0.1532423 1.952481
-0.3339633 -0.4502017 1.90039
0.1832219 -0.4288389 1.936618
-0.2331313 -0.7501407 1.914002
0.434228 -0.7460509 1.989714
-0.2447053 -0.8089393 1.871308
0.4015549 -0.7763822 1.88472
9
-0.09137896 -0.165816 2.009358
-0.1635683 -0.1722447 1.99216
-0.01602107 -0.1532423 1.952481
-0.3339633 -0.4502017 1.90039
0.1832219 -0.4288389 1.936618
-0.2331313 -0.7501407 1.914002
0.434228 -0.7460509 1.989714
-0.2447053 -0.8089393 1.871308
0.4015549 -0.7763822 1.88472
9
-0.09137896 -0.165816 2.009358
-0.1635683 -0.1722447 1.99216
-0.01602107 -0.1532423 1.952481
-0.3339633 -0.4502017 1.90039
0.1832219 -0.4288389 1.936618
-0.2331313 -0.7501407 1.914002
0.434228 -0.7460509 1.989714
-0.2447053 -0.8089393 1.871308
0.4015549 -0.7763822 1.88472
9
-0.1133925 -0.1748163 2.014243
-0.1859351 -0.1824816 1.99789
-0.03657524 -0.1607255 1.956544
-0.3610218 -0.4563785 1.903068
0.1642692 -0.4367523 1.953659
-0.2413227 -0.7469721 1.914181
0.4289282 -0.7473572 1.991787
-0.2440308 -0.8071893 1.871601
0.3973959 -0.7782102 1.886748
9
-0.1188011 -0.1776924 2.015499
-0.1913233 -0.1854503 1.999087
-0.04181388 -0.1634054 1.95786
-0.3685675 -0.457671 1.90359
0.1613403 -0.4400615 1.959452
-0.2426004 -0.7466276 1.914898
0.42761 -0.7501087 1.992738
-0.2463544 -0.8065532 1.870866
0.3960635 -0.7810907 1.887822
9
-0.1188011 -0.1776924 2.015499
-0.1913233 -0.1854503 1.999087
-0.04181388 -0.1634054 1.95786
-0.3685675 -0.457671 1.90359
0.1613403 -0.4400615 1.959452
-0.2426004 -0.7466276 1.914898
0.42761 -0.7501087 1.992738
-0.2463544 -0.8065532 1.870866
0.3960635 -0.7810907 1.887822
9
-0.1224551 -0.1796359 2.016977
-0.1949545 -0.1873685 2.000549
-0.04536054 -0.1653039 1.959359
-0.3719844 -0.4593667 1.90368
0.1587567 -0.4424376 1.96554
-0.2433987 -0.7467768 1.916457
0.4232221 -0.7544307 1.996122
-0.2494346 -0.8062056 1.871017
0.3921087 -0.7855218 1.891186
9
-0.1224551 -0.1796359 2.016977
-0.1949545 -0.1873685 2.000549
-0.04536054 -0.1653039 1.959359
-0.3719844 -0.4593667 1.90368
0.1587567 -0.4424376 1.96554
-0.2433987 -0.7467768 1.916457
0.4232221 -0.7544307 1.996122
-0.2494346 -0.8062056 1.871017
0.3921087 -0.7855218 1.891186
9
-0.1224551 -0.1796359 2.016977
-0.1949545 -0.1873685 2.000549
-0.04536054 -0.1653039 1.959359
-0.3719844 -0.4593667 1.90368
0.1587567 -0.4424376 1.96554
-0.2433987 -0.7467768 1.916457
0.4232221 -0.7544307 1.996122
-0.2494346 -0.8062056 1.871017
0.3921087 -0.7855218 1.891186
9
-0.123975 -0.1804762 2.017934
-0.1961982 -0.1881951 2.001593
-0.04713981 -0.1661373 1.960235
-0.3746917 -0.4590462 1.904007
0.1558971 -0.4457169 1.971217
-0.2452 -0.7458952 1.918248
0.4228521 -0.7563251 1.996687
-0.2495175 -0.8054202 1.871921
0.3917112 -0.787514 1.891847
9
-0.126842 -0.1814903 2.019368
-0.1989648 -0.1891407 2.003333
-0.05001121 -0.1671884 1.961383
-0.3781767 -0.4591925 1.904486
0.1544615 -0.4487275 1.975155
-0.2519458 -0.7415745 1.919077
0.4222661 -0.75902 1.99734
-0.2499784 -0.8017758 1.873521
0.3914984 -0.7902139 1.892416
9
-0.126842 -0.1814903 2.019368
-0.1989648 -0.1891407 2.003333
-0.05001121 -0.1671884 1.961383
-0.3781767 -0.4591925 1.904486
0.1544615 -0.4487275 1.975155
-0.2519458 -0.7415745 1.919077
0.4222661 -0.75902 1.99734
-0.2499784 -0.8017758 1.873521
0.3914984 -0.7902139 1.892416
9
-0.126842 -0.1814903 2.019368
-0.1989648 -0.1891407 2.003333
-0.05001121 -0.1671884 1.961383
-0.3781767 -0.4591925 1.904486
0.1544615 -0.4487275 1.975155
-0.2519458 -0.7415745 1.919077
0.4222661 -0.75902 1.99734
-0.2499784 -0.8017758 1.873521
0.3914984 -0.7902139 1.892416
9
-0.1280598 -0.1812196 2.020359
-0.2001433 -0.1888508 2.004255
-0.05121576 -0.1669495 1.962439
-0.3790769 -0.4589117 1.904613
0.1340799 -0.4390544 1.976913
-0.2518349 -0.7419288 1.920143
0.4078213 -0.7447985 1.995865
-0.250648 -0.801942 1.873653
0.3774966 -0.7762008 1.890765
9
-0.1280598 -0.1812196 2.020359
-0.2001433 -0.1888508 2.004255
-0.05121576 -0.1669495 1.962439
-0.3790769 -0.4589117 1.904613
0.1340799 -0.4390544 1.976913
-0.2518349 -0.7419288 1.920143
0.4078213 -0.7447985 1.995865
-0.250648 -0.801942 1.873653
0.3774966 -0.7762008 1.890765
9
-0.1284899 -0.1805809 2.021244
-0.2004917 -0.1884021 2.004715
-0.05171149 -0.1661061 1.963893
-0.3789735 -0.4587221 1.904852
0.132083 -0.4377892 1.977104
-0.2512903 -0.7427667 1.921156
0.4054671 -0.7439123 1.995746
-0.2506768 -0.8025893 1.873811
0.375406 -0.7753074 1.890551
9
-0.1284899 -0.1805809 2.021244
-0.2004917 -0.1884021 2.004715
-0.05171149 -0.1661061 1.963893
-0.3789735 -0.4587221 1.904852
0.132083 -0.4377892 1.977104
-0.2512903 -0.7427667 1.921156
0.4054671 -0.7439123 1.995746
-0.2506768 -0.8025893 1.873811
0.375406 -0.7753074 1.890551
9
-0.1282813 -0.1786661 2.0224
-0.2003476 -0.1865791 2.005986
-0.05144558 -0.1641888 1.964887
-0.3780054 -0.4572889 1.905189
0.1436843 -0.4415607 1.980313
-0.2510135 -0.7436643 1.922375
0.4094373 -0.7541769 1.998781
-0.2509894 -0.8031728 1.873687
0.3797218 -0.7853205 1.893456
9
-0.1282813 -0.1786661 2.0224
-0.2003476 -0.1865791 2.005986
-0.05144558 -0.1641888 1.964887
-0.3780054 -0.4572889 1.905189
0.1436843 -0.4415607 1.980313
-0.2510135 -0.7436643 1.922375
0.4094373 -0.7541769 1.998781
-0.2509894 -0.8031728 1.873687
0.3797218 -0.7853205 1.893456
9
-0.125696 -0.1741551 2.023647
-0.197658 -0.1822563 2.007503
-0.04904721 -0.1596501 1.965809
-0.3747653 -0.4534306 1.906567
0.1481893 -0.4428122 1.981614
-0.2508808 -0.7441117 1.92364
0.3994429 -0.7475377 2.001618
-0.2526864 -0.8037904 1.876474
0.3703787 -0.7786162 1.895965
9
-0.125696 -0.1741551 2.023647
-0.197658 -0.1822563 2.007503
-0.04904721 -0.1596501 1.965809
-0.3747653 -0.4534306 1.906567
0.1481893 -0.4428122 1.981614
-0.2508808 -0.7441117 1.92364
0.3994429 -0.7475377 2.001618
-0.2526864 -0.8037904 1.876474
0.3703787 -0.7786162 1.895965
9
-0.1200107 -0.1678055 2.025446
-0.1929619 -0.1762439 2.008912
-0.04249928 -0.1531933 1.967958
-0.369004 -0.4484798 1.908769
0.1523657 -0.4420212 1.982762
-0.2498326 -0.7446745 1.925349
0.3987293 -0.7470978 2.002103
-0.2528908 -0.8038955 1.876452
0.3699836 -0.7779815 1.896225
