40
9
-0.01762134 -0.1271004 2.033834
-0.0911063 -0.1280575 2.015007
0.05656221 -0.1215045 1.978281
-0.2877216 -0.3880157 1.913143
0.2150864 -0.4228984 2.003181
-0.2878489 -0.7388448 1.949489
0.4512511 -0.7437918 2.030717
-0.3104848 -0.8001592 1.899151
0.4198239 -0.7723693 1.924463
9
-0.06906442 -0.1534933 2.032383
-0.1420873 -0.1520346 2.013572
0.006553037 -0.1493456 1.97696
-0.3370372 -0.4089819 1.900059
0.1854851 -0.4374777 2.000749
-0.294716 -0.7412987 1.948012
0.4459679 -0.7505205 2.02723
-0.3105892 -0.7999315 1.898934
0.415195 -0.7793471 1.921034
9
-0.06906442 -0.1534933 2.032383
-0.1420873 -0.1520346 2.013572
0.006553037 -0.1493456 1.97696
-0.3370372 -0.4089819 1.900059
0.1854851 -0.4374777 2.000749
-0.294716 -0.7412987 1.948012
0.4459679 -0.7505205 2.02723
-0.3105892 -0.7999315 1.898934
0.415195 -0.7793471 1.921034
9
-0.07252712 -0.1563755 2.032295
-0.1452082 -0.1549692 2.013999
0.002803534 -0.1521168 1.976346
-0.3454226 -0.4068388 1.897466
0.1737047 -0.4377614 1.998591
-0.3020498 -0.7407261 1.946345
0.4310927 -0.7506067 2.024186
-0.3115076 -0.7991059 1.898369
0.4011102 -0.7795672 1.917875
9
-0.07252712 -0.1563755 2.032295
-0.1452082 -0.1549692 2.013999
0.002803534 -0.1521168 1.976346
-0.3454226 -0.4068388 1.897466
0.1737047 -0.4377614 1.998591
-0.3020498 -0.7407261 1.946345
0.4310927 -0.7506067 2.024186
-0.3115076 -0.7991059 1.898369
0.4011102 -0.7795672 1.917875
9
-0.0810365 -0.1621237 2.032104
-0.1537192 -0.1613926 2.014265
-0.005366974 -0.1570029 1.975762
-0.356441 -0.4098276 1.89403
0.1696099 -0.4396252 1.99848
-0.3050808 -0.7444643 1.945187
0.4266559 -0.7513716 2.023429
-0.3122559 -0.8030899 1.897643
0.3973032 -0.7806867 1.917157
9
-0.0810365 -0.1621237 2.032104
-0.1537192 -0.1613926 2.014265
-0.005366974 -0.1570029 1.975762
-0.356441 -0.4098276 1.89403
0.1696099 -0.4396252 1.99848
-0.3050808 -0.7444643 1.945187
0.4266559 -0.7513716 2.023429
-0.3122559 -0.8030899 1.897643
0.3973032 -0.7806867 1.917157
9
-0.0909242 -0.1692373 2.032657
-0.1636948 -0.1686704 2.015077
-0.01476116 -0.1636529 1.976098
-0.3669891 -0.415293 1.891698
0.1654608 -0.4419646 1.998695
-0.3064685 -0.7473264 1.944282
0.4281029 -0.7549152 2.020791
-0.3127922 -0.8061154 1.897127
0.3988808 -0.7845194 1.914704
9
-0.0909242 -0.1692373 2.032657
-0.1636948 -0.1686704 2.015077
-0.01476116 -0.1636529 1.976098
-0.3669891 -0.415293 1.891698
0.1654608 -0.4419646 1.998695
-0.3064685 -0.7473264 1.944282
0.4281029 -0.7549152 2.020791
-0.3127922 -0.8061154 1.897127
0.3988808 -0.7845194 1.914704
9
-0.0909242 -0.1692373 2.032657
-0.1636948 -0.1686704 2.015077
-0.01476116 -0.1636529 1.976098
-0.3669891 -0.415293 1.891698
0.1654608 -0.4419646 1.998695
-0.3064685 -0.7473264 1.944282
0.4281029 -0.7549152 2.020791
-0.3127922 -0.8061154 1.897127
0.3988808 -0.7845194 1.914704
9
-0.0909242 -0.1692373 2.032657
-0.1636948 -0.1686704 2.015077
-0.01476116 -0.1636529 1.976098
-0.3669891 -0.415293 1.891698
0.1654608 -0.4419646 1.998695
-0.3064685 -0.7473264 1.944282
0.4281029 -0.7549152 2.020791
-0.3127922 -0.8061154 1.897127
0.3988808 -0.7845194 1.914704
9
-0.1074935 -0.1805464 2.031444
-0.1793554 -0.1803893 2.013983
-0.03166026 -0.1741376 1.974822
-0.3812869 -0.4254741 1.884357
0.1441937 -0.4470153 1.99821
-0.3064124 -0.748194 1.943926
0.4081668 -0.7519518 2.020767
-0.3130607 -0.8070456 1.897489
0.3802968 -0.7821004 1.914604
9
-0.1074935 -0.1805464 2.031444
-0.1793554 -0.1803893 2.013983
-0.03166026 -0.1741376 1.974822
-0.3812869 -0.4254741 1.884357
0.1441937 -0.4470153 1.99821
-0.3064124 -0.748194 1.943926
0.4081668 -0.7519518 2.020767
-0.3130607 -0.8070456 1.897489
0.3802968 -0.7821004 1.914604
9
-0.114047 -0.1844072 2.031649
-0.185349 -0.1845697 2.014309
-0.03856109 -0.1775385 1.974932
-0.384656 -0.4312149 1.88358
0.1422153 -0.4472775 1.998296
-0.3064847 -0.7481973 1.94381
0.4144143 -0.7548128 2.01606
-0.3129856 -0.8071483 1.897802
0.3864073 -0.7850614 1.910043
9
-0.114047 -0.1844072 2.031649
-0.185349 -0.1845697 2.014309
-0.03856109 -0.1775385 1.974932
-0.384656 -0.4312149 1.88358
0.1422153 -0.4472775 1.998296
-0.3064847 -0.7481973 1.94381
0.4144143 -0.7548128 2.01606
-0.3129856 -0.8071483 1.897802
0.3864073 -0.7850614 1.910043
9
-0.1165165 -0.1861609 2.032082
-0.1882609 -0.1868836 2.014774
-0.04052968 -0.1787476 1.975337
-0.3862799 -0.4339446 1.882594
0.1406403 -0.4482957 1.998443
-0.3063661 -0.7486541 1.943593
0.4142686 -0.7546347 2.015653
-0.3130701 -0.8075918 1.89775
0.3866451 -0.7851059 1.909656
9
-0.1175146 -0.1870376 2.032527
-0.1894695 -0.1882346 2.015274
-0.04129824 -0.1792111 1.975731
-0.3875027 -0.4343577 1.880728
0.1389013 -0.4494307 1.9987
-0.3061827 -0.7501314 1.943256
0.4067895 -0.7603579 2.019464
-0.3131685 -0.8090069 1.897474
0.4867641 -0.7936031 1.966753
9
-0.1175146 -0.1870376 2.032527
-0.1894695 -0.1882346 2.015274
-0.04129824 -0.1792111 1.975731
-0.3875027 -0.4343577 1.880728
0.1389013 -0.4494307 1.9987
-0.3061827 -0.7501314 1.943256
0.4067895 -0.7603579 2.019464
-0.3131685 -0.8090069 1.897474
0.4867641 -0.7936031 1.966753
9
-0.1184149 -0.1875228 2.032894
-0.1902157 -0.1889958 2.015504
-0.04238789 -0.1793957 1.97628
-0.3878643 -0.4352322 1.880512
0.1403536 -0.4479801 1.999134
-0.3063856 -0.7504761 1.943008
0.4030681 -0.7542992 2.017824
-0.3132522 -0.8094206 1.897559
0.3760312 -0.7849774 1.911795
9
-0.1184149 -0.1875228 2.032894
-0.1902157 -0.1889958 2.015504
-0.04238789 -0.1793957 1.97628
-0.3878643 -0.4352322 1.880512
0.1403536 -0.4479801 1.999134
-0.3063856 -0.7504761 1.943008
0.4030681 -0.7542992 2.017824
-0.3132522 -0.8094206 1.897559
0.3760312 -0.7849774 1.911795
9
-0.1184149 -0.1875228 2.032894
-0.1902157 -0.1889958 2.015504
-0.04238789 -0.1793957 1.97628
-0.3878643 -0.4352322 1.880512
0.1403536 -0.4479801 1.999134
-0.3063856 -0.7504761 1.943008
0.4030681 -0.7542992 2.017824
-0.3132522 -0.8094206 1.897559
0.3760312 -0.7849774 1.911795
9
-0.1188827 -0.1876258 2.033192
-0.1905399 -0.1892111 2.015637
-0.04303356 -0.1793133 1.97682
-0.3876455 -0.4359377 1.880815
0.1394025 -0.4481741 1.999429
-0.3060579 -0.7512015 1.943209
0.4125011 -0.7552417 2.014281
-0.3133435 -0.8100017 1.897389
0.3854859 -0.7859111 1.908249
9
-0.1184638 -0.1872856 2.033465
-0.1902927 -0.1890594 2.015717
-0.04236491 -0.1786869 1.977384
-0.3873791 -0.4365817 1.882979
0.1419116 -0.4465328 1.999151
-0.3060171 -0.7511621 1.943146
0.4104178 -0.7572992 2.01674
-0.3141504 -0.8098491 1.89759
0.3835639 -0.7879628 1.910689
9
-0.1184638 -0.1872856 2.033465
-0.1902927 -0.1890594 2.015717
-0.04236491 -0.1786869 1.977384
-0.3873791 -0.4365817 1.882979
0.1419116 -0.4465328 1.999151
-0.3060171 -0.7511621 1.943146
0.4104178 -0.7572992 2.01674
-0.3141504 -0.8098491 1.89759
0.3835639 -0.7879628 1.910689
9
-0.1147416 -0.1845548 2.034642
-0.1878832 -0.1872013 2.01623
-0.03713202 -0.175014 1.979343
-0.3841732 -0.4366048 1.886759
0.1422034 -0.4466614 1.99892
-0.3053972 -0.7516683 1.943206
0.4104399 -0.7576159 2.016873
-0.3139632 -0.8103341 1.898084
0.3839698 -0.7883548 1.910772
9
-0.1147416 -0.1845548 2.034642
-0.1878832 -0.1872013 2.01623
-0.03713202 -0.175014 1.979343
-0.3841732 -0.4366048 1.886759
0.1422034 -0.4466614 1.99892
-0.3053972 -0.7516683 1.943206
0.4104399 -0.7576159 2.016873
-0.3139632 -0.8103341 1.898084
0.3839698 -0.7883548 1.910772
9
-0.1083317 -0.178896 2.036372
-0.182344 -0.1817303 2.018009
-0.03021993 -0.1695219 1.980817
-0.376764 -0.4339103 1.891788
0.1478013 -0.4425111 1.99838
-0.3048822 -0.7521471 1.943372
0.4115361 -0.7571942 2.016927
-0.3137341 -0.8107051 1.897991
0.3856349 -0.7879184 1.910664
9
-0.1083317 -0.178896 2.036372
-0.182344 -0.1817303 2.018009
-0.03021993 -0.1695219 1.980817
-0.376764 -0.4339103 1.891788
0.1478013 -0.4425111 1.99838
-0.3048822 -0.7521471 1.943372
0.4115361 -0.7571942 2.016927
-0.3137341 -0.8107051 1.897991
0.3856349 -0.7879184 1.910664
9
-0.09829396 -0.1720083 2.038262
-0.172703 -0.1744598 2.019937
-0.02021519 -0.1632912 1.982538
-0.3647602 -0.4301014 1.897899
0.1526213 -0.4399198 1.99837
-0.3049462 -0.7517353 1.943215
0.4122059 -0.7546495 2.01738
-0.3133357 -0.8103657 1.897724
0.3864933 -0.7852964 1.910988
9
-0.09829396 -0.1720083 2.038262
-0.172703 -0.1744598 2.019937
-0.02021519 -0.1632912 1.982538
-0.3647602 -0.4301014 1.897899
0.1526213 -0.4399198 1.99837
-0.3049462 -0.7517353 1.943215
0.4122059 -0.7546495 2.01738
-0.3133357 -0.8103657 1.897724
0.3864933 -0.7852964 1.910988
9
-0.08654809 -0.1654688 2.039626
-0.1614369 -0.1673944 2.021515
-0.00840347 -0.1575011 1.983606
-0.3501927 -0.4266778 1.902322
0.1653695 -0.4378368 2.000698
-0.3039308 -0.7522657 1.94358
0.4225664 -0.7564817 2.020712
-0.3130855 -0.810918 1.899228
0.3961866 -0.7869588 1.914395
9
-0.08654809 -0.1654688 2.039626
-0.1614369 -0.1673944 2.021515
-0.00840347 -0.1575011 1.983606
-0.3501927 -0.4266778 1.902322
0.1653695 -0.4378368 2.000698
-0.3039308 -0.7522657 1.94358
0.4225664 -0.7564817 2.020712
-0.3130855 -0.810918 1.899228
0.3961866 -0.7869588 1.914395
9
-0.07257582 -0.1580501 2.041254
-0.1474979 -0.1600835 2.023853
0.005089953 -0.1502522 1.98447
-0.3383875 -0.418638 1.906274
0.1769903 -0.434381 2.002358
-0.3025413 -0.7508903 1.943794
0.4279848 -0.7573627 2.023021
-0.3167601 -0.780782 1.837259
0.4015033 -0.7877147 1.916648
9
-0.07257582 -0.1580501 2.041254
-0.1474979 -0.1600835 2.023853
0.005089953 -0.1502522 1.98447
-0.3383875 -0.418638 1.906274
0.1769903 -0.434381 2.002358
-0.3025413 -0.7508903 1.943794
0.4279848 -0.7573627 2.023021
-0.3167601 -0.780782 1.837259
0.4015033 -0.7877147 1.916648
9
-0.04987551 -0.1494617 2.041589
-0.125423 -0.1524703 2.024753
0.02758881 -0.1409864 1.984155
-0.3068822 -0.4203801 1.91521
0.1891998 -0.4316847 2.005175
-0.3010331 -0.7472575 1.943776
0.4333314 -0.7569219 2.025175
-0.3156417 -0.7770309 1.837215
0.4064039 -0.7871258 1.918808
9
-0.04987551 -0.1494617 2.041589
-0.125423 -0.1524703 2.024753
0.02758881 -0.1409864 1.984155
-0.3068822 -0.4203801 1.91521
0.1891998 -0.4316847 2.005175
-0.3010331 -0.7472575 1.943776
0.4333314 -0.7569219 2.025175
-0.3156417 -0.7770309 1.837215
0.4064039 -0.7871258 1.918808
9
-0.03577771 -0.14289 2.042691
-0.1124156 -0.1457835 2.025809
0.04227828 -0.1347978 1.985273
-0.2910062 -0.4167062 1.919422
0.2023935 -0.4217026 2.007927
-0.2984307 -0.7440572 1.945202
0.4366113 -0.7550163 2.026363
-0.3131122 -0.7737579 1.838547
0.4096048 -0.7851309 1.919927
9
-0.03577771 -0.14289 2.042691
-0.1124156 -0.1457835 2.025809
0.04227828 -0.1347978 1.985273
-0.2910062 -0.4167062 1.919422
0.2023935 -0.4217026 2.007927
-0.2984307 -0.7440572 1.945202
0.4366113 -0.7550163 2.026363
-0.3131122 -0.7737579 1.838547
0.4096048 -0.7851309 1.919927
9
-0.01755783 -0.1335539 2.043337
-0.09406808 -0.1366737 2.026799
0.05967856 -0.1255808 1.985549
-0.2687666 -0.4119514 1.926659
0.2151091 -0.4218293 2.012471
-0.2936685 -0.7444323 1.946574
0.4393013 -0.7541705 2.027596
-0.3091818 -0.7739028 1.839982
0.4115074 -0.7840786 1.921235
9
-0.01755783 -0.1335539 2.043337
-0.09406808 -0.1366737 2.026799
0.05967856 -0.1255808 1.985549
-0.2687666 -0.4119514 1.926659
0.2151091 -0.4218293 2.012471
-0.2936685 -0.7444323 1.946574
0.4393013 -0.7541705 2.027596
-0.3091818 -0.7739028 1.839982
0.4115074 -0.7840786 1.921235
