40
9
-0.03055475 -0.1442336 2.040601
-0.1081235 -0.152038 2.027353
0.04819 -0.1311733 1.979537
-0.282728 -0.423237 1.914469
0.2183978 -0.4254123 2.005445
-0.2795905 -0.7439122 1.944521
0.4508479 -0.7426574 2.02918
-0.3050759 -0.8009883 1.898018
0.4201327 -0.7743863 1.924852
9
-0.03055475 -0.1442336 2.040601
-0.1081235 -0.152038 2.027353
0.04819 -0.1311733 1.979537
-0.282728 -0.423237 1.914469
0.2183978 -0.4254123 2.005445
-0.2795905 -0.7439122 1.944521
0.4508479 -0.7426574 2.02918
-0.3050759 -0.8009883 1.898018
0.4201327 -0.7743863 1.924852
9
-0.04348355 -0.1525361 2.040856
-0.1219516 -0.1606998 2.02798
0.03660481 -0.1388245 1.979478
-0.2997655 -0.4259794 1.903121
0.2075583 -0.430425 2.004299
-0.2845274 -0.7460698 1.942239
0.4476344 -0.7461525 2.028954
-0.3133296 -0.8066052 1.908134
0.4173446 -0.7781555 1.924725
9
-0.04348355 -0.1525361 2.040856
-0.1219516 -0.1606998 2.02798
0.03660481 -0.1388245 1.979478
-0.2997655 -0.4259794 1.903121
0.2075583 -0.430425 2.004299
-0.2845274 -0.7460698 1.942239
0.4476344 -0.7461525 2.028954
-0.3133296 -0.8066052 1.908134
0.4173446 -0.7781555 1.924725
9
-0.05737886 -0.1628572 2.039507
-0.1329858 -0.1702278 2.027029
0.02009099 -0.1495597 1.977715
-0.3144302 -0.4302123 1.894749
0.1981794 -0.4351181 2.003298
-0.2883536 -0.7493289 1.939411
0.445051 -0.748861 2.027121
-0.3130725 -0.8070382 1.907531
0.4150405 -0.780888 1.922874
9
-0.05737886 -0.1628572 2.039507
-0.1329858 -0.1702278 2.027029
0.02009099 -0.1495597 1.977715
-0.3144302 -0.4302123 1.894749
0.1981794 -0.4351181 2.003298
-0.2883536 -0.7493289 1.939411
0.445051 -0.748861 2.027121
-0.3130725 -0.8070382 1.907531
0.4150405 -0.780888 1.922874
9
-0.06906876 -0.172698 2.039198
-0.1436346 -0.1800331 2.02635
0.008016924 -0.1590016 1.97786
-0.3222356 -0.4403951 1.890586
0.1847295 -0.4359753 2.0022
-0.2901303 -0.7507477 1.938395
0.4424859 -0.7510476 2.02591
-0.313277 -0.8074755 1.907177
0.4126397 -0.7833436 1.921824
9
-0.06906876 -0.172698 2.039198
-0.1436346 -0.1800331 2.02635
0.008016924 -0.1590016 1.97786
-0.3222356 -0.4403951 1.890586
0.1847295 -0.4359753 2.0022
-0.2901303 -0.7507477 1.938395
0.4424859 -0.7510476 2.02591
-0.313277 -0.8074755 1.907177
0.4126397 -0.7833436 1.921824
9
-0.07740454 -0.1786478 2.04008
-0.1521371 -0.1862457 2.026704
0.0001639179 -0.1645285 1.97928
-0.3330226 -0.4431166 1.886522
0.1773269 -0.4376354 2.001799
-0.2924365 -0.7514086 1.937823
0.4405533 -0.7520741 2.024459
-0.3132148 -0.807492 1.906499
0.4114356 -0.784547 1.920284
9
-0.07740454 -0.1786478 2.04008
-0.1521371 -0.1862457 2.026704
0.0001639179 -0.1645285 1.97928
-0.3330226 -0.4431166 1.886522
0.1773269 -0.4376354 2.001799
-0.2924365 -0.7514086 1.937823
0.4405533 -0.7520741 2.024459
-0.3132148 -0.807492 1.906499
0.4114356 -0.784547 1.920284
9
-0.08610766 -0.1838732 2.040436
-0.1606575 -0.1914446 2.027103
-0.008355084 -0.1695902 1.979634
-0.34119 -0.446958 1.883417
0.1747954 -0.438783 2.001417
-0.2933728 -0.7523664 1.937488
0.4389832 -0.7525976 2.022705
-0.313413 -0.8085604 1.906747
0.4100398 -0.7853307 1.918661
9
-0.08610766 -0.1838732 2.040436
-0.1606575 -0.1914446 2.027103
-0.008355084 -0.1695902 1.979634
-0.34119 -0.446958 1.883417
0.1747954 -0.438783 2.001417
-0.2933728 -0.7523664 1.937488
0.4389832 -0.7525976 2.022705
-0.313413 -0.8085604 1.906747
0.4100398 -0.7853307 1.918661
9
-0.08610766 -0.1838732 2.040436
-0.1606575 -0.1914446 2.027103
-0.008355084 -0.1695902 1.979634
-0.34119 -0.446958 1.883417
0.1747954 -0.438783 2.001417
-0.2933728 -0.7523664 1.937488
0.4389832 -0.7525976 2.022705
-0.313413 -0.8085604 1.906747
0.4100398 -0.7853307 1.918661
9
-0.08610766 -0.1838732 2.040436
-0.1606575 -0.1914446 2.027103
-0.008355084 -0.1695902 1.979634
-0.34119 -0.446958 1.883417
0.1747954 -0.438783 2.001417
-0.2933728 -0.7523664 1.937488
0.4389832 -0.7525976 2.022705
-0.313413 -0.8085604 1.906747
0.4100398 -0.7853307 1.918661
9
-0.09484185 -0.1896428 2.041215
-0.1693556 -0.1983811 2.027049
-0.01692598 -0.1741488 1.981247
-0.3523239 -0.4517121 1.882956
0.172471 -0.4409736 2.001098
-0.2965668 -0.7519619 1.937557
0.4354126 -0.7546657 2.020565
-0.3137162 -0.8091376 1.906608
0.4075801 -0.7876585 1.916405
9
-0.09484185 -0.1896428 2.041215
-0.1693556 -0.1983811 2.027049
-0.01692598 -0.1741488 1.981247
-0.3523239 -0.4517121 1.882956
0.172471 -0.4409736 2.001098
-0.2965668 -0.7519619 1.937557
0.4354126 -0.7546657 2.020565
-0.3137162 -0.8091376 1.906608
0.4075801 -0.7876585 1.916405
9
-0.09902955 -0.1921785 2.040893
-0.1736635 -0.2011762 2.02652
-0.02076809 -0.1762861 1.981147
-0.3609083 -0.4520727 1.884511
0.1714245 -0.4423912 2.000735
-0.2977357 -0.7525666 1.937586
0.4316728 -0.7553567 2.019494
-0.3138493 -0.8100729 1.905857
0.403717 -0.7883171 1.915374
9
-0.09902955 -0.1921785 2.040893
-0.1736635 -0.2011762 2.02652
-0.02076809 -0.1762861 1.981147
-0.3609083 -0.4520727 1.884511
0.1714245 -0.4423912 2.000735
-0.2977357 -0.7525666 1.937586
0.4316728 -0.7553567 2.019494
-0.3138493 -0.8100729 1.905857
0.403717 -0.7883171 1.915374
9
-0.09931535 -0.1926495 2.041422
-0.174188 -0.2018491 2.027115
-0.02086038 -0.1765835 1.981635
-0.3626467 -0.4519899 1.885558
0.1711155 -0.4431464 2.000532
-0.2996741 -0.751799 1.937624
0.4319611 -0.7563007 2.018548
-0.3136373 -0.8099135 1.906234
0.4040484 -0.7893516 1.914492
9
-0.09931535 -0.1926495 2.041422
-0.174188 -0.2018491 2.027115
-0.02086038 -0.1765835 1.981635
-0.3626467 -0.4519899 1.885558
0.1711155 -0.4431464 2.000532
-0.2996741 -0.751799 1.937624
0.4319611 -0.7563007 2.018548
-0.3136373 -0.8099135 1.906234
0.4040484 -0.7893516 1.914492
9
-0.09943514 -0.1928578 2.041487
-0.1745051 -0.2022848 2.02734
-0.02087124 -0.1766417 1.981629
-0.3642322 -0.4516972 1.886407
0.1706666 -0.4439664 2.000205
-0.2998663 -0.752667 1.937904
0.4280862 -0.7551351 2.018042
-0.3136151 -0.8108512 1.903482
0.4001982 -0.7882513 1.914016
9
-0.09943514 -0.1928578 2.041487
-0.1745051 -0.2022848 2.02734
-0.02087124 -0.1766417 1.981629
-0.3642322 -0.4516972 1.886407
0.1706666 -0.4439664 2.000205
-0.2998663 -0.752667 1.937904
0.4280862 -0.7551351 2.018042
-0.3136151 -0.8108512 1.903482
0.4001982 -0.7882513 1.914016
9
-0.09941449 -0.1928968 2.041548
-0.1745006 -0.2024238 2.02747
-0.02083405 -0.1766263 1.981658
-0.3647597 -0.4517541 1.887365
0.1703018 -0.444667 1.999809
-0.3008508 -0.7513397 1.937885
0.4288259 -0.7553444 2.01745
-0.3133732 -0.8098456 1.903249
0.4008871 -0.7884454 1.913442
9
-0.09941449 -0.1928968 2.041548
-0.1745006 -0.2024238 2.02747
-0.02083405 -0.1766263 1.981658
-0.3647597 -0.4517541 1.887365
0.1703018 -0.444667 1.999809
-0.3008508 -0.7513397 1.937885
0.4288259 -0.7553444 2.01745
-0.3133732 -0.8098456 1.903249
0.4008871 -0.7884454 1.913442
9
-0.09937024 -0.1928396 2.041498
-0.1744337 -0.2024141 2.027497
-0.02078851 -0.1763951 1.981386
-0.3655722 -0.4514448 1.888345
0.1703087 -0.4447516 1.999542
-0.3008241 -0.75179 1.938173
0.4290327 -0.7553719 2.01713
-0.3133737 -0.8102841 1.904066
0.4010008 -0.7884018 1.913114
9
-0.09937024 -0.1928396 2.041498
-0.1744337 -0.2024141 2.027497
-0.02078851 -0.1763951 1.981386
-0.3655722 -0.4514448 1.888345
0.1703087 -0.4447516 1.999542
-0.3008241 -0.75179 1.938173
0.4290327 -0.7553719 2.01713
-0.3133737 -0.8102841 1.904066
0.4010008 -0.7884018 1.913114
9
-0.09835274 -0.1921383 2.041483
-0.1732374 -0.2017867 2.027921
-0.01979512 -0.1755117 1.980934
-0.3634066 -0.4524513 1.891008
0.1704667 -0.4442731 1.998861
-0.3006308 -0.7517353 1.938615
0.4270518 -0.7543975 2.017054
-0.3131355 -0.8102142 1.907157
0.3987678 -0.78733 1.913049
9
-0.09835274 -0.1921383 2.041483
-0.1732374 -0.2017867 2.027921
-0.01979512 -0.1755117 1.980934
-0.3634066 -0.4524513 1.891008
0.1704667 -0.4442731 1.998861
-0.3006308 -0.7517353 1.938615
0.4270518 -0.7543975 2.017054
-0.3131355 -0.8102142 1.907157
0.3987678 -0.78733 1.913049
9
-0.09835274 -0.1921383 2.041483
-0.1732374 -0.2017867 2.027921
-0.01979512 -0.1755117 1.980934
-0.3634066 -0.4524513 1.891008
0.1704667 -0.4442731 1.998861
-0.3006308 -0.7517353 1.938615
0.4270518 -0.7543975 2.017054
-0.3131355 -0.8102142 1.907157
0.3987678 -0.78733 1.913049
9
-0.09835274 -0.1921383 2.041483
-0.1732374 -0.2017867 2.027921
-0.01979512 -0.1755117 1.980934
-0.3634066 -0.4524513 1.891008
0.1704667 -0.4442731 1.998861
-0.3006308 -0.7517353 1.938615
0.4270518 -0.7543975 2.017054
-0.3131355 -0.8102142 1.907157
0.3987678 -0.78733 1.913049
9
-0.08953172 -0.185386 2.04228
-0.1649695 -0.1960918 2.029159
-0.01069428 -0.167851 1.981229
-0.3553472 -0.4479137 1.895115
0.1731161 -0.4429948 1.99798
-0.2997717 -0.7518058 1.939196
0.4267906 -0.7539676 2.017224
-0.3134334 -0.8100058 1.90703
0.3986825 -0.7862948 1.912781
9
-0.08953172 -0.185386 2.04228
-0.1649695 -0.1960918 2.029159
-0.01069428 -0.167851 1.981229
-0.3553472 -0.4479137 1.895115
0.1731161 -0.4429948 1.99798
-0.2997717 -0.7518058 1.939196
0.4267906 -0.7539676 2.017224
-0.3134334 -0.8100058 1.90703
0.3986825 -0.7862948 1.912781
9
-0.08953172 -0.185386 2.04228
-0.1649695 -0.1960918 2.029159
-0.01069428 -0.167851 1.981229
-0.3553472 -0.4479137 1.895115
0.1731161 -0.4429948 1.99798
-0.2997717 -0.7518058 1.939196
0.4267906 -0.7539676 2.017224
-0.3134334 -0.8100058 1.90703
0.3986825 -0.7862948 1.912781
9
-0.08953172 -0.185386 2.04228
-0.1649695 -0.1960918 2.029159
-0.01069428 -0.167851 1.981229
-0.3553472 -0.4479137 1.895115
0.1731161 -0.4429948 1.99798
-0.2997717 -0.7518058 1.939196
0.4267906 -0.7539676 2.017224
-0.3134334 -0.8100058 1.90703
0.3986825 -0.7862948 1.912781
9
-0.05869474 -0.1670895 2.046039
-0.1367692 -0.1791977 2.03355
0.02165296 -0.14888 1.984244
-0.3229784 -0.438842 1.9113
0.191171 -0.4407598 2.000426
-0.2982824 -0.750116 1.940428
0.4303065 -0.7535739 2.019637
-0.3166009 -0.781841 1.836518
0.3997383 -0.7858104 1.915891
9
-0.05869474 -0.1670895 2.046039
-0.1367692 -0.1791977 2.03355
0.02165296 -0.14888 1.984244
-0.3229784 -0.438842 1.9113
0.191171 -0.4407598 2.000426
-0.2982824 -0.750116 1.940428
0.4303065 -0.7535739 2.019637
-0.3166009 -0.781841 1.836518
0.3997383 -0.7858104 1.915891
9
-0.05127508 -0.1621092 2.046282
-0.1285073 -0.1739582 2.034162
0.02800471 -0.1443405 1.984162
-0.3109795 -0.4372253 1.914418
0.2002503 -0.4380496 2.001983
-0.2966048 -0.7489126 1.941106
0.4332894 -0.7530688 2.021155
-0.3145718 -0.7803408 1.836866
0.4030584 -0.7850066 1.917094
9
-0.05127508 -0.1621092 2.046282
-0.1285073 -0.1739582 2.034162
0.02800471 -0.1443405 1.984162
-0.3109795 -0.4372253 1.914418
0.2002503 -0.4380496 2.001983
-0.2966048 -0.7489126 1.941106
0.4332894 -0.7530688 2.021155
-0.3145718 -0.7803408 1.836866
0.4030584 -0.7850066 1.917094
9
-0.03559954 -0.1532987 2.046611
-0.1120548 -0.1651869 2.034779
0.04228805 -0.1358459 1.984183
-0.2901362 -0.4337325 1.921786
0.2110161 -0.4336624 2.004863
-0.2942487 -0.7468324 1.942283
0.4367941 -0.7521263 2.022349
-0.312479 -0.7780375 1.837935
0.4062877 -0.7838288 1.918202
9
-0.03559954 -0.1532987 2.046611
-0.1120548 -0.1651869 2.034779
0.04228805 -0.1358459 1.984183
-0.2901362 -0.4337325 1.921786
0.2110161 -0.4336624 2.004863
-0.2942487 -0.7468324 1.942283
0.4367941 -0.7521263 2.022349
-0.312479 -0.7780375 1.837935
0.4062877 -0.7838288 1.918202
