40
9
0.008173493 -0.1647968 1.984526
-0.0715812 -0.1998966 1.955358
0.08766313 -0.1234359 1.938548
-0.3213375 -0.4613104 1.858642
0.2445249 -0.4284317 1.901085
-0.473759 -0.7994255 1.807146
0.3345821 -0.7740411 2.004332
-0.5587025 -0.8490381 1.716746
0.3749857 -0.8387069 1.927622
9
0.008173493 -0.1647968 1.984526
-0.0715812 -0.1998966 1.955358
0.08766313 -0.1234359 1.938548
-0.3213375 -0.4613104 1.858642
0.2445249 -0.4284317 1.901085
-0.473759 -0.7994255 1.807146
0.3345821 -0.7740411 2.004332
-0.5587025 -0.8490381 1.716746
0.3749857 -0.8387069 1.927622
9
0.008173493 -0.1647968 1.984526
-0.0715812 -0.1998966 1.955358
0.08766313 -0.1234359 1.938548
-0.3213375 -0.4613104 1.858642
0.2445249 -0.4284317 1.901085
-0.473759 -0.7994255 1.807146
0.3345821 -0.7740411 2.004332
-0.5587025 -0.8490381 1.716746
0.3749857 -0.8387069 1.927622
9
-0.04025855 -0.1822663 1.972541
-0.1230366 -0.2164299 1.942043
0.04678482 -0.1400347 1.928607
-0.3702566 -0.451172 1.831743
0.2357591 -0.4263274 1.895397
-0.4688443 -0.7922521 1.808804
0.3362991 -0.7753148 2.004159
-0.5311073 -0.8336778 1.675137
0.3759503 -0.8400205 1.926807
9
-0.04025855 -0.1822663 1.972541
-0.1230366 -0.2164299 1.942043
0.04678482 -0.1400347 1.928607
-0.3702566 -0.451172 1.831743
0.2357591 -0.4263274 1.895397
-0.4688443 -0.7922521 1.808804
0.3362991 -0.7753148 2.004159
-0.5311073 -0.8336778 1.675137
0.3759503 -0.8400205 1.926807
9
-0.06758372 -0.1890824 1.976253
-0.1478301 -0.2201882 1.946375
0.01339162 -0.1516041 1.9314
-0.3831596 -0.4545539 1.826852
0.2247472 -0.422479 1.889591
-0.4680296 -0.7920091 1.809588
0.337108 -0.7747152 2.003036
-0.547186 -0.8292475 1.687596
0.3768302 -0.8395044 1.925921
9
-0.06758372 -0.1890824 1.976253
-0.1478301 -0.2201882 1.946375
0.01339162 -0.1516041 1.9314
-0.3831596 -0.4545539 1.826852
0.2247472 -0.422479 1.889591
-0.4680296 -0.7920091 1.809588
0.337108 -0.7747152 2.003036
-0.547186 -0.8292475 1.687596
0.3768302 -0.8395044 1.925921
9
-0.09268515 -0.1979749 1.975463
-0.1737728 -0.2235237 1.945086
-0.008349623 -0.1649828 1.930985
-0.4106573 -0.4522211 1.815724
0.213857 -0.4272657 1.885732
-0.4724837 -0.7951833 1.805394
0.3368939 -0.774325 2.002529
-0.5434104 -0.8322362 1.676071
0.3769326 -0.8393078 1.926092
9
-0.09268515 -0.1979749 1.975463
-0.1737728 -0.2235237 1.945086
-0.008349623 -0.1649828 1.930985
-0.4106573 -0.4522211 1.815724
0.213857 -0.4272657 1.885732
-0.4724837 -0.7951833 1.805394
0.3368939 -0.774325 2.002529
-0.5434104 -0.8322362 1.676071
0.3769326 -0.8393078 1.926092
9
-0.1222423 -0.2100473 1.971238
-0.1999213 -0.2310538 1.942665
-0.04015762 -0.1816513 1.92476
-0.4351406 -0.4576491 1.805554
0.192563 -0.4349618 1.888013
-0.4759147 -0.7979711 1.802034
0.3368833 -0.7745318 2.002393
-0.5512669 -0.8350955 1.676702
0.3782631 -0.8364707 1.922131
9
-0.1222423 -0.2100473 1.971238
-0.1999213 -0.2310538 1.942665
-0.04015762 -0.1816513 1.92476
-0.4351406 -0.4576491 1.805554
0.192563 -0.4349618 1.888013
-0.4759147 -0.7979711 1.802034
0.3368833 -0.7745318 2.002393
-0.5512669 -0.8350955 1.676702
0.3782631 -0.8364707 1.922131
9
-0.1222423 -0.2100473 1.971238
-0.1999213 -0.2310538 1.942665
-0.04015762 -0.1816513 1.92476
-0.4351406 -0.4576491 1.805554
0.192563 -0.4349618 1.888013
-0.4759147 -0.7979711 1.802034
0.3368833 -0.7745318 2.002393
-0.5512669 -0.8350955 1.676702
0.3782631 -0.8364707 1.922131
9
-0.1222423 -0.2100473 1.971238
-0.1999213 -0.2310538 1.942665
-0.04015762 -0.1816513 1.92476
-0.4351406 -0.4576491 1.805554
0.192563 -0.4349618 1.888013
-0.4759147 -0.7979711 1.802034
0.3368833 -0.7745318 2.002393
-0.5512669 -0.8350955 1.676702
0.3782631 -0.8364707 1.922131
9
-0.1222423 -0.2100473 1.971238
-0.1999213 -0.2310538 1.942665
-0.04015762 -0.1816513 1.92476
-0.4351406 -0.4576491 1.805554
0.192563 -0.4349618 1.888013
-0.4759147 -0.7979711 1.802034
0.3368833 -0.7745318 2.002393
-0.5512669 -0.8350955 1.676702
0.3782631 -0.8364707 1.922131
9
-0.1222423 -0.2100473 1.971238
-0.1999213 -0.2310538 1.942665
-0.04015762 -0.1816513 1.92476
-0.4351406 -0.4576491 1.805554
0.192563 -0.4349618 1.888013
-0.4759147 -0.7979711 1.802034
0.3368833 -0.7745318 2.002393
-0.5512669 -0.8350955 1.676702
0.3782631 -0.8364707 1.922131
9
-0.1222423 -0.2100473 1.971238
-0.1999213 -0.2310538 1.942665
-0.04015762 -0.1816513 1.92476
-0.4351406 -0.4576491 1.805554
0.192563 -0.4349618 1.888013
-0.4759147 -0.7979711 1.802034
0.3368833 -0.7745318 2.002393
-0.5512669 -0.8350955 1.676702
0.3782631 -0.8364707 1.922131
9
-0.1222423 -0.2100473 1.971238
-0.1999213 -0.2310538 1.942665
-0.04015762 -0.1816513 1.92476
-0.4351406 -0.4576491 1.805554
0.192563 -0.4349618 1.888013
-0.4759147 -0.7979711 1.802034
0.3368833 -0.7745318 2.002393
-0.5512669 -0.8350955 1.676702
0.3782631 -0.8364707 1.922131
9
-0.1222423 -0.2100473 1.971238
-0.1999213 -0.2310538 1.942665
-0.04015762 -0.1816513 1.92476
-0.4351406 -0.4576491 1.805554
0.192563 -0.4349618 1.888013
-0.4759147 -0.7979711 1.802034
0.3368833 -0.7745318 2.002393
-0.5512669 -0.8350955 1.676702
0.3782631 -0.8364707 1.922131
9
-0.1222423 -0.2100473 1.971238
-0.1999213 -0.2310538 1.942665
-0.04015762 -0.1816513 1.92476
-0.4351406 -0.4576491 1.805554
0.192563 -0.4349618 1.888013
-0.4759147 -0.7979711 1.802034
0.3368833 -0.7745318 2.002393
-0.5512669 -0.8350955 1.676702
0.3782631 -0.8364707 1.922131
9
-0.2428863 -0.2476246 1.957126
-0.3216785 -0.2626322 1.924544
-0.1548118 -0.2232094 1.915484
-0.5458785 -0.4848074 1.761738
0.1094516 -0.4458284 1.887479
-0.5061287 -0.8272327 1.779914
0.3307918 -0.7789408 1.9954
-0.5559602 -0.8578869 1.634805
0.3772706 -0.8419787 1.92317
9
-0.2428863 -0.2476246 1.957126
-0.3216785 -0.2626322 1.924544
-0.1548118 -0.2232094 1.915484
-0.5458785 -0.4848074 1.761738
0.1094516 -0.4458284 1.887479
-0.5061287 -0.8272327 1.779914
0.3307918 -0.7789408 1.9954
-0.5559602 -0.8578869 1.634805
0.3772706 -0.8419787 1.92317
9
-0.2428863 -0.2476246 1.957126
-0.3216785 -0.2626322 1.924544
-0.1548118 -0.2232094 1.915484
-0.5458785 -0.4848074 1.761738
0.1094516 -0.4458284 1.887479
-0.5061287 -0.8272327 1.779914
0.3307918 -0.7789408 1.9954
-0.5559602 -0.8578869 1.634805
0.3772706 -0.8419787 1.92317
9
-0.2428863 -0.2476246 1.957126
-0.3216785 -0.2626322 1.924544
-0.1548118 -0.2232094 1.915484
-0.5458785 -0.4848074 1.761738
0.1094516 -0.4458284 1.887479
-0.5061287 -0.8272327 1.779914
0.3307918 -0.7789408 1.9954
-0.5559602 -0.8578869 1.634805
0.3772706 -0.8419787 1.92317
9
-0.2863367 -0.2581326 1.99469
-0.3629116 -0.270867 1.959262
-0.1990796 -0.2358094 1.95612
-0.5916371 -0.4317558 1.728431
0.08619022 -0.4312401 1.884747
-0.477947 -0.7869623 1.793995
0.3250061 -0.7830762 1.993258
-0.5608779 -0.8303037 1.6802
0.3766867 -0.8430228 1.922472
9
-0.2863367 -0.2581326 1.99469
-0.3629116 -0.270867 1.959262
-0.1990796 -0.2358094 1.95612
-0.5916371 -0.4317558 1.728431
0.08619022 -0.4312401 1.884747
-0.477947 -0.7869623 1.793995
0.3250061 -0.7830762 1.993258
-0.5608779 -0.8303037 1.6802
0.3766867 -0.8430228 1.922472
9
-0.2787319 -0.2623534 1.996157
-0.355462 -0.2753922 1.961286
-0.1915695 -0.2396039 1.957032
-0.6167487 -0.3463437 1.717144
0.1205246 -0.3874092 1.873868
-0.4768832 -0.7793232 1.794959
0.3726018 -0.7690183 1.962203
-0.5559804 -0.8282117 1.680896
0.358068 -0.8552704 1.935395
9
-0.2787319 -0.2623534 1.996157
-0.355462 -0.2753922 1.961286
-0.1915695 -0.2396039 1.957032
-0.6167487 -0.3463437 1.717144
0.1205246 -0.3874092 1.873868
-0.4768832 -0.7793232 1.794959
0.3726018 -0.7690183 1.962203
-0.5559804 -0.8282117 1.680896
0.358068 -0.8552704 1.935395
9
-0.2718159 -0.2788315 1.956642
-0.3482228 -0.2924996 1.922125
-0.1850653 -0.2546318 1.917208
-0.638257 -0.3489243 1.715598
0.1342449 -0.3913831 1.893426
-0.4759775 -0.779841 1.79459
0.3863951 -0.7730498 1.980837
-0.5567076 -0.8295638 1.682987
0.3527713 -0.8544891 1.929153
9
-0.2718159 -0.2788315 1.956642
-0.3482228 -0.2924996 1.922125
-0.1850653 -0.2546318 1.917208
-0.638257 -0.3489243 1.715598
0.1342449 -0.3913831 1.893426
-0.4759775 -0.779841 1.79459
0.3863951 -0.7730498 1.980837
-0.5567076 -0.8295638 1.682987
0.3527713 -0.8544891 1.929153
9
-0.2718159 -0.2788315 1.956642
-0.3482228 -0.2924996 1.922125
-0.1850653 -0.2546318 1.917208
-0.638257 -0.3489243 1.715598
0.1342449 -0.3913831 1.893426
-0.4759775 -0.779841 1.79459
0.3863951 -0.7730498 1.980837
-0.5567076 -0.8295638 1.682987
0.3527713 -0.8544891 1.929153
9
-0.2718159 -0.2788315 1.956642
-0.3482228 -0.2924996 1.922125
-0.1850653 -0.2546318 1.917208
-0.638257 -0.3489243 1.715598
0.1342449 -0.3913831 1.893426
-0.4759775 -0.779841 1.79459
0.3863951 -0.7730498 1.980837
-0.5567076 -0.8295638 1.682987
0.3527713 -0.8544891 1.929153
9
-0.2958295 -0.2784188 1.950102
-0.3682906 -0.2906872 1.918252
-0.2126246 -0.2558793 1.907708
-0.6210003 -0.4499741 1.720374
0.06152967 -0.4649677 1.899522
-0.4784363 -0.7837224 1.794209
0.3545687 -0.8148909 1.991711
-0.5313141 -0.8376565 1.66224
0.3445704 -0.8694239 1.885213
9
-0.2958295 -0.2784188 1.950102
-0.3682906 -0.2906872 1.918252
-0.2126246 -0.2558793 1.907708
-0.6210003 -0.4499741 1.720374
0.06152967 -0.4649677 1.899522
-0.4784363 -0.7837224 1.794209
0.3545687 -0.8148909 1.991711
-0.5313141 -0.8376565 1.66224
0.3445704 -0.8694239 1.885213
9
-0.2958295 -0.2784188 1.950102
-0.3682906 -0.2906872 1.918252
-0.2126246 -0.2558793 1.907708
-0.6210003 -0.4499741 1.720374
0.06152967 -0.4649677 1.899522
-0.4784363 -0.7837224 1.794209
0.3545687 -0.8148909 1.991711
-0.5313141 -0.8376565 1.66224
0.3445704 -0.8694239 1.885213
9
-0.2958295 -0.2784188 1.950102
-0.3682906 -0.2906872 1.918252
-0.2126246 -0.2558793 1.907708
-0.6210003 -0.4499741 1.720374
0.06152967 -0.4649677 1.899522
-0.4784363 -0.7837224 1.794209
0.3545687 -0.8148909 1.991711
-0.5313141 -0.8376565 1.66224
0.3445704 -0.8694239 1.885213
9
-0.2958295 -0.2784188 1.950102
-0.3682906 -0.2906872 1.918252
-0.2126246 -0.2558793 1.907708
-0.6210003 -0.4499741 1.720374
0.06152967 -0.4649677 1.899522
-0.4784363 -0.7837224 1.794209
0.3545687 -0.8148909 1.991711
-0.5313141 -0.8376565 1.66224
0.3445704 -0.8694239 1.885213
9
-0.2958295 -0.2784188 1.950102
-0.3682906 -0.2906872 1.918252
-0.2126246 -0.2558793 1.907708
-0.6210003 -0.4499741 1.720374
0.06152967 -0.4649677 1.899522
-0.4784363 -0.7837224 1.794209
0.3545687 -0.8148909 1.991711
-0.5313141 -0.8376565 1.66224
0.3445704 -0.8694239 1.885213
9
-0.3012741 -0.2777049 1.950424
-0.374311 -0.2896448 1.918513
-0.2170625 -0.2554187 1.908233
-0.5846668 -0.5149624 1.740806
0.05804 -0.4630804 1.902148
-0.4746721 -0.8357319 1.801334
0.3494826 -0.8148742 1.992607
-0.5567417 -0.8527122 1.673706
0.350533 -0.865963 1.883228
9
-0.3012741 -0.2777049 1.950424
-0.374311 -0.2896448 1.918513
-0.2170625 -0.2554187 1.908233
-0.5846668 -0.5149624 1.740806
0.05804 -0.4630804 1.902148
-0.4746721 -0.8357319 1.801334
0.3494826 -0.8148742 1.992607
-0.5567417 -0.8527122 1.673706
0.350533 -0.865963 1.883228
9
-0.3012741 -0.2777049 1.950424
-0.374311 -0.2896448 1.918513
-0.2170625 -0.2554187 1.908233
-0.5846668 -0.5149624 1.740806
0.05804 -0.4630804 1.902148
-0.4746721 -0.8357319 1.801334
0.3494826 -0.8148742 1.992607
-0.5567417 -0.8527122 1.673706
0.350533 -0.865963 1.883228
