40
9
-0.1216168 -0.2006558 2.029032
-0.1907369 -0.2048159 2.017012
-0.04803206 -0.1891649 1.967082
-0.3983127 -0.4389452 1.873692
0.1437916 -0.4506118 1.992758
-0.3049648 -0.7492102 1.940658
0.4192541 -0.7543059 2.0175
-0.3107435 -0.8086135 1.896622
0.3864047 -0.7863545 1.914074
9
-0.1216168 -0.2006558 2.029032
-0.1907369 -0.2048159 2.017012
-0.04803206 -0.1891649 1.967082
-0.3983127 -0.4389452 1.873692
0.1437916 -0.4506118 1.992758
-0.3049648 -0.7492102 1.940658
0.4192541 -0.7543059 2.0175
-0.3107435 -0.8086135 1.896622
0.3864047 -0.7863545 1.914074
9
-0.1216168 -0.2006558 2.029032
-0.1907369 -0.2048159 2.017012
-0.04803206 -0.1891649 1.967082
-0.3983127 -0.4389452 1.873692
0.1437916 -0.4506118 1.992758
-0.3049648 -0.7492102 1.940658
0.4192541 -0.7543059 2.0175
-0.3107435 -0.8086135 1.896622
0.3864047 -0.7863545 1.914074
9
-0.1281739 -0.205024 2.029236
-0.1977284 -0.2094701 2.016217
-0.05400962 -0.1931702 1.968244
-0.4056844 -0.4421069 1.870786
0.1441509 -0.4506064 1.992413
-0.3067408 -0.7495944 1.941036
0.4186378 -0.7553145 2.016103
-0.3107665 -0.8092601 1.89716
0.3862981 -0.7874291 1.912556
9
-0.1281739 -0.205024 2.029236
-0.1977284 -0.2094701 2.016217
-0.05400962 -0.1931702 1.968244
-0.4056844 -0.4421069 1.870786
0.1441509 -0.4506064 1.992413
-0.3067408 -0.7495944 1.941036
0.4186378 -0.7553145 2.016103
-0.3107665 -0.8092601 1.89716
0.3862981 -0.7874291 1.912556
9
-0.1324643 -0.2076085 2.029335
-0.2020564 -0.2122582 2.01575
-0.05808329 -0.1954585 1.968921
-0.4110223 -0.4426628 1.867706
0.1472114 -0.4552014 1.994003
-0.3087202 -0.7498196 1.940965
0.4201139 -0.7586117 2.016364
-0.3116701 -0.8094998 1.896354
0.3881856 -0.7907276 1.912713
9
-0.1324643 -0.2076085 2.029335
-0.2020564 -0.2122582 2.01575
-0.05808329 -0.1954585 1.968921
-0.4110223 -0.4426628 1.867706
0.1472114 -0.4552014 1.994003
-0.3087202 -0.7498196 1.940965
0.4201139 -0.7586117 2.016364
-0.3116701 -0.8094998 1.896354
0.3881856 -0.7907276 1.912713
9
-0.1353006 -0.2094069 2.029649
-0.204955 -0.2142431 2.015497
-0.06079212 -0.197038 1.969821
-0.4154848 -0.4423271 1.865756
0.1477233 -0.457785 1.995771
-0.3116937 -0.7495601 1.940657
0.4091897 -0.7572399 2.017485
-0.3144668 -0.8097348 1.899821
0.4881721 -0.7897977 1.959279
9
-0.1353006 -0.2094069 2.029649
-0.204955 -0.2142431 2.015497
-0.06079212 -0.197038 1.969821
-0.4154848 -0.4423271 1.865756
0.1477233 -0.457785 1.995771
-0.3116937 -0.7495601 1.940657
0.4091897 -0.7572399 2.017485
-0.3144668 -0.8097348 1.899821
0.4881721 -0.7897977 1.959279
9
-0.1376192 -0.2104365 2.029959
-0.207308 -0.2154679 2.015221
-0.06306785 -0.1978649 1.970749
-0.4175018 -0.4436166 1.865111
0.1375161 -0.4571186 1.996865
-0.3121827 -0.7500601 1.940894
0.410366 -0.7596091 2.017079
-0.3152436 -0.8100668 1.898899
0.4889057 -0.7931247 1.959262
9
-0.1376192 -0.2104365 2.029959
-0.207308 -0.2154679 2.015221
-0.06306785 -0.1978649 1.970749
-0.4175018 -0.4436166 1.865111
0.1375161 -0.4571186 1.996865
-0.3121827 -0.7500601 1.940894
0.410366 -0.7596091 2.017079
-0.3152436 -0.8100668 1.898899
0.4889057 -0.7931247 1.959262
9
-0.1396317 -0.2109038 2.03028
-0.2092327 -0.2159792 2.014952
-0.06517926 -0.1982703 1.97175
-0.4187513 -0.444663 1.864762
0.1398839 -0.4583691 1.997387
-0.3131042 -0.7500845 1.940731
0.4095935 -0.7597358 2.017039
-0.3161138 -0.8100945 1.898764
0.4878102 -0.7938018 1.95912
9
-0.1396317 -0.2109038 2.03028
-0.2092327 -0.2159792 2.014952
-0.06517926 -0.1982703 1.97175
-0.4187513 -0.444663 1.864762
0.1398839 -0.4583691 1.997387
-0.3131042 -0.7500845 1.940731
0.4095935 -0.7597358 2.017039
-0.3161138 -0.8100945 1.898764
0.4878102 -0.7938018 1.95912
9
-0.1398551 -0.2107948 2.030462
-0.2094015 -0.2159294 2.015009
-0.06542894 -0.1980691 1.972113
-0.4191735 -0.444366 1.864793
0.1416009 -0.4594102 1.997934
-0.3132225 -0.7502735 1.940868
0.3998252 -0.7548731 2.016958
-0.3178928 -0.8104756 1.903738
0.4784606 -0.7896363 1.961227
9
-0.1398551 -0.2107948 2.030462
-0.2094015 -0.2159294 2.015009
-0.06542894 -0.1980691 1.972113
-0.4191735 -0.444366 1.864793
0.1416009 -0.4594102 1.997934
-0.3132225 -0.7502735 1.940868
0.3998252 -0.7548731 2.016958
-0.3178928 -0.8104756 1.903738
0.4784606 -0.7896363 1.961227
9
-0.1403279 -0.209935 2.030756
-0.2099138 -0.2151456 2.015241
-0.06579986 -0.1971524 1.972456
-0.4189866 -0.4441992 1.864962
0.1330867 -0.4558427 1.996392
-0.3147063 -0.7495517 1.940836
0.3999091 -0.7549675 2.016898
-0.3176202 -0.810035 1.90491
0.4784645 -0.7898304 1.961075
9
-0.1403279 -0.209935 2.030756
-0.2099138 -0.2151456 2.015241
-0.06579986 -0.1971524 1.972456
-0.4189866 -0.4441992 1.864962
0.1330867 -0.4558427 1.996392
-0.3147063 -0.7495517 1.940836
0.3999091 -0.7549675 2.016898
-0.3176202 -0.810035 1.90491
0.4784645 -0.7898304 1.961075
9
-0.1399261 -0.2085039 2.03122
-0.2095661 -0.2137989 2.015616
-0.06530585 -0.1956547 1.972999
-0.4168812 -0.4455149 1.867567
0.1387856 -0.4573594 1.997328
-0.3152301 -0.7494612 1.941142
0.3994012 -0.754539 2.01689
-0.317416 -0.8100091 1.90471
0.4777766 -0.7898711 1.961329
9
-0.1399261 -0.2085039 2.03122
-0.2095661 -0.2137989 2.015616
-0.06530585 -0.1956547 1.972999
-0.4168812 -0.4455149 1.867567
0.1387856 -0.4573594 1.997328
-0.3152301 -0.7494612 1.941142
0.3994012 -0.754539 2.01689
-0.317416 -0.8100091 1.90471
0.4777766 -0.7898711 1.961329
9
-0.1362842 -0.2040345 2.032803
-0.2064574 -0.2095705 2.017267
-0.06112766 -0.1910448 1.974464
-0.4128845 -0.4426458 1.870148
0.1434127 -0.4551983 1.997913
-0.3159283 -0.7489124 1.941799
0.4013236 -0.7565429 2.016855
-0.317903 -0.8094154 1.903818
0.4801104 -0.7908999 1.960974
9
-0.1362842 -0.2040345 2.032803
-0.2064574 -0.2095705 2.017267
-0.06112766 -0.1910448 1.974464
-0.4128845 -0.4426458 1.870148
0.1434127 -0.4551983 1.997913
-0.3159283 -0.7489124 1.941799
0.4013236 -0.7565429 2.016855
-0.317903 -0.8094154 1.903818
0.4801104 -0.7908999 1.960974
9
-0.1311531 -0.1991499 2.033769
-0.2019808 -0.204269 2.01802
-0.05542659 -0.1867085 1.975605
-0.405108 -0.4421714 1.874918
0.1462812 -0.4539843 1.998224
-0.3160031 -0.7497015 1.942312
0.4071627 -0.7583159 2.01578
-0.3176239 -0.810111 1.902699
0.3771545 -0.7901969 1.911373
9
-0.1311531 -0.1991499 2.033769
-0.2019808 -0.204269 2.01802
-0.05542659 -0.1867085 1.975605
-0.405108 -0.4421714 1.874918
0.1462812 -0.4539843 1.998224
-0.3160031 -0.7497015 1.942312
0.4071627 -0.7583159 2.01578
-0.3176239 -0.810111 1.902699
0.3771545 -0.7901969 1.911373
9
-0.1224415 -0.1921777 2.035028
-0.1940666 -0.1975525 2.019725
-0.0462306 -0.1797683 1.976322
-0.3958252 -0.4382369 1.87985
0.1497879 -0.4513367 1.999089
-0.3156205 -0.7496483 1.942778
0.4187185 -0.7603725 2.015268
-0.3178926 -0.8098416 1.901599
0.3883947 -0.7920118 1.91082
9
-0.1224415 -0.1921777 2.035028
-0.1940666 -0.1975525 2.019725
-0.0462306 -0.1797683 1.976322
-0.3958252 -0.4382369 1.87985
0.1497879 -0.4513367 1.999089
-0.3156205 -0.7496483 1.942778
0.4187185 -0.7603725 2.015268
-0.3178926 -0.8098416 1.901599
0.3883947 -0.7920118 1.91082
9
-0.1112577 -0.1855388 2.035648
-0.1837204 -0.1910429 2.020241
-0.03463563 -0.1732727 1.976996
-0.3829169 -0.4371147 1.888017
0.1551874 -0.447407 2.000198
-0.3145796 -0.7499957 1.943757
0.4216116 -0.7598292 2.015613
-0.3177926 -0.80981 1.900308
0.3910287 -0.7913842 1.91118
9
-0.1112577 -0.1855388 2.035648
-0.1837204 -0.1910429 2.020241
-0.03463563 -0.1732727 1.976996
-0.3829169 -0.4371147 1.888017
0.1551874 -0.447407 2.000198
-0.3145796 -0.7499957 1.943757
0.4216116 -0.7598292 2.015613
-0.3177926 -0.80981 1.900308
0.3910287 -0.7913842 1.91118
9
-0.09880562 -0.178216 2.036903
-0.1709902 -0.1833941 2.022237
-0.02289484 -0.1665181 1.977499
-0.3694934 -0.4321307 1.894903
0.161227 -0.4418525 2.000592
-0.3131914 -0.7494858 1.944639
0.4236963 -0.7577026 2.016835
-0.3174868 -0.8090109 1.900032
0.3926952 -0.7892012 1.912463
9
-0.09880562 -0.178216 2.036903
-0.1709902 -0.1833941 2.022237
-0.02289484 -0.1665181 1.977499
-0.3694934 -0.4321307 1.894903
0.161227 -0.4418525 2.000592
-0.3131914 -0.7494858 1.944639
0.4236963 -0.7577026 2.016835
-0.3174868 -0.8090109 1.900032
0.3926952 -0.7892012 1.912463
9
-0.09880562 -0.178216 2.036903
-0.1709902 -0.1833941 2.022237
-0.02289484 -0.1665181 1.977499
-0.3694934 -0.4321307 1.894903
0.161227 -0.4418525 2.000592
-0.3131914 -0.7494858 1.944639
0.4236963 -0.7577026 2.016835
-0.3174868 -0.8090109 1.900032
0.3926952 -0.7892012 1.912463
9
-0.09880562 -0.178216 2.036903
-0.1709902 -0.1833941 2.022237
-0.02289484 -0.1665181 1.977499
-0.3694934 -0.4321307 1.894903
0.161227 -0.4418525 2.000592
-0.3131914 -0.7494858 1.944639
0.4236963 -0.7577026 2.016835
-0.3174868 -0.8090109 1.900032
0.3926952 -0.7892012 1.912463
9
-0.07035848 -0.162624 2.042782
-0.1450764 -0.1673149 2.027703
0.007113466 -0.1520428 1.983678
-0.334993 -0.4245766 1.903923
0.1814565 -0.4361866 2.002199
-0.3108926 -0.747717 1.945607
0.4285418 -0.7563533 2.020133
-0.3300211 -0.7779778 1.840686
0.3969927 -0.7870091 1.915382
9
-0.07035848 -0.162624 2.042782
-0.1450764 -0.1673149 2.027703
0.007113466 -0.1520428 1.983678
-0.334993 -0.4245766 1.903923
0.1814565 -0.4361866 2.002199
-0.3108926 -0.747717 1.945607
0.4285418 -0.7563533 2.020133
-0.3300211 -0.7779778 1.840686
0.3969927 -0.7870091 1.915382
9
-0.06092203 -0.1567483 2.043005
-0.1349513 -0.1606751 2.028864
0.01554535 -0.1470537 1.983021
-0.3232562 -0.4202521 1.907788
0.1886468 -0.4336956 2.003304
-0.309201 -0.7459468 1.946275
0.4331287 -0.7547106 2.02368
-0.3286121 -0.7762116 1.841412
0.4012616 -0.7853889 1.918998
9
-0.06092203 -0.1567483 2.043005
-0.1349513 -0.1606751 2.028864
0.01554535 -0.1470537 1.983021
-0.3232562 -0.4202521 1.907788
0.1886468 -0.4336956 2.003304
-0.309201 -0.7459468 1.946275
0.4331287 -0.7547106 2.02368
-0.3286121 -0.7762116 1.841412
0.4012616 -0.7853889 1.918998
9
-0.03967053 -0.1465301 2.042432
-0.1138012 -0.1503541 2.028522
0.03595411 -0.1373849 1.982105
-0.3061981 -0.4091774 1.913271
0.1972774 -0.4237059 2.003726
-0.3079102 -0.7436264 1.946589
0.4352501 -0.7528117 2.025127
-0.3278155 -0.7734495 1.841588
0.4028779 -0.7830503 1.920317
9
-0.03967053 -0.1465301 2.042432
-0.1138012 -0.1503541 2.028522
0.03595411 -0.1373849 1.982105
-0.3061981 -0.4091774 1.913271
0.1972774 -0.4237059 2.003726
-0.3079102 -0.7436264 1.946589
0.4352501 -0.7528117 2.025127
-0.3278155 -0.7734495 1.841588
0.4028779 -0.7830503 1.920317
9
-0.02647439 -0.1388725 2.043449
-0.100883 -0.1424382 2.029835
0.04899381 -0.1302373 1.982778
-0.2875902 -0.4066792 1.918006
0.2071475 -0.4180943 2.006724
-0.3053682 -0.7401305 1.947784
0.4385259 -0.7527528 2.026245
-0.3250473 -0.769593 1.842413
0.4063738 -0.7825839 1.9211
9
-0.02647439 -0.1388725 2.043449
-0.100883 -0.1424382 2.029835
0.04899381 -0.1302373 1.982778
-0.2875902 -0.4066792 1.918006
0.2071475 -0.4180943 2.006724
-0.3053682 -0.7401305 1.947784
0.4385259 -0.7527528 2.026245
-0.3250473 -0.769593 1.842413
0.4063738 -0.7825839 1.9211
9
-0.02647439 -0.1388725 2.043449
-0.100883 -0.1424382 2.029835
0.04899381 -0.1302373 1.982778
-0.2875902 -0.4066792 1.918006
0.2071475 -0.4180943 2.006724
-0.3053682 -0.7401305 1.947784
0.4385259 -0.7527528 2.026245
-0.3250473 -0.769593 1.842413
0.4063738 -0.7825839 1.9211
