40
9
-0.1586223 -0.199436 2.039483
-0.236644 -0.2170066 2.020509
-0.07477038 -0.1745498 1.983842
-0.4773273 -0.420455 1.853035
0.1368535 -0.4441674 1.96399
-0.4672211 -0.7857243 1.885509
0.3315728 -0.7836736 2.013124
-0.5372586 -0.8334787 1.848061
0.3739842 -0.8401268 1.926742
9
-0.19255 -0.2158531 2.036787
-0.2709441 -0.2313047 2.016373
-0.1071476 -0.1925363 1.982749
-0.5057884 -0.4362118 1.842227
0.1225374 -0.4473292 1.964929
-0.4725737 -0.7866756 1.880643
0.3289706 -0.7860405 2.011217
-0.5222901 -0.8353193 1.743374
0.3746658 -0.8412813 1.926397
9
-0.19255 -0.2158531 2.036787
-0.2709441 -0.2313047 2.016373
-0.1071476 -0.1925363 1.982749
-0.5057884 -0.4362118 1.842227
0.1225374 -0.4473292 1.964929
-0.4725737 -0.7866756 1.880643
0.3289706 -0.7860405 2.011217
-0.5222901 -0.8353193 1.743374
0.3746658 -0.8412813 1.926397
9
-0.19255 -0.2158531 2.036787
-0.2709441 -0.2313047 2.016373
-0.1071476 -0.1925363 1.982749
-0.5057884 -0.4362118 1.842227
0.1225374 -0.4473292 1.964929
-0.4725737 -0.7866756 1.880643
0.3289706 -0.7860405 2.011217
-0.5222901 -0.8353193 1.743374
0.3746658 -0.8412813 1.926397
9
-0.19255 -0.2158531 2.036787
-0.2709441 -0.2313047 2.016373
-0.1071476 -0.1925363 1.982749
-0.5057884 -0.4362118 1.842227
0.1225374 -0.4473292 1.964929
-0.4725737 -0.7866756 1.880643
0.3289706 -0.7860405 2.011217
-0.5222901 -0.8353193 1.743374
0.3746658 -0.8412813 1.926397
9
-0.19255 -0.2158531 2.036787
-0.2709441 -0.2313047 2.016373
-0.1071476 -0.1925363 1.982749
-0.5057884 -0.4362118 1.842227
0.1225374 -0.4473292 1.964929
-0.4725737 -0.7866756 1.880643
0.3289706 -0.7860405 2.011217
-0.5222901 -0.8353193 1.743374
0.3746658 -0.8412813 1.926397
9
-0.2627364 -0.2381755 2.033521
-0.3407963 -0.2489662 2.01178
-0.1750062 -0.2186942 1.981206
-0.5712104 -0.4537057 1.832845
0.07861883 -0.4508012 1.968101
-0.4815683 -0.7901962 1.875039
0.3261732 -0.789852 2.010912
-0.5382251 -0.8362383 1.740585
0.3732627 -0.8458733 1.92867
9
-0.2682342 -0.2385103 2.063702
-0.3461047 -0.2499892 2.034576
-0.1805128 -0.2182594 2.019884
-0.5685084 -0.447206 1.833277
0.07319245 -0.4519883 1.965224
-0.4876866 -0.7910842 1.873115
0.320413 -0.7906099 2.010698
-0.585146 -0.8380528 1.783618
0.3722616 -0.8434384 1.929302
9
-0.2682342 -0.2385103 2.063702
-0.3461047 -0.2499892 2.034576
-0.1805128 -0.2182594 2.019884
-0.5685084 -0.447206 1.833277
0.07319245 -0.4519883 1.965224
-0.4876866 -0.7910842 1.873115
0.320413 -0.7906099 2.010698
-0.585146 -0.8380528 1.783618
0.3722616 -0.8434384 1.929302
9
-0.3033947 -0.2717636 2.075652
-0.3755468 -0.2777588 2.048288
-0.2193747 -0.2551546 2.028574
-0.6371694 -0.3723054 1.816414
0.09069569 -0.4061969 1.947049
-0.4908283 -0.7874054 1.872057
0.3659614 -0.7773858 1.987096
-0.6008829 -0.8362964 1.851144
0.3658961 -0.8611836 1.931585
9
-0.3033947 -0.2717636 2.075652
-0.3755468 -0.2777588 2.048288
-0.2193747 -0.2551546 2.028574
-0.6371694 -0.3723054 1.816414
0.09069569 -0.4061969 1.947049
-0.4908283 -0.7874054 1.872057
0.3659614 -0.7773858 1.987096
-0.6008829 -0.8362964 1.851144
0.3658961 -0.8611836 1.931585
9
-0.3033947 -0.2717636 2.075652
-0.3755468 -0.2777588 2.048288
-0.2193747 -0.2551546 2.028574
-0.6371694 -0.3723054 1.816414
0.09069569 -0.4061969 1.947049
-0.4908283 -0.7874054 1.872057
0.3659614 -0.7773858 1.987096
-0.6008829 -0.8362964 1.851144
0.3658961 -0.8611836 1.931585
9
-0.3033947 -0.2717636 2.075652
-0.3755468 -0.2777588 2.048288
-0.2193747 -0.2551546 2.028574
-0.6371694 -0.3723054 1.816414
0.09069569 -0.4061969 1.947049
-0.4908283 -0.7874054 1.872057
0.3659614 -0.7773858 1.987096
-0.6008829 -0.8362964 1.851144
0.3658961 -0.8611836 1.931585
9
-0.3261351 -0.2984724 2.030591
-0.3988545 -0.306532 2.006762
-0.2415281 -0.2796049 1.980986
-0.6846789 -0.3787592 1.802537
0.08543634 -0.3965666 1.966842
-0.4933783 -0.7791494 1.872339
0.3642708 -0.7653642 2.005818
-0.5898569 -0.8389974 1.798357
0.3634568 -0.8444414 1.934236
9
-0.3261351 -0.2984724 2.030591
-0.3988545 -0.306532 2.006762
-0.2415281 -0.2796049 1.980986
-0.6846789 -0.3787592 1.802537
0.08543634 -0.3965666 1.966842
-0.4933783 -0.7791494 1.872339
0.3642708 -0.7653642 2.005818
-0.5898569 -0.8389974 1.798357
0.3634568 -0.8444414 1.934236
9
-0.3261351 -0.2984724 2.030591
-0.3988545 -0.306532 2.006762
-0.2415281 -0.2796049 1.980986
-0.6846789 -0.3787592 1.802537
0.08543634 -0.3965666 1.966842
-0.4933783 -0.7791494 1.872339
0.3642708 -0.7653642 2.005818
-0.5898569 -0.8389974 1.798357
0.3634568 -0.8444414 1.934236
9
-0.3261351 -0.2984724 2.030591
-0.3988545 -0.306532 2.006762
-0.2415281 -0.2796049 1.980986
-0.6846789 -0.3787592 1.802537
0.08543634 -0.3965666 1.966842
-0.4933783 -0.7791494 1.872339
0.3642708 -0.7653642 2.005818
-0.5898569 -0.8389974 1.798357
0.3634568 -0.8444414 1.934236
9
-0.3261351 -0.2984724 2.030591
-0.3988545 -0.306532 2.006762
-0.2415281 -0.2796049 1.980986
-0.6846789 -0.3787592 1.802537
0.08543634 -0.3965666 1.966842
-0.4933783 -0.7791494 1.872339
0.3642708 -0.7653642 2.005818
-0.5898569 -0.8389974 1.798357
0.3634568 -0.8444414 1.934236
9
-0.3261351 -0.2984724 2.030591
-0.3988545 -0.306532 2.006762
-0.2415281 -0.2796049 1.980986
-0.6846789 -0.3787592 1.802537
0.08543634 -0.3965666 1.966842
-0.4933783 -0.7791494 1.872339
0.3642708 -0.7653642 2.005818
-0.5898569 -0.8389974 1.798357
0.3634568 -0.8444414 1.934236
9
-0.3478265 -0.3006001 2.022767
-0.4170612 -0.3084995 2.004173
-0.2669539 -0.2818509 1.966642
-0.6726169 -0.4586191 1.804888
0.008901992 -0.4888131 1.95725
-0.4959163 -0.7794508 1.870145
0.3396599 -0.810878 2.002962
-0.6070449 -0.8261499 1.849175
0.3787346 -0.866221 1.913221
9
-0.3478265 -0.3006001 2.022767
-0.4170612 -0.3084995 2.004173
-0.2669539 -0.2818509 1.966642
-0.6726169 -0.4586191 1.804888
0.008901992 -0.4888131 1.95725
-0.4959163 -0.7794508 1.870145
0.3396599 -0.810878 2.002962
-0.6070449 -0.8261499 1.849175
0.3787346 -0.866221 1.913221
9
-0.3478265 -0.3006001 2.022767
-0.4170612 -0.3084995 2.004173
-0.2669539 -0.2818509 1.966642
-0.6726169 -0.4586191 1.804888
0.008901992 -0.4888131 1.95725
-0.4959163 -0.7794508 1.870145
0.3396599 -0.810878 2.002962
-0.6070449 -0.8261499 1.849175
0.3787346 -0.866221 1.913221
9
-0.3478265 -0.3006001 2.022767
-0.4170612 -0.3084995 2.004173
-0.2669539 -0.2818509 1.966642
-0.6726169 -0.4586191 1.804888
0.008901992 -0.4888131 1.95725
-0.4959163 -0.7794508 1.870145
0.3396599 -0.810878 2.002962
-0.6070449 -0.8261499 1.849175
0.3787346 -0.866221 1.913221
9
-0.3601547 -0.3035742 2.020079
-0.429948 -0.3114052 2.002511
-0.2772685 -0.2846181 1.963907
-0.6783593 -0.4703243 1.800981
0.006281228 -0.4802627 1.962226
-0.5014634 -0.7797491 1.867602
0.3289196 -0.8108675 2.006107
-0.6055508 -0.8172405 1.887517
0.3784305 -0.8593156 1.917422
9
-0.3601547 -0.3035742 2.020079
-0.429948 -0.3114052 2.002511
-0.2772685 -0.2846181 1.963907
-0.6783593 -0.4703243 1.800981
0.006281228 -0.4802627 1.962226
-0.5014634 -0.7797491 1.867602
0.3289196 -0.8108675 2.006107
-0.6055508 -0.8172405 1.887517
0.3784305 -0.8593156 1.917422
9
-0.3601547 -0.3035742 2.020079
-0.429948 -0.3114052 2.002511
-0.2772685 -0.2846181 1.963907
-0.6783593 -0.4703243 1.800981
0.006281228 -0.4802627 1.962226
-0.5014634 -0.7797491 1.867602
0.3289196 -0.8108675 2.006107
-0.6055508 -0.8172405 1.887517
0.3784305 -0.8593156 1.917422
9
-0.3601547 -0.3035742 2.020079
-0.429948 -0.3114052 2.002511
-0.2772685 -0.2846181 1.963907
-0.6783593 -0.4703243 1.800981
0.006281228 -0.4802627 1.962226
-0.5014634 -0.7797491 1.867602
0.3289196 -0.8108675 2.006107
-0.6055508 -0.8172405 1.887517
0.3784305 -0.8593156 1.917422
9
-0.3601547 -0.3035742 2.020079
-0.429948 -0.3114052 2.002511
-0.2772685 -0.2846181 1.963907
-0.6783593 -0.4703243 1.800981
0.006281228 -0.4802627 1.962226
-0.5014634 -0.7797491 1.867602
0.3289196 -0.8108675 2.006107
-0.6055508 -0.8172405 1.887517
0.3784305 -0.8593156 1.917422
9
-0.3601547 -0.3035742 2.020079
-0.429948 -0.3114052 2.002511
-0.2772685 -0.2846181 1.963907
-0.6783593 -0.4703243 1.800981
0.006281228 -0.4802627 1.962226
-0.5014634 -0.7797491 1.867602
0.3289196 -0.8108675 2.006107
-0.6055508 -0.8172405 1.887517
0.3784305 -0.8593156 1.917422
9
-0.3601547 -0.3035742 2.020079
-0.429948 -0.3114052 2.002511
-0.2772685 -0.2846181 1.963907
-0.6783593 -0.4703243 1.800981
0.006281228 -0.4802627 1.962226
-0.5014634 -0.7797491 1.867602
0.3289196 -0.8108675 2.006107
-0.6055508 -0.8172405 1.887517
0.3784305 -0.8593156 1.917422
9
-0.3601547 -0.3035742 2.020079
-0.429948 -0.3114052 2.002511
-0.2772685 -0.2846181 1.963907
-0.6783593 -0.4703243 1.800981
0.006281228 -0.4802627 1.962226
-0.5014634 -0.7797491 1.867602
0.3289196 -0.8108675 2.006107
-0.6055508 -0.8172405 1.887517
0.3784305 -0.8593156 1.917422
9
-0.3563658 -0.3012568 2.019193
-0.4267477 -0.3095898 2.001945
-0.2729837 -0.2818753 1.962806
-0.6760526 -0.4675761 1.800734
0.008841587 -0.4782544 1.96794
-0.5011647 -0.7799411 1.867342
0.3019471 -0.8005773 2.002954
-0.5913086 -0.8408203 1.857422
0.3672682 -0.8454052 1.929854
9
-0.3563658 -0.3012568 2.019193
-0.4267477 -0.3095898 2.001945
-0.2729837 -0.2818753 1.962806
-0.6760526 -0.4675761 1.800734
0.008841587 -0.4782544 1.96794
-0.5011647 -0.7799411 1.867342
0.3019471 -0.8005773 2.002954
-0.5913086 -0.8408203 1.857422
0.3672682 -0.8454052 1.929854
9
-0.3563658 -0.3012568 2.019193
-0.4267477 -0.3095898 2.001945
-0.2729837 -0.2818753 1.962806
-0.6760526 -0.4675761 1.800734
0.008841587 -0.4782544 1.96794
-0.5011647 -0.7799411 1.867342
0.3019471 -0.8005773 2.002954
-0.5913086 -0.8408203 1.857422
0.3672682 -0.8454052 1.929854
9
-0.3563658 -0.3012568 2.019193
-0.4267477 -0.3095898 2.001945
-0.2729837 -0.2818753 1.962806
-0.6760526 -0.4675761 1.800734
0.008841587 -0.4782544 1.96794
-0.5011647 -0.7799411 1.867342
0.3019471 -0.8005773 2.002954
-0.5913086 -0.8408203 1.857422
0.3672682 -0.8454052 1.929854
9
-0.3563658 -0.3012568 2.019193
-0.4267477 -0.3095898 2.001945
-0.2729837 -0.2818753 1.962806
-0.6760526 -0.4675761 1.800734
0.008841587 -0.4782544 1.96794
-0.5011647 -0.7799411 1.867342
0.3019471 -0.8005773 2.002954
-0.5913086 -0.8408203 1.857422
0.3672682 -0.8454052 1.929854
9
-0.3563658 -0.3012568 2.019193
-0.4267477 -0.3095898 2.001945
-0.2729837 -0.2818753 1.962806
-0.6760526 -0.4675761 1.800734
0.008841587 -0.4782544 1.96794
-0.5011647 -0.7799411 1.867342
0.3019471 -0.8005773 2.002954
-0.5913086 -0.8408203 1.857422
0.3672682 -0.8454052 1.929854
9
-0.3134295 -0.271632 2.022762
-0.38385 -0.2821231 2.006277
-0.2314468 -0.2511955 1.965633
-0.6354558 -0.451329 1.818922
0.03225503 -0.4700211 1.969486
-0.5011439 -0.7805617 1.867044
0.3010428 -0.7983122 2.00396
-0.5832955 -0.8350585 1.762067
0.3735693 -0.8435153 1.926031
9
-0.3096319 -0.2691708 2.023422
-0.3804553 -0.2798737 2.006475
-0.22736 -0.2486039 1.966768
-0.6276625 -0.4541649 1.817399
0.04073609 -0.4624636 1.969491
-0.5001577 -0.7801185 1.867794
0.3001902 -0.7929556 2.005436
-0.6071812 -0.8314716 1.857087
0.3712756 -0.8423704 1.927653
9
-0.3096319 -0.2691708 2.023422
-0.3804553 -0.2798737 2.006475
-0.22736 -0.2486039 1.966768
-0.6276625 -0.4541649 1.817399
0.04073609 -0.4624636 1.969491
-0.5001577 -0.7801185 1.867794
0.3001902 -0.7929556 2.005436
-0.6071812 -0.8314716 1.857087
0.3712756 -0.8423704 1.927653
