40
9
-0.01540073 -0.1534508 2.034121
-0.09017745 -0.1581523 2.015459
0.05996004 -0.1431675 1.978302
-0.2917748 -0.4270836 1.941161
0.2196778 -0.4401267 1.908989
-0.296133 -0.7449956 1.963825
0.4638837 -0.7637709 1.964208
-0.3281038 -0.7981715 1.91735
0.4350844 -0.7946497 1.857595
9
-0.01540073 -0.1534508 2.034121
-0.09017745 -0.1581523 2.015459
0.05996004 -0.1431675 1.978302
-0.2917748 -0.4270836 1.941161
0.2196778 -0.4401267 1.908989
-0.296133 -0.7449956 1.963825
0.4638837 -0.7637709 1.964208
-0.3281038 -0.7981715 1.91735
0.4350844 -0.7946497 1.857595
9
-0.01540073 -0.1534508 2.034121
-0.09017745 -0.1581523 2.015459
0.05996004 -0.1431675 1.978302
-0.2917748 -0.4270836 1.941161
0.2196778 -0.4401267 1.908989
-0.296133 -0.7449956 1.963825
0.4638837 -0.7637709 1.964208
-0.3281038 -0.7981715 1.91735
0.4350844 -0.7946497 1.857595
9
-0.01540073 -0.1534508 2.034121
-0.09017745 -0.1581523 2.015459
0.05996004 -0.1431675 1.978302
-0.2917748 -0.4270836 1.941161
0.2196778 -0.4401267 1.908989
-0.296133 -0.7449956 1.963825
0.4638837 -0.7637709 1.964208
-0.3281038 -0.7981715 1.91735
0.4350844 -0.7946497 1.857595
9
-0.04206568 -0.1632236 2.038241
-0.1180867 -0.1692484 2.01771
0.03535473 -0.1513654 1.984248
-0.3235278 -0.4333426 1.934339
0.1835362 -0.4545807 1.918517
-0.3019733 -0.7460325 1.959537
0.4469335 -0.7652402 1.963638
-0.3310394 -0.8025005 1.917867
0.4188635 -0.7969773 1.85741
9
-0.07622284 -0.1768229 2.044691
-0.1477033 -0.1811815 2.022839
-0.002012665 -0.1660618 1.992288
-0.3504448 -0.4448376 1.929164
0.1711453 -0.4557443 1.923849
-0.304996 -0.748036 1.957837
0.4389618 -0.763668 1.964083
-0.3306059 -0.8039383 1.918409
0.4121325 -0.79568 1.857689
9
-0.07622284 -0.1768229 2.044691
-0.1477033 -0.1811815 2.022839
-0.002012665 -0.1660618 1.992288
-0.3504448 -0.4448376 1.929164
0.1711453 -0.4557443 1.923849
-0.304996 -0.748036 1.957837
0.4389618 -0.763668 1.964083
-0.3306059 -0.8039383 1.918409
0.4121325 -0.79568 1.857689
9
-0.09115648 -0.1835745 2.048047
-0.1645252 -0.1892612 2.026696
-0.01456402 -0.1713506 1.995165
-0.3688555 -0.4496883 1.925607
0.1559389 -0.4630333 1.932315
-0.3096399 -0.7487475 1.955135
0.4273998 -0.7687176 1.967583
-0.3287395 -0.8065317 1.9179
0.4010809 -0.8017052 1.861757
9
-0.09115648 -0.1835745 2.048047
-0.1645252 -0.1892612 2.026696
-0.01456402 -0.1713506 1.995165
-0.3688555 -0.4496883 1.925607
0.1559389 -0.4630333 1.932315
-0.3096399 -0.7487475 1.955135
0.4273998 -0.7687176 1.967583
-0.3287395 -0.8065317 1.9179
0.4010809 -0.8017052 1.861757
9
-0.1119656 -0.1932017 2.053268
-0.1831951 -0.1989248 2.031161
-0.03666743 -0.1804553 2.001196
-0.3876511 -0.4568331 1.922164
0.1489296 -0.4631714 1.941066
-0.3108296 -0.7501947 1.954615
0.4204223 -0.7697253 1.971093
-0.3286455 -0.8084455 1.922953
0.3944989 -0.8031688 1.865466
9
-0.128659 -0.1993765 2.059391
-0.2008457 -0.2055929 2.036995
-0.05183981 -0.1859846 2.007609
-0.402073 -0.463442 1.920041
0.1426499 -0.4629563 1.949398
-0.3126471 -0.7501929 1.954585
0.4132527 -0.7708148 1.976154
-0.329201 -0.8088529 1.922322
0.4828004 -0.7972486 1.928734
9
-0.128659 -0.1993765 2.059391
-0.2008457 -0.2055929 2.036995
-0.05183981 -0.1859846 2.007609
-0.402073 -0.463442 1.920041
0.1426499 -0.4629563 1.949398
-0.3126471 -0.7501929 1.954585
0.4132527 -0.7708148 1.976154
-0.329201 -0.8088529 1.922322
0.4828004 -0.7972486 1.928734
9
-0.128659 -0.1993765 2.059391
-0.2008457 -0.2055929 2.036995
-0.05183981 -0.1859846 2.007609
-0.402073 -0.463442 1.920041
0.1426499 -0.4629563 1.949398
-0.3126471 -0.7501929 1.954585
0.4132527 -0.7708148 1.976154
-0.329201 -0.8088529 1.922322
0.4828004 -0.7972486 1.928734
9
-0.1399499 -0.2036249 2.0628
-0.2116335 -0.2106226 2.040176
-0.06324146 -0.1893181 2.011303
-0.415997 -0.4660542 1.92451
0.13534 -0.4637598 1.958938
-0.3155661 -0.7512959 1.954787
0.4084133 -0.7704051 1.978698
-0.3299616 -0.8105625 1.922395
0.4810111 -0.7984061 1.926221
9
-0.1399499 -0.2036249 2.0628
-0.2116335 -0.2106226 2.040176
-0.06324146 -0.1893181 2.011303
-0.415997 -0.4660542 1.92451
0.13534 -0.4637598 1.958938
-0.3155661 -0.7512959 1.954787
0.4084133 -0.7704051 1.978698
-0.3299616 -0.8105625 1.922395
0.4810111 -0.7984061 1.926221
9
-0.1399499 -0.2036249 2.0628
-0.2116335 -0.2106226 2.040176
-0.06324146 -0.1893181 2.011303
-0.415997 -0.4660542 1.92451
0.13534 -0.4637598 1.958938
-0.3155661 -0.7512959 1.954787
0.4084133 -0.7704051 1.978698
-0.3299616 -0.8105625 1.922395
0.4810111 -0.7984061 1.926221
9
-0.1595307 -0.208355 2.069936
-0.2311773 -0.2152174 2.049231
-0.08220546 -0.1940474 2.016691
-0.4306943 -0.4714685 1.924969
0.1235133 -0.463585 1.975965
-0.3172356 -0.7523513 1.956214
0.3977593 -0.770367 1.984833
-0.335479 -0.8102347 1.917121
0.4739718 -0.7981751 1.921157
9
-0.1595307 -0.208355 2.069936
-0.2311773 -0.2152174 2.049231
-0.08220546 -0.1940474 2.016691
-0.4306943 -0.4714685 1.924969
0.1235133 -0.463585 1.975965
-0.3172356 -0.7523513 1.956214
0.3977593 -0.770367 1.984833
-0.335479 -0.8102347 1.917121
0.4739718 -0.7981751 1.921157
9
-0.1595307 -0.208355 2.069936
-0.2311773 -0.2152174 2.049231
-0.08220546 -0.1940474 2.016691
-0.4306943 -0.4714685 1.924969
0.1235133 -0.463585 1.975965
-0.3172356 -0.7523513 1.956214
0.3977593 -0.770367 1.984833
-0.335479 -0.8102347 1.917121
0.4739718 -0.7981751 1.921157
9
-0.1595307 -0.208355 2.069936
-0.2311773 -0.2152174 2.049231
-0.08220546 -0.1940474 2.016691
-0.4306943 -0.4714685 1.924969
0.1235133 -0.463585 1.975965
-0.3172356 -0.7523513 1.956214
0.3977593 -0.770367 1.984833
-0.335479 -0.8102347 1.917121
0.4739718 -0.7981751 1.921157
9
-0.1595307 -0.208355 2.069936
-0.2311773 -0.2152174 2.049231
-0.08220546 -0.1940474 2.016691
-0.4306943 -0.4714685 1.924969
0.1235133 -0.463585 1.975965
-0.3172356 -0.7523513 1.956214
0.3977593 -0.770367 1.984833
-0.335479 -0.8102347 1.917121
0.4739718 -0.7981751 1.921157
9
-0.1595307 -0.208355 2.069936
-0.2311773 -0.2152174 2.049231
-0.08220546 -0.1940474 2.016691
-0.4306943 -0.4714685 1.924969
0.1235133 -0.463585 1.975965
-0.3172356 -0.7523513 1.956214
0.3977593 -0.770367 1.984833
-0.335479 -0.8102347 1.917121
0.4739718 -0.7981751 1.921157
9
-0.1699341 -0.2063073 2.078038
-0.2407711 -0.2140479 2.057334
-0.09302016 -0.191185 2.024737
-0.4381731 -0.4712941 1.931491
0.1134003 -0.4604009 1.984597
-0.3185313 -0.7541569 1.958463
0.3818807 -0.7726677 1.988263
-0.3370028 -0.8116536 1.916325
0.4608491 -0.7962816 1.914502
9
-0.1699341 -0.2063073 2.078038
-0.2407711 -0.2140479 2.057334
-0.09302016 -0.191185 2.024737
-0.4381731 -0.4712941 1.931491
0.1134003 -0.4604009 1.984597
-0.3185313 -0.7541569 1.958463
0.3818807 -0.7726677 1.988263
-0.3370028 -0.8116536 1.916325
0.4608491 -0.7962816 1.914502
9
-0.1700372 -0.2052767 2.079298
-0.2407769 -0.2135181 2.058545
-0.09323733 -0.189545 2.026084
-0.4397716 -0.4703316 1.935204
0.1112144 -0.4602299 1.987455
-0.3193581 -0.7540544 1.959846
0.3786599 -0.7735165 1.989033
-0.3373406 -0.8114814 1.915816
0.4567868 -0.7964118 1.912775
9
-0.1700372 -0.2052767 2.079298
-0.2407769 -0.2135181 2.058545
-0.09323733 -0.189545 2.026084
-0.4397716 -0.4703316 1.935204
0.1112144 -0.4602299 1.987455
-0.3193581 -0.7540544 1.959846
0.3786599 -0.7735165 1.989033
-0.3373406 -0.8114814 1.915816
0.4567868 -0.7964118 1.912775
9
-0.1700372 -0.2052767 2.079298
-0.2407769 -0.2135181 2.058545
-0.09323733 -0.189545 2.026084
-0.4397716 -0.4703316 1.935204
0.1112144 -0.4602299 1.987455
-0.3193581 -0.7540544 1.959846
0.3786599 -0.7735165 1.989033
-0.3373406 -0.8114814 1.915816
0.4567868 -0.7964118 1.912775
9
-0.1700372 -0.2052767 2.079298
-0.2407769 -0.2135181 2.058545
-0.09323733 -0.189545 2.026084
-0.4397716 -0.4703316 1.935204
0.1112144 -0.4602299 1.987455
-0.3193581 -0.7540544 1.959846
0.3786599 -0.7735165 1.989033
-0.3373406 -0.8114814 1.915816
0.4567868 -0.7964118 1.912775
9
-0.1672022 -0.2017835 2.081857
-0.2382592 -0.2103622 2.061372
-0.09015902 -0.1858893 2.028322
-0.4349084 -0.470147 1.941503
0.1111784 -0.4588917 1.988241
-0.3204018 -0.7531181 1.960438
0.3767915 -0.773749 1.989495
-0.3372372 -0.8108103 1.915515
0.4541846 -0.7954742 1.910787
9
-0.1672022 -0.2017835 2.081857
-0.2382592 -0.2103622 2.061372
-0.09015902 -0.1858893 2.028322
-0.4349084 -0.470147 1.941503
0.1111784 -0.4588917 1.988241
-0.3204018 -0.7531181 1.960438
0.3767915 -0.773749 1.989495
-0.3372372 -0.8108103 1.915515
0.4541846 -0.7954742 1.910787
9
-0.1595615 -0.195531 2.084801
-0.2311958 -0.2050242 2.064508
-0.08218236 -0.1789593 2.030985
-0.4252181 -0.4677753 1.947285
0.1123287 -0.4567945 1.9892
-0.3222719 -0.7521539 1.961463
0.3757681 -0.7735122 1.989606
-0.336675 -0.8104776 1.915789
0.4533859 -0.7950884 1.911111
9
-0.1595615 -0.195531 2.084801
-0.2311958 -0.2050242 2.064508
-0.08218236 -0.1789593 2.030985
-0.4252181 -0.4677753 1.947285
0.1123287 -0.4567945 1.9892
-0.3222719 -0.7521539 1.961463
0.3757681 -0.7735122 1.989606
-0.336675 -0.8104776 1.915789
0.4533859 -0.7950884 1.911111
9
-0.1511735 -0.1890067 2.086008
-0.2225531 -0.1984608 2.066429
-0.07432391 -0.1727477 2.031468
-0.4129837 -0.4651869 1.953147
0.1154499 -0.4537865 1.989957
-0.3224756 -0.7526475 1.962057
0.3769633 -0.7721214 1.98969
-0.3360909 -0.811424 1.917904
0.4539028 -0.7941436 1.910308
9
-0.1511735 -0.1890067 2.086008
-0.2225531 -0.1984608 2.066429
-0.07432391 -0.1727477 2.031468
-0.4129837 -0.4651869 1.953147
0.1154499 -0.4537865 1.989957
-0.3224756 -0.7526475 1.962057
0.3769633 -0.7721214 1.98969
-0.3360909 -0.811424 1.917904
0.4539028 -0.7941436 1.910308
9
-0.1383723 -0.1815853 2.087173
-0.210627 -0.1912129 2.068201
-0.06108556 -0.1654526 2.031928
-0.3969147 -0.4622428 1.959051
0.1270528 -0.4475386 1.990292
-0.3214125 -0.7523629 1.963357
0.3809347 -0.7719746 1.988922
-0.336634 -0.8108076 1.919892
0.4578565 -0.7932296 1.909064
9
-0.1383723 -0.1815853 2.087173
-0.210627 -0.1912129 2.068201
-0.06108556 -0.1654526 2.031928
-0.3969147 -0.4622428 1.959051
0.1270528 -0.4475386 1.990292
-0.3214125 -0.7523629 1.963357
0.3809347 -0.7719746 1.988922
-0.336634 -0.8108076 1.919892
0.4578565 -0.7932296 1.909064
9
-0.1212643 -0.1728976 2.08775
-0.1937618 -0.1824833 2.068792
-0.04438636 -0.1571448 2.032429
-0.3807016 -0.4547116 1.964861
0.1392129 -0.4420986 1.990992
-0.3208112 -0.7521271 1.964003
0.3720887 -0.7501385 1.989798
-0.3365509 -0.8102999 1.919646
0.4470279 -0.7834313 1.91668
9
-0.1212643 -0.1728976 2.08775
-0.1937618 -0.1824833 2.068792
-0.04438636 -0.1571448 2.032429
-0.3807016 -0.4547116 1.964861
0.1392129 -0.4420986 1.990992
-0.3208112 -0.7521271 1.964003
0.3720887 -0.7501385 1.989798
-0.3365509 -0.8102999 1.919646
0.4470279 -0.7834313 1.91668
9
-0.09889474 -0.1608718 2.088591
-0.1740705 -0.1717607 2.069961
-0.01998636 -0.144183 2.032817
-0.3585521 -0.4475974 1.972818
0.1561957 -0.4336791 1.990084
-0.3187119 -0.750469 1.966781
0.3832703 -0.7464536 1.989678
-0.3362572 -0.807698 1.919804
0.4562866 -0.7837093 1.917724
9
-0.09889474 -0.1608718 2.088591
-0.1740705 -0.1717607 2.069961
-0.01998636 -0.144183 2.032817
-0.3585521 -0.4475974 1.972818
0.1561957 -0.4336791 1.990084
-0.3187119 -0.750469 1.966781
0.3832703 -0.7464536 1.989678
-0.3362572 -0.807698 1.919804
0.4562866 -0.7837093 1.917724
