40
9
-0.1078513 -0.1937596 2.025661
-0.17909 -0.1967396 2.008709
-0.03277067 -0.1837599 1.968385
-0.3968064 -0.4426668 1.899317
0.1614462 -0.4573425 1.963811
-0.2899715 -0.7538243 1.938911
0.439002 -0.7570285 1.996122
-0.3139554 -0.8088971 1.895722
0.4098196 -0.7908177 1.891488
9
-0.1078513 -0.1937596 2.025661
-0.17909 -0.1967396 2.008709
-0.03277067 -0.1837599 1.968385
-0.3968064 -0.4426668 1.899317
0.1614462 -0.4573425 1.963811
-0.2899715 -0.7538243 1.938911
0.439002 -0.7570285 1.996122
-0.3139554 -0.8088971 1.895722
0.4098196 -0.7908177 1.891488
9
-0.1078513 -0.1937596 2.025661
-0.17909 -0.1967396 2.008709
-0.03277067 -0.1837599 1.968385
-0.3968064 -0.4426668 1.899317
0.1614462 -0.4573425 1.963811
-0.2899715 -0.7538243 1.938911
0.439002 -0.7570285 1.996122
-0.3139554 -0.8088971 1.895722
0.4098196 -0.7908177 1.891488
9
-0.1149328 -0.1979921 2.026408
-0.1858191 -0.2008027 2.008892
-0.03983536 -0.1879536 1.969719
-0.4034872 -0.4459012 1.897117
0.1583794 -0.4590706 1.962804
-0.2920221 -0.7542283 1.938287
0.4355349 -0.7594162 1.993366
-0.3144752 -0.8099335 1.895273
0.4068499 -0.7933947 1.888765
9
-0.1149328 -0.1979921 2.026408
-0.1858191 -0.2008027 2.008892
-0.03983536 -0.1879536 1.969719
-0.4034872 -0.4459012 1.897117
0.1583794 -0.4590706 1.962804
-0.2920221 -0.7542283 1.938287
0.4355349 -0.7594162 1.993366
-0.3144752 -0.8099335 1.895273
0.4068499 -0.7933947 1.888765
9
-0.1149328 -0.1979921 2.026408
-0.1858191 -0.2008027 2.008892
-0.03983536 -0.1879536 1.969719
-0.4034872 -0.4459012 1.897117
0.1583794 -0.4590706 1.962804
-0.2920221 -0.7542283 1.938287
0.4355349 -0.7594162 1.993366
-0.3144752 -0.8099335 1.895273
0.4068499 -0.7933947 1.888765
9
-0.1250229 -0.2022625 2.027079
-0.1956052 -0.2047694 2.008345
-0.04993068 -0.1924115 1.97167
-0.413535 -0.4488526 1.894783
0.1527379 -0.4608031 1.961448
-0.2935692 -0.7545958 1.937856
0.4328507 -0.7585937 1.991095
-0.3153326 -0.810592 1.895119
0.4051319 -0.7926916 1.886294
9
-0.1250229 -0.2022625 2.027079
-0.1956052 -0.2047694 2.008345
-0.04993068 -0.1924115 1.97167
-0.413535 -0.4488526 1.894783
0.1527379 -0.4608031 1.961448
-0.2935692 -0.7545958 1.937856
0.4328507 -0.7585937 1.991095
-0.3153326 -0.810592 1.895119
0.4051319 -0.7926916 1.886294
9
-0.1250229 -0.2022625 2.027079
-0.1956052 -0.2047694 2.008345
-0.04993068 -0.1924115 1.97167
-0.413535 -0.4488526 1.894783
0.1527379 -0.4608031 1.961448
-0.2935692 -0.7545958 1.937856
0.4328507 -0.7585937 1.991095
-0.3153326 -0.810592 1.895119
0.4051319 -0.7926916 1.886294
9
-0.13088 -0.2060319 2.027599
-0.2016337 -0.2091821 2.008257
-0.05538144 -0.1954399 1.972753
-0.4221249 -0.4505176 1.89395
0.1461618 -0.4649103 1.960698
-0.2950873 -0.754626 1.937856
0.4275746 -0.7615731 1.989897
-0.3157992 -0.8109543 1.894687
0.4000441 -0.7958363 1.885216
9
-0.13088 -0.2060319 2.027599
-0.2016337 -0.2091821 2.008257
-0.05538144 -0.1954399 1.972753
-0.4221249 -0.4505176 1.89395
0.1461618 -0.4649103 1.960698
-0.2950873 -0.754626 1.937856
0.4275746 -0.7615731 1.989897
-0.3157992 -0.8109543 1.894687
0.4000441 -0.7958363 1.885216
9
-0.1392823 -0.209237 2.028609
-0.209182 -0.2116793 2.00851
-0.06432791 -0.1992606 1.974641
-0.427689 -0.4544194 1.893547
0.1431373 -0.4647337 1.959503
-0.2964029 -0.7549761 1.937693
0.4258412 -0.7603225 1.987951
-0.3183234 -0.811312 1.899106
0.3985293 -0.7945547 1.883182
9
-0.1392823 -0.209237 2.028609
-0.209182 -0.2116793 2.00851
-0.06432791 -0.1992606 1.974641
-0.427689 -0.4544194 1.893547
0.1431373 -0.4647337 1.959503
-0.2964029 -0.7549761 1.937693
0.4258412 -0.7603225 1.987951
-0.3183234 -0.811312 1.899106
0.3985293 -0.7945547 1.883182
9
-0.1392823 -0.209237 2.028609
-0.209182 -0.2116793 2.00851
-0.06432791 -0.1992606 1.974641
-0.427689 -0.4544194 1.893547
0.1431373 -0.4647337 1.959503
-0.2964029 -0.7549761 1.937693
0.4258412 -0.7603225 1.987951
-0.3183234 -0.811312 1.899106
0.3985293 -0.7945547 1.883182
9
-0.1392823 -0.209237 2.028609
-0.209182 -0.2116793 2.00851
-0.06432791 -0.1992606 1.974641
-0.427689 -0.4544194 1.893547
0.1431373 -0.4647337 1.959503
-0.2964029 -0.7549761 1.937693
0.4258412 -0.7603225 1.987951
-0.3183234 -0.811312 1.899106
0.3985293 -0.7945547 1.883182
9
-0.1392823 -0.209237 2.028609
-0.209182 -0.2116793 2.00851
-0.06432791 -0.1992606 1.974641
-0.427689 -0.4544194 1.893547
0.1431373 -0.4647337 1.959503
-0.2964029 -0.7549761 1.937693
0.4258412 -0.7603225 1.987951
-0.3183234 -0.811312 1.899106
0.3985293 -0.7945547 1.883182
9
-0.1392823 -0.209237 2.028609
-0.209182 -0.2116793 2.00851
-0.06432791 -0.1992606 1.974641
-0.427689 -0.4544194 1.893547
0.1431373 -0.4647337 1.959503
-0.2964029 -0.7549761 1.937693
0.4258412 -0.7603225 1.987951
-0.3183234 -0.811312 1.899106
0.3985293 -0.7945547 1.883182
9
-0.1397402 -0.209152 2.028747
-0.2097103 -0.2116381 2.008779
-0.06471018 -0.1991313 1.974668
-0.4280646 -0.4545193 1.893862
0.1419439 -0.465299 1.958916
-0.2969566 -0.7548496 1.937607
0.4236329 -0.7618909 1.987106
-0.3175881 -0.8118169 1.901811
0.3963248 -0.796073 1.882337
9
-0.1397402 -0.209152 2.028747
-0.2097103 -0.2116381 2.008779
-0.06471018 -0.1991313 1.974668
-0.4280646 -0.4545193 1.893862
0.1419439 -0.465299 1.958916
-0.2969566 -0.7548496 1.937607
0.4236329 -0.7618909 1.987106
-0.3175881 -0.8118169 1.901811
0.3963248 -0.796073 1.882337
9
-0.1397402 -0.209152 2.028747
-0.2097103 -0.2116381 2.008779
-0.06471018 -0.1991313 1.974668
-0.4280646 -0.4545193 1.893862
0.1419439 -0.465299 1.958916
-0.2969566 -0.7548496 1.937607
0.4236329 -0.7618909 1.987106
-0.3175881 -0.8118169 1.901811
0.3963248 -0.796073 1.882337
9
-0.1397402 -0.209152 2.028747
-0.2097103 -0.2116381 2.008779
-0.06471018 -0.1991313 1.974668
-0.4280646 -0.4545193 1.893862
0.1419439 -0.465299 1.958916
-0.2969566 -0.7548496 1.937607
0.4236329 -0.7618909 1.987106
-0.3175881 -0.8118169 1.901811
0.3963248 -0.796073 1.882337
9
-0.1395283 -0.2077815 2.029078
-0.20946 -0.210139 2.009245
-0.06451878 -0.1978912 1.97486
-0.426982 -0.4539144 1.894705
0.1416143 -0.464526 1.958665
-0.2971942 -0.7549133 1.937625
0.4223079 -0.7620565 1.986887
-0.3182286 -0.8116671 1.900368
0.3950529 -0.7960853 1.882009
9
-0.1395283 -0.2077815 2.029078
-0.20946 -0.210139 2.009245
-0.06451878 -0.1978912 1.97486
-0.426982 -0.4539144 1.894705
0.1416143 -0.464526 1.958665
-0.2971942 -0.7549133 1.937625
0.4223079 -0.7620565 1.986887
-0.3182286 -0.8116671 1.900368
0.3950529 -0.7960853 1.882009
9
-0.1395283 -0.2077815 2.029078
-0.20946 -0.210139 2.009245
-0.06451878 -0.1978912 1.97486
-0.426982 -0.4539144 1.894705
0.1416143 -0.464526 1.958665
-0.2971942 -0.7549133 1.937625
0.4223079 -0.7620565 1.986887
-0.3182286 -0.8116671 1.900368
0.3950529 -0.7960853 1.882009
9
-0.1395283 -0.2077815 2.029078
-0.20946 -0.210139 2.009245
-0.06451878 -0.1978912 1.97486
-0.426982 -0.4539144 1.894705
0.1416143 -0.464526 1.958665
-0.2971942 -0.7549133 1.937625
0.4223079 -0.7620565 1.986887
-0.3182286 -0.8116671 1.900368
0.3950529 -0.7960853 1.882009
9
-0.1395283 -0.2077815 2.029078
-0.20946 -0.210139 2.009245
-0.06451878 -0.1978912 1.97486
-0.426982 -0.4539144 1.894705
0.1416143 -0.464526 1.958665
-0.2971942 -0.7549133 1.937625
0.4223079 -0.7620565 1.986887
-0.3182286 -0.8116671 1.900368
0.3950529 -0.7960853 1.882009
9
-0.1395283 -0.2077815 2.029078
-0.20946 -0.210139 2.009245
-0.06451878 -0.1978912 1.97486
-0.426982 -0.4539144 1.894705
0.1416143 -0.464526 1.958665
-0.2971942 -0.7549133 1.937625
0.4223079 -0.7620565 1.986887
-0.3182286 -0.8116671 1.900368
0.3950529 -0.7960853 1.882009
9
-0.1395283 -0.2077815 2.029078
-0.20946 -0.210139 2.009245
-0.06451878 -0.1978912 1.97486
-0.426982 -0.4539144 1.894705
0.1416143 -0.464526 1.958665
-0.2971942 -0.7549133 1.937625
0.4223079 -0.7620565 1.986887
-0.3182286 -0.8116671 1.900368
0.3950529 -0.7960853 1.882009
9
-0.1395283 -0.2077815 2.029078
-0.20946 -0.210139 2.009245
-0.06451878 -0.1978912 1.97486
-0.426982 -0.4539144 1.894705
0.1416143 -0.464526 1.958665
-0.2971942 -0.7549133 1.937625
0.4223079 -0.7620565 1.986887
-0.3182286 -0.8116671 1.900368
0.3950529 -0.7960853 1.882009
9
-0.09285422 -0.1812631 2.031801
-0.1667768 -0.1857763 2.014809
-0.01666678 -0.1708051 1.974285
-0.3788607 -0.437555 1.907432
0.1521523 -0.4616002 1.961141
-0.2961928 -0.7553361 1.93737
0.4242864 -0.7668252 1.989525
-0.3184014 -0.8116363 1.900116
0.4830096 -0.7914745 1.939241
9
-0.09285422 -0.1812631 2.031801
-0.1667768 -0.1857763 2.014809
-0.01666678 -0.1708051 1.974285
-0.3788607 -0.437555 1.907432
0.1521523 -0.4616002 1.961141
-0.2961928 -0.7553361 1.93737
0.4242864 -0.7668252 1.989525
-0.3184014 -0.8116363 1.900116
0.4830096 -0.7914745 1.939241
9
-0.09041769 -0.1799954 2.032081
-0.1637724 -0.1841624 2.014883
-0.01427243 -0.1695905 1.974809
-0.3715542 -0.4398137 1.908381
0.1803544 -0.4437478 1.964095
-0.2939523 -0.7547963 1.937066
0.4351377 -0.763382 1.992897
-0.3175623 -0.8105131 1.899498
0.4903706 -0.7926244 1.940462
9
-0.09041769 -0.1799954 2.032081
-0.1637724 -0.1841624 2.014883
-0.01427243 -0.1695905 1.974809
-0.3715542 -0.4398137 1.908381
0.1803544 -0.4437478 1.964095
-0.2939523 -0.7547963 1.937066
0.4351377 -0.763382 1.992897
-0.3175623 -0.8105131 1.899498
0.4903706 -0.7926244 1.940462
9
-0.09041769 -0.1799954 2.032081
-0.1637724 -0.1841624 2.014883
-0.01427243 -0.1695905 1.974809
-0.3715542 -0.4398137 1.908381
0.1803544 -0.4437478 1.964095
-0.2939523 -0.7547963 1.937066
0.4351377 -0.763382 1.992897
-0.3175623 -0.8105131 1.899498
0.4903706 -0.7926244 1.940462
9
-0.09041769 -0.1799954 2.032081
-0.1637724 -0.1841624 2.014883
-0.01427243 -0.1695905 1.974809
-0.3715542 -0.4398137 1.908381
0.1803544 -0.4437478 1.964095
-0.2939523 -0.7547963 1.937066
0.4351377 -0.763382 1.992897
-0.3175623 -0.8105131 1.899498
0.4903706 -0.7926244 1.940462
9
-0.09041769 -0.1799954 2.032081
-0.1637724 -0.1841624 2.014883
-0.01427243 -0.1695905 1.974809
-0.3715542 -0.4398137 1.908381
0.1803544 -0.4437478 1.964095
-0.2939523 -0.7547963 1.937066
0.4351377 -0.763382 1.992897
-0.3175623 -0.8105131 1.899498
0.4903706 -0.7926244 1.940462
9
-0.09041769 -0.1799954 2.032081
-0.1637724 -0.1841624 2.014883
-0.01427243 -0.1695905 1.974809
-0.3715542 -0.4398137 1.908381
0.1803544 -0.4437478 1.964095
-0.2939523 -0.7547963 1.937066
0.4351377 -0.763382 1.992897
-0.3175623 -0.8105131 1.899498
0.4903706 -0.7926244 1.940462
9
-0.09041769 -0.1799954 2.032081
-0.1637724 -0.1841624 2.014883
-0.01427243 -0.1695905 1.974809
-0.3715542 -0.4398137 1.908381
0.1803544 -0.4437478 1.964095
-0.2939523 -0.7547963 1.937066
0.4351377 -0.763382 1.992897
-0.3175623 -0.8105131 1.899498
0.4903706 -0.7926244 1.940462
9
-0.09041769 -0.1799954 2.032081
-0.1637724 -0.1841624 2.014883
-0.01427243 -0.1695905 1.974809
-0.3715542 -0.4398137 1.908381
0.1803544 -0.4437478 1.964095
-0.2939523 -0.7547963 1.937066
0.4351377 -0.763382 1.992897
-0.3175623 -0.8105131 1.899498
0.4903706 -0.7926244 1.940462
9
-0.09041769 -0.1799954 2.032081
-0.1637724 -0.1841624 2.014883
-0.01427243 -0.1695905 1.974809
-0.3715542 -0.4398137 1.908381
0.1803544 -0.4437478 1.964095
-0.2939523 -0.7547963 1.937066
0.4351377 -0.763382 1.992897
-0.3175623 -0.8105131 1.899498
0.4903706 -0.7926244 1.940462
