40
9
-0.3075131 -0.2437649 1.973572
-0.3751583 -0.2420468 1.951217
-0.227721 -0.2359566 1.922585
-0.6188111 -0.4450556 1.812385
0.01436749 -0.4722401 1.919964
-0.5543754 -0.743926 1.876636
0.2969349 -0.7591415 1.986827
-0.5566682 -0.8047849 1.836473
0.2810532 -0.7897789 1.876953
9
-0.3075131 -0.2437649 1.973572
-0.3751583 -0.2420468 1.951217
-0.227721 -0.2359566 1.922585
-0.6188111 -0.4450556 1.812385
0.01436749 -0.4722401 1.919964
-0.5543754 -0.743926 1.876636
0.2969349 -0.7591415 1.986827
-0.5566682 -0.8047849 1.836473
0.2810532 -0.7897789 1.876953
9
-0.3075131 -0.2437649 1.973572
-0.3751583 -0.2420468 1.951217
-0.227721 -0.2359566 1.922585
-0.6188111 -0.4450556 1.812385
0.01436749 -0.4722401 1.919964
-0.5543754 -0.743926 1.876636
0.2969349 -0.7591415 1.986827
-0.5566682 -0.8047849 1.836473
0.2810532 -0.7897789 1.876953
9
-0.3075131 -0.2437649 1.973572
-0.3751583 -0.2420468 1.951217
-0.227721 -0.2359566 1.922585
-0.6188111 -0.4450556 1.812385
0.01436749 -0.4722401 1.919964
-0.5543754 -0.743926 1.876636
0.2969349 -0.7591415 1.986827
-0.5566682 -0.8047849 1.836473
0.2810532 -0.7897789 1.876953
9
-0.3265054 -0.2493903 2.018974
-0.3933207 -0.2466784 1.991106
-0.2468011 -0.2428163 1.971511
-0.6182277 -0.443079 1.804987
0.003842063 -0.4737668 1.917454
-0.5544544 -0.7438546 1.876671
0.2904866 -0.7579958 1.979961
-0.557714 -0.8044993 1.836011
0.2745687 -0.7919059 1.872084
9
-0.3265054 -0.2493903 2.018974
-0.3933207 -0.2466784 1.991106
-0.2468011 -0.2428163 1.971511
-0.6182277 -0.443079 1.804987
0.003842063 -0.4737668 1.917454
-0.5544544 -0.7438546 1.876671
0.2904866 -0.7579958 1.979961
-0.557714 -0.8044993 1.836011
0.2745687 -0.7919059 1.872084
9
-0.3267519 -0.2559948 2.019738
-0.3945147 -0.2539205 1.992681
-0.2465305 -0.2489631 1.97231
-0.6529617 -0.3899492 1.794036
0.03933197 -0.4356869 1.908471
-0.5544765 -0.7464373 1.876595
0.3046625 -0.7412599 1.964751
-0.5604998 -0.8064271 1.835272
0.2885143 -0.7755491 1.856968
9
-0.3267519 -0.2559948 2.019738
-0.3945147 -0.2539205 1.992681
-0.2465305 -0.2489631 1.97231
-0.6529617 -0.3899492 1.794036
0.03933197 -0.4356869 1.908471
-0.5544765 -0.7464373 1.876595
0.3046625 -0.7412599 1.964751
-0.5604998 -0.8064271 1.835272
0.2885143 -0.7755491 1.856968
9
-0.3262877 -0.259195 2.020184
-0.3942861 -0.2577027 1.993286
-0.2460154 -0.2515031 1.972912
-0.654065 -0.389892 1.793619
0.04091105 -0.4364555 1.908171
-0.5546634 -0.7520151 1.876168
0.3059987 -0.7423549 1.963875
-0.5616799 -0.8116466 1.83445
0.290393 -0.7768569 1.856171
9
-0.3262877 -0.259195 2.020184
-0.3942861 -0.2577027 1.993286
-0.2460154 -0.2515031 1.972912
-0.654065 -0.389892 1.793619
0.04091105 -0.4364555 1.908171
-0.5546634 -0.7520151 1.876168
0.3059987 -0.7423549 1.963875
-0.5616799 -0.8116466 1.83445
0.290393 -0.7768569 1.856171
9
-0.3262877 -0.259195 2.020184
-0.3942861 -0.2577027 1.993286
-0.2460154 -0.2515031 1.972912
-0.654065 -0.389892 1.793619
0.04091105 -0.4364555 1.908171
-0.5546634 -0.7520151 1.876168
0.3059987 -0.7423549 1.963875
-0.5616799 -0.8116466 1.83445
0.290393 -0.7768569 1.856171
9
-0.3262877 -0.259195 2.020184
-0.3942861 -0.2577027 1.993286
-0.2460154 -0.2515031 1.972912
-0.654065 -0.389892 1.793619
0.04091105 -0.4364555 1.908171
-0.5546634 -0.7520151 1.876168
0.3059987 -0.7423549 1.963875
-0.5616799 -0.8116466 1.83445
0.290393 -0.7768569 1.856171
9
-0.3271047 -0.2614237 2.021238
-0.3951975 -0.2596802 1.99433
-0.2468229 -0.2539535 1.974251
-0.6549419 -0.3899347 1.793126
0.0416473 -0.4362426 1.907585
-0.5547098 -0.7527043 1.875952
0.3061364 -0.7426679 1.963215
-0.5669017 -0.8112902 1.837595
0.2905038 -0.7774156 1.855681
9
-0.3271047 -0.2614237 2.021238
-0.3951975 -0.2596802 1.99433
-0.2468229 -0.2539535 1.974251
-0.6549419 -0.3899347 1.793126
0.0416473 -0.4362426 1.907585
-0.5547098 -0.7527043 1.875952
0.3061364 -0.7426679 1.963215
-0.5669017 -0.8112902 1.837595
0.2905038 -0.7774156 1.855681
9
-0.3276948 -0.2626367 2.021882
-0.3958965 -0.2608546 1.994806
-0.2473588 -0.2551846 1.975242
-0.6557637 -0.3903263 1.793315
0.04170027 -0.4362643 1.907158
-0.554818 -0.753562 1.875999
0.3063404 -0.7426319 1.962488
-0.5654336 -0.8125266 1.836827
0.2906668 -0.7775203 1.855054
9
-0.3276948 -0.2626367 2.021882
-0.3958965 -0.2608546 1.994806
-0.2473588 -0.2551846 1.975242
-0.6557637 -0.3903263 1.793315
0.04170027 -0.4362643 1.907158
-0.554818 -0.753562 1.875999
0.3063404 -0.7426319 1.962488
-0.5654336 -0.8125266 1.836827
0.2906668 -0.7775203 1.855054
9
-0.3281065 -0.2632254 2.02211
-0.3963907 -0.2614214 1.994942
-0.2477191 -0.2557721 1.975646
-0.6562208 -0.3904778 1.793196
0.04137657 -0.4365786 1.906828
-0.5548999 -0.7542102 1.876034
0.306123 -0.7429042 1.961953
-0.5642902 -0.8134153 1.836007
0.2904095 -0.7778206 1.85455
9
-0.3279695 -0.2634934 2.022184
-0.3962705 -0.2617161 1.994932
-0.247571 -0.2560038 1.97585
-0.6562448 -0.390404 1.79324
0.04152186 -0.4366536 1.906729
-0.5549105 -0.7544236 1.875918
0.3061793 -0.7430927 1.961688
-0.5689818 -0.8120308 1.834209
0.2904237 -0.7780118 1.854297
9
-0.3279695 -0.2634934 2.022184
-0.3962705 -0.2617161 1.994932
-0.247571 -0.2560038 1.97585
-0.6562448 -0.390404 1.79324
0.04152186 -0.4366536 1.906729
-0.5549105 -0.7544236 1.875918
0.3061793 -0.7430927 1.961688
-0.5689818 -0.8120308 1.834209
0.2904237 -0.7780118 1.854297
9
-0.3279695 -0.2634934 2.022184
-0.3962705 -0.2617161 1.994932
-0.247571 -0.2560038 1.97585
-0.6562448 -0.390404 1.79324
0.04152186 -0.4366536 1.906729
-0.5549105 -0.7544236 1.875918
0.3061793 -0.7430927 1.961688
-0.5689818 -0.8120308 1.834209
0.2904237 -0.7780118 1.854297
9
-0.3276902 -0.2635373 2.022255
-0.3960198 -0.2618028 1.994883
-0.2472205 -0.2559751 1.976127
-0.6564446 -0.3897951 1.793469
0.04164388 -0.4367887 1.906533
-0.5548593 -0.7545955 1.875884
0.3002903 -0.7478064 1.963409
-0.5698705 -0.8118096 1.83365
0.2845833 -0.7826439 1.856023
9
-0.3276902 -0.2635373 2.022255
-0.3960198 -0.2618028 1.994883
-0.2472205 -0.2559751 1.976127
-0.6564446 -0.3897951 1.793469
0.04164388 -0.4367887 1.906533
-0.5548593 -0.7545955 1.875884
0.3002903 -0.7478064 1.963409
-0.5698705 -0.8118096 1.83365
0.2845833 -0.7826439 1.856023
9
-0.326224 -0.2628032 2.022613
-0.3946741 -0.2612172 1.995068
-0.2457028 -0.2550494 1.976726
-0.6549886 -0.389239 1.793537
0.04230068 -0.4368993 1.906137
-0.5545105 -0.7553027 1.875938
0.3033484 -0.7459281 1.962989
-0.5698043 -0.8123269 1.833202
0.2874521 -0.7807567 1.85561
9
-0.326224 -0.2628032 2.022613
-0.3946741 -0.2612172 1.995068
-0.2457028 -0.2550494 1.976726
-0.6549886 -0.389239 1.793537
0.04230068 -0.4368993 1.906137
-0.5545105 -0.7553027 1.875938
0.3033484 -0.7459281 1.962989
-0.5698043 -0.8123269 1.833202
0.2874521 -0.7807567 1.85561
9
-0.3223389 -0.2605091 2.023574
-0.3911217 -0.2594621 1.995463
-0.2416175 -0.2521497 1.978379
-0.6508768 -0.3886365 1.793842
0.04366528 -0.4375548 1.905355
-0.5543174 -0.7554013 1.8759
0.3034302 -0.7475182 1.962691
-0.5696003 -0.8124117 1.833093
0.287344 -0.7822981 1.855343
9
-0.3223389 -0.2605091 2.023574
-0.3911217 -0.2594621 1.995463
-0.2416175 -0.2521497 1.978379
-0.6508768 -0.3886365 1.793842
0.04366528 -0.4375548 1.905355
-0.5543174 -0.7554013 1.8759
0.3034302 -0.7475182 1.962691
-0.5696003 -0.8124117 1.833093
0.287344 -0.7822981 1.855343
9
-0.3223389 -0.2605091 2.023574
-0.3911217 -0.2594621 1.995463
-0.2416175 -0.2521497 1.978379
-0.6508768 -0.3886365 1.793842
0.04366528 -0.4375548 1.905355
-0.5543174 -0.7554013 1.8759
0.3034302 -0.7475182 1.962691
-0.5696003 -0.8124117 1.833093
0.287344 -0.7822981 1.855343
9
-0.2961211 -0.247071 2.028902
-0.3664512 -0.2482495 2.000156
-0.2149875 -0.2368704 1.984193
-0.6247411 -0.3841422 1.800697
0.05972661 -0.4363235 1.9095
-0.5541451 -0.755365 1.875804
0.3074402 -0.7559471 1.966115
-0.567918 -0.8128895 1.832894
0.290534 -0.7906861 1.858959
9
-0.2961211 -0.247071 2.028902
-0.3664512 -0.2482495 2.000156
-0.2149875 -0.2368704 1.984193
-0.6247411 -0.3841422 1.800697
0.05972661 -0.4363235 1.9095
-0.5541451 -0.755365 1.875804
0.3074402 -0.7559471 1.966115
-0.567918 -0.8128895 1.832894
0.290534 -0.7906861 1.858959
9
-0.2961211 -0.247071 2.028902
-0.3664512 -0.2482495 2.000156
-0.2149875 -0.2368704 1.984193
-0.6247411 -0.3841422 1.800697
0.05972661 -0.4363235 1.9095
-0.5541451 -0.755365 1.875804
0.3074402 -0.7559471 1.966115
-0.567918 -0.8128895 1.832894
0.290534 -0.7906861 1.858959
9
-0.2877458 -0.2415639 2.030022
-0.357298 -0.2427021 2.001169
-0.2076561 -0.2316408 1.985343
-0.6129334 -0.3820909 1.800013
0.06674261 -0.4318186 1.913051
-0.5535179 -0.755528 1.875755
0.3105585 -0.7544628 1.969313
-0.5673776 -0.8129194 1.832132
0.2932616 -0.7890447 1.862069
9
-0.2773924 -0.2347364 2.032991
-0.347602 -0.2360191 2.004092
-0.1970617 -0.2249515 1.988288
-0.6004478 -0.3802525 1.802382
0.07430635 -0.4289873 1.916554
-0.5528236 -0.7536694 1.875082
0.314752 -0.75415 1.972574
-0.5680432 -0.8109064 1.833436
0.2963295 -0.7887413 1.865505
9
-0.2773924 -0.2347364 2.032991
-0.347602 -0.2360191 2.004092
-0.1970617 -0.2249515 1.988288
-0.6004478 -0.3802525 1.802382
0.07430635 -0.4289873 1.916554
-0.5528236 -0.7536694 1.875082
0.314752 -0.75415 1.972574
-0.5680432 -0.8109064 1.833436
0.2963295 -0.7887413 1.865505
9
-0.2773924 -0.2347364 2.032991
-0.347602 -0.2360191 2.004092
-0.1970617 -0.2249515 1.988288
-0.6004478 -0.3802525 1.802382
0.07430635 -0.4289873 1.916554
-0.5528236 -0.7536694 1.875082
0.314752 -0.75415 1.972574
-0.5680432 -0.8109064 1.833436
0.2963295 -0.7887413 1.865505
9
-0.2587658 -0.2228434 2.036183
-0.3294872 -0.2255713 2.007333
-0.1785852 -0.2119863 1.991316
-0.5825813 -0.3764927 1.811533
0.08473404 -0.4264618 1.925369
-0.6035471 -0.7838592 1.844041
0.3231302 -0.753282 1.980387
-0.55024 -0.8221562 1.84533
0.3059369 -0.7879142 1.8731
9
-0.2587658 -0.2228434 2.036183
-0.3294872 -0.2255713 2.007333
-0.1785852 -0.2119863 1.991316
-0.5825813 -0.3764927 1.811533
0.08473404 -0.4264618 1.925369
-0.6035471 -0.7838592 1.844041
0.3231302 -0.753282 1.980387
-0.55024 -0.8221562 1.84533
0.3059369 -0.7879142 1.8731
9
-0.2464273 -0.21298 2.040066
-0.3172108 -0.2161992 2.010987
-0.1666745 -0.2020379 1.995344
-0.5674008 -0.3751306 1.817938
0.09176081 -0.4224744 1.933424
-0.6024734 -0.7821568 1.843397
0.3249905 -0.7537729 1.984579
-0.5512634 -0.821858 1.845107
0.3081841 -0.7883939 1.877211
9
-0.2464273 -0.21298 2.040066
-0.3172108 -0.2161992 2.010987
-0.1666745 -0.2020379 1.995344
-0.5674008 -0.3751306 1.817938
0.09176081 -0.4224744 1.933424
-0.6024734 -0.7821568 1.843397
0.3249905 -0.7537729 1.984579
-0.5512634 -0.821858 1.845107
0.3081841 -0.7883939 1.877211
9
-0.2328499 -0.2049045 2.043375
-0.3038188 -0.2084895 2.014235
-0.1534061 -0.1938987 1.998637
-0.5525016 -0.3737003 1.824857
0.1037543 -0.4158219 1.939222
-0.5989379 -0.7799582 1.845362
0.3307221 -0.7522205 1.986157
-0.551172 -0.8229706 1.845594
0.3139747 -0.7868662 1.878762
9
-0.2328499 -0.2049045 2.043375
-0.3038188 -0.2084895 2.014235
-0.1534061 -0.1938987 1.998637
-0.5525016 -0.3737003 1.824857
0.1037543 -0.4158219 1.939222
-0.5989379 -0.7799582 1.845362
0.3307221 -0.7522205 1.986157
-0.551172 -0.8229706 1.845594
0.3139747 -0.7868662 1.878762
