40
9
-0.1096308 -0.3778242 2.156082
-0.1880931 -0.3815212 2.141002
-0.02735117 -0.3612542 2.097656
-0.3508689 -0.6253578 2.046088
0.1611335 -0.6469743 2.111771
-0.3666318 -0.9650902 2.082093
0.3573182 -0.9798157 2.166181
-0.3856252 -1.003714 1.950268
0.3271783 -1.018721 2.03417
9
-0.1678329 -0.4064621 2.150944
-0.2434674 -0.4088559 2.136766
-0.08639725 -0.3902349 2.09195
-0.413937 -0.6434426 2.033241
0.09466758 -0.6455118 2.110769
-0.3762405 -0.9672356 2.078172
0.3340016 -0.9714158 2.155929
-0.395771 -1.006027 1.946674
0.3034903 -1.010558 2.024136
9
-0.1678329 -0.4064621 2.150944
-0.2434674 -0.4088559 2.136766
-0.08639725 -0.3902349 2.09195
-0.413937 -0.6434426 2.033241
0.09466758 -0.6455118 2.110769
-0.3762405 -0.9672356 2.078172
0.3340016 -0.9714158 2.155929
-0.395771 -1.006027 1.946674
0.3034903 -1.010558 2.024136
9
-0.1786889 -0.4114065 2.150369
-0.2525015 -0.4127612 2.136607
-0.09885894 -0.3961669 2.090959
-0.4237881 -0.6466224 2.033398
0.09410284 -0.6544394 2.113223
-0.3836256 -0.9648832 2.075524
0.3323827 -0.9818018 2.154186
-0.4029615 -1.003568 1.943939
0.3019748 -1.020671 2.022354
9
-0.1786889 -0.4114065 2.150369
-0.2525015 -0.4127612 2.136607
-0.09885894 -0.3961669 2.090959
-0.4237881 -0.6466224 2.033398
0.09410284 -0.6544394 2.113223
-0.3836256 -0.9648832 2.075524
0.3323827 -0.9818018 2.154186
-0.4029615 -1.003568 1.943939
0.3019748 -1.020671 2.022354
9
-0.1912295 -0.4189209 2.149463
-0.2645402 -0.4201416 2.134742
-0.1113907 -0.4035046 2.091142
-0.4417021 -0.6488762 2.030017
0.09160199 -0.6612704 2.116036
-0.3848438 -0.9693577 2.075489
0.3315471 -0.9880091 2.153366
-0.3997108 -1.049373 2.03093
0.4287109 -1.03125 2.113281
9
-0.2112318 -0.4302202 2.149591
-0.2833524 -0.4295012 2.132421
-0.1321898 -0.4166396 2.094078
-0.4617483 -0.6566173 2.027056
0.09019709 -0.6675392 2.116878
-0.3957267 -0.9648703 2.070569
0.3294548 -0.9910467 2.152529
-0.415932 -1.003919 1.939514
0.4294096 -1.030629 2.108313
9
-0.2112318 -0.4302202 2.149591
-0.2833524 -0.4295012 2.132421
-0.1321898 -0.4166396 2.094078
-0.4617483 -0.6566173 2.027056
0.09019709 -0.6675392 2.116878
-0.3957267 -0.9648703 2.070569
0.3294548 -0.9910467 2.152529
-0.415932 -1.003919 1.939514
0.4294096 -1.030629 2.108313
9
-0.2163908 -0.4341171 2.151634
-0.2890778 -0.4354322 2.134478
-0.1365606 -0.4186788 2.096041
-0.4670921 -0.6616769 2.025635
0.08740031 -0.6704392 2.116758
-0.3988068 -0.9644936 2.069829
0.3291135 -0.9912459 2.151042
-0.4270754 -1.039946 2.053026
0.4286913 -1.029765 2.101401
9
-0.2163908 -0.4341171 2.151634
-0.2890778 -0.4354322 2.134478
-0.1365606 -0.4186788 2.096041
-0.4670921 -0.6616769 2.025635
0.08740031 -0.6704392 2.116758
-0.3988068 -0.9644936 2.069829
0.3291135 -0.9912459 2.151042
-0.4270754 -1.039946 2.053026
0.4286913 -1.029765 2.101401
9
-0.227276 -0.4426903 2.15309
-0.299207 -0.444009 2.135346
-0.1475244 -0.4265334 2.098106
-0.4743447 -0.670878 2.022168
0.08270001 -0.6717156 2.114783
-0.401012 -0.9638085 2.068908
0.3293113 -0.9919091 2.148571
-0.4197016 -1.004084 1.93817
0.4286945 -1.029376 2.100173
9
-0.227276 -0.4426903 2.15309
-0.299207 -0.444009 2.135346
-0.1475244 -0.4265334 2.098106
-0.4743447 -0.670878 2.022168
0.08270001 -0.6717156 2.114783
-0.401012 -0.9638085 2.068908
0.3293113 -0.9919091 2.148571
-0.4197016 -1.004084 1.93817
0.4286945 -1.029376 2.100173
9
-0.227276 -0.4426903 2.15309
-0.299207 -0.444009 2.135346
-0.1475244 -0.4265334 2.098106
-0.4743447 -0.670878 2.022168
0.08270001 -0.6717156 2.114783
-0.401012 -0.9638085 2.068908
0.3293113 -0.9919091 2.148571
-0.4197016 -1.004084 1.93817
0.4286945 -1.029376 2.100173
9
-0.227276 -0.4426903 2.15309
-0.299207 -0.444009 2.135346
-0.1475244 -0.4265334 2.098106
-0.4743447 -0.670878 2.022168
0.08270001 -0.6717156 2.114783
-0.401012 -0.9638085 2.068908
0.3293113 -0.9919091 2.148571
-0.4197016 -1.004084 1.93817
0.4286945 -1.029376 2.100173
9
-0.2348367 -0.4481025 2.154177
-0.3066109 -0.4494674 2.13637
-0.1550141 -0.431679 2.099305
-0.4814909 -0.6743277 2.016959
0.06629564 -0.6663073 2.112393
-0.4008067 -0.9661825 2.069043
0.3208791 -0.9827304 2.145552
-0.4350907 -1.039479 2.049751
0.2905426 -1.023726 2.014977
9
-0.2348367 -0.4481025 2.154177
-0.3066109 -0.4494674 2.13637
-0.1550141 -0.431679 2.099305
-0.4814909 -0.6743277 2.016959
0.06629564 -0.6663073 2.112393
-0.4008067 -0.9661825 2.069043
0.3208791 -0.9827304 2.145552
-0.4350907 -1.039479 2.049751
0.2905426 -1.023726 2.014977
9
-0.2356257 -0.4487939 2.15485
-0.3079586 -0.4507207 2.137349
-0.1553874 -0.4319569 2.099729
-0.4855227 -0.6722962 2.014641
0.06573164 -0.6693768 2.113427
-0.4011403 -0.9656638 2.068635
0.3206502 -0.9857222 2.145232
-0.424135 -1.044166 2.039992
0.4291232 -1.029981 2.10058
9
-0.2356257 -0.4487939 2.15485
-0.3079586 -0.4507207 2.137349
-0.1553874 -0.4319569 2.099729
-0.4855227 -0.6722962 2.014641
0.06573164 -0.6693768 2.113427
-0.4011403 -0.9656638 2.068635
0.3206502 -0.9857222 2.145232
-0.424135 -1.044166 2.039992
0.4291232 -1.029981 2.10058
9
-0.2356257 -0.4487939 2.15485
-0.3079586 -0.4507207 2.137349
-0.1553874 -0.4319569 2.099729
-0.4855227 -0.6722962 2.014641
0.06573164 -0.6693768 2.113427
-0.4011403 -0.9656638 2.068635
0.3206502 -0.9857222 2.145232
-0.424135 -1.044166 2.039992
0.4291232 -1.029981 2.10058
9
-0.2356257 -0.4487939 2.15485
-0.3079586 -0.4507207 2.137349
-0.1553874 -0.4319569 2.099729
-0.4855227 -0.6722962 2.014641
0.06573164 -0.6693768 2.113427
-0.4011403 -0.9656638 2.068635
0.3206502 -0.9857222 2.145232
-0.424135 -1.044166 2.039992
0.4291232 -1.029981 2.10058
9
-0.2356257 -0.4487939 2.15485
-0.3079586 -0.4507207 2.137349
-0.1553874 -0.4319569 2.099729
-0.4855227 -0.6722962 2.014641
0.06573164 -0.6693768 2.113427
-0.4011403 -0.9656638 2.068635
0.3206502 -0.9857222 2.145232
-0.424135 -1.044166 2.039992
0.4291232 -1.029981 2.10058
9
-0.2348666 -0.4473223 2.156563
-0.3073862 -0.4495153 2.138442
-0.1544023 -0.4301776 2.1022
-0.483373 -0.6719247 2.014463
0.06865758 -0.6714898 2.118703
-0.4023863 -0.9625471 2.067333
0.322361 -0.989366 2.146313
-0.411021 -1.043919 2.024378
0.4320324 -1.030051 2.100818
9
-0.2348666 -0.4473223 2.156563
-0.3073862 -0.4495153 2.138442
-0.1544023 -0.4301776 2.1022
-0.483373 -0.6719247 2.014463
0.06865758 -0.6714898 2.118703
-0.4023863 -0.9625471 2.067333
0.322361 -0.989366 2.146313
-0.411021 -1.043919 2.024378
0.4320324 -1.030051 2.100818
9
-0.2230754 -0.4370124 2.160975
-0.2979397 -0.4420233 2.141424
-0.1403683 -0.4168736 2.108042
-0.4733412 -0.6649321 2.016698
0.073187 -0.6703829 2.122709
-0.4028561 -0.9606051 2.066145
0.3088285 -0.9850965 2.157853
-0.4099525 -1.042386 2.024856
0.4247694 -1.022942 2.107441
9
-0.2230754 -0.4370124 2.160975
-0.2979397 -0.4420233 2.141424
-0.1403683 -0.4168736 2.108042
-0.4733412 -0.6649321 2.016698
0.073187 -0.6703829 2.122709
-0.4028561 -0.9606051 2.066145
0.3088285 -0.9850965 2.157853
-0.4099525 -1.042386 2.024856
0.4247694 -1.022942 2.107441
9
-0.2140389 -0.4280595 2.164808
-0.290315 -0.433235 2.14436
-0.1304066 -0.4084067 2.112498
-0.4579065 -0.6630409 2.021641
0.08007117 -0.6657847 2.125853
-0.3944722 -0.9695692 2.070875
0.305636 -0.9774505 2.161172
-0.4139753 -1.043326 2.071134
0.4187582 -1.023106 2.117326
9
-0.2140389 -0.4280595 2.164808
-0.290315 -0.433235 2.14436
-0.1304066 -0.4084067 2.112498
-0.4579065 -0.6630409 2.021641
0.08007117 -0.6657847 2.125853
-0.3944722 -0.9695692 2.070875
0.305636 -0.9774505 2.161172
-0.4139753 -1.043326 2.071134
0.4187582 -1.023106 2.117326
9
-0.1985609 -0.4180984 2.168428
-0.275936 -0.4214868 2.147222
-0.1142374 -0.4004773 2.116689
-0.437305 -0.6573235 2.028134
0.089937 -0.6589139 2.129009
-0.3935775 -0.9675353 2.069197
0.3079076 -0.9734111 2.167658
-0.4065594 -1.009882 1.938376
0.2840731 -1.016164 2.0364
9
-0.1985609 -0.4180984 2.168428
-0.275936 -0.4214868 2.147222
-0.1142374 -0.4004773 2.116689
-0.437305 -0.6573235 2.028134
0.089937 -0.6589139 2.129009
-0.3935775 -0.9675353 2.069197
0.3079076 -0.9734111 2.167658
-0.4065594 -1.009882 1.938376
0.2840731 -1.016164 2.0364
9
-0.1638105 -0.4015858 2.170643
-0.2423023 -0.4076519 2.147968
-0.07974527 -0.3818798 2.120133
-0.4101765 -0.6414831 2.03469
0.1037501 -0.6453229 2.13106
-0.3928865 -0.9669785 2.068992
0.316717 -0.9772088 2.175386
-0.405104 -1.009777 1.938274
0.2935419 -1.020411 2.044252
9
-0.1638105 -0.4015858 2.170643
-0.2423023 -0.4076519 2.147968
-0.07974527 -0.3818798 2.120133
-0.4101765 -0.6414831 2.03469
0.1037501 -0.6453229 2.13106
-0.3928865 -0.9669785 2.068992
0.316717 -0.9772088 2.175386
-0.405104 -1.009777 1.938274
0.2935419 -1.020411 2.044252
9
-0.1506706 -0.3926281 2.171228
-0.2294471 -0.3977272 2.148274
-0.06671904 -0.3741623 2.120868
-0.3919561 -0.6366235 2.038331
0.1322328 -0.6377861 2.132005
-0.3919345 -0.9642063 2.069155
0.3210118 -0.9793904 2.18054
-0.4049151 -1.006206 1.938066
0.2970327 -1.021761 2.049059
9
-0.1506706 -0.3926281 2.171228
-0.2294471 -0.3977272 2.148274
-0.06671904 -0.3741623 2.120868
-0.3919561 -0.6366235 2.038331
0.1322328 -0.6377861 2.132005
-0.3919345 -0.9642063 2.069155
0.3210118 -0.9793904 2.18054
-0.4049151 -1.006206 1.938066
0.2970327 -1.021761 2.049059
9
-0.1259329 -0.3794 2.172717
-0.204033 -0.3827052 2.150703
-0.04345473 -0.3631083 2.121338
-0.360559 -0.6277023 2.046639
0.1441242 -0.6380796 2.131185
-0.3861591 -0.9653935 2.073881
0.3203823 -0.9777305 2.182529
-0.3997996 -1.006761 1.942514
0.2958555 -1.019496 2.050776
9
-0.1036751 -0.3700022 2.1736
-0.1830397 -0.3735516 2.15106
-0.02076236 -0.3539038 2.122615
-0.3368378 -0.6226332 2.055527
0.1543173 -0.627006 2.127526
-0.3805073 -0.9657103 2.076521
0.3228479 -0.9757962 2.1865
-0.3952373 -1.00651 1.945003
0.2972934 -1.017036 2.054599
9
-0.1036751 -0.3700022 2.1736
-0.1830397 -0.3735516 2.15106
-0.02076236 -0.3539038 2.122615
-0.3368378 -0.6226332 2.055527
0.1543173 -0.627006 2.127526
-0.3805073 -0.9657103 2.076521
0.3228479 -0.9757962 2.1865
-0.3952373 -1.00651 1.945003
0.2972934 -1.017036 2.054599
9
-0.1036751 -0.3700022 2.1736
-0.1830397 -0.3735516 2.15106
-0.02076236 -0.3539038 2.122615
-0.3368378 -0.6226332 2.055527
0.1543173 -0.627006 2.127526
-0.3805073 -0.9657103 2.076521
0.3228479 -0.9757962 2.1865
-0.3952373 -1.00651 1.945003
0.2972934 -1.017036 2.054599
9
-0.1036751 -0.3700022 2.1736
-0.1830397 -0.3735516 2.15106
-0.02076236 -0.3539038 2.122615
-0.3368378 -0.6226332 2.055527
0.1543173 -0.627006 2.127526
-0.3805073 -0.9657103 2.076521
0.3228479 -0.9757962 2.1865
-0.3952373 -1.00651 1.945003
0.2972934 -1.017036 2.054599
9
-0.1036751 -0.3700022 2.1736
-0.1830397 -0.3735516 2.15106
-0.02076236 -0.3539038 2.122615
-0.3368378 -0.6226332 2.055527
0.1543173 -0.627006 2.127526
-0.3805073 -0.9657103 2.076521
0.3228479 -0.9757962 2.1865
-0.3952373 -1.00651 1.945003
0.2972934 -1.017036 2.054599
9
-0.03016135 -0.3495252 2.171418
-0.1109032 -0.3536446 2.15086
0.05166611 -0.3335289 2.118225
-0.2616689 -0.6326994 2.073376
0.2053081 -0.6100584 2.114736
-0.3752981 -0.9668028 2.080401
0.3399663 -0.9714338 2.198405
-0.3921625 -1.005286 1.948035
0.312133 -1.010489 2.065649
