40
9
-0.07975008 -0.1671427 1.884002
-0.1558702 -0.1654366 1.862085
-0.0004358303 -0.1623273 1.831743
-0.3386175 -0.420472 1.7142
0.1720692 -0.4333232 1.872727
-0.2979392 -0.733148 1.745939
0.4168837 -0.7406914 1.978546
-0.306308 -0.7599186 1.636802
0.3958517 -0.7688587 1.869118
9
-0.07975008 -0.1671427 1.884002
-0.1558702 -0.1654366 1.862085
-0.0004358303 -0.1623273 1.831743
-0.3386175 -0.420472 1.7142
0.1720692 -0.4333232 1.872727
-0.2979392 -0.733148 1.745939
0.4168837 -0.7406914 1.978546
-0.306308 -0.7599186 1.636802
0.3958517 -0.7688587 1.869118
9
-0.07975008 -0.1671427 1.884002
-0.1558702 -0.1654366 1.862085
-0.0004358303 -0.1623273 1.831743
-0.3386175 -0.420472 1.7142
0.1720692 -0.4333232 1.872727
-0.2979392 -0.733148 1.745939
0.4168837 -0.7406914 1.978546
-0.306308 -0.7599186 1.636802
0.3958517 -0.7688587 1.869118
9
-0.07975008 -0.1671427 1.884002
-0.1558702 -0.1654366 1.862085
-0.0004358303 -0.1623273 1.831743
-0.3386175 -0.420472 1.7142
0.1720692 -0.4333232 1.872727
-0.2979392 -0.733148 1.745939
0.4168837 -0.7406914 1.978546
-0.306308 -0.7599186 1.636802
0.3958517 -0.7688587 1.869118
9
-0.1015322 -0.1811748 1.880998
-0.1773295 -0.18184 1.859093
-0.02174901 -0.1735893 1.828815
-0.3584403 -0.4331281 1.701624
0.1624598 -0.4366946 1.870707
-0.2994912 -0.7344389 1.744651
0.4110333 -0.7421305 1.973954
-0.307703 -0.7623021 1.636123
0.3902107 -0.7713655 1.865121
9
-0.1015322 -0.1811748 1.880998
-0.1773295 -0.18184 1.859093
-0.02174901 -0.1735893 1.828815
-0.3584403 -0.4331281 1.701624
0.1624598 -0.4366946 1.870707
-0.2994912 -0.7344389 1.744651
0.4110333 -0.7421305 1.973954
-0.307703 -0.7623021 1.636123
0.3902107 -0.7713655 1.865121
9
-0.1068183 -0.1855058 1.880062
-0.1819858 -0.1860344 1.858204
-0.02739546 -0.1777631 1.827872
-0.3635246 -0.4356299 1.698153
0.1594208 -0.4388011 1.870525
-0.2968729 -0.7451536 1.744723
0.4072423 -0.7455156 1.972065
-0.3108044 -0.8025801 1.706954
0.386589 -0.7748071 1.863291
9
-0.1068183 -0.1855058 1.880062
-0.1819858 -0.1860344 1.858204
-0.02739546 -0.1777631 1.827872
-0.3635246 -0.4356299 1.698153
0.1594208 -0.4388011 1.870525
-0.2968729 -0.7451536 1.744723
0.4072423 -0.7455156 1.972065
-0.3108044 -0.8025801 1.706954
0.386589 -0.7748071 1.863291
9
-0.1120543 -0.1893203 1.879307
-0.1867549 -0.1901403 1.857553
-0.03289535 -0.1811064 1.82704
-0.3688977 -0.4375095 1.694178
0.1437113 -0.4491072 1.869428
-0.2967294 -0.7489316 1.745279
0.401489 -0.7479962 1.969998
-0.3124523 -0.8052306 1.70223
0.3807734 -0.7774792 1.861391
9
-0.1120543 -0.1893203 1.879307
-0.1867549 -0.1901403 1.857553
-0.03289535 -0.1811064 1.82704
-0.3688977 -0.4375095 1.694178
0.1437113 -0.4491072 1.869428
-0.2967294 -0.7489316 1.745279
0.401489 -0.7479962 1.969998
-0.3124523 -0.8052306 1.70223
0.3807734 -0.7774792 1.861391
9
-0.1159703 -0.1917763 1.878586
-0.1904807 -0.1929983 1.857027
-0.03685804 -0.1830699 1.826146
-0.3719302 -0.4397511 1.69164
0.139647 -0.4511592 1.868523
-0.2964896 -0.7504318 1.74485
0.3966723 -0.7506701 1.969181
-0.3138292 -0.8063025 1.702653
0.3759786 -0.7803628 1.860745
9
-0.1159703 -0.1917763 1.878586
-0.1904807 -0.1929983 1.857027
-0.03685804 -0.1830699 1.826146
-0.3719302 -0.4397511 1.69164
0.139647 -0.4511592 1.868523
-0.2964896 -0.7504318 1.74485
0.3966723 -0.7506701 1.969181
-0.3138292 -0.8063025 1.702653
0.3759786 -0.7803628 1.860745
9
-0.1185465 -0.1930839 1.878253
-0.1931154 -0.1946995 1.856695
-0.03927495 -0.1839561 1.825823
-0.3742548 -0.4406382 1.689415
0.1380955 -0.4515683 1.868015
-0.2962301 -0.7511109 1.744605
0.3940583 -0.7520612 1.968487
-0.313977 -0.8064024 1.699635
0.3734467 -0.781914 1.860163
9
-0.1185465 -0.1930839 1.878253
-0.1931154 -0.1946995 1.856695
-0.03927495 -0.1839561 1.825823
-0.3742548 -0.4406382 1.689415
0.1380955 -0.4515683 1.868015
-0.2962301 -0.7511109 1.744605
0.3940583 -0.7520612 1.968487
-0.313977 -0.8064024 1.699635
0.3734467 -0.781914 1.860163
9
-0.1199567 -0.1934336 1.878447
-0.1947047 -0.1953055 1.856889
-0.04047016 -0.1840619 1.82602
-0.3752834 -0.4408796 1.688179
0.1370882 -0.4516879 1.867857
-0.2962578 -0.7512811 1.744411
0.3921223 -0.7530504 1.968121
-0.3139189 -0.8066033 1.699522
0.3714091 -0.7830217 1.859911
9
-0.1199567 -0.1934336 1.878447
-0.1947047 -0.1953055 1.856889
-0.04047016 -0.1840619 1.82602
-0.3752834 -0.4408796 1.688179
0.1370882 -0.4516879 1.867857
-0.2962578 -0.7512811 1.744411
0.3921223 -0.7530504 1.968121
-0.3139189 -0.8066033 1.699522
0.3714091 -0.7830217 1.859911
9
-0.1206497 -0.1933735 1.878293
-0.1953156 -0.1953979 1.856789
-0.04124451 -0.1838085 1.8258
-0.375827 -0.4405479 1.687194
0.136339 -0.4514512 1.867599
-0.2962636 -0.7513976 1.744329
0.3911991 -0.7530391 1.967682
-0.3138449 -0.8067427 1.699481
0.3704453 -0.783045 1.859512
9
-0.1206497 -0.1933735 1.878293
-0.1953156 -0.1953979 1.856789
-0.04124451 -0.1838085 1.8258
-0.375827 -0.4405479 1.687194
0.136339 -0.4514512 1.867599
-0.2962636 -0.7513976 1.744329
0.3911991 -0.7530391 1.967682
-0.3138449 -0.8067427 1.699481
0.3704453 -0.783045 1.859512
9
-0.120962 -0.1927645 1.878179
-0.1956389 -0.1949167 1.856586
-0.04152973 -0.1830458 1.825784
-0.3755491 -0.4405759 1.687104
0.1362597 -0.4505933 1.867542
-0.2958738 -0.7519243 1.744159
0.3907825 -0.7526686 1.967119
-0.3141193 -0.8069636 1.698941
0.3700134 -0.7826839 1.858966
9
-0.1205852 -0.1907915 1.878448
-0.1953623 -0.1930556 1.856897
-0.04104129 -0.1810158 1.826003
-0.3733009 -0.4398903 1.686819
0.142519 -0.4447632 1.867797
-0.2956504 -0.7519675 1.74399
0.3917105 -0.7515075 1.966602
-0.3144395 -0.8067279 1.698325
0.3708772 -0.7815516 1.858473
9
-0.1205852 -0.1907915 1.878448
-0.1953623 -0.1930556 1.856897
-0.04104129 -0.1810158 1.826003
-0.3733009 -0.4398903 1.686819
0.142519 -0.4447632 1.867797
-0.2956504 -0.7519675 1.74399
0.3917105 -0.7515075 1.966602
-0.3144395 -0.8067279 1.698325
0.3708772 -0.7815516 1.858473
9
-0.1170485 -0.1872596 1.879611
-0.1923155 -0.1898088 1.857845
-0.03708956 -0.1773154 1.82738
-0.3683733 -0.4383319 1.68818
0.144377 -0.4428654 1.868058
-0.2956487 -0.7516536 1.743711
0.3921682 -0.7509788 1.966218
-0.3142149 -0.8065071 1.698157
0.3713787 -0.7809865 1.858065
9
-0.1170485 -0.1872596 1.879611
-0.1923155 -0.1898088 1.857845
-0.03708956 -0.1773154 1.82738
-0.3683733 -0.4383319 1.68818
0.144377 -0.4428654 1.868058
-0.2956487 -0.7516536 1.743711
0.3921682 -0.7509788 1.966218
-0.3142149 -0.8065071 1.698157
0.3713787 -0.7809865 1.858065
9
-0.1094976 -0.1804207 1.88162
-0.1856571 -0.1834757 1.859537
-0.02890549 -0.1702405 1.829668
-0.3590928 -0.4348873 1.691433
0.1490479 -0.438979 1.867736
-0.2950773 -0.7513384 1.743379
0.3928278 -0.7497031 1.967352
-0.3141059 -0.8060381 1.697884
0.3718921 -0.7795295 1.859108
9
-0.1094976 -0.1804207 1.88162
-0.1856571 -0.1834757 1.859537
-0.02890549 -0.1702405 1.829668
-0.3590928 -0.4348873 1.691433
0.1490479 -0.438979 1.867736
-0.2950773 -0.7513384 1.743379
0.3928278 -0.7497031 1.967352
-0.3141059 -0.8060381 1.697884
0.3718921 -0.7795295 1.859108
9
-0.1006066 -0.1740726 1.883457
-0.1766818 -0.1764474 1.861996
-0.02044999 -0.1647795 1.830871
-0.3467325 -0.4314815 1.695941
0.1545204 -0.4359566 1.867229
-0.2942528 -0.7506863 1.742862
0.3942335 -0.7493351 1.968057
-0.3153102 -0.8047907 1.698233
0.4694599 -0.7945043 1.929494
9
-0.1006066 -0.1740726 1.883457
-0.1766818 -0.1764474 1.861996
-0.02044999 -0.1647795 1.830871
-0.3467325 -0.4314815 1.695941
0.1545204 -0.4359566 1.867229
-0.2942528 -0.7506863 1.742862
0.3942335 -0.7493351 1.968057
-0.3153102 -0.8047907 1.698233
0.4694599 -0.7945043 1.929494
9
-0.08573715 -0.164801 1.888319
-0.1642647 -0.1674471 1.866518
-0.003562051 -0.1556831 1.835979
-0.3290598 -0.4282145 1.704494
0.1855206 -0.4440831 1.874985
-0.2932385 -0.7508851 1.742431
0.3974188 -0.7442691 1.967929
-0.3152971 -0.8046844 1.698374
0.3762581 -0.7736987 1.859428
9
-0.08573715 -0.164801 1.888319
-0.1642647 -0.1674471 1.866518
-0.003562051 -0.1556831 1.835979
-0.3290598 -0.4282145 1.704494
0.1855206 -0.4440831 1.874985
-0.2932385 -0.7508851 1.742431
0.3974188 -0.7442691 1.967929
-0.3152971 -0.8046844 1.698374
0.3762581 -0.7736987 1.859428
9
-0.08573715 -0.164801 1.888319
-0.1642647 -0.1674471 1.866518
-0.003562051 -0.1556831 1.835979
-0.3290598 -0.4282145 1.704494
0.1855206 -0.4440831 1.874985
-0.2932385 -0.7508851 1.742431
0.3974188 -0.7442691 1.967929
-0.3152971 -0.8046844 1.698374
0.3762581 -0.7736987 1.859428
9
-0.08573715 -0.164801 1.888319
-0.1642647 -0.1674471 1.866518
-0.003562051 -0.1556831 1.835979
-0.3290598 -0.4282145 1.704494
0.1855206 -0.4440831 1.874985
-0.2932385 -0.7508851 1.742431
0.3974188 -0.7442691 1.967929
-0.3152971 -0.8046844 1.698374
0.3762581 -0.7736987 1.859428
9
-0.03400675 -0.1403808 1.901727
-0.1132428 -0.1434443 1.880059
0.04663253 -0.1318264 1.849069
-0.2720819 -0.4154719 1.733112
0.2040322 -0.4273703 1.872271
-0.2913024 -0.7465047 1.742607
0.4163437 -0.7465433 1.970871
-0.3005862 -0.7737457 1.634193
0.3945179 -0.7752971 1.862136
9
-0.03400675 -0.1403808 1.901727
-0.1132428 -0.1434443 1.880059
0.04663253 -0.1318264 1.849069
-0.2720819 -0.4154719 1.733112
0.2040322 -0.4273703 1.872271
-0.2913024 -0.7465047 1.742607
0.4163437 -0.7465433 1.970871
-0.3005862 -0.7737457 1.634193
0.3945179 -0.7752971 1.862136
9
-0.02415723 -0.136821 1.905239
-0.1037936 -0.1397001 1.88412
0.05652882 -0.1285852 1.852029
-0.2597077 -0.4143787 1.739182
0.2114349 -0.4183688 1.869841
-0.2883589 -0.7445788 1.744347
0.4205829 -0.7429037 1.971175
-0.2983002 -0.7717007 1.635949
0.3980843 -0.7715596 1.862472
9
-0.02415723 -0.136821 1.905239
-0.1037936 -0.1397001 1.88412
0.05652882 -0.1285852 1.852029
-0.2597077 -0.4143787 1.739182
0.2114349 -0.4183688 1.869841
-0.2883589 -0.7445788 1.744347
0.4205829 -0.7429037 1.971175
-0.2983002 -0.7717007 1.635949
0.3980843 -0.7715596 1.862472
9
0.004998102 -0.1267505 1.913489
-0.07333779 -0.1297605 1.893993
0.08329411 -0.1188187 1.858709
-0.2291827 -0.4078618 1.756845
0.2302505 -0.4121899 1.867641
-0.285192 -0.7435719 1.746746
0.4257447 -0.7396328 1.972414
-0.296436 -0.7703854 1.638412
0.4019232 -0.7680128 1.863794
9
0.004998102 -0.1267505 1.913489
-0.07333779 -0.1297605 1.893993
0.08329411 -0.1188187 1.858709
-0.2291827 -0.4078618 1.756845
0.2302505 -0.4121899 1.867641
-0.285192 -0.7435719 1.746746
0.4257447 -0.7396328 1.972414
-0.296436 -0.7703854 1.638412
0.4019232 -0.7680128 1.863794
9
0.03260842 -0.1192487 1.921795
-0.04863005 -0.123209 1.901758
0.1127093 -0.1106464 1.86746
-0.1988757 -0.4081155 1.775011
0.2580392 -0.4063971 1.866138
-0.2801315 -0.7406675 1.750023
0.431164 -0.7363645 1.974302
-0.2925233 -0.7671494 1.641678
0.4062077 -0.7644149 1.865708
9
0.03260842 -0.1192487 1.921795
-0.04863005 -0.123209 1.901758
0.1127093 -0.1106464 1.86746
-0.1988757 -0.4081155 1.775011
0.2580392 -0.4063971 1.866138
-0.2801315 -0.7406675 1.750023
0.431164 -0.7363645 1.974302
-0.2925233 -0.7671494 1.641678
0.4062077 -0.7644149 1.865708
9
0.0615026 -0.1106588 1.927971
-0.01850844 -0.1143545 1.909151
0.1392515 -0.1026814 1.872474
-0.1635615 -0.4159068 1.790711
0.2807482 -0.4010864 1.86462
-0.2740024 -0.7406094 1.753226
0.4358327 -0.7359471 1.975631
-0.2873834 -0.7667671 1.644884
0.4852511 -0.7908418 1.93658
