40
9
-0.1455013 -0.3843919 2.151977
-0.2255673 -0.3871671 2.128453
-0.06049594 -0.3686835 2.102222
-0.4050287 -0.6428531 2.03602
0.09959132 -0.6466591 2.11568
-0.3868251 -0.9662633 2.06564
0.3129663 -0.9704337 2.149026
-0.4260221 -1.041748 2.038559
0.3254426 -1.054641 2.102281
9
-0.1695006 -0.3975345 2.151348
-0.2470875 -0.3994631 2.128023
-0.08610562 -0.3820853 2.101511
-0.4283159 -0.652631 2.031992
0.09226087 -0.652115 2.117716
-0.3887755 -0.9695758 2.065079
0.3082304 -0.9741815 2.148682
-0.4373977 -1.037089 2.054056
0.2902336 -1.012986 2.010048
9
-0.1695006 -0.3975345 2.151348
-0.2470875 -0.3994631 2.128023
-0.08610562 -0.3820853 2.101511
-0.4283159 -0.652631 2.031992
0.09226087 -0.652115 2.117716
-0.3887755 -0.9695758 2.065079
0.3082304 -0.9741815 2.148682
-0.4373977 -1.037089 2.054056
0.2902336 -1.012986 2.010048
9
-0.181395 -0.4061747 2.151142
-0.2596063 -0.4097936 2.127094
-0.09704784 -0.3889461 2.102032
-0.4485067 -0.6563536 2.028466
0.08645641 -0.6599301 2.12159
-0.389972 -0.9701151 2.063647
0.3056359 -0.9824371 2.14919
-0.4375652 -1.037698 2.054757
0.2884554 -1.021582 2.01073
9
-0.181395 -0.4061747 2.151142
-0.2596063 -0.4097936 2.127094
-0.09704784 -0.3889461 2.102032
-0.4485067 -0.6563536 2.028466
0.08645641 -0.6599301 2.12159
-0.389972 -0.9701151 2.063647
0.3056359 -0.9824371 2.14919
-0.4375652 -1.037698 2.054757
0.2884554 -1.021582 2.01073
9
-0.181395 -0.4061747 2.151142
-0.2596063 -0.4097936 2.127094
-0.09704784 -0.3889461 2.102032
-0.4485067 -0.6563536 2.028466
0.08645641 -0.6599301 2.12159
-0.389972 -0.9701151 2.063647
0.3056359 -0.9824371 2.14919
-0.4375652 -1.037698 2.054757
0.2884554 -1.021582 2.01073
9
-0.181395 -0.4061747 2.151142
-0.2596063 -0.4097936 2.127094
-0.09704784 -0.3889461 2.102032
-0.4485067 -0.6563536 2.028466
0.08645641 -0.6599301 2.12159
-0.389972 -0.9701151 2.063647
0.3056359 -0.9824371 2.14919
-0.4375652 -1.037698 2.054757
0.2884554 -1.021582 2.01073
9
-0.2244928 -0.4314976 2.154312
-0.30119 -0.433441 2.129406
-0.1400294 -0.4149254 2.106445
-0.4830479 -0.6804026 2.015766
0.07854295 -0.6684914 2.125799
-0.4026153 -0.9615805 2.052976
0.3040642 -0.9872745 2.15004
-0.4089971 -1.00254 1.91597
0.2866945 -1.028369 2.012681
9
-0.2244928 -0.4314976 2.154312
-0.30119 -0.433441 2.129406
-0.1400294 -0.4149254 2.106445
-0.4830479 -0.6804026 2.015766
0.07854295 -0.6684914 2.125799
-0.4026153 -0.9615805 2.052976
0.3040642 -0.9872745 2.15004
-0.4089971 -1.00254 1.91597
0.2866945 -1.028369 2.012681
9
-0.2255102 -0.4320602 2.154022
-0.3028242 -0.4351649 2.129143
-0.1407405 -0.4148453 2.106126
-0.4900459 -0.6769715 2.01187
0.0764164 -0.6724595 2.126496
-0.4037025 -0.9606594 2.052072
0.3035659 -0.9908399 2.14947
-0.4452744 -1.031493 2.044237
0.2869707 -1.032001 2.012103
9
-0.2255102 -0.4320602 2.154022
-0.3028242 -0.4351649 2.129143
-0.1407405 -0.4148453 2.106126
-0.4900459 -0.6769715 2.01187
0.0764164 -0.6724595 2.126496
-0.4037025 -0.9606594 2.052072
0.3035659 -0.9908399 2.14947
-0.4452744 -1.031493 2.044237
0.2869707 -1.032001 2.012103
9
-0.2339522 -0.4356289 2.152952
-0.3118028 -0.4396553 2.128187
-0.1481965 -0.4172308 2.105024
-0.5002375 -0.6786659 2.005759
0.07361494 -0.6759684 2.126977
-0.4092315 -0.9550609 2.046964
0.3028938 -0.9948875 2.149019
-0.4492093 -1.026261 2.040819
0.2855876 -1.036225 2.011885
9
-0.2339522 -0.4356289 2.152952
-0.3118028 -0.4396553 2.128187
-0.1481965 -0.4172308 2.105024
-0.5002375 -0.6786659 2.005759
0.07361494 -0.6759684 2.126977
-0.4092315 -0.9550609 2.046964
0.3028938 -0.9948875 2.149019
-0.4492093 -1.026261 2.040819
0.2855876 -1.036225 2.011885
9
-0.2401629 -0.4389507 2.152533
-0.3179277 -0.4436226 2.127476
-0.1542441 -0.4197052 2.104915
-0.5045558 -0.6826377 2.001365
0.06949268 -0.6773711 2.127318
-0.4130665 -0.9541621 2.044283
0.3019343 -0.9958143 2.148841
-0.4798358 -1.040553 2.068216
0.2861 -1.037388 2.01168
9
-0.2401629 -0.4389507 2.152533
-0.3179277 -0.4436226 2.127476
-0.1542441 -0.4197052 2.104915
-0.5045558 -0.6826377 2.001365
0.06949268 -0.6773711 2.127318
-0.4130665 -0.9541621 2.044283
0.3019343 -0.9958143 2.148841
-0.4798358 -1.040553 2.068216
0.2861 -1.037388 2.01168
9
-0.2401629 -0.4389507 2.152533
-0.3179277 -0.4436226 2.127476
-0.1542441 -0.4197052 2.104915
-0.5045558 -0.6826377 2.001365
0.06949268 -0.6773711 2.127318
-0.4130665 -0.9541621 2.044283
0.3019343 -0.9958143 2.148841
-0.4798358 -1.040553 2.068216
0.2861 -1.037388 2.01168
9
-0.2401629 -0.4389507 2.152533
-0.3179277 -0.4436226 2.127476
-0.1542441 -0.4197052 2.104915
-0.5045558 -0.6826377 2.001365
0.06949268 -0.6773711 2.127318
-0.4130665 -0.9541621 2.044283
0.3019343 -0.9958143 2.148841
-0.4798358 -1.040553 2.068216
0.2861 -1.037388 2.01168
9
-0.2471484 -0.4433468 2.151503
-0.3244664 -0.4483847 2.126334
-0.1614171 -0.4234813 2.104054
-0.5108392 -0.6861086 1.996547
0.06181063 -0.6788963 2.127641
-0.4151607 -0.9544806 2.04293
0.3017293 -1.000146 2.147507
-0.4486531 -1.028692 2.03722
0.2860253 -1.04175 2.010411
9
-0.2471484 -0.4433468 2.151503
-0.3244664 -0.4483847 2.126334
-0.1614171 -0.4234813 2.104054
-0.5108392 -0.6861086 1.996547
0.06181063 -0.6788963 2.127641
-0.4151607 -0.9544806 2.04293
0.3017293 -1.000146 2.147507
-0.4486531 -1.028692 2.03722
0.2860253 -1.04175 2.010411
9
-0.2471484 -0.4433468 2.151503
-0.3244664 -0.4483847 2.126334
-0.1614171 -0.4234813 2.104054
-0.5108392 -0.6861086 1.996547
0.06181063 -0.6788963 2.127641
-0.4151607 -0.9544806 2.04293
0.3017293 -1.000146 2.147507
-0.4486531 -1.028692 2.03722
0.2860253 -1.04175 2.010411
9
-0.2482198 -0.4449496 2.150717
-0.3255923 -0.4508678 2.125264
-0.1623824 -0.4243468 2.103504
-0.5130239 -0.6872961 1.994394
0.05615935 -0.6786903 2.127815
-0.4193963 -0.9581284 2.042637
0.299165 -0.9977 2.147493
-0.4392931 -1.039913 2.024215
0.2837245 -1.039302 2.010338
9
-0.2500097 -0.4462534 2.149866
-0.327145 -0.4521128 2.124374
-0.1643369 -0.4255717 2.102736
-0.5147059 -0.6883964 1.993532
0.05445964 -0.678985 2.127515
-0.4181868 -0.9616386 2.043553
0.2981136 -0.9974211 2.14802
-0.4447553 -1.040475 2.029982
0.2827606 -1.038927 2.010797
9
-0.2500097 -0.4462534 2.149866
-0.327145 -0.4521128 2.124374
-0.1643369 -0.4255717 2.102736
-0.5147059 -0.6883964 1.993532
0.05445964 -0.678985 2.127515
-0.4181868 -0.9616386 2.043553
0.2981136 -0.9974211 2.14802
-0.4447553 -1.040475 2.029982
0.2827606 -1.038927 2.010797
9
-0.2506365 -0.4468059 2.149737
-0.3277944 -0.4527571 2.124258
-0.164913 -0.4259837 2.102608
-0.515787 -0.6882758 1.992332
0.05283048 -0.6790429 2.12691
-0.4160181 -0.959042 2.043196
0.2971626 -0.9969203 2.147897
-0.4201201 -1.000519 1.906296
0.2819474 -1.038403 2.010641
9
-0.2506365 -0.4468059 2.149737
-0.3277944 -0.4527571 2.124258
-0.164913 -0.4259837 2.102608
-0.515787 -0.6882758 1.992332
0.05283048 -0.6790429 2.12691
-0.4160181 -0.959042 2.043196
0.2971626 -0.9969203 2.147897
-0.4201201 -1.000519 1.906296
0.2819474 -1.038403 2.010641
9
-0.2506365 -0.4468059 2.149737
-0.3277944 -0.4527571 2.124258
-0.164913 -0.4259837 2.102608
-0.515787 -0.6882758 1.992332
0.05283048 -0.6790429 2.12691
-0.4160181 -0.959042 2.043196
0.2971626 -0.9969203 2.147897
-0.4201201 -1.000519 1.906296
0.2819474 -1.038403 2.010641
9
-0.2506365 -0.4468059 2.149737
-0.3277944 -0.4527571 2.124258
-0.164913 -0.4259837 2.102608
-0.515787 -0.6882758 1.992332
0.05283048 -0.6790429 2.12691
-0.4160181 -0.959042 2.043196
0.2971626 -0.9969203 2.147897
-0.4201201 -1.000519 1.906296
0.2819474 -1.038403 2.010641
9
-0.2506365 -0.4468059 2.149737
-0.3277944 -0.4527571 2.124258
-0.164913 -0.4259837 2.102608
-0.515787 -0.6882758 1.992332
0.05283048 -0.6790429 2.12691
-0.4160181 -0.959042 2.043196
0.2971626 -0.9969203 2.147897
-0.4201201 -1.000519 1.906296
0.2819474 -1.038403 2.010641
9
-0.2506365 -0.4468059 2.149737
-0.3277944 -0.4527571 2.124258
-0.164913 -0.4259837 2.102608
-0.515787 -0.6882758 1.992332
0.05283048 -0.6790429 2.12691
-0.4160181 -0.959042 2.043196
0.2971626 -0.9969203 2.147897
-0.4201201 -1.000519 1.906296
0.2819474 -1.038403 2.010641
9
-0.2479749 -0.444148 2.149781
-0.3253613 -0.4499107 2.124822
-0.1620196 -0.4234457 2.102104
-0.5110606 -0.6872578 1.992687
0.0528814 -0.6780111 2.126815
-0.4149104 -0.9585665 2.043654
0.2872503 -0.9982 2.152528
-0.4536133 -1.02832 2.054688
0.3757954 -1.013248 2.092362
9
-0.2479749 -0.444148 2.149781
-0.3253613 -0.4499107 2.124822
-0.1620196 -0.4234457 2.102104
-0.5110606 -0.6872578 1.992687
0.0528814 -0.6780111 2.126815
-0.4149104 -0.9585665 2.043654
0.2872503 -0.9982 2.152528
-0.4536133 -1.02832 2.054688
0.3757954 -1.013248 2.092362
9
-0.2479749 -0.444148 2.149781
-0.3253613 -0.4499107 2.124822
-0.1620196 -0.4234457 2.102104
-0.5110606 -0.6872578 1.992687
0.0528814 -0.6780111 2.126815
-0.4149104 -0.9585665 2.043654
0.2872503 -0.9982 2.152528
-0.4536133 -1.02832 2.054688
0.3757954 -1.013248 2.092362
9
-0.2479749 -0.444148 2.149781
-0.3253613 -0.4499107 2.124822
-0.1620196 -0.4234457 2.102104
-0.5110606 -0.6872578 1.992687
0.0528814 -0.6780111 2.126815
-0.4149104 -0.9585665 2.043654
0.2872503 -0.9982 2.152528
-0.4536133 -1.02832 2.054688
0.3757954 -1.013248 2.092362
9
-0.2479749 -0.444148 2.149781
-0.3253613 -0.4499107 2.124822
-0.1620196 -0.4234457 2.102104
-0.5110606 -0.6872578 1.992687
0.0528814 -0.6780111 2.126815
-0.4149104 -0.9585665 2.043654
0.2872503 -0.9982 2.152528
-0.4536133 -1.02832 2.054688
0.3757954 -1.013248 2.092362
9
-0.2479749 -0.444148 2.149781
-0.3253613 -0.4499107 2.124822
-0.1620196 -0.4234457 2.102104
-0.5110606 -0.6872578 1.992687
0.0528814 -0.6780111 2.126815
-0.4149104 -0.9585665 2.043654
0.2872503 -0.9982 2.152528
-0.4536133 -1.02832 2.054688
0.3757954 -1.013248 2.092362
9
-0.1984469 -0.4143041 2.153351
-0.2783165 -0.4188611 2.130228
-0.1117767 -0.3956971 2.10349
-0.4568641 -0.6689909 2.017069
0.06525031 -0.6599059 2.12652
-0.4131806 -0.9592946 2.045002
0.2897238 -0.9915574 2.152678
-0.4325173 -1.035448 2.048538
0.2718153 -1.032168 2.015163
9
-0.1984469 -0.4143041 2.153351
-0.2783165 -0.4188611 2.130228
-0.1117767 -0.3956971 2.10349
-0.4568641 -0.6689909 2.017069
0.06525031 -0.6599059 2.12652
-0.4131806 -0.9592946 2.045002
0.2897238 -0.9915574 2.152678
-0.4325173 -1.035448 2.048538
0.2718153 -1.032168 2.015163
9
-0.1896199 -0.4100971 2.155152
-0.2697372 -0.4151418 2.132875
-0.1029091 -0.3910967 2.104397
-0.4493425 -0.6652539 2.021679
0.07764845 -0.6596192 2.128348
-0.4120024 -0.9614289 2.048849
0.2938983 -0.9907678 2.155053
-0.41923 -1.00205 1.91182
0.2756924 -1.031513 2.017623
9
-0.1896199 -0.4100971 2.155152
-0.2697372 -0.4151418 2.132875
-0.1029091 -0.3910967 2.104397
-0.4493425 -0.6652539 2.021679
0.07764845 -0.6596192 2.128348
-0.4120024 -0.9614289 2.048849
0.2938983 -0.9907678 2.155053
-0.41923 -1.00205 1.91182
0.2756924 -1.031513 2.017623
9
-0.1714857 -0.4013033 2.157087
-0.2518635 -0.4072195 2.135328
-0.08520332 -0.3817554 2.105697
-0.4369007 -0.655063 2.029004
0.08685187 -0.6584174 2.129992
-0.4091241 -0.9593302 2.050848
0.296106 -0.9883065 2.155767
-0.41693 -0.9999698 1.913837
0.2773347 -1.029071 2.018368
