40
9
-0.2720592 -0.2220893 2.0278
-0.3429582 -0.2225682 2.000317
-0.1912207 -0.2135267 1.981648
-0.6065308 -0.3626455 1.812732
0.06753496 -0.434597 1.934739
-0.5517182 -0.7447938 1.87133
0.3165734 -0.7553048 1.985407
-0.5619829 -0.8036765 1.830531
0.3042158 -0.7886584 1.876868
9
-0.2720592 -0.2220893 2.0278
-0.3429582 -0.2225682 2.000317
-0.1912207 -0.2135267 1.981648
-0.6065308 -0.3626455 1.812732
0.06753496 -0.434597 1.934739
-0.5517182 -0.7447938 1.87133
0.3165734 -0.7553048 1.985407
-0.5619829 -0.8036765 1.830531
0.3042158 -0.7886584 1.876868
9
-0.2780766 -0.2282005 2.027208
-0.3492179 -0.228703 1.999022
-0.196834 -0.2194481 1.98178
-0.6140509 -0.3645266 1.81004
0.06661077 -0.4350746 1.932834
-0.5521458 -0.7474557 1.871576
0.317708 -0.7541088 1.9839
-0.56212 -0.8062405 1.829653
0.3051779 -0.7875249 1.875407
9
-0.2780766 -0.2282005 2.027208
-0.3492179 -0.228703 1.999022
-0.196834 -0.2194481 1.98178
-0.6140509 -0.3645266 1.81004
0.06661077 -0.4350746 1.932834
-0.5521458 -0.7474557 1.871576
0.317708 -0.7541088 1.9839
-0.56212 -0.8062405 1.829653
0.3051779 -0.7875249 1.875407
9
-0.2854469 -0.2338068 2.026553
-0.3560316 -0.2336201 1.997919
-0.2044983 -0.2255675 1.981698
-0.6210565 -0.3670869 1.807537
0.0635675 -0.4356178 1.931496
-0.5522922 -0.7487143 1.871859
0.3160537 -0.7536665 1.982175
-0.5625402 -0.8072978 1.829126
0.3037702 -0.7870721 1.87366
9
-0.2854469 -0.2338068 2.026553
-0.3560316 -0.2336201 1.997919
-0.2044983 -0.2255675 1.981698
-0.6210565 -0.3670869 1.807537
0.0635675 -0.4356178 1.931496
-0.5522922 -0.7487143 1.871859
0.3160537 -0.7536665 1.982175
-0.5625402 -0.8072978 1.829126
0.3037702 -0.7870721 1.87366
9
-0.2897258 -0.2370813 2.025697
-0.3606164 -0.2370672 1.99665
-0.2083161 -0.2285401 1.981251
-0.6262134 -0.3683818 1.805658
0.06293789 -0.4346282 1.931548
-0.5525529 -0.7497608 1.872082
0.3146062 -0.7533681 1.982053
-0.5625692 -0.8083045 1.828878
0.3020954 -0.7868044 1.873601
9
-0.2897258 -0.2370813 2.025697
-0.3606164 -0.2370672 1.99665
-0.2083161 -0.2285401 1.981251
-0.6262134 -0.3683818 1.805658
0.06293789 -0.4346282 1.931548
-0.5525529 -0.7497608 1.872082
0.3146062 -0.7533681 1.982053
-0.5625692 -0.8083045 1.828878
0.3020954 -0.7868044 1.873601
9
-0.2929307 -0.2394362 2.025206
-0.3638131 -0.2393908 1.996017
-0.2113889 -0.230821 1.980934
-0.6295831 -0.3698516 1.804804
0.06199218 -0.4341984 1.931763
-0.5527923 -0.7504236 1.872235
0.313383 -0.7531916 1.982144
-0.562369 -0.8090446 1.82882
0.3008023 -0.7866231 1.873693
9
-0.2929307 -0.2394362 2.025206
-0.3638131 -0.2393908 1.996017
-0.2113889 -0.230821 1.980934
-0.6295831 -0.3698516 1.804804
0.06199218 -0.4341984 1.931763
-0.5527923 -0.7504236 1.872235
0.313383 -0.7531916 1.982144
-0.562369 -0.8090446 1.82882
0.3008023 -0.7866231 1.873693
9
-0.2942654 -0.2400345 2.025149
-0.3650263 -0.2400161 1.995891
-0.2127989 -0.2313654 1.980962
-0.6308281 -0.3702908 1.804628
0.06079995 -0.434488 1.931818
-0.5529622 -0.7508464 1.872344
0.3133654 -0.7526701 1.981714
-0.5636885 -0.809306 1.83006
0.300937 -0.7861235 1.873257
9
-0.2942654 -0.2400345 2.025149
-0.3650263 -0.2400161 1.995891
-0.2127989 -0.2313654 1.980962
-0.6308281 -0.3702908 1.804628
0.06079995 -0.434488 1.931818
-0.5529622 -0.7508464 1.872344
0.3133654 -0.7526701 1.981714
-0.5636885 -0.809306 1.83006
0.300937 -0.7861235 1.873257
9
-0.2942654 -0.2400345 2.025149
-0.3650263 -0.2400161 1.995891
-0.2127989 -0.2313654 1.980962
-0.6308281 -0.3702908 1.804628
0.06079995 -0.434488 1.931818
-0.5529622 -0.7508464 1.872344
0.3133654 -0.7526701 1.981714
-0.5636885 -0.809306 1.83006
0.300937 -0.7861235 1.873257
9
-0.2949999 -0.2403532 2.024989
-0.3657539 -0.2404332 1.995591
-0.213531 -0.2315883 1.980935
-0.6317114 -0.3704284 1.804396
0.06008751 -0.4346983 1.931727
-0.5531536 -0.7510296 1.872421
0.31358 -0.7522813 1.981015
-0.5647489 -0.8092656 1.830377
0.3012875 -0.7857498 1.872553
9
-0.2949999 -0.2403532 2.024989
-0.3657539 -0.2404332 1.995591
-0.213531 -0.2315883 1.980935
-0.6317114 -0.3704284 1.804396
0.06008751 -0.4346983 1.931727
-0.5531536 -0.7510296 1.872421
0.31358 -0.7522813 1.981015
-0.5647489 -0.8092656 1.830377
0.3012875 -0.7857498 1.872553
9
-0.2954172 -0.2404492 2.024974
-0.3661405 -0.2405291 1.995592
-0.2139565 -0.2316768 1.980908
-0.6321054 -0.3705629 1.804461
0.05972621 -0.4347128 1.931675
-0.5535011 -0.7516631 1.872533
0.3122521 -0.7530978 1.980779
-0.5644189 -0.8100216 1.830007
0.3000283 -0.7865601 1.872319
9
-0.2955361 -0.2403973 2.02495
-0.3662358 -0.2404821 1.995579
-0.214094 -0.2316207 1.980871
-0.6319953 -0.3709943 1.804507
0.05922047 -0.4351035 1.930655
-0.5534694 -0.7518919 1.872666
0.3115729 -0.7535304 1.980217
-0.5655436 -0.8098199 1.829549
0.2993722 -0.7869799 1.871756
9
-0.2955361 -0.2403973 2.02495
-0.3662358 -0.2404821 1.995579
-0.214094 -0.2316207 1.980871
-0.6319953 -0.3709943 1.804507
0.05922047 -0.4351035 1.930655
-0.5534694 -0.7518919 1.872666
0.3115729 -0.7535304 1.980217
-0.5655436 -0.8098199 1.829549
0.2993722 -0.7869799 1.871756
9
-0.2955361 -0.2403973 2.02495
-0.3662358 -0.2404821 1.995579
-0.214094 -0.2316207 1.980871
-0.6319953 -0.3709943 1.804507
0.05922047 -0.4351035 1.930655
-0.5534694 -0.7518919 1.872666
0.3115729 -0.7535304 1.980217
-0.5655436 -0.8098199 1.829549
0.2993722 -0.7869799 1.871756
9
-0.2955361 -0.2403973 2.02495
-0.3662358 -0.2404821 1.995579
-0.214094 -0.2316207 1.980871
-0.6319953 -0.3709943 1.804507
0.05922047 -0.4351035 1.930655
-0.5534694 -0.7518919 1.872666
0.3115729 -0.7535304 1.980217
-0.5655436 -0.8098199 1.829549
0.2993722 -0.7869799 1.871756
9
-0.2954466 -0.2399909 2.025033
-0.3661091 -0.2400699 1.99567
-0.2140391 -0.2312266 1.980949
-0.6317786 -0.3707122 1.804539
0.05921815 -0.4347712 1.930239
-0.5534195 -0.7526073 1.872869
0.3130474 -0.7522245 1.978907
-0.5657321 -0.810405 1.829437
0.3008271 -0.7856647 1.870431
9
-0.2954466 -0.2399909 2.025033
-0.3661091 -0.2400699 1.99567
-0.2140391 -0.2312266 1.980949
-0.6317786 -0.3707122 1.804539
0.05921815 -0.4347712 1.930239
-0.5534195 -0.7526073 1.872869
0.3130474 -0.7522245 1.978907
-0.5657321 -0.810405 1.829437
0.3008271 -0.7856647 1.870431
9
-0.2922806 -0.2378275 2.025503
-0.3633478 -0.2383973 1.996094
-0.2105379 -0.228585 1.981459
-0.6292287 -0.3691953 1.805399
0.06034839 -0.4350272 1.929615
-0.5533598 -0.7527544 1.873031
0.3127058 -0.753539 1.978721
-0.5647361 -0.8107996 1.829363
0.3006133 -0.7869128 1.870217
9
-0.2922806 -0.2378275 2.025503
-0.3633478 -0.2383973 1.996094
-0.2105379 -0.228585 1.981459
-0.6292287 -0.3691953 1.805399
0.06034839 -0.4350272 1.929615
-0.5533598 -0.7527544 1.873031
0.3127058 -0.753539 1.978721
-0.5647361 -0.8107996 1.829363
0.3006133 -0.7869128 1.870217
9
-0.2883852 -0.234865 2.02651
-0.3595295 -0.2356391 1.997271
-0.2067129 -0.2255401 1.982275
-0.6247243 -0.3689908 1.807449
0.06226519 -0.4342959 1.929742
-0.5533327 -0.7527714 1.87307
0.3122815 -0.754571 1.979095
-0.5645457 -0.8108534 1.829322
0.3003689 -0.7879118 1.870571
9
-0.2883852 -0.234865 2.02651
-0.3595295 -0.2356391 1.997271
-0.2067129 -0.2255401 1.982275
-0.6247243 -0.3689908 1.807449
0.06226519 -0.4342959 1.929742
-0.5533327 -0.7527714 1.87307
0.3122815 -0.754571 1.979095
-0.5645457 -0.8108534 1.829322
0.3003689 -0.7879118 1.870571
9
-0.2815296 -0.2303009 2.027184
-0.3522874 -0.2308234 1.998609
-0.2004425 -0.2213709 1.982293
-0.6165216 -0.3674327 1.8097
0.06467507 -0.4347661 1.929957
-0.5998818 -0.7756302 1.847231
0.3127036 -0.7565019 1.97952
-0.5502278 -0.8219712 1.837586
0.3000886 -0.7897205 1.871015
9
-0.2815296 -0.2303009 2.027184
-0.3522874 -0.2308234 1.998609
-0.2004425 -0.2213709 1.982293
-0.6165216 -0.3674327 1.8097
0.06467507 -0.4347661 1.929957
-0.5998818 -0.7756302 1.847231
0.3127036 -0.7565019 1.97952
-0.5502278 -0.8219712 1.837586
0.3000886 -0.7897205 1.871015
9
-0.2815296 -0.2303009 2.027184
-0.3522874 -0.2308234 1.998609
-0.2004425 -0.2213709 1.982293
-0.6165216 -0.3674327 1.8097
0.06467507 -0.4347661 1.929957
-0.5998818 -0.7756302 1.847231
0.3127036 -0.7565019 1.97952
-0.5502278 -0.8219712 1.837586
0.3000886 -0.7897205 1.871015
9
-0.2815296 -0.2303009 2.027184
-0.3522874 -0.2308234 1.998609
-0.2004425 -0.2213709 1.982293
-0.6165216 -0.3674327 1.8097
0.06467507 -0.4347661 1.929957
-0.5998818 -0.7756302 1.847231
0.3127036 -0.7565019 1.97952
-0.5502278 -0.8219712 1.837586
0.3000886 -0.7897205 1.871015
9
-0.2815296 -0.2303009 2.027184
-0.3522874 -0.2308234 1.998609
-0.2004425 -0.2213709 1.982293
-0.6165216 -0.3674327 1.8097
0.06467507 -0.4347661 1.929957
-0.5998818 -0.7756302 1.847231
0.3127036 -0.7565019 1.97952
-0.5502278 -0.8219712 1.837586
0.3000886 -0.7897205 1.871015
9
-0.2815296 -0.2303009 2.027184
-0.3522874 -0.2308234 1.998609
-0.2004425 -0.2213709 1.982293
-0.6165216 -0.3674327 1.8097
0.06467507 -0.4347661 1.929957
-0.5998818 -0.7756302 1.847231
0.3127036 -0.7565019 1.97952
-0.5502278 -0.8219712 1.837586
0.3000886 -0.7897205 1.871015
9
-0.2441413 -0.2023533 2.032064
-0.3146413 -0.2017873 2.002042
-0.1647141 -0.1955325 1.988243
-0.5686651 -0.3666066 1.822379
0.08095899 -0.4300908 1.936681
-0.6036975 -0.7747707 1.843935
0.3192518 -0.7594004 1.984028
-0.550625 -0.8177812 1.836727
0.3098196 -0.7917958 1.874803
9
-0.2441413 -0.2023533 2.032064
-0.3146413 -0.2017873 2.002042
-0.1647141 -0.1955325 1.988243
-0.5686651 -0.3666066 1.822379
0.08095899 -0.4300908 1.936681
-0.6036975 -0.7747707 1.843935
0.3192518 -0.7594004 1.984028
-0.550625 -0.8177812 1.836727
0.3098196 -0.7917958 1.874803
9
-0.2441413 -0.2023533 2.032064
-0.3146413 -0.2017873 2.002042
-0.1647141 -0.1955325 1.988243
-0.5686651 -0.3666066 1.822379
0.08095899 -0.4300908 1.936681
-0.6036975 -0.7747707 1.843935
0.3192518 -0.7594004 1.984028
-0.550625 -0.8177812 1.836727
0.3098196 -0.7917958 1.874803
9
-0.2103718 -0.1860758 2.036729
-0.2826876 -0.1863144 2.005288
-0.1303132 -0.1790477 1.994221
-0.5349746 -0.3601221 1.831989
0.1108685 -0.4176043 1.940337
-0.5989265 -0.7652701 1.844623
0.3278072 -0.7608256 1.98951
-0.5539695 -0.8142712 1.835783
0.3195495 -0.7932038 1.88022
9
-0.2103718 -0.1860758 2.036729
-0.2826876 -0.1863144 2.005288
-0.1303132 -0.1790477 1.994221
-0.5349746 -0.3601221 1.831989
0.1108685 -0.4176043 1.940337
-0.5989265 -0.7652701 1.844623
0.3278072 -0.7608256 1.98951
-0.5539695 -0.8142712 1.835783
0.3195495 -0.7932038 1.88022
9
-0.2103718 -0.1860758 2.036729
-0.2826876 -0.1863144 2.005288
-0.1303132 -0.1790477 1.994221
-0.5349746 -0.3601221 1.831989
0.1108685 -0.4176043 1.940337
-0.5989265 -0.7652701 1.844623
0.3278072 -0.7608256 1.98951
-0.5539695 -0.8142712 1.835783
0.3195495 -0.7932038 1.88022
9
-0.2103718 -0.1860758 2.036729
-0.2826876 -0.1863144 2.005288
-0.1303132 -0.1790477 1.994221
-0.5349746 -0.3601221 1.831989
0.1108685 -0.4176043 1.940337
-0.5989265 -0.7652701 1.844623
0.3278072 -0.7608256 1.98951
-0.5539695 -0.8142712 1.835783
0.3195495 -0.7932038 1.88022
9
-0.2103718 -0.1860758 2.036729
-0.2826876 -0.1863144 2.005288
-0.1303132 -0.1790477 1.994221
-0.5349746 -0.3601221 1.831989
0.1108685 -0.4176043 1.940337
-0.5989265 -0.7652701 1.844623
0.3278072 -0.7608256 1.98951
-0.5539695 -0.8142712 1.835783
0.3195495 -0.7932038 1.88022
