40
9
-0.08906465 -0.1676823 2.032458
-0.1610018 -0.1612458 2.005742
-0.01386228 -0.1679873 1.984912
-0.3674411 -0.420131 1.913111
0.1724681 -0.4453582 1.982039
-0.3170251 -0.7466924 1.945419
0.4370474 -0.7583124 2.004164
-0.3344848 -0.8040468 1.902152
0.4893589 -0.7925063 1.946216
9
-0.08906465 -0.1676823 2.032458
-0.1610018 -0.1612458 2.005742
-0.01386228 -0.1679873 1.984912
-0.3674411 -0.420131 1.913111
0.1724681 -0.4453582 1.982039
-0.3170251 -0.7466924 1.945419
0.4370474 -0.7583124 2.004164
-0.3344848 -0.8040468 1.902152
0.4893589 -0.7925063 1.946216
9
-0.09728168 -0.1740624 2.032955
-0.1688102 -0.1680431 2.006464
-0.02219025 -0.1737472 1.985222
-0.3772487 -0.4245234 1.911274
0.1687721 -0.4479095 1.982913
-0.3181394 -0.7477367 1.945278
0.4355675 -0.7591262 2.003966
-0.3351949 -0.8051381 1.901676
0.4870968 -0.792074 1.945592
9
-0.09728168 -0.1740624 2.032955
-0.1688102 -0.1680431 2.006464
-0.02219025 -0.1737472 1.985222
-0.3772487 -0.4245234 1.911274
0.1687721 -0.4479095 1.982913
-0.3181394 -0.7477367 1.945278
0.4355675 -0.7591262 2.003966
-0.3351949 -0.8051381 1.901676
0.4870968 -0.792074 1.945592
9
-0.1027967 -0.1787058 2.033782
-0.1741281 -0.1730353 2.007459
-0.02769043 -0.177887 1.985912
-0.3845682 -0.4271258 1.909694
0.1653703 -0.4505367 1.983955
-0.3195921 -0.7480875 1.944819
0.433942 -0.7604035 2.003594
-0.3370606 -0.8052561 1.900654
0.4830636 -0.7921894 1.945512
9
-0.1027967 -0.1787058 2.033782
-0.1741281 -0.1730353 2.007459
-0.02769043 -0.177887 1.985912
-0.3845682 -0.4271258 1.909694
0.1653703 -0.4505367 1.983955
-0.3195921 -0.7480875 1.944819
0.433942 -0.7604035 2.003594
-0.3370606 -0.8052561 1.900654
0.4830636 -0.7921894 1.945512
9
-0.1058343 -0.1812688 2.034522
-0.1775465 -0.1760914 2.008341
-0.0302557 -0.1799066 1.986531
-0.3889986 -0.4289845 1.909552
0.1628801 -0.4524191 1.985059
-0.3209665 -0.7479476 1.944949
0.4280814 -0.7545091 2.002324
-0.3373037 -0.8054506 1.900632
0.4068086 -0.7831227 1.892929
9
-0.1058343 -0.1812688 2.034522
-0.1775465 -0.1760914 2.008341
-0.0302557 -0.1799066 1.986531
-0.3889986 -0.4289845 1.909552
0.1628801 -0.4524191 1.985059
-0.3209665 -0.7479476 1.944949
0.4280814 -0.7545091 2.002324
-0.3373037 -0.8054506 1.900632
0.4068086 -0.7831227 1.892929
9
-0.109246 -0.1839973 2.035219
-0.180558 -0.1789063 2.009073
-0.03394549 -0.1824278 1.987203
-0.3928783 -0.4308121 1.909659
0.1604785 -0.4539809 1.986094
-0.3232724 -0.7462472 1.944647
0.4263815 -0.755783 2.002676
-0.3375157 -0.8045849 1.90176
0.4052669 -0.7843876 1.893263
9
-0.109246 -0.1839973 2.035219
-0.180558 -0.1789063 2.009073
-0.03394549 -0.1824278 1.987203
-0.3928783 -0.4308121 1.909659
0.1604785 -0.4539809 1.986094
-0.3232724 -0.7462472 1.944647
0.4263815 -0.755783 2.002676
-0.3375157 -0.8045849 1.90176
0.4052669 -0.7843876 1.893263
9
-0.1115925 -0.1857226 2.035901
-0.1828641 -0.1808624 2.009922
-0.03623699 -0.1838685 1.987735
-0.3956679 -0.4322321 1.910331
0.1589342 -0.4548874 1.986692
-0.3245301 -0.7461668 1.944957
0.4250279 -0.7566643 2.002919
-0.3385279 -0.8048555 1.904719
0.4039098 -0.7852616 1.893532
9
-0.1115925 -0.1857226 2.035901
-0.1828641 -0.1808624 2.009922
-0.03623699 -0.1838685 1.987735
-0.3956679 -0.4322321 1.910331
0.1589342 -0.4548874 1.986692
-0.3245301 -0.7461668 1.944957
0.4250279 -0.7566643 2.002919
-0.3385279 -0.8048555 1.904719
0.4039098 -0.7852616 1.893532
9
-0.1116442 -0.1859808 2.03606
-0.1828705 -0.1815481 2.010374
-0.03627905 -0.1839068 1.987754
-0.3964247 -0.4323576 1.911207
0.1582832 -0.4553066 1.987002
-0.3253714 -0.7459798 1.945173
0.4244539 -0.7571568 2.002935
-0.3393326 -0.8046376 1.904503
0.4033007 -0.7857344 1.893551
9
-0.1116442 -0.1859808 2.03606
-0.1828705 -0.1815481 2.010374
-0.03627905 -0.1839068 1.987754
-0.3964247 -0.4323576 1.911207
0.1582832 -0.4553066 1.987002
-0.3253714 -0.7459798 1.945173
0.4244539 -0.7571568 2.002935
-0.3393326 -0.8046376 1.904503
0.4033007 -0.7857344 1.893551
9
-0.1116976 -0.1859715 2.036322
-0.1829129 -0.1816024 2.010795
-0.03633554 -0.1838452 1.987892
-0.3962351 -0.4328573 1.912768
0.1582638 -0.4552067 1.987226
-0.3254752 -0.7462027 1.945608
0.4237537 -0.7572839 2.003068
-0.3393472 -0.8048209 1.90446
0.4024661 -0.7858422 1.893717
9
-0.1116976 -0.1859715 2.036322
-0.1829129 -0.1816024 2.010795
-0.03633554 -0.1838452 1.987892
-0.3962351 -0.4328573 1.912768
0.1582638 -0.4552067 1.987226
-0.3254752 -0.7462027 1.945608
0.4237537 -0.7572839 2.003068
-0.3393472 -0.8048209 1.90446
0.4024661 -0.7858422 1.893717
9
-0.1115819 -0.1850264 2.037287
-0.1829003 -0.180775 2.011654
-0.03611421 -0.1827582 1.98894
-0.3957748 -0.4330246 1.916461
0.1583435 -0.454358 1.987539
-0.3254939 -0.7462536 1.946091
0.4223849 -0.7568439 2.003582
-0.3393903 -0.8048015 1.904461
0.4007867 -0.7854122 1.894304
9
-0.1115819 -0.1850264 2.037287
-0.1829003 -0.180775 2.011654
-0.03611421 -0.1827582 1.98894
-0.3957748 -0.4330246 1.916461
0.1583435 -0.454358 1.987539
-0.3254939 -0.7462536 1.946091
0.4223849 -0.7568439 2.003582
-0.3393903 -0.8048015 1.904461
0.4007867 -0.7854122 1.894304
9
-0.1073231 -0.181091 2.039762
-0.1791586 -0.177853 2.014199
-0.03142406 -0.1777142 1.991249
-0.3910444 -0.4318038 1.922777
0.1589509 -0.4524957 1.987779
-0.3251499 -0.7468485 1.946682
0.421073 -0.7554252 2.004276
-0.3395896 -0.8051605 1.904463
0.3988879 -0.7841415 1.895188
9
-0.1073231 -0.181091 2.039762
-0.1791586 -0.177853 2.014199
-0.03142406 -0.1777142 1.991249
-0.3910444 -0.4318038 1.922777
0.1589509 -0.4524957 1.987779
-0.3251499 -0.7468485 1.946682
0.421073 -0.7554252 2.004276
-0.3395896 -0.8051605 1.904463
0.3988879 -0.7841415 1.895188
9
-0.09999032 -0.1745567 2.042763
-0.1726457 -0.172497 2.01725
-0.02357464 -0.1701905 1.994078
-0.3822095 -0.4291665 1.928959
0.1623681 -0.4483097 1.988377
-0.3243051 -0.7487215 1.947698
0.4240362 -0.7559809 2.004449
-0.3390773 -0.8067174 1.904048
0.4012236 -0.7848588 1.895599
9
-0.09145821 -0.1669229 2.045778
-0.1643854 -0.1656322 2.021084
-0.01508733 -0.1620717 1.996214
-0.3653097 -0.4303475 1.938633
0.1687144 -0.4417242 1.989923
-0.3232432 -0.7485647 1.948289
0.4239933 -0.7546259 2.005246
-0.3385608 -0.8063204 1.904059
0.488757 -0.7955772 1.942871
9
-0.09145821 -0.1669229 2.045778
-0.1643854 -0.1656322 2.021084
-0.01508733 -0.1620717 1.996214
-0.3653097 -0.4303475 1.938633
0.1687144 -0.4417242 1.989923
-0.3232432 -0.7485647 1.948289
0.4239933 -0.7546259 2.005246
-0.3385608 -0.8063204 1.904059
0.488757 -0.7955772 1.942871
9
-0.09145821 -0.1669229 2.045778
-0.1643854 -0.1656322 2.021084
-0.01508733 -0.1620717 1.996214
-0.3653097 -0.4303475 1.938633
0.1687144 -0.4417242 1.989923
-0.3232432 -0.7485647 1.948289
0.4239933 -0.7546259 2.005246
-0.3385608 -0.8063204 1.904059
0.488757 -0.7955772 1.942871
9
-0.09145821 -0.1669229 2.045778
-0.1643854 -0.1656322 2.021084
-0.01508733 -0.1620717 1.996214
-0.3653097 -0.4303475 1.938633
0.1687144 -0.4417242 1.989923
-0.3232432 -0.7485647 1.948289
0.4239933 -0.7546259 2.005246
-0.3385608 -0.8063204 1.904059
0.488757 -0.7955772 1.942871
9
-0.09145821 -0.1669229 2.045778
-0.1643854 -0.1656322 2.021084
-0.01508733 -0.1620717 1.996214
-0.3653097 -0.4303475 1.938633
0.1687144 -0.4417242 1.989923
-0.3232432 -0.7485647 1.948289
0.4239933 -0.7546259 2.005246
-0.3385608 -0.8063204 1.904059
0.488757 -0.7955772 1.942871
9
-0.05751208 -0.1478335 2.051496
-0.132625 -0.148018 2.02857
0.01982016 -0.14223 1.999979
-0.3147151 -0.42838 1.958731
0.1923357 -0.4303983 1.992388
-0.3195825 -0.7474381 1.95039
0.4305227 -0.7535498 2.007325
-0.3329186 -0.7762313 1.842186
0.486585 -0.7916383 1.945203
9
-0.05751208 -0.1478335 2.051496
-0.132625 -0.148018 2.02857
0.01982016 -0.14223 1.999979
-0.3147151 -0.42838 1.958731
0.1923357 -0.4303983 1.992388
-0.3195825 -0.7474381 1.95039
0.4305227 -0.7535498 2.007325
-0.3329186 -0.7762313 1.842186
0.486585 -0.7916383 1.945203
9
-0.04214274 -0.1402203 2.052557
-0.117337 -0.1416021 2.029612
0.03467443 -0.1337068 2.00107
-0.3017846 -0.4209124 1.961334
0.2037851 -0.4266022 1.992868
-0.3149172 -0.7467238 1.952646
0.4363653 -0.7529222 2.008195
-0.3289179 -0.7755488 1.844593
0.4865043 -0.7909877 1.946321
9
-0.04214274 -0.1402203 2.052557
-0.117337 -0.1416021 2.029612
0.03467443 -0.1337068 2.00107
-0.3017846 -0.4209124 1.961334
0.2037851 -0.4266022 1.992868
-0.3149172 -0.7467238 1.952646
0.4363653 -0.7529222 2.008195
-0.3289179 -0.7755488 1.844593
0.4865043 -0.7909877 1.946321
9
-0.02353367 -0.1324594 2.054092
-0.09864271 -0.1342588 2.031657
0.05249212 -0.1258503 2.002092
-0.2738471 -0.4202366 1.967945
0.2230502 -0.4141361 1.991273
-0.3106261 -0.7436737 1.955287
0.442679 -0.7553878 2.009148
-0.3247242 -0.7723525 1.847093
0.4880865 -0.7901842 1.947529
9
-0.02353367 -0.1324594 2.054092
-0.09864271 -0.1342588 2.031657
0.05249212 -0.1258503 2.002092
-0.2738471 -0.4202366 1.967945
0.2230502 -0.4141361 1.991273
-0.3106261 -0.7436737 1.955287
0.442679 -0.7553878 2.009148
-0.3247242 -0.7723525 1.847093
0.4880865 -0.7901842 1.947529
9
0.0001395112 -0.1217394 2.055638
-0.07487014 -0.1239804 2.032986
0.07520568 -0.1150875 2.003825
-0.2472617 -0.4124675 1.973706
0.2411234 -0.4182805 1.990714
-0.3062234 -0.7440104 1.958985
0.4451007 -0.7560145 2.009971
-0.3199525 -0.7724817 1.850537
0.4902114 -0.7911136 1.948112
9
0.0001395112 -0.1217394 2.055638
-0.07487014 -0.1239804 2.032986
0.07520568 -0.1150875 2.003825
-0.2472617 -0.4124675 1.973706
0.2411234 -0.4182805 1.990714
-0.3062234 -0.7440104 1.958985
0.4451007 -0.7560145 2.009971
-0.3199525 -0.7724817 1.850537
0.4902114 -0.7911136 1.948112
9
0.0001395112 -0.1217394 2.055638
-0.07487014 -0.1239804 2.032986
0.07520568 -0.1150875 2.003825
-0.2472617 -0.4124675 1.973706
0.2411234 -0.4182805 1.990714
-0.3062234 -0.7440104 1.958985
0.4451007 -0.7560145 2.009971
-0.3199525 -0.7724817 1.850537
0.4902114 -0.7911136 1.948112
9
0.0001395112 -0.1217394 2.055638
-0.07487014 -0.1239804 2.032986
0.07520568 -0.1150875 2.003825
-0.2472617 -0.4124675 1.973706
0.2411234 -0.4182805 1.990714
-0.3062234 -0.7440104 1.958985
0.4451007 -0.7560145 2.009971
-0.3199525 -0.7724817 1.850537
0.4902114 -0.7911136 1.948112
9
0.0557493 -0.09718885 2.055202
-0.02158142 -0.09930892 2.030212
0.131096 -0.09154485 2.005705
-0.1778162 -0.4389134 1.977736
0.2850528 -0.4083773 1.980103
-0.2958342 -0.7440887 1.963344
0.4514438 -0.7480906 2.010817
-0.3085127 -0.7714738 1.853974
0.4922417 -0.7918022 1.947936
9
0.0557493 -0.09718885 2.055202
-0.02158142 -0.09930892 2.030212
0.131096 -0.09154485 2.005705
-0.1778162 -0.4389134 1.977736
0.2850528 -0.4083773 1.980103
-0.2958342 -0.7440887 1.963344
0.4514438 -0.7480906 2.010817
-0.3085127 -0.7714738 1.853974
0.4922417 -0.7918022 1.947936
9
0.07114124 -0.09310755 2.053468
-0.006624804 -0.09556171 2.027863
0.1463932 -0.08726418 2.004603
-0.1638102 -0.4417154 1.97567
0.297374 -0.4092431 1.977354
-0.2843041 -0.7397325 1.964832
0.4545001 -0.7442694 2.011447
-0.2959831 -0.7667591 1.854919
0.4928998 -0.7911647 1.947242
9
0.07114124 -0.09310755 2.053468
-0.006624804 -0.09556171 2.027863
0.1463932 -0.08726418 2.004603
-0.1638102 -0.4417154 1.97567
0.297374 -0.4092431 1.977354
-0.2843041 -0.7397325 1.964832
0.4545001 -0.7442694 2.011447
-0.2959831 -0.7667591 1.854919
0.4928998 -0.7911647 1.947242
