40
9
-0.07384926 -0.1781254 2.036875
-0.1528561 -0.2060682 2.027933
0.007959631 -0.1435708 1.970828
-0.4055856 -0.4354172 1.980068
0.1838516 -0.4362566 1.892136
-0.4829454 -0.7723451 1.952457
0.3291501 -0.7769476 1.991785
-0.4987392 -0.8230944 1.823614
0.3723554 -0.8403793 1.916497
9
-0.1316065 -0.1937988 2.049007
-0.2092959 -0.2185281 2.039415
-0.04898469 -0.1619531 1.983804
-0.4797244 -0.4212831 1.965776
0.1532255 -0.4373517 1.902265
-0.5102656 -0.7718273 1.975149
0.3288908 -0.7778178 1.990034
-0.5547584 -0.8392348 1.968319
0.3734446 -0.8408326 1.915643
9
-0.1316065 -0.1937988 2.049007
-0.2092959 -0.2185281 2.039415
-0.04898469 -0.1619531 1.983804
-0.4797244 -0.4212831 1.965776
0.1532255 -0.4373517 1.902265
-0.5102656 -0.7718273 1.975149
0.3288908 -0.7778178 1.990034
-0.5547584 -0.8392348 1.968319
0.3734446 -0.8408326 1.915643
9
-0.1316065 -0.1937988 2.049007
-0.2092959 -0.2185281 2.039415
-0.04898469 -0.1619531 1.983804
-0.4797244 -0.4212831 1.965776
0.1532255 -0.4373517 1.902265
-0.5102656 -0.7718273 1.975149
0.3288908 -0.7778178 1.990034
-0.5547584 -0.8392348 1.968319
0.3734446 -0.8408326 1.915643
9
-0.1316065 -0.1937988 2.049007
-0.2092959 -0.2185281 2.039415
-0.04898469 -0.1619531 1.983804
-0.4797244 -0.4212831 1.965776
0.1532255 -0.4373517 1.902265
-0.5102656 -0.7718273 1.975149
0.3288908 -0.7778178 1.990034
-0.5547584 -0.8392348 1.968319
0.3734446 -0.8408326 1.915643
9
-0.1937331 -0.2132411 2.066244
-0.2700078 -0.2333626 2.0567
-0.1103386 -0.1853908 2.001241
-0.5326199 -0.4385976 1.955995
0.1157313 -0.4427476 1.921864
-0.5354875 -0.7643381 1.990656
0.3290107 -0.7804116 1.987279
-0.5526 -0.8186485 1.864578
0.3781321 -0.8384511 1.909985
9
-0.1937331 -0.2132411 2.066244
-0.2700078 -0.2333626 2.0567
-0.1103386 -0.1853908 2.001241
-0.5326199 -0.4385976 1.955995
0.1157313 -0.4427476 1.921864
-0.5354875 -0.7643381 1.990656
0.3290107 -0.7804116 1.987279
-0.5526 -0.8186485 1.864578
0.3781321 -0.8384511 1.909985
9
-0.2128249 -0.2220837 2.075864
-0.2917937 -0.2411476 2.067889
-0.1264329 -0.1949263 2.009559
-0.5507724 -0.4453093 1.951452
0.104241 -0.4487519 1.933388
-0.5375061 -0.7729661 1.993353
0.3271184 -0.7799432 1.985358
-0.5952268 -0.8342767 1.96556
0.3776998 -0.8376875 1.909434
9
-0.2321152 -0.2284156 2.086122
-0.3108385 -0.2469002 2.077549
-0.1449216 -0.2016678 2.020297
-0.5718327 -0.4436268 1.950326
0.09389552 -0.4479603 1.942281
-0.540819 -0.778036 1.996069
0.3233555 -0.7788128 1.984695
-0.6286495 -0.8352257 1.966585
0.3769039 -0.8365183 1.91028
9
-0.2321152 -0.2284156 2.086122
-0.3108385 -0.2469002 2.077549
-0.1449216 -0.2016678 2.020297
-0.5718327 -0.4436268 1.950326
0.09389552 -0.4479603 1.942281
-0.540819 -0.778036 1.996069
0.3233555 -0.7788128 1.984695
-0.6286495 -0.8352257 1.966585
0.3769039 -0.8365183 1.91028
9
-0.2402137 -0.2303093 2.091429
-0.3204125 -0.2500402 2.083962
-0.1515161 -0.2025198 2.024691
-0.582194 -0.4433714 1.95216
0.08296728 -0.453979 1.955545
-0.5436853 -0.7793949 1.999668
0.3212937 -0.7791277 1.984543
-0.6373761 -0.8402904 1.976589
0.3767975 -0.8369089 1.910358
9
-0.2402137 -0.2303093 2.091429
-0.3204125 -0.2500402 2.083962
-0.1515161 -0.2025198 2.024691
-0.582194 -0.4433714 1.95216
0.08296728 -0.453979 1.955545
-0.5436853 -0.7793949 1.999668
0.3212937 -0.7791277 1.984543
-0.6373761 -0.8402904 1.976589
0.3767975 -0.8369089 1.910358
9
-0.2826495 -0.2498633 2.103194
-0.3606586 -0.2673755 2.092775
-0.1944822 -0.2235613 2.039671
-0.6145768 -0.4608188 1.943201
0.06602784 -0.4485132 1.964934
-0.5444304 -0.7802943 2.002732
0.3160744 -0.777917 1.985001
-0.6459641 -0.8354269 2.007023
0.3763568 -0.8371633 1.91054
9
-0.2826495 -0.2498633 2.103194
-0.3606586 -0.2673755 2.092775
-0.1944822 -0.2235613 2.039671
-0.6145768 -0.4608188 1.943201
0.06602784 -0.4485132 1.964934
-0.5444304 -0.7802943 2.002732
0.3160744 -0.777917 1.985001
-0.6459641 -0.8354269 2.007023
0.3763568 -0.8371633 1.91054
9
-0.3188435 -0.2550152 2.149364
-0.3937513 -0.2669379 2.134488
-0.2328582 -0.2343019 2.090317
-0.6211816 -0.4590235 1.935333
0.04001554 -0.4334894 1.972417
-0.5448602 -0.7803819 2.00354
0.3113841 -0.7769759 1.986215
-0.6083984 -0.8295898 2
0.2818465 -0.8390993 1.865645
9
-0.3188435 -0.2550152 2.149364
-0.3937513 -0.2669379 2.134488
-0.2328582 -0.2343019 2.090317
-0.6211816 -0.4590235 1.935333
0.04001554 -0.4334894 1.972417
-0.5448602 -0.7803819 2.00354
0.3113841 -0.7769759 1.986215
-0.6083984 -0.8295898 2
0.2818465 -0.8390993 1.865645
9
-0.3243389 -0.2655322 2.155629
-0.3996347 -0.2785637 2.137152
-0.2382398 -0.244132 2.101104
-0.6778841 -0.3618064 1.924636
0.06295682 -0.3868521 1.962391
-0.5465701 -0.7764282 2.008634
0.3357411 -0.7661029 1.96526
-0.6434441 -0.8351274 2.019347
0.3050045 -0.8297827 1.846248
9
-0.3243389 -0.2655322 2.155629
-0.3996347 -0.2785637 2.137152
-0.2382398 -0.244132 2.101104
-0.6778841 -0.3618064 1.924636
0.06295682 -0.3868521 1.962391
-0.5465701 -0.7764282 2.008634
0.3357411 -0.7661029 1.96526
-0.6434441 -0.8351274 2.019347
0.3050045 -0.8297827 1.846248
9
-0.3243389 -0.2655322 2.155629
-0.3996347 -0.2785637 2.137152
-0.2382398 -0.244132 2.101104
-0.6778841 -0.3618064 1.924636
0.06295682 -0.3868521 1.962391
-0.5465701 -0.7764282 2.008634
0.3357411 -0.7661029 1.96526
-0.6434441 -0.8351274 2.019347
0.3050045 -0.8297827 1.846248
9
-0.3243389 -0.2655322 2.155629
-0.3996347 -0.2785637 2.137152
-0.2382398 -0.244132 2.101104
-0.6778841 -0.3618064 1.924636
0.06295682 -0.3868521 1.962391
-0.5465701 -0.7764282 2.008634
0.3357411 -0.7661029 1.96526
-0.6434441 -0.8351274 2.019347
0.3050045 -0.8297827 1.846248
9
-0.3395689 -0.3013307 2.122162
-0.4156232 -0.3174287 2.106842
-0.2517944 -0.2751758 2.063561
-0.7175619 -0.3618458 1.922427
0.07380935 -0.3917865 1.979391
-0.5486281 -0.7726475 2.009538
0.3504786 -0.7682713 1.978264
-0.6480741 -0.8369727 1.999671
0.3665373 -0.8495376 1.920394
9
-0.3395689 -0.3013307 2.122162
-0.4156232 -0.3174287 2.106842
-0.2517944 -0.2751758 2.063561
-0.7175619 -0.3618458 1.922427
0.07380935 -0.3917865 1.979391
-0.5486281 -0.7726475 2.009538
0.3504786 -0.7682713 1.978264
-0.6480741 -0.8369727 1.999671
0.3665373 -0.8495376 1.920394
9
-0.3493427 -0.2963855 2.120002
-0.4260872 -0.3100641 2.109196
-0.2621402 -0.2717376 2.056727
-0.694299 -0.465314 1.938442
0.02130191 -0.478113 2.007475
-0.5499045 -0.7747163 2.010956
0.3013147 -0.7873181 1.994765
-0.6506041 -0.838376 1.997117
0.2649657 -0.8472365 1.874586
9
-0.3493427 -0.2963855 2.120002
-0.4260872 -0.3100641 2.109196
-0.2621402 -0.2717376 2.056727
-0.694299 -0.465314 1.938442
0.02130191 -0.478113 2.007475
-0.5499045 -0.7747163 2.010956
0.3013147 -0.7873181 1.994765
-0.6506041 -0.838376 1.997117
0.2649657 -0.8472365 1.874586
9
-0.3474151 -0.2939224 2.119561
-0.4245141 -0.3080818 2.110802
-0.2583031 -0.2678596 2.053225
-0.6923057 -0.4639472 1.939795
0.02099874 -0.4782543 2.007474
-0.54921 -0.7760981 2.013514
0.2980147 -0.7867469 1.996643
-0.6507951 -0.836736 2.005547
0.2611915 -0.8469148 1.876842
9
-0.3474151 -0.2939224 2.119561
-0.4245141 -0.3080818 2.110802
-0.2583031 -0.2678596 2.053225
-0.6923057 -0.4639472 1.939795
0.02099874 -0.4782543 2.007474
-0.54921 -0.7760981 2.013514
0.2980147 -0.7867469 1.996643
-0.6507951 -0.836736 2.005547
0.2611915 -0.8469148 1.876842
9
-0.3477816 -0.2936374 2.119303
-0.4247703 -0.3079104 2.11126
-0.2591367 -0.2674384 2.051749
-0.6925844 -0.4641251 1.940741
0.01746325 -0.4790147 2.007993
-0.5490001 -0.776873 2.014948
0.296697 -0.7866595 1.99732
-0.6512026 -0.8316296 2.018236
0.2581957 -0.8469431 1.878258
9
-0.3477816 -0.2936374 2.119303
-0.4247703 -0.3079104 2.11126
-0.2591367 -0.2674384 2.051749
-0.6925844 -0.4641251 1.940741
0.01746325 -0.4790147 2.007993
-0.5490001 -0.776873 2.014948
0.296697 -0.7866595 1.99732
-0.6512026 -0.8316296 2.018236
0.2581957 -0.8469431 1.878258
9
-0.3428541 -0.2886146 2.118316
-0.4188064 -0.3034075 2.11309
-0.2547868 -0.2623165 2.048626
-0.6880267 -0.4601594 1.945887
0.01473478 -0.4797705 2.007815
-0.549264 -0.7769288 2.01542
0.2961225 -0.7867235 1.997577
-0.6517739 -0.8364414 2.006642
0.2573441 -0.8472295 1.87882
9
-0.3428541 -0.2886146 2.118316
-0.4188064 -0.3034075 2.11309
-0.2547868 -0.2623165 2.048626
-0.6880267 -0.4601594 1.945887
0.01473478 -0.4797705 2.007815
-0.549264 -0.7769288 2.01542
0.2961225 -0.7867235 1.997577
-0.6517739 -0.8364414 2.006642
0.2573441 -0.8472295 1.87882
9
-0.3508664 -0.2891782 2.119801
-0.4279269 -0.3035785 2.115724
-0.261803 -0.2637695 2.049677
-0.6929109 -0.4643321 1.944979
0.01125948 -0.4771036 2.007731
-0.5503969 -0.7770815 2.015899
0.2959146 -0.7868253 1.997582
-0.652099 -0.8366938 2.010247
0.2567354 -0.8471217 1.878806
9
-0.3508664 -0.2891782 2.119801
-0.4279269 -0.3035785 2.115724
-0.261803 -0.2637695 2.049677
-0.6929109 -0.4643321 1.944979
0.01125948 -0.4771036 2.007731
-0.5503969 -0.7770815 2.015899
0.2959146 -0.7868253 1.997582
-0.652099 -0.8366938 2.010247
0.2567354 -0.8471217 1.878806
9
-0.3508664 -0.2891782 2.119801
-0.4279269 -0.3035785 2.115724
-0.261803 -0.2637695 2.049677
-0.6929109 -0.4643321 1.944979
0.01125948 -0.4771036 2.007731
-0.5503969 -0.7770815 2.015899
0.2959146 -0.7868253 1.997582
-0.652099 -0.8366938 2.010247
0.2567354 -0.8471217 1.878806
9
-0.3508664 -0.2891782 2.119801
-0.4279269 -0.3035785 2.115724
-0.261803 -0.2637695 2.049677
-0.6929109 -0.4643321 1.944979
0.01125948 -0.4771036 2.007731
-0.5503969 -0.7770815 2.015899
0.2959146 -0.7868253 1.997582
-0.652099 -0.8366938 2.010247
0.2567354 -0.8471217 1.878806
9
-0.3615077 -0.2871771 2.125334
-0.4385401 -0.2990144 2.121822
-0.2724251 -0.2647065 2.05525
-0.689996 -0.4774575 1.947576
0.01118325 -0.4733471 2.007453
-0.5512788 -0.7799487 2.016278
0.2951436 -0.7861704 1.99788
-0.6475099 -0.8458378 2.009925
0.2552153 -0.8463492 1.87929
9
-0.3579541 -0.2832483 2.127779
-0.4354922 -0.2951697 2.124494
-0.268245 -0.2610327 2.057462
-0.6800081 -0.4853903 1.95347
0.02061429 -0.4702771 2.006627
-0.5515245 -0.78092 2.016169
0.2943467 -0.7855579 1.998617
-0.6459921 -0.8365922 2.036461
0.254124 -0.8455417 1.879969
9
-0.3579541 -0.2832483 2.127779
-0.4354922 -0.2951697 2.124494
-0.268245 -0.2610327 2.057462
-0.6800081 -0.4853903 1.95347
0.02061429 -0.4702771 2.006627
-0.5515245 -0.78092 2.016169
0.2943467 -0.7855579 1.998617
-0.6459921 -0.8365922 2.036461
0.254124 -0.8455417 1.879969
9
-0.3197728 -0.2564383 2.166048
-0.3923144 -0.2675624 2.159587
-0.2361909 -0.2365423 2.09859
-0.6324485 -0.4544528 1.973601
0.0297786 -0.4655889 2.004841
-0.5517356 -0.7817501 2.015666
0.2946907 -0.7856206 1.998895
-0.6337891 -0.840332 1.993164
0.2575686 -0.8504589 1.883403
9
-0.3197728 -0.2564383 2.166048
-0.3923144 -0.2675624 2.159587
-0.2361909 -0.2365423 2.09859
-0.6324485 -0.4544528 1.973601
0.0297786 -0.4655889 2.004841
-0.5517356 -0.7817501 2.015666
0.2946907 -0.7856206 1.998895
-0.6337891 -0.840332 1.993164
0.2575686 -0.8504589 1.883403
9
-0.3197728 -0.2564383 2.166048
-0.3923144 -0.2675624 2.159587
-0.2361909 -0.2365423 2.09859
-0.6324485 -0.4544528 1.973601
0.0297786 -0.4655889 2.004841
-0.5517356 -0.7817501 2.015666
0.2946907 -0.7856206 1.998895
-0.6337891 -0.840332 1.993164
0.2575686 -0.8504589 1.883403
