40
9
0.04879148 -0.1121816 1.929444
-0.02819218 -0.1209106 1.910352
0.1239185 -0.09916171 1.87411
-0.1848631 -0.4185676 1.793799
0.2705814 -0.3996144 1.89451
-0.2607926 -0.7371298 1.77254
0.4529257 -0.7325487 2.001372
-0.3069398 -0.7903131 1.704546
0.4965084 -0.7883135 1.949476
9
0.04879148 -0.1121816 1.929444
-0.02819218 -0.1209106 1.910352
0.1239185 -0.09916171 1.87411
-0.1848631 -0.4185676 1.793799
0.2705814 -0.3996144 1.89451
-0.2607926 -0.7371298 1.77254
0.4529257 -0.7325487 2.001372
-0.3069398 -0.7903131 1.704546
0.4965084 -0.7883135 1.949476
9
0.02578317 -0.1193903 1.922438
-0.05207749 -0.1287196 1.902736
0.1026992 -0.1054682 1.867727
-0.2140634 -0.4147155 1.780638
0.2538776 -0.4011635 1.892872
-0.2676857 -0.7378908 1.767687
0.4495285 -0.7340626 1.998257
-0.3063664 -0.7910994 1.705231
0.4930542 -0.7867511 1.948586
9
0.02578317 -0.1193903 1.922438
-0.05207749 -0.1287196 1.902736
0.1026992 -0.1054682 1.867727
-0.2140634 -0.4147155 1.780638
0.2538776 -0.4011635 1.892872
-0.2676857 -0.7378908 1.767687
0.4495285 -0.7340626 1.998257
-0.3063664 -0.7910994 1.705231
0.4930542 -0.7867511 1.948586
9
0.005544393 -0.1267846 1.916739
-0.07210824 -0.1362585 1.89704
0.08306645 -0.1123907 1.862061
-0.2310338 -0.4166897 1.770734
0.236506 -0.4044917 1.892173
-0.2711747 -0.7368103 1.763824
0.4430594 -0.738785 1.994539
-0.3064561 -0.7913964 1.705478
0.4902807 -0.7873033 1.948971
9
0.005544393 -0.1267846 1.916739
-0.07210824 -0.1362585 1.89704
0.08306645 -0.1123907 1.862061
-0.2310338 -0.4166897 1.770734
0.236506 -0.4044917 1.892173
-0.2711747 -0.7368103 1.763824
0.4430594 -0.738785 1.994539
-0.3064561 -0.7913964 1.705478
0.4902807 -0.7873033 1.948971
9
-0.01717922 -0.1359613 1.910453
-0.09479221 -0.1453283 1.890484
0.06117579 -0.1212973 1.856069
-0.2545686 -0.422393 1.756585
0.2277306 -0.4260168 1.895047
-0.2746388 -0.7370319 1.760801
0.4393629 -0.7415092 1.99115
-0.306985 -0.7920417 1.705426
0.492557 -0.7913308 1.94578
9
-0.01717922 -0.1359613 1.910453
-0.09479221 -0.1453283 1.890484
0.06117579 -0.1212973 1.856069
-0.2545686 -0.422393 1.756585
0.2277306 -0.4260168 1.895047
-0.2746388 -0.7370319 1.760801
0.4393629 -0.7415092 1.99115
-0.306985 -0.7920417 1.705426
0.492557 -0.7913308 1.94578
9
-0.03186084 -0.1428343 1.906872
-0.1086303 -0.151388 1.886525
0.04619341 -0.1287392 1.852914
-0.2725082 -0.423122 1.745205
0.2144952 -0.4247672 1.891246
-0.2813183 -0.7351637 1.754932
0.4356909 -0.7446272 1.988265
-0.3152854 -0.7955958 1.697623
0.4937965 -0.7931216 1.942702
9
-0.03186084 -0.1428343 1.906872
-0.1086303 -0.151388 1.886525
0.04619341 -0.1287392 1.852914
-0.2725082 -0.423122 1.745205
0.2144952 -0.4247672 1.891246
-0.2813183 -0.7351637 1.754932
0.4356909 -0.7446272 1.988265
-0.3152854 -0.7955958 1.697623
0.4937965 -0.7931216 1.942702
9
-0.0524292 -0.1516742 1.901091
-0.1298687 -0.1609915 1.880438
0.02711652 -0.1364665 1.847471
-0.2919488 -0.4310385 1.733097
0.2062655 -0.4257276 1.889421
-0.2881595 -0.7380151 1.750381
0.4338841 -0.748382 1.985872
-0.3142288 -0.7959654 1.698364
0.4921181 -0.7937258 1.941145
9
-0.0524292 -0.1516742 1.901091
-0.1298687 -0.1609915 1.880438
0.02711652 -0.1364665 1.847471
-0.2919488 -0.4310385 1.733097
0.2062655 -0.4257276 1.889421
-0.2881595 -0.7380151 1.750381
0.4338841 -0.748382 1.985872
-0.3142288 -0.7959654 1.698364
0.4921181 -0.7937258 1.941145
9
-0.06290844 -0.1580948 1.897108
-0.1397251 -0.1668709 1.876308
0.01644112 -0.1431499 1.843682
-0.302615 -0.4344243 1.724628
0.1967434 -0.4253617 1.885612
-0.2909461 -0.738898 1.747408
0.4278468 -0.7465401 1.98194
-0.3141689 -0.7960565 1.698406
0.405297 -0.7777811 1.874454
9
-0.06290844 -0.1580948 1.897108
-0.1397251 -0.1668709 1.876308
0.01644112 -0.1431499 1.843682
-0.302615 -0.4344243 1.724628
0.1967434 -0.4253617 1.885612
-0.2909461 -0.738898 1.747408
0.4278468 -0.7465401 1.98194
-0.3141689 -0.7960565 1.698406
0.405297 -0.7777811 1.874454
9
-0.07127178 -0.163367 1.892527
-0.1473187 -0.1730959 1.871346
0.007551283 -0.1473161 1.839447
-0.3142212 -0.4366903 1.716759
0.18896 -0.4256942 1.88253
-0.29286 -0.7419463 1.745271
0.4189459 -0.7480786 1.977844
-0.3135418 -0.7964978 1.700346
0.4880286 -0.7970569 1.93517
9
-0.07127178 -0.163367 1.892527
-0.1473187 -0.1730959 1.871346
0.007551283 -0.1473161 1.839447
-0.3142212 -0.4366903 1.716759
0.18896 -0.4256942 1.88253
-0.29286 -0.7419463 1.745271
0.4189459 -0.7480786 1.977844
-0.3135418 -0.7964978 1.700346
0.4880286 -0.7970569 1.93517
9
-0.08133309 -0.1683015 1.888008
-0.1564953 -0.1782569 1.866292
-0.002959457 -0.1517676 1.835533
-0.3242387 -0.440404 1.710147
0.1770938 -0.4230061 1.876706
-0.2925625 -0.7427015 1.744822
0.412721 -0.7411293 1.972847
-0.3132052 -0.7974401 1.701049
0.391823 -0.7729555 1.865374
9
-0.08133309 -0.1683015 1.888008
-0.1564953 -0.1782569 1.866292
-0.002959457 -0.1517676 1.835533
-0.3242387 -0.440404 1.710147
0.1770938 -0.4230061 1.876706
-0.2925625 -0.7427015 1.744822
0.412721 -0.7411293 1.972847
-0.3132052 -0.7974401 1.701049
0.391823 -0.7729555 1.865374
9
-0.08797275 -0.1708052 1.885735
-0.1640791 -0.1816731 1.862947
-0.008480561 -0.1533858 1.834187
-0.3329954 -0.4419774 1.704765
0.1726714 -0.4224491 1.874364
-0.292549 -0.7428595 1.744497
0.4089097 -0.7402125 1.970358
-0.313236 -0.7976657 1.701334
0.3884373 -0.7723212 1.862982
9
-0.08797275 -0.1708052 1.885735
-0.1640791 -0.1816731 1.862947
-0.008480561 -0.1533858 1.834187
-0.3329954 -0.4419774 1.704765
0.1726714 -0.4224491 1.874364
-0.292549 -0.7428595 1.744497
0.4089097 -0.7402125 1.970358
-0.313236 -0.7976657 1.701334
0.3884373 -0.7723212 1.862982
9
-0.09225463 -0.1730076 1.883934
-0.1681932 -0.184389 1.860787
-0.01268904 -0.1549565 1.832801
-0.341617 -0.4410968 1.701553
0.1691659 -0.4215615 1.872041
-0.2927313 -0.7453015 1.744355
0.4066502 -0.7383294 1.968329
-0.3132505 -0.8001848 1.70162
0.3864696 -0.7706714 1.861034
9
-0.09225463 -0.1730076 1.883934
-0.1681932 -0.184389 1.860787
-0.01268904 -0.1549565 1.832801
-0.341617 -0.4410968 1.701553
0.1691659 -0.4215615 1.872041
-0.2927313 -0.7453015 1.744355
0.4066502 -0.7383294 1.968329
-0.3132505 -0.8001848 1.70162
0.3864696 -0.7706714 1.861034
9
-0.09547181 -0.17456 1.882251
-0.1713154 -0.1860073 1.858992
-0.01581035 -0.1563204 1.831298
-0.3467201 -0.4409669 1.699086
0.1672109 -0.4223072 1.870095
-0.2929895 -0.7455117 1.743715
0.4041023 -0.7390759 1.96762
-0.3131295 -0.8005663 1.701298
0.3843884 -0.7714767 1.8603
9
-0.09547181 -0.17456 1.882251
-0.1713154 -0.1860073 1.858992
-0.01581035 -0.1563204 1.831298
-0.3467201 -0.4409669 1.699086
0.1672109 -0.4223072 1.870095
-0.2929895 -0.7455117 1.743715
0.4041023 -0.7390759 1.96762
-0.3131295 -0.8005663 1.701298
0.3843884 -0.7714767 1.8603
9
-0.09547181 -0.17456 1.882251
-0.1713154 -0.1860073 1.858992
-0.01581035 -0.1563204 1.831298
-0.3467201 -0.4409669 1.699086
0.1672109 -0.4223072 1.870095
-0.2929895 -0.7455117 1.743715
0.4041023 -0.7390759 1.96762
-0.3131295 -0.8005663 1.701298
0.3843884 -0.7714767 1.8603
9
-0.09547181 -0.17456 1.882251
-0.1713154 -0.1860073 1.858992
-0.01581035 -0.1563204 1.831298
-0.3467201 -0.4409669 1.699086
0.1672109 -0.4223072 1.870095
-0.2929895 -0.7455117 1.743715
0.4041023 -0.7390759 1.96762
-0.3131295 -0.8005663 1.701298
0.3843884 -0.7714767 1.8603
9
-0.09571629 -0.1746043 1.881973
-0.1715828 -0.1860655 1.858402
-0.01603072 -0.1563478 1.831214
-0.3477454 -0.4405976 1.698715
0.1666305 -0.4228427 1.869195
-0.2931345 -0.7456487 1.743594
0.40409 -0.7391418 1.966847
-0.3125483 -0.8007277 1.699619
0.3852552 -0.7716242 1.859443
9
-0.09571629 -0.1746043 1.881973
-0.1715828 -0.1860655 1.858402
-0.01603072 -0.1563478 1.831214
-0.3477454 -0.4405976 1.698715
0.1666305 -0.4228427 1.869195
-0.2931345 -0.7456487 1.743594
0.40409 -0.7391418 1.966847
-0.3125483 -0.8007277 1.699619
0.3852552 -0.7716242 1.859443
9
-0.0954541 -0.1744587 1.881603
-0.1712208 -0.1857349 1.857657
-0.01586401 -0.1563112 1.831096
-0.3476672 -0.4404716 1.698805
0.1667805 -0.4231681 1.867964
-0.2930596 -0.7457185 1.743318
0.4042141 -0.7392266 1.966314
-0.3119457 -0.8006194 1.697294
0.3859353 -0.7717584 1.858865
9
-0.0954541 -0.1744587 1.881603
-0.1712208 -0.1857349 1.857657
-0.01586401 -0.1563112 1.831096
-0.3476672 -0.4404716 1.698805
0.1667805 -0.4231681 1.867964
-0.2930596 -0.7457185 1.743318
0.4042141 -0.7392266 1.966314
-0.3119457 -0.8006194 1.697294
0.3859353 -0.7717584 1.858865
9
-0.09321443 -0.173316 1.88131
-0.1688606 -0.1841265 1.856724
-0.01367997 -0.1555478 1.831407
-0.3450288 -0.4396217 1.698937
0.1688071 -0.422792 1.867309
-0.29297 -0.746142 1.743085
0.4051895 -0.7395496 1.965854
-0.3130476 -0.8011249 1.700239
0.3873396 -0.772066 1.858345
9
-0.09321443 -0.173316 1.88131
-0.1688606 -0.1841265 1.856724
-0.01367997 -0.1555478 1.831407
-0.3450288 -0.4396217 1.698937
0.1688071 -0.422792 1.867309
-0.29297 -0.746142 1.743085
0.4051895 -0.7395496 1.965854
-0.3130476 -0.8011249 1.700239
0.3873396 -0.772066 1.858345
9
-0.08717978 -0.1702866 1.881489
-0.1630116 -0.1798488 1.856119
-0.007544535 -0.1537465 1.832434
-0.3395951 -0.4362829 1.70063
0.1726297 -0.4229598 1.866717
-0.2928751 -0.7464823 1.742492
0.4083069 -0.7402959 1.965026
-0.3131754 -0.8014206 1.700042
0.3905726 -0.7726794 1.857444
9
-0.08717978 -0.1702866 1.881489
-0.1630116 -0.1798488 1.856119
-0.007544535 -0.1537465 1.832434
-0.3395951 -0.4362829 1.70063
0.1726297 -0.4229598 1.866717
-0.2928751 -0.7464823 1.742492
0.4083069 -0.7402959 1.965026
-0.3131754 -0.8014206 1.700042
0.3905726 -0.7726794 1.857444
9
-0.077383 -0.165034 1.881981
-0.1542701 -0.1738426 1.855943
0.002816433 -0.1495904 1.833698
-0.3278258 -0.4339339 1.703485
0.1787675 -0.4218679 1.866637
-0.2935617 -0.7455073 1.741328
0.4115756 -0.7411283 1.96533
-0.3141426 -0.8005383 1.700482
0.3942344 -0.7732484 1.857552
9
-0.05999362 -0.1579316 1.883048
-0.1381325 -0.1665387 1.855353
0.02073186 -0.1430369 1.836518
-0.3109658 -0.4302658 1.709563
0.187378 -0.4214907 1.867423
-0.2932653 -0.743508 1.740216
0.4157797 -0.7437597 1.966349
-0.3138736 -0.798649 1.700295
0.3987932 -0.775579 1.85838
9
-0.05999362 -0.1579316 1.883048
-0.1381325 -0.1665387 1.855353
0.02073186 -0.1430369 1.836518
-0.3109658 -0.4302658 1.709563
0.187378 -0.4214907 1.867423
-0.2932653 -0.743508 1.740216
0.4157797 -0.7437597 1.966349
-0.3138736 -0.798649 1.700295
0.3987932 -0.775579 1.85838
9
-0.05999362 -0.1579316 1.883048
-0.1381325 -0.1665387 1.855353
0.02073186 -0.1430369 1.836518
-0.3109658 -0.4302658 1.709563
0.187378 -0.4214907 1.867423
-0.2932653 -0.743508 1.740216
0.4157797 -0.7437597 1.966349
-0.3138736 -0.798649 1.700295
0.3987932 -0.775579 1.85838
9
-0.05999362 -0.1579316 1.883048
-0.1381325 -0.1665387 1.855353
0.02073186 -0.1430369 1.836518
-0.3109658 -0.4302658 1.709563
0.187378 -0.4214907 1.867423
-0.2932653 -0.743508 1.740216
0.4157797 -0.7437597 1.966349
-0.3138736 -0.798649 1.700295
0.3987932 -0.775579 1.85838
9
-0.05999362 -0.1579316 1.883048
-0.1381325 -0.1665387 1.855353
0.02073186 -0.1430369 1.836518
-0.3109658 -0.4302658 1.709563
0.187378 -0.4214907 1.867423
-0.2932653 -0.743508 1.740216
0.4157797 -0.7437597 1.966349
-0.3138736 -0.798649 1.700295
0.3987932 -0.775579 1.85838
