40
9
-0.3438227 -0.2513477 2.01627
-0.4119436 -0.2475723 1.98825
-0.2631699 -0.2460131 1.97121
-0.6306518 -0.4517115 1.804221
-0.01589127 -0.4806761 1.921328
-0.5527816 -0.7443725 1.875465
0.2564673 -0.7416393 1.978769
-0.5602539 -0.8037335 1.831867
0.243278 -0.7752936 1.870225
9
-0.3424061 -0.2573985 2.017209
-0.4107392 -0.2542123 1.989207
-0.2616205 -0.2513155 1.972145
-0.6665544 -0.3927012 1.789214
0.02331683 -0.4384241 1.899921
-0.5539339 -0.7470223 1.874715
0.2897469 -0.7436379 1.957692
-0.5607463 -0.8065093 1.831301
0.2762855 -0.7773252 1.849342
9
-0.3424061 -0.2573985 2.017209
-0.4107392 -0.2542123 1.989207
-0.2616205 -0.2513155 1.972145
-0.6665544 -0.3927012 1.789214
0.02331683 -0.4384241 1.899921
-0.5539339 -0.7470223 1.874715
0.2897469 -0.7436379 1.957692
-0.5607463 -0.8065093 1.831301
0.2762855 -0.7773252 1.849342
9
-0.3424061 -0.2573985 2.017209
-0.4107392 -0.2542123 1.989207
-0.2616205 -0.2513155 1.972145
-0.6665544 -0.3927012 1.789214
0.02331683 -0.4384241 1.899921
-0.5539339 -0.7470223 1.874715
0.2897469 -0.7436379 1.957692
-0.5607463 -0.8065093 1.831301
0.2762855 -0.7773252 1.849342
9
-0.3424061 -0.2573985 2.017209
-0.4107392 -0.2542123 1.989207
-0.2616205 -0.2513155 1.972145
-0.6665544 -0.3927012 1.789214
0.02331683 -0.4384241 1.899921
-0.5539339 -0.7470223 1.874715
0.2897469 -0.7436379 1.957692
-0.5607463 -0.8065093 1.831301
0.2762855 -0.7773252 1.849342
9
-0.3440074 -0.2638355 2.017727
-0.4122909 -0.2607197 1.989891
-0.2632104 -0.257424 1.972539
-0.6695882 -0.3934292 1.787496
0.02426765 -0.4409178 1.901699
-0.5549793 -0.7501534 1.87436
0.2916989 -0.7455372 1.958218
-0.5614417 -0.8096475 1.830898
0.2784433 -0.7793623 1.849969
9
-0.3440074 -0.2638355 2.017727
-0.4122909 -0.2607197 1.989891
-0.2632104 -0.257424 1.972539
-0.6695882 -0.3934292 1.787496
0.02426765 -0.4409178 1.901699
-0.5549793 -0.7501534 1.87436
0.2916989 -0.7455372 1.958218
-0.5614417 -0.8096475 1.830898
0.2784433 -0.7793623 1.849969
9
-0.3440074 -0.2638355 2.017727
-0.4122909 -0.2607197 1.989891
-0.2632104 -0.257424 1.972539
-0.6695882 -0.3934292 1.787496
0.02426765 -0.4409178 1.901699
-0.5549793 -0.7501534 1.87436
0.2916989 -0.7455372 1.958218
-0.5614417 -0.8096475 1.830898
0.2784433 -0.7793623 1.849969
9
-0.3440074 -0.2638355 2.017727
-0.4122909 -0.2607197 1.989891
-0.2632104 -0.257424 1.972539
-0.6695882 -0.3934292 1.787496
0.02426765 -0.4409178 1.901699
-0.5549793 -0.7501534 1.87436
0.2916989 -0.7455372 1.958218
-0.5614417 -0.8096475 1.830898
0.2784433 -0.7793623 1.849969
9
-0.3440074 -0.2638355 2.017727
-0.4122909 -0.2607197 1.989891
-0.2632104 -0.257424 1.972539
-0.6695882 -0.3934292 1.787496
0.02426765 -0.4409178 1.901699
-0.5549793 -0.7501534 1.87436
0.2916989 -0.7455372 1.958218
-0.5614417 -0.8096475 1.830898
0.2784433 -0.7793623 1.849969
9
-0.3440074 -0.2638355 2.017727
-0.4122909 -0.2607197 1.989891
-0.2632104 -0.257424 1.972539
-0.6695882 -0.3934292 1.787496
0.02426765 -0.4409178 1.901699
-0.5549793 -0.7501534 1.87436
0.2916989 -0.7455372 1.958218
-0.5614417 -0.8096475 1.830898
0.2784433 -0.7793623 1.849969
9
-0.3440074 -0.2638355 2.017727
-0.4122909 -0.2607197 1.989891
-0.2632104 -0.257424 1.972539
-0.6695882 -0.3934292 1.787496
0.02426765 -0.4409178 1.901699
-0.5549793 -0.7501534 1.87436
0.2916989 -0.7455372 1.958218
-0.5614417 -0.8096475 1.830898
0.2784433 -0.7793623 1.849969
9
-0.3440074 -0.2638355 2.017727
-0.4122909 -0.2607197 1.989891
-0.2632104 -0.257424 1.972539
-0.6695882 -0.3934292 1.787496
0.02426765 -0.4409178 1.901699
-0.5549793 -0.7501534 1.87436
0.2916989 -0.7455372 1.958218
-0.5614417 -0.8096475 1.830898
0.2784433 -0.7793623 1.849969
9
-0.3443066 -0.2648235 2.018116
-0.41261 -0.261665 1.990191
-0.2634809 -0.2584221 1.973028
-0.6699755 -0.3933804 1.787263
0.02455671 -0.4408112 1.901508
-0.5553366 -0.7516572 1.874352
0.2922167 -0.7453606 1.957489
-0.5616242 -0.8111187 1.830707
0.278841 -0.7792152 1.8493
9
-0.3443066 -0.2648235 2.018116
-0.41261 -0.261665 1.990191
-0.2634809 -0.2584221 1.973028
-0.6699755 -0.3933804 1.787263
0.02455671 -0.4408112 1.901508
-0.5553366 -0.7516572 1.874352
0.2922167 -0.7453606 1.957489
-0.5616242 -0.8111187 1.830707
0.278841 -0.7792152 1.8493
9
-0.3442362 -0.2648342 2.018489
-0.4125747 -0.2616254 1.990481
-0.2633709 -0.258497 1.973501
-0.6697354 -0.393452 1.78749
0.02469558 -0.4406218 1.901634
-0.5555632 -0.7534838 1.874342
0.2923615 -0.7452404 1.957306
-0.5617245 -0.8128223 1.830057
0.2786679 -0.7791073 1.849188
9
-0.3442362 -0.2648342 2.018489
-0.4125747 -0.2616254 1.990481
-0.2633709 -0.258497 1.973501
-0.6697354 -0.393452 1.78749
0.02469558 -0.4406218 1.901634
-0.5555632 -0.7534838 1.874342
0.2923615 -0.7452404 1.957306
-0.5617245 -0.8128223 1.830057
0.2786679 -0.7791073 1.849188
9
-0.3413852 -0.264122 2.019691
-0.4100499 -0.2612365 1.991592
-0.2602688 -0.2574428 1.974775
-0.6674483 -0.3926068 1.788675
0.02669812 -0.4409416 1.902598
-0.5557395 -0.7551883 1.874514
0.2862099 -0.7516071 1.961705
-0.5639778 -0.8141727 1.831174
0.2726263 -0.7855029 1.853654
9
-0.3413852 -0.264122 2.019691
-0.4100499 -0.2612365 1.991592
-0.2602688 -0.2574428 1.974775
-0.6674483 -0.3926068 1.788675
0.02669812 -0.4409416 1.902598
-0.5557395 -0.7551883 1.874514
0.2862099 -0.7516071 1.961705
-0.5639778 -0.8141727 1.831174
0.2726263 -0.7855029 1.853654
9
-0.337639 -0.2615087 2.02139
-0.4062269 -0.2586204 1.993425
-0.2567554 -0.2549395 1.976296
-0.6628107 -0.3906904 1.789602
0.02974698 -0.4394192 1.906327
-0.5556046 -0.7554732 1.874577
0.2955316 -0.7464471 1.958437
-0.563961 -0.8144025 1.831091
0.2815506 -0.7805145 1.850478
9
-0.337639 -0.2615087 2.02139
-0.4062269 -0.2586204 1.993425
-0.2567554 -0.2549395 1.976296
-0.6628107 -0.3906904 1.789602
0.02974698 -0.4394192 1.906327
-0.5556046 -0.7554732 1.874577
0.2955316 -0.7464471 1.958437
-0.563961 -0.8144025 1.831091
0.2815506 -0.7805145 1.850478
9
-0.3294693 -0.2565025 2.024501
-0.398134 -0.2539923 1.996396
-0.2488225 -0.2497398 1.979464
-0.653812 -0.3871168 1.791784
0.03438056 -0.4382846 1.906424
-0.5552943 -0.7558582 1.874751
0.2977567 -0.7474808 1.957855
-0.5635233 -0.8147926 1.831116
0.283456 -0.7816504 1.850018
9
-0.3294693 -0.2565025 2.024501
-0.398134 -0.2539923 1.996396
-0.2488225 -0.2497398 1.979464
-0.653812 -0.3871168 1.791784
0.03438056 -0.4382846 1.906424
-0.5552943 -0.7558582 1.874751
0.2977567 -0.7474808 1.957855
-0.5635233 -0.8147926 1.831116
0.283456 -0.7816504 1.850018
9
-0.31722 -0.2485667 2.027366
-0.3863594 -0.2472786 1.99888
-0.23652 -0.2407955 1.982618
-0.6418318 -0.3833137 1.796032
0.03947968 -0.4385833 1.907004
-0.5550151 -0.7561096 1.874799
0.2985484 -0.7513345 1.958331
-0.5652804 -0.81441 1.830673
0.2847636 -0.785616 1.850582
9
-0.31722 -0.2485667 2.027366
-0.3863594 -0.2472786 1.99888
-0.23652 -0.2407955 1.982618
-0.6418318 -0.3833137 1.796032
0.03947968 -0.4385833 1.907004
-0.5550151 -0.7561096 1.874799
0.2985484 -0.7513345 1.958331
-0.5652804 -0.81441 1.830673
0.2847636 -0.785616 1.850582
9
-0.31722 -0.2485667 2.027366
-0.3863594 -0.2472786 1.99888
-0.23652 -0.2407955 1.982618
-0.6418318 -0.3833137 1.796032
0.03947968 -0.4385833 1.907004
-0.5550151 -0.7561096 1.874799
0.2985484 -0.7513345 1.958331
-0.5652804 -0.81441 1.830673
0.2847636 -0.785616 1.850582
9
-0.31722 -0.2485667 2.027366
-0.3863594 -0.2472786 1.99888
-0.23652 -0.2407955 1.982618
-0.6418318 -0.3833137 1.796032
0.03947968 -0.4385833 1.907004
-0.5550151 -0.7561096 1.874799
0.2985484 -0.7513345 1.958331
-0.5652804 -0.81441 1.830673
0.2847636 -0.785616 1.850582
9
-0.2784489 -0.2242301 2.037775
-0.3488839 -0.2250343 2.010884
-0.197843 -0.2152673 1.991067
-0.6000454 -0.3749484 1.812017
0.06656944 -0.4284984 1.924568
-0.603498 -0.783707 1.844489
0.3032752 -0.7595379 1.969117
-0.5475166 -0.8218094 1.842161
0.2895088 -0.7942091 1.861698
9
-0.2784489 -0.2242301 2.037775
-0.3488839 -0.2250343 2.010884
-0.197843 -0.2152673 1.991067
-0.6000454 -0.3749484 1.812017
0.06656944 -0.4284984 1.924568
-0.603498 -0.783707 1.844489
0.3032752 -0.7595379 1.969117
-0.5475166 -0.8218094 1.842161
0.2895088 -0.7942091 1.861698
9
-0.2784489 -0.2242301 2.037775
-0.3488839 -0.2250343 2.010884
-0.197843 -0.2152673 1.991067
-0.6000454 -0.3749484 1.812017
0.06656944 -0.4284984 1.924568
-0.603498 -0.783707 1.844489
0.3032752 -0.7595379 1.969117
-0.5475166 -0.8218094 1.842161
0.2895088 -0.7942091 1.861698
9
-0.2784489 -0.2242301 2.037775
-0.3488839 -0.2250343 2.010884
-0.197843 -0.2152673 1.991067
-0.6000454 -0.3749484 1.812017
0.06656944 -0.4284984 1.924568
-0.603498 -0.783707 1.844489
0.3032752 -0.7595379 1.969117
-0.5475166 -0.8218094 1.842161
0.2895088 -0.7942091 1.861698
9
-0.2784489 -0.2242301 2.037775
-0.3488839 -0.2250343 2.010884
-0.197843 -0.2152673 1.991067
-0.6000454 -0.3749484 1.812017
0.06656944 -0.4284984 1.924568
-0.603498 -0.783707 1.844489
0.3032752 -0.7595379 1.969117
-0.5475166 -0.8218094 1.842161
0.2895088 -0.7942091 1.861698
9
-0.2784489 -0.2242301 2.037775
-0.3488839 -0.2250343 2.010884
-0.197843 -0.2152673 1.991067
-0.6000454 -0.3749484 1.812017
0.06656944 -0.4284984 1.924568
-0.603498 -0.783707 1.844489
0.3032752 -0.7595379 1.969117
-0.5475166 -0.8218094 1.842161
0.2895088 -0.7942091 1.861698
9
-0.2784489 -0.2242301 2.037775
-0.3488839 -0.2250343 2.010884
-0.197843 -0.2152673 1.991067
-0.6000454 -0.3749484 1.812017
0.06656944 -0.4284984 1.924568
-0.603498 -0.783707 1.844489
0.3032752 -0.7595379 1.969117
-0.5475166 -0.8218094 1.842161
0.2895088 -0.7942091 1.861698
9
-0.2550607 -0.2114464 2.034971
-0.3178865 -0.207434 2.008814
-0.1816708 -0.2069135 1.987749
-0.566061 -0.3805526 1.828824
0.09729141 -0.402643 1.947956
-0.6169913 -0.7875929 1.838754
0.3269096 -0.7390004 1.990336
-0.5515603 -0.8129976 1.840082
0.3122322 -0.7725575 1.881889
9
-0.2550607 -0.2114464 2.034971
-0.3178865 -0.207434 2.008814
-0.1816708 -0.2069135 1.987749
-0.566061 -0.3805526 1.828824
0.09729141 -0.402643 1.947956
-0.6169913 -0.7875929 1.838754
0.3269096 -0.7390004 1.990336
-0.5515603 -0.8129976 1.840082
0.3122322 -0.7725575 1.881889
9
-0.2163098 -0.1911345 2.049806
-0.2922352 -0.1956067 2.020124
-0.1349299 -0.1805246 2.00416
-0.5434171 -0.3664973 1.841549
0.1036147 -0.4216385 1.948557
-0.5987989 -0.7731896 1.84933
0.3313224 -0.7594528 1.988734
-0.5516254 -0.8211687 1.83964
0.3170539 -0.7942574 1.881341
9
-0.207272 -0.1867691 2.050408
-0.2782756 -0.1895892 2.022292
-0.1282825 -0.1769566 2.004169
-0.527706 -0.3660956 1.84697
0.1105752 -0.4178776 1.952071
-0.5980808 -0.7706305 1.849063
0.33442 -0.7584953 1.99068
-0.5521896 -0.8195353 1.838953
0.3204257 -0.7930288 1.883055
9
-0.207272 -0.1867691 2.050408
-0.2782756 -0.1895892 2.022292
-0.1282825 -0.1769566 2.004169
-0.527706 -0.3660956 1.84697
0.1105752 -0.4178776 1.952071
-0.5980808 -0.7706305 1.849063
0.33442 -0.7584953 1.99068
-0.5521896 -0.8195353 1.838953
0.3204257 -0.7930288 1.883055
9
-0.207272 -0.1867691 2.050408
-0.2782756 -0.1895892 2.022292
-0.1282825 -0.1769566 2.004169
-0.527706 -0.3660956 1.84697
0.1105752 -0.4178776 1.952071
-0.5980808 -0.7706305 1.849063
0.33442 -0.7584953 1.99068
-0.5521896 -0.8195353 1.838953
0.3204257 -0.7930288 1.883055
