40
9
-0.1087566 -0.3714339 2.147105
-0.1864251 -0.3728502 2.129609
-0.02728559 -0.3573045 2.091096
-0.3683834 -0.6093935 2.036973
0.1211801 -0.6349788 2.120589
-0.3764477 -0.9635918 2.083731
0.3418897 -0.9673043 2.174176
-0.3925859 -1.001454 1.950989
0.3146907 -1.005597 2.041118
9
-0.1087566 -0.3714339 2.147105
-0.1864251 -0.3728502 2.129609
-0.02728559 -0.3573045 2.091096
-0.3683834 -0.6093935 2.036973
0.1211801 -0.6349788 2.120589
-0.3764477 -0.9635918 2.083731
0.3418897 -0.9673043 2.174176
-0.3925859 -1.001454 1.950989
0.3146907 -1.005597 2.041118
9
-0.1206448 -0.3774762 2.146485
-0.1971653 -0.3789767 2.128325
-0.04002001 -0.363069 2.091235
-0.3752571 -0.6116129 2.035668
0.1152659 -0.6360273 2.119231
-0.3849689 -0.9604384 2.080129
0.3380915 -0.9724914 2.168093
-0.4013438 -0.9983947 1.947518
0.3105635 -1.010747 2.035191
9
-0.1206448 -0.3774762 2.146485
-0.1971653 -0.3789767 2.128325
-0.04002001 -0.363069 2.091235
-0.3752571 -0.6116129 2.035668
0.1152659 -0.6360273 2.119231
-0.3849689 -0.9604384 2.080129
0.3380915 -0.9724914 2.168093
-0.4013438 -0.9983947 1.947518
0.3105635 -1.010747 2.035191
9
-0.134326 -0.3840513 2.144031
-0.2103056 -0.3859682 2.125805
-0.05369759 -0.3689823 2.088898
-0.3991635 -0.6221345 2.032188
0.1029045 -0.6385479 2.115961
-0.3852893 -0.9663118 2.079861
0.3306151 -0.9722176 2.162712
-0.4017505 -1.004352 1.947379
0.3031024 -1.010601 2.029903
9
-0.134326 -0.3840513 2.144031
-0.2103056 -0.3859682 2.125805
-0.05369759 -0.3689823 2.088898
-0.3991635 -0.6221345 2.032188
0.1029045 -0.6385479 2.115961
-0.3852893 -0.9663118 2.079861
0.3306151 -0.9722176 2.162712
-0.4017505 -1.004352 1.947379
0.3031024 -1.010601 2.029903
9
-0.1597991 -0.3959975 2.140295
-0.2342262 -0.3962015 2.122521
-0.07986942 -0.3823175 2.084809
-0.4126897 -0.6275764 2.029673
0.09497011 -0.6492122 2.115268
-0.3893659 -0.9641472 2.076402
0.3288221 -0.9794389 2.157592
-0.405713 -1.001928 1.943771
0.3013742 -1.017429 2.024678
9
-0.1597991 -0.3959975 2.140295
-0.2342262 -0.3962015 2.122521
-0.07986942 -0.3823175 2.084809
-0.4126897 -0.6275764 2.029673
0.09497011 -0.6492122 2.115268
-0.3893659 -0.9641472 2.076402
0.3288221 -0.9794389 2.157592
-0.405713 -1.001928 1.943771
0.3013742 -1.017429 2.024678
9
-0.1732581 -0.4035343 2.139783
-0.2468259 -0.4034419 2.121372
-0.09371973 -0.3898605 2.085056
-0.429525 -0.6308707 2.027189
0.08706979 -0.657311 2.114938
-0.3894504 -0.9654522 2.076248
0.3276161 -0.9829717 2.15596
-0.4050661 -1.003475 1.943602
0.4362793 -1.030273 2.107422
9
-0.1732581 -0.4035343 2.139783
-0.2468259 -0.4034419 2.121372
-0.09371973 -0.3898605 2.085056
-0.429525 -0.6308707 2.027189
0.08706979 -0.657311 2.114938
-0.3894504 -0.9654522 2.076248
0.3276161 -0.9829717 2.15596
-0.4050661 -1.003475 1.943602
0.4362793 -1.030273 2.107422
9
-0.1895048 -0.412479 2.139568
-0.2633042 -0.4120021 2.120836
-0.1091699 -0.3988726 2.085243
-0.4450566 -0.6394157 2.025202
0.08196886 -0.6624509 2.114049
-0.3909725 -0.9700247 2.075373
0.3252452 -0.9865176 2.152635
-0.4063366 -1.008141 1.942795
0.2988101 -1.024803 2.01978
9
-0.1895048 -0.412479 2.139568
-0.2633042 -0.4120021 2.120836
-0.1091699 -0.3988726 2.085243
-0.4450566 -0.6394157 2.025202
0.08196886 -0.6624509 2.114049
-0.3909725 -0.9700247 2.075373
0.3252452 -0.9865176 2.152635
-0.4063366 -1.008141 1.942795
0.2988101 -1.024803 2.01978
9
-0.1995853 -0.4179985 2.140046
-0.2727978 -0.4168542 2.121316
-0.1195045 -0.4049115 2.085784
-0.4562871 -0.642233 2.023991
0.07320563 -0.6649781 2.11344
-0.3924403 -0.9720585 2.075377
0.3224926 -0.9846634 2.151319
-0.4163063 -1.047631 2.064853
0.2956718 -1.023297 2.018726
9
-0.1995853 -0.4179985 2.140046
-0.2727978 -0.4168542 2.121316
-0.1195045 -0.4049115 2.085784
-0.4562871 -0.642233 2.023991
0.07320563 -0.6649781 2.11344
-0.3924403 -0.9720585 2.075377
0.3224926 -0.9846634 2.151319
-0.4163063 -1.047631 2.064853
0.2956718 -1.023297 2.018726
9
-0.1995853 -0.4179985 2.140046
-0.2727978 -0.4168542 2.121316
-0.1195045 -0.4049115 2.085784
-0.4562871 -0.642233 2.023991
0.07320563 -0.6649781 2.11344
-0.3924403 -0.9720585 2.075377
0.3224926 -0.9846634 2.151319
-0.4163063 -1.047631 2.064853
0.2956718 -1.023297 2.018726
9
-0.1995853 -0.4179985 2.140046
-0.2727978 -0.4168542 2.121316
-0.1195045 -0.4049115 2.085784
-0.4562871 -0.642233 2.023991
0.07320563 -0.6649781 2.11344
-0.3924403 -0.9720585 2.075377
0.3224926 -0.9846634 2.151319
-0.4163063 -1.047631 2.064853
0.2956718 -1.023297 2.018726
9
-0.2152783 -0.4282368 2.140348
-0.2886102 -0.4268616 2.122196
-0.1345494 -0.4150391 2.085634
-0.4771547 -0.6460676 2.018893
0.07085908 -0.666948 2.112741
-0.395551 -0.971593 2.073846
0.3191006 -0.9880451 2.146864
-0.422316 -1.048681 2.037068
0.29273 -1.027474 2.014678
9
-0.2152783 -0.4282368 2.140348
-0.2886102 -0.4268616 2.122196
-0.1345494 -0.4150391 2.085634
-0.4771547 -0.6460676 2.018893
0.07085908 -0.666948 2.112741
-0.395551 -0.971593 2.073846
0.3191006 -0.9880451 2.146864
-0.422316 -1.048681 2.037068
0.29273 -1.027474 2.014678
9
-0.2200695 -0.4315213 2.140759
-0.2933927 -0.4300329 2.122392
-0.1391914 -0.4183346 2.086292
-0.480863 -0.6498235 2.018419
0.06971681 -0.6693205 2.112698
-0.3959537 -0.9721217 2.0738
0.3182954 -0.9891588 2.145622
-0.4162497 -1.051306 2.03811
0.4282141 -1.038148 2.094569
9
-0.2200695 -0.4315213 2.140759
-0.2933927 -0.4300329 2.122392
-0.1391914 -0.4183346 2.086292
-0.480863 -0.6498235 2.018419
0.06971681 -0.6693205 2.112698
-0.3959537 -0.9721217 2.0738
0.3182954 -0.9891588 2.145622
-0.4162497 -1.051306 2.03811
0.4282141 -1.038148 2.094569
9
-0.2256166 -0.434831 2.141693
-0.2985436 -0.4330254 2.12334
-0.1449533 -0.4218682 2.08725
-0.4863785 -0.6517582 2.017195
0.0684934 -0.6695765 2.11237
-0.4134087 -0.953344 2.067987
0.3189249 -0.9892408 2.144857
-0.4286135 -0.9935273 1.936458
0.4299035 -1.036274 2.093827
9
-0.2256166 -0.434831 2.141693
-0.2985436 -0.4330254 2.12334
-0.1449533 -0.4218682 2.08725
-0.4863785 -0.6517582 2.017195
0.0684934 -0.6695765 2.11237
-0.4134087 -0.953344 2.067987
0.3189249 -0.9892408 2.144857
-0.4286135 -0.9935273 1.936458
0.4299035 -1.036274 2.093827
9
-0.2285534 -0.4366246 2.142577
-0.3017536 -0.4346888 2.124061
-0.1475521 -0.4237452 2.088314
-0.4877024 -0.6547828 2.017398
0.06766434 -0.6699913 2.111833
-0.4123372 -0.9561661 2.069402
0.3191415 -0.988959 2.143584
-0.4276656 -0.9965672 1.938042
0.2924637 -1.029273 2.011987
9
-0.2285534 -0.4366246 2.142577
-0.3017536 -0.4346888 2.124061
-0.1475521 -0.4237452 2.088314
-0.4877024 -0.6547828 2.017398
0.06766434 -0.6699913 2.111833
-0.4123372 -0.9561661 2.069402
0.3191415 -0.988959 2.143584
-0.4276656 -0.9965672 1.938042
0.2924637 -1.029273 2.011987
9
-0.2306417 -0.4380063 2.142675
-0.3038707 -0.4359073 2.124166
-0.1495325 -0.4252443 2.088422
-0.4892321 -0.6562728 2.016939
0.06748683 -0.6707118 2.111683
-0.4105842 -0.9592718 2.069966
0.3187565 -0.9900404 2.142055
-0.4231977 -1.040423 2.039687
0.4105336 -1.029043 2.096557
9
-0.2306417 -0.4380063 2.142675
-0.3038707 -0.4359073 2.124166
-0.1495325 -0.4252443 2.088422
-0.4892321 -0.6562728 2.016939
0.06748683 -0.6707118 2.111683
-0.4105842 -0.9592718 2.069966
0.3187565 -0.9900404 2.142055
-0.4231977 -1.040423 2.039687
0.4105336 -1.029043 2.096557
9
-0.23074 -0.4382739 2.142745
-0.3039825 -0.4363323 2.124306
-0.1496096 -0.4253863 2.088444
-0.4889482 -0.6571645 2.017599
0.067239 -0.6707621 2.111747
-0.4081057 -0.9648693 2.071186
0.3187965 -0.9899018 2.141891
-0.4236546 -1.005478 1.94007
0.4189441 -1.030357 2.096205
9
-0.23074 -0.4382739 2.142745
-0.3039825 -0.4363323 2.124306
-0.1496096 -0.4253863 2.088444
-0.4889482 -0.6571645 2.017599
0.067239 -0.6707621 2.111747
-0.4081057 -0.9648693 2.071186
0.3187965 -0.9899018 2.141891
-0.4236546 -1.005478 1.94007
0.4189441 -1.030357 2.096205
9
-0.2305924 -0.4384639 2.142958
-0.3037562 -0.4366195 2.12459
-0.1495272 -0.4254915 2.088595
-0.4906428 -0.6559175 2.018164
0.06787404 -0.6714644 2.111858
-0.4056379 -0.9690723 2.072514
0.3194612 -0.9905742 2.141983
-0.4148885 -1.050741 2.038708
0.4149708 -1.027932 2.095451
9
-0.2305924 -0.4384639 2.142958
-0.3037562 -0.4366195 2.12459
-0.1495272 -0.4254915 2.088595
-0.4906428 -0.6559175 2.018164
0.06787404 -0.6714644 2.111858
-0.4056379 -0.9690723 2.072514
0.3194612 -0.9905742 2.141983
-0.4148885 -1.050741 2.038708
0.4149708 -1.027932 2.095451
9
-0.2297812 -0.4380671 2.143649
-0.3031482 -0.4363251 2.125197
-0.1485108 -0.4249821 2.089365
-0.4905064 -0.6553786 2.01926
0.06845332 -0.6718926 2.11219
-0.407446 -0.9660172 2.071178
0.3199006 -0.9910665 2.142573
-0.4224485 -1.006774 1.940037
0.4166173 -1.027355 2.102029
9
-0.2297812 -0.4380671 2.143649
-0.3031482 -0.4363251 2.125197
-0.1485108 -0.4249821 2.089365
-0.4905064 -0.6553786 2.01926
0.06845332 -0.6718926 2.11219
-0.407446 -0.9660172 2.071178
0.3199006 -0.9910665 2.142573
-0.4224485 -1.006774 1.940037
0.4166173 -1.027355 2.102029
9
-0.2276399 -0.4368466 2.145102
-0.3009124 -0.4349832 2.127054
-0.1465306 -0.4239046 2.090436
-0.4885617 -0.6539918 2.021589
0.0699647 -0.6698825 2.112729
-0.4072856 -0.9660035 2.071331
0.3195826 -0.9905289 2.142737
-0.4224642 -1.006964 1.940343
0.2931407 -1.0315 2.011483
9
-0.2276399 -0.4368466 2.145102
-0.3009124 -0.4349832 2.127054
-0.1465306 -0.4239046 2.090436
-0.4885617 -0.6539918 2.021589
0.0699647 -0.6698825 2.112729
-0.4072856 -0.9660035 2.071331
0.3195826 -0.9905289 2.142737
-0.4224642 -1.006964 1.940343
0.2931407 -1.0315 2.011483
9
-0.2276399 -0.4368466 2.145102
-0.3009124 -0.4349832 2.127054
-0.1465306 -0.4239046 2.090436
-0.4885617 -0.6539918 2.021589
0.0699647 -0.6698825 2.112729
-0.4072856 -0.9660035 2.071331
0.3195826 -0.9905289 2.142737
-0.4224642 -1.006964 1.940343
0.2931407 -1.0315 2.011483
9
-0.2276399 -0.4368466 2.145102
-0.3009124 -0.4349832 2.127054
-0.1465306 -0.4239046 2.090436
-0.4885617 -0.6539918 2.021589
0.0699647 -0.6698825 2.112729
-0.4072856 -0.9660035 2.071331
0.3195826 -0.9905289 2.142737
-0.4224642 -1.006964 1.940343
0.2931407 -1.0315 2.011483
9
-0.2119686 -0.4272558 2.148296
-0.2861279 -0.4258492 2.130706
-0.1305031 -0.41416 2.092993
-0.4665931 -0.6527548 2.03125
0.07685379 -0.6687695 2.114142
-0.4050451 -0.9685028 2.071372
0.3239821 -0.9912621 2.144261
-0.421549 -1.009851 1.940925
0.2961893 -1.032658 2.013548
9
-0.2119686 -0.4272558 2.148296
-0.2861279 -0.4258492 2.130706
-0.1305031 -0.41416 2.092993
-0.4665931 -0.6527548 2.03125
0.07685379 -0.6687695 2.114142
-0.4050451 -0.9685028 2.071372
0.3239821 -0.9912621 2.144261
-0.421549 -1.009851 1.940925
0.2961893 -1.032658 2.013548
9
-0.1984078 -0.4212731 2.149745
-0.2721659 -0.4202675 2.132811
-0.117773 -0.4079736 2.093721
-0.4551277 -0.6457432 2.034258
0.08001792 -0.6597917 2.114373
-0.4024368 -0.9710971 2.073067
0.3221703 -0.9860026 2.14473
-0.4196514 -1.01256 1.94287
0.293737 -1.027608 2.01423
9
-0.1984078 -0.4212731 2.149745
-0.2721659 -0.4202675 2.132811
-0.117773 -0.4079736 2.093721
-0.4551277 -0.6457432 2.034258
0.08001792 -0.6597917 2.114373
-0.4024368 -0.9710971 2.073067
0.3221703 -0.9860026 2.14473
-0.4196514 -1.01256 1.94287
0.293737 -1.027608 2.01423
