40
9
-0.05468097 -0.3504512 2.19146
-0.1343609 -0.3565952 2.174429
0.02695893 -0.332473 2.134731
-0.311417 -0.656351 2.120841
0.2013354 -0.637149 2.140785
-0.341989 -0.9614863 2.123113
0.3389896 -0.9587665 2.182709
-0.3815824 -1.030906 2.067373
0.3679324 -1.030001 2.116063
9
-0.05468097 -0.3504512 2.19146
-0.1343609 -0.3565952 2.174429
0.02695893 -0.332473 2.134731
-0.311417 -0.656351 2.120841
0.2013354 -0.637149 2.140785
-0.341989 -0.9614863 2.123113
0.3389896 -0.9587665 2.182709
-0.3815824 -1.030906 2.067373
0.3679324 -1.030001 2.116063
9
-0.1332313 -0.3772639 2.187227
-0.2094028 -0.3823026 2.168998
-0.05250842 -0.3595428 2.131975
-0.3935479 -0.628379 2.108239
0.1512216 -0.659286 2.136067
-0.3696898 -0.9582639 2.116837
0.3352712 -0.9679192 2.174024
-0.3853463 -0.996541 1.983746
0.3088214 -1.006361 2.040754
9
-0.1332313 -0.3772639 2.187227
-0.2094028 -0.3823026 2.168998
-0.05250842 -0.3595428 2.131975
-0.3935479 -0.628379 2.108239
0.1512216 -0.659286 2.136067
-0.3696898 -0.9582639 2.116837
0.3352712 -0.9679192 2.174024
-0.3853463 -0.996541 1.983746
0.3088214 -1.006361 2.040754
9
-0.1393306 -0.3805086 2.18626
-0.2167229 -0.3867209 2.168021
-0.05733517 -0.3616968 2.131064
-0.402923 -0.6298805 2.10735
0.1156452 -0.651734 2.136157
-0.3746905 -0.9597617 2.114109
0.328692 -0.9720294 2.169713
-0.3898415 -0.9982071 1.981072
0.3027608 -1.010588 2.036492
9
-0.1393306 -0.3805086 2.18626
-0.2167229 -0.3867209 2.168021
-0.05733517 -0.3616968 2.131064
-0.402923 -0.6298805 2.10735
0.1156452 -0.651734 2.136157
-0.3746905 -0.9597617 2.114109
0.328692 -0.9720294 2.169713
-0.3898415 -0.9982071 1.981072
0.3027608 -1.010588 2.036492
9
-0.1393306 -0.3805086 2.18626
-0.2167229 -0.3867209 2.168021
-0.05733517 -0.3616968 2.131064
-0.402923 -0.6298805 2.10735
0.1156452 -0.651734 2.136157
-0.3746905 -0.9597617 2.114109
0.328692 -0.9720294 2.169713
-0.3898415 -0.9982071 1.981072
0.3027608 -1.010588 2.036492
9
-0.1393306 -0.3805086 2.18626
-0.2167229 -0.3867209 2.168021
-0.05733517 -0.3616968 2.131064
-0.402923 -0.6298805 2.10735
0.1156452 -0.651734 2.136157
-0.3746905 -0.9597617 2.114109
0.328692 -0.9720294 2.169713
-0.3898415 -0.9982071 1.981072
0.3027608 -1.010588 2.036492
9
-0.1854043 -0.4085849 2.179488
-0.2611296 -0.4139279 2.162017
-0.103372 -0.389517 2.123796
-0.4505786 -0.6419115 2.098133
0.09776555 -0.6532705 2.136165
-0.3842796 -0.9648217 2.108618
0.3210117 -0.9788065 2.166013
-0.3992083 -1.004222 1.976172
0.2952642 -1.018294 2.03335
9
-0.1854043 -0.4085849 2.179488
-0.2611296 -0.4139279 2.162017
-0.103372 -0.389517 2.123796
-0.4505786 -0.6419115 2.098133
0.09776555 -0.6532705 2.136165
-0.3842796 -0.9648217 2.108618
0.3210117 -0.9788065 2.166013
-0.3992083 -1.004222 1.976172
0.2952642 -1.018294 2.03335
9
-0.2011538 -0.4169665 2.182032
-0.2744705 -0.419522 2.164222
-0.121281 -0.4008979 2.126825
-0.461647 -0.6484986 2.094805
0.09240508 -0.6579949 2.137621
-0.3864373 -0.9686768 2.104633
0.3177483 -0.9830275 2.164591
-0.4012895 -1.008208 1.972328
0.2920894 -1.022652 2.032051
9
-0.2011538 -0.4169665 2.182032
-0.2744705 -0.419522 2.164222
-0.121281 -0.4008979 2.126825
-0.461647 -0.6484986 2.094805
0.09240508 -0.6579949 2.137621
-0.3864373 -0.9686768 2.104633
0.3177483 -0.9830275 2.164591
-0.4012895 -1.008208 1.972328
0.2920894 -1.022652 2.032051
9
-0.2011538 -0.4169665 2.182032
-0.2744705 -0.419522 2.164222
-0.121281 -0.4008979 2.126825
-0.461647 -0.6484986 2.094805
0.09240508 -0.6579949 2.137621
-0.3864373 -0.9686768 2.104633
0.3177483 -0.9830275 2.164591
-0.4012895 -1.008208 1.972328
0.2920894 -1.022652 2.032051
9
-0.2353063 -0.4345948 2.184076
-0.3100407 -0.435855 2.164728
-0.1525439 -0.4187558 2.130505
-0.4914373 -0.6668755 2.08299
0.08725321 -0.6664779 2.137784
-0.3986938 -0.965142 2.096129
0.3159268 -0.9857709 2.162084
-0.3189723 -1.015186 2.06643
0.2896368 -1.027413 2.030864
9
-0.2353063 -0.4345948 2.184076
-0.3100407 -0.435855 2.164728
-0.1525439 -0.4187558 2.130505
-0.4914373 -0.6668755 2.08299
0.08725321 -0.6664779 2.137784
-0.3986938 -0.965142 2.096129
0.3159268 -0.9857709 2.162084
-0.3189723 -1.015186 2.06643
0.2896368 -1.027413 2.030864
9
-0.2353063 -0.4345948 2.184076
-0.3100407 -0.435855 2.164728
-0.1525439 -0.4187558 2.130505
-0.4914373 -0.6668755 2.08299
0.08725321 -0.6664779 2.137784
-0.3986938 -0.965142 2.096129
0.3159268 -0.9857709 2.162084
-0.3189723 -1.015186 2.06643
0.2896368 -1.027413 2.030864
9
-0.2353063 -0.4345948 2.184076
-0.3100407 -0.435855 2.164728
-0.1525439 -0.4187558 2.130505
-0.4914373 -0.6668755 2.08299
0.08725321 -0.6664779 2.137784
-0.3986938 -0.965142 2.096129
0.3159268 -0.9857709 2.162084
-0.3189723 -1.015186 2.06643
0.2896368 -1.027413 2.030864
9
-0.2406796 -0.4412221 2.182716
-0.3157217 -0.4435177 2.162246
-0.1575743 -0.4243671 2.130198
-0.5056024 -0.6662828 2.074348
0.07786615 -0.671381 2.138776
-0.4037137 -0.9651663 2.093827
0.317126 -0.9886036 2.159817
-0.415336 -1.007125 1.962382
0.2944126 -1.030555 2.028127
9
-0.2406796 -0.4412221 2.182716
-0.3157217 -0.4435177 2.162246
-0.1575743 -0.4243671 2.130198
-0.5056024 -0.6662828 2.074348
0.07786615 -0.671381 2.138776
-0.4037137 -0.9651663 2.093827
0.317126 -0.9886036 2.159817
-0.415336 -1.007125 1.962382
0.2944126 -1.030555 2.028127
9
-0.2491444 -0.4500541 2.181695
-0.3238894 -0.4524981 2.160489
-0.1660322 -0.4326876 2.130085
-0.5160211 -0.6724509 2.069829
0.07085919 -0.6734284 2.14074
-0.4198019 -0.9594081 2.091106
0.3163379 -0.9906127 2.158477
-0.43165 -1.001756 1.959969
0.2931541 -1.032844 2.027094
9
-0.2491444 -0.4500541 2.181695
-0.3238894 -0.4524981 2.160489
-0.1660322 -0.4326876 2.130085
-0.5160211 -0.6724509 2.069829
0.07085919 -0.6734284 2.14074
-0.4198019 -0.9594081 2.091106
0.3163379 -0.9906127 2.158477
-0.43165 -1.001756 1.959969
0.2931541 -1.032844 2.027094
9
-0.2530399 -0.4548193 2.179864
-0.3278576 -0.4573165 2.157886
-0.169751 -0.4372448 2.129057
-0.5197042 -0.6773417 2.067217
0.06840915 -0.6769308 2.142245
-0.4498753 -0.9705552 2.080095
0.3140391 -0.9936382 2.15656
-0.3603642 -1.003131 2.071376
0.2909118 -1.036062 2.025323
9
-0.2530399 -0.4548193 2.179864
-0.3278576 -0.4573165 2.157886
-0.169751 -0.4372448 2.129057
-0.5197042 -0.6773417 2.067217
0.06840915 -0.6769308 2.142245
-0.4498753 -0.9705552 2.080095
0.3140391 -0.9936382 2.15656
-0.3603642 -1.003131 2.071376
0.2909118 -1.036062 2.025323
9
-0.2588952 -0.4597308 2.179442
-0.3337654 -0.4619404 2.156785
-0.1753882 -0.4422868 2.129416
-0.5263115 -0.6806885 2.063931
0.06402767 -0.6783616 2.142729
-0.4756674 -0.9780014 2.070693
0.3107631 -0.9926043 2.156375
-0.4025197 -1.03329 2.057094
0.2879518 -1.035236 2.025194
9
-0.2588952 -0.4597308 2.179442
-0.3337654 -0.4619404 2.156785
-0.1753882 -0.4422868 2.129416
-0.5263115 -0.6806885 2.063931
0.06402767 -0.6783616 2.142729
-0.4756674 -0.9780014 2.070693
0.3107631 -0.9926043 2.156375
-0.4025197 -1.03329 2.057094
0.2879518 -1.035236 2.025194
9
-0.2588952 -0.4597308 2.179442
-0.3337654 -0.4619404 2.156785
-0.1753882 -0.4422868 2.129416
-0.5263115 -0.6806885 2.063931
0.06402767 -0.6783616 2.142729
-0.4756674 -0.9780014 2.070693
0.3107631 -0.9926043 2.156375
-0.4025197 -1.03329 2.057094
0.2879518 -1.035236 2.025194
9
-0.2588952 -0.4597308 2.179442
-0.3337654 -0.4619404 2.156785
-0.1753882 -0.4422868 2.129416
-0.5263115 -0.6806885 2.063931
0.06402767 -0.6783616 2.142729
-0.4756674 -0.9780014 2.070693
0.3107631 -0.9926043 2.156375
-0.4025197 -1.03329 2.057094
0.2879518 -1.035236 2.025194
9
-0.2646805 -0.465661 2.178294
-0.3396276 -0.4680167 2.155114
-0.1808788 -0.4478427 2.128866
-0.5344001 -0.6844093 2.06155
0.05832544 -0.680185 2.142439
-0.4516143 -0.9737254 2.08115
0.3105465 -0.9937788 2.155972
-0.4613306 -1.016648 1.950357
0.289093 -1.036729 2.024753
9
-0.2673798 -0.468687 2.177085
-0.3424696 -0.4711097 2.153539
-0.1833443 -0.4506876 2.128051
-0.5371997 -0.6872499 2.059217
0.05179861 -0.6783729 2.14154
-0.3841336 -0.9602101 2.104923
0.3107289 -0.9951618 2.155136
-0.4269118 -1.028879 2.055483
0.2896659 -1.038258 2.023961
9
-0.2673798 -0.468687 2.177085
-0.3424696 -0.4711097 2.153539
-0.1833443 -0.4506876 2.128051
-0.5371997 -0.6872499 2.059217
0.05179861 -0.6783729 2.14154
-0.3841336 -0.9602101 2.104923
0.3107289 -0.9951618 2.155136
-0.4269118 -1.028879 2.055483
0.2896659 -1.038258 2.023961
9
-0.2681284 -0.4701502 2.176428
-0.3433424 -0.472605 2.152807
-0.1839426 -0.452055 2.127494
-0.5300141 -0.7211586 2.056175
0.0489866 -0.6778569 2.140688
-0.4088226 -0.9937528 2.096671
0.3090041 -0.9937356 2.15485
-0.4275774 -1.069529 2.037669
0.2882985 -1.036993 2.023696
9
-0.268686 -0.4705893 2.175938
-0.343958 -0.4729623 2.152277
-0.1844226 -0.452554 2.127054
-0.5365446 -0.6904517 2.055887
0.04802793 -0.6773916 2.14029
-0.4469337 -0.9771165 2.081057
0.3082853 -0.9930793 2.154682
-0.4557753 -1.020466 1.950398
0.2878114 -1.036506 2.023585
9
-0.268686 -0.4705893 2.175938
-0.343958 -0.4729623 2.152277
-0.1844226 -0.452554 2.127054
-0.5365446 -0.6904517 2.055887
0.04802793 -0.6773916 2.14029
-0.4469337 -0.9771165 2.081057
0.3082853 -0.9930793 2.154682
-0.4557753 -1.020466 1.950398
0.2878114 -1.036506 2.023585
9
-0.2686747 -0.4705295 2.175863
-0.3439481 -0.4728654 2.152173
-0.1844104 -0.4525235 2.127007
-0.5396755 -0.6871241 2.054016
0.04989922 -0.6784906 2.140621
-0.4293724 -0.9595816 2.085377
0.3067892 -0.9932177 2.155233
-0.4382096 -1.003269 1.954583
0.2865969 -1.036753 2.024156
9
-0.2686747 -0.4705295 2.175863
-0.3439481 -0.4728654 2.152173
-0.1844104 -0.4525235 2.127007
-0.5396755 -0.6871241 2.054016
0.04989922 -0.6784906 2.140621
-0.4293724 -0.9595816 2.085377
0.3067892 -0.9932177 2.155233
-0.4382096 -1.003269 1.954583
0.2865969 -1.036753 2.024156
9
-0.2672127 -0.4692255 2.17583
-0.3423786 -0.471311 2.152029
-0.1830816 -0.4514743 2.127069
-0.5368524 -0.6863447 2.052233
0.0510098 -0.6778942 2.140828
-0.434442 -0.9628116 2.08163
0.3083069 -0.9936556 2.154619
-0.4426779 -1.006635 1.950938
0.2886103 -1.037376 2.023609
9
-0.2672127 -0.4692255 2.17583
-0.3423786 -0.471311 2.152029
-0.1830816 -0.4514743 2.127069
-0.5368524 -0.6863447 2.052233
0.0510098 -0.6778942 2.140828
-0.434442 -0.9628116 2.08163
0.3083069 -0.9936556 2.154619
-0.4426779 -1.006635 1.950938
0.2886103 -1.037376 2.023609
9
-0.2600913 -0.4629149 2.176592
-0.3359755 -0.4655974 2.152189
-0.1754187 -0.444735 2.128443
-0.5299034 -0.6813547 2.052413
0.06194964 -0.6799 2.142237
-0.483196 -0.9795504 2.055492
0.3088894 -0.9939888 2.153985
-0.3888839 -1.002728 1.998372
0.28924 -1.038112 2.023244
9
-0.2600913 -0.4629149 2.176592
-0.3359755 -0.4655974 2.152189
-0.1754187 -0.444735 2.128443
-0.5299034 -0.6813547 2.052413
0.06194964 -0.6799 2.142237
-0.483196 -0.9795504 2.055492
0.3088894 -0.9939888 2.153985
-0.3888839 -1.002728 1.998372
0.28924 -1.038112 2.023244
9
-0.2459829 -0.4528697 2.177202
-0.3234333 -0.4567817 2.152685
-0.1601979 -0.433771 2.129035
-0.5164205 -0.67392 2.053482
0.06672601 -0.6780981 2.141516
-0.4188887 -0.9612863 2.083283
0.307633 -0.9905336 2.152304
-0.4268497 -1.006027 1.953057
0.2884516 -1.035186 2.021801
