40
9
-0.1619729 -0.1918242 2.034807
-0.2305532 -0.2057096 2.023882
-0.08771905 -0.171605 1.970721
-0.456666 -0.4485263 1.902287
0.1444827 -0.4281555 1.930586
-0.5351002 -0.7908671 1.887876
0.3103321 -0.7657759 1.99288
-0.6005627 -0.8434983 1.860482
0.3599666 -0.8296323 1.924706
9
-0.1619729 -0.1918242 2.034807
-0.2305532 -0.2057096 2.023882
-0.08771905 -0.171605 1.970721
-0.456666 -0.4485263 1.902287
0.1444827 -0.4281555 1.930586
-0.5351002 -0.7908671 1.887876
0.3103321 -0.7657759 1.99288
-0.6005627 -0.8434983 1.860482
0.3599666 -0.8296323 1.924706
9
-0.1784289 -0.200355 2.035372
-0.2482805 -0.2132414 2.024918
-0.1018688 -0.1801718 1.970894
-0.4807437 -0.4469312 1.896142
0.1361143 -0.4315625 1.932109
-0.5398319 -0.7931437 1.886927
0.310891 -0.7666696 1.992751
-0.5988951 -0.8423641 1.755588
0.3601722 -0.8303463 1.9247
9
-0.1784289 -0.200355 2.035372
-0.2482805 -0.2132414 2.024918
-0.1018688 -0.1801718 1.970894
-0.4807437 -0.4469312 1.896142
0.1361143 -0.4315625 1.932109
-0.5398319 -0.7931437 1.886927
0.310891 -0.7666696 1.992751
-0.5988951 -0.8423641 1.755588
0.3601722 -0.8303463 1.9247
9
-0.2272756 -0.2121776 2.034376
-0.2972051 -0.225906 2.022943
-0.1489164 -0.190663 1.971041
-0.5278536 -0.4533146 1.877496
0.1102424 -0.4216072 1.934053
-0.5305367 -0.7825613 1.890222
0.311814 -0.7699796 1.992796
-0.628418 -0.84375 1.835938
0.3617334 -0.8327016 1.923838
9
-0.2272756 -0.2121776 2.034376
-0.2972051 -0.225906 2.022943
-0.1489164 -0.190663 1.971041
-0.5278536 -0.4533146 1.877496
0.1102424 -0.4216072 1.934053
-0.5305367 -0.7825613 1.890222
0.311814 -0.7699796 1.992796
-0.628418 -0.84375 1.835938
0.3617334 -0.8327016 1.923838
9
-0.2272756 -0.2121776 2.034376
-0.2972051 -0.225906 2.022943
-0.1489164 -0.190663 1.971041
-0.5278536 -0.4533146 1.877496
0.1102424 -0.4216072 1.934053
-0.5305367 -0.7825613 1.890222
0.311814 -0.7699796 1.992796
-0.628418 -0.84375 1.835938
0.3617334 -0.8327016 1.923838
9
-0.2272756 -0.2121776 2.034376
-0.2972051 -0.225906 2.022943
-0.1489164 -0.190663 1.971041
-0.5278536 -0.4533146 1.877496
0.1102424 -0.4216072 1.934053
-0.5305367 -0.7825613 1.890222
0.311814 -0.7699796 1.992796
-0.628418 -0.84375 1.835938
0.3617334 -0.8327016 1.923838
9
-0.2656023 -0.2192113 2.072459
-0.331377 -0.2316682 2.052186
-0.1881353 -0.1985018 2.016401
-0.553438 -0.4494639 1.873939
0.06646006 -0.4322349 1.93794
-0.547017 -0.8005108 1.881191
0.309733 -0.7722241 1.991853
-0.5532638 -0.8648322 1.761832
0.3612315 -0.8342323 1.923991
9
-0.2656023 -0.2192113 2.072459
-0.331377 -0.2316682 2.052186
-0.1881353 -0.1985018 2.016401
-0.553438 -0.4494639 1.873939
0.06646006 -0.4322349 1.93794
-0.547017 -0.8005108 1.881191
0.309733 -0.7722241 1.991853
-0.5532638 -0.8648322 1.761832
0.3612315 -0.8342323 1.923991
9
-0.2779865 -0.2353843 2.075352
-0.3462738 -0.2500382 2.052449
-0.2000494 -0.2135897 2.023188
-0.6218798 -0.3572832 1.844028
0.09905907 -0.3839837 1.925393
-0.5388388 -0.7647261 1.886998
0.3552447 -0.7818999 1.970132
-0.636114 -0.8343821 1.862296
0.356432 -0.8680771 1.928964
9
-0.2779865 -0.2353843 2.075352
-0.3462738 -0.2500382 2.052449
-0.2000494 -0.2135897 2.023188
-0.6218798 -0.3572832 1.844028
0.09905907 -0.3839837 1.925393
-0.5388388 -0.7647261 1.886998
0.3552447 -0.7818999 1.970132
-0.636114 -0.8343821 1.862296
0.356432 -0.8680771 1.928964
9
-0.3343259 -0.2428996 2.071031
-0.4018328 -0.2546863 2.052975
-0.2520324 -0.2236318 2.012183
-0.6268842 -0.442547 1.842003
0.01950007 -0.441166 1.948285
-0.5423377 -0.7727563 1.88434
0.2965811 -0.7782633 1.991285
-0.6339026 -0.8371343 1.805799
0.2753957 -0.8427594 1.870295
9
-0.3343259 -0.2428996 2.071031
-0.4018328 -0.2546863 2.052975
-0.2520324 -0.2236318 2.012183
-0.6268842 -0.442547 1.842003
0.01950007 -0.441166 1.948285
-0.5423377 -0.7727563 1.88434
0.2965811 -0.7782633 1.991285
-0.6339026 -0.8371343 1.805799
0.2753957 -0.8427594 1.870295
9
-0.3343259 -0.2428996 2.071031
-0.4018328 -0.2546863 2.052975
-0.2520324 -0.2236318 2.012183
-0.6268842 -0.442547 1.842003
0.01950007 -0.441166 1.948285
-0.5423377 -0.7727563 1.88434
0.2965811 -0.7782633 1.991285
-0.6339026 -0.8371343 1.805799
0.2753957 -0.8427594 1.870295
9
-0.3343259 -0.2428996 2.071031
-0.4018328 -0.2546863 2.052975
-0.2520324 -0.2236318 2.012183
-0.6268842 -0.442547 1.842003
0.01950007 -0.441166 1.948285
-0.5423377 -0.7727563 1.88434
0.2965811 -0.7782633 1.991285
-0.6339026 -0.8371343 1.805799
0.2753957 -0.8427594 1.870295
9
-0.3343259 -0.2428996 2.071031
-0.4018328 -0.2546863 2.052975
-0.2520324 -0.2236318 2.012183
-0.6268842 -0.442547 1.842003
0.01950007 -0.441166 1.948285
-0.5423377 -0.7727563 1.88434
0.2965811 -0.7782633 1.991285
-0.6339026 -0.8371343 1.805799
0.2753957 -0.8427594 1.870295
9
-0.3448877 -0.2671096 2.0761
-0.4112377 -0.2804211 2.052801
-0.2665192 -0.2465724 2.025535
-0.6812077 -0.3664874 1.82604
0.05072144 -0.3882303 1.93958
-0.5426871 -0.771516 1.885693
0.3365805 -0.7675404 1.972716
-0.6412203 -0.8232829 1.902062
0.3161987 -0.8317792 1.851228
9
-0.3517762 -0.2866238 2.041655
-0.4171046 -0.299662 2.021551
-0.2735935 -0.2630632 1.988447
-0.7070623 -0.3684514 1.819631
0.05573895 -0.384277 1.95347
-0.5405031 -0.7826108 1.888839
0.3415104 -0.763642 1.986486
-0.6435773 -0.8278677 1.903207
0.3539734 -0.845621 1.926797
9
-0.3517762 -0.2866238 2.041655
-0.4171046 -0.299662 2.021551
-0.2735935 -0.2630632 1.988447
-0.7070623 -0.3684514 1.819631
0.05573895 -0.384277 1.95347
-0.5405031 -0.7826108 1.888839
0.3415104 -0.763642 1.986486
-0.6435773 -0.8278677 1.903207
0.3539734 -0.845621 1.926797
9
-0.3658049 -0.2825387 2.03585
-0.431647 -0.2950866 2.018303
-0.2871494 -0.2595251 1.979555
-0.6825623 -0.4689379 1.832887
-0.00132748 -0.4589163 1.960422
-0.5412322 -0.783169 1.88799
0.322231 -0.8066108 1.993864
-0.643115 -0.8436336 1.83315
0.3712204 -0.8621255 1.912317
9
-0.3658049 -0.2825387 2.03585
-0.431647 -0.2950866 2.018303
-0.2871494 -0.2595251 1.979555
-0.6825623 -0.4689379 1.832887
-0.00132748 -0.4589163 1.960422
-0.5412322 -0.783169 1.88799
0.322231 -0.8066108 1.993864
-0.643115 -0.8436336 1.83315
0.3712204 -0.8621255 1.912317
9
-0.3691167 -0.2822565 2.035931
-0.4354981 -0.2947105 2.018949
-0.289681 -0.2593872 1.979223
-0.6840895 -0.4707502 1.832271
-0.009935664 -0.4675243 1.967327
-0.5417349 -0.7828272 1.888256
0.2933681 -0.7887723 1.991819
-0.6496825 -0.8368904 1.856737
0.2697991 -0.8489875 1.867798
9
-0.3691167 -0.2822565 2.035931
-0.4354981 -0.2947105 2.018949
-0.289681 -0.2593872 1.979223
-0.6840895 -0.4707502 1.832271
-0.009935664 -0.4675243 1.967327
-0.5417349 -0.7828272 1.888256
0.2933681 -0.7887723 1.991819
-0.6496825 -0.8368904 1.856737
0.2697991 -0.8489875 1.867798
9
-0.3691167 -0.2822565 2.035931
-0.4354981 -0.2947105 2.018949
-0.289681 -0.2593872 1.979223
-0.6840895 -0.4707502 1.832271
-0.009935664 -0.4675243 1.967327
-0.5417349 -0.7828272 1.888256
0.2933681 -0.7887723 1.991819
-0.6496825 -0.8368904 1.856737
0.2697991 -0.8489875 1.867798
9
-0.3691167 -0.2822565 2.035931
-0.4354981 -0.2947105 2.018949
-0.289681 -0.2593872 1.979223
-0.6840895 -0.4707502 1.832271
-0.009935664 -0.4675243 1.967327
-0.5417349 -0.7828272 1.888256
0.2933681 -0.7887723 1.991819
-0.6496825 -0.8368904 1.856737
0.2697991 -0.8489875 1.867798
9
-0.3691167 -0.2822565 2.035931
-0.4354981 -0.2947105 2.018949
-0.289681 -0.2593872 1.979223
-0.6840895 -0.4707502 1.832271
-0.009935664 -0.4675243 1.967327
-0.5417349 -0.7828272 1.888256
0.2933681 -0.7887723 1.991819
-0.6496825 -0.8368904 1.856737
0.2697991 -0.8489875 1.867798
9
-0.3719636 -0.2821987 2.036245
-0.4385089 -0.2944744 2.020278
-0.2923792 -0.2595334 1.978653
-0.6869578 -0.4699309 1.832823
-0.01096544 -0.4644751 1.962843
-0.5466907 -0.7776229 1.886043
0.3256228 -0.8003785 1.993122
-0.6000196 -0.8369588 1.825462
0.3661651 -0.8628398 1.913177
9
-0.3719636 -0.2821987 2.036245
-0.4385089 -0.2944744 2.020278
-0.2923792 -0.2595334 1.978653
-0.6869578 -0.4699309 1.832823
-0.01096544 -0.4644751 1.962843
-0.5466907 -0.7776229 1.886043
0.3256228 -0.8003785 1.993122
-0.6000196 -0.8369588 1.825462
0.3661651 -0.8628398 1.913177
9
-0.3721921 -0.2820054 2.036248
-0.4387647 -0.2940411 2.020954
-0.2928192 -0.2593371 1.977981
-0.6880299 -0.4682013 1.833347
-0.01123898 -0.4639331 1.963209
-0.5480422 -0.7775567 1.885431
0.3245989 -0.8007742 1.993619
-0.6006734 -0.8375502 1.825078
0.3661995 -0.8617893 1.912387
9
-0.3721921 -0.2820054 2.036248
-0.4387647 -0.2940411 2.020954
-0.2928192 -0.2593371 1.977981
-0.6880299 -0.4682013 1.833347
-0.01123898 -0.4639331 1.963209
-0.5480422 -0.7775567 1.885431
0.3245989 -0.8007742 1.993619
-0.6006734 -0.8375502 1.825078
0.3661995 -0.8617893 1.912387
9
-0.373065 -0.2814828 2.036735
-0.4395936 -0.2934048 2.021843
-0.2935545 -0.2590003 1.97812
-0.6872849 -0.4691523 1.833498
-0.01130416 -0.4626572 1.963753
-0.5492541 -0.7773333 1.884586
0.3236785 -0.8005108 1.99448
-0.6008639 -0.8382584 1.824509
0.3665487 -0.8597977 1.911825
9
-0.3686745 -0.2789434 2.038877
-0.4339215 -0.2906021 2.025268
-0.2901227 -0.2568557 1.979193
-0.6816091 -0.4659174 1.836096
-0.004743166 -0.454026 1.977427
-0.5501417 -0.777459 1.88415
0.2914487 -0.791913 1.994475
-0.6012571 -0.838859 1.82432
0.2656961 -0.8522116 1.871044
9
-0.3686745 -0.2789434 2.038877
-0.4339215 -0.2906021 2.025268
-0.2901227 -0.2568557 1.979193
-0.6816091 -0.4659174 1.836096
-0.004743166 -0.454026 1.977427
-0.5501417 -0.777459 1.88415
0.2914487 -0.791913 1.994475
-0.6012571 -0.838859 1.82432
0.2656961 -0.8522116 1.871044
9
-0.3584723 -0.274725 2.041688
-0.4231671 -0.287077 2.028604
-0.2807306 -0.2522676 1.981235
-0.6728451 -0.4600579 1.839547
-0.0003931203 -0.4562775 1.978127
-0.550897 -0.7846394 1.881951
0.2912087 -0.7911529 1.995266
-0.6580387 -0.8363788 1.870422
0.3562695 -0.8398709 1.925764
9
-0.3584723 -0.274725 2.041688
-0.4231671 -0.287077 2.028604
-0.2807306 -0.2522676 1.981235
-0.6728451 -0.4600579 1.839547
-0.0003931203 -0.4562775 1.978127
-0.550897 -0.7846394 1.881951
0.2912087 -0.7911529 1.995266
-0.6580387 -0.8363788 1.870422
0.3562695 -0.8398709 1.925764
9
-0.3547864 -0.2722709 2.044043
-0.4197668 -0.2844205 2.031026
-0.2769159 -0.250169 1.98339
-0.6667388 -0.4594188 1.839569
0.01966712 -0.4638826 1.98347
-0.5519161 -0.7894072 1.880196
0.2908069 -0.790408 1.996112
-0.6564985 -0.8468686 1.848223
0.3572789 -0.8395169 1.924252
9
-0.3547864 -0.2722709 2.044043
-0.4197668 -0.2844205 2.031026
-0.2769159 -0.250169 1.98339
-0.6667388 -0.4594188 1.839569
0.01966712 -0.4638826 1.98347
-0.5519161 -0.7894072 1.880196
0.2908069 -0.790408 1.996112
-0.6564985 -0.8468686 1.848223
0.3572789 -0.8395169 1.924252
9
-0.3547864 -0.2722709 2.044043
-0.4197668 -0.2844205 2.031026
-0.2769159 -0.250169 1.98339
-0.6667388 -0.4594188 1.839569
0.01966712 -0.4638826 1.98347
-0.5519161 -0.7894072 1.880196
0.2908069 -0.790408 1.996112
-0.6564985 -0.8468686 1.848223
0.3572789 -0.8395169 1.924252
9
-0.3547864 -0.2722709 2.044043
-0.4197668 -0.2844205 2.031026
-0.2769159 -0.250169 1.98339
-0.6667388 -0.4594188 1.839569
0.01966712 -0.4638826 1.98347
-0.5519161 -0.7894072 1.880196
0.2908069 -0.790408 1.996112
-0.6564985 -0.8468686 1.848223
0.3572789 -0.8395169 1.924252
