40
9
-0.02792081 -0.1402527 2.192641
-0.1057373 -0.1664363 2.174771
0.05087135 -0.1093067 2.135507
-0.3216909 -0.430207 2.127838
0.2093372 -0.4194131 2.104633
-0.4085498 -0.7564448 2.136191
0.3579494 -0.7655432 2.126024
-0.4685342 -0.8230428 2.084958
0.3814551 -0.8312636 2.037678
9
-0.02792081 -0.1402527 2.192641
-0.1057373 -0.1664363 2.174771
0.05087135 -0.1093067 2.135507
-0.3216909 -0.430207 2.127838
0.2093372 -0.4194131 2.104633
-0.4085498 -0.7564448 2.136191
0.3579494 -0.7655432 2.126024
-0.4685342 -0.8230428 2.084958
0.3814551 -0.8312636 2.037678
9
-0.02792081 -0.1402527 2.192641
-0.1057373 -0.1664363 2.174771
0.05087135 -0.1093067 2.135507
-0.3216909 -0.430207 2.127838
0.2093372 -0.4194131 2.104633
-0.4085498 -0.7564448 2.136191
0.3579494 -0.7655432 2.126024
-0.4685342 -0.8230428 2.084958
0.3814551 -0.8312636 2.037678
9
-0.1051424 -0.1695347 2.197155
-0.1825111 -0.1952401 2.18016
-0.0241128 -0.1380305 2.139369
-0.410747 -0.4434731 2.097056
0.1542373 -0.4307448 2.10236
-0.4268906 -0.7693753 2.126046
0.3577401 -0.7768777 2.121012
-0.4836857 -0.8331372 2.083879
0.3855466 -0.8394884 2.031124
9
-0.1051424 -0.1695347 2.197155
-0.1825111 -0.1952401 2.18016
-0.0241128 -0.1380305 2.139369
-0.410747 -0.4434731 2.097056
0.1542373 -0.4307448 2.10236
-0.4268906 -0.7693753 2.126046
0.3577401 -0.7768777 2.121012
-0.4836857 -0.8331372 2.083879
0.3855466 -0.8394884 2.031124
9
-0.1158533 -0.1740798 2.196657
-0.1932247 -0.1996469 2.17869
-0.03454018 -0.1425938 2.139856
-0.4273659 -0.4419324 2.095041
0.1450776 -0.4345857 2.10245
-0.4308629 -0.7701224 2.121903
0.3586335 -0.7806147 2.12121
-0.495384 -0.8336767 2.092664
0.3821841 -0.8419513 2.027469
9
-0.1158533 -0.1740798 2.196657
-0.1932247 -0.1996469 2.17869
-0.03454018 -0.1425938 2.139856
-0.4273659 -0.4419324 2.095041
0.1450776 -0.4345857 2.10245
-0.4308629 -0.7701224 2.121903
0.3586335 -0.7806147 2.12121
-0.495384 -0.8336767 2.092664
0.3821841 -0.8419513 2.027469
9
-0.1363896 -0.1836358 2.198507
-0.2137574 -0.2082574 2.179323
-0.05438 -0.1527858 2.14301
-0.4518065 -0.4444514 2.086749
0.1296521 -0.442132 2.103473
-0.4400179 -0.7778804 2.113249
0.3535702 -0.7832965 2.117875
-0.501001 -0.8366072 2.093881
0.3839719 -0.8434849 2.026559
9
-0.1363896 -0.1836358 2.198507
-0.2137574 -0.2082574 2.179323
-0.05438 -0.1527858 2.14301
-0.4518065 -0.4444514 2.086749
0.1296521 -0.442132 2.103473
-0.4400179 -0.7778804 2.113249
0.3535702 -0.7832965 2.117875
-0.501001 -0.8366072 2.093881
0.3839719 -0.8434849 2.026559
9
-0.1678201 -0.1989027 2.200074
-0.2445028 -0.2204107 2.181329
-0.08548007 -0.1707982 2.144246
-0.4747471 -0.4617669 2.081274
0.115092 -0.4491913 2.105077
-0.4437083 -0.7850275 2.109307
0.3508386 -0.7835969 2.116941
-0.5065573 -0.8406181 2.094646
0.3826249 -0.8440131 2.026797
9
-0.1678201 -0.1989027 2.200074
-0.2445028 -0.2204107 2.181329
-0.08548007 -0.1707982 2.144246
-0.4747471 -0.4617669 2.081274
0.115092 -0.4491913 2.105077
-0.4437083 -0.7850275 2.109307
0.3508386 -0.7835969 2.116941
-0.5065573 -0.8406181 2.094646
0.3826249 -0.8440131 2.026797
9
-0.1678201 -0.1989027 2.200074
-0.2445028 -0.2204107 2.181329
-0.08548007 -0.1707982 2.144246
-0.4747471 -0.4617669 2.081274
0.115092 -0.4491913 2.105077
-0.4437083 -0.7850275 2.109307
0.3508386 -0.7835969 2.116941
-0.5065573 -0.8406181 2.094646
0.3826249 -0.8440131 2.026797
9
-0.1678201 -0.1989027 2.200074
-0.2445028 -0.2204107 2.181329
-0.08548007 -0.1707982 2.144246
-0.4747471 -0.4617669 2.081274
0.115092 -0.4491913 2.105077
-0.4437083 -0.7850275 2.109307
0.3508386 -0.7835969 2.116941
-0.5065573 -0.8406181 2.094646
0.3826249 -0.8440131 2.026797
9
-0.222379 -0.2246 2.210776
-0.299738 -0.2417322 2.191516
-0.1374576 -0.1998964 2.155715
-0.5312707 -0.4740425 2.069453
0.09312721 -0.4548356 2.109638
-0.4451158 -0.784767 2.109056
0.3432306 -0.7881615 2.115683
-0.5251981 -0.8450507 2.099284
0.3835948 -0.843528 2.025577
9
-0.222379 -0.2246 2.210776
-0.299738 -0.2417322 2.191516
-0.1374576 -0.1998964 2.155715
-0.5312707 -0.4740425 2.069453
0.09312721 -0.4548356 2.109638
-0.4451158 -0.784767 2.109056
0.3432306 -0.7881615 2.115683
-0.5251981 -0.8450507 2.099284
0.3835948 -0.843528 2.025577
9
-0.222379 -0.2246 2.210776
-0.299738 -0.2417322 2.191516
-0.1374576 -0.1998964 2.155715
-0.5312707 -0.4740425 2.069453
0.09312721 -0.4548356 2.109638
-0.4451158 -0.784767 2.109056
0.3432306 -0.7881615 2.115683
-0.5251981 -0.8450507 2.099284
0.3835948 -0.843528 2.025577
9
-0.222379 -0.2246 2.210776
-0.299738 -0.2417322 2.191516
-0.1374576 -0.1998964 2.155715
-0.5312707 -0.4740425 2.069453
0.09312721 -0.4548356 2.109638
-0.4451158 -0.784767 2.109056
0.3432306 -0.7881615 2.115683
-0.5251981 -0.8450507 2.099284
0.3835948 -0.843528 2.025577
9
-0.2419139 -0.2385257 2.212713
-0.319029 -0.2559941 2.192652
-0.1566317 -0.2130661 2.158559
-0.5519727 -0.4837676 2.063767
0.08129205 -0.4614379 2.113246
-0.4476337 -0.7792566 2.110713
0.3326412 -0.7865052 2.114009
-0.5303053 -0.8461154 2.102084
0.3819885 -0.8400967 2.029968
9
-0.2469422 -0.2416268 2.213363
-0.3244589 -0.25956 2.19368
-0.1611086 -0.2156342 2.158901
-0.5609902 -0.4834972 2.065041
0.07589833 -0.4648881 2.115001
-0.4489515 -0.7780668 2.111294
0.3310042 -0.7869694 2.114368
-0.5466622 -0.8428767 2.111397
0.3814169 -0.840052 2.030809
9
-0.2469422 -0.2416268 2.213363
-0.3244589 -0.25956 2.19368
-0.1611086 -0.2156342 2.158901
-0.5609902 -0.4834972 2.065041
0.07589833 -0.4648881 2.115001
-0.4489515 -0.7780668 2.111294
0.3310042 -0.7869694 2.114368
-0.5466622 -0.8428767 2.111397
0.3814169 -0.840052 2.030809
9
-0.2524248 -0.2449712 2.212489
-0.3297172 -0.2632456 2.192968
-0.1666194 -0.2185131 2.157889
-0.5676709 -0.485869 2.065359
0.07118845 -0.4670709 2.115331
-0.4484017 -0.7758838 2.112769
0.3259445 -0.7851985 2.115549
-0.5417148 -0.8501894 2.101207
0.3793195 -0.8373864 2.034154
9
-0.2524248 -0.2449712 2.212489
-0.3297172 -0.2632456 2.192968
-0.1666194 -0.2185131 2.157889
-0.5676709 -0.485869 2.065359
0.07118845 -0.4670709 2.115331
-0.4484017 -0.7758838 2.112769
0.3259445 -0.7851985 2.115549
-0.5417148 -0.8501894 2.101207
0.3793195 -0.8373864 2.034154
9
-0.2566963 -0.2478749 2.212399
-0.333863 -0.2661941 2.194228
-0.1711547 -0.221457 2.156423
-0.5738893 -0.4864186 2.066605
0.06829752 -0.4684981 2.115557
-0.4488723 -0.7740536 2.113356
0.3248627 -0.7857521 2.114117
-0.5412149 -0.8496666 2.101122
0.3799464 -0.8379448 2.026926
9
-0.2566963 -0.2478749 2.212399
-0.333863 -0.2661941 2.194228
-0.1711547 -0.221457 2.156423
-0.5738893 -0.4864186 2.066605
0.06829752 -0.4684981 2.115557
-0.4488723 -0.7740536 2.113356
0.3248627 -0.7857521 2.114117
-0.5412149 -0.8496666 2.101122
0.3799464 -0.8379448 2.026926
9
-0.2566963 -0.2478749 2.212399
-0.333863 -0.2661941 2.194228
-0.1711547 -0.221457 2.156423
-0.5738893 -0.4864186 2.066605
0.06829752 -0.4684981 2.115557
-0.4488723 -0.7740536 2.113356
0.3248627 -0.7857521 2.114117
-0.5412149 -0.8496666 2.101122
0.3799464 -0.8379448 2.026926
9
-0.2566963 -0.2478749 2.212399
-0.333863 -0.2661941 2.194228
-0.1711547 -0.221457 2.156423
-0.5738893 -0.4864186 2.066605
0.06829752 -0.4684981 2.115557
-0.4488723 -0.7740536 2.113356
0.3248627 -0.7857521 2.114117
-0.5412149 -0.8496666 2.101122
0.3799464 -0.8379448 2.026926
9
-0.2575663 -0.2493329 2.211902
-0.3345801 -0.267837 2.194131
-0.1721205 -0.2226904 2.155521
-0.5770943 -0.4863394 2.069363
0.0666601 -0.4703423 2.11572
-0.4932746 -0.8148305 2.098648
0.3223053 -0.7845854 2.115566
-0.5550874 -0.8618692 2.103253
0.377455 -0.8345999 2.033407
9
-0.2575663 -0.2493329 2.211902
-0.3345801 -0.267837 2.194131
-0.1721205 -0.2226904 2.155521
-0.5770943 -0.4863394 2.069363
0.0666601 -0.4703423 2.11572
-0.4932746 -0.8148305 2.098648
0.3223053 -0.7845854 2.115566
-0.5550874 -0.8618692 2.103253
0.377455 -0.8345999 2.033407
9
-0.2575663 -0.2493329 2.211902
-0.3345801 -0.267837 2.194131
-0.1721205 -0.2226904 2.155521
-0.5770943 -0.4863394 2.069363
0.0666601 -0.4703423 2.11572
-0.4932746 -0.8148305 2.098648
0.3223053 -0.7845854 2.115566
-0.5550874 -0.8618692 2.103253
0.377455 -0.8345999 2.033407
9
-0.2575663 -0.2493329 2.211902
-0.3345801 -0.267837 2.194131
-0.1721205 -0.2226904 2.155521
-0.5770943 -0.4863394 2.069363
0.0666601 -0.4703423 2.11572
-0.4932746 -0.8148305 2.098648
0.3223053 -0.7845854 2.115566
-0.5550874 -0.8618692 2.103253
0.377455 -0.8345999 2.033407
9
-0.2584744 -0.2498221 2.212136
-0.3354345 -0.2684127 2.195276
-0.1733561 -0.2232333 2.154994
-0.5783301 -0.4865243 2.070682
0.06615216 -0.4702159 2.115351
-0.4948033 -0.8152878 2.098238
0.3217852 -0.7844272 2.114363
-0.5530277 -0.8627902 2.108088
0.3772612 -0.8346986 2.032981
9
-0.2584744 -0.2498221 2.212136
-0.3354345 -0.2684127 2.195276
-0.1733561 -0.2232333 2.154994
-0.5783301 -0.4865243 2.070682
0.06615216 -0.4702159 2.115351
-0.4948033 -0.8152878 2.098238
0.3217852 -0.7844272 2.114363
-0.5530277 -0.8627902 2.108088
0.3772612 -0.8346986 2.032981
9
-0.2584744 -0.2498221 2.212136
-0.3354345 -0.2684127 2.195276
-0.1733561 -0.2232333 2.154994
-0.5783301 -0.4865243 2.070682
0.06615216 -0.4702159 2.115351
-0.4948033 -0.8152878 2.098238
0.3217852 -0.7844272 2.114363
-0.5530277 -0.8627902 2.108088
0.3772612 -0.8346986 2.032981
9
-0.2584744 -0.2498221 2.212136
-0.3354345 -0.2684127 2.195276
-0.1733561 -0.2232333 2.154994
-0.5783301 -0.4865243 2.070682
0.06615216 -0.4702159 2.115351
-0.4948033 -0.8152878 2.098238
0.3217852 -0.7844272 2.114363
-0.5530277 -0.8627902 2.108088
0.3772612 -0.8346986 2.032981
9
-0.2550433 -0.2474952 2.212353
-0.3312114 -0.2658098 2.19737
-0.1699119 -0.2206607 2.153471
-0.5743417 -0.4849619 2.07597
0.06710301 -0.4699295 2.115243
-0.4956652 -0.8153129 2.09949
0.3217551 -0.7844307 2.114354
-0.5532838 -0.8628829 2.110122
0.3779807 -0.835015 2.034406
9
-0.2550433 -0.2474952 2.212353
-0.3312114 -0.2658098 2.19737
-0.1699119 -0.2206607 2.153471
-0.5743417 -0.4849619 2.07597
0.06710301 -0.4699295 2.115243
-0.4956652 -0.8153129 2.09949
0.3217551 -0.7844307 2.114354
-0.5532838 -0.8628829 2.110122
0.3779807 -0.835015 2.034406
9
-0.2521563 -0.2452909 2.213809
-0.3275772 -0.2633348 2.200121
-0.1678059 -0.2188243 2.153863
-0.5671493 -0.4865561 2.078847
0.07052489 -0.4668888 2.114851
-0.49649 -0.81892 2.098987
0.3245415 -0.7874491 2.113676
-0.5483863 -0.8657887 2.1179
0.3793759 -0.8379552 2.031959
9
-0.2521563 -0.2452909 2.213809
-0.3275772 -0.2633348 2.200121
-0.1678059 -0.2188243 2.153863
-0.5671493 -0.4865561 2.078847
0.07052489 -0.4668888 2.114851
-0.49649 -0.81892 2.098987
0.3245415 -0.7874491 2.113676
-0.5483863 -0.8657887 2.1179
0.3793759 -0.8379552 2.031959
9
-0.2521563 -0.2452909 2.213809
-0.3275772 -0.2633348 2.200121
-0.1678059 -0.2188243 2.153863
-0.5671493 -0.4865561 2.078847
0.07052489 -0.4668888 2.114851
-0.49649 -0.81892 2.098987
0.3245415 -0.7874491 2.113676
-0.5483863 -0.8657887 2.1179
0.3793759 -0.8379552 2.031959
9
-0.2521563 -0.2452909 2.213809
-0.3275772 -0.2633348 2.200121
-0.1678059 -0.2188243 2.153863
-0.5671493 -0.4865561 2.078847
0.07052489 -0.4668888 2.114851
-0.49649 -0.81892 2.098987
0.3245415 -0.7874491 2.113676
-0.5483863 -0.8657887 2.1179
0.3793759 -0.8379552 2.031959
