40
9
-0.0389661 -0.1433692 2.019994
-0.1155875 -0.144723 2.00059
0.03912051 -0.1367324 1.965087
-0.3029477 -0.4079781 1.888675
0.1997588 -0.4318728 1.993069
-0.2904209 -0.7407257 1.935895
0.4473676 -0.7460871 2.025648
-0.3045366 -0.7710451 1.829497
0.4208565 -0.7769679 1.919471
9
-0.0389661 -0.1433692 2.019994
-0.1155875 -0.144723 2.00059
0.03912051 -0.1367324 1.965087
-0.3029477 -0.4079781 1.888675
0.1997588 -0.4318728 1.993069
-0.2904209 -0.7407257 1.935895
0.4473676 -0.7460871 2.025648
-0.3045366 -0.7710451 1.829497
0.4208565 -0.7769679 1.919471
9
-0.05860629 -0.1534972 2.019321
-0.1342684 -0.1540793 2.000021
0.0192772 -0.1472731 1.964362
-0.3229938 -0.414697 1.883841
0.1908174 -0.4360574 1.991444
-0.292184 -0.7409446 1.935328
0.4447155 -0.7480928 2.024311
-0.3117912 -0.8033773 1.897377
0.4191075 -0.7791834 1.918074
9
-0.05860629 -0.1534972 2.019321
-0.1342684 -0.1540793 2.000021
0.0192772 -0.1472731 1.964362
-0.3229938 -0.414697 1.883841
0.1908174 -0.4360574 1.991444
-0.292184 -0.7409446 1.935328
0.4447155 -0.7480928 2.024311
-0.3117912 -0.8033773 1.897377
0.4191075 -0.7791834 1.918074
9
-0.07069805 -0.162145 2.019157
-0.1457695 -0.1629583 2.000267
0.007020189 -0.155386 1.963831
-0.3345452 -0.4223877 1.881388
0.1742935 -0.4365281 1.987473
-0.2934352 -0.743809 1.934462
0.4397491 -0.7477958 2.019819
-0.3118047 -0.8035176 1.897502
0.4143003 -0.7794444 1.913912
9
-0.07069805 -0.162145 2.019157
-0.1457695 -0.1629583 2.000267
0.007020189 -0.155386 1.963831
-0.3345452 -0.4223877 1.881388
0.1742935 -0.4365281 1.987473
-0.2934352 -0.743809 1.934462
0.4397491 -0.7477958 2.019819
-0.3118047 -0.8035176 1.897502
0.4143003 -0.7794444 1.913912
9
-0.08084967 -0.1693783 2.01897
-0.1560185 -0.1710586 2.000601
-0.00267595 -0.1615517 1.963192
-0.3461764 -0.4278004 1.877356
0.1691951 -0.4368774 1.986546
-0.2957657 -0.7484946 1.933299
0.4355279 -0.7479212 2.015725
-0.312364 -0.8059936 1.897483
0.4107006 -0.7797638 1.909812
9
-0.08084967 -0.1693783 2.01897
-0.1560185 -0.1710586 2.000601
-0.00267595 -0.1615517 1.963192
-0.3461764 -0.4278004 1.877356
0.1691951 -0.4368774 1.986546
-0.2957657 -0.7484946 1.933299
0.4355279 -0.7479212 2.015725
-0.312364 -0.8059936 1.897483
0.4107006 -0.7797638 1.909812
9
-0.09286743 -0.1783053 2.016961
-0.1672494 -0.180447 1.998216
-0.0150284 -0.1696541 1.961592
-0.359625 -0.4341284 1.871828
0.1653469 -0.4390221 1.985615
-0.2967024 -0.7512257 1.932471
0.4307662 -0.751217 2.012247
-0.3131034 -0.8087564 1.897443
0.4059805 -0.7832042 1.906484
9
-0.09286743 -0.1783053 2.016961
-0.1672494 -0.180447 1.998216
-0.0150284 -0.1696541 1.961592
-0.359625 -0.4341284 1.871828
0.1653469 -0.4390221 1.985615
-0.2967024 -0.7512257 1.932471
0.4307662 -0.751217 2.012247
-0.3131034 -0.8087564 1.897443
0.4059805 -0.7832042 1.906484
9
-0.1009282 -0.1826724 2.016474
-0.1748658 -0.1851449 1.997639
-0.02323128 -0.1735124 1.96122
-0.3666502 -0.4385734 1.869821
0.1623489 -0.4395016 1.984959
-0.2966933 -0.7519919 1.93277
0.428672 -0.7511672 2.010005
-0.313365 -0.8094212 1.897386
0.4039092 -0.7834208 1.904415
9
-0.1009282 -0.1826724 2.016474
-0.1748658 -0.1851449 1.997639
-0.02323128 -0.1735124 1.96122
-0.3666502 -0.4385734 1.869821
0.1623489 -0.4395016 1.984959
-0.2966933 -0.7519919 1.93277
0.428672 -0.7511672 2.010005
-0.313365 -0.8094212 1.897386
0.4039092 -0.7834208 1.904415
9
-0.1064456 -0.1852907 2.015799
-0.1800205 -0.1884653 1.99649
-0.02900619 -0.1753841 1.961018
-0.3728097 -0.4408705 1.868368
0.1467528 -0.4478457 1.984921
-0.2967727 -0.7526548 1.932666
0.4150725 -0.7576743 2.01125
-0.3128807 -0.8102041 1.896153
0.3904114 -0.7900705 1.905836
9
-0.1064456 -0.1852907 2.015799
-0.1800205 -0.1884653 1.99649
-0.02900619 -0.1753841 1.961018
-0.3728097 -0.4408705 1.868368
0.1467528 -0.4478457 1.984921
-0.2967727 -0.7526548 1.932666
0.4150725 -0.7576743 2.01125
-0.3128807 -0.8102041 1.896153
0.3904114 -0.7900705 1.905836
9
-0.1120832 -0.1873827 2.015795
-0.1853209 -0.1909918 1.996205
-0.03474721 -0.1769399 1.961322
-0.3775264 -0.4434436 1.867324
0.1444379 -0.4475404 1.984117
-0.2972161 -0.7532825 1.932567
0.4156797 -0.7552868 2.007253
-0.3128861 -0.8109729 1.896796
0.3909695 -0.7879621 1.902018
9
-0.1120832 -0.1873827 2.015795
-0.1853209 -0.1909918 1.996205
-0.03474721 -0.1769399 1.961322
-0.3775264 -0.4434436 1.867324
0.1444379 -0.4475404 1.984117
-0.2972161 -0.7532825 1.932567
0.4156797 -0.7552868 2.007253
-0.3128861 -0.8109729 1.896796
0.3909695 -0.7879621 1.902018
9
-0.1163656 -0.1893406 2.01589
-0.1896605 -0.1932267 1.995914
-0.03880056 -0.1785529 1.961799
-0.3821332 -0.4453097 1.866902
0.1459716 -0.4459917 1.982548
-0.2975932 -0.7537777 1.932488
0.4132157 -0.7570199 2.007007
-0.3129447 -0.8115529 1.896811
0.3886395 -0.7898558 1.901874
9
-0.1163656 -0.1893406 2.01589
-0.1896605 -0.1932267 1.995914
-0.03880056 -0.1785529 1.961799
-0.3821332 -0.4453097 1.866902
0.1459716 -0.4459917 1.982548
-0.2975932 -0.7537777 1.932488
0.4132157 -0.7570199 2.007007
-0.3129447 -0.8115529 1.896811
0.3886395 -0.7898558 1.901874
9
-0.118778 -0.1901054 2.01575
-0.1918459 -0.1942004 1.995689
-0.04135216 -0.1790624 1.961762
-0.3848194 -0.4460264 1.867215
0.1431109 -0.4470083 1.981422
-0.2978627 -0.7538157 1.932367
0.4110543 -0.7572504 2.007377
-0.3128108 -0.8117063 1.896788
0.3864319 -0.7901783 1.90232
9
-0.118778 -0.1901054 2.01575
-0.1918459 -0.1942004 1.995689
-0.04135216 -0.1790624 1.961762
-0.3848194 -0.4460264 1.867215
0.1431109 -0.4470083 1.981422
-0.2978627 -0.7538157 1.932367
0.4110543 -0.7572504 2.007377
-0.3128108 -0.8117063 1.896788
0.3864319 -0.7901783 1.90232
9
-0.1199999 -0.190338 2.015696
-0.1930092 -0.1945676 1.995561
-0.04258396 -0.1791468 1.961788
-0.3862929 -0.4463402 1.867711
0.1445882 -0.4455532 1.980268
-0.2980908 -0.7544321 1.93242
0.4057067 -0.7500091 2.005684
-0.3127162 -0.8123808 1.896195
0.380993 -0.783085 1.900655
9
-0.1199999 -0.190338 2.015696
-0.1930092 -0.1945676 1.995561
-0.04258396 -0.1791468 1.961788
-0.3862929 -0.4463402 1.867711
0.1445882 -0.4455532 1.980268
-0.2980908 -0.7544321 1.93242
0.4057067 -0.7500091 2.005684
-0.3127162 -0.8123808 1.896195
0.380993 -0.783085 1.900655
9
-0.1204666 -0.1902894 2.015679
-0.1934481 -0.1945418 1.995547
-0.04304842 -0.1790739 1.961771
-0.3868299 -0.446334 1.867998
0.1410377 -0.4478751 1.979032
-0.2981566 -0.7552134 1.932471
0.4139651 -0.7540704 2.002916
-0.3128759 -0.8131178 1.896253
0.3890382 -0.7871101 1.897987
9
-0.1204666 -0.1902894 2.015679
-0.1934481 -0.1945418 1.995547
-0.04304842 -0.1790739 1.961771
-0.3868299 -0.446334 1.867998
0.1410377 -0.4478751 1.979032
-0.2981566 -0.7552134 1.932471
0.4139651 -0.7540704 2.002916
-0.3128759 -0.8131178 1.896253
0.3890382 -0.7871101 1.897987
9
-0.120475 -0.190137 2.015655
-0.1934368 -0.1944621 1.99555
-0.04308613 -0.1788202 1.961701
-0.3870194 -0.4462965 1.868582
0.1408226 -0.4478649 1.978457
-0.2982011 -0.7554016 1.932433
0.4136844 -0.754034 2.002988
-0.3127352 -0.813357 1.896441
0.3886885 -0.7870788 1.898087
9
-0.120475 -0.190137 2.015655
-0.1934368 -0.1944621 1.99555
-0.04308613 -0.1788202 1.961701
-0.3870194 -0.4462965 1.868582
0.1408226 -0.4478649 1.978457
-0.2982011 -0.7554016 1.932433
0.4136844 -0.754034 2.002988
-0.3127352 -0.813357 1.896441
0.3886885 -0.7870788 1.898087
9
-0.1194511 -0.1890424 2.015581
-0.1924481 -0.1933822 1.995453
-0.04204554 -0.1777443 1.96165
-0.3854997 -0.4458738 1.869108
0.1414928 -0.4472063 1.97771
-0.298058 -0.7554964 1.932258
0.4147975 -0.7530585 2.001692
-0.3129525 -0.8133665 1.896814
0.3896069 -0.786122 1.896842
9
-0.1194511 -0.1890424 2.015581
-0.1924481 -0.1933822 1.995453
-0.04204554 -0.1777443 1.96165
-0.3854997 -0.4458738 1.869108
0.1414928 -0.4472063 1.97771
-0.298058 -0.7554964 1.932258
0.4147975 -0.7530585 2.001692
-0.3129525 -0.8133665 1.896814
0.3896069 -0.786122 1.896842
9
-0.1161142 -0.1863158 2.015622
-0.1891561 -0.1906101 1.995882
-0.03873029 -0.1751323 1.961298
-0.380962 -0.444641 1.870984
0.1520215 -0.4401823 1.975037
-0.2974986 -0.7559466 1.932093
0.4181114 -0.7520266 2.000825
-0.3130077 -0.8136327 1.896581
0.3923267 -0.7850874 1.896111
9
-0.1161142 -0.1863158 2.015622
-0.1891561 -0.1906101 1.995882
-0.03873029 -0.1751323 1.961298
-0.380962 -0.444641 1.870984
0.1520215 -0.4401823 1.975037
-0.2974986 -0.7559466 1.932093
0.4181114 -0.7520266 2.000825
-0.3130077 -0.8136327 1.896581
0.3923267 -0.7850874 1.896111
9
-0.1089751 -0.1807148 2.015492
-0.1821879 -0.1848018 1.996526
-0.03162289 -0.1699094 1.960375
-0.3702711 -0.4422879 1.873006
0.1569365 -0.436652 1.973429
-0.2964291 -0.7563701 1.931912
0.4197328 -0.7510456 2.000724
-0.3131133 -0.8137123 1.896888
0.393398 -0.7840331 1.896092
9
-0.1089751 -0.1807148 2.015492
-0.1821879 -0.1848018 1.996526
-0.03162289 -0.1699094 1.960375
-0.3702711 -0.4422879 1.873006
0.1569365 -0.436652 1.973429
-0.2964291 -0.7563701 1.931912
0.4197328 -0.7510456 2.000724
-0.3131133 -0.8137123 1.896888
0.393398 -0.7840331 1.896092
9
-0.09877874 -0.1734626 2.017531
-0.1726981 -0.1774463 1.999018
-0.02111402 -0.1630672 1.96191
-0.3556657 -0.4394102 1.87713
0.1672272 -0.4311922 1.97364
-0.2954524 -0.7571625 1.931426
0.4233953 -0.7508587 2.001583
-0.3131508 -0.814163 1.899941
0.3968137 -0.7838563 1.89701
9
-0.09877874 -0.1734626 2.017531
-0.1726981 -0.1774463 1.999018
-0.02111402 -0.1630672 1.96191
-0.3556657 -0.4394102 1.87713
0.1672272 -0.4311922 1.97364
-0.2954524 -0.7571625 1.931426
0.4233953 -0.7508587 2.001583
-0.3131508 -0.814163 1.899941
0.3968137 -0.7838563 1.89701
9
-0.08453082 -0.1656908 2.018562
-0.1595361 -0.1703005 1.999963
-0.006322253 -0.1549688 1.962979
-0.3392405 -0.4359541 1.881767
0.1762936 -0.4302315 1.974117
-0.2941348 -0.7559261 1.930759
0.4283559 -0.7529119 2.003192
-0.313948 -0.812166 1.900748
0.4015243 -0.7858312 1.89865
9
-0.08453082 -0.1656908 2.018562
-0.1595361 -0.1703005 1.999963
-0.006322253 -0.1549688 1.962979
-0.3392405 -0.4359541 1.881767
0.1762936 -0.4302315 1.974117
-0.2941348 -0.7559261 1.930759
0.4283559 -0.7529119 2.003192
-0.313948 -0.812166 1.900748
0.4015243 -0.7858312 1.89865
9
-0.06890258 -0.1588904 2.020287
-0.1452055 -0.163496 2.001726
0.01005568 -0.1484476 1.964616
-0.3230243 -0.4317285 1.88699
0.1854326 -0.4240998 1.975994
-0.2935077 -0.7520552 1.929423
0.4304828 -0.752032 2.005556
-0.3082638 -0.7843564 1.824702
0.4034879 -0.7848903 1.900999
9
-0.06890258 -0.1588904 2.020287
-0.1452055 -0.163496 2.001726
0.01005568 -0.1484476 1.964616
-0.3230243 -0.4317285 1.88699
0.1854326 -0.4240998 1.975994
-0.2935077 -0.7520552 1.929423
0.4304828 -0.752032 2.005556
-0.3082638 -0.7843564 1.824702
0.4034879 -0.7848903 1.900999
9
-0.04613724 -0.1503643 2.019029
-0.1219871 -0.1560892 2.000659
0.03154733 -0.1391111 1.963126
-0.3010729 -0.4262371 1.894909
0.1976041 -0.4194519 1.978679
-0.2921592 -0.7488106 1.928538
0.4325299 -0.7498468 2.008758
-0.3075429 -0.7809236 1.823833
0.4049 -0.7825251 1.904223
9
-0.04613724 -0.1503643 2.019029
-0.1219871 -0.1560892 2.000659
0.03154733 -0.1391111 1.963126
-0.3010729 -0.4262371 1.894909
0.1976041 -0.4194519 1.978679
-0.2921592 -0.7488106 1.928538
0.4325299 -0.7498468 2.008758
-0.3075429 -0.7809236 1.823833
0.4049 -0.7825251 1.904223
