40
9
-0.108851 -0.1872478 2.147214
-0.1812585 -0.2144839 2.133841
-0.03284017 -0.1533309 2.08525
-0.421123 -0.4582541 2.066006
0.1763413 -0.4297301 2.038312
-0.464364 -0.81314 2.056446
0.3606188 -0.787679 1.980384
-0.5432156 -0.8341097 1.985453
0.3803588 -0.8341047 1.855456
9
-0.108851 -0.1872478 2.147214
-0.1812585 -0.2144839 2.133841
-0.03284017 -0.1533309 2.08525
-0.421123 -0.4582541 2.066006
0.1763413 -0.4297301 2.038312
-0.464364 -0.81314 2.056446
0.3606188 -0.787679 1.980384
-0.5432156 -0.8341097 1.985453
0.3803588 -0.8341047 1.855456
9
-0.108851 -0.1872478 2.147214
-0.1812585 -0.2144839 2.133841
-0.03284017 -0.1533309 2.08525
-0.421123 -0.4582541 2.066006
0.1763413 -0.4297301 2.038312
-0.464364 -0.81314 2.056446
0.3606188 -0.787679 1.980384
-0.5432156 -0.8341097 1.985453
0.3803588 -0.8341047 1.855456
9
-0.108851 -0.1872478 2.147214
-0.1812585 -0.2144839 2.133841
-0.03284017 -0.1533309 2.08525
-0.421123 -0.4582541 2.066006
0.1763413 -0.4297301 2.038312
-0.464364 -0.81314 2.056446
0.3606188 -0.787679 1.980384
-0.5432156 -0.8341097 1.985453
0.3803588 -0.8341047 1.855456
9
-0.1387331 -0.1976604 2.146607
-0.2117052 -0.2239149 2.133239
-0.06074022 -0.1643382 2.084716
-0.4573799 -0.4607333 2.062963
0.1620062 -0.4303321 2.036484
-0.4713463 -0.8180679 2.047477
0.3602062 -0.7880015 1.979877
-0.5510978 -0.8404686 1.980614
0.3807175 -0.834236 1.855171
9
-0.1600926 -0.206413 2.148965
-0.2328814 -0.2306495 2.135085
-0.08177163 -0.1750264 2.0877
-0.4812018 -0.463224 2.057869
0.1446854 -0.4380026 2.036619
-0.473024 -0.8207862 2.045361
0.3609826 -0.7938908 1.974472
-0.5529131 -0.8403679 1.976187
0.3810002 -0.8346187 1.854617
9
-0.1600926 -0.206413 2.148965
-0.2328814 -0.2306495 2.135085
-0.08177163 -0.1750264 2.0877
-0.4812018 -0.463224 2.057869
0.1446854 -0.4380026 2.036619
-0.473024 -0.8207862 2.045361
0.3609826 -0.7938908 1.974472
-0.5529131 -0.8403679 1.976187
0.3810002 -0.8346187 1.854617
9
-0.1600926 -0.206413 2.148965
-0.2328814 -0.2306495 2.135085
-0.08177163 -0.1750264 2.0877
-0.4812018 -0.463224 2.057869
0.1446854 -0.4380026 2.036619
-0.473024 -0.8207862 2.045361
0.3609826 -0.7938908 1.974472
-0.5529131 -0.8403679 1.976187
0.3810002 -0.8346187 1.854617
9
-0.185702 -0.2182519 2.151642
-0.2597021 -0.2412997 2.136381
-0.1052349 -0.1875543 2.091787
-0.5085694 -0.4713485 2.052025
0.1252009 -0.4591484 2.036286
-0.4863469 -0.828246 2.039691
0.3586059 -0.799347 1.970251
-0.5681413 -0.8470362 1.975624
0.3809584 -0.8352382 1.854231
9
-0.185702 -0.2182519 2.151642
-0.2597021 -0.2412997 2.136381
-0.1052349 -0.1875543 2.091787
-0.5085694 -0.4713485 2.052025
0.1252009 -0.4591484 2.036286
-0.4863469 -0.828246 2.039691
0.3586059 -0.799347 1.970251
-0.5681413 -0.8470362 1.975624
0.3809584 -0.8352382 1.854231
9
-0.1952106 -0.2209564 2.151997
-0.2681091 -0.2434072 2.136352
-0.1154978 -0.1908097 2.092628
-0.5223097 -0.4669203 2.049855
0.1177549 -0.4647484 2.036627
-0.4843167 -0.8225462 2.037625
0.3562068 -0.8019152 1.967989
-0.5667174 -0.8524368 2.003523
0.3814512 -0.8381072 1.853245
9
-0.1952106 -0.2209564 2.151997
-0.2681091 -0.2434072 2.136352
-0.1154978 -0.1908097 2.092628
-0.5223097 -0.4669203 2.049855
0.1177549 -0.4647484 2.036627
-0.4843167 -0.8225462 2.037625
0.3562068 -0.8019152 1.967989
-0.5667174 -0.8524368 2.003523
0.3814512 -0.8381072 1.853245
9
-0.2366984 -0.2403336 2.153079
-0.30807 -0.2581286 2.133878
-0.1574749 -0.2146425 2.097717
-0.5543873 -0.4881876 2.042625
0.1049977 -0.4705132 2.037377
-0.5003113 -0.8415887 2.033577
0.3497618 -0.8013573 1.966696
-0.5892253 -0.8513997 2.008167
0.3787504 -0.8387874 1.854234
9
-0.2382925 -0.2411458 2.152078
-0.3099897 -0.2589063 2.133262
-0.1586596 -0.2153924 2.096262
-0.5632755 -0.480392 2.03831
0.09744466 -0.4747259 2.03765
-0.496546 -0.8317618 2.033693
0.3411033 -0.7990654 1.966988
-0.5809498 -0.8553184 2.009956
0.3770786 -0.8365433 1.857961
9
-0.2382925 -0.2411458 2.152078
-0.3099897 -0.2589063 2.133262
-0.1586596 -0.2153924 2.096262
-0.5632755 -0.480392 2.03831
0.09744466 -0.4747259 2.03765
-0.496546 -0.8317618 2.033693
0.3411033 -0.7990654 1.966988
-0.5809498 -0.8553184 2.009956
0.3770786 -0.8365433 1.857961
9
-0.2382925 -0.2411458 2.152078
-0.3099897 -0.2589063 2.133262
-0.1586596 -0.2153924 2.096262
-0.5632755 -0.480392 2.03831
0.09744466 -0.4747259 2.03765
-0.496546 -0.8317618 2.033693
0.3411033 -0.7990654 1.966988
-0.5809498 -0.8553184 2.009956
0.3770786 -0.8365433 1.857961
9
-0.2538738 -0.2488149 2.150442
-0.3262438 -0.2673815 2.133373
-0.1727343 -0.2217735 2.093011
-0.5804671 -0.4859327 2.033075
0.08901244 -0.4769065 2.037816
-0.5077602 -0.8361388 2.029792
0.3315423 -0.7946658 1.968543
-0.5915515 -0.8575951 2.014355
0.3763375 -0.8358492 1.859703
9
-0.2540576 -0.2506835 2.147187
-0.3259086 -0.2691811 2.131184
-0.1735502 -0.2235913 2.088244
-0.5877408 -0.4780528 2.029132
0.08106928 -0.4796852 2.038304
-0.5091885 -0.8270153 2.029424
0.3280356 -0.7945927 1.969555
-0.5874264 -0.8609351 2.012984
0.375923 -0.8359022 1.859763
9
-0.2540576 -0.2506835 2.147187
-0.3259086 -0.2691811 2.131184
-0.1735502 -0.2235913 2.088244
-0.5877408 -0.4780528 2.029132
0.08106928 -0.4796852 2.038304
-0.5091885 -0.8270153 2.029424
0.3280356 -0.7945927 1.969555
-0.5874264 -0.8609351 2.012984
0.375923 -0.8359022 1.859763
9
-0.2540576 -0.2506835 2.147187
-0.3259086 -0.2691811 2.131184
-0.1735502 -0.2235913 2.088244
-0.5877408 -0.4780528 2.029132
0.08106928 -0.4796852 2.038304
-0.5091885 -0.8270153 2.029424
0.3280356 -0.7945927 1.969555
-0.5874264 -0.8609351 2.012984
0.375923 -0.8359022 1.859763
9
-0.2756942 -0.2606944 2.148028
-0.3469402 -0.2791768 2.131852
-0.194689 -0.2331019 2.089544
-0.6122599 -0.4794369 2.018844
0.07284586 -0.4826035 2.038594
-0.5103305 -0.8219709 2.029285
0.3276109 -0.7946668 1.969537
-0.59033 -0.8550044 2.004187
0.3756153 -0.8362488 1.859261
9
-0.2756942 -0.2606944 2.148028
-0.3469402 -0.2791768 2.131852
-0.194689 -0.2331019 2.089544
-0.6122599 -0.4794369 2.018844
0.07284586 -0.4826035 2.038594
-0.5103305 -0.8219709 2.029285
0.3276109 -0.7946668 1.969537
-0.59033 -0.8550044 2.004187
0.3756153 -0.8362488 1.859261
9
-0.2756942 -0.2606944 2.148028
-0.3469402 -0.2791768 2.131852
-0.194689 -0.2331019 2.089544
-0.6122599 -0.4794369 2.018844
0.07284586 -0.4826035 2.038594
-0.5103305 -0.8219709 2.029285
0.3276109 -0.7946668 1.969537
-0.59033 -0.8550044 2.004187
0.3756153 -0.8362488 1.859261
9
-0.2756942 -0.2606944 2.148028
-0.3469402 -0.2791768 2.131852
-0.194689 -0.2331019 2.089544
-0.6122599 -0.4794369 2.018844
0.07284586 -0.4826035 2.038594
-0.5103305 -0.8219709 2.029285
0.3276109 -0.7946668 1.969537
-0.59033 -0.8550044 2.004187
0.3756153 -0.8362488 1.859261
9
-0.2851672 -0.2676066 2.146916
-0.3570974 -0.2863642 2.130383
-0.2032666 -0.2395547 2.08887
-0.6256954 -0.4805292 2.0139
0.0562772 -0.4852658 2.038835
-0.5098703 -0.8183534 2.02924
0.3253248 -0.794934 1.969082
-0.5872291 -0.8561577 2.004302
0.3750869 -0.8362143 1.858949
9
-0.2851672 -0.2676066 2.146916
-0.3570974 -0.2863642 2.130383
-0.2032666 -0.2395547 2.08887
-0.6256954 -0.4805292 2.0139
0.0562772 -0.4852658 2.038835
-0.5098703 -0.8183534 2.02924
0.3253248 -0.794934 1.969082
-0.5872291 -0.8561577 2.004302
0.3750869 -0.8362143 1.858949
9
-0.2950252 -0.2737852 2.144379
-0.3666746 -0.2912907 2.128684
-0.2131029 -0.2468818 2.085533
-0.6357185 -0.4839562 2.010864
0.05346872 -0.4868528 2.03813
-0.5177103 -0.8210842 2.024178
0.3243198 -0.7950701 1.969123
-0.5921422 -0.8608951 2.009007
0.3750804 -0.8363401 1.859201
9
-0.2950252 -0.2737852 2.144379
-0.3666746 -0.2912907 2.128684
-0.2131029 -0.2468818 2.085533
-0.6357185 -0.4839562 2.010864
0.05346872 -0.4868528 2.03813
-0.5177103 -0.8210842 2.024178
0.3243198 -0.7950701 1.969123
-0.5921422 -0.8608951 2.009007
0.3750804 -0.8363401 1.859201
9
-0.3232268 -0.2849342 2.143819
-0.3952713 -0.2996282 2.127509
-0.2400644 -0.2604624 2.085865
-0.6566455 -0.4991722 2.003247
0.04708657 -0.4877935 2.038441
-0.5403625 -0.8368795 2.013456
0.3232519 -0.7950473 1.969019
-0.6059372 -0.8694828 2.028982
0.3749841 -0.8364671 1.85909
9
-0.3232268 -0.2849342 2.143819
-0.3952713 -0.2996282 2.127509
-0.2400644 -0.2604624 2.085865
-0.6566455 -0.4991722 2.003247
0.04708657 -0.4877935 2.038441
-0.5403625 -0.8368795 2.013456
0.3232519 -0.7950473 1.969019
-0.6059372 -0.8694828 2.028982
0.3749841 -0.8364671 1.85909
9
-0.3274387 -0.2792998 2.176033
-0.3984553 -0.292723 2.157586
-0.2452526 -0.2564265 2.120389
-0.6467326 -0.4918346 1.997871
0.04452678 -0.4890204 2.038339
-0.5260115 -0.8277177 2.010854
0.3204419 -0.7945381 1.96958
-0.5949295 -0.8628095 2.018441
0.3742681 -0.8361 1.86058
9
-0.3274387 -0.2792998 2.176033
-0.3984553 -0.292723 2.157586
-0.2452526 -0.2564265 2.120389
-0.6467326 -0.4918346 1.997871
0.04452678 -0.4890204 2.038339
-0.5260115 -0.8277177 2.010854
0.3204419 -0.7945381 1.96958
-0.5949295 -0.8628095 2.018441
0.3742681 -0.8361 1.86058
9
-0.3274387 -0.2792998 2.176033
-0.3984553 -0.292723 2.157586
-0.2452526 -0.2564265 2.120389
-0.6467326 -0.4918346 1.997871
0.04452678 -0.4890204 2.038339
-0.5260115 -0.8277177 2.010854
0.3204419 -0.7945381 1.96958
-0.5949295 -0.8628095 2.018441
0.3742681 -0.8361 1.86058
9
-0.3274387 -0.2792998 2.176033
-0.3984553 -0.292723 2.157586
-0.2452526 -0.2564265 2.120389
-0.6467326 -0.4918346 1.997871
0.04452678 -0.4890204 2.038339
-0.5260115 -0.8277177 2.010854
0.3204419 -0.7945381 1.96958
-0.5949295 -0.8628095 2.018441
0.3742681 -0.8361 1.86058
9
-0.3290718 -0.2886355 2.179779
-0.399327 -0.299472 2.157984
-0.2479191 -0.2690206 2.129077
-0.6923373 -0.3931533 1.971523
0.05526463 -0.4356106 2.032668
-0.4899381 -0.7579341 2.030443
0.3240511 -0.801699 1.96747
-0.5555152 -0.835759 2.000258
0.3745582 -0.836272 1.859776
9
-0.3171867 -0.3032762 2.14465
-0.3877887 -0.3175523 2.118508
-0.2352521 -0.2793911 2.095419
-0.7080908 -0.3874371 1.986256
0.07263342 -0.4451735 2.033251
-0.4902229 -0.7575881 2.030056
0.3265588 -0.8048505 1.96658
-0.5494059 -0.8335342 2.000165
0.3745884 -0.8374146 1.860013
9
-0.3171867 -0.3032762 2.14465
-0.3877887 -0.3175523 2.118508
-0.2352521 -0.2793911 2.095419
-0.7080908 -0.3874371 1.986256
0.07263342 -0.4451735 2.033251
-0.4902229 -0.7575881 2.030056
0.3265588 -0.8048505 1.96658
-0.5494059 -0.8335342 2.000165
0.3745884 -0.8374146 1.860013
9
-0.3054033 -0.2873349 2.142211
-0.3782162 -0.3048111 2.120631
-0.2208496 -0.258754 2.087733
-0.6494667 -0.4896685 1.992677
0.05043741 -0.4897492 2.038996
-0.5407098 -0.8289449 2.012612
0.3234794 -0.8020324 1.968289
-0.5975728 -0.8674008 2.034443
0.373891 -0.8368487 1.861036
9
-0.3054033 -0.2873349 2.142211
-0.3782162 -0.3048111 2.120631
-0.2208496 -0.258754 2.087733
-0.6494667 -0.4896685 1.992677
0.05043741 -0.4897492 2.038996
-0.5407098 -0.8289449 2.012612
0.3234794 -0.8020324 1.968289
-0.5975728 -0.8674008 2.034443
0.373891 -0.8368487 1.861036
9
-0.2965624 -0.278028 2.142323
-0.3693941 -0.294934 2.122695
-0.2131481 -0.2511839 2.086799
-0.6382767 -0.4839132 1.995279
0.05152212 -0.4895286 2.038853
-0.5351626 -0.8249894 2.013989
0.3230101 -0.8011551 1.968583
-0.6007591 -0.8697076 2.014375
0.3739749 -0.8368295 1.861094
