40
9
-0.119587 -0.3814319 2.18471
-0.1938412 -0.3877229 2.168152
-0.04128344 -0.3623719 2.127774
-0.3497897 -0.6372324 2.083153
0.1732244 -0.6628869 2.142504
-0.3218202 -0.9677915 2.09454
0.3526234 -0.9724147 2.213502
-0.3418152 -1.004681 1.961682
0.3223521 -1.009938 2.080394
9
-0.119587 -0.3814319 2.18471
-0.1938412 -0.3877229 2.168152
-0.04128344 -0.3623719 2.127774
-0.3497897 -0.6372324 2.083153
0.1732244 -0.6628869 2.142504
-0.3218202 -0.9677915 2.09454
0.3526234 -0.9724147 2.213502
-0.3418152 -1.004681 1.961682
0.3223521 -1.009938 2.080394
9
-0.1433863 -0.3935426 2.183698
-0.2171496 -0.4002708 2.166716
-0.06471438 -0.3735984 2.127322
-0.3746555 -0.6483794 2.082472
0.1664038 -0.6704777 2.144845
-0.3225962 -0.9685456 2.094036
0.3514172 -0.973009 2.214017
-0.3431669 -1.005591 1.961415
0.3205771 -1.010694 2.081137
9
-0.1433863 -0.3935426 2.183698
-0.2171496 -0.4002708 2.166716
-0.06471438 -0.3735984 2.127322
-0.3746555 -0.6483794 2.082472
0.1664038 -0.6704777 2.144845
-0.3225962 -0.9685456 2.094036
0.3514172 -0.973009 2.214017
-0.3431669 -1.005591 1.961415
0.3205771 -1.010694 2.081137
9
-0.1536262 -0.3998373 2.184796
-0.2271884 -0.4075952 2.168723
-0.07492321 -0.378781 2.127632
-0.3897032 -0.6521122 2.083999
0.1330522 -0.6710519 2.145622
-0.324918 -0.9693882 2.095211
0.349135 -0.9735544 2.215029
-0.3450198 -1.049131 2.058024
0.3190609 -1.011407 2.082047
9
-0.1536262 -0.3998373 2.184796
-0.2271884 -0.4075952 2.168723
-0.07492321 -0.378781 2.127632
-0.3897032 -0.6521122 2.083999
0.1330522 -0.6710519 2.145622
-0.324918 -0.9693882 2.095211
0.349135 -0.9735544 2.215029
-0.3450198 -1.049131 2.058024
0.3190609 -1.011407 2.082047
9
-0.1536262 -0.3998373 2.184796
-0.2271884 -0.4075952 2.168723
-0.07492321 -0.378781 2.127632
-0.3897032 -0.6521122 2.083999
0.1330522 -0.6710519 2.145622
-0.324918 -0.9693882 2.095211
0.349135 -0.9735544 2.215029
-0.3450198 -1.049131 2.058024
0.3190609 -1.011407 2.082047
9
-0.1536262 -0.3998373 2.184796
-0.2271884 -0.4075952 2.168723
-0.07492321 -0.378781 2.127632
-0.3897032 -0.6521122 2.083999
0.1330522 -0.6710519 2.145622
-0.324918 -0.9693882 2.095211
0.349135 -0.9735544 2.215029
-0.3450198 -1.049131 2.058024
0.3190609 -1.011407 2.082047
9
-0.1536262 -0.3998373 2.184796
-0.2271884 -0.4075952 2.168723
-0.07492321 -0.378781 2.127632
-0.3897032 -0.6521122 2.083999
0.1330522 -0.6710519 2.145622
-0.324918 -0.9693882 2.095211
0.349135 -0.9735544 2.215029
-0.3450198 -1.049131 2.058024
0.3190609 -1.011407 2.082047
9
-0.1536262 -0.3998373 2.184796
-0.2271884 -0.4075952 2.168723
-0.07492321 -0.378781 2.127632
-0.3897032 -0.6521122 2.083999
0.1330522 -0.6710519 2.145622
-0.324918 -0.9693882 2.095211
0.349135 -0.9735544 2.215029
-0.3450198 -1.049131 2.058024
0.3190609 -1.011407 2.082047
9
-0.1899193 -0.4213043 2.187007
-0.2629959 -0.4317762 2.174898
-0.1107082 -0.3970593 2.126249
-0.4313354 -0.6711314 2.088786
0.1357463 -0.6830047 2.148556
-0.3327101 -0.9744247 2.09685
0.3425 -0.9778196 2.215624
-0.3462344 -1.05515 2.053901
0.3093429 -1.017156 2.084335
9
-0.1899193 -0.4213043 2.187007
-0.2629959 -0.4317762 2.174898
-0.1107082 -0.3970593 2.126249
-0.4313354 -0.6711314 2.088786
0.1357463 -0.6830047 2.148556
-0.3327101 -0.9744247 2.09685
0.3425 -0.9778196 2.215624
-0.3462344 -1.05515 2.053901
0.3093429 -1.017156 2.084335
9
-0.1899193 -0.4213043 2.187007
-0.2629959 -0.4317762 2.174898
-0.1107082 -0.3970593 2.126249
-0.4313354 -0.6711314 2.088786
0.1357463 -0.6830047 2.148556
-0.3327101 -0.9744247 2.09685
0.3425 -0.9778196 2.215624
-0.3462344 -1.05515 2.053901
0.3093429 -1.017156 2.084335
9
-0.1908446 -0.4221709 2.186887
-0.2638666 -0.4334148 2.175186
-0.1117433 -0.3973721 2.125765
-0.4348164 -0.6709477 2.089476
0.1339555 -0.6832134 2.14876
-0.3279026 -0.9757422 2.097551
0.3390299 -0.9786737 2.214267
-0.3622712 -1.049351 2.050488
0.3054394 -1.018091 2.083183
9
-0.1908446 -0.4221709 2.186887
-0.2638666 -0.4334148 2.175186
-0.1117433 -0.3973721 2.125765
-0.4348164 -0.6709477 2.089476
0.1339555 -0.6832134 2.14876
-0.3279026 -0.9757422 2.097551
0.3390299 -0.9786737 2.214267
-0.3622712 -1.049351 2.050488
0.3054394 -1.018091 2.083183
9
-0.2001198 -0.4264962 2.189969
-0.2732704 -0.4385225 2.178596
-0.120215 -0.4005216 2.128418
-0.4417214 -0.6769173 2.089126
0.1316915 -0.6830761 2.149826
-0.3552033 -0.9621822 2.100274
0.3363279 -0.9795805 2.213397
-0.3786674 -1.001265 1.969636
0.3023279 -1.019057 2.082498
9
-0.2001198 -0.4264962 2.189969
-0.2732704 -0.4385225 2.178596
-0.120215 -0.4005216 2.128418
-0.4417214 -0.6769173 2.089126
0.1316915 -0.6830761 2.149826
-0.3552033 -0.9621822 2.100274
0.3363279 -0.9795805 2.213397
-0.3786674 -1.001265 1.969636
0.3023279 -1.019057 2.082498
9
-0.2001198 -0.4264962 2.189969
-0.2732704 -0.4385225 2.178596
-0.120215 -0.4005216 2.128418
-0.4417214 -0.6769173 2.089126
0.1316915 -0.6830761 2.149826
-0.3552033 -0.9621822 2.100274
0.3363279 -0.9795805 2.213397
-0.3786674 -1.001265 1.969636
0.3023279 -1.019057 2.082498
9
-0.1997011 -0.4257899 2.189607
-0.272773 -0.438362 2.178389
-0.1199129 -0.3986803 2.127703
-0.4423407 -0.6761819 2.090012
0.1299122 -0.6828548 2.151513
-0.3145262 -0.9810467 2.110307
0.3353934 -0.979834 2.213564
-0.3553394 -1.047335 2.047247
0.3014441 -1.019239 2.082622
9
-0.1997011 -0.4257899 2.189607
-0.272773 -0.438362 2.178389
-0.1199129 -0.3986803 2.127703
-0.4423407 -0.6761819 2.090012
0.1299122 -0.6828548 2.151513
-0.3145262 -0.9810467 2.110307
0.3353934 -0.979834 2.213564
-0.3553394 -1.047335 2.047247
0.3014441 -1.019239 2.082622
9
-0.1997011 -0.4257899 2.189607
-0.272773 -0.438362 2.178389
-0.1199129 -0.3986803 2.127703
-0.4423407 -0.6761819 2.090012
0.1299122 -0.6828548 2.151513
-0.3145262 -0.9810467 2.110307
0.3353934 -0.979834 2.213564
-0.3553394 -1.047335 2.047247
0.3014441 -1.019239 2.082622
9
-0.1921738 -0.4207205 2.188398
-0.264712 -0.4347545 2.177912
-0.1129865 -0.3922467 2.125695
-0.4386629 -0.6699372 2.091412
0.1242291 -0.6797685 2.154494
-0.3239217 -0.9794768 2.113127
0.3316518 -0.9805533 2.214967
-0.3478119 -1.052224 2.047451
0.2977704 -1.019796 2.083926
9
-0.1921738 -0.4207205 2.188398
-0.264712 -0.4347545 2.177912
-0.1129865 -0.3922467 2.125695
-0.4386629 -0.6699372 2.091412
0.1242291 -0.6797685 2.154494
-0.3239217 -0.9794768 2.113127
0.3316518 -0.9805533 2.214967
-0.3478119 -1.052224 2.047451
0.2977704 -1.019796 2.083926
9
-0.1915272 -0.4196608 2.188492
-0.2618985 -0.4324075 2.17811
-0.1132228 -0.3918226 2.12575
-0.436464 -0.6671897 2.091409
0.1234776 -0.6788797 2.154972
-0.3519182 -0.9676111 2.111346
0.3309091 -0.9806573 2.215165
-0.375595 -1.00618 1.980463
0.2968581 -1.01962 2.084021
9
-0.1879085 -0.416134 2.188108
-0.255799 -0.4279043 2.177629
-0.1120246 -0.3897681 2.125482
-0.4304371 -0.6625158 2.08932
0.123338 -0.6770101 2.155093
-0.3524933 -0.9672644 2.111514
0.329375 -0.9803546 2.21507
-0.3761558 -1.005605 1.980498
0.2953517 -1.019086 2.083791
9
-0.1879085 -0.416134 2.188108
-0.255799 -0.4279043 2.177629
-0.1120246 -0.3897681 2.125482
-0.4304371 -0.6625158 2.08932
0.123338 -0.6770101 2.155093
-0.3524933 -0.9672644 2.111514
0.329375 -0.9803546 2.21507
-0.3761558 -1.005605 1.980498
0.2953517 -1.019086 2.083791
9
-0.1749322 -0.4045486 2.187882
-0.2455636 -0.4203277 2.178068
-0.09811687 -0.3748767 2.124327
-0.4214644 -0.6539561 2.087944
0.1255548 -0.673684 2.154692
-0.3529174 -0.9677153 2.112221
0.3291382 -0.9801464 2.214862
-0.3767345 -1.005964 1.981201
0.2949587 -1.018788 2.083575
9
-0.1749322 -0.4045486 2.187882
-0.2455636 -0.4203277 2.178068
-0.09811687 -0.3748767 2.124327
-0.4214644 -0.6539561 2.087944
0.1255548 -0.673684 2.154692
-0.3529174 -0.9677153 2.112221
0.3291382 -0.9801464 2.214862
-0.3767345 -1.005964 1.981201
0.2949587 -1.018788 2.083575
9
-0.1659725 -0.3984467 2.189099
-0.2363374 -0.4145444 2.179204
-0.08993481 -0.3688962 2.125623
-0.4066256 -0.6510614 2.082102
0.127994 -0.6716855 2.154434
-0.3524251 -0.969101 2.114697
0.3286833 -0.9785696 2.214466
-0.3771861 -1.007269 1.983911
0.2935785 -1.017152 2.083406
9
-0.1659725 -0.3984467 2.189099
-0.2363374 -0.4145444 2.179204
-0.08993481 -0.3688962 2.125623
-0.4066256 -0.6510614 2.082102
0.127994 -0.6716855 2.154434
-0.3524251 -0.969101 2.114697
0.3286833 -0.9785696 2.214466
-0.3771861 -1.007269 1.983911
0.2935785 -1.017152 2.083406
9
-0.1588841 -0.3959205 2.189944
-0.2299658 -0.4125201 2.180292
-0.08233781 -0.3659515 2.126206
-0.4024845 -0.6471872 2.081559
0.1332758 -0.6687471 2.154841
-0.3527326 -0.9681203 2.116832
0.3290828 -0.9769116 2.214502
-0.3797605 -1.005942 1.986557
0.2917028 -1.015144 2.083955
9
-0.1588841 -0.3959205 2.189944
-0.2299658 -0.4125201 2.180292
-0.08233781 -0.3659515 2.126206
-0.4024845 -0.6471872 2.081559
0.1332758 -0.6687471 2.154841
-0.3527326 -0.9681203 2.116832
0.3290828 -0.9769116 2.214502
-0.3797605 -1.005942 1.986557
0.2917028 -1.015144 2.083955
9
-0.1588841 -0.3959205 2.189944
-0.2299658 -0.4125201 2.180292
-0.08233781 -0.3659515 2.126206
-0.4024845 -0.6471872 2.081559
0.1332758 -0.6687471 2.154841
-0.3527326 -0.9681203 2.116832
0.3290828 -0.9769116 2.214502
-0.3797605 -1.005942 1.986557
0.2917028 -1.015144 2.083955
9
-0.1588841 -0.3959205 2.189944
-0.2299658 -0.4125201 2.180292
-0.08233781 -0.3659515 2.126206
-0.4024845 -0.6471872 2.081559
0.1332758 -0.6687471 2.154841
-0.3527326 -0.9681203 2.116832
0.3290828 -0.9769116 2.214502
-0.3797605 -1.005942 1.986557
0.2917028 -1.015144 2.083955
9
-0.1588841 -0.3959205 2.189944
-0.2299658 -0.4125201 2.180292
-0.08233781 -0.3659515 2.126206
-0.4024845 -0.6471872 2.081559
0.1332758 -0.6687471 2.154841
-0.3527326 -0.9681203 2.116832
0.3290828 -0.9769116 2.214502
-0.3797605 -1.005942 1.986557
0.2917028 -1.015144 2.083955
9
-0.1588841 -0.3959205 2.189944
-0.2299658 -0.4125201 2.180292
-0.08233781 -0.3659515 2.126206
-0.4024845 -0.6471872 2.081559
0.1332758 -0.6687471 2.154841
-0.3527326 -0.9681203 2.116832
0.3290828 -0.9769116 2.214502
-0.3797605 -1.005942 1.986557
0.2917028 -1.015144 2.083955
9
-0.1080441 -0.3719475 2.196907
-0.1792124 -0.387233 2.186318
-0.03316708 -0.3441895 2.133956
-0.3382486 -0.6328386 2.089854
0.1646772 -0.6551928 2.155497
-0.3456763 -0.97466 2.12448
0.3365152 -0.9751033 2.217718
-0.3711875 -1.010454 1.992632
0.300676 -1.0114 2.085594
9
-0.1080441 -0.3719475 2.196907
-0.1792124 -0.387233 2.186318
-0.03316708 -0.3441895 2.133956
-0.3382486 -0.6328386 2.089854
0.1646772 -0.6551928 2.155497
-0.3456763 -0.97466 2.12448
0.3365152 -0.9751033 2.217718
-0.3711875 -1.010454 1.992632
0.300676 -1.0114 2.085594
9
-0.1080441 -0.3719475 2.196907
-0.1792124 -0.387233 2.186318
-0.03316708 -0.3441895 2.133956
-0.3382486 -0.6328386 2.089854
0.1646772 -0.6551928 2.155497
-0.3456763 -0.97466 2.12448
0.3365152 -0.9751033 2.217718
-0.3711875 -1.010454 1.992632
0.300676 -1.0114 2.085594
9
-0.1080441 -0.3719475 2.196907
-0.1792124 -0.387233 2.186318
-0.03316708 -0.3441895 2.133956
-0.3382486 -0.6328386 2.089854
0.1646772 -0.6551928 2.155497
-0.3456763 -0.97466 2.12448
0.3365152 -0.9751033 2.217718
-0.3711875 -1.010454 1.992632
0.300676 -1.0114 2.085594
