40
9
-0.120382 -0.191264 2.05569
-0.1837424 -0.206286 2.054263
-0.05267532 -0.1693001 1.982934
-0.3889121 -0.465166 1.954915
0.1520109 -0.4360943 1.979687
-0.3113789 -0.7494769 1.967711
0.392309 -0.737265 1.99112
-0.3343795 -0.8041016 1.916916
0.4670707 -0.7791668 1.930033
9
-0.120382 -0.191264 2.05569
-0.1837424 -0.206286 2.054263
-0.05267532 -0.1693001 1.982934
-0.3889121 -0.465166 1.954915
0.1520109 -0.4360943 1.979687
-0.3113789 -0.7494769 1.967711
0.392309 -0.737265 1.99112
-0.3343795 -0.8041016 1.916916
0.4670707 -0.7791668 1.930033
9
-0.1278975 -0.1990851 2.057797
-0.1948595 -0.2114015 2.05569
-0.05729452 -0.1807549 1.986091
-0.4017461 -0.4676394 1.952063
0.1511596 -0.4443868 1.983443
-0.3150295 -0.7487 1.966758
0.3817898 -0.7367061 1.992237
-0.3353768 -0.8050883 1.916934
0.4572645 -0.7769881 1.929601
9
-0.1278975 -0.1990851 2.057797
-0.1948595 -0.2114015 2.05569
-0.05729452 -0.1807549 1.986091
-0.4017461 -0.4676394 1.952063
0.1511596 -0.4443868 1.983443
-0.3150295 -0.7487 1.966758
0.3817898 -0.7367061 1.992237
-0.3353768 -0.8050883 1.916934
0.4572645 -0.7769881 1.929601
9
-0.1357843 -0.204884 2.060011
-0.2035851 -0.215452 2.056854
-0.0634211 -0.187462 1.989192
-0.4078428 -0.4729251 1.950566
0.1458451 -0.450249 1.987521
-0.3161502 -0.7488535 1.966031
0.3803749 -0.7370172 1.991959
-0.3368295 -0.8064945 1.917343
0.4542275 -0.7780138 1.926218
9
-0.1357843 -0.204884 2.060011
-0.2035851 -0.215452 2.056854
-0.0634211 -0.187462 1.989192
-0.4078428 -0.4729251 1.950566
0.1458451 -0.450249 1.987521
-0.3161502 -0.7488535 1.966031
0.3803749 -0.7370172 1.991959
-0.3368295 -0.8064945 1.917343
0.4542275 -0.7780138 1.926218
9
-0.1444431 -0.2057083 2.060818
-0.2091323 -0.2185394 2.057177
-0.0763426 -0.1847481 1.990707
-0.4150624 -0.4751596 1.953598
0.1381026 -0.4439246 1.987824
-0.3179646 -0.7482116 1.965277
0.3776017 -0.7382327 1.991865
-0.3370894 -0.8066828 1.915974
0.4505133 -0.779162 1.923691
9
-0.1444431 -0.2057083 2.060818
-0.2091323 -0.2185394 2.057177
-0.0763426 -0.1847481 1.990707
-0.4150624 -0.4751596 1.953598
0.1381026 -0.4439246 1.987824
-0.3179646 -0.7482116 1.965277
0.3776017 -0.7382327 1.991865
-0.3370894 -0.8066828 1.915974
0.4505133 -0.779162 1.923691
9
-0.151003 -0.2063909 2.061687
-0.2139667 -0.2203141 2.05715
-0.08358397 -0.184316 1.992502
-0.4201574 -0.4763514 1.95251
0.1328156 -0.4421486 1.988967
-0.3188359 -0.7474887 1.964644
0.3742128 -0.7386949 1.992049
-0.3369515 -0.8065012 1.915834
0.4470722 -0.7793942 1.923284
9
-0.151003 -0.2063909 2.061687
-0.2139667 -0.2203141 2.05715
-0.08358397 -0.184316 1.992502
-0.4201574 -0.4763514 1.95251
0.1328156 -0.4421486 1.988967
-0.3188359 -0.7474887 1.964644
0.3742128 -0.7386949 1.992049
-0.3369515 -0.8065012 1.915834
0.4470722 -0.7793942 1.923284
9
-0.1554994 -0.2063372 2.06275
-0.2185059 -0.2208459 2.057317
-0.08748521 -0.1839042 1.994341
-0.423153 -0.4779292 1.952241
0.1304598 -0.4407862 1.989263
-0.3200915 -0.7468539 1.964579
0.3711651 -0.7387744 1.992421
-0.3370678 -0.806409 1.915643
0.4440816 -0.7792349 1.923306
9
-0.1554994 -0.2063372 2.06275
-0.2185059 -0.2208459 2.057317
-0.08748521 -0.1839042 1.994341
-0.423153 -0.4779292 1.952241
0.1304598 -0.4407862 1.989263
-0.3200915 -0.7468539 1.964579
0.3711651 -0.7387744 1.992421
-0.3370678 -0.806409 1.915643
0.4440816 -0.7792349 1.923306
9
-0.1560848 -0.2059632 2.063275
-0.2187748 -0.2208239 2.057436
-0.08832643 -0.1830252 1.995485
-0.4239933 -0.4775132 1.952647
0.1296467 -0.4409579 1.989973
-0.3209847 -0.7464743 1.964254
0.3703672 -0.7390633 1.992566
-0.3368399 -0.80631 1.915437
0.4429151 -0.7796512 1.922803
9
-0.1560848 -0.2059632 2.063275
-0.2187748 -0.2208239 2.057436
-0.08832643 -0.1830252 1.995485
-0.4239933 -0.4775132 1.952647
0.1296467 -0.4409579 1.989973
-0.3209847 -0.7464743 1.964254
0.3703672 -0.7390633 1.992566
-0.3368399 -0.80631 1.915437
0.4429151 -0.7796512 1.922803
9
-0.1559993 -0.2052609 2.063761
-0.2186704 -0.2205768 2.057566
-0.08823127 -0.1818618 1.996417
-0.4244751 -0.4769452 1.953386
0.1281273 -0.4401889 1.990764
-0.3215156 -0.7464923 1.96415
0.368841 -0.7391418 1.992567
-0.3371642 -0.8062574 1.915485
0.4413991 -0.779551 1.922512
9
-0.1559993 -0.2052609 2.063761
-0.2186704 -0.2205768 2.057566
-0.08823127 -0.1818618 1.996417
-0.4244751 -0.4769452 1.953386
0.1281273 -0.4401889 1.990764
-0.3215156 -0.7464923 1.96415
0.368841 -0.7391418 1.992567
-0.3371642 -0.8062574 1.915485
0.4413991 -0.779551 1.922512
9
-0.1544832 -0.2037165 2.064413
-0.2173208 -0.2196313 2.05782
-0.08646997 -0.1798086 1.997451
-0.4231356 -0.4762764 1.954675
0.1287407 -0.4401888 1.990963
-0.3215541 -0.7468076 1.964554
0.3688051 -0.739151 1.992564
-0.3369329 -0.8064581 1.915278
0.4413171 -0.7795537 1.9224
9
-0.1544832 -0.2037165 2.064413
-0.2173208 -0.2196313 2.05782
-0.08646997 -0.1798086 1.997451
-0.4231356 -0.4762764 1.954675
0.1287407 -0.4401888 1.990963
-0.3215541 -0.7468076 1.964554
0.3688051 -0.739151 1.992564
-0.3369329 -0.8064581 1.915278
0.4413171 -0.7795537 1.9224
9
-0.1500863 -0.2007355 2.064481
-0.2139152 -0.217493 2.057439
-0.08092026 -0.1761745 1.9979
-0.4197347 -0.4747523 1.956556
0.1295807 -0.4394103 1.990623
-0.3217735 -0.7466304 1.965036
0.3687888 -0.7390056 1.992508
-0.3370343 -0.8063909 1.915215
0.4409276 -0.7792982 1.921393
9
-0.1500863 -0.2007355 2.064481
-0.2139152 -0.217493 2.057439
-0.08092026 -0.1761745 1.9979
-0.4197347 -0.4747523 1.956556
0.1295807 -0.4394103 1.990623
-0.3217735 -0.7466304 1.965036
0.3687888 -0.7390056 1.992508
-0.3370343 -0.8063909 1.915215
0.4409276 -0.7792982 1.921393
9
-0.1406197 -0.1962563 2.065227
-0.2045282 -0.2127904 2.057816
-0.07168119 -0.1723401 1.998777
-0.4121675 -0.4694651 1.959797
0.1354284 -0.4383352 1.989906
-0.3211561 -0.7469269 1.965948
0.3701683 -0.7394255 1.992346
-0.3370007 -0.8062433 1.915205
0.4420974 -0.7797757 1.920937
9
-0.1406197 -0.1962563 2.065227
-0.2045282 -0.2127904 2.057816
-0.07168119 -0.1723401 1.998777
-0.4121675 -0.4694651 1.959797
0.1354284 -0.4383352 1.989906
-0.3211561 -0.7469269 1.965948
0.3701683 -0.7394255 1.992346
-0.3370007 -0.8062433 1.915205
0.4420974 -0.7797757 1.920937
9
-0.1406197 -0.1962563 2.065227
-0.2045282 -0.2127904 2.057816
-0.07168119 -0.1723401 1.998777
-0.4121675 -0.4694651 1.959797
0.1354284 -0.4383352 1.989906
-0.3211561 -0.7469269 1.965948
0.3701683 -0.7394255 1.992346
-0.3370007 -0.8062433 1.915205
0.4420974 -0.7797757 1.920937
9
-0.1406197 -0.1962563 2.065227
-0.2045282 -0.2127904 2.057816
-0.07168119 -0.1723401 1.998777
-0.4121675 -0.4694651 1.959797
0.1354284 -0.4383352 1.989906
-0.3211561 -0.7469269 1.965948
0.3701683 -0.7394255 1.992346
-0.3370007 -0.8062433 1.915205
0.4420974 -0.7797757 1.920937
9
-0.1406197 -0.1962563 2.065227
-0.2045282 -0.2127904 2.057816
-0.07168119 -0.1723401 1.998777
-0.4121675 -0.4694651 1.959797
0.1354284 -0.4383352 1.989906
-0.3211561 -0.7469269 1.965948
0.3701683 -0.7394255 1.992346
-0.3370007 -0.8062433 1.915205
0.4420974 -0.7797757 1.920937
9
-0.1406197 -0.1962563 2.065227
-0.2045282 -0.2127904 2.057816
-0.07168119 -0.1723401 1.998777
-0.4121675 -0.4694651 1.959797
0.1354284 -0.4383352 1.989906
-0.3211561 -0.7469269 1.965948
0.3701683 -0.7394255 1.992346
-0.3370007 -0.8062433 1.915205
0.4420974 -0.7797757 1.920937
9
-0.1406197 -0.1962563 2.065227
-0.2045282 -0.2127904 2.057816
-0.07168119 -0.1723401 1.998777
-0.4121675 -0.4694651 1.959797
0.1354284 -0.4383352 1.989906
-0.3211561 -0.7469269 1.965948
0.3701683 -0.7394255 1.992346
-0.3370007 -0.8062433 1.915205
0.4420974 -0.7797757 1.920937
9
-0.09202601 -0.1724894 2.063439
-0.1588243 -0.1900185 2.055246
-0.02228905 -0.1489611 1.997387
-0.3658403 -0.4513347 1.97325
0.1601423 -0.432723 1.981376
-0.3175862 -0.7476912 1.967994
0.4136955 -0.7569587 1.988536
-0.3369376 -0.8063332 1.915244
0.4668454 -0.7945615 1.912519
9
-0.09202601 -0.1724894 2.063439
-0.1588243 -0.1900185 2.055246
-0.02228905 -0.1489611 1.997387
-0.3658403 -0.4513347 1.97325
0.1601423 -0.432723 1.981376
-0.3175862 -0.7476912 1.967994
0.4136955 -0.7569587 1.988536
-0.3369376 -0.8063332 1.915244
0.4668454 -0.7945615 1.912519
9
-0.09202601 -0.1724894 2.063439
-0.1588243 -0.1900185 2.055246
-0.02228905 -0.1489611 1.997387
-0.3658403 -0.4513347 1.97325
0.1601423 -0.432723 1.981376
-0.3175862 -0.7476912 1.967994
0.4136955 -0.7569587 1.988536
-0.3369376 -0.8063332 1.915244
0.4668454 -0.7945615 1.912519
9
-0.09202601 -0.1724894 2.063439
-0.1588243 -0.1900185 2.055246
-0.02228905 -0.1489611 1.997387
-0.3658403 -0.4513347 1.97325
0.1601423 -0.432723 1.981376
-0.3175862 -0.7476912 1.967994
0.4136955 -0.7569587 1.988536
-0.3369376 -0.8063332 1.915244
0.4668454 -0.7945615 1.912519
9
-0.09202601 -0.1724894 2.063439
-0.1588243 -0.1900185 2.055246
-0.02228905 -0.1489611 1.997387
-0.3658403 -0.4513347 1.97325
0.1601423 -0.432723 1.981376
-0.3175862 -0.7476912 1.967994
0.4136955 -0.7569587 1.988536
-0.3369376 -0.8063332 1.915244
0.4668454 -0.7945615 1.912519
9
-0.09202601 -0.1724894 2.063439
-0.1588243 -0.1900185 2.055246
-0.02228905 -0.1489611 1.997387
-0.3658403 -0.4513347 1.97325
0.1601423 -0.432723 1.981376
-0.3175862 -0.7476912 1.967994
0.4136955 -0.7569587 1.988536
-0.3369376 -0.8063332 1.915244
0.4668454 -0.7945615 1.912519
9
-0.09202601 -0.1724894 2.063439
-0.1588243 -0.1900185 2.055246
-0.02228905 -0.1489611 1.997387
-0.3658403 -0.4513347 1.97325
0.1601423 -0.432723 1.981376
-0.3175862 -0.7476912 1.967994
0.4136955 -0.7569587 1.988536
-0.3369376 -0.8063332 1.915244
0.4668454 -0.7945615 1.912519
9
-0.02191834 -0.145343 2.052471
-0.09036385 -0.1633925 2.044533
0.04742111 -0.1219962 1.985984
-0.2779711 -0.4429562 1.988892
0.2209773 -0.4114131 1.964302
-0.3108939 -0.7470883 1.971065
0.4311827 -0.7543498 1.992403
-0.3353998 -0.7785327 1.866955
0.3941635 -0.7859244 1.8886
9
-0.02191834 -0.145343 2.052471
-0.09036385 -0.1633925 2.044533
0.04742111 -0.1219962 1.985984
-0.2779711 -0.4429562 1.988892
0.2209773 -0.4114131 1.964302
-0.3108939 -0.7470883 1.971065
0.4311827 -0.7543498 1.992403
-0.3353998 -0.7785327 1.866955
0.3941635 -0.7859244 1.8886
9
-0.01690359 -0.1430494 2.051583
-0.0848898 -0.1608392 2.043468
0.05182412 -0.120024 1.985249
-0.272254 -0.4407521 1.989091
0.2251636 -0.4098401 1.963441
-0.3055077 -0.7470905 1.973429
0.4404303 -0.7530109 1.994903
-0.3304622 -0.7782507 1.869268
0.4029156 -0.7843367 1.891082
9
-0.01690359 -0.1430494 2.051583
-0.0848898 -0.1608392 2.043468
0.05182412 -0.120024 1.985249
-0.272254 -0.4407521 1.989091
0.2251636 -0.4098401 1.963441
-0.3055077 -0.7470905 1.973429
0.4404303 -0.7530109 1.994903
-0.3304622 -0.7782507 1.869268
0.4029156 -0.7843367 1.891082
9
-0.01690359 -0.1430494 2.051583
-0.0848898 -0.1608392 2.043468
0.05182412 -0.120024 1.985249
-0.272254 -0.4407521 1.989091
0.2251636 -0.4098401 1.963441
-0.3055077 -0.7470905 1.973429
0.4404303 -0.7530109 1.994903
-0.3304622 -0.7782507 1.869268
0.4029156 -0.7843367 1.891082
9
-0.001762803 -0.1390844 2.050089
-0.07110851 -0.1568133 2.042289
0.06779377 -0.1162896 1.983411
-0.2531508 -0.4405348 1.989211
0.2383918 -0.4096575 1.962254
-0.30386 -0.746717 1.974114
0.4486785 -0.7524979 1.997018
-0.3288934 -0.7772011 1.869545
0.4109871 -0.7831679 1.892813
