40
9
-0.05941104 -0.4354033 2.036654
-0.1407576 -0.4388509 2.00052
0.02408075 -0.4163671 1.999881
-0.3188016 -0.6338407 1.820411
0.2148287 -0.6799547 2.100296
-0.3094039 -0.959641 1.847717
0.4008722 -0.9807129 2.234007
-0.2956824 -0.9977934 1.714334
0.4033692 -1.021017 2.09969
9
-0.06643989 -0.4399818 2.033479
-0.1474535 -0.4433687 1.997304
0.01696845 -0.4208288 1.996796
-0.3308061 -0.6320702 1.815511
0.2006347 -0.6756769 2.092607
-0.3136118 -0.9605628 1.844347
0.3926655 -0.978775 2.228814
-0.2996209 -0.9988491 1.711103
0.3954591 -1.019233 2.094592
9
-0.06643989 -0.4399818 2.033479
-0.1474535 -0.4433687 1.997304
0.01696845 -0.4208288 1.996796
-0.3308061 -0.6320702 1.815511
0.2006347 -0.6756769 2.092607
-0.3136118 -0.9605628 1.844347
0.3926655 -0.978775 2.228814
-0.2996209 -0.9988491 1.711103
0.3954591 -1.019233 2.094592
9
-0.08736911 -0.4527274 2.023317
-0.1682234 -0.4560244 1.986114
-0.00337712 -0.4331697 1.987767
-0.355019 -0.6394578 1.802637
0.1949097 -0.677693 2.091282
-0.3165204 -0.9588799 1.839728
0.3886819 -0.977712 2.226173
-0.3025147 -0.9973457 1.706598
0.3914793 -1.01835 2.092046
9
-0.08736911 -0.4527274 2.023317
-0.1682234 -0.4560244 1.986114
-0.00337712 -0.4331697 1.987767
-0.355019 -0.6394578 1.802637
0.1949097 -0.677693 2.091282
-0.3165204 -0.9588799 1.839728
0.3886819 -0.977712 2.226173
-0.3025147 -0.9973457 1.706598
0.3914793 -1.01835 2.092046
9
-0.09056049 -0.4561669 2.021624
-0.1720992 -0.4608274 1.984061
-0.005846146 -0.4353661 1.986435
-0.3586921 -0.6434703 1.799175
0.2053529 -0.7340806 2.111917
-0.317611 -0.9597967 1.838294
0.3869471 -0.9789476 2.224869
-0.3034782 -0.9990721 1.70565
0.3898743 -1.020393 2.091219
9
-0.09056049 -0.4561669 2.021624
-0.1720992 -0.4608274 1.984061
-0.005846146 -0.4353661 1.986435
-0.3586921 -0.6434703 1.799175
0.2053529 -0.7340806 2.111917
-0.317611 -0.9597967 1.838294
0.3869471 -0.9789476 2.224869
-0.3034782 -0.9990721 1.70565
0.3898743 -1.020393 2.091219
9
-0.1136347 -0.468804 2.013788
-0.1944294 -0.4716114 1.975356
-0.02871571 -0.4491923 1.979705
-0.3740872 -0.6571593 1.786792
0.2027125 -0.7323141 2.109776
-0.3205853 -0.9583756 1.835093
0.38393 -0.9790492 2.223168
-0.3076032 -0.9978085 1.70245
0.385687 -1.020638 2.089508
9
-0.1136347 -0.468804 2.013788
-0.1944294 -0.4716114 1.975356
-0.02871571 -0.4491923 1.979705
-0.3740872 -0.6571593 1.786792
0.2027125 -0.7323141 2.109776
-0.3205853 -0.9583756 1.835093
0.38393 -0.9790492 2.223168
-0.3076032 -0.9978085 1.70245
0.385687 -1.020638 2.089508
9
-0.1253225 -0.4767338 2.009346
-0.2068709 -0.4799728 1.970109
-0.0392684 -0.456366 1.976097
-0.3831492 -0.6663016 1.779062
0.1945036 -0.7271297 2.104419
-0.3226423 -0.9562945 1.832121
0.3765988 -0.9767486 2.219621
-0.3075541 -0.9960502 1.699834
0.3805141 -1.018653 2.086298
9
-0.1253225 -0.4767338 2.009346
-0.2068709 -0.4799728 1.970109
-0.0392684 -0.456366 1.976097
-0.3831492 -0.6663016 1.779062
0.1945036 -0.7271297 2.104419
-0.3226423 -0.9562945 1.832121
0.3765988 -0.9767486 2.219621
-0.3075541 -0.9960502 1.699834
0.3805141 -1.018653 2.086298
9
-0.1253225 -0.4767338 2.009346
-0.2068709 -0.4799728 1.970109
-0.0392684 -0.456366 1.976097
-0.3831492 -0.6663016 1.779062
0.1945036 -0.7271297 2.104419
-0.3226423 -0.9562945 1.832121
0.3765988 -0.9767486 2.219621
-0.3075541 -0.9960502 1.699834
0.3805141 -1.018653 2.086298
9
-0.1253225 -0.4767338 2.009346
-0.2068709 -0.4799728 1.970109
-0.0392684 -0.456366 1.976097
-0.3831492 -0.6663016 1.779062
0.1945036 -0.7271297 2.104419
-0.3226423 -0.9562945 1.832121
0.3765988 -0.9767486 2.219621
-0.3075541 -0.9960502 1.699834
0.3805141 -1.018653 2.086298
9
-0.1253225 -0.4767338 2.009346
-0.2068709 -0.4799728 1.970109
-0.0392684 -0.456366 1.976097
-0.3831492 -0.6663016 1.779062
0.1945036 -0.7271297 2.104419
-0.3226423 -0.9562945 1.832121
0.3765988 -0.9767486 2.219621
-0.3075541 -0.9960502 1.699834
0.3805141 -1.018653 2.086298
9
-0.1253225 -0.4767338 2.009346
-0.2068709 -0.4799728 1.970109
-0.0392684 -0.456366 1.976097
-0.3831492 -0.6663016 1.779062
0.1945036 -0.7271297 2.104419
-0.3226423 -0.9562945 1.832121
0.3765988 -0.9767486 2.219621
-0.3075541 -0.9960502 1.699834
0.3805141 -1.018653 2.086298
9
-0.1512384 -0.4957893 2.003971
-0.2325782 -0.498975 1.963609
-0.06442873 -0.4747444 1.972088
-0.4032353 -0.6832194 1.764786
0.1859505 -0.7273766 2.101861
-0.3466981 -0.9737765 1.808483
0.3686813 -0.9747322 2.215815
-0.2885127 -1.012838 1.838568
0.3718686 -1.018785 2.083636
9
-0.1512384 -0.4957893 2.003971
-0.2325782 -0.498975 1.963609
-0.06442873 -0.4747444 1.972088
-0.4032353 -0.6832194 1.764786
0.1859505 -0.7273766 2.101861
-0.3466981 -0.9737765 1.808483
0.3686813 -0.9747322 2.215815
-0.2885127 -1.012838 1.838568
0.3718686 -1.018785 2.083636
9
-0.1520507 -0.4971344 2.003677
-0.2334409 -0.5007126 1.963441
-0.06517164 -0.4757233 1.971711
-0.4054203 -0.6832696 1.764109
0.1821861 -0.7274716 2.10088
-0.3389326 -0.97018 1.815664
0.3656317 -0.9740331 2.214996
-0.3244227 -1.011828 1.684754
0.3688176 -1.018114 2.082821
9
-0.1520507 -0.4971344 2.003677
-0.2334409 -0.5007126 1.963441
-0.06517164 -0.4757233 1.971711
-0.4054203 -0.6832696 1.764109
0.1821861 -0.7274716 2.10088
-0.3389326 -0.97018 1.815664
0.3656317 -0.9740331 2.214996
-0.3244227 -1.011828 1.684754
0.3688176 -1.018114 2.082821
9
-0.1537336 -0.4985831 2.003279
-0.2353047 -0.5023474 1.963122
-0.06661958 -0.4769294 1.971264
-0.4069606 -0.6843505 1.762872
0.1796274 -0.7283413 2.100277
-0.3391861 -0.9707229 1.815514
0.3641185 -0.974542 2.214909
-0.3244882 -1.012469 1.684688
0.3675106 -1.01872 2.082812
9
-0.1537336 -0.4985831 2.003279
-0.2353047 -0.5023474 1.963122
-0.06661958 -0.4769294 1.971264
-0.4069606 -0.6843505 1.762872
0.1796274 -0.7283413 2.100277
-0.3391861 -0.9707229 1.815514
0.3641185 -0.974542 2.214909
-0.3244882 -1.012469 1.684688
0.3675106 -1.01872 2.082812
9
-0.1547348 -0.499647 2.003632
-0.2365165 -0.5036607 1.963654
-0.06739145 -0.4777249 1.971473
-0.4076852 -0.6849962 1.762161
0.1778446 -0.7282241 2.099906
-0.3392845 -0.9710944 1.815365
0.3607965 -0.9742606 2.214814
-0.3246153 -1.013019 1.684649
0.3642062 -1.018623 2.082815
9
-0.1547348 -0.499647 2.003632
-0.2365165 -0.5036607 1.963654
-0.06739145 -0.4777249 1.971473
-0.4076852 -0.6849962 1.762161
0.1778446 -0.7282241 2.099906
-0.3392845 -0.9710944 1.815365
0.3607965 -0.9742606 2.214814
-0.3246153 -1.013019 1.684649
0.3642062 -1.018623 2.082815
9
-0.1551474 -0.5001496 2.004069
-0.2370001 -0.504252 1.96405
-0.06772182 -0.4781221 1.971945
-0.4079108 -0.6853291 1.762008
0.1777551 -0.72828 2.10004
-0.3369095 -0.9707893 1.815418
0.3602162 -0.9744446 2.215
-0.3223101 -1.012853 1.684773
0.3636051 -1.018944 2.08308
9
-0.1551474 -0.5001496 2.004069
-0.2370001 -0.504252 1.96405
-0.06772182 -0.4781221 1.971945
-0.4079108 -0.6853291 1.762008
0.1777551 -0.72828 2.10004
-0.3369095 -0.9707893 1.815418
0.3602162 -0.9744446 2.215
-0.3223101 -1.012853 1.684773
0.3636051 -1.018944 2.08308
9
-0.1551222 -0.50006 2.004857
-0.2370611 -0.5042555 1.964599
-0.06757409 -0.4779029 1.973028
-0.4065515 -0.686669 1.762603
0.1780197 -0.7283684 2.100449
-0.3389921 -0.9732237 1.814581
0.359731 -0.9743303 2.215383
-0.3243956 -1.015351 1.684019
0.3630906 -1.018933 2.083518
9
-0.1551222 -0.50006 2.004857
-0.2370611 -0.5042555 1.964599
-0.06757409 -0.4779029 1.973028
-0.4065515 -0.686669 1.762603
0.1780197 -0.7283684 2.100449
-0.3389921 -0.9732237 1.814581
0.359731 -0.9743303 2.215383
-0.3243956 -1.015351 1.684019
0.3630906 -1.018933 2.083518
9
-0.1551222 -0.50006 2.004857
-0.2370611 -0.5042555 1.964599
-0.06757409 -0.4779029 1.973028
-0.4065515 -0.686669 1.762603
0.1780197 -0.7283684 2.100449
-0.3389921 -0.9732237 1.814581
0.359731 -0.9743303 2.215383
-0.3243956 -1.015351 1.684019
0.3630906 -1.018933 2.083518
9
-0.1551222 -0.50006 2.004857
-0.2370611 -0.5042555 1.964599
-0.06757409 -0.4779029 1.973028
-0.4065515 -0.686669 1.762603
0.1780197 -0.7283684 2.100449
-0.3389921 -0.9732237 1.814581
0.359731 -0.9743303 2.215383
-0.3243956 -1.015351 1.684019
0.3630906 -1.018933 2.083518
9
-0.1551222 -0.50006 2.004857
-0.2370611 -0.5042555 1.964599
-0.06757409 -0.4779029 1.973028
-0.4065515 -0.686669 1.762603
0.1780197 -0.7283684 2.100449
-0.3389921 -0.9732237 1.814581
0.359731 -0.9743303 2.215383
-0.3243956 -1.015351 1.684019
0.3630906 -1.018933 2.083518
9
-0.1551222 -0.50006 2.004857
-0.2370611 -0.5042555 1.964599
-0.06757409 -0.4779029 1.973028
-0.4065515 -0.686669 1.762603
0.1780197 -0.7283684 2.100449
-0.3389921 -0.9732237 1.814581
0.359731 -0.9743303 2.215383
-0.3243956 -1.015351 1.684019
0.3630906 -1.018933 2.083518
9
-0.1551222 -0.50006 2.004857
-0.2370611 -0.5042555 1.964599
-0.06757409 -0.4779029 1.973028
-0.4065515 -0.686669 1.762603
0.1780197 -0.7283684 2.100449
-0.3389921 -0.9732237 1.814581
0.359731 -0.9743303 2.215383
-0.3243956 -1.015351 1.684019
0.3630906 -1.018933 2.083518
9
-0.1422688 -0.4831716 2.019259
-0.2223079 -0.484582 1.980978
-0.056946 -0.4641948 1.985333
-0.3871036 -0.6707984 1.777706
0.173489 -0.6699921 2.090855
-0.3317165 -0.9484858 1.822686
0.3685669 -0.9787214 2.222647
-0.3176581 -0.991109 1.691927
0.4546176 -1.020144 2.210429
9
-0.1422688 -0.4831716 2.019259
-0.2223079 -0.484582 1.980978
-0.056946 -0.4641948 1.985333
-0.3871036 -0.6707984 1.777706
0.173489 -0.6699921 2.090855
-0.3317165 -0.9484858 1.822686
0.3685669 -0.9787214 2.222647
-0.3176581 -0.991109 1.691927
0.4546176 -1.020144 2.210429
9
-0.1385227 -0.4774955 2.023921
-0.2188961 -0.4790018 1.985152
-0.05311816 -0.4588302 1.990304
-0.3797314 -0.6692076 1.782412
0.174897 -0.6699053 2.091183
-0.3307872 -0.9498764 1.823664
0.3736768 -0.9801282 2.225958
-0.3161944 -0.9922724 1.692829
0.3769884 -1.024622 2.094072
9
-0.1385227 -0.4774955 2.023921
-0.2188961 -0.4790018 1.985152
-0.05311816 -0.4588302 1.990304
-0.3797314 -0.6692076 1.782412
0.174897 -0.6699053 2.091183
-0.3307872 -0.9498764 1.823664
0.3736768 -0.9801282 2.225958
-0.3161944 -0.9922724 1.692829
0.3769884 -1.024622 2.094072
9
-0.1385227 -0.4774955 2.023921
-0.2188961 -0.4790018 1.985152
-0.05311816 -0.4588302 1.990304
-0.3797314 -0.6692076 1.782412
0.174897 -0.6699053 2.091183
-0.3307872 -0.9498764 1.823664
0.3736768 -0.9801282 2.225958
-0.3161944 -0.9922724 1.692829
0.3769884 -1.024622 2.094072
9
-0.1385227 -0.4774955 2.023921
-0.2188961 -0.4790018 1.985152
-0.05311816 -0.4588302 1.990304
-0.3797314 -0.6692076 1.782412
0.174897 -0.6699053 2.091183
-0.3307872 -0.9498764 1.823664
0.3736768 -0.9801282 2.225958
-0.3161944 -0.9922724 1.692829
0.3769884 -1.024622 2.094072
9
-0.1100451 -0.4538215 2.043137
-0.1893904 -0.4528028 2.004141
-0.02671301 -0.4385306 2.009398
-0.3391089 -0.6586305 1.809088
0.1909406 -0.6681522 2.09785
-0.328598 -0.9501804 1.825897
0.3814297 -0.9797511 2.230138
-0.3132295 -0.9913713 1.694413
0.3854566 -1.023065 2.097618
9
-0.1100451 -0.4538215 2.043137
-0.1893904 -0.4528028 2.004141
-0.02671301 -0.4385306 2.009398
-0.3391089 -0.6586305 1.809088
0.1909406 -0.6681522 2.09785
-0.328598 -0.9501804 1.825897
0.3814297 -0.9797511 2.230138
-0.3132295 -0.9913713 1.694413
0.3854566 -1.023065 2.097618
