40
9
-0.004232707 -0.1264154 1.991151
-0.08186777 -0.1337341 1.968275
0.07362615 -0.1143708 1.939604
-0.254817 -0.4200721 1.901576
0.2204561 -0.416115 1.908161
-0.2266724 -0.7457539 1.909128
0.4471098 -0.7480912 1.980318
-0.2476489 -0.8016261 1.862396
0.4217686 -0.7755451 1.871115
9
-0.004232707 -0.1264154 1.991151
-0.08186777 -0.1337341 1.968275
0.07362615 -0.1143708 1.939604
-0.254817 -0.4200721 1.901576
0.2204561 -0.416115 1.908161
-0.2266724 -0.7457539 1.909128
0.4471098 -0.7480912 1.980318
-0.2476489 -0.8016261 1.862396
0.4217686 -0.7755451 1.871115
9
-0.004232707 -0.1264154 1.991151
-0.08186777 -0.1337341 1.968275
0.07362615 -0.1143708 1.939604
-0.254817 -0.4200721 1.901576
0.2204561 -0.416115 1.908161
-0.2266724 -0.7457539 1.909128
0.4471098 -0.7480912 1.980318
-0.2476489 -0.8016261 1.862396
0.4217686 -0.7755451 1.871115
9
-0.05660661 -0.1428121 1.998147
-0.1324899 -0.1489603 1.973202
0.02143849 -0.131345 1.948753
-0.3103656 -0.4304045 1.898277
0.1902032 -0.421564 1.919059
-0.2319308 -0.7463428 1.907658
0.4335051 -0.7449403 1.978897
-0.2479092 -0.8039425 1.86183
0.4093923 -0.7735025 1.869986
9
-0.05660661 -0.1428121 1.998147
-0.1324899 -0.1489603 1.973202
0.02143849 -0.131345 1.948753
-0.3103656 -0.4304045 1.898277
0.1902032 -0.421564 1.919059
-0.2319308 -0.7463428 1.907658
0.4335051 -0.7449403 1.978897
-0.2479092 -0.8039425 1.86183
0.4093923 -0.7735025 1.869986
9
-0.06119955 -0.143851 1.99831
-0.1369773 -0.1498944 1.973697
0.01688464 -0.1324577 1.948591
-0.3125213 -0.4325528 1.897284
0.1832518 -0.4237889 1.923701
-0.2343065 -0.7466046 1.907215
0.4298508 -0.7454035 1.980546
-0.2483779 -0.8046889 1.861319
0.4060225 -0.7739956 1.871591
9
-0.06119955 -0.143851 1.99831
-0.1369773 -0.1498944 1.973697
0.01688464 -0.1324577 1.948591
-0.3125213 -0.4325528 1.897284
0.1832518 -0.4237889 1.923701
-0.2343065 -0.7466046 1.907215
0.4298508 -0.7454035 1.980546
-0.2483779 -0.8046889 1.861319
0.4060225 -0.7739956 1.871591
9
-0.06865016 -0.145485 1.999025
-0.1440567 -0.1514888 1.974365
0.009356309 -0.1340684 1.949369
-0.3184716 -0.4344019 1.895358
0.1766311 -0.424559 1.92939
-0.2358462 -0.7470376 1.906931
0.4174101 -0.7506003 1.986082
-0.2497485 -0.8051784 1.861219
0.4873518 -0.7929133 1.932042
9
-0.06865016 -0.145485 1.999025
-0.1440567 -0.1514888 1.974365
0.009356309 -0.1340684 1.949369
-0.3184716 -0.4344019 1.895358
0.1766311 -0.424559 1.92939
-0.2358462 -0.7470376 1.906931
0.4174101 -0.7506003 1.986082
-0.2497485 -0.8051784 1.861219
0.4873518 -0.7929133 1.932042
9
-0.07327755 -0.1466388 2.000763
-0.1485409 -0.1530688 1.975972
0.004721661 -0.1347655 1.951262
-0.3219792 -0.436067 1.893766
0.1715246 -0.4252647 1.934514
-0.2378867 -0.7470397 1.906468
0.4136772 -0.751036 1.987984
-0.2502316 -0.8056586 1.861443
0.4866074 -0.7943029 1.931231
9
-0.07327755 -0.1466388 2.000763
-0.1485409 -0.1530688 1.975972
0.004721661 -0.1347655 1.951262
-0.3219792 -0.436067 1.893766
0.1715246 -0.4252647 1.934514
-0.2378867 -0.7470397 1.906468
0.4136772 -0.751036 1.987984
-0.2502316 -0.8056586 1.861443
0.4866074 -0.7943029 1.931231
9
-0.07914651 -0.1474821 2.002995
-0.1543602 -0.1543086 1.978133
-0.0009767762 -0.1351917 1.953572
-0.3250585 -0.4384489 1.892958
0.1641662 -0.426441 1.939219
-0.2393122 -0.7470391 1.906491
0.4095035 -0.7506825 1.988876
-0.2525258 -0.8053118 1.860631
0.4830255 -0.7928284 1.928823
9
-0.07914651 -0.1474821 2.002995
-0.1543602 -0.1543086 1.978133
-0.0009767762 -0.1351917 1.953572
-0.3250585 -0.4384489 1.892958
0.1641662 -0.426441 1.939219
-0.2393122 -0.7470391 1.906491
0.4095035 -0.7506825 1.988876
-0.2525258 -0.8053118 1.860631
0.4830255 -0.7928284 1.928823
9
-0.08504359 -0.1482196 2.005324
-0.1601939 -0.1551893 1.980221
-0.006708805 -0.1357604 1.956152
-0.3286901 -0.4402629 1.893131
0.1587747 -0.4267648 1.942795
-0.2398674 -0.7473872 1.906733
0.4060434 -0.7501075 1.98984
-0.2520056 -0.8060937 1.861981
0.4799174 -0.7911916 1.928491
9
-0.08504359 -0.1482196 2.005324
-0.1601939 -0.1551893 1.980221
-0.006708805 -0.1357604 1.956152
-0.3286901 -0.4402629 1.893131
0.1587747 -0.4267648 1.942795
-0.2398674 -0.7473872 1.906733
0.4060434 -0.7501075 1.98984
-0.2520056 -0.8060937 1.861981
0.4799174 -0.7911916 1.928491
9
-0.0886392 -0.1484521 2.007334
-0.1637156 -0.1553214 1.982235
-0.01023732 -0.1360881 1.958159
-0.3315946 -0.4405571 1.894172
0.1557899 -0.4266913 1.945941
-0.240294 -0.7486541 1.907197
0.4041665 -0.7496966 1.990484
-0.2539481 -0.8068439 1.861576
0.4777898 -0.7904654 1.927705
9
-0.0886392 -0.1484521 2.007334
-0.1637156 -0.1553214 1.982235
-0.01023732 -0.1360881 1.958159
-0.3315946 -0.4405571 1.894172
0.1557899 -0.4266913 1.945941
-0.240294 -0.7486541 1.907197
0.4041665 -0.7496966 1.990484
-0.2539481 -0.8068439 1.861576
0.4777898 -0.7904654 1.927705
9
-0.0886392 -0.1484521 2.007334
-0.1637156 -0.1553214 1.982235
-0.01023732 -0.1360881 1.958159
-0.3315946 -0.4405571 1.894172
0.1557899 -0.4266913 1.945941
-0.240294 -0.7486541 1.907197
0.4041665 -0.7496966 1.990484
-0.2539481 -0.8068439 1.861576
0.4777898 -0.7904654 1.927705
9
-0.0886392 -0.1484521 2.007334
-0.1637156 -0.1553214 1.982235
-0.01023732 -0.1360881 1.958159
-0.3315946 -0.4405571 1.894172
0.1557899 -0.4266913 1.945941
-0.240294 -0.7486541 1.907197
0.4041665 -0.7496966 1.990484
-0.2539481 -0.8068439 1.861576
0.4777898 -0.7904654 1.927705
9
-0.08912533 -0.1477117 2.009306
-0.1641784 -0.1545719 1.984043
-0.01073 -0.1353912 1.9603
-0.3318289 -0.4400662 1.896732
0.1551861 -0.4258877 1.949668
-0.2405572 -0.7488523 1.908289
0.4031779 -0.749769 1.991125
-0.254161 -0.8068757 1.861596
0.4764344 -0.7899034 1.926193
9
-0.08912533 -0.1477117 2.009306
-0.1641784 -0.1545719 1.984043
-0.01073 -0.1353912 1.9603
-0.3318289 -0.4400662 1.896732
0.1551861 -0.4258877 1.949668
-0.2405572 -0.7488523 1.908289
0.4031779 -0.749769 1.991125
-0.254161 -0.8068757 1.861596
0.4764344 -0.7899034 1.926193
9
-0.08783221 -0.1463326 2.011451
-0.1629946 -0.1531532 1.986395
-0.009377216 -0.1340999 1.962245
-0.3312034 -0.438577 1.900533
0.1552375 -0.4253369 1.951585
-0.2408057 -0.7486845 1.908582
0.4027641 -0.7497191 1.992237
-0.2544139 -0.8066995 1.861786
0.4759319 -0.7895792 1.92656
9
-0.08783221 -0.1463326 2.011451
-0.1629946 -0.1531532 1.986395
-0.009377216 -0.1340999 1.962245
-0.3312034 -0.438577 1.900533
0.1552375 -0.4253369 1.951585
-0.2408057 -0.7486845 1.908582
0.4027641 -0.7497191 1.992237
-0.2544139 -0.8066995 1.861786
0.4759319 -0.7895792 1.92656
9
-0.08409459 -0.143817 2.013875
-0.1593528 -0.1507307 1.989088
-0.00567376 -0.1315851 1.96439
-0.3263453 -0.4370627 1.903858
0.1618155 -0.4211639 1.954038
-0.241018 -0.7487811 1.909301
0.4038525 -0.7499453 1.992865
-0.2542778 -0.8067195 1.861638
0.4771201 -0.7891123 1.926364
9
-0.07541908 -0.139702 2.0161
-0.1510886 -0.1465768 1.991466
0.003096687 -0.1276674 1.966424
-0.3201098 -0.4321942 1.908288
0.1720733 -0.420483 1.956548
-0.2415315 -0.748974 1.909661
0.4046 -0.7470843 1.993516
-0.2495948 -0.8080737 1.862452
0.4769909 -0.7887915 1.928991
9
-0.07541908 -0.139702 2.0161
-0.1510886 -0.1465768 1.991466
0.003096687 -0.1276674 1.966424
-0.3201098 -0.4321942 1.908288
0.1720733 -0.420483 1.956548
-0.2415315 -0.748974 1.909661
0.4046 -0.7470843 1.993516
-0.2495948 -0.8080737 1.862452
0.4769909 -0.7887915 1.928991
9
-0.062815 -0.1332574 2.018802
-0.1398909 -0.1402563 1.993921
0.01670527 -0.1213544 1.969343
-0.3085268 -0.426802 1.913878
0.1789327 -0.4157321 1.957646
-0.2416836 -0.7484457 1.910686
0.4095652 -0.7501085 1.995477
-0.2536501 -0.7769141 1.801625
0.479284 -0.7898993 1.929672
9
-0.062815 -0.1332574 2.018802
-0.1398909 -0.1402563 1.993921
0.01670527 -0.1213544 1.969343
-0.3085268 -0.426802 1.913878
0.1789327 -0.4157321 1.957646
-0.2416836 -0.7484457 1.910686
0.4095652 -0.7501085 1.995477
-0.2536501 -0.7769141 1.801625
0.479284 -0.7898993 1.929672
9
-0.04447103 -0.1257693 2.019234
-0.1207934 -0.1322902 1.994295
0.03357162 -0.1146033 1.969781
-0.2797176 -0.4253781 1.91937
0.1891366 -0.4118213 1.957025
-0.2412221 -0.748561 1.911107
0.4184194 -0.7494975 1.995801
-0.2538887 -0.7768434 1.802093
0.4817064 -0.7913118 1.933632
9
-0.04447103 -0.1257693 2.019234
-0.1207934 -0.1322902 1.994295
0.03357162 -0.1146033 1.969781
-0.2797176 -0.4253781 1.91937
0.1891366 -0.4118213 1.957025
-0.2412221 -0.748561 1.911107
0.4184194 -0.7494975 1.995801
-0.2538887 -0.7768434 1.802093
0.4817064 -0.7913118 1.933632
9
-0.02597016 -0.1179553 2.020574
-0.1040597 -0.1249704 1.996162
0.05320415 -0.1065793 1.970517
-0.260007 -0.4204386 1.925488
0.202007 -0.4062903 1.957296
-0.2396323 -0.7481562 1.912147
0.4218058 -0.7500259 1.996951
-0.2528884 -0.7759734 1.802993
0.4846747 -0.792247 1.934887
9
-0.02597016 -0.1179553 2.020574
-0.1040597 -0.1249704 1.996162
0.05320415 -0.1065793 1.970517
-0.260007 -0.4204386 1.925488
0.202007 -0.4062903 1.957296
-0.2396323 -0.7481562 1.912147
0.4218058 -0.7500259 1.996951
-0.2528884 -0.7759734 1.802993
0.4846747 -0.792247 1.934887
9
-0.008420135 -0.111422 2.020635
-0.08531284 -0.1183998 1.99738
0.06896293 -0.1003252 1.969516
-0.2360608 -0.41729 1.931144
0.2279653 -0.4076699 1.957883
-0.2365954 -0.7461451 1.913918
0.432554 -0.7528728 1.999496
-0.250447 -0.7737617 1.804752
0.490732 -0.7949338 1.939941
9
-0.008420135 -0.111422 2.020635
-0.08531284 -0.1183998 1.99738
0.06896293 -0.1003252 1.969516
-0.2360608 -0.41729 1.931144
0.2279653 -0.4076699 1.957883
-0.2365954 -0.7461451 1.913918
0.432554 -0.7528728 1.999496
-0.250447 -0.7737617 1.804752
0.490732 -0.7949338 1.939941
9
0.0158319 -0.1038849 2.021687
-0.06276172 -0.1115462 1.999163
0.0939106 -0.09238824 1.96973
-0.2147767 -0.4104296 1.936341
0.2423571 -0.4039348 1.956969
-0.2314095 -0.7425743 1.917063
0.439481 -0.74949 2.001275
-0.2453677 -0.7698046 1.80763
0.4942992 -0.7954594 1.940602
9
0.0158319 -0.1038849 2.021687
-0.06276172 -0.1115462 1.999163
0.0939106 -0.09238824 1.96973
-0.2147767 -0.4104296 1.936341
0.2423571 -0.4039348 1.956969
-0.2314095 -0.7425743 1.917063
0.439481 -0.74949 2.001275
-0.2453677 -0.7698046 1.80763
0.4942992 -0.7954594 1.940602
9
0.04198006 -0.09901634 2.023389
-0.03597993 -0.1063127 2.001534
0.1184799 -0.08805331 1.970813
-0.1868833 -0.4064373 1.943648
0.2698197 -0.4080105 1.957027
-0.2251852 -0.7388068 1.920342
0.4453521 -0.7385929 2.005168
-0.2403248 -0.7659179 1.811035
0.4955356 -0.7943419 1.942554
9
0.04198006 -0.09901634 2.023389
-0.03597993 -0.1063127 2.001534
0.1184799 -0.08805331 1.970813
-0.1868833 -0.4064373 1.943648
0.2698197 -0.4080105 1.957027
-0.2251852 -0.7388068 1.920342
0.4453521 -0.7385929 2.005168
-0.2403248 -0.7659179 1.811035
0.4955356 -0.7943419 1.942554
9
0.06555335 -0.09290428 2.024483
-0.01393238 -0.1007667 2.003691
0.1427499 -0.08159119 1.970789
-0.1525456 -0.413632 1.950973
0.2906437 -0.408143 1.955121
-0.2196615 -0.7385278 1.923105
0.4483703 -0.7360161 2.007157
-0.2353434 -0.7657748 1.81396
0.4968229 -0.7924621 1.945048
9
0.06555335 -0.09290428 2.024483
-0.01393238 -0.1007667 2.003691
0.1427499 -0.08159119 1.970789
-0.1525456 -0.413632 1.950973
0.2906437 -0.408143 1.955121
-0.2196615 -0.7385278 1.923105
0.4483703 -0.7360161 2.007157
-0.2353434 -0.7657748 1.81396
0.4968229 -0.7924621 1.945048
