40
9
-0.1193595 -0.3749278 2.167703
-0.1974212 -0.378606 2.156944
-0.03728381 -0.3585856 2.104987
-0.371072 -0.6235802 2.063954
0.1175065 -0.6395152 2.112746
-0.3756977 -0.9705641 2.092629
0.3419083 -0.9747099 2.165075
-0.3970143 -1.009306 1.961827
0.3095564 -1.013778 2.034011
9
-0.1549021 -0.3893492 2.165608
-0.2265694 -0.390235 2.154171
-0.07834788 -0.375496 2.103893
-0.3966548 -0.6355147 2.061857
0.1052176 -0.6392803 2.1118
-0.3783389 -0.9711772 2.091812
0.3315815 -0.9739697 2.160473
-0.3999335 -1.009689 1.960989
0.2990545 -1.012792 2.029366
9
-0.1549021 -0.3893492 2.165608
-0.2265694 -0.390235 2.154171
-0.07834788 -0.375496 2.103893
-0.3966548 -0.6355147 2.061857
0.1052176 -0.6392803 2.1118
-0.3783389 -0.9711772 2.091812
0.3315815 -0.9739697 2.160473
-0.3999335 -1.009689 1.960989
0.2990545 -1.012792 2.029366
9
-0.1549021 -0.3893492 2.165608
-0.2265694 -0.390235 2.154171
-0.07834788 -0.375496 2.103893
-0.3966548 -0.6355147 2.061857
0.1052176 -0.6392803 2.1118
-0.3783389 -0.9711772 2.091812
0.3315815 -0.9739697 2.160473
-0.3999335 -1.009689 1.960989
0.2990545 -1.012792 2.029366
9
-0.1549021 -0.3893492 2.165608
-0.2265694 -0.390235 2.154171
-0.07834788 -0.375496 2.103893
-0.3966548 -0.6355147 2.061857
0.1052176 -0.6392803 2.1118
-0.3783389 -0.9711772 2.091812
0.3315815 -0.9739697 2.160473
-0.3999335 -1.009689 1.960989
0.2990545 -1.012792 2.029366
9
-0.1549021 -0.3893492 2.165608
-0.2265694 -0.390235 2.154171
-0.07834788 -0.375496 2.103893
-0.3966548 -0.6355147 2.061857
0.1052176 -0.6392803 2.1118
-0.3783389 -0.9711772 2.091812
0.3315815 -0.9739697 2.160473
-0.3999335 -1.009689 1.960989
0.2990545 -1.012792 2.029366
9
-0.1549021 -0.3893492 2.165608
-0.2265694 -0.390235 2.154171
-0.07834788 -0.375496 2.103893
-0.3966548 -0.6355147 2.061857
0.1052176 -0.6392803 2.1118
-0.3783389 -0.9711772 2.091812
0.3315815 -0.9739697 2.160473
-0.3999335 -1.009689 1.960989
0.2990545 -1.012792 2.029366
9
-0.2213027 -0.4229427 2.170586
-0.2937373 -0.4246646 2.159059
-0.1413342 -0.4070029 2.109172
-0.4649391 -0.656748 2.051744
0.05796728 -0.6569209 2.120517
-0.3931356 -0.9689071 2.083433
0.3125845 -0.9739169 2.15356
-0.4141931 -1.008912 1.953417
0.2806198 -1.014181 2.023197
9
-0.2213027 -0.4229427 2.170586
-0.2937373 -0.4246646 2.159059
-0.1413342 -0.4070029 2.109172
-0.4649391 -0.656748 2.051744
0.05796728 -0.6569209 2.120517
-0.3931356 -0.9689071 2.083433
0.3125845 -0.9739169 2.15356
-0.4141931 -1.008912 1.953417
0.2806198 -1.014181 2.023197
9
-0.2213027 -0.4229427 2.170586
-0.2937373 -0.4246646 2.159059
-0.1413342 -0.4070029 2.109172
-0.4649391 -0.656748 2.051744
0.05796728 -0.6569209 2.120517
-0.3931356 -0.9689071 2.083433
0.3125845 -0.9739169 2.15356
-0.4141931 -1.008912 1.953417
0.2806198 -1.014181 2.023197
9
-0.2213027 -0.4229427 2.170586
-0.2937373 -0.4246646 2.159059
-0.1413342 -0.4070029 2.109172
-0.4649391 -0.656748 2.051744
0.05796728 -0.6569209 2.120517
-0.3931356 -0.9689071 2.083433
0.3125845 -0.9739169 2.15356
-0.4141931 -1.008912 1.953417
0.2806198 -1.014181 2.023197
9
-0.2213027 -0.4229427 2.170586
-0.2937373 -0.4246646 2.159059
-0.1413342 -0.4070029 2.109172
-0.4649391 -0.656748 2.051744
0.05796728 -0.6569209 2.120517
-0.3931356 -0.9689071 2.083433
0.3125845 -0.9739169 2.15356
-0.4141931 -1.008912 1.953417
0.2806198 -1.014181 2.023197
9
-0.2213027 -0.4229427 2.170586
-0.2937373 -0.4246646 2.159059
-0.1413342 -0.4070029 2.109172
-0.4649391 -0.656748 2.051744
0.05796728 -0.6569209 2.120517
-0.3931356 -0.9689071 2.083433
0.3125845 -0.9739169 2.15356
-0.4141931 -1.008912 1.953417
0.2806198 -1.014181 2.023197
9
-0.2213027 -0.4229427 2.170586
-0.2937373 -0.4246646 2.159059
-0.1413342 -0.4070029 2.109172
-0.4649391 -0.656748 2.051744
0.05796728 -0.6569209 2.120517
-0.3931356 -0.9689071 2.083433
0.3125845 -0.9739169 2.15356
-0.4141931 -1.008912 1.953417
0.2806198 -1.014181 2.023197
9
-0.2213027 -0.4229427 2.170586
-0.2937373 -0.4246646 2.159059
-0.1413342 -0.4070029 2.109172
-0.4649391 -0.656748 2.051744
0.05796728 -0.6569209 2.120517
-0.3931356 -0.9689071 2.083433
0.3125845 -0.9739169 2.15356
-0.4141931 -1.008912 1.953417
0.2806198 -1.014181 2.023197
9
-0.2213027 -0.4229427 2.170586
-0.2937373 -0.4246646 2.159059
-0.1413342 -0.4070029 2.109172
-0.4649391 -0.656748 2.051744
0.05796728 -0.6569209 2.120517
-0.3931356 -0.9689071 2.083433
0.3125845 -0.9739169 2.15356
-0.4141931 -1.008912 1.953417
0.2806198 -1.014181 2.023197
9
-0.2537889 -0.4513297 2.174779
-0.3266374 -0.4517968 2.158237
-0.1728763 -0.4362481 2.118833
-0.5059227 -0.6729781 2.039034
0.05202697 -0.6673489 2.127654
-0.435145 -0.9511411 2.071989
0.3111329 -0.98197 2.151739
-0.4517321 -0.9928474 1.941882
0.2829784 -1.02361 2.021295
9
-0.2537889 -0.4513297 2.174779
-0.3266374 -0.4517968 2.158237
-0.1728763 -0.4362481 2.118833
-0.5059227 -0.6729781 2.039034
0.05202697 -0.6673489 2.127654
-0.435145 -0.9511411 2.071989
0.3111329 -0.98197 2.151739
-0.4517321 -0.9928474 1.941882
0.2829784 -1.02361 2.021295
9
-0.255108 -0.452669 2.175496
-0.3280928 -0.4531059 2.158775
-0.1738695 -0.4374236 2.119659
-0.506166 -0.6752878 2.039796
0.04951143 -0.6694459 2.130036
-0.432154 -0.9639492 2.073701
0.3105076 -0.9828271 2.151674
-0.4315037 -1.040714 2.007715
0.2825461 -1.024493 2.021212
9
-0.255108 -0.452669 2.175496
-0.3280928 -0.4531059 2.158775
-0.1738695 -0.4374236 2.119659
-0.506166 -0.6752878 2.039796
0.04951143 -0.6694459 2.130036
-0.432154 -0.9639492 2.073701
0.3105076 -0.9828271 2.151674
-0.4315037 -1.040714 2.007715
0.2825461 -1.024493 2.021212
9
-0.255108 -0.452669 2.175496
-0.3280928 -0.4531059 2.158775
-0.1738695 -0.4374236 2.119659
-0.506166 -0.6752878 2.039796
0.04951143 -0.6694459 2.130036
-0.432154 -0.9639492 2.073701
0.3105076 -0.9828271 2.151674
-0.4315037 -1.040714 2.007715
0.2825461 -1.024493 2.021212
9
-0.255108 -0.452669 2.175496
-0.3280928 -0.4531059 2.158775
-0.1738695 -0.4374236 2.119659
-0.506166 -0.6752878 2.039796
0.04951143 -0.6694459 2.130036
-0.432154 -0.9639492 2.073701
0.3105076 -0.9828271 2.151674
-0.4315037 -1.040714 2.007715
0.2825461 -1.024493 2.021212
9
-0.2550183 -0.4539854 2.175708
-0.3279646 -0.4548763 2.158886
-0.1737715 -0.4382564 2.119922
-0.5092237 -0.6742716 2.0394
0.04763404 -0.6720172 2.132241
-0.4329552 -0.9654713 2.073642
0.3086223 -0.985658 2.151633
-0.449207 -1.007019 1.943525
0.4144057 -1.030662 2.09793
9
-0.2550183 -0.4539854 2.175708
-0.3279646 -0.4548763 2.158886
-0.1737715 -0.4382564 2.119922
-0.5092237 -0.6742716 2.0394
0.04763404 -0.6720172 2.132241
-0.4329552 -0.9654713 2.073642
0.3086223 -0.985658 2.151633
-0.449207 -1.007019 1.943525
0.4144057 -1.030662 2.09793
9
-0.2550183 -0.4539854 2.175708
-0.3279646 -0.4548763 2.158886
-0.1737715 -0.4382564 2.119922
-0.5092237 -0.6742716 2.0394
0.04763404 -0.6720172 2.132241
-0.4329552 -0.9654713 2.073642
0.3086223 -0.985658 2.151633
-0.449207 -1.007019 1.943525
0.4144057 -1.030662 2.09793
9
-0.2550183 -0.4539854 2.175708
-0.3279646 -0.4548763 2.158886
-0.1737715 -0.4382564 2.119922
-0.5092237 -0.6742716 2.0394
0.04763404 -0.6720172 2.132241
-0.4329552 -0.9654713 2.073642
0.3086223 -0.985658 2.151633
-0.449207 -1.007019 1.943525
0.4144057 -1.030662 2.09793
9
-0.2551166 -0.453948 2.176137
-0.3281297 -0.4548542 2.159152
-0.1737353 -0.4381642 2.120588
-0.5084382 -0.675113 2.039921
0.04752043 -0.672695 2.132735
-0.428614 -0.9654183 2.074165
0.3071167 -0.9873286 2.153335
-0.4442204 -1.006887 1.943826
0.4034984 -1.023475 2.09779
9
-0.2551166 -0.453948 2.176137
-0.3281297 -0.4548542 2.159152
-0.1737353 -0.4381642 2.120588
-0.5084382 -0.675113 2.039921
0.04752043 -0.672695 2.132735
-0.428614 -0.9654183 2.074165
0.3071167 -0.9873286 2.153335
-0.4442204 -1.006887 1.943826
0.4034984 -1.023475 2.09779
9
-0.2549332 -0.453787 2.176251
-0.3278067 -0.4545855 2.159307
-0.1736348 -0.4380629 2.120666
-0.5070328 -0.6759821 2.040817
0.04804154 -0.6735044 2.133218
-0.4140293 -0.9720501 2.081856
0.3079515 -0.9879601 2.153063
-0.4300039 -1.013322 1.951441
0.4115905 -1.026318 2.096101
9
-0.2549332 -0.453787 2.176251
-0.3278067 -0.4545855 2.159307
-0.1736348 -0.4380629 2.120666
-0.5070328 -0.6759821 2.040817
0.04804154 -0.6735044 2.133218
-0.4140293 -0.9720501 2.081856
0.3079515 -0.9879601 2.153063
-0.4300039 -1.013322 1.951441
0.4115905 -1.026318 2.096101
9
-0.2533967 -0.4506861 2.17691
-0.3263287 -0.4511365 2.159919
-0.1720211 -0.435269 2.121327
-0.5035688 -0.6747314 2.043005
0.04969111 -0.6749333 2.134766
-0.4141361 -0.9706734 2.082092
0.3081276 -0.9906709 2.153632
-0.4300761 -1.049708 2.064768
0.4128996 -1.027046 2.095308
9
-0.2533967 -0.4506861 2.17691
-0.3263287 -0.4511365 2.159919
-0.1720211 -0.435269 2.121327
-0.5035688 -0.6747314 2.043005
0.04969111 -0.6749333 2.134766
-0.4141361 -0.9706734 2.082092
0.3081276 -0.9906709 2.153632
-0.4300761 -1.049708 2.064768
0.4128996 -1.027046 2.095308
9
-0.2425028 -0.4404865 2.17866
-0.3174039 -0.4427259 2.161393
-0.1592441 -0.4233719 2.123212
-0.4934303 -0.6689671 2.048908
0.0525325 -0.6750065 2.136055
-0.4040067 -0.980637 2.086953
0.3048504 -0.9918943 2.155832
-0.418009 -1.021276 1.955772
0.2799323 -1.032691 2.024303
9
-0.2425028 -0.4404865 2.17866
-0.3174039 -0.4427259 2.161393
-0.1592441 -0.4233719 2.123212
-0.4934303 -0.6689671 2.048908
0.0525325 -0.6750065 2.136055
-0.4040067 -0.980637 2.086953
0.3048504 -0.9918943 2.155832
-0.418009 -1.021276 1.955772
0.2799323 -1.032691 2.024303
9
-0.2290039 -0.429231 2.180179
-0.3049628 -0.432788 2.163119
-0.1452979 -0.4112748 2.124331
-0.4785556 -0.6623873 2.054427
0.05988822 -0.6741448 2.136806
-0.4031994 -0.9806281 2.087231
0.3076284 -0.9940558 2.155296
-0.416537 -1.021037 1.955781
0.4052948 -1.022223 2.098993
9
-0.2290039 -0.429231 2.180179
-0.3049628 -0.432788 2.163119
-0.1452979 -0.4112748 2.124331
-0.4785556 -0.6623873 2.054427
0.05988822 -0.6741448 2.136806
-0.4031994 -0.9806281 2.087231
0.3076284 -0.9940558 2.155296
-0.416537 -1.021037 1.955781
0.4052948 -1.022223 2.098993
9
-0.2200682 -0.4234565 2.180838
-0.2943808 -0.4262567 2.163318
-0.1381243 -0.4063908 2.125309
-0.4664987 -0.6581844 2.058074
0.06024405 -0.6677982 2.137974
-0.4028586 -0.9766472 2.088346
0.307726 -0.9921865 2.155643
-0.4163042 -1.016662 1.956636
0.4115868 -1.025234 2.098493
9
-0.196365 -0.4124426 2.179762
-0.2720558 -0.4148892 2.161494
-0.1140231 -0.3961812 2.124914
-0.4463346 -0.6479156 2.065069
0.06608041 -0.6631609 2.139543
-0.4020782 -0.9729515 2.08912
0.309381 -0.9879444 2.157702
-0.4159031 -1.01266 1.957256
0.2845984 -1.027765 2.025526
9
-0.196365 -0.4124426 2.179762
-0.2720558 -0.4148892 2.161494
-0.1140231 -0.3961812 2.124914
-0.4463346 -0.6479156 2.065069
0.06608041 -0.6631609 2.139543
-0.4020782 -0.9729515 2.08912
0.309381 -0.9879444 2.157702
-0.4159031 -1.01266 1.957256
0.2845984 -1.027765 2.025526
9
-0.196365 -0.4124426 2.179762
-0.2720558 -0.4148892 2.161494
-0.1140231 -0.3961812 2.124914
-0.4463346 -0.6479156 2.065069
0.06608041 -0.6631609 2.139543
-0.4020782 -0.9729515 2.08912
0.309381 -0.9879444 2.157702
-0.4159031 -1.01266 1.957256
0.2845984 -1.027765 2.025526
