40
9
-0.08745831 -0.3446245 2.168888
-0.1680872 -0.3492652 2.136707
-0.003887725 -0.3282202 2.127323
-0.3359374 -0.649216 2.06399
0.1486932 -0.639781 2.141772
-0.4164049 -0.9566007 2.069103
0.2728558 -0.973386 2.189452
-0.4110622 -0.9966757 1.935375
0.3191302 -1.037614 2.127581
9
-0.08745831 -0.3446245 2.168888
-0.1680872 -0.3492652 2.136707
-0.003887725 -0.3282202 2.127323
-0.3359374 -0.649216 2.06399
0.1486932 -0.639781 2.141772
-0.4164049 -0.9566007 2.069103
0.2728558 -0.973386 2.189452
-0.4110622 -0.9966757 1.935375
0.3191302 -1.037614 2.127581
9
-0.08745831 -0.3446245 2.168888
-0.1680872 -0.3492652 2.136707
-0.003887725 -0.3282202 2.127323
-0.3359374 -0.649216 2.06399
0.1486932 -0.639781 2.141772
-0.4164049 -0.9566007 2.069103
0.2728558 -0.973386 2.189452
-0.4110622 -0.9966757 1.935375
0.3191302 -1.037614 2.127581
9
-0.08745831 -0.3446245 2.168888
-0.1680872 -0.3492652 2.136707
-0.003887725 -0.3282202 2.127323
-0.3359374 -0.649216 2.06399
0.1486932 -0.639781 2.141772
-0.4164049 -0.9566007 2.069103
0.2728558 -0.973386 2.189452
-0.4110622 -0.9966757 1.935375
0.3191302 -1.037614 2.127581
9
-0.1279725 -0.357251 2.168601
-0.2070236 -0.3606571 2.13645
-0.04452872 -0.3417248 2.127142
-0.3885248 -0.640217 2.047496
0.1091367 -0.6442307 2.142052
-0.427304 -0.9590827 2.06745
0.2726703 -0.9732193 2.189291
-0.4508459 -1.03139 2.002614
0.3190808 -1.037447 2.127698
9
-0.1412985 -0.3621548 2.168695
-0.2210937 -0.3652708 2.136554
-0.05672187 -0.3467444 2.127278
-0.3968027 -0.6356056 2.044467
0.1029525 -0.6453345 2.140675
-0.4371021 -0.9592315 2.063945
0.2741152 -0.9740103 2.18618
-0.430693 -1.000064 1.930779
0.2695193 -1.015191 2.052396
9
-0.1412985 -0.3621548 2.168695
-0.2210937 -0.3652708 2.136554
-0.05672187 -0.3467444 2.127278
-0.3968027 -0.6356056 2.044467
0.1029525 -0.6453345 2.140675
-0.4371021 -0.9592315 2.063945
0.2741152 -0.9740103 2.18618
-0.430693 -1.000064 1.930779
0.2695193 -1.015191 2.052396
9
-0.1616897 -0.370462 2.166922
-0.2413194 -0.373264 2.134472
-0.07653984 -0.3550852 2.125907
-0.4137083 -0.6268901 2.03708
0.08930568 -0.6476713 2.140389
-0.442544 -0.9600213 2.060288
0.2723629 -0.9731254 2.184133
-0.4355572 -1.001183 1.927376
0.2682759 -1.014659 2.050571
9
-0.1616897 -0.370462 2.166922
-0.2413194 -0.373264 2.134472
-0.07653984 -0.3550852 2.125907
-0.4137083 -0.6268901 2.03708
0.08930568 -0.6476713 2.140389
-0.442544 -0.9600213 2.060288
0.2723629 -0.9731254 2.184133
-0.4355572 -1.001183 1.927376
0.2682759 -1.014659 2.050571
9
-0.1802276 -0.3787732 2.166109
-0.2584251 -0.3811502 2.133771
-0.09592531 -0.3635644 2.125078
-0.4298406 -0.6268498 2.031119
0.07537292 -0.6495956 2.139223
-0.4464563 -0.9602986 2.057721
0.2663163 -0.968344 2.177725
-0.4394154 -1.00175 1.924996
0.2622949 -1.010201 2.044311
9
-0.1802276 -0.3787732 2.166109
-0.2584251 -0.3811502 2.133771
-0.09592531 -0.3635644 2.125078
-0.4298406 -0.6268498 2.031119
0.07537292 -0.6495956 2.139223
-0.4464563 -0.9602986 2.057721
0.2663163 -0.968344 2.177725
-0.4394154 -1.00175 1.924996
0.2622949 -1.010201 2.044311
9
-0.2018885 -0.3884653 2.165334
-0.2796994 -0.3907584 2.133124
-0.1171974 -0.3730187 2.124301
-0.4518175 -0.6288914 2.022077
0.06309967 -0.6537266 2.139661
-0.4489742 -0.9697083 2.053164
0.2637293 -0.9686214 2.175013
-0.4423044 -1.011489 1.920773
0.2593332 -1.010933 2.041862
9
-0.2018885 -0.3884653 2.165334
-0.2796994 -0.3907584 2.133124
-0.1171974 -0.3730187 2.124301
-0.4518175 -0.6288914 2.022077
0.06309967 -0.6537266 2.139661
-0.4489742 -0.9697083 2.053164
0.2637293 -0.9686214 2.175013
-0.4423044 -1.011489 1.920773
0.2593332 -1.010933 2.041862
9
-0.2200886 -0.3993201 2.162434
-0.2965287 -0.4005433 2.131133
-0.1362201 -0.3846443 2.120559
-0.4727232 -0.6312164 2.014584
0.04943857 -0.6605954 2.140945
-0.4530126 -0.9664587 2.047202
0.2597543 -0.9704955 2.17341
-0.4461546 -1.00834 1.914869
0.2555234 -1.01286 2.040313
9
-0.2200886 -0.3993201 2.162434
-0.2965287 -0.4005433 2.131133
-0.1362201 -0.3846443 2.120559
-0.4727232 -0.6312164 2.014584
0.04943857 -0.6605954 2.140945
-0.4530126 -0.9664587 2.047202
0.2597543 -0.9704955 2.17341
-0.4461546 -1.00834 1.914869
0.2555234 -1.01286 2.040313
9
-0.2347299 -0.4097878 2.159422
-0.3103519 -0.4109911 2.127987
-0.1511292 -0.3947256 2.117847
-0.4921158 -0.6352735 2.006641
0.0394581 -0.6675544 2.143373
-0.4542551 -0.9688495 2.046892
0.2582008 -0.9729613 2.171975
-0.4477467 -1.010964 1.914733
0.2536266 -1.01555 2.039049
9
-0.2347299 -0.4097878 2.159422
-0.3103519 -0.4109911 2.127987
-0.1511292 -0.3947256 2.117847
-0.4921158 -0.6352735 2.006641
0.0394581 -0.6675544 2.143373
-0.4542551 -0.9688495 2.046892
0.2582008 -0.9729613 2.171975
-0.4477467 -1.010964 1.914733
0.2536266 -1.01555 2.039049
9
-0.2347299 -0.4097878 2.159422
-0.3103519 -0.4109911 2.127987
-0.1511292 -0.3947256 2.117847
-0.4921158 -0.6352735 2.006641
0.0394581 -0.6675544 2.143373
-0.4542551 -0.9688495 2.046892
0.2582008 -0.9729613 2.171975
-0.4477467 -1.010964 1.914733
0.2536266 -1.01555 2.039049
9
-0.2347299 -0.4097878 2.159422
-0.3103519 -0.4109911 2.127987
-0.1511292 -0.3947256 2.117847
-0.4921158 -0.6352735 2.006641
0.0394581 -0.6675544 2.143373
-0.4542551 -0.9688495 2.046892
0.2582008 -0.9729613 2.171975
-0.4477467 -1.010964 1.914733
0.2536266 -1.01555 2.039049
9
-0.2347299 -0.4097878 2.159422
-0.3103519 -0.4109911 2.127987
-0.1511292 -0.3947256 2.117847
-0.4921158 -0.6352735 2.006641
0.0394581 -0.6675544 2.143373
-0.4542551 -0.9688495 2.046892
0.2582008 -0.9729613 2.171975
-0.4477467 -1.010964 1.914733
0.2536266 -1.01555 2.039049
9
-0.2347299 -0.4097878 2.159422
-0.3103519 -0.4109911 2.127987
-0.1511292 -0.3947256 2.117847
-0.4921158 -0.6352735 2.006641
0.0394581 -0.6675544 2.143373
-0.4542551 -0.9688495 2.046892
0.2582008 -0.9729613 2.171975
-0.4477467 -1.010964 1.914733
0.2536266 -1.01555 2.039049
9
-0.2347299 -0.4097878 2.159422
-0.3103519 -0.4109911 2.127987
-0.1511292 -0.3947256 2.117847
-0.4921158 -0.6352735 2.006641
0.0394581 -0.6675544 2.143373
-0.4542551 -0.9688495 2.046892
0.2582008 -0.9729613 2.171975
-0.4477467 -1.010964 1.914733
0.2536266 -1.01555 2.039049
9
-0.2890519 -0.4443038 2.151628
-0.363137 -0.4450158 2.118093
-0.2051756 -0.428607 2.112616
-0.547844 -0.6616712 1.98711
0.001451513 -0.6711864 2.14047
-0.4775662 -0.9531667 2.03131
0.2460962 -0.9779547 2.169816
-0.4698217 -0.996004 1.899519
0.2425216 -1.021038 2.037247
9
-0.2890519 -0.4443038 2.151628
-0.363137 -0.4450158 2.118093
-0.2051756 -0.428607 2.112616
-0.547844 -0.6616712 1.98711
0.001451513 -0.6711864 2.14047
-0.4775662 -0.9531667 2.03131
0.2460962 -0.9779547 2.169816
-0.4698217 -0.996004 1.899519
0.2425216 -1.021038 2.037247
9
-0.2890519 -0.4443038 2.151628
-0.363137 -0.4450158 2.118093
-0.2051756 -0.428607 2.112616
-0.547844 -0.6616712 1.98711
0.001451513 -0.6711864 2.14047
-0.4775662 -0.9531667 2.03131
0.2460962 -0.9779547 2.169816
-0.4698217 -0.996004 1.899519
0.2425216 -1.021038 2.037247
9
-0.2890519 -0.4443038 2.151628
-0.363137 -0.4450158 2.118093
-0.2051756 -0.428607 2.112616
-0.547844 -0.6616712 1.98711
0.001451513 -0.6711864 2.14047
-0.4775662 -0.9531667 2.03131
0.2460962 -0.9779547 2.169816
-0.4698217 -0.996004 1.899519
0.2425216 -1.021038 2.037247
9
-0.2926099 -0.4474725 2.151338
-0.3679041 -0.4494368 2.117357
-0.2076172 -0.4306605 2.112682
-0.552195 -0.6651884 1.983705
0.0003910837 -0.6721063 2.140389
-0.452642 -0.9955644 2.051646
0.2407099 -0.9772005 2.166284
-0.4456268 -1.038126 1.920099
0.224533 -1.058901 2.123283
9
-0.2926099 -0.4474725 2.151338
-0.3679041 -0.4494368 2.117357
-0.2076172 -0.4306605 2.112682
-0.552195 -0.6651884 1.983705
0.0003910837 -0.6721063 2.140389
-0.452642 -0.9955644 2.051646
0.2407099 -0.9772005 2.166284
-0.4456268 -1.038126 1.920099
0.224533 -1.058901 2.123283
9
-0.2979984 -0.4522291 2.150473
-0.3737084 -0.4550352 2.116199
-0.2122861 -0.4343593 2.112182
-0.5568364 -0.6704201 1.979835
-0.006960848 -0.6719753 2.139502
-0.4904268 -0.9585276 2.032158
0.2388648 -0.9772221 2.165816
-0.4824417 -1.001557 1.900599
0.2354489 -1.020527 2.033408
9
-0.3030055 -0.4560686 2.149588
-0.3779967 -0.4586034 2.115378
-0.2178098 -0.4382488 2.111333
-0.560523 -0.6733293 1.976652
-0.007085224 -0.6760002 2.140177
-0.4531339 -0.9985315 2.051627
0.2375817 -0.9782073 2.165813
-0.4462977 -1.041158 1.92016
0.2337086 -1.02155 2.033439
9
-0.3030055 -0.4560686 2.149588
-0.3779967 -0.4586034 2.115378
-0.2178098 -0.4382488 2.111333
-0.560523 -0.6733293 1.976652
-0.007085224 -0.6760002 2.140177
-0.4531339 -0.9985315 2.051627
0.2375817 -0.9782073 2.165813
-0.4462977 -1.041158 1.92016
0.2337086 -1.02155 2.033439
9
-0.3030055 -0.4560686 2.149588
-0.3779967 -0.4586034 2.115378
-0.2178098 -0.4382488 2.111333
-0.560523 -0.6733293 1.976652
-0.007085224 -0.6760002 2.140177
-0.4531339 -0.9985315 2.051627
0.2375817 -0.9782073 2.165813
-0.4462977 -1.041158 1.92016
0.2337086 -1.02155 2.033439
9
-0.3030055 -0.4560686 2.149588
-0.3779967 -0.4586034 2.115378
-0.2178098 -0.4382488 2.111333
-0.560523 -0.6733293 1.976652
-0.007085224 -0.6760002 2.140177
-0.4531339 -0.9985315 2.051627
0.2375817 -0.9782073 2.165813
-0.4462977 -1.041158 1.92016
0.2337086 -1.02155 2.033439
9
-0.3030055 -0.4560686 2.149588
-0.3779967 -0.4586034 2.115378
-0.2178098 -0.4382488 2.111333
-0.560523 -0.6733293 1.976652
-0.007085224 -0.6760002 2.140177
-0.4531339 -0.9985315 2.051627
0.2375817 -0.9782073 2.165813
-0.4462977 -1.041158 1.92016
0.2337086 -1.02155 2.033439
9
-0.3075135 -0.4603422 2.148383
-0.3823441 -0.463148 2.114476
-0.2223044 -0.4420856 2.109904
-0.5634848 -0.6775682 1.972813
-0.007792289 -0.6760275 2.140155
-0.4524908 -0.9977461 2.051916
0.232374 -0.9779212 2.165192
-0.4456798 -1.040407 1.920455
0.2285628 -1.021284 2.032825
9
-0.3087744 -0.4618144 2.148145
-0.3836914 -0.4648912 2.114266
-0.2234312 -0.4432507 2.109666
-0.5652726 -0.6781151 1.970934
-0.007455534 -0.6799966 2.140634
-0.4788154 -0.9658018 2.037157
0.2360025 -0.9826286 2.164705
-0.3966942 -0.980529 2.067657
0.2320256 -1.025945 2.032379
9
-0.3087744 -0.4618144 2.148145
-0.3836914 -0.4648912 2.114266
-0.2234312 -0.4432507 2.109666
-0.5652726 -0.6781151 1.970934
-0.007455534 -0.6799966 2.140634
-0.4788154 -0.9658018 2.037157
0.2360025 -0.9826286 2.164705
-0.3966942 -0.980529 2.067657
0.2320256 -1.025945 2.032379
9
-0.3087744 -0.4618144 2.148145
-0.3836914 -0.4648912 2.114266
-0.2234312 -0.4432507 2.109666
-0.5652726 -0.6781151 1.970934
-0.007455534 -0.6799966 2.140634
-0.4788154 -0.9658018 2.037157
0.2360025 -0.9826286 2.164705
-0.3966942 -0.980529 2.067657
0.2320256 -1.025945 2.032379
9
-0.3087744 -0.4618144 2.148145
-0.3836914 -0.4648912 2.114266
-0.2234312 -0.4432507 2.109666
-0.5652726 -0.6781151 1.970934
-0.007455534 -0.6799966 2.140634
-0.4788154 -0.9658018 2.037157
0.2360025 -0.9826286 2.164705
-0.3966942 -0.980529 2.067657
0.2320256 -1.025945 2.032379
9
-0.3085417 -0.4618584 2.148062
-0.3835446 -0.4650298 2.114252
-0.2230206 -0.4431497 2.109459
-0.5654733 -0.6777628 1.9705
-0.01095155 -0.6784069 2.139917
-0.4525128 -0.9928631 2.051878
0.2357442 -0.9827108 2.164786
-0.373749 -1.006828 2.079555
0.2317094 -1.026032 2.032464
