40
9
-0.2789424 -0.2763653 2.268428
-0.3524126 -0.2817914 2.247736
-0.19632 -0.2619485 2.2151
-0.6334238 -0.3932244 2.056752
0.09467634 -0.4351212 2.105642
-0.4560208 -0.7716488 2.117021
0.3692156 -0.8087239 2.095707
-0.5265038 -0.8388737 2.098382
0.3799646 -0.8846805 2.020888
9
-0.2789424 -0.2763653 2.268428
-0.3524126 -0.2817914 2.247736
-0.19632 -0.2619485 2.2151
-0.6334238 -0.3932244 2.056752
0.09467634 -0.4351212 2.105642
-0.4560208 -0.7716488 2.117021
0.3692156 -0.8087239 2.095707
-0.5265038 -0.8388737 2.098382
0.3799646 -0.8846805 2.020888
9
-0.2789424 -0.2763653 2.268428
-0.3524126 -0.2817914 2.247736
-0.19632 -0.2619485 2.2151
-0.6334238 -0.3932244 2.056752
0.09467634 -0.4351212 2.105642
-0.4560208 -0.7716488 2.117021
0.3692156 -0.8087239 2.095707
-0.5265038 -0.8388737 2.098382
0.3799646 -0.8846805 2.020888
9
-0.2822526 -0.2795732 2.269267
-0.3557467 -0.2850221 2.248502
-0.1994954 -0.265023 2.216045
-0.6367636 -0.3938676 2.055825
0.09187857 -0.4374504 2.106354
-0.4562936 -0.7716774 2.117066
0.3679608 -0.809923 2.096101
-0.5264005 -0.8388976 2.098442
0.3697972 -0.8906977 2.030372
9
-0.2822526 -0.2795732 2.269267
-0.3557467 -0.2850221 2.248502
-0.1994954 -0.265023 2.216045
-0.6367636 -0.3938676 2.055825
0.09187857 -0.4374504 2.106354
-0.4562936 -0.7716774 2.117066
0.3679608 -0.809923 2.096101
-0.5264005 -0.8388976 2.098442
0.3697972 -0.8906977 2.030372
9
-0.2822526 -0.2795732 2.269267
-0.3557467 -0.2850221 2.248502
-0.1994954 -0.265023 2.216045
-0.6367636 -0.3938676 2.055825
0.09187857 -0.4374504 2.106354
-0.4562936 -0.7716774 2.117066
0.3679608 -0.809923 2.096101
-0.5264005 -0.8388976 2.098442
0.3697972 -0.8906977 2.030372
9
-0.2834999 -0.2806605 2.269281
-0.3569314 -0.2862107 2.248518
-0.2007663 -0.2659777 2.216074
-0.6380677 -0.3941707 2.055544
0.09075782 -0.4384622 2.107269
-0.4561877 -0.7719868 2.117112
0.3676741 -0.8103279 2.096267
-0.5270263 -0.8390505 2.099578
0.3726783 -0.8897505 2.027674
9
-0.2834999 -0.2806605 2.269281
-0.3569314 -0.2862107 2.248518
-0.2007663 -0.2659777 2.216074
-0.6380677 -0.3941707 2.055544
0.09075782 -0.4384622 2.107269
-0.4561877 -0.7719868 2.117112
0.3676741 -0.8103279 2.096267
-0.5270263 -0.8390505 2.099578
0.3726783 -0.8897505 2.027674
9
-0.2834999 -0.2806605 2.269281
-0.3569314 -0.2862107 2.248518
-0.2007663 -0.2659777 2.216074
-0.6380677 -0.3941707 2.055544
0.09075782 -0.4384622 2.107269
-0.4561877 -0.7719868 2.117112
0.3676741 -0.8103279 2.096267
-0.5270263 -0.8390505 2.099578
0.3726783 -0.8897505 2.027674
9
-0.2836064 -0.2807588 2.269296
-0.3570371 -0.2863901 2.248536
-0.2008774 -0.2660176 2.216095
-0.6381894 -0.3940129 2.055421
0.08959977 -0.4405375 2.108349
-0.4580996 -0.7704405 2.116356
0.3667949 -0.8121858 2.097219
-0.5275138 -0.8389729 2.09913
0.375697 -0.8852926 2.016185
9
-0.2836064 -0.2807588 2.269296
-0.3570371 -0.2863901 2.248536
-0.2008774 -0.2660176 2.216095
-0.6381894 -0.3940129 2.055421
0.08959977 -0.4405375 2.108349
-0.4580996 -0.7704405 2.116356
0.3667949 -0.8121858 2.097219
-0.5275138 -0.8389729 2.09913
0.375697 -0.8852926 2.016185
9
-0.2836064 -0.2807588 2.269296
-0.3570371 -0.2863901 2.248536
-0.2008774 -0.2660176 2.216095
-0.6381894 -0.3940129 2.055421
0.08959977 -0.4405375 2.108349
-0.4580996 -0.7704405 2.116356
0.3667949 -0.8121858 2.097219
-0.5275138 -0.8389729 2.09913
0.375697 -0.8852926 2.016185
9
-0.2836064 -0.2807588 2.269296
-0.3570371 -0.2863901 2.248536
-0.2008774 -0.2660176 2.216095
-0.6381894 -0.3940129 2.055421
0.08959977 -0.4405375 2.108349
-0.4580996 -0.7704405 2.116356
0.3667949 -0.8121858 2.097219
-0.5275138 -0.8389729 2.09913
0.375697 -0.8852926 2.016185
9
-0.2836064 -0.2807588 2.269296
-0.3570371 -0.2863901 2.248536
-0.2008774 -0.2660176 2.216095
-0.6381894 -0.3940129 2.055421
0.08959977 -0.4405375 2.108349
-0.4580996 -0.7704405 2.116356
0.3667949 -0.8121858 2.097219
-0.5275138 -0.8389729 2.09913
0.375697 -0.8852926 2.016185
9
-0.2788178 -0.277412 2.270834
-0.351744 -0.2825659 2.250735
-0.1966789 -0.2631816 2.217038
-0.63225 -0.390926 2.056725
0.09256727 -0.4398275 2.109933
-0.4576985 -0.7712159 2.116808
0.3667028 -0.8137299 2.097101
-0.5275551 -0.8391494 2.099953
0.3781295 -0.8847811 2.013354
9
-0.2788178 -0.277412 2.270834
-0.351744 -0.2825659 2.250735
-0.1966789 -0.2631816 2.217038
-0.63225 -0.390926 2.056725
0.09256727 -0.4398275 2.109933
-0.4576985 -0.7712159 2.116808
0.3667028 -0.8137299 2.097101
-0.5275551 -0.8391494 2.099953
0.3781295 -0.8847811 2.013354
9
-0.2788178 -0.277412 2.270834
-0.351744 -0.2825659 2.250735
-0.1966789 -0.2631816 2.217038
-0.63225 -0.390926 2.056725
0.09256727 -0.4398275 2.109933
-0.4576985 -0.7712159 2.116808
0.3667028 -0.8137299 2.097101
-0.5275551 -0.8391494 2.099953
0.3781295 -0.8847811 2.013354
9
-0.2724557 -0.2734164 2.271886
-0.3451412 -0.278708 2.252415
-0.1907496 -0.259181 2.21743
-0.6253326 -0.3885053 2.058661
0.09958867 -0.4340858 2.110682
-0.4582736 -0.7689291 2.115674
0.3680454 -0.8120615 2.098249
-0.5276474 -0.8392121 2.100039
0.3741582 -0.8875417 2.020936
9
-0.2724557 -0.2734164 2.271886
-0.3451412 -0.278708 2.252415
-0.1907496 -0.259181 2.21743
-0.6253326 -0.3885053 2.058661
0.09958867 -0.4340858 2.110682
-0.4582736 -0.7689291 2.115674
0.3680454 -0.8120615 2.098249
-0.5276474 -0.8392121 2.100039
0.3741582 -0.8875417 2.020936
9
-0.2633163 -0.2667982 2.273176
-0.3357213 -0.2726709 2.253914
-0.1822124 -0.2522118 2.218419
-0.6162609 -0.3863514 2.063402
0.1041963 -0.4340949 2.114521
-0.458135 -0.7685404 2.115679
0.3669584 -0.8160072 2.100805
-0.5260587 -0.8385301 2.098729
0.3795711 -0.8884001 2.019853
9
-0.2633163 -0.2667982 2.273176
-0.3357213 -0.2726709 2.253914
-0.1822124 -0.2522118 2.218419
-0.6162609 -0.3863514 2.063402
0.1041963 -0.4340949 2.114521
-0.458135 -0.7685404 2.115679
0.3669584 -0.8160072 2.100805
-0.5260587 -0.8385301 2.098729
0.3795711 -0.8884001 2.019853
9
-0.2633163 -0.2667982 2.273176
-0.3357213 -0.2726709 2.253914
-0.1822124 -0.2522118 2.218419
-0.6162609 -0.3863514 2.063402
0.1041963 -0.4340949 2.114521
-0.458135 -0.7685404 2.115679
0.3669584 -0.8160072 2.100805
-0.5260587 -0.8385301 2.098729
0.3795711 -0.8884001 2.019853
9
-0.2633163 -0.2667982 2.273176
-0.3357213 -0.2726709 2.253914
-0.1822124 -0.2522118 2.218419
-0.6162609 -0.3863514 2.063402
0.1041963 -0.4340949 2.114521
-0.458135 -0.7685404 2.115679
0.3669584 -0.8160072 2.100805
-0.5260587 -0.8385301 2.098729
0.3795711 -0.8884001 2.019853
9
-0.2148422 -0.2408623 2.274222
-0.2879402 -0.249347 2.256442
-0.1346471 -0.224496 2.217684
-0.5734238 -0.3711919 2.080647
0.1292425 -0.436913 2.116221
-0.4577554 -0.7683027 2.115491
0.3765922 -0.8287852 2.098881
-0.5201717 -0.8363584 2.09693
0.3618449 -0.8854258 1.995167
9
-0.2148422 -0.2408623 2.274222
-0.2879402 -0.249347 2.256442
-0.1346471 -0.224496 2.217684
-0.5734238 -0.3711919 2.080647
0.1292425 -0.436913 2.116221
-0.4577554 -0.7683027 2.115491
0.3765922 -0.8287852 2.098881
-0.5201717 -0.8363584 2.09693
0.3618449 -0.8854258 1.995167
9
-0.1932266 -0.2377176 2.233441
-0.2660825 -0.2482911 2.215532
-0.1138133 -0.2192177 2.176902
-0.572153 -0.3698637 2.095637
0.1473676 -0.442556 2.127939
-0.4561694 -0.7684408 2.115532
0.3908674 -0.8366662 2.110447
-0.5086846 -0.8356398 2.081839
0.341917 -0.857083 1.993755
9
-0.1932266 -0.2377176 2.233441
-0.2660825 -0.2482911 2.215532
-0.1138133 -0.2192177 2.176902
-0.572153 -0.3698637 2.095637
0.1473676 -0.442556 2.127939
-0.4561694 -0.7684408 2.115532
0.3908674 -0.8366662 2.110447
-0.5086846 -0.8356398 2.081839
0.341917 -0.857083 1.993755
9
-0.1932266 -0.2377176 2.233441
-0.2660825 -0.2482911 2.215532
-0.1138133 -0.2192177 2.176902
-0.572153 -0.3698637 2.095637
0.1473676 -0.442556 2.127939
-0.4561694 -0.7684408 2.115532
0.3908674 -0.8366662 2.110447
-0.5086846 -0.8356398 2.081839
0.341917 -0.857083 1.993755
9
-0.1932266 -0.2377176 2.233441
-0.2660825 -0.2482911 2.215532
-0.1138133 -0.2192177 2.176902
-0.572153 -0.3698637 2.095637
0.1473676 -0.442556 2.127939
-0.4561694 -0.7684408 2.115532
0.3908674 -0.8366662 2.110447
-0.5086846 -0.8356398 2.081839
0.341917 -0.857083 1.993755
9
-0.1480874 -0.1929253 2.228072
-0.2202045 -0.2087737 2.214568
-0.07092515 -0.1705958 2.166958
-0.4515205 -0.4504239 2.117391
0.1319923 -0.4468449 2.134139
-0.4637462 -0.791757 2.113722
0.3442415 -0.8018036 2.114249
-0.5225885 -0.8527436 2.089715
0.3808072 -0.8587849 2.023512
9
-0.1480874 -0.1929253 2.228072
-0.2202045 -0.2087737 2.214568
-0.07092515 -0.1705958 2.166958
-0.4515205 -0.4504239 2.117391
0.1319923 -0.4468449 2.134139
-0.4637462 -0.791757 2.113722
0.3442415 -0.8018036 2.114249
-0.5225885 -0.8527436 2.089715
0.3808072 -0.8587849 2.023512
9
-0.1480874 -0.1929253 2.228072
-0.2202045 -0.2087737 2.214568
-0.07092515 -0.1705958 2.166958
-0.4515205 -0.4504239 2.117391
0.1319923 -0.4468449 2.134139
-0.4637462 -0.791757 2.113722
0.3442415 -0.8018036 2.114249
-0.5225885 -0.8527436 2.089715
0.3808072 -0.8587849 2.023512
9
-0.1480874 -0.1929253 2.228072
-0.2202045 -0.2087737 2.214568
-0.07092515 -0.1705958 2.166958
-0.4515205 -0.4504239 2.117391
0.1319923 -0.4468449 2.134139
-0.4637462 -0.791757 2.113722
0.3442415 -0.8018036 2.114249
-0.5225885 -0.8527436 2.089715
0.3808072 -0.8587849 2.023512
9
-0.1147415 -0.1794712 2.225341
-0.1952369 -0.2016411 2.211384
-0.02889623 -0.1496827 2.164798
-0.4203452 -0.4514319 2.123019
0.1527719 -0.4398206 2.135376
-0.4557343 -0.7909319 2.119365
0.3531981 -0.7990691 2.11948
-0.5087202 -0.8572901 2.079907
0.3768026 -0.857239 2.02243
9
-0.1147415 -0.1794712 2.225341
-0.1952369 -0.2016411 2.211384
-0.02889623 -0.1496827 2.164798
-0.4203452 -0.4514319 2.123019
0.1527719 -0.4398206 2.135376
-0.4557343 -0.7909319 2.119365
0.3531981 -0.7990691 2.11948
-0.5087202 -0.8572901 2.079907
0.3768026 -0.857239 2.02243
9
-0.105643 -0.1746539 2.224592
-0.1819518 -0.1960501 2.20964
-0.02439521 -0.146681 2.164671
-0.403038 -0.450478 2.125586
0.1612705 -0.4342553 2.136353
-0.4471055 -0.7888252 2.123645
0.3561108 -0.7958134 2.12137
-0.5047517 -0.8514639 2.082997
0.3806638 -0.8519752 2.022515
9
-0.105643 -0.1746539 2.224592
-0.1819518 -0.1960501 2.20964
-0.02439521 -0.146681 2.164671
-0.403038 -0.450478 2.125586
0.1612705 -0.4342553 2.136353
-0.4471055 -0.7888252 2.123645
0.3561108 -0.7958134 2.12137
-0.5047517 -0.8514639 2.082997
0.3806638 -0.8519752 2.022515
9
-0.07877755 -0.1645554 2.220981
-0.1548068 -0.1876654 2.206208
-0.000521074 -0.1360861 2.161029
-0.3779703 -0.442424 2.133148
0.1710555 -0.4318583 2.136837
-0.4335977 -0.7749247 2.128593
0.3578286 -0.7946015 2.121846
-0.488008 -0.8406844 2.088813
0.3813989 -0.8482791 2.020015
9
-0.07877755 -0.1645554 2.220981
-0.1548068 -0.1876654 2.206208
-0.000521074 -0.1360861 2.161029
-0.3779703 -0.442424 2.133148
0.1710555 -0.4318583 2.136837
-0.4335977 -0.7749247 2.128593
0.3578286 -0.7946015 2.121846
-0.488008 -0.8406844 2.088813
0.3813989 -0.8482791 2.020015
9
-0.07877755 -0.1645554 2.220981
-0.1548068 -0.1876654 2.206208
-0.000521074 -0.1360861 2.161029
-0.3779703 -0.442424 2.133148
0.1710555 -0.4318583 2.136837
-0.4335977 -0.7749247 2.128593
0.3578286 -0.7946015 2.121846
-0.488008 -0.8406844 2.088813
0.3813989 -0.8482791 2.020015
