40
9
-0.1179605 -0.1949373 2.01284
-0.1873793 -0.1987605 1.998496
-0.04412891 -0.1839447 1.953174
-0.3829663 -0.4469666 1.868404
0.1564567 -0.4488751 1.98162
-0.3035766 -0.7476771 1.930517
0.4342158 -0.7492098 2.016294
-0.3102396 -0.8073534 1.895134
0.4019711 -0.7781041 1.911043
9
-0.1261747 -0.2020867 2.013023
-0.1960592 -0.2068632 1.998609
-0.05159624 -0.1899582 1.953466
-0.3973738 -0.4490624 1.865676
0.1340579 -0.4538309 1.98175
-0.3041903 -0.7490952 1.930752
0.4214349 -0.7456263 2.013971
-0.3125011 -0.8084531 1.895115
0.3900002 -0.7748821 1.90865
9
-0.1261747 -0.2020867 2.013023
-0.1960592 -0.2068632 1.998609
-0.05159624 -0.1899582 1.953466
-0.3973738 -0.4490624 1.865676
0.1340579 -0.4538309 1.98175
-0.3041903 -0.7490952 1.930752
0.4214349 -0.7456263 2.013971
-0.3125011 -0.8084531 1.895115
0.3900002 -0.7748821 1.90865
9
-0.1261747 -0.2020867 2.013023
-0.1960592 -0.2068632 1.998609
-0.05159624 -0.1899582 1.953466
-0.3973738 -0.4490624 1.865676
0.1340579 -0.4538309 1.98175
-0.3041903 -0.7490952 1.930752
0.4214349 -0.7456263 2.013971
-0.3125011 -0.8084531 1.895115
0.3900002 -0.7748821 1.90865
9
-0.1338729 -0.2074819 2.014342
-0.2037593 -0.2124785 1.999899
-0.05898092 -0.1949038 1.954854
-0.405376 -0.453142 1.86428
0.1380453 -0.4596694 1.983896
-0.3048694 -0.7497461 1.931044
0.4031853 -0.7484496 2.015724
-0.3159001 -0.8085185 1.894889
0.3734861 -0.7779515 1.910053
9
-0.1338729 -0.2074819 2.014342
-0.2037593 -0.2124785 1.999899
-0.05898092 -0.1949038 1.954854
-0.405376 -0.453142 1.86428
0.1380453 -0.4596694 1.983896
-0.3048694 -0.7497461 1.931044
0.4031853 -0.7484496 2.015724
-0.3159001 -0.8085185 1.894889
0.3734861 -0.7779515 1.910053
9
-0.1430667 -0.2139566 2.015358
-0.2132098 -0.2196718 2.001626
-0.06762026 -0.2004793 1.955266
-0.414222 -0.4587242 1.861506
0.1229936 -0.4606885 1.984294
-0.3063631 -0.7499253 1.931186
0.4009245 -0.7481992 2.015757
-0.3178458 -0.8085331 1.893861
0.4788265 -0.7812387 1.955639
9
-0.1430667 -0.2139566 2.015358
-0.2132098 -0.2196718 2.001626
-0.06762026 -0.2004793 1.955266
-0.414222 -0.4587242 1.861506
0.1229936 -0.4606885 1.984294
-0.3063631 -0.7499253 1.931186
0.4009245 -0.7481992 2.015757
-0.3178458 -0.8085331 1.893861
0.4788265 -0.7812387 1.955639
9
-0.1483023 -0.2171473 2.01558
-0.2186974 -0.223515 2.002366
-0.07243884 -0.2029506 1.955036
-0.4207757 -0.4607844 1.860566
0.1177876 -0.4631836 1.985024
-0.3081369 -0.7502751 1.931128
0.4004619 -0.7498794 2.015401
-0.3178615 -0.8092481 1.89343
0.4775301 -0.7848883 1.956088
9
-0.1483023 -0.2171473 2.01558
-0.2186974 -0.223515 2.002366
-0.07243884 -0.2029506 1.955036
-0.4207757 -0.4607844 1.860566
0.1177876 -0.4631836 1.985024
-0.3081369 -0.7502751 1.931128
0.4004619 -0.7498794 2.015401
-0.3178615 -0.8092481 1.89343
0.4775301 -0.7848883 1.956088
9
-0.1522321 -0.2188211 2.016873
-0.2228071 -0.2254134 2.003159
-0.07607303 -0.204328 1.956814
-0.4285514 -0.4581228 1.858441
0.1135837 -0.465431 1.98527
-0.3093684 -0.7498761 1.931407
0.402229 -0.7563404 2.016037
-0.3176342 -0.809098 1.892897
0.4802166 -0.7883205 1.954647
9
-0.1522321 -0.2188211 2.016873
-0.2228071 -0.2254134 2.003159
-0.07607303 -0.204328 1.956814
-0.4285514 -0.4581228 1.858441
0.1135837 -0.465431 1.98527
-0.3093684 -0.7498761 1.931407
0.402229 -0.7563404 2.016037
-0.3176342 -0.809098 1.892897
0.4802166 -0.7883205 1.954647
9
-0.1546191 -0.2196329 2.017428
-0.2253931 -0.226474 2.003326
-0.07822048 -0.2048726 1.957737
-0.4307713 -0.4592433 1.858173
0.1122118 -0.4656818 1.985368
-0.3110735 -0.749397 1.931495
0.3997483 -0.7579173 2.014682
-0.3177215 -0.8088983 1.892733
0.4784642 -0.7886992 1.953536
9
-0.1546191 -0.2196329 2.017428
-0.2253931 -0.226474 2.003326
-0.07822048 -0.2048726 1.957737
-0.4307713 -0.4592433 1.858173
0.1122118 -0.4656818 1.985368
-0.3110735 -0.749397 1.931495
0.3997483 -0.7579173 2.014682
-0.3177215 -0.8088983 1.892733
0.4784642 -0.7886992 1.953536
9
-0.1546191 -0.2196329 2.017428
-0.2253931 -0.226474 2.003326
-0.07822048 -0.2048726 1.957737
-0.4307713 -0.4592433 1.858173
0.1122118 -0.4656818 1.985368
-0.3110735 -0.749397 1.931495
0.3997483 -0.7579173 2.014682
-0.3177215 -0.8088983 1.892733
0.4784642 -0.7886992 1.953536
9
-0.1546191 -0.2196329 2.017428
-0.2253931 -0.226474 2.003326
-0.07822048 -0.2048726 1.957737
-0.4307713 -0.4592433 1.858173
0.1122118 -0.4656818 1.985368
-0.3110735 -0.749397 1.931495
0.3997483 -0.7579173 2.014682
-0.3177215 -0.8088983 1.892733
0.4784642 -0.7886992 1.953536
9
-0.1569436 -0.2194063 2.018526
-0.2276096 -0.2265515 2.003869
-0.08063057 -0.2042674 1.959517
-0.4341649 -0.4579434 1.858073
0.1105585 -0.4650603 1.985455
-0.3115605 -0.7496567 1.931749
0.39775 -0.7578195 2.01368
-0.3175456 -0.8092147 1.892306
0.4766612 -0.7883356 1.952608
9
-0.1569436 -0.2194063 2.018526
-0.2276096 -0.2265515 2.003869
-0.08063057 -0.2042674 1.959517
-0.4341649 -0.4579434 1.858073
0.1105585 -0.4650603 1.985455
-0.3115605 -0.7496567 1.931749
0.39775 -0.7578195 2.01368
-0.3175456 -0.8092147 1.892306
0.4766612 -0.7883356 1.952608
9
-0.1576261 -0.2185533 2.019321
-0.2282153 -0.2260497 2.004395
-0.08131966 -0.2030091 1.960608
-0.4356618 -0.4565693 1.858443
0.109245 -0.4645638 1.985518
-0.311721 -0.7496938 1.931814
0.3959618 -0.7579729 2.012588
-0.3175059 -0.8092754 1.892213
0.4752231 -0.7881114 1.951921
9
-0.1576261 -0.2185533 2.019321
-0.2282153 -0.2260497 2.004395
-0.08131966 -0.2030091 1.960608
-0.4356618 -0.4565693 1.858443
0.109245 -0.4645638 1.985518
-0.311721 -0.7496938 1.931814
0.3959618 -0.7579729 2.012588
-0.3175059 -0.8092754 1.892213
0.4752231 -0.7881114 1.951921
9
-0.1577813 -0.2170317 2.02042
-0.2283694 -0.2249844 2.005085
-0.08143011 -0.201051 1.962146
-0.4355426 -0.4561511 1.859989
0.1088368 -0.4632477 1.985602
-0.3115368 -0.7499573 1.932576
0.3948348 -0.7574995 2.011757
-0.3173796 -0.8094346 1.891927
0.4751264 -0.7845353 1.949652
9
-0.1577813 -0.2170317 2.02042
-0.2283694 -0.2249844 2.005085
-0.08143011 -0.201051 1.962146
-0.4355426 -0.4561511 1.859989
0.1088368 -0.4632477 1.985602
-0.3115368 -0.7499573 1.932576
0.3948348 -0.7574995 2.011757
-0.3173796 -0.8094346 1.891927
0.4751264 -0.7845353 1.949652
9
-0.1565627 -0.2138734 2.022041
-0.2274552 -0.2223329 2.006378
-0.07990625 -0.1975239 1.964033
-0.4336918 -0.4546039 1.861722
0.1084739 -0.4615737 1.985634
-0.3115248 -0.7498506 1.932639
0.3933886 -0.7569564 2.011268
-0.3169528 -0.8094161 1.892226
0.4730237 -0.7837586 1.94688
9
-0.1565627 -0.2138734 2.022041
-0.2274552 -0.2223329 2.006378
-0.07990625 -0.1975239 1.964033
-0.4336918 -0.4546039 1.861722
0.1084739 -0.4615737 1.985634
-0.3115248 -0.7498506 1.932639
0.3933886 -0.7569564 2.011268
-0.3169528 -0.8094161 1.892226
0.4730237 -0.7837586 1.94688
9
-0.1528536 -0.2102406 2.023784
-0.2243527 -0.2191032 2.007931
-0.07568422 -0.1936435 1.965887
-0.4290475 -0.4533925 1.864493
0.1093934 -0.4602916 1.986212
-0.3113091 -0.7495543 1.932948
0.3930846 -0.7569329 2.011193
-0.3159383 -0.8092502 1.892628
0.4726111 -0.7847729 1.947843
9
-0.1528536 -0.2102406 2.023784
-0.2243527 -0.2191032 2.007931
-0.07568422 -0.1936435 1.965887
-0.4290475 -0.4533925 1.864493
0.1093934 -0.4602916 1.986212
-0.3113091 -0.7495543 1.932948
0.3930846 -0.7569329 2.011193
-0.3159383 -0.8092502 1.892628
0.4726111 -0.7847729 1.947843
9
-0.1469668 -0.2047997 2.025079
-0.2185735 -0.2138286 2.009216
-0.06991819 -0.1882666 1.967106
-0.4209217 -0.4518736 1.869367
0.1373271 -0.4559182 1.990035
-0.3095968 -0.750848 1.934492
0.392561 -0.7540572 2.010309
-0.3151211 -0.8101953 1.892212
0.4716674 -0.7853787 1.950829
9
-0.1469668 -0.2047997 2.025079
-0.2185735 -0.2138286 2.009216
-0.06991819 -0.1882666 1.967106
-0.4209217 -0.4518736 1.869367
0.1373271 -0.4559182 1.990035
-0.3095968 -0.750848 1.934492
0.392561 -0.7540572 2.010309
-0.3151211 -0.8101953 1.892212
0.4716674 -0.7853787 1.950829
9
-0.1393691 -0.1988889 2.026029
-0.2117937 -0.2086532 2.009742
-0.06173286 -0.1817995 1.968446
-0.4126253 -0.4499402 1.874242
0.1395078 -0.4542845 1.990117
-0.3081074 -0.7520109 1.935135
0.3930991 -0.7540745 2.010593
-0.315217 -0.8109019 1.891427
0.4719328 -0.7863086 1.951803
9
-0.1278694 -0.1922469 2.027567
-0.2003513 -0.2025203 2.010692
-0.05061069 -0.1749105 1.970487
-0.4015411 -0.4460145 1.88103
0.1443795 -0.4501465 1.990566
-0.307752 -0.7519713 1.936047
0.3933108 -0.7525385 2.011392
-0.3132059 -0.8113425 1.893913
0.4717189 -0.7859765 1.953286
9
-0.1278694 -0.1922469 2.027567
-0.2003513 -0.2025203 2.010692
-0.05061069 -0.1749105 1.970487
-0.4015411 -0.4460145 1.88103
0.1443795 -0.4501465 1.990566
-0.307752 -0.7519713 1.936047
0.3933108 -0.7525385 2.011392
-0.3132059 -0.8113425 1.893913
0.4717189 -0.7859765 1.953286
9
-0.1278694 -0.1922469 2.027567
-0.2003513 -0.2025203 2.010692
-0.05061069 -0.1749105 1.970487
-0.4015411 -0.4460145 1.88103
0.1443795 -0.4501465 1.990566
-0.307752 -0.7519713 1.936047
0.3933108 -0.7525385 2.011392
-0.3132059 -0.8113425 1.893913
0.4717189 -0.7859765 1.953286
9
-0.1159713 -0.1869312 2.029107
-0.188717 -0.1977108 2.012103
-0.03890374 -0.1692969 1.972089
-0.3840668 -0.4488315 1.890247
0.1521131 -0.4473121 1.990888
-0.3070275 -0.7528586 1.93646
0.4167338 -0.7570687 2.011003
-0.3127369 -0.8124385 1.896852
0.4906332 -0.7962238 1.950617
9
-0.1159713 -0.1869312 2.029107
-0.188717 -0.1977108 2.012103
-0.03890374 -0.1692969 1.972089
-0.3840668 -0.4488315 1.890247
0.1521131 -0.4473121 1.990888
-0.3070275 -0.7528586 1.93646
0.4167338 -0.7570687 2.011003
-0.3127369 -0.8124385 1.896852
0.4906332 -0.7962238 1.950617
9
-0.102176 -0.1828492 2.032499
-0.1748364 -0.1927178 2.015026
-0.02563937 -0.166247 1.975896
-0.3689298 -0.4465415 1.897761
0.1586491 -0.4443159 1.991438
-0.3035106 -0.7536362 1.937615
0.4164324 -0.753858 2.012263
-0.3133022 -0.8123542 1.896648
0.3887388 -0.7852651 1.907133
9
-0.102176 -0.1828492 2.032499
-0.1748364 -0.1927178 2.015026
-0.02563937 -0.166247 1.975896
-0.3689298 -0.4465415 1.897761
0.1586491 -0.4443159 1.991438
-0.3035106 -0.7536362 1.937615
0.4164324 -0.753858 2.012263
-0.3133022 -0.8123542 1.896648
0.3887388 -0.7852651 1.907133
9
-0.0902568 -0.1772968 2.034121
-0.1641747 -0.1862731 2.017421
-0.01275468 -0.1617927 1.976686
-0.3524366 -0.4461237 1.905031
0.1755944 -0.441113 1.993089
-0.2984496 -0.7546195 1.93829
0.4232546 -0.7530265 2.014695
-0.3143039 -0.8118554 1.897852
0.3952795 -0.7843251 1.909548
9
-0.0902568 -0.1772968 2.034121
-0.1641747 -0.1862731 2.017421
-0.01275468 -0.1617927 1.976686
-0.3524366 -0.4461237 1.905031
0.1755944 -0.441113 1.993089
-0.2984496 -0.7546195 1.93829
0.4232546 -0.7530265 2.014695
-0.3143039 -0.8118554 1.897852
0.3952795 -0.7843251 1.909548
9
-0.07079637 -0.1696189 2.035703
-0.1459754 -0.1788201 2.019158
0.007022716 -0.1542544 1.978043
-0.3249202 -0.4468874 1.911827
0.1877425 -0.4382186 1.995133
-0.2942498 -0.7549377 1.938994
0.4295268 -0.7519572 2.017629
-0.3133379 -0.8107971 1.895684
0.401112 -0.7833987 1.912654
9
-0.07079637 -0.1696189 2.035703
-0.1459754 -0.1788201 2.019158
0.007022716 -0.1542544 1.978043
-0.3249202 -0.4468874 1.911827
0.1877425 -0.4382186 1.995133
-0.2942498 -0.7549377 1.938994
0.4295268 -0.7519572 2.017629
-0.3133379 -0.8107971 1.895684
0.401112 -0.7833987 1.912654
