40
9
-0.1167893 -0.3722613 2.17982
-0.1950043 -0.3740099 2.159824
-0.03456404 -0.3579159 2.126271
-0.3757394 -0.6243239 2.089426
0.1312844 -0.6533038 2.130421
-0.3651505 -0.965679 2.10716
0.3263004 -0.9705514 2.170377
-0.3795466 -1.002624 1.973378
0.3012944 -1.007755 2.036362
9
-0.1167893 -0.3722613 2.17982
-0.1950043 -0.3740099 2.159824
-0.03456404 -0.3579159 2.126271
-0.3757394 -0.6243239 2.089426
0.1312844 -0.6533038 2.130421
-0.3651505 -0.965679 2.10716
0.3263004 -0.9705514 2.170377
-0.3795466 -1.002624 1.973378
0.3012944 -1.007755 2.036362
9
-0.1433095 -0.3846034 2.180326
-0.2203532 -0.386738 2.161166
-0.06142981 -0.3695219 2.126061
-0.4013574 -0.6230265 2.086011
0.1120681 -0.656099 2.131533
-0.3717383 -0.960573 2.102839
0.3195877 -0.9729075 2.168601
-0.3862887 -0.9981437 1.969407
0.2944117 -1.010644 2.034943
9
-0.1433095 -0.3846034 2.180326
-0.2203532 -0.386738 2.161166
-0.06142981 -0.3695219 2.126061
-0.4013574 -0.6230265 2.086011
0.1120681 -0.656099 2.131533
-0.3717383 -0.960573 2.102839
0.3195877 -0.9729075 2.168601
-0.3862887 -0.9981437 1.969407
0.2944117 -1.010644 2.034943
9
-0.1433095 -0.3846034 2.180326
-0.2203532 -0.386738 2.161166
-0.06142981 -0.3695219 2.126061
-0.4013574 -0.6230265 2.086011
0.1120681 -0.656099 2.131533
-0.3717383 -0.960573 2.102839
0.3195877 -0.9729075 2.168601
-0.3862887 -0.9981437 1.969407
0.2944117 -1.010644 2.034943
9
-0.1433095 -0.3846034 2.180326
-0.2203532 -0.386738 2.161166
-0.06142981 -0.3695219 2.126061
-0.4013574 -0.6230265 2.086011
0.1120681 -0.656099 2.131533
-0.3717383 -0.960573 2.102839
0.3195877 -0.9729075 2.168601
-0.3862887 -0.9981437 1.969407
0.2944117 -1.010644 2.034943
9
-0.1433095 -0.3846034 2.180326
-0.2203532 -0.386738 2.161166
-0.06142981 -0.3695219 2.126061
-0.4013574 -0.6230265 2.086011
0.1120681 -0.656099 2.131533
-0.3717383 -0.960573 2.102839
0.3195877 -0.9729075 2.168601
-0.3862887 -0.9981437 1.969407
0.2944117 -1.010644 2.034943
9
-0.1433095 -0.3846034 2.180326
-0.2203532 -0.386738 2.161166
-0.06142981 -0.3695219 2.126061
-0.4013574 -0.6230265 2.086011
0.1120681 -0.656099 2.131533
-0.3717383 -0.960573 2.102839
0.3195877 -0.9729075 2.168601
-0.3862887 -0.9981437 1.969407
0.2944117 -1.010644 2.034943
9
-0.2148687 -0.4300008 2.17932
-0.2902001 -0.4296665 2.158631
-0.1322722 -0.4159393 2.127066
-0.4781035 -0.6548257 2.062891
0.06023405 -0.6667857 2.13611
-0.3772305 -0.9699226 2.097067
0.306603 -0.9857829 2.164412
-0.3877819 -1.04977 2.082973
0.2841509 -1.024995 2.031239
9
-0.2148687 -0.4300008 2.17932
-0.2902001 -0.4296665 2.158631
-0.1322722 -0.4159393 2.127066
-0.4781035 -0.6548257 2.062891
0.06023405 -0.6667857 2.13611
-0.3772305 -0.9699226 2.097067
0.306603 -0.9857829 2.164412
-0.3877819 -1.04977 2.082973
0.2841509 -1.024995 2.031239
9
-0.2148687 -0.4300008 2.17932
-0.2902001 -0.4296665 2.158631
-0.1322722 -0.4159393 2.127066
-0.4781035 -0.6548257 2.062891
0.06023405 -0.6667857 2.13611
-0.3772305 -0.9699226 2.097067
0.306603 -0.9857829 2.164412
-0.3877819 -1.04977 2.082973
0.2841509 -1.024995 2.031239
9
-0.2341196 -0.4423446 2.179509
-0.3089531 -0.4407396 2.158091
-0.15144 -0.4292349 2.128155
-0.4912245 -0.6680385 2.054518
0.06038414 -0.6763612 2.139558
-0.380925 -0.9728582 2.097035
0.3056244 -0.991733 2.16125
-0.422958 -1.043135 2.058586
0.2836813 -1.031411 2.028317
9
-0.2341196 -0.4423446 2.179509
-0.3089531 -0.4407396 2.158091
-0.15144 -0.4292349 2.128155
-0.4912245 -0.6680385 2.054518
0.06038414 -0.6763612 2.139558
-0.380925 -0.9728582 2.097035
0.3056244 -0.991733 2.16125
-0.422958 -1.043135 2.058586
0.2836813 -1.031411 2.028317
9
-0.2341196 -0.4423446 2.179509
-0.3089531 -0.4407396 2.158091
-0.15144 -0.4292349 2.128155
-0.4912245 -0.6680385 2.054518
0.06038414 -0.6763612 2.139558
-0.380925 -0.9728582 2.097035
0.3056244 -0.991733 2.16125
-0.422958 -1.043135 2.058586
0.2836813 -1.031411 2.028317
9
-0.24193 -0.4482562 2.179801
-0.3171614 -0.4470461 2.158112
-0.1585809 -0.4345497 2.128749
-0.4914584 -0.6793787 2.05122
0.05804041 -0.6780342 2.14061
-0.3888384 -0.9679477 2.093569
0.3058802 -0.9945305 2.15989
-0.4140137 -1.045729 2.05548
0.2848627 -1.034422 2.026962
9
-0.24193 -0.4482562 2.179801
-0.3171614 -0.4470461 2.158112
-0.1585809 -0.4345497 2.128749
-0.4914584 -0.6793787 2.05122
0.05804041 -0.6780342 2.14061
-0.3888384 -0.9679477 2.093569
0.3058802 -0.9945305 2.15989
-0.4140137 -1.045729 2.05548
0.2848627 -1.034422 2.026962
9
-0.2487215 -0.454236 2.180484
-0.3244611 -0.4536633 2.157809
-0.164743 -0.4398002 2.130402
-0.4992778 -0.6843874 2.047406
0.0542836 -0.6807022 2.14221
-0.3891571 -0.9701079 2.094296
0.2937602 -0.9886997 2.160873
-0.4227071 -1.044814 2.062439
0.2741831 -1.02881 2.027732
9
-0.2517125 -0.4574438 2.179939
-0.3276639 -0.4575414 2.156687
-0.167405 -0.4422813 2.130401
-0.5040599 -0.6866476 2.045298
0.05067074 -0.6835817 2.143293
-0.4326357 -0.9692454 2.081976
0.2979209 -0.9941612 2.158182
-0.4749061 -1.039163 2.050998
0.3799198 -1.019276 2.102456
9
-0.2517125 -0.4574438 2.179939
-0.3276639 -0.4575414 2.156687
-0.167405 -0.4422813 2.130401
-0.5040599 -0.6866476 2.045298
0.05067074 -0.6835817 2.143293
-0.4326357 -0.9692454 2.081976
0.2979209 -0.9941612 2.158182
-0.4749061 -1.039163 2.050998
0.3799198 -1.019276 2.102456
9
-0.2551128 -0.4610957 2.179521
-0.3311949 -0.461469 2.155534
-0.1705682 -0.4455331 2.130733
-0.5061352 -0.6913677 2.04352
0.04857063 -0.6851907 2.143408
-0.4338474 -0.9712572 2.083135
0.2991053 -0.9954632 2.157728
-0.4411359 -1.011556 1.95041
0.3772701 -1.026969 2.100115
9
-0.2551128 -0.4610957 2.179521
-0.3311949 -0.461469 2.155534
-0.1705682 -0.4455331 2.130733
-0.5061352 -0.6913677 2.04352
0.04857063 -0.6851907 2.143408
-0.4338474 -0.9712572 2.083135
0.2991053 -0.9954632 2.157728
-0.4411359 -1.011556 1.95041
0.3772701 -1.026969 2.100115
9
-0.2551128 -0.4610957 2.179521
-0.3311949 -0.461469 2.155534
-0.1705682 -0.4455331 2.130733
-0.5061352 -0.6913677 2.04352
0.04857063 -0.6851907 2.143408
-0.4338474 -0.9712572 2.083135
0.2991053 -0.9954632 2.157728
-0.4411359 -1.011556 1.95041
0.3772701 -1.026969 2.100115
9
-0.2551128 -0.4610957 2.179521
-0.3311949 -0.461469 2.155534
-0.1705682 -0.4455331 2.130733
-0.5061352 -0.6913677 2.04352
0.04857063 -0.6851907 2.143408
-0.4338474 -0.9712572 2.083135
0.2991053 -0.9954632 2.157728
-0.4411359 -1.011556 1.95041
0.3772701 -1.026969 2.100115
9
-0.2567864 -0.4628376 2.178468
-0.3329213 -0.463467 2.154445
-0.1720794 -0.4469123 2.129792
-0.5096453 -0.6913127 2.040371
0.04381712 -0.683102 2.142296
-0.4331802 -0.971249 2.082282
0.299181 -0.9953045 2.157393
-0.4402433 -1.011499 1.94949
0.2808306 -1.035545 2.024225
9
-0.2567864 -0.4628376 2.178468
-0.3329213 -0.463467 2.154445
-0.1720794 -0.4469123 2.129792
-0.5096453 -0.6913127 2.040371
0.04381712 -0.683102 2.142296
-0.4331802 -0.971249 2.082282
0.299181 -0.9953045 2.157393
-0.4402433 -1.011499 1.94949
0.2808306 -1.035545 2.024225
9
-0.2567864 -0.4628376 2.178468
-0.3329213 -0.463467 2.154445
-0.1720794 -0.4469123 2.129792
-0.5096453 -0.6913127 2.040371
0.04381712 -0.683102 2.142296
-0.4331802 -0.971249 2.082282
0.299181 -0.9953045 2.157393
-0.4402433 -1.011499 1.94949
0.2808306 -1.035545 2.024225
9
-0.2567864 -0.4628376 2.178468
-0.3329213 -0.463467 2.154445
-0.1720794 -0.4469123 2.129792
-0.5096453 -0.6913127 2.040371
0.04381712 -0.683102 2.142296
-0.4331802 -0.971249 2.082282
0.299181 -0.9953045 2.157393
-0.4402433 -1.011499 1.94949
0.2808306 -1.035545 2.024225
9
-0.2567864 -0.4628376 2.178468
-0.3329213 -0.463467 2.154445
-0.1720794 -0.4469123 2.129792
-0.5096453 -0.6913127 2.040371
0.04381712 -0.683102 2.142296
-0.4331802 -0.971249 2.082282
0.299181 -0.9953045 2.157393
-0.4402433 -1.011499 1.94949
0.2808306 -1.035545 2.024225
9
-0.2567864 -0.4628376 2.178468
-0.3329213 -0.463467 2.154445
-0.1720794 -0.4469123 2.129792
-0.5096453 -0.6913127 2.040371
0.04381712 -0.683102 2.142296
-0.4331802 -0.971249 2.082282
0.299181 -0.9953045 2.157393
-0.4402433 -1.011499 1.94949
0.2808306 -1.035545 2.024225
9
-0.2557435 -0.462391 2.178023
-0.3316726 -0.4631309 2.153978
-0.171222 -0.4463474 2.129369
-0.5086516 -0.6908635 2.040099
0.04428247 -0.6832067 2.142255
-0.4190823 -0.9730629 2.085955
0.3003893 -0.9959291 2.15778
-0.4263673 -1.013244 1.953088
0.2820237 -1.036116 2.024578
9
-0.2557435 -0.462391 2.178023
-0.3316726 -0.4631309 2.153978
-0.171222 -0.4463474 2.129369
-0.5086516 -0.6908635 2.040099
0.04428247 -0.6832067 2.142255
-0.4190823 -0.9730629 2.085955
0.3003893 -0.9959291 2.15778
-0.4263673 -1.013244 1.953088
0.2820237 -1.036116 2.024578
9
-0.2557435 -0.462391 2.178023
-0.3316726 -0.4631309 2.153978
-0.171222 -0.4463474 2.129369
-0.5086516 -0.6908635 2.040099
0.04428247 -0.6832067 2.142255
-0.4190823 -0.9730629 2.085955
0.3003893 -0.9959291 2.15778
-0.4263673 -1.013244 1.953088
0.2820237 -1.036116 2.024578
9
-0.2557435 -0.462391 2.178023
-0.3316726 -0.4631309 2.153978
-0.171222 -0.4463474 2.129369
-0.5086516 -0.6908635 2.040099
0.04428247 -0.6832067 2.142255
-0.4190823 -0.9730629 2.085955
0.3003893 -0.9959291 2.15778
-0.4263673 -1.013244 1.953088
0.2820237 -1.036116 2.024578
9
-0.2557435 -0.462391 2.178023
-0.3316726 -0.4631309 2.153978
-0.171222 -0.4463474 2.129369
-0.5086516 -0.6908635 2.040099
0.04428247 -0.6832067 2.142255
-0.4190823 -0.9730629 2.085955
0.3003893 -0.9959291 2.15778
-0.4263673 -1.013244 1.953088
0.2820237 -1.036116 2.024578
9
-0.2273715 -0.4418836 2.175618
-0.302926 -0.4440904 2.152544
-0.1440281 -0.4248133 2.125836
-0.4818609 -0.673624 2.047421
0.05885002 -0.6845213 2.143091
-0.3967953 -0.9744464 2.093478
0.3064283 -0.9977381 2.159157
-0.4052484 -1.014175 1.960381
0.2871636 -1.037461 2.025811
9
-0.2273715 -0.4418836 2.175618
-0.302926 -0.4440904 2.152544
-0.1440281 -0.4248133 2.125836
-0.4818609 -0.673624 2.047421
0.05885002 -0.6845213 2.143091
-0.3967953 -0.9744464 2.093478
0.3064283 -0.9977381 2.159157
-0.4052484 -1.014175 1.960381
0.2871636 -1.037461 2.025811
9
-0.2273715 -0.4418836 2.175618
-0.302926 -0.4440904 2.152544
-0.1440281 -0.4248133 2.125836
-0.4818609 -0.673624 2.047421
0.05885002 -0.6845213 2.143091
-0.3967953 -0.9744464 2.093478
0.3064283 -0.9977381 2.159157
-0.4052484 -1.014175 1.960381
0.2871636 -1.037461 2.025811
9
-0.1955359 -0.4248903 2.176007
-0.2722413 -0.4295923 2.154488
-0.112126 -0.4057956 2.124414
-0.4571442 -0.6564508 2.054331
0.07258223 -0.6719857 2.142424
-0.3913649 -0.9694914 2.091052
0.3012559 -0.9906923 2.164776
-0.4008558 -1.009088 1.957942
0.2811058 -1.030356 2.031386
9
-0.1955359 -0.4248903 2.176007
-0.2722413 -0.4295923 2.154488
-0.112126 -0.4057956 2.124414
-0.4571442 -0.6564508 2.054331
0.07258223 -0.6719857 2.142424
-0.3913649 -0.9694914 2.091052
0.3012559 -0.9906923 2.164776
-0.4008558 -1.009088 1.957942
0.2811058 -1.030356 2.031386
9
-0.1955359 -0.4248903 2.176007
-0.2722413 -0.4295923 2.154488
-0.112126 -0.4057956 2.124414
-0.4571442 -0.6564508 2.054331
0.07258223 -0.6719857 2.142424
-0.3913649 -0.9694914 2.091052
0.3012559 -0.9906923 2.164776
-0.4008558 -1.009088 1.957942
0.2811058 -1.030356 2.031386
