40
9
-0.07874134 -0.1575387 2.007935
-0.1520376 -0.1628212 1.984776
-0.002524287 -0.1464233 1.956854
-0.3379105 -0.437048 1.905471
0.1690201 -0.4341829 1.92735
-0.2422076 -0.7501222 1.912791
0.4302239 -0.7445076 1.982257
-0.2574657 -0.7774244 1.803927
0.4034874 -0.7724637 1.873654
9
-0.07874134 -0.1575387 2.007935
-0.1520376 -0.1628212 1.984776
-0.002524287 -0.1464233 1.956854
-0.3379105 -0.437048 1.905471
0.1690201 -0.4341829 1.92735
-0.2422076 -0.7501222 1.912791
0.4302239 -0.7445076 1.982257
-0.2574657 -0.7774244 1.803927
0.4034874 -0.7724637 1.873654
9
-0.07874134 -0.1575387 2.007935
-0.1520376 -0.1628212 1.984776
-0.002524287 -0.1464233 1.956854
-0.3379105 -0.437048 1.905471
0.1690201 -0.4341829 1.92735
-0.2422076 -0.7501222 1.912791
0.4302239 -0.7445076 1.982257
-0.2574657 -0.7774244 1.803927
0.4034874 -0.7724637 1.873654
9
-0.07874134 -0.1575387 2.007935
-0.1520376 -0.1628212 1.984776
-0.002524287 -0.1464233 1.956854
-0.3379105 -0.437048 1.905471
0.1690201 -0.4341829 1.92735
-0.2422076 -0.7501222 1.912791
0.4302239 -0.7445076 1.982257
-0.2574657 -0.7774244 1.803927
0.4034874 -0.7724637 1.873654
9
-0.1010654 -0.1664256 2.01017
-0.1752336 -0.1724139 1.986333
-0.02315644 -0.1543221 1.959769
-0.3556512 -0.4492523 1.903532
0.1514326 -0.4398247 1.938153
-0.2438832 -0.7498212 1.91291
0.4143702 -0.7502356 1.986468
-0.2454267 -0.8106849 1.872969
0.3893009 -0.7788321 1.877888
9
-0.1010654 -0.1664256 2.01017
-0.1752336 -0.1724139 1.986333
-0.02315644 -0.1543221 1.959769
-0.3556512 -0.4492523 1.903532
0.1514326 -0.4398247 1.938153
-0.2438832 -0.7498212 1.91291
0.4143702 -0.7502356 1.986468
-0.2454267 -0.8106849 1.872969
0.3893009 -0.7788321 1.877888
9
-0.1075784 -0.1681408 2.011484
-0.1817456 -0.1746452 1.987745
-0.02942916 -0.1554751 1.961022
-0.3616751 -0.4514312 1.903381
0.1457707 -0.4404143 1.942285
-0.2461185 -0.7494323 1.913021
0.4089052 -0.7513713 1.987306
-0.2472031 -0.810438 1.874472
0.3839739 -0.7801833 1.878837
9
-0.1075784 -0.1681408 2.011484
-0.1817456 -0.1746452 1.987745
-0.02942916 -0.1554751 1.961022
-0.3616751 -0.4514312 1.903381
0.1457707 -0.4404143 1.942285
-0.2461185 -0.7494323 1.913021
0.4089052 -0.7513713 1.987306
-0.2472031 -0.810438 1.874472
0.3839739 -0.7801833 1.878837
9
-0.1147145 -0.1692635 2.014549
-0.1880707 -0.1759153 1.990785
-0.03713337 -0.1563849 1.964132
-0.3662523 -0.4532872 1.903606
0.1394388 -0.4402304 1.948803
-0.2489032 -0.750167 1.91408
0.4033036 -0.7515323 1.989061
-0.2633355 -0.7787942 1.805781
0.4791411 -0.7923843 1.933722
9
-0.1147145 -0.1692635 2.014549
-0.1880707 -0.1759153 1.990785
-0.03713337 -0.1563849 1.964132
-0.3662523 -0.4532872 1.903606
0.1394388 -0.4402304 1.948803
-0.2489032 -0.750167 1.91408
0.4033036 -0.7515323 1.989061
-0.2633355 -0.7787942 1.805781
0.4791411 -0.7923843 1.933722
9
-0.1208676 -0.1695814 2.016837
-0.1942343 -0.1764086 1.993563
-0.04304076 -0.1565282 1.965973
-0.3698965 -0.4548368 1.90355
0.1350003 -0.4392102 1.953673
-0.2494172 -0.7508503 1.914689
0.4006826 -0.7498067 1.989458
-0.2495679 -0.8116785 1.873516
0.4760941 -0.7908541 1.932813
9
-0.1208676 -0.1695814 2.016837
-0.1942343 -0.1764086 1.993563
-0.04304076 -0.1565282 1.965973
-0.3698965 -0.4548368 1.90355
0.1350003 -0.4392102 1.953673
-0.2494172 -0.7508503 1.914689
0.4006826 -0.7498067 1.989458
-0.2495679 -0.8116785 1.873516
0.4760941 -0.7908541 1.932813
9
-0.1240823 -0.1694075 2.018146
-0.1973292 -0.1762685 1.995206
-0.04626185 -0.1563269 1.966968
-0.371605 -0.4555334 1.905202
0.132356 -0.438368 1.957391
-0.2496007 -0.7508569 1.914996
0.3967556 -0.7503592 1.99145
-0.2500309 -0.8116086 1.873253
0.4723535 -0.7899829 1.932119
9
-0.1240823 -0.1694075 2.018146
-0.1973292 -0.1762685 1.995206
-0.04626185 -0.1563269 1.966968
-0.371605 -0.4555334 1.905202
0.132356 -0.438368 1.957391
-0.2496007 -0.7508569 1.914996
0.3967556 -0.7503592 1.99145
-0.2500309 -0.8116086 1.873253
0.4723535 -0.7899829 1.932119
9
-0.1260574 -0.1687371 2.019441
-0.1993994 -0.1756135 1.996792
-0.04806412 -0.1556708 1.967993
-0.372777 -0.4553518 1.906344
0.1304957 -0.4376297 1.95963
-0.2512653 -0.7503095 1.915439
0.3952577 -0.7497507 1.991074
-0.2645597 -0.7794857 1.80718
0.4705045 -0.7896158 1.93104
9
-0.1260574 -0.1687371 2.019441
-0.1993994 -0.1756135 1.996792
-0.04806412 -0.1556708 1.967993
-0.372777 -0.4553518 1.906344
0.1304957 -0.4376297 1.95963
-0.2512653 -0.7503095 1.915439
0.3952577 -0.7497507 1.991074
-0.2645597 -0.7794857 1.80718
0.4705045 -0.7896158 1.93104
9
-0.127181 -0.1681185 2.020436
-0.2005166 -0.1750448 1.997813
-0.04914121 -0.1550294 1.96895
-0.3733926 -0.455141 1.907659
0.1290437 -0.4371465 1.961357
-0.2515047 -0.7504357 1.915587
0.3932357 -0.7499427 1.991601
-0.2514867 -0.8112596 1.87416
0.4685834 -0.7893481 1.930875
9
-0.127181 -0.1681185 2.020436
-0.2005166 -0.1750448 1.997813
-0.04914121 -0.1550294 1.96895
-0.3733926 -0.455141 1.907659
0.1290437 -0.4371465 1.961357
-0.2515047 -0.7504357 1.915587
0.3932357 -0.7499427 1.991601
-0.2514867 -0.8112596 1.87416
0.4685834 -0.7893481 1.930875
9
-0.1271316 -0.1669821 2.021451
-0.2004728 -0.1741173 1.998765
-0.04908392 -0.1537077 1.970019
-0.3737209 -0.4541256 1.90937
0.1284195 -0.4363223 1.962052
-0.2530451 -0.7484549 1.915551
0.3921693 -0.7495697 1.991827
-0.2518008 -0.8093682 1.874069
0.467417 -0.7891043 1.930969
9
-0.1271316 -0.1669821 2.021451
-0.2004728 -0.1741173 1.998765
-0.04908392 -0.1537077 1.970019
-0.3737209 -0.4541256 1.90937
0.1284195 -0.4363223 1.962052
-0.2530451 -0.7484549 1.915551
0.3921693 -0.7495697 1.991827
-0.2518008 -0.8093682 1.874069
0.467417 -0.7891043 1.930969
9
-0.1255558 -0.1652019 2.022612
-0.1989609 -0.1723569 2.000473
-0.04745053 -0.1519209 1.970694
-0.3720751 -0.4524791 1.910915
0.1286626 -0.4353707 1.962978
-0.2531903 -0.7479461 1.915638
0.3918969 -0.7491102 1.992371
-0.2661623 -0.7773611 1.807408
0.4667907 -0.7889429 1.930981
9
-0.1255558 -0.1652019 2.022612
-0.1989609 -0.1723569 2.000473
-0.04745053 -0.1519209 1.970694
-0.3720751 -0.4524791 1.910915
0.1286626 -0.4353707 1.962978
-0.2531903 -0.7479461 1.915638
0.3918969 -0.7491102 1.992371
-0.2661623 -0.7773611 1.807408
0.4667907 -0.7889429 1.930981
9
-0.1210248 -0.1626838 2.02403
-0.1951421 -0.1701904 2.00213
-0.04232028 -0.1491371 1.971785
-0.3681763 -0.4505576 1.913169
0.1306572 -0.4344184 1.964428
-0.2534001 -0.7476982 1.915783
0.3924872 -0.7494316 1.993013
-0.2671642 -0.7771872 1.807778
0.4673043 -0.7888717 1.930695
9
-0.1210248 -0.1626838 2.02403
-0.1951421 -0.1701904 2.00213
-0.04232028 -0.1491371 1.971785
-0.3681763 -0.4505576 1.913169
0.1306572 -0.4344184 1.964428
-0.2534001 -0.7476982 1.915783
0.3924872 -0.7494316 1.993013
-0.2671642 -0.7771872 1.807778
0.4673043 -0.7888717 1.930695
9
-0.1086612 -0.1566874 2.025904
-0.1840857 -0.1651435 2.004524
-0.02909739 -0.1423959 1.973016
-0.3603423 -0.4438173 1.916054
0.1338708 -0.4333829 1.965733
-0.2533504 -0.7471031 1.916079
0.3935623 -0.7502251 1.993666
-0.2669416 -0.7765443 1.807991
0.468297 -0.7893895 1.930679
9
-0.1086612 -0.1566874 2.025904
-0.1840857 -0.1651435 2.004524
-0.02909739 -0.1423959 1.973016
-0.3603423 -0.4438173 1.916054
0.1338708 -0.4333829 1.965733
-0.2533504 -0.7471031 1.916079
0.3935623 -0.7502251 1.993666
-0.2669416 -0.7765443 1.807991
0.468297 -0.7893895 1.930679
9
-0.1012305 -0.152737 2.02756
-0.1761557 -0.1603305 2.006963
-0.02243184 -0.1393931 1.97397
-0.3453619 -0.4438298 1.920026
0.1405047 -0.4302962 1.967314
-0.2532026 -0.7469236 1.916353
0.3957712 -0.750731 1.994786
-0.2675954 -0.7760967 1.808303
0.4701928 -0.7905219 1.932127
9
-0.1012305 -0.152737 2.02756
-0.1761557 -0.1603305 2.006963
-0.02243184 -0.1393931 1.97397
-0.3453619 -0.4438298 1.920026
0.1405047 -0.4302962 1.967314
-0.2532026 -0.7469236 1.916353
0.3957712 -0.750731 1.994786
-0.2675954 -0.7760967 1.808303
0.4701928 -0.7905219 1.932127
9
-0.0888431 -0.1458427 2.028508
-0.1639188 -0.1532443 2.008787
-0.01040876 -0.1330211 1.973991
-0.3336167 -0.4371104 1.924192
0.155324 -0.4221021 1.969155
-0.2508033 -0.7476224 1.9175
0.3997752 -0.7507406 1.99692
-0.2659797 -0.7766665 1.809566
0.4731514 -0.790985 1.932394
9
-0.0888431 -0.1458427 2.028508
-0.1639188 -0.1532443 2.008787
-0.01040876 -0.1330211 1.973991
-0.3336167 -0.4371104 1.924192
0.155324 -0.4221021 1.969155
-0.2508033 -0.7476224 1.9175
0.3997752 -0.7507406 1.99692
-0.2659797 -0.7766665 1.809566
0.4731514 -0.790985 1.932394
9
-0.07079833 -0.1377355 2.029557
-0.1463661 -0.1455373 2.010777
0.007469085 -0.124843 1.974013
-0.3108711 -0.4334545 1.93057
0.1676364 -0.4168932 1.969732
-0.2467656 -0.7490634 1.919231
0.4025572 -0.7457946 2.00011
-0.2624471 -0.77789 1.811296
0.4750377 -0.7900075 1.940605
9
-0.07079833 -0.1377355 2.029557
-0.1463661 -0.1455373 2.010777
0.007469085 -0.124843 1.974013
-0.3108711 -0.4334545 1.93057
0.1676364 -0.4168932 1.969732
-0.2467656 -0.7490634 1.919231
0.4025572 -0.7457946 2.00011
-0.2624471 -0.77789 1.811296
0.4750377 -0.7900075 1.940605
9
-0.04686916 -0.1271655 2.029508
-0.1226052 -0.1350512 2.010451
0.03064591 -0.1146085 1.974179
-0.2728795 -0.4318089 1.935418
0.1964116 -0.4128529 1.970564
-0.2433824 -0.7505001 1.919517
0.4223421 -0.7498899 2.003211
-0.2600508 -0.7791317 1.811741
0.4810007 -0.7929701 1.9415
9
-0.04686916 -0.1271655 2.029508
-0.1226052 -0.1350512 2.010451
0.03064591 -0.1146085 1.974179
-0.2728795 -0.4318089 1.935418
0.1964116 -0.4128529 1.970564
-0.2433824 -0.7505001 1.919517
0.4223421 -0.7498899 2.003211
-0.2600508 -0.7791317 1.811741
0.4810007 -0.7929701 1.9415
9
-0.02610417 -0.1200347 2.029881
-0.1032863 -0.1287509 2.011317
0.05215704 -0.1068699 1.973995
-0.2605497 -0.42225 1.936732
0.2092614 -0.4099838 1.969751
-0.2403201 -0.7503607 1.919958
0.4279967 -0.7483264 2.003825
-0.2572489 -0.7788634 1.812173
0.4859919 -0.7948594 1.946755
9
-0.02610417 -0.1200347 2.029881
-0.1032863 -0.1287509 2.011317
0.05215704 -0.1068699 1.973995
-0.2605497 -0.42225 1.936732
0.2092614 -0.4099838 1.969751
-0.2403201 -0.7503607 1.919958
0.4279967 -0.7483264 2.003825
-0.2572489 -0.7788634 1.812173
0.4859919 -0.7948594 1.946755
9
-0.001890721 -0.1139984 2.030263
-0.07977824 -0.123734 2.012568
0.07617658 -0.1000403 1.973494
-0.2336939 -0.4197275 1.941424
0.2298375 -0.4056224 1.970476
-0.2366529 -0.7484773 1.921517
0.4359967 -0.7443032 2.005576
-0.254077 -0.776657 1.813649
0.489519 -0.7939158 1.948272
9
-0.001890721 -0.1139984 2.030263
-0.07977824 -0.123734 2.012568
0.07617658 -0.1000403 1.973494
-0.2336939 -0.4197275 1.941424
0.2298375 -0.4056224 1.970476
-0.2366529 -0.7484773 1.921517
0.4359967 -0.7443032 2.005576
-0.254077 -0.776657 1.813649
0.489519 -0.7939158 1.948272
9
0.02294719 -0.1071168 2.029684
-0.05377007 -0.1173838 2.013185
0.09900849 -0.09291831 1.971795
-0.2034592 -0.4162107 1.944857
0.2521339 -0.405153 1.971341
-0.2317607 -0.7465032 1.923074
0.4422386 -0.7388597 2.00906
-0.249312 -0.7743955 1.815027
0.4939495 -0.7940809 1.950753
9
0.02294719 -0.1071168 2.029684
-0.05377007 -0.1173838 2.013185
0.09900849 -0.09291831 1.971795
-0.2034592 -0.4162107 1.944857
0.2521339 -0.405153 1.971341
-0.2317607 -0.7465032 1.923074
0.4422386 -0.7388597 2.00906
-0.249312 -0.7743955 1.815027
0.4939495 -0.7940809 1.950753
