40
9
-0.205598 -0.4389766 2.126024
-0.2794363 -0.4395473 2.109911
-0.1246937 -0.423435 2.06949
-0.4962702 -0.6561444 1.993002
0.09894104 -0.6786929 2.108722
-0.4033478 -0.9736217 2.053919
0.3360678 -0.9940508 2.148847
-0.4459831 -1.046993 2.017574
0.4288875 -1.03198 2.091228
9
-0.205598 -0.4389766 2.126024
-0.2794363 -0.4395473 2.109911
-0.1246937 -0.423435 2.06949
-0.4962702 -0.6561444 1.993002
0.09894104 -0.6786929 2.108722
-0.4033478 -0.9736217 2.053919
0.3360678 -0.9940508 2.148847
-0.4459831 -1.046993 2.017574
0.4288875 -1.03198 2.091228
9
-0.2225925 -0.44976 2.124558
-0.295895 -0.449361 2.107906
-0.1416229 -0.4348344 2.068708
-0.5088153 -0.6678457 1.986921
0.08450403 -0.675836 2.105439
-0.4060003 -0.9738218 2.051183
0.3317281 -0.9895182 2.147117
-0.4436572 -1.048056 2.001049
0.2999213 -1.0299 2.012292
9
-0.2277362 -0.4546384 2.12421
-0.3019215 -0.4551956 2.106722
-0.1458354 -0.4387293 2.069091
-0.5155988 -0.6721146 1.984068
0.0775818 -0.6760498 2.105141
-0.411095 -0.9728689 2.050751
0.3279418 -0.9875358 2.14561
-0.4459776 -1.049911 2.012073
0.429079 -1.031617 2.098513
9
-0.2277362 -0.4546384 2.12421
-0.3019215 -0.4551956 2.106722
-0.1458354 -0.4387293 2.069091
-0.5155988 -0.6721146 1.984068
0.0775818 -0.6760498 2.105141
-0.411095 -0.9728689 2.050751
0.3279418 -0.9875358 2.14561
-0.4459776 -1.049911 2.012073
0.429079 -1.031617 2.098513
9
-0.2339631 -0.4602442 2.12317
-0.3088365 -0.4614077 2.105213
-0.151109 -0.4434774 2.068583
-0.5235932 -0.6760552 1.979984
0.07121076 -0.676008 2.104267
-0.4123316 -0.9719704 2.049387
0.3230222 -0.9865593 2.143748
-0.4478116 -1.048753 2.010953
0.4279039 -1.030661 2.100506
9
-0.2339631 -0.4602442 2.12317
-0.3088365 -0.4614077 2.105213
-0.151109 -0.4434774 2.068583
-0.5235932 -0.6760552 1.979984
0.07121076 -0.676008 2.104267
-0.4123316 -0.9719704 2.049387
0.3230222 -0.9865593 2.143748
-0.4478116 -1.048753 2.010953
0.4279039 -1.030661 2.100506
9
-0.2505406 -0.4676656 2.122452
-0.324984 -0.4676565 2.104391
-0.1674853 -0.4517975 2.068167
-0.5323058 -0.6869781 1.973876
0.06645474 -0.676443 2.103777
-0.4174301 -0.9708698 2.045293
0.3178355 -0.987559 2.142162
-0.4451785 -1.050922 2.010301
0.4340707 -1.035468 2.095684
9
-0.2505406 -0.4676656 2.122452
-0.324984 -0.4676565 2.104391
-0.1674853 -0.4517975 2.068167
-0.5323058 -0.6869781 1.973876
0.06645474 -0.676443 2.103777
-0.4174301 -0.9708698 2.045293
0.3178355 -0.987559 2.142162
-0.4451785 -1.050922 2.010301
0.4340707 -1.035468 2.095684
9
-0.2505406 -0.4676656 2.122452
-0.324984 -0.4676565 2.104391
-0.1674853 -0.4517975 2.068167
-0.5323058 -0.6869781 1.973876
0.06645474 -0.676443 2.103777
-0.4174301 -0.9708698 2.045293
0.3178355 -0.987559 2.142162
-0.4451785 -1.050922 2.010301
0.4340707 -1.035468 2.095684
9
-0.2505406 -0.4676656 2.122452
-0.324984 -0.4676565 2.104391
-0.1674853 -0.4517975 2.068167
-0.5323058 -0.6869781 1.973876
0.06645474 -0.676443 2.103777
-0.4174301 -0.9708698 2.045293
0.3178355 -0.987559 2.142162
-0.4451785 -1.050922 2.010301
0.4340707 -1.035468 2.095684
9
-0.2505406 -0.4676656 2.122452
-0.324984 -0.4676565 2.104391
-0.1674853 -0.4517975 2.068167
-0.5323058 -0.6869781 1.973876
0.06645474 -0.676443 2.103777
-0.4174301 -0.9708698 2.045293
0.3178355 -0.987559 2.142162
-0.4451785 -1.050922 2.010301
0.4340707 -1.035468 2.095684
9
-0.282641 -0.4795669 2.160427
-0.3540926 -0.4792646 2.14054
-0.2008789 -0.4635333 2.10718
-0.5402469 -0.6910526 1.959517
0.05500028 -0.6747715 2.101376
-0.4322613 -0.962314 2.035968
0.3095976 -0.9835606 2.13878
-0.4361669 -1.047348 2.014254
0.4266107 -1.030831 2.09547
9
-0.282641 -0.4795669 2.160427
-0.3540926 -0.4792646 2.14054
-0.2008789 -0.4635333 2.10718
-0.5402469 -0.6910526 1.959517
0.05500028 -0.6747715 2.101376
-0.4322613 -0.962314 2.035968
0.3095976 -0.9835606 2.13878
-0.4361669 -1.047348 2.014254
0.4266107 -1.030831 2.09547
9
-0.282641 -0.4795669 2.160427
-0.3540926 -0.4792646 2.14054
-0.2008789 -0.4635333 2.10718
-0.5402469 -0.6910526 1.959517
0.05500028 -0.6747715 2.101376
-0.4322613 -0.962314 2.035968
0.3095976 -0.9835606 2.13878
-0.4361669 -1.047348 2.014254
0.4266107 -1.030831 2.09547
9
-0.282641 -0.4795669 2.160427
-0.3540926 -0.4792646 2.14054
-0.2008789 -0.4635333 2.10718
-0.5402469 -0.6910526 1.959517
0.05500028 -0.6747715 2.101376
-0.4322613 -0.962314 2.035968
0.3095976 -0.9835606 2.13878
-0.4361669 -1.047348 2.014254
0.4266107 -1.030831 2.09547
9
-0.282641 -0.4795669 2.160427
-0.3540926 -0.4792646 2.14054
-0.2008789 -0.4635333 2.10718
-0.5402469 -0.6910526 1.959517
0.05500028 -0.6747715 2.101376
-0.4322613 -0.962314 2.035968
0.3095976 -0.9835606 2.13878
-0.4361669 -1.047348 2.014254
0.4266107 -1.030831 2.09547
9
-0.282641 -0.4795669 2.160427
-0.3540926 -0.4792646 2.14054
-0.2008789 -0.4635333 2.10718
-0.5402469 -0.6910526 1.959517
0.05500028 -0.6747715 2.101376
-0.4322613 -0.962314 2.035968
0.3095976 -0.9835606 2.13878
-0.4361669 -1.047348 2.014254
0.4266107 -1.030831 2.09547
9
-0.282641 -0.4795669 2.160427
-0.3540926 -0.4792646 2.14054
-0.2008789 -0.4635333 2.10718
-0.5402469 -0.6910526 1.959517
0.05500028 -0.6747715 2.101376
-0.4322613 -0.962314 2.035968
0.3095976 -0.9835606 2.13878
-0.4361669 -1.047348 2.014254
0.4266107 -1.030831 2.09547
9
-0.282641 -0.4795669 2.160427
-0.3540926 -0.4792646 2.14054
-0.2008789 -0.4635333 2.10718
-0.5402469 -0.6910526 1.959517
0.05500028 -0.6747715 2.101376
-0.4322613 -0.962314 2.035968
0.3095976 -0.9835606 2.13878
-0.4361669 -1.047348 2.014254
0.4266107 -1.030831 2.09547
9
-0.282641 -0.4795669 2.160427
-0.3540926 -0.4792646 2.14054
-0.2008789 -0.4635333 2.10718
-0.5402469 -0.6910526 1.959517
0.05500028 -0.6747715 2.101376
-0.4322613 -0.962314 2.035968
0.3095976 -0.9835606 2.13878
-0.4361669 -1.047348 2.014254
0.4266107 -1.030831 2.09547
9
-0.264991 -0.4845975 2.162622
-0.3404955 -0.4859707 2.138293
-0.1783877 -0.4667565 2.115699
-0.5797552 -0.6037356 1.927458
0.08947436 -0.6451922 2.099712
-0.4961172 -0.9920385 1.988261
0.3228094 -0.9704775 2.135009
-0.4111066 -1.014897 2.009869
0.2947033 -1.016983 2.002634
9
-0.264991 -0.4845975 2.162622
-0.3404955 -0.4859707 2.138293
-0.1783877 -0.4667565 2.115699
-0.5797552 -0.6037356 1.927458
0.08947436 -0.6451922 2.099712
-0.4961172 -0.9920385 1.988261
0.3228094 -0.9704775 2.135009
-0.4111066 -1.014897 2.009869
0.2947033 -1.016983 2.002634
9
-0.264991 -0.4845975 2.162622
-0.3404955 -0.4859707 2.138293
-0.1783877 -0.4667565 2.115699
-0.5797552 -0.6037356 1.927458
0.08947436 -0.6451922 2.099712
-0.4961172 -0.9920385 1.988261
0.3228094 -0.9704775 2.135009
-0.4111066 -1.014897 2.009869
0.2947033 -1.016983 2.002634
9
-0.2422303 -0.483848 2.127227
-0.320018 -0.4871241 2.099495
-0.1560553 -0.4642023 2.082747
-0.5895494 -0.6045588 1.94174
0.09472074 -0.6535534 2.109784
-0.5043842 -0.9921974 2.004356
0.3272198 -0.979327 2.145123
-0.4154235 -1.01517 2.022927
0.3135007 -1.065252 2.106609
9
-0.2422303 -0.483848 2.127227
-0.320018 -0.4871241 2.099495
-0.1560553 -0.4642023 2.082747
-0.5895494 -0.6045588 1.94174
0.09472074 -0.6535534 2.109784
-0.5043842 -0.9921974 2.004356
0.3272198 -0.979327 2.145123
-0.4154235 -1.01517 2.022927
0.3135007 -1.065252 2.106609
9
-0.2421545 -0.4730771 2.126542
-0.3196269 -0.4766502 2.103101
-0.1563474 -0.4516259 2.077021
-0.5279481 -0.6924577 1.966484
0.0601711 -0.678835 2.099528
-0.4199696 -0.9704547 2.039922
0.3105911 -0.9907645 2.137745
-0.4366925 -1.013939 1.906565
0.312488 -1.075788 2.119467
9
-0.2421545 -0.4730771 2.126542
-0.3196269 -0.4766502 2.103101
-0.1563474 -0.4516259 2.077021
-0.5279481 -0.6924577 1.966484
0.0601711 -0.678835 2.099528
-0.4199696 -0.9704547 2.039922
0.3105911 -0.9907645 2.137745
-0.4366925 -1.013939 1.906565
0.312488 -1.075788 2.119467
9
-0.2421545 -0.4730771 2.126542
-0.3196269 -0.4766502 2.103101
-0.1563474 -0.4516259 2.077021
-0.5279481 -0.6924577 1.966484
0.0601711 -0.678835 2.099528
-0.4199696 -0.9704547 2.039922
0.3105911 -0.9907645 2.137745
-0.4366925 -1.013939 1.906565
0.312488 -1.075788 2.119467
9
-0.2421545 -0.4730771 2.126542
-0.3196269 -0.4766502 2.103101
-0.1563474 -0.4516259 2.077021
-0.5279481 -0.6924577 1.966484
0.0601711 -0.678835 2.099528
-0.4199696 -0.9704547 2.039922
0.3105911 -0.9907645 2.137745
-0.4366925 -1.013939 1.906565
0.312488 -1.075788 2.119467
9
-0.2346866 -0.459366 2.128828
-0.3115977 -0.4610346 2.108544
-0.1498615 -0.4412842 2.076844
-0.5140239 -0.682606 1.971453
0.0710377 -0.6780093 2.099755
-0.4174882 -0.9682847 2.040475
0.3113401 -0.9970788 2.14107
-0.4338647 -1.011885 1.90706
0.4338784 -1.03162 2.096327
9
-0.2346866 -0.459366 2.128828
-0.3115977 -0.4610346 2.108544
-0.1498615 -0.4412842 2.076844
-0.5140239 -0.682606 1.971453
0.0710377 -0.6780093 2.099755
-0.4174882 -0.9682847 2.040475
0.3113401 -0.9970788 2.14107
-0.4338647 -1.011885 1.90706
0.4338784 -1.03162 2.096327
9
-0.2346866 -0.459366 2.128828
-0.3115977 -0.4610346 2.108544
-0.1498615 -0.4412842 2.076844
-0.5140239 -0.682606 1.971453
0.0710377 -0.6780093 2.099755
-0.4174882 -0.9682847 2.040475
0.3113401 -0.9970788 2.14107
-0.4338647 -1.011885 1.90706
0.4338784 -1.03162 2.096327
9
-0.2088217 -0.4400032 2.129746
-0.2849948 -0.4426097 2.110099
-0.12563 -0.4223522 2.07679
-0.486983 -0.6695357 1.983544
0.09208883 -0.6731035 2.099111
-0.4168323 -0.9651557 2.038811
0.3184199 -0.9968745 2.14148
-0.4311707 -1.007982 1.904478
0.2926348 -1.039792 2.006796
9
-0.2088217 -0.4400032 2.129746
-0.2849948 -0.4426097 2.110099
-0.12563 -0.4223522 2.07679
-0.486983 -0.6695357 1.983544
0.09208883 -0.6731035 2.099111
-0.4168323 -0.9651557 2.038811
0.3184199 -0.9968745 2.14148
-0.4311707 -1.007982 1.904478
0.2926348 -1.039792 2.006796
9
-0.2088217 -0.4400032 2.129746
-0.2849948 -0.4426097 2.110099
-0.12563 -0.4223522 2.07679
-0.486983 -0.6695357 1.983544
0.09208883 -0.6731035 2.099111
-0.4168323 -0.9651557 2.038811
0.3184199 -0.9968745 2.14148
-0.4311707 -1.007982 1.904478
0.2926348 -1.039792 2.006796
9
-0.1828501 -0.4280812 2.131112
-0.2608341 -0.4329813 2.111744
-0.09837253 -0.4083199 2.077649
-0.4659063 -0.6607431 1.993754
0.1018595 -0.671056 2.098091
-0.4096718 -0.96866 2.043546
0.3218979 -0.9921653 2.143031
-0.4249443 -1.011608 1.909454
0.4010158 -1.032666 2.098987
9
-0.1828501 -0.4280812 2.131112
-0.2608341 -0.4329813 2.111744
-0.09837253 -0.4083199 2.077649
-0.4659063 -0.6607431 1.993754
0.1018595 -0.671056 2.098091
-0.4096718 -0.96866 2.043546
0.3218979 -0.9921653 2.143031
-0.4249443 -1.011608 1.909454
0.4010158 -1.032666 2.098987
9
-0.1693116 -0.4203674 2.13358
-0.2489846 -0.4248916 2.113476
-0.0836397 -0.4014301 2.080805
-0.4483115 -0.659399 2.000021
0.1109671 -0.664672 2.095665
-0.4086943 -0.9650886 2.044227
0.325851 -0.988743 2.144639
-0.4233754 -1.007364 1.909572
0.2997491 -1.031213 2.00963
9
-0.1693116 -0.4203674 2.13358
-0.2489846 -0.4248916 2.113476
-0.0836397 -0.4014301 2.080805
-0.4483115 -0.659399 2.000021
0.1109671 -0.664672 2.095665
-0.4086943 -0.9650886 2.044227
0.325851 -0.988743 2.144639
-0.4233754 -1.007364 1.909572
0.2997491 -1.031213 2.00963
