40
9
-0.1057041 -0.3710119 2.159173
-0.1832035 -0.3743681 2.145681
-0.02451537 -0.3550147 2.099135
-0.3490903 -0.6312591 2.051592
0.1601999 -0.6672498 2.135998
-0.3670958 -0.9715852 2.084687
0.3444901 -0.969431 2.179353
-0.390009 -1.009273 1.953709
0.3782988 -1.04043 2.118975
9
-0.1057041 -0.3710119 2.159173
-0.1832035 -0.3743681 2.145681
-0.02451537 -0.3550147 2.099135
-0.3490903 -0.6312591 2.051592
0.1601999 -0.6672498 2.135998
-0.3670958 -0.9715852 2.084687
0.3444901 -0.969431 2.179353
-0.390009 -1.009273 1.953709
0.3782988 -1.04043 2.118975
9
-0.1057041 -0.3710119 2.159173
-0.1832035 -0.3743681 2.145681
-0.02451537 -0.3550147 2.099135
-0.3490903 -0.6312591 2.051592
0.1601999 -0.6672498 2.135998
-0.3670958 -0.9715852 2.084687
0.3444901 -0.969431 2.179353
-0.390009 -1.009273 1.953709
0.3782988 -1.04043 2.118975
9
-0.15363 -0.3900138 2.157466
-0.2252839 -0.3913264 2.144955
-0.0749848 -0.3747583 2.096674
-0.3895803 -0.6338917 2.049686
0.1093713 -0.6598462 2.128279
-0.3725798 -0.9674951 2.081942
0.3344235 -0.9779425 2.170583
-0.3942192 -1.005451 1.950746
0.3018952 -1.016233 2.039106
9
-0.15363 -0.3900138 2.157466
-0.2252839 -0.3913264 2.144955
-0.0749848 -0.3747583 2.096674
-0.3895803 -0.6338917 2.049686
0.1093713 -0.6598462 2.128279
-0.3725798 -0.9674951 2.081942
0.3344235 -0.9779425 2.170583
-0.3942192 -1.005451 1.950746
0.3018952 -1.016233 2.039106
9
-0.1630836 -0.3953492 2.157559
-0.2382534 -0.3976016 2.145365
-0.08251152 -0.3797311 2.096566
-0.4028208 -0.6383983 2.048223
0.1043326 -0.6616552 2.126987
-0.3821119 -0.9674064 2.079076
0.3214439 -0.9798669 2.168062
-0.4037712 -1.005802 1.9482
0.2889338 -1.018554 2.036869
9
-0.1630836 -0.3953492 2.157559
-0.2382534 -0.3976016 2.145365
-0.08251152 -0.3797311 2.096566
-0.4028208 -0.6383983 2.048223
0.1043326 -0.6616552 2.126987
-0.3821119 -0.9674064 2.079076
0.3214439 -0.9798669 2.168062
-0.4037712 -1.005802 1.9482
0.2889338 -1.018554 2.036869
9
-0.1761466 -0.4057937 2.154717
-0.2508551 -0.4079961 2.141762
-0.09540502 -0.3897911 2.094553
-0.4273866 -0.6400331 2.045641
0.08370419 -0.6585957 2.1228
-0.3827323 -0.9733223 2.07983
0.3151264 -0.9813142 2.164946
-0.4035024 -1.011892 1.948877
0.2835938 -1.020206 2.033646
9
-0.1761466 -0.4057937 2.154717
-0.2508551 -0.4079961 2.141762
-0.09540502 -0.3897911 2.094553
-0.4273866 -0.6400331 2.045641
0.08370419 -0.6585957 2.1228
-0.3827323 -0.9733223 2.07983
0.3151264 -0.9813142 2.164946
-0.4035024 -1.011892 1.948877
0.2835938 -1.020206 2.033646
9
-0.2111318 -0.4226768 2.15673
-0.2828827 -0.4212088 2.143308
-0.132314 -0.4101557 2.097263
-0.4534897 -0.655304 2.040486
0.08039297 -0.6772545 2.127309
-0.398542 -0.9662505 2.076093
0.3249986 -0.9984779 2.15772
-0.4194023 -1.005084 1.945339
0.4348145 -1.041992 2.097656
9
-0.2111318 -0.4226768 2.15673
-0.2828827 -0.4212088 2.143308
-0.132314 -0.4101557 2.097263
-0.4534897 -0.655304 2.040486
0.08039297 -0.6772545 2.127309
-0.398542 -0.9662505 2.076093
0.3249986 -0.9984779 2.15772
-0.4194023 -1.005084 1.945339
0.4348145 -1.041992 2.097656
9
-0.2111318 -0.4226768 2.15673
-0.2828827 -0.4212088 2.143308
-0.132314 -0.4101557 2.097263
-0.4534897 -0.655304 2.040486
0.08039297 -0.6772545 2.127309
-0.398542 -0.9662505 2.076093
0.3249986 -0.9984779 2.15772
-0.4194023 -1.005084 1.945339
0.4348145 -1.041992 2.097656
9
-0.2340987 -0.4396721 2.158387
-0.3065946 -0.4378964 2.144823
-0.1535216 -0.4265712 2.099182
-0.4848409 -0.6634498 2.034379
0.07251668 -0.6782573 2.126886
-0.3984247 -0.9692994 2.075921
0.3230056 -0.9986808 2.154364
-0.4192771 -1.009896 1.946193
0.4222985 -1.033379 2.097656
9
-0.2340987 -0.4396721 2.158387
-0.3065946 -0.4378964 2.144823
-0.1535216 -0.4265712 2.099182
-0.4848409 -0.6634498 2.034379
0.07251668 -0.6782573 2.126886
-0.3984247 -0.9692994 2.075921
0.3230056 -0.9986808 2.154364
-0.4192771 -1.009896 1.946193
0.4222985 -1.033379 2.097656
9
-0.2487306 -0.4508438 2.157978
-0.3228282 -0.4495384 2.142971
-0.1663814 -0.4370754 2.10021
-0.4991509 -0.6756296 2.030936
0.06162433 -0.6785036 2.127496
-0.3992186 -0.9689724 2.075859
0.3171303 -0.9954576 2.15202
-0.405102 -1.050511 2.032798
0.4086359 -1.030676 2.100787
9
-0.2487306 -0.4508438 2.157978
-0.3228282 -0.4495384 2.142971
-0.1663814 -0.4370754 2.10021
-0.4991509 -0.6756296 2.030936
0.06162433 -0.6785036 2.127496
-0.3992186 -0.9689724 2.075859
0.3171303 -0.9954576 2.15202
-0.405102 -1.050511 2.032798
0.4086359 -1.030676 2.100787
9
-0.2537614 -0.4549519 2.157984
-0.3277743 -0.453337 2.14251
-0.1712362 -0.4413137 2.100786
-0.5035887 -0.6792903 2.029225
0.05446121 -0.6778679 2.127033
-0.405326 -0.9651174 2.074211
0.3043768 -0.9921063 2.1522
-0.4053477 -1.047315 2.031736
0.4127043 -1.029613 2.097919
9
-0.2537614 -0.4549519 2.157984
-0.3277743 -0.453337 2.14251
-0.1712362 -0.4413137 2.100786
-0.5035887 -0.6792903 2.029225
0.05446121 -0.6778679 2.127033
-0.405326 -0.9651174 2.074211
0.3043768 -0.9921063 2.1522
-0.4053477 -1.047315 2.031736
0.4127043 -1.029613 2.097919
9
-0.2580217 -0.4578655 2.157757
-0.331977 -0.4558534 2.142635
-0.1753745 -0.4445275 2.100257
-0.5073869 -0.6814191 2.027456
0.04982218 -0.6787587 2.126792
-0.4073246 -0.9641891 2.073197
0.3043547 -0.9922349 2.152185
-0.402241 -1.04643 2.029229
0.4147405 -1.029326 2.096559
9
-0.2580217 -0.4578655 2.157757
-0.331977 -0.4558534 2.142635
-0.1753745 -0.4445275 2.100257
-0.5073869 -0.6814191 2.027456
0.04982218 -0.6787587 2.126792
-0.4073246 -0.9641891 2.073197
0.3043547 -0.9922349 2.152185
-0.402241 -1.04643 2.029229
0.4147405 -1.029326 2.096559
9
-0.2613676 -0.4621 2.15821
-0.3350447 -0.4595737 2.142874
-0.1788666 -0.4491444 2.101007
-0.5101952 -0.6846618 2.025943
0.04258055 -0.67726 2.126598
-0.4235702 -1.013295 2.069244
0.3026215 -0.9907004 2.151739
-0.4423535 -1.054366 1.939999
0.416296 -1.029519 2.095189
9
-0.2613676 -0.4621 2.15821
-0.3350447 -0.4595737 2.142874
-0.1788666 -0.4491444 2.101007
-0.5101952 -0.6846618 2.025943
0.04258055 -0.67726 2.126598
-0.4235702 -1.013295 2.069244
0.3026215 -0.9907004 2.151739
-0.4423535 -1.054366 1.939999
0.416296 -1.029519 2.095189
9
-0.2630459 -0.4642304 2.158409
-0.336712 -0.4617191 2.143076
-0.1804831 -0.4511737 2.101227
-0.5130927 -0.6852653 2.024577
0.0418463 -0.677462 2.127072
-0.4323321 -0.9594151 2.061701
0.3027374 -0.9904372 2.150587
-0.4506319 -1.001296 1.932207
0.4168366 -1.029656 2.094417
9
-0.2630459 -0.4642304 2.158409
-0.336712 -0.4617191 2.143076
-0.1804831 -0.4511737 2.101227
-0.5130927 -0.6852653 2.024577
0.0418463 -0.677462 2.127072
-0.4323321 -0.9594151 2.061701
0.3027374 -0.9904372 2.150587
-0.4506319 -1.001296 1.932207
0.4168366 -1.029656 2.094417
9
-0.2640558 -0.4660008 2.158532
-0.3376345 -0.4634327 2.143289
-0.1815437 -0.4529395 2.101278
-0.514191 -0.6865258 2.023992
0.04126147 -0.6779286 2.127209
-0.4322862 -0.9593999 2.061701
0.3027064 -0.9905713 2.149926
-0.4503939 -1.00136 1.932203
0.4166217 -1.0297 2.092862
9
-0.2640558 -0.4660008 2.158532
-0.3376345 -0.4634327 2.143289
-0.1815437 -0.4529395 2.101278
-0.514191 -0.6865258 2.023992
0.04126147 -0.6779286 2.127209
-0.4322862 -0.9593999 2.061701
0.3027064 -0.9905713 2.149926
-0.4503939 -1.00136 1.932203
0.4166217 -1.0297 2.092862
9
-0.2643027 -0.4661403 2.158556
-0.3378646 -0.4635754 2.143414
-0.1818262 -0.4530863 2.101205
-0.514342 -0.6866464 2.023884
0.04077652 -0.6780143 2.127309
-0.429133 -0.9582177 2.064621
0.3024681 -0.99046 2.150178
-0.4473191 -1.000218 1.935112
0.418074 -1.03043 2.107126
9
-0.2643027 -0.4661403 2.158556
-0.3378646 -0.4635754 2.143414
-0.1818262 -0.4530863 2.101205
-0.514342 -0.6866464 2.023884
0.04077652 -0.6780143 2.127309
-0.429133 -0.9582177 2.064621
0.3024681 -0.99046 2.150178
-0.4473191 -1.000218 1.935112
0.418074 -1.03043 2.107126
9
-0.2639571 -0.4661295 2.158564
-0.3374384 -0.4636155 2.143442
-0.1815485 -0.4530317 2.101195
-0.5142143 -0.6864843 2.023994
0.04089032 -0.6782438 2.127546
-0.4162906 -0.9644084 2.071785
0.3026509 -0.9906988 2.150286
-0.434674 -1.006357 1.942251
0.4182943 -1.029768 2.103576
9
-0.2639571 -0.4661295 2.158564
-0.3374384 -0.4636155 2.143442
-0.1815485 -0.4530317 2.101195
-0.5142143 -0.6864843 2.023994
0.04089032 -0.6782438 2.127546
-0.4162906 -0.9644084 2.071785
0.3026509 -0.9906988 2.150286
-0.434674 -1.006357 1.942251
0.4182943 -1.029768 2.103576
9
-0.2610183 -0.4645958 2.158664
-0.3346483 -0.4624739 2.143587
-0.1785172 -0.4510965 2.101229
-0.5123692 -0.6850052 2.025168
0.04087402 -0.6780695 2.127586
-0.4158103 -0.9639305 2.071988
0.3028279 -0.9905131 2.149126
-0.4341562 -1.005872 1.94243
0.4176777 -1.030615 2.099925
9
-0.2610183 -0.4645958 2.158664
-0.3346483 -0.4624739 2.143587
-0.1785172 -0.4510965 2.101229
-0.5123692 -0.6850052 2.025168
0.04087402 -0.6780695 2.127586
-0.4158103 -0.9639305 2.071988
0.3028279 -0.9905131 2.149126
-0.4341562 -1.005872 1.94243
0.4176777 -1.030615 2.099925
9
-0.2583092 -0.4622128 2.159333
-0.3314843 -0.459961 2.144264
-0.1763127 -0.4489202 2.101864
-0.508684 -0.6833488 2.026879
0.04445182 -0.6796863 2.128868
-0.415707 -0.9632012 2.071935
0.3057843 -0.9925942 2.150504
-0.4335315 -1.005068 1.942192
0.4201152 -1.031954 2.098998
9
-0.2583092 -0.4622128 2.159333
-0.3314843 -0.459961 2.144264
-0.1763127 -0.4489202 2.101864
-0.508684 -0.6833488 2.026879
0.04445182 -0.6796863 2.128868
-0.415707 -0.9632012 2.071935
0.3057843 -0.9925942 2.150504
-0.4335315 -1.005068 1.942192
0.4201152 -1.031954 2.098998
9
-0.2583092 -0.4622128 2.159333
-0.3314843 -0.459961 2.144264
-0.1763127 -0.4489202 2.101864
-0.508684 -0.6833488 2.026879
0.04445182 -0.6796863 2.128868
-0.415707 -0.9632012 2.071935
0.3057843 -0.9925942 2.150504
-0.4335315 -1.005068 1.942192
0.4201152 -1.031954 2.098998
9
-0.2583092 -0.4622128 2.159333
-0.3314843 -0.459961 2.144264
-0.1763127 -0.4489202 2.101864
-0.508684 -0.6833488 2.026879
0.04445182 -0.6796863 2.128868
-0.415707 -0.9632012 2.071935
0.3057843 -0.9925942 2.150504
-0.4335315 -1.005068 1.942192
0.4201152 -1.031954 2.098998
9
-0.2486024 -0.4500723 2.161512
-0.3227563 -0.4471267 2.146522
-0.1659478 -0.4378216 2.103857
-0.4954773 -0.6749975 2.031076
0.05278151 -0.6787004 2.130195
-0.4142153 -0.9627733 2.072578
0.3110801 -0.9940144 2.151991
-0.4332351 -1.004213 1.942874
0.4251346 -1.034534 2.099672
9
-0.2486024 -0.4500723 2.161512
-0.3227563 -0.4471267 2.146522
-0.1659478 -0.4378216 2.103857
-0.4954773 -0.6749975 2.031076
0.05278151 -0.6787004 2.130195
-0.4142153 -0.9627733 2.072578
0.3110801 -0.9940144 2.151991
-0.4332351 -1.004213 1.942874
0.4251346 -1.034534 2.099672
9
-0.2486024 -0.4500723 2.161512
-0.3227563 -0.4471267 2.146522
-0.1659478 -0.4378216 2.103857
-0.4954773 -0.6749975 2.031076
0.05278151 -0.6787004 2.130195
-0.4142153 -0.9627733 2.072578
0.3110801 -0.9940144 2.151991
-0.4332351 -1.004213 1.942874
0.4251346 -1.034534 2.099672
9
-0.2486024 -0.4500723 2.161512
-0.3227563 -0.4471267 2.146522
-0.1659478 -0.4378216 2.103857
-0.4954773 -0.6749975 2.031076
0.05278151 -0.6787004 2.130195
-0.4142153 -0.9627733 2.072578
0.3110801 -0.9940144 2.151991
-0.4332351 -1.004213 1.942874
0.4251346 -1.034534 2.099672
