40
9
0.0190993 -0.2921187 2.111269
-0.06190383 -0.2915556 2.081809
0.1000827 -0.282323 2.066598
-0.1728107 -0.6248155 2.065737
0.2047397 -0.6145394 2.060243
-0.2258335 -0.9611651 2.107975
0.2718791 -0.9511072 2.077477
-0.2797157 -1.029428 2.066665
0.2558112 -0.9838291 1.935861
9
0.01240207 -0.2937277 2.11358
-0.06889797 -0.2927011 2.084204
0.09342144 -0.2844584 2.068991
-0.1816625 -0.6246089 2.064909
0.1957406 -0.6138163 2.062617
-0.2288326 -0.9602036 2.107271
0.2712403 -0.9508714 2.078408
-0.2809691 -1.029475 2.0646
0.259586 -1.033143 2.017638
9
0.01240207 -0.2937277 2.11358
-0.06889797 -0.2927011 2.084204
0.09342144 -0.2844584 2.068991
-0.1816625 -0.6246089 2.064909
0.1957406 -0.6138163 2.062617
-0.2288326 -0.9602036 2.107271
0.2712403 -0.9508714 2.078408
-0.2809691 -1.029475 2.0646
0.259586 -1.033143 2.017638
9
-0.009641712 -0.2976755 2.119974
-0.08955923 -0.2958176 2.089771
0.07054576 -0.2892092 2.076324
-0.2085659 -0.6225825 2.062617
0.1845123 -0.6135815 2.066025
-0.2368815 -0.9620371 2.107984
0.2691877 -0.9510119 2.079531
-0.2821221 -1.035195 2.063657
0.259347 -1.033827 2.020283
9
-0.009641712 -0.2976755 2.119974
-0.08955923 -0.2958176 2.089771
0.07054576 -0.2892092 2.076324
-0.2085659 -0.6225825 2.062617
0.1845123 -0.6135815 2.066025
-0.2368815 -0.9620371 2.107984
0.2691877 -0.9510119 2.079531
-0.2821221 -1.035195 2.063657
0.259347 -1.033827 2.020283
9
-0.03273473 -0.3034855 2.126835
-0.1121679 -0.3005759 2.096458
0.04787727 -0.2958694 2.083339
-0.2320274 -0.6210483 2.060672
0.1704206 -0.6169536 2.070152
-0.2451775 -0.9637505 2.107605
0.2672665 -0.951968 2.080403
-0.2846287 -1.040011 2.065106
0.2596734 -1.034292 2.019078
9
-0.03273473 -0.3034855 2.126835
-0.1121679 -0.3005759 2.096458
0.04787727 -0.2958694 2.083339
-0.2320274 -0.6210483 2.060672
0.1704206 -0.6169536 2.070152
-0.2451775 -0.9637505 2.107605
0.2672665 -0.951968 2.080403
-0.2846287 -1.040011 2.065106
0.2596734 -1.034292 2.019078
9
-0.05480276 -0.3104008 2.132561
-0.1355701 -0.3071429 2.102075
0.02780075 -0.3029001 2.089206
-0.2574301 -0.6159042 2.060002
0.1582096 -0.6217647 2.073961
-0.2568676 -0.9661788 2.105404
0.263302 -0.9531177 2.08076
-0.2644447 -1.000755 1.964605
0.2475653 -0.9877233 1.939966
9
-0.05480276 -0.3104008 2.132561
-0.1355701 -0.3071429 2.102075
0.02780075 -0.3029001 2.089206
-0.2574301 -0.6159042 2.060002
0.1582096 -0.6217647 2.073961
-0.2568676 -0.9661788 2.105404
0.263302 -0.9531177 2.08076
-0.2644447 -1.000755 1.964605
0.2475653 -0.9877233 1.939966
9
-0.07329782 -0.316848 2.13574
-0.1531718 -0.3133458 2.10504
0.009141256 -0.3093853 2.092652
-0.2819324 -0.6130648 2.05841
0.1476174 -0.6255934 2.07755
-0.2570432 -0.9685736 2.10575
0.257801 -0.9540845 2.082392
-0.2935794 -1.046497 2.07105
0.2432622 -0.9891878 1.941712
9
-0.07329782 -0.316848 2.13574
-0.1531718 -0.3133458 2.10504
0.009141256 -0.3093853 2.092652
-0.2819324 -0.6130648 2.05841
0.1476174 -0.6255934 2.07755
-0.2570432 -0.9685736 2.10575
0.257801 -0.9540845 2.082392
-0.2935794 -1.046497 2.07105
0.2432622 -0.9891878 1.941712
9
-0.09688772 -0.326449 2.140152
-0.1765094 -0.3227168 2.108709
-0.01392672 -0.318945 2.097898
-0.3021108 -0.6144603 2.057832
0.1240778 -0.6330444 2.083016
-0.2590535 -0.9724032 2.104949
0.253228 -0.95625 2.082773
-0.2915995 -1.05188 2.074935
0.2400161 -0.9919066 1.942256
9
-0.09688772 -0.326449 2.140152
-0.1765094 -0.3227168 2.108709
-0.01392672 -0.318945 2.097898
-0.3021108 -0.6144603 2.057832
0.1240778 -0.6330444 2.083016
-0.2590535 -0.9724032 2.104949
0.253228 -0.95625 2.082773
-0.2915995 -1.05188 2.074935
0.2400161 -0.9919066 1.942256
9
-0.09688772 -0.326449 2.140152
-0.1765094 -0.3227168 2.108709
-0.01392672 -0.318945 2.097898
-0.3021108 -0.6144603 2.057832
0.1240778 -0.6330444 2.083016
-0.2590535 -0.9724032 2.104949
0.253228 -0.95625 2.082773
-0.2915995 -1.05188 2.074935
0.2400161 -0.9919066 1.942256
9
-0.09688772 -0.326449 2.140152
-0.1765094 -0.3227168 2.108709
-0.01392672 -0.318945 2.097898
-0.3021108 -0.6144603 2.057832
0.1240778 -0.6330444 2.083016
-0.2590535 -0.9724032 2.104949
0.253228 -0.95625 2.082773
-0.2915995 -1.05188 2.074935
0.2400161 -0.9919066 1.942256
9
-0.09688772 -0.326449 2.140152
-0.1765094 -0.3227168 2.108709
-0.01392672 -0.318945 2.097898
-0.3021108 -0.6144603 2.057832
0.1240778 -0.6330444 2.083016
-0.2590535 -0.9724032 2.104949
0.253228 -0.95625 2.082773
-0.2915995 -1.05188 2.074935
0.2400161 -0.9919066 1.942256
9
-0.09688772 -0.326449 2.140152
-0.1765094 -0.3227168 2.108709
-0.01392672 -0.318945 2.097898
-0.3021108 -0.6144603 2.057832
0.1240778 -0.6330444 2.083016
-0.2590535 -0.9724032 2.104949
0.253228 -0.95625 2.082773
-0.2915995 -1.05188 2.074935
0.2400161 -0.9919066 1.942256
9
-0.09688772 -0.326449 2.140152
-0.1765094 -0.3227168 2.108709
-0.01392672 -0.318945 2.097898
-0.3021108 -0.6144603 2.057832
0.1240778 -0.6330444 2.083016
-0.2590535 -0.9724032 2.104949
0.253228 -0.95625 2.082773
-0.2915995 -1.05188 2.074935
0.2400161 -0.9919066 1.942256
9
-0.09688772 -0.326449 2.140152
-0.1765094 -0.3227168 2.108709
-0.01392672 -0.318945 2.097898
-0.3021108 -0.6144603 2.057832
0.1240778 -0.6330444 2.083016
-0.2590535 -0.9724032 2.104949
0.253228 -0.95625 2.082773
-0.2915995 -1.05188 2.074935
0.2400161 -0.9919066 1.942256
9
-0.165542 -0.3607183 2.159813
-0.2431393 -0.362688 2.125233
-0.08228983 -0.3464903 2.121013
-0.3770892 -0.6477539 2.051298
0.06684312 -0.638099 2.099036
-0.261567 -0.9753631 2.105496
0.240117 -0.9647145 2.086514
-0.2939375 -1.054853 2.075868
0.2315823 -1.002608 1.94686
9
-0.165542 -0.3607183 2.159813
-0.2431393 -0.362688 2.125233
-0.08228983 -0.3464903 2.121013
-0.3770892 -0.6477539 2.051298
0.06684312 -0.638099 2.099036
-0.261567 -0.9753631 2.105496
0.240117 -0.9647145 2.086514
-0.2939375 -1.054853 2.075868
0.2315823 -1.002608 1.94686
9
-0.165542 -0.3607183 2.159813
-0.2431393 -0.362688 2.125233
-0.08228983 -0.3464903 2.121013
-0.3770892 -0.6477539 2.051298
0.06684312 -0.638099 2.099036
-0.261567 -0.9753631 2.105496
0.240117 -0.9647145 2.086514
-0.2939375 -1.054853 2.075868
0.2315823 -1.002608 1.94686
9
-0.165542 -0.3607183 2.159813
-0.2431393 -0.362688 2.125233
-0.08228983 -0.3464903 2.121013
-0.3770892 -0.6477539 2.051298
0.06684312 -0.638099 2.099036
-0.261567 -0.9753631 2.105496
0.240117 -0.9647145 2.086514
-0.2939375 -1.054853 2.075868
0.2315823 -1.002608 1.94686
9
-0.165542 -0.3607183 2.159813
-0.2431393 -0.362688 2.125233
-0.08228983 -0.3464903 2.121013
-0.3770892 -0.6477539 2.051298
0.06684312 -0.638099 2.099036
-0.261567 -0.9753631 2.105496
0.240117 -0.9647145 2.086514
-0.2939375 -1.054853 2.075868
0.2315823 -1.002608 1.94686
9
-0.1744483 -0.3674259 2.161483
-0.2518313 -0.3714915 2.126957
-0.0912623 -0.351214 2.122722
-0.3862473 -0.6556528 2.049256
0.06489152 -0.6417649 2.101424
-0.2682592 -0.9763599 2.10675
0.2400247 -0.969595 2.088722
-0.2915832 -1.058868 2.072946
0.2315141 -1.007669 1.949204
9
-0.1884691 -0.376422 2.163713
-0.2651015 -0.3812835 2.129729
-0.105412 -0.358931 2.124478
-0.3981299 -0.6651077 2.046752
0.06185926 -0.6453332 2.104511
-0.2695698 -0.976723 2.106781
0.2420979 -0.9762128 2.093841
-0.2910233 -1.059735 2.073781
0.2329953 -1.014333 1.954428
9
-0.1884691 -0.376422 2.163713
-0.2651015 -0.3812835 2.129729
-0.105412 -0.358931 2.124478
-0.3981299 -0.6651077 2.046752
0.06185926 -0.6453332 2.104511
-0.2695698 -0.976723 2.106781
0.2420979 -0.9762128 2.093841
-0.2910233 -1.059735 2.073781
0.2329953 -1.014333 1.954428
9
-0.1984424 -0.3828524 2.165007
-0.2746902 -0.3885737 2.13136
-0.1154782 -0.3643039 2.12551
-0.410107 -0.6703646 2.043942
0.06047171 -0.6511732 2.108274
-0.2700699 -0.9770796 2.107296
0.2478049 -0.978871 2.09574
-0.2775251 -1.061636 2.08925
0.238318 -1.017139 1.956444
9
-0.1984424 -0.3828524 2.165007
-0.2746902 -0.3885737 2.13136
-0.1154782 -0.3643039 2.12551
-0.410107 -0.6703646 2.043942
0.06047171 -0.6511732 2.108274
-0.2700699 -0.9770796 2.107296
0.2478049 -0.978871 2.09574
-0.2775251 -1.061636 2.08925
0.238318 -1.017139 1.956444
9
-0.2044499 -0.3883032 2.166378
-0.2807814 -0.3958165 2.133718
-0.1212636 -0.3680877 2.126098
-0.4196144 -0.6749706 2.041739
0.05934104 -0.6548574 2.110751
-0.2708927 -0.9774684 2.108171
0.2505262 -0.9785686 2.097053
-0.276361 -1.062494 2.088255
0.2403726 -1.016948 1.957839
9
-0.2044499 -0.3883032 2.166378
-0.2807814 -0.3958165 2.133718
-0.1212636 -0.3680877 2.126098
-0.4196144 -0.6749706 2.041739
0.05934104 -0.6548574 2.110751
-0.2708927 -0.9774684 2.108171
0.2505262 -0.9785686 2.097053
-0.276361 -1.062494 2.088255
0.2403726 -1.016948 1.957839
9
-0.2122306 -0.3944426 2.167764
-0.2883434 -0.4025655 2.135531
-0.1288843 -0.3732294 2.127048
-0.4271202 -0.6810106 2.040587
0.05892053 -0.6585161 2.112995
-0.273086 -0.9792576 2.109851
0.2518297 -0.9793099 2.098736
-0.2746266 -1.064882 2.087219
0.2414681 -1.017719 1.95955
9
-0.2122306 -0.3944426 2.167764
-0.2883434 -0.4025655 2.135531
-0.1288843 -0.3732294 2.127048
-0.4271202 -0.6810106 2.040587
0.05892053 -0.6585161 2.112995
-0.273086 -0.9792576 2.109851
0.2518297 -0.9793099 2.098736
-0.2746266 -1.064882 2.087219
0.2414681 -1.017719 1.95955
9
-0.2217419 -0.4003346 2.169572
-0.2976532 -0.4084108 2.138582
-0.1383778 -0.3789433 2.127665
-0.4346438 -0.686645 2.038934
0.06007738 -0.6637629 2.115511
-0.2747122 -0.9796504 2.111865
0.2639828 -0.9871181 2.104321
-0.2727333 -1.065843 2.083244
0.2524925 -1.025582 1.965302
9
-0.2217419 -0.4003346 2.169572
-0.2976532 -0.4084108 2.138582
-0.1383778 -0.3789433 2.127665
-0.4346438 -0.686645 2.038934
0.06007738 -0.6637629 2.115511
-0.2747122 -0.9796504 2.111865
0.2639828 -0.9871181 2.104321
-0.2727333 -1.065843 2.083244
0.2524925 -1.025582 1.965302
9
-0.2262125 -0.4032051 2.170547
-0.3019311 -0.4114434 2.140036
-0.1428778 -0.3815225 2.128175
-0.4415768 -0.6880534 2.039502
0.05866119 -0.6637027 2.115677
-0.2744216 -0.9816375 2.113971
0.2638938 -0.987519 2.105243
-0.2737792 -1.067862 2.081501
0.2521499 -1.025894 1.966197
9
-0.2262125 -0.4032051 2.170547
-0.3019311 -0.4114434 2.140036
-0.1428778 -0.3815225 2.128175
-0.4415768 -0.6880534 2.039502
0.05866119 -0.6637027 2.115677
-0.2744216 -0.9816375 2.113971
0.2638938 -0.987519 2.105243
-0.2737792 -1.067862 2.081501
0.2521499 -1.025894 1.966197
9
-0.2288369 -0.4056057 2.171536
-0.3042266 -0.4143906 2.14166
-0.1458019 -0.383401 2.128615
-0.447456 -0.6900979 2.046476
0.05667653 -0.664043 2.116237
-0.2758135 -0.9831419 2.116039
0.2639776 -0.9872774 2.105909
-0.2714013 -1.069374 2.080111
0.2523563 -1.025582 1.966812
9
-0.2288369 -0.4056057 2.171536
-0.3042266 -0.4143906 2.14166
-0.1458019 -0.383401 2.128615
-0.447456 -0.6900979 2.046476
0.05667653 -0.664043 2.116237
-0.2758135 -0.9831419 2.116039
0.2639776 -0.9872774 2.105909
-0.2714013 -1.069374 2.080111
0.2523563 -1.025582 1.966812
9
-0.229556 -0.4068068 2.172342
-0.3046207 -0.4163691 2.142674
-0.1467742 -0.3840038 2.12929
-0.4522024 -0.689399 2.045885
0.05199874 -0.6614139 2.116339
-0.2608752 -0.9896882 2.126083
0.2665754 -0.9889151 2.105659
-0.2811519 -1.06945 2.06719
0.2545957 -1.027074 1.966537
