40
9
-0.03949757 -0.1291244 1.87289
-0.1201329 -0.1321472 1.832586
0.04268923 -0.1209691 1.838722
-0.2732563 -0.4126382 1.687403
0.2016448 -0.4304096 1.857089
-0.2516944 -0.7324146 1.702603
0.4015816 -0.7392991 1.965942
-0.2696646 -0.7915588 1.651892
0.474742 -0.7870036 1.920917
9
-0.03949757 -0.1291244 1.87289
-0.1201329 -0.1321472 1.832586
0.04268923 -0.1209691 1.838722
-0.2732563 -0.4126382 1.687403
0.2016448 -0.4304096 1.857089
-0.2516944 -0.7324146 1.702603
0.4015816 -0.7392991 1.965942
-0.2696646 -0.7915588 1.651892
0.474742 -0.7870036 1.920917
9
-0.0694692 -0.1408368 1.859941
-0.1495305 -0.145595 1.819929
0.01329717 -0.1305035 1.825541
-0.3010551 -0.4230476 1.666305
0.1907023 -0.4343866 1.853941
-0.2543051 -0.7401475 1.699016
0.3957457 -0.7444826 1.965575
-0.2707672 -0.7955725 1.651067
0.4705933 -0.7891418 1.917091
9
-0.0694692 -0.1408368 1.859941
-0.1495305 -0.145595 1.819929
0.01329717 -0.1305035 1.825541
-0.3010551 -0.4230476 1.666305
0.1907023 -0.4343866 1.853941
-0.2543051 -0.7401475 1.699016
0.3957457 -0.7444826 1.965575
-0.2707672 -0.7955725 1.651067
0.4705933 -0.7891418 1.917091
9
-0.07521941 -0.1436927 1.856749
-0.1548084 -0.1490097 1.816288
0.007299104 -0.1326935 1.822793
-0.3081597 -0.4242883 1.660186
0.1759474 -0.4338369 1.850012
-0.2553871 -0.7423127 1.698344
0.3886303 -0.7445413 1.963117
-0.271067 -0.7979282 1.650394
0.4648388 -0.7869375 1.913125
9
-0.07521941 -0.1436927 1.856749
-0.1548084 -0.1490097 1.816288
0.007299104 -0.1326935 1.822793
-0.3081597 -0.4242883 1.660186
0.1759474 -0.4338369 1.850012
-0.2553871 -0.7423127 1.698344
0.3886303 -0.7445413 1.963117
-0.271067 -0.7979282 1.650394
0.4648388 -0.7869375 1.913125
9
-0.08286197 -0.1471506 1.853795
-0.1615312 -0.1525813 1.813474
-0.0009348259 -0.1358312 1.819754
-0.3142067 -0.4271062 1.655075
0.1697006 -0.433947 1.848153
-0.2556266 -0.7449695 1.698699
0.3856521 -0.7468741 1.962567
-0.2712429 -0.8003702 1.649873
0.4624567 -0.7878701 1.910911
9
-0.08286197 -0.1471506 1.853795
-0.1615312 -0.1525813 1.813474
-0.0009348259 -0.1358312 1.819754
-0.3142067 -0.4271062 1.655075
0.1697006 -0.433947 1.848153
-0.2556266 -0.7449695 1.698699
0.3856521 -0.7468741 1.962567
-0.2712429 -0.8003702 1.649873
0.4624567 -0.7878701 1.910911
9
-0.08657753 -0.1493566 1.851722
-0.1651305 -0.1551742 1.81152
-0.004603969 -0.1375697 1.817581
-0.3186141 -0.42854 1.651727
0.1663254 -0.4347373 1.846992
-0.2558665 -0.7457554 1.698339
0.3845328 -0.747583 1.961992
-0.2715591 -0.801161 1.649714
0.4608746 -0.7891757 1.909962
9
-0.08657753 -0.1493566 1.851722
-0.1651305 -0.1551742 1.81152
-0.004603969 -0.1375697 1.817581
-0.3186141 -0.42854 1.651727
0.1663254 -0.4347373 1.846992
-0.2558665 -0.7457554 1.698339
0.3845328 -0.747583 1.961992
-0.2715591 -0.801161 1.649714
0.4608746 -0.7891757 1.909962
9
-0.0894188 -0.1515861 1.849728
-0.1679828 -0.1578475 1.8097
-0.007322098 -0.1392926 1.815425
-0.322877 -0.4294474 1.647942
0.1632532 -0.4349108 1.845681
-0.2557174 -0.7462929 1.698299
0.3830989 -0.7485033 1.961649
-0.271938 -0.8016776 1.650342
0.4596318 -0.7895807 1.908939
9
-0.0894188 -0.1515861 1.849728
-0.1679828 -0.1578475 1.8097
-0.007322098 -0.1392926 1.815425
-0.322877 -0.4294474 1.647942
0.1632532 -0.4349108 1.845681
-0.2557174 -0.7462929 1.698299
0.3830989 -0.7485033 1.961649
-0.271938 -0.8016776 1.650342
0.4596318 -0.7895807 1.908939
9
-0.0894188 -0.1515861 1.849728
-0.1679828 -0.1578475 1.8097
-0.007322098 -0.1392926 1.815425
-0.322877 -0.4294474 1.647942
0.1632532 -0.4349108 1.845681
-0.2557174 -0.7462929 1.698299
0.3830989 -0.7485033 1.961649
-0.271938 -0.8016776 1.650342
0.4596318 -0.7895807 1.908939
9
-0.0894188 -0.1515861 1.849728
-0.1679828 -0.1578475 1.8097
-0.007322098 -0.1392926 1.815425
-0.322877 -0.4294474 1.647942
0.1632532 -0.4349108 1.845681
-0.2557174 -0.7462929 1.698299
0.3830989 -0.7485033 1.961649
-0.271938 -0.8016776 1.650342
0.4596318 -0.7895807 1.908939
9
-0.09049574 -0.1532202 1.848157
-0.1690357 -0.1596389 1.808608
-0.008392827 -0.1407174 1.813291
-0.3244009 -0.4308853 1.646782
0.1517463 -0.4292952 1.834476
-0.2557526 -0.7475902 1.698081
0.3775287 -0.7441292 1.956895
-0.2723342 -0.8028508 1.650186
0.4542693 -0.7866952 1.909629
9
-0.09049574 -0.1532202 1.848157
-0.1690357 -0.1596389 1.808608
-0.008392827 -0.1407174 1.813291
-0.3244009 -0.4308853 1.646782
0.1517463 -0.4292952 1.834476
-0.2557526 -0.7475902 1.698081
0.3775287 -0.7441292 1.956895
-0.2723342 -0.8028508 1.650186
0.4542693 -0.7866952 1.909629
9
-0.09067747 -0.1541446 1.847215
-0.1691169 -0.1604929 1.807931
-0.008666161 -0.1416516 1.812074
-0.3248409 -0.431345 1.64573
0.1531225 -0.4287924 1.835382
-0.2557797 -0.7477331 1.697952
0.3785968 -0.7437915 1.957912
-0.2722201 -0.8029781 1.64981
0.4548114 -0.7868189 1.909455
9
-0.09067747 -0.1541446 1.847215
-0.1691169 -0.1604929 1.807931
-0.008666161 -0.1416516 1.812074
-0.3248409 -0.431345 1.64573
0.1531225 -0.4287924 1.835382
-0.2557797 -0.7477331 1.697952
0.3785968 -0.7437915 1.957912
-0.2722201 -0.8029781 1.64981
0.4548114 -0.7868189 1.909455
9
-0.09009014 -0.1548536 1.846306
-0.1684833 -0.1610245 1.807327
-0.008150408 -0.1425335 1.810813
-0.32512 -0.4315791 1.645653
0.1621808 -0.4338441 1.837897
-0.2554949 -0.7481491 1.69805
0.3829104 -0.7490942 1.960374
-0.2716127 -0.8033466 1.649283
0.4597728 -0.7901871 1.909279
9
-0.09009014 -0.1548536 1.846306
-0.1684833 -0.1610245 1.807327
-0.008150408 -0.1425335 1.810813
-0.32512 -0.4315791 1.645653
0.1621808 -0.4338441 1.837897
-0.2554949 -0.7481491 1.69805
0.3829104 -0.7490942 1.960374
-0.2716127 -0.8033466 1.649283
0.4597728 -0.7901871 1.909279
9
-0.08847078 -0.1550203 1.845984
-0.1671373 -0.1609933 1.807257
-0.006228376 -0.142921 1.810209
-0.3244809 -0.4312028 1.645695
0.1659414 -0.4351242 1.838444
-0.2554914 -0.7481714 1.697731
0.3835577 -0.7477483 1.959191
-0.2717685 -0.8033118 1.648942
0.4600216 -0.7897599 1.909104
9
-0.08847078 -0.1550203 1.845984
-0.1671373 -0.1609933 1.807257
-0.006228376 -0.142921 1.810209
-0.3244809 -0.4312028 1.645695
0.1659414 -0.4351242 1.838444
-0.2554914 -0.7481714 1.697731
0.3835577 -0.7477483 1.959191
-0.2717685 -0.8033118 1.648942
0.4600216 -0.7897599 1.909104
9
-0.08847078 -0.1550203 1.845984
-0.1671373 -0.1609933 1.807257
-0.006228376 -0.142921 1.810209
-0.3244809 -0.4312028 1.645695
0.1659414 -0.4351242 1.838444
-0.2554914 -0.7481714 1.697731
0.3835577 -0.7477483 1.959191
-0.2717685 -0.8033118 1.648942
0.4600216 -0.7897599 1.909104
9
-0.08847078 -0.1550203 1.845984
-0.1671373 -0.1609933 1.807257
-0.006228376 -0.142921 1.810209
-0.3244809 -0.4312028 1.645695
0.1659414 -0.4351242 1.838444
-0.2554914 -0.7481714 1.697731
0.3835577 -0.7477483 1.959191
-0.2717685 -0.8033118 1.648942
0.4600216 -0.7897599 1.909104
9
-0.07489938 -0.1505552 1.847507
-0.1533619 -0.1555854 1.809438
0.006681167 -0.1394462 1.811184
-0.3145881 -0.4243828 1.649205
0.1826157 -0.4381708 1.840923
-0.255907 -0.7475741 1.696124
0.3866573 -0.74696 1.959426
-0.2727516 -0.8027408 1.64827
0.4627363 -0.7899953 1.911107
9
-0.07489938 -0.1505552 1.847507
-0.1533619 -0.1555854 1.809438
0.006681167 -0.1394462 1.811184
-0.3145881 -0.4243828 1.649205
0.1826157 -0.4381708 1.840923
-0.255907 -0.7475741 1.696124
0.3866573 -0.74696 1.959426
-0.2727516 -0.8027408 1.64827
0.4627363 -0.7899953 1.911107
9
-0.06627598 -0.1473059 1.848625
-0.1448439 -0.1511211 1.810526
0.01511453 -0.1374565 1.812342
-0.3049473 -0.4216644 1.652237
0.1880952 -0.4369185 1.841205
-0.2562037 -0.7469027 1.69498
0.3906205 -0.7429984 1.958025
-0.2740767 -0.7998884 1.640212
0.4647785 -0.79003 1.916154
9
-0.06627598 -0.1473059 1.848625
-0.1448439 -0.1511211 1.810526
0.01511453 -0.1374565 1.812342
-0.3049473 -0.4216644 1.652237
0.1880952 -0.4369185 1.841205
-0.2562037 -0.7469027 1.69498
0.3906205 -0.7429984 1.958025
-0.2740767 -0.7998884 1.640212
0.4647785 -0.79003 1.916154
9
-0.06627598 -0.1473059 1.848625
-0.1448439 -0.1511211 1.810526
0.01511453 -0.1374565 1.812342
-0.3049473 -0.4216644 1.652237
0.1880952 -0.4369185 1.841205
-0.2562037 -0.7469027 1.69498
0.3906205 -0.7429984 1.958025
-0.2740767 -0.7998884 1.640212
0.4647785 -0.79003 1.916154
9
-0.06627598 -0.1473059 1.848625
-0.1448439 -0.1511211 1.810526
0.01511453 -0.1374565 1.812342
-0.3049473 -0.4216644 1.652237
0.1880952 -0.4369185 1.841205
-0.2562037 -0.7469027 1.69498
0.3906205 -0.7429984 1.958025
-0.2740767 -0.7998884 1.640212
0.4647785 -0.79003 1.916154
9
-0.06627598 -0.1473059 1.848625
-0.1448439 -0.1511211 1.810526
0.01511453 -0.1374565 1.812342
-0.3049473 -0.4216644 1.652237
0.1880952 -0.4369185 1.841205
-0.2562037 -0.7469027 1.69498
0.3906205 -0.7429984 1.958025
-0.2740767 -0.7998884 1.640212
0.4647785 -0.79003 1.916154
9
-0.06627598 -0.1473059 1.848625
-0.1448439 -0.1511211 1.810526
0.01511453 -0.1374565 1.812342
-0.3049473 -0.4216644 1.652237
0.1880952 -0.4369185 1.841205
-0.2562037 -0.7469027 1.69498
0.3906205 -0.7429984 1.958025
-0.2740767 -0.7998884 1.640212
0.4647785 -0.79003 1.916154
9
-0.04959634 -0.1386011 1.853547
-0.1222119 -0.131687 1.816585
0.02713464 -0.1361557 1.816458
-0.2443525 -0.4284613 1.67514
0.2263963 -0.4171568 1.839051
-0.255028 -0.7440698 1.694283
0.4315085 -0.743995 1.964684
-0.2732464 -0.7976989 1.641836
0.4815107 -0.7970155 1.924586
9
-0.04959634 -0.1386011 1.853547
-0.1222119 -0.131687 1.816585
0.02713464 -0.1361557 1.816458
-0.2443525 -0.4284613 1.67514
0.2263963 -0.4171568 1.839051
-0.255028 -0.7440698 1.694283
0.4315085 -0.743995 1.964684
-0.2732464 -0.7976989 1.641836
0.4815107 -0.7970155 1.924586
9
0.02167413 -0.1258351 1.87253
-0.05698207 -0.1262944 1.833607
0.09945812 -0.1203731 1.837003
-0.2269857 -0.3977261 1.688092
0.2384815 -0.4224645 1.838954
-0.2516231 -0.7398044 1.694575
0.4382287 -0.7397286 1.964024
-0.2434928 -0.7661412 1.58402
0.4340369 -0.7679333 1.85318
9
0.02167413 -0.1258351 1.87253
-0.05698207 -0.1262944 1.833607
0.09945812 -0.1203731 1.837003
-0.2269857 -0.3977261 1.688092
0.2384815 -0.4224645 1.838954
-0.2516231 -0.7398044 1.694575
0.4382287 -0.7397286 1.964024
-0.2434928 -0.7661412 1.58402
0.4340369 -0.7679333 1.85318
9
0.02966467 -0.124875 1.874567
-0.04898518 -0.1252723 1.835809
0.1071285 -0.1195167 1.83888
-0.2072889 -0.4069643 1.699162
0.2556939 -0.4242608 1.838766
-0.2473889 -0.7364229 1.69575
0.4394009 -0.737292 1.964013
-0.2395605 -0.7621302 1.584795
0.4349655 -0.7648455 1.852797
9
0.02966467 -0.124875 1.874567
-0.04898518 -0.1252723 1.835809
0.1071285 -0.1195167 1.83888
-0.2072889 -0.4069643 1.699162
0.2556939 -0.4242608 1.838766
-0.2473889 -0.7364229 1.69575
0.4394009 -0.737292 1.964013
-0.2395605 -0.7621302 1.584795
0.4349655 -0.7648455 1.852797
9
0.0581491 -0.1198023 1.883841
-0.02273242 -0.1202367 1.844668
0.1367693 -0.1146472 1.848587
-0.1744278 -0.4091042 1.718141
0.2749592 -0.4186431 1.83719
-0.2430717 -0.7347987 1.698796
0.4431439 -0.7356681 1.964832
-0.2354448 -0.7603728 1.587719
0.4385349 -0.7630779 1.853527
9
0.0581491 -0.1198023 1.883841
-0.02273242 -0.1202367 1.844668
0.1367693 -0.1146472 1.848587
-0.1744278 -0.4091042 1.718141
0.2749592 -0.4186431 1.83719
-0.2430717 -0.7347987 1.698796
0.4431439 -0.7356681 1.964832
-0.2354448 -0.7603728 1.587719
0.4385349 -0.7630779 1.853527
