40
9
-0.07267597 -0.1583166 2.014895
-0.146053 -0.1662754 1.999164
0.003376151 -0.1446801 1.956319
-0.3274632 -0.4430874 1.922523
0.1885507 -0.4287037 1.962552
-0.2398446 -0.749105 1.915108
0.4417628 -0.7478002 2.00643
-0.250546 -0.8070115 1.864789
0.4973634 -0.7927929 1.948148
9
-0.0827167 -0.1661401 2.015478
-0.1542927 -0.1727342 1.999154
-0.008149968 -0.1535667 1.957664
-0.3384179 -0.4470051 1.9188
0.184955 -0.4314394 1.963888
-0.242847 -0.7473556 1.914151
0.4400869 -0.7492996 2.00625
-0.2497024 -0.8063078 1.865319
0.4085618 -0.7797695 1.900468
9
-0.0827167 -0.1661401 2.015478
-0.1542927 -0.1727342 1.999154
-0.008149968 -0.1535667 1.957664
-0.3384179 -0.4470051 1.9188
0.184955 -0.4314394 1.963888
-0.242847 -0.7473556 1.914151
0.4400869 -0.7492996 2.00625
-0.2497024 -0.8063078 1.865319
0.4085618 -0.7797695 1.900468
9
-0.08937877 -0.1713517 2.015482
-0.1608097 -0.178359 1.999012
-0.01460788 -0.1581009 1.957809
-0.3486205 -0.4494921 1.915857
0.1776383 -0.4324996 1.964323
-0.245808 -0.746509 1.912974
0.4368881 -0.7472851 2.005556
-0.2481029 -0.8062567 1.86531
0.4049269 -0.7780903 1.900107
9
-0.08937877 -0.1713517 2.015482
-0.1608097 -0.178359 1.999012
-0.01460788 -0.1581009 1.957809
-0.3486205 -0.4494921 1.915857
0.1776383 -0.4324996 1.964323
-0.245808 -0.746509 1.912974
0.4368881 -0.7472851 2.005556
-0.2481029 -0.8062567 1.86531
0.4049269 -0.7780903 1.900107
9
-0.0959869 -0.1765824 2.01548
-0.1675613 -0.184093 1.998719
-0.02081421 -0.162634 1.958091
-0.3580279 -0.4529189 1.914167
0.1723917 -0.4330549 1.964869
-0.2471207 -0.7465857 1.913049
0.4312823 -0.7481502 2.006193
-0.248257 -0.8063453 1.864967
0.4017159 -0.7790448 1.900044
9
-0.0959869 -0.1765824 2.01548
-0.1675613 -0.184093 1.998719
-0.02081421 -0.162634 1.958091
-0.3580279 -0.4529189 1.914167
0.1723917 -0.4330549 1.964869
-0.2471207 -0.7465857 1.913049
0.4312823 -0.7481502 2.006193
-0.248257 -0.8063453 1.864967
0.4017159 -0.7790448 1.900044
9
-0.09886911 -0.1790619 2.015133
-0.1713515 -0.1875731 1.998055
-0.02281531 -0.1641899 1.957994
-0.3656019 -0.453415 1.91276
0.1695867 -0.4344605 1.965149
-0.2483739 -0.7462542 1.912956
0.4301114 -0.7485003 2.004963
-0.2497508 -0.8059759 1.86476
0.4012211 -0.7795974 1.898744
9
-0.09886911 -0.1790619 2.015133
-0.1713515 -0.1875731 1.998055
-0.02281531 -0.1641899 1.957994
-0.3656019 -0.453415 1.91276
0.1695867 -0.4344605 1.965149
-0.2483739 -0.7462542 1.912956
0.4301114 -0.7485003 2.004963
-0.2497508 -0.8059759 1.86476
0.4012211 -0.7795974 1.898744
9
-0.104547 -0.1827863 2.015109
-0.1769885 -0.1910818 1.997796
-0.02820791 -0.1678665 1.958253
-0.3721539 -0.4561084 1.912679
0.1659416 -0.4357719 1.965115
-0.2488833 -0.7466102 1.913008
0.4287993 -0.7480192 2.004217
-0.2512086 -0.8060256 1.86376
0.4004999 -0.779257 1.897908
9
-0.104547 -0.1827863 2.015109
-0.1769885 -0.1910818 1.997796
-0.02820791 -0.1678665 1.958253
-0.3721539 -0.4561084 1.912679
0.1659416 -0.4357719 1.965115
-0.2488833 -0.7466102 1.913008
0.4287993 -0.7480192 2.004217
-0.2512086 -0.8060256 1.86376
0.4004999 -0.779257 1.897908
9
-0.1083922 -0.185099 2.014924
-0.1810102 -0.1934127 1.997341
-0.03172808 -0.1700414 1.958351
-0.3763935 -0.4582214 1.912614
0.1637151 -0.4370403 1.964733
-0.248984 -0.7467479 1.913033
0.427998 -0.7481083 2.00377
-0.2537895 -0.8058855 1.863768
0.3998857 -0.7794038 1.897447
9
-0.1083922 -0.185099 2.014924
-0.1810102 -0.1934127 1.997341
-0.03172808 -0.1700414 1.958351
-0.3763935 -0.4582214 1.912614
0.1637151 -0.4370403 1.964733
-0.248984 -0.7467479 1.913033
0.427998 -0.7481083 2.00377
-0.2537895 -0.8058855 1.863768
0.3998857 -0.7794038 1.897447
9
-0.1094707 -0.1859114 2.014745
-0.1822111 -0.1943506 1.996961
-0.03265744 -0.1707046 1.958355
-0.3803648 -0.4571806 1.913122
0.1623609 -0.4380592 1.964476
-0.2494285 -0.7469687 1.912975
0.4275718 -0.7484171 2.003103
-0.2539307 -0.8059713 1.862956
0.3995765 -0.7797756 1.896793
9
-0.1094707 -0.1859114 2.014745
-0.1822111 -0.1943506 1.996961
-0.03265744 -0.1707046 1.958355
-0.3803648 -0.4571806 1.913122
0.1623609 -0.4380592 1.964476
-0.2494285 -0.7469687 1.912975
0.4275718 -0.7484171 2.003103
-0.2539307 -0.8059713 1.862956
0.3995765 -0.7797756 1.896793
9
-0.1100389 -0.1863071 2.014475
-0.1827556 -0.1947133 1.996425
-0.03327625 -0.1711435 1.958323
-0.3814262 -0.4572092 1.913077
0.1613846 -0.4388343 1.964027
-0.249838 -0.7470151 1.913016
0.4271606 -0.7487047 2.0027
-0.2541792 -0.8059154 1.862477
0.3991646 -0.7801007 1.89642
9
-0.1100389 -0.1863071 2.014475
-0.1827556 -0.1947133 1.996425
-0.03327625 -0.1711435 1.958323
-0.3814262 -0.4572092 1.913077
0.1613846 -0.4388343 1.964027
-0.249838 -0.7470151 1.913016
0.4271606 -0.7487047 2.0027
-0.2541792 -0.8059154 1.862477
0.3991646 -0.7801007 1.89642
9
-0.1106195 -0.186491 2.014198
-0.1832495 -0.1948436 1.995949
-0.03396217 -0.171377 1.958238
-0.382154 -0.4571481 1.912582
0.1610145 -0.4388805 1.963776
-0.2498115 -0.7470504 1.913068
0.4259978 -0.7493626 2.002805
-0.2552057 -0.8055844 1.86158
0.3980432 -0.7807525 1.89652
9
-0.1106195 -0.186491 2.014198
-0.1832495 -0.1948436 1.995949
-0.03396217 -0.171377 1.958238
-0.382154 -0.4571481 1.912582
0.1610145 -0.4388805 1.963776
-0.2498115 -0.7470504 1.913068
0.4259978 -0.7493626 2.002805
-0.2552057 -0.8055844 1.86158
0.3980432 -0.7807525 1.89652
9
-0.1106351 -0.1863185 2.01408
-0.1831937 -0.1945765 1.995811
-0.03402295 -0.1712655 1.958135
-0.3818811 -0.4569911 1.912032
0.1608311 -0.4388734 1.963606
-0.250736 -0.746685 1.912698
0.4258361 -0.7493606 2.002514
-0.2551242 -0.8055107 1.861862
0.3978474 -0.7807513 1.896242
9
-0.1106351 -0.1863185 2.01408
-0.1831937 -0.1945765 1.995811
-0.03402295 -0.1712655 1.958135
-0.3818811 -0.4569911 1.912032
0.1608311 -0.4388734 1.963606
-0.250736 -0.746685 1.912698
0.4258361 -0.7493606 2.002514
-0.2551242 -0.8055107 1.861862
0.3978474 -0.7807513 1.896242
9
-0.1093042 -0.1848607 2.01326
-0.1818668 -0.1929166 1.994871
-0.0327068 -0.1700185 1.957435
-0.3796619 -0.4560794 1.91117
0.1607896 -0.4385217 1.963317
-0.2509496 -0.7467115 1.912439
0.4256799 -0.749144 2.002035
-0.2546359 -0.8055375 1.861275
0.3975082 -0.7804958 1.895792
9
-0.1093042 -0.1848607 2.01326
-0.1818668 -0.1929166 1.994871
-0.0327068 -0.1700185 1.957435
-0.3796619 -0.4560794 1.91117
0.1607896 -0.4385217 1.963317
-0.2509496 -0.7467115 1.912439
0.4256799 -0.749144 2.002035
-0.2546359 -0.8055375 1.861275
0.3975082 -0.7804958 1.895792
9
-0.1057041 -0.1811263 2.01176
-0.1782387 -0.1891302 1.993297
-0.02923321 -0.1664486 1.956021
-0.3744117 -0.4534718 1.908392
0.1610654 -0.4370835 1.962596
-0.2507755 -0.7465034 1.912068
0.425198 -0.7482992 2.001635
-0.2551022 -0.8053212 1.861173
0.3966332 -0.7795339 1.895427
9
-0.1057041 -0.1811263 2.01176
-0.1782387 -0.1891302 1.993297
-0.02923321 -0.1664486 1.956021
-0.3744117 -0.4534718 1.908392
0.1610654 -0.4370835 1.962596
-0.2507755 -0.7465034 1.912068
0.425198 -0.7482992 2.001635
-0.2551022 -0.8053212 1.861173
0.3966332 -0.7795339 1.895427
9
-0.09640113 -0.175593 2.011016
-0.1680303 -0.1830877 1.992869
-0.02107605 -0.1615728 1.955
-0.3588299 -0.4515032 1.907031
0.165436 -0.4355246 1.961751
-0.2504311 -0.7467332 1.911553
0.4264125 -0.7491884 2.001717
-0.2534115 -0.8057768 1.861003
0.397769 -0.7802924 1.895463
9
-0.09640113 -0.175593 2.011016
-0.1680303 -0.1830877 1.992869
-0.02107605 -0.1615728 1.955
-0.3588299 -0.4515032 1.907031
0.165436 -0.4355246 1.961751
-0.2504311 -0.7467332 1.911553
0.4264125 -0.7491884 2.001717
-0.2534115 -0.8057768 1.861003
0.397769 -0.7802924 1.895463
9
-0.08535194 -0.1680793 2.009866
-0.1583952 -0.1758518 1.991229
-0.008969924 -0.1540732 1.954339
-0.3482337 -0.445416 1.906364
0.1727388 -0.4337884 1.961127
-0.2501365 -0.7464063 1.91095
0.4288233 -0.7512127 2.002101
-0.2673536 -0.7766494 1.804355
0.4000773 -0.7820623 1.895747
9
-0.08535194 -0.1680793 2.009866
-0.1583952 -0.1758518 1.991229
-0.008969924 -0.1540732 1.954339
-0.3482337 -0.445416 1.906364
0.1727388 -0.4337884 1.961127
-0.2501365 -0.7464063 1.91095
0.4288233 -0.7512127 2.002101
-0.2673536 -0.7766494 1.804355
0.4000773 -0.7820623 1.895747
9
-0.075446 -0.1608313 2.009427
-0.149427 -0.1683525 1.990952
0.001478598 -0.1473621 1.953675
-0.3263705 -0.4465506 1.903893
0.1814966 -0.4316716 1.960702
-0.2500141 -0.7463669 1.910369
0.4318212 -0.7533887 2.002771
-0.2672586 -0.776362 1.803638
0.4030053 -0.7839683 1.896299
9
-0.075446 -0.1608313 2.009427
-0.149427 -0.1683525 1.990952
0.001478598 -0.1473621 1.953675
-0.3263705 -0.4465506 1.903893
0.1814966 -0.4316716 1.960702
-0.2500141 -0.7463669 1.910369
0.4318212 -0.7533887 2.002771
-0.2672586 -0.776362 1.803638
0.4030053 -0.7839683 1.896299
9
-0.05997231 -0.1527694 2.009107
-0.1350532 -0.1596143 1.990894
0.01748453 -0.1402692 1.953034
-0.3072444 -0.4416574 1.907014
0.1911417 -0.4278722 1.959557
-0.2486975 -0.7466899 1.909077
0.4346317 -0.7543207 2.003865
-0.2660248 -0.7763982 1.802207
0.4905727 -0.7936444 1.948848
9
-0.05997231 -0.1527694 2.009107
-0.1350532 -0.1596143 1.990894
0.01748453 -0.1402692 1.953034
-0.3072444 -0.4416574 1.907014
0.1911417 -0.4278722 1.959557
-0.2486975 -0.7466899 1.909077
0.4346317 -0.7543207 2.003865
-0.2660248 -0.7763982 1.802207
0.4905727 -0.7936444 1.948848
9
-0.0308906 -0.1401651 2.007069
-0.1069761 -0.1483227 1.988336
0.04641448 -0.1267921 1.951469
-0.2796721 -0.4313295 1.909184
0.2052124 -0.4252926 1.958802
-0.2432732 -0.7498245 1.907487
0.4370819 -0.752528 2.004392
-0.2602274 -0.779404 1.800453
0.4906277 -0.7930046 1.949582
9
-0.0308906 -0.1401651 2.007069
-0.1069761 -0.1483227 1.988336
0.04641448 -0.1267921 1.951469
-0.2796721 -0.4313295 1.909184
0.2052124 -0.4252926 1.958802
-0.2432732 -0.7498245 1.907487
0.4370819 -0.752528 2.004392
-0.2602274 -0.779404 1.800453
0.4906277 -0.7930046 1.949582
9
-0.01562168 -0.1325075 2.005763
-0.091925 -0.1413716 1.987396
0.06135255 -0.1186974 1.949755
-0.2631979 -0.4261658 1.913083
0.2210107 -0.4126629 1.956562
-0.2411598 -0.7489143 1.907304
0.4411662 -0.7507802 2.005749
-0.2580255 -0.7779551 1.799909
0.4909312 -0.7925651 1.950541
9
-0.01562168 -0.1325075 2.005763
-0.091925 -0.1413716 1.987396
0.06135255 -0.1186974 1.949755
-0.2631979 -0.4261658 1.913083
0.2210107 -0.4126629 1.956562
-0.2411598 -0.7489143 1.907304
0.4411662 -0.7507802 2.005749
-0.2580255 -0.7779551 1.799909
0.4909312 -0.7925651 1.950541
9
0.003053854 -0.1242311 2.004509
-0.07320543 -0.1337913 1.986326
0.07928753 -0.1100426 1.948298
-0.2388933 -0.4229137 1.918666
0.2333703 -0.4074602 1.955874
-0.237557 -0.7466125 1.908265
0.4443474 -0.7482195 2.006367
-0.2551234 -0.7752731 1.800795
0.4912658 -0.7921579 1.951286
9
0.003053854 -0.1242311 2.004509
-0.07320543 -0.1337913 1.986326
0.07928753 -0.1100426 1.948298
-0.2388933 -0.4229137 1.918666
0.2333703 -0.4074602 1.955874
-0.237557 -0.7466125 1.908265
0.4443474 -0.7482195 2.006367
-0.2551234 -0.7752731 1.800795
0.4912658 -0.7921579 1.951286
9
0.02263257 -0.1148119 2.00369
-0.05442954 -0.1247752 1.986459
0.09896754 -0.1005545 1.946482
-0.2136186 -0.4181798 1.921786
0.2496307 -0.4008971 1.95548
-0.2334004 -0.7455555 1.909532
0.4475908 -0.7448388 2.007764
-0.2510386 -0.77463 1.802268
0.4921942 -0.7915019 1.952516
