40
9
-0.04397798 -0.4389681 2.242318
-0.1194463 -0.4402209 2.228745
0.0330121 -0.4234213 2.182785
-0.3328443 -0.6474869 2.167242
0.2610518 -0.6563319 2.139367
-0.2927572 -0.9817057 2.202118
0.5070837 -0.9820403 2.143722
-0.3377313 -1.051882 2.163709
0.4688123 -1.020235 2.013311
9
-0.04397798 -0.4389681 2.242318
-0.1194463 -0.4402209 2.228745
0.0330121 -0.4234213 2.182785
-0.3328443 -0.6474869 2.167242
0.2610518 -0.6563319 2.139367
-0.2927572 -0.9817057 2.202118
0.5070837 -0.9820403 2.143722
-0.3377313 -1.051882 2.163709
0.4688123 -1.020235 2.013311
9
-0.0686066 -0.4469617 2.285251
-0.144034 -0.4452259 2.269774
0.00944586 -0.434353 2.227043
-0.3472416 -0.6536101 2.164493
0.258144 -0.6635144 2.143545
-0.2962478 -0.9846683 2.203525
0.5062956 -0.9878543 2.143149
-0.3431173 -1.05325 2.160712
0.4689559 -1.029228 2.014312
9
-0.0686066 -0.4469617 2.285251
-0.144034 -0.4452259 2.269774
0.00944586 -0.434353 2.227043
-0.3472416 -0.6536101 2.164493
0.258144 -0.6635144 2.143545
-0.2962478 -0.9846683 2.203525
0.5062956 -0.9878543 2.143149
-0.3431173 -1.05325 2.160712
0.4689559 -1.029228 2.014312
9
-0.06722807 -0.4580983 2.28722
-0.1427431 -0.4561904 2.270749
0.01071049 -0.4455286 2.230412
-0.4071497 -0.5790173 2.159958
0.2557437 -0.6950351 2.151206
-0.3442257 -0.9815245 2.189961
0.5025349 -0.9867088 2.143286
-0.3671432 -1.024055 2.060657
0.4669004 -1.029088 2.014521
9
-0.06722807 -0.4580983 2.28722
-0.1427431 -0.4561904 2.270749
0.01071049 -0.4455286 2.230412
-0.4071497 -0.5790173 2.159958
0.2557437 -0.6950351 2.151206
-0.3442257 -0.9815245 2.189961
0.5025349 -0.9867088 2.143286
-0.3671432 -1.024055 2.060657
0.4669004 -1.029088 2.014521
9
-0.06989351 -0.4646623 2.287887
-0.1456006 -0.4635685 2.270261
0.008151441 -0.4512776 2.232278
-0.4127941 -0.5803239 2.159519
0.2483235 -0.6269176 2.148715
-0.3473063 -0.9823877 2.190005
0.4874839 -0.9585201 2.14001
-0.3694274 -1.025351 2.060759
0.4527747 -1.00166 2.011107
9
-0.06989351 -0.4646623 2.287887
-0.1456006 -0.4635685 2.270261
0.008151441 -0.4512776 2.232278
-0.4127941 -0.5803239 2.159519
0.2483235 -0.6269176 2.148715
-0.3473063 -0.9823877 2.190005
0.4874839 -0.9585201 2.14001
-0.3694274 -1.025351 2.060759
0.4527747 -1.00166 2.011107
9
-0.07999651 -0.4750412 2.2896
-0.1551105 -0.4734235 2.270046
-0.002408066 -0.4618346 2.236273
-0.4246371 -0.5848098 2.159967
0.249085 -0.6198 2.145573
-0.3473793 -0.984784 2.191242
0.4906358 -0.9497572 2.135385
-0.3698691 -1.027936 2.062237
0.4554917 -0.9931989 2.006689
9
-0.07999651 -0.4750412 2.2896
-0.1551105 -0.4734235 2.270046
-0.002408066 -0.4618346 2.236273
-0.4246371 -0.5848098 2.159967
0.249085 -0.6198 2.145573
-0.3473793 -0.984784 2.191242
0.4906358 -0.9497572 2.135385
-0.3698691 -1.027936 2.062237
0.4554917 -0.9931989 2.006689
9
-0.08794105 -0.4824424 2.291703
-0.1634182 -0.4810915 2.271812
-0.009616838 -0.4685543 2.238701
-0.4344403 -0.5870062 2.159283
0.2470883 -0.6174931 2.145063
-0.3530633 -0.9862346 2.190292
0.488989 -0.9472202 2.135084
-0.3751518 -1.029706 2.061422
0.4541823 -0.9910288 2.006485
9
-0.08794105 -0.4824424 2.291703
-0.1634182 -0.4810915 2.271812
-0.009616838 -0.4685543 2.238701
-0.4344403 -0.5870062 2.159283
0.2470883 -0.6174931 2.145063
-0.3530633 -0.9862346 2.190292
0.488989 -0.9472202 2.135084
-0.3751518 -1.029706 2.061422
0.4541823 -0.9910288 2.006485
9
-0.08794105 -0.4824424 2.291703
-0.1634182 -0.4810915 2.271812
-0.009616838 -0.4685543 2.238701
-0.4344403 -0.5870062 2.159283
0.2470883 -0.6174931 2.145063
-0.3530633 -0.9862346 2.190292
0.488989 -0.9472202 2.135084
-0.3751518 -1.029706 2.061422
0.4541823 -0.9910288 2.006485
9
-0.08794105 -0.4824424 2.291703
-0.1634182 -0.4810915 2.271812
-0.009616838 -0.4685543 2.238701
-0.4344403 -0.5870062 2.159283
0.2470883 -0.6174931 2.145063
-0.3530633 -0.9862346 2.190292
0.488989 -0.9472202 2.135084
-0.3751518 -1.029706 2.061422
0.4541823 -0.9910288 2.006485
9
-0.08794105 -0.4824424 2.291703
-0.1634182 -0.4810915 2.271812
-0.009616838 -0.4685543 2.238701
-0.4344403 -0.5870062 2.159283
0.2470883 -0.6174931 2.145063
-0.3530633 -0.9862346 2.190292
0.488989 -0.9472202 2.135084
-0.3751518 -1.029706 2.061422
0.4541823 -0.9910288 2.006485
9
-0.08794105 -0.4824424 2.291703
-0.1634182 -0.4810915 2.271812
-0.009616838 -0.4685543 2.238701
-0.4344403 -0.5870062 2.159283
0.2470883 -0.6174931 2.145063
-0.3530633 -0.9862346 2.190292
0.488989 -0.9472202 2.135084
-0.3751518 -1.029706 2.061422
0.4541823 -0.9910288 2.006485
9
-0.1047903 -0.4951386 2.295765
-0.1804441 -0.4943802 2.274398
-0.025848 -0.4803099 2.24434
-0.454059 -0.5933875 2.162734
0.2371799 -0.6168339 2.145689
-0.3552337 -0.9890149 2.192156
0.4853582 -0.941988 2.133702
-0.3769934 -1.033053 2.063567
0.4508974 -0.9864409 2.005334
9
-0.1047903 -0.4951386 2.295765
-0.1804441 -0.4943802 2.274398
-0.025848 -0.4803099 2.24434
-0.454059 -0.5933875 2.162734
0.2371799 -0.6168339 2.145689
-0.3552337 -0.9890149 2.192156
0.4853582 -0.941988 2.133702
-0.3769934 -1.033053 2.063567
0.4508974 -0.9864409 2.005334
9
-0.1047903 -0.4951386 2.295765
-0.1804441 -0.4943802 2.274398
-0.025848 -0.4803099 2.24434
-0.454059 -0.5933875 2.162734
0.2371799 -0.6168339 2.145689
-0.3552337 -0.9890149 2.192156
0.4853582 -0.941988 2.133702
-0.3769934 -1.033053 2.063567
0.4508974 -0.9864409 2.005334
9
-0.1085673 -0.4986699 2.296728
-0.184458 -0.4981593 2.275831
-0.02924328 -0.4834619 2.244903
-0.4589483 -0.5944175 2.163866
0.23399 -0.6196268 2.146169
-0.3557506 -0.9891247 2.191976
0.48228 -0.9446994 2.133677
-0.3777847 -1.033481 2.06366
0.4475852 -0.9894333 2.005587
9
-0.1085673 -0.4986699 2.296728
-0.184458 -0.4981593 2.275831
-0.02924328 -0.4834619 2.244903
-0.4589483 -0.5944175 2.163866
0.23399 -0.6196268 2.146169
-0.3557506 -0.9891247 2.191976
0.48228 -0.9446994 2.133677
-0.3777847 -1.033481 2.06366
0.4475852 -0.9894333 2.005587
9
-0.1151757 -0.5028656 2.298258
-0.1907218 -0.5018921 2.277221
-0.03594539 -0.4879741 2.246599
-0.465073 -0.5965335 2.162945
0.2292918 -0.6204102 2.147467
-0.3587287 -0.9904594 2.190856
0.4759722 -0.9467124 2.13541
-0.3808969 -1.034767 2.062584
0.4411982 -0.9913937 2.007336
9
-0.1151757 -0.5028656 2.298258
-0.1907218 -0.5018921 2.277221
-0.03594539 -0.4879741 2.246599
-0.465073 -0.5965335 2.162945
0.2292918 -0.6204102 2.147467
-0.3587287 -0.9904594 2.190856
0.4759722 -0.9467124 2.13541
-0.3808969 -1.034767 2.062584
0.4411982 -0.9913937 2.007336
9
-0.1161276 -0.5036612 2.298523
-0.1918091 -0.5027249 2.27785
-0.03678748 -0.4887416 2.246565
-0.4660113 -0.5969777 2.162575
0.2275873 -0.6230016 2.147941
-0.358268 -0.9904975 2.190855
0.4740718 -0.9494398 2.135956
-0.3804331 -1.034855 2.062605
0.4393402 -0.9941379 2.007913
9
-0.1163485 -0.5038895 2.298704
-0.1920239 -0.5029899 2.278102
-0.03699709 -0.4889232 2.246678
-0.466201 -0.5970067 2.162431
0.2271382 -0.6238202 2.148536
-0.3617627 -0.9914363 2.190187
0.4740692 -0.9499249 2.136108
-0.3838502 -1.035817 2.061965
0.4393647 -0.9946528 2.008081
9
-0.1163485 -0.5038895 2.298704
-0.1920239 -0.5029899 2.278102
-0.03699709 -0.4889232 2.246678
-0.466201 -0.5970067 2.162431
0.2271382 -0.6238202 2.148536
-0.3617627 -0.9914363 2.190187
0.4740692 -0.9499249 2.136108
-0.3838502 -1.035817 2.061965
0.4393647 -0.9946528 2.008081
9
-0.1164259 -0.5038573 2.298925
-0.1921094 -0.5029629 2.278394
-0.03705912 -0.4888868 2.246831
-0.466209 -0.5968912 2.162322
0.2270881 -0.6239493 2.149152
-0.3616599 -0.9912478 2.190493
0.4728221 -0.950951 2.136588
-0.3837663 -1.035657 2.062283
0.4381214 -0.9956914 2.008575
9
-0.1164259 -0.5038573 2.298925
-0.1921094 -0.5029629 2.278394
-0.03705912 -0.4888868 2.246831
-0.466209 -0.5968912 2.162322
0.2270881 -0.6239493 2.149152
-0.3616599 -0.9912478 2.190493
0.4728221 -0.950951 2.136588
-0.3837663 -1.035657 2.062283
0.4381214 -0.9956914 2.008575
9
-0.1153327 -0.5032256 2.299454
-0.1912654 -0.5024987 2.27894
-0.03569224 -0.4880629 2.247316
-0.4650333 -0.5968913 2.162218
0.2278209 -0.6241969 2.149499
-0.36063 -0.9912727 2.190479
0.4738371 -0.9509871 2.136428
-0.3825944 -1.035744 2.062255
0.4392783 -0.9957912 2.008408
9
-0.1153327 -0.5032256 2.299454
-0.1912654 -0.5024987 2.27894
-0.03569224 -0.4880629 2.247316
-0.4650333 -0.5968913 2.162218
0.2278209 -0.6241969 2.149499
-0.36063 -0.9912727 2.190479
0.4738371 -0.9509871 2.136428
-0.3825944 -1.035744 2.062255
0.4392783 -0.9957912 2.008408
9
-0.1138348 -0.5021606 2.300122
-0.1900419 -0.5017152 2.279555
-0.03394083 -0.4867087 2.248012
-0.4633873 -0.5963351 2.161517
0.2292841 -0.6235983 2.150875
-0.3614939 -0.991286 2.190307
0.475199 -0.9504668 2.137004
-0.3833316 -1.035789 2.062067
0.440735 -0.9953137 2.008964
9
-0.1138348 -0.5021606 2.300122
-0.1900419 -0.5017152 2.279555
-0.03394083 -0.4867087 2.248012
-0.4633873 -0.5963351 2.161517
0.2292841 -0.6235983 2.150875
-0.3614939 -0.991286 2.190307
0.475199 -0.9504668 2.137004
-0.3833316 -1.035789 2.062067
0.440735 -0.9953137 2.008964
9
-0.1108902 -0.499339 2.301092
-0.1872261 -0.4992286 2.280457
-0.03097582 -0.4836395 2.249013
-0.4605379 -0.5943817 2.162763
0.2315307 -0.6222363 2.153076
-0.3632463 -0.9905838 2.190318
0.4756463 -0.9504454 2.137748
-0.3846162 -1.034986 2.061885
0.4416193 -0.9951863 2.009514
9
-0.1108902 -0.499339 2.301092
-0.1872261 -0.4992286 2.280457
-0.03097582 -0.4836395 2.249013
-0.4605379 -0.5943817 2.162763
0.2315307 -0.6222363 2.153076
-0.3632463 -0.9905838 2.190318
0.4756463 -0.9504454 2.137748
-0.3846162 -1.034986 2.061885
0.4416193 -0.9951863 2.009514
9
-0.09968028 -0.494009 2.302532
-0.1772069 -0.4949699 2.281485
-0.01888299 -0.4773271 2.250836
-0.4516025 -0.5893862 2.165951
0.237708 -0.6253173 2.153701
-0.3610361 -0.9873676 2.19121
0.4793571 -0.9552777 2.137804
-0.3818059 -1.032171 2.062794
0.4459132 -1.00032 2.009648
9
-0.09968028 -0.494009 2.302532
-0.1772069 -0.4949699 2.281485
-0.01888299 -0.4773271 2.250836
-0.4516025 -0.5893862 2.165951
0.237708 -0.6253173 2.153701
-0.3610361 -0.9873676 2.19121
0.4793571 -0.9552777 2.137804
-0.3818059 -1.032171 2.062794
0.4459132 -1.00032 2.009648
9
-0.09332482 -0.4899105 2.30374
-0.1704381 -0.4906671 2.282959
-0.01317593 -0.4736104 2.251735
-0.4448246 -0.5859088 2.167958
0.242079 -0.6240616 2.155712
-0.3622188 -0.9857633 2.191056
0.4809743 -0.9559937 2.139452
-0.3826562 -1.030613 2.062561
0.4478256 -1.001064 2.011226
9
-0.09332482 -0.4899105 2.30374
-0.1704381 -0.4906671 2.282959
-0.01317593 -0.4736104 2.251735
-0.4448246 -0.5859088 2.167958
0.242079 -0.6240616 2.155712
-0.3622188 -0.9857633 2.191056
0.4809743 -0.9559937 2.139452
-0.3826562 -1.030613 2.062561
0.4478256 -1.001064 2.011226
9
-0.08718333 -0.4869533 2.305565
-0.1645285 -0.487608 2.284725
-0.007022838 -0.4708813 2.253568
-0.4392269 -0.5835319 2.171373
0.2473367 -0.622785 2.157989
-0.3634066 -0.9849573 2.19134
0.4833485 -0.95674 2.140664
-0.3845728 -1.029793 2.063028
0.4494231 -1.001783 2.012631
9
-0.08718333 -0.4869533 2.305565
-0.1645285 -0.487608 2.284725
-0.007022838 -0.4708813 2.253568
-0.4392269 -0.5835319 2.171373
0.2473367 -0.622785 2.157989
-0.3634066 -0.9849573 2.19134
0.4833485 -0.95674 2.140664
-0.3845728 -1.029793 2.063028
0.4494231 -1.001783 2.012631
