40
9
-0.1061416 -0.1740189 2.182691
-0.1845848 -0.1973501 2.165673
-0.02403313 -0.144664 2.125007
-0.4253018 -0.4333739 2.082152
0.1538324 -0.4372903 2.095271
-0.4277721 -0.7678835 2.118774
0.3610882 -0.7823022 2.122053
-0.4861351 -0.8306273 2.085207
0.3833 -0.8410505 2.024816
9
-0.1061416 -0.1740189 2.182691
-0.1845848 -0.1973501 2.165673
-0.02403313 -0.144664 2.125007
-0.4253018 -0.4333739 2.082152
0.1538324 -0.4372903 2.095271
-0.4277721 -0.7678835 2.118774
0.3610882 -0.7823022 2.122053
-0.4861351 -0.8306273 2.085207
0.3833 -0.8410505 2.024816
9
-0.1189142 -0.1805314 2.183802
-0.1965431 -0.2023994 2.166475
-0.03721145 -0.1525651 2.126464
-0.4378075 -0.4367485 2.078664
0.1492223 -0.4399613 2.095196
-0.4297793 -0.7725415 2.114918
0.3608189 -0.7836827 2.121667
-0.498835 -0.8335857 2.091058
0.3833739 -0.8422419 2.0244
9
-0.1416454 -0.1907982 2.183228
-0.2199496 -0.2109769 2.164747
-0.05855006 -0.1641264 2.127061
-0.463532 -0.4417217 2.074267
0.1349237 -0.446912 2.096724
-0.4337005 -0.780918 2.109909
0.3562264 -0.7844743 2.118425
-0.5044973 -0.8357176 2.094217
0.3841923 -0.8441076 2.025147
9
-0.1416454 -0.1907982 2.183228
-0.2199496 -0.2109769 2.164747
-0.05855006 -0.1641264 2.127061
-0.463532 -0.4417217 2.074267
0.1349237 -0.446912 2.096724
-0.4337005 -0.780918 2.109909
0.3562264 -0.7844743 2.118425
-0.5044973 -0.8357176 2.094217
0.3841923 -0.8441076 2.025147
9
-0.1735025 -0.2045891 2.190156
-0.2502975 -0.2219437 2.171566
-0.0907541 -0.1803855 2.134223
-0.4873099 -0.4556091 2.067916
0.1198608 -0.4512437 2.098747
-0.4412426 -0.7837774 2.104743
0.3470376 -0.7823012 2.114694
-0.5057589 -0.836215 2.094142
0.3852576 -0.8423045 2.028911
9
-0.1735025 -0.2045891 2.190156
-0.2502975 -0.2219437 2.171566
-0.0907541 -0.1803855 2.134223
-0.4873099 -0.4556091 2.067916
0.1198608 -0.4512437 2.098747
-0.4412426 -0.7837774 2.104743
0.3470376 -0.7823012 2.114694
-0.5057589 -0.836215 2.094142
0.3852576 -0.8423045 2.028911
9
-0.190731 -0.2157512 2.189754
-0.2672321 -0.2319655 2.170996
-0.1076436 -0.1922347 2.134079
-0.5043855 -0.4640902 2.064151
0.1120086 -0.4559826 2.099595
-0.4438517 -0.783718 2.103087
0.3441065 -0.786505 2.112494
-0.5076634 -0.8360802 2.095875
0.3839704 -0.8440526 2.024863
9
-0.190731 -0.2157512 2.189754
-0.2672321 -0.2319655 2.170996
-0.1076436 -0.1922347 2.134079
-0.5043855 -0.4640902 2.064151
0.1120086 -0.4559826 2.099595
-0.4438517 -0.783718 2.103087
0.3441065 -0.786505 2.112494
-0.5076634 -0.8360802 2.095875
0.3839704 -0.8440526 2.024863
9
-0.2114005 -0.2273324 2.19242
-0.288241 -0.2426113 2.173953
-0.1273354 -0.2043511 2.13656
-0.5252079 -0.4721756 2.059846
0.1011229 -0.4607468 2.103115
-0.4495378 -0.7803085 2.100467
0.3415086 -0.7891272 2.111267
-0.536316 -0.8475357 2.100367
0.383459 -0.8447027 2.022967
9
-0.2114005 -0.2273324 2.19242
-0.288241 -0.2426113 2.173953
-0.1273354 -0.2043511 2.13656
-0.5252079 -0.4721756 2.059846
0.1011229 -0.4607468 2.103115
-0.4495378 -0.7803085 2.100467
0.3415086 -0.7891272 2.111267
-0.536316 -0.8475357 2.100367
0.383459 -0.8447027 2.022967
9
-0.2278143 -0.2374462 2.195561
-0.3052949 -0.2524653 2.176249
-0.1426091 -0.2144036 2.14061
-0.5446311 -0.4769509 2.055887
0.09368439 -0.4639598 2.104405
-0.450489 -0.7803441 2.100124
0.3361027 -0.7878931 2.113553
-0.5434691 -0.8499398 2.102334
0.3827582 -0.841808 2.027432
9
-0.2278143 -0.2374462 2.195561
-0.3052949 -0.2524653 2.176249
-0.1426091 -0.2144036 2.14061
-0.5446311 -0.4769509 2.055887
0.09368439 -0.4639598 2.104405
-0.450489 -0.7803441 2.100124
0.3361027 -0.7878931 2.113553
-0.5434691 -0.8499398 2.102334
0.3827582 -0.841808 2.027432
9
-0.2402957 -0.2451959 2.196898
-0.3177082 -0.260389 2.177782
-0.1546853 -0.2217045 2.141831
-0.5596399 -0.4794596 2.051402
0.08481599 -0.468356 2.105373
-0.4523872 -0.7777694 2.100597
0.3317665 -0.7873439 2.111908
-0.5456179 -0.847236 2.10236
0.3807895 -0.8402933 2.026935
9
-0.2402957 -0.2451959 2.196898
-0.3177082 -0.260389 2.177782
-0.1546853 -0.2217045 2.141831
-0.5596399 -0.4794596 2.051402
0.08481599 -0.468356 2.105373
-0.4523872 -0.7777694 2.100597
0.3317665 -0.7873439 2.111908
-0.5456179 -0.847236 2.10236
0.3807895 -0.8402933 2.026935
9
-0.2588794 -0.2562581 2.19873
-0.3375626 -0.271378 2.179523
-0.1714658 -0.2324823 2.143858
-0.5769482 -0.4888844 2.043849
0.07712271 -0.4703925 2.106675
-0.4538337 -0.777373 2.099769
0.3285142 -0.7878275 2.109762
-0.5492823 -0.8431301 2.103468
0.3808092 -0.8396785 2.026989
9
-0.2588794 -0.2562581 2.19873
-0.3375626 -0.271378 2.179523
-0.1714658 -0.2324823 2.143858
-0.5769482 -0.4888844 2.043849
0.07712271 -0.4703925 2.106675
-0.4538337 -0.777373 2.099769
0.3285142 -0.7878275 2.109762
-0.5492823 -0.8431301 2.103468
0.3808092 -0.8396785 2.026989
9
-0.2588794 -0.2562581 2.19873
-0.3375626 -0.271378 2.179523
-0.1714658 -0.2324823 2.143858
-0.5769482 -0.4888844 2.043849
0.07712271 -0.4703925 2.106675
-0.4538337 -0.777373 2.099769
0.3285142 -0.7878275 2.109762
-0.5492823 -0.8431301 2.103468
0.3808092 -0.8396785 2.026989
9
-0.2588794 -0.2562581 2.19873
-0.3375626 -0.271378 2.179523
-0.1714658 -0.2324823 2.143858
-0.5769482 -0.4888844 2.043849
0.07712271 -0.4703925 2.106675
-0.4538337 -0.777373 2.099769
0.3285142 -0.7878275 2.109762
-0.5492823 -0.8431301 2.103468
0.3808092 -0.8396785 2.026989
9
-0.2798248 -0.2621749 2.24273
-0.3548898 -0.2766498 2.21915
-0.1946864 -0.2387918 2.1905
-0.5788718 -0.4832651 2.034093
0.06107841 -0.4655347 2.105395
-0.4904771 -0.8074179 2.078127
0.3247738 -0.7871972 2.108188
-0.5653328 -0.855094 2.109267
0.3797411 -0.8384651 2.027845
9
-0.2798248 -0.2621749 2.24273
-0.3548898 -0.2766498 2.21915
-0.1946864 -0.2387918 2.1905
-0.5788718 -0.4832651 2.034093
0.06107841 -0.4655347 2.105395
-0.4904771 -0.8074179 2.078127
0.3247738 -0.7871972 2.108188
-0.5653328 -0.855094 2.109267
0.3797411 -0.8384651 2.027845
9
-0.2797034 -0.2695963 2.245595
-0.3539282 -0.2825038 2.222427
-0.1959538 -0.2484153 2.193868
-0.627364 -0.3907694 2.016233
0.09814917 -0.4169565 2.085497
-0.4574166 -0.7709873 2.098382
0.3683545 -0.7904647 2.087781
-0.5425038 -0.8424488 2.097528
0.3775765 -0.8710935 2.023894
9
-0.2797034 -0.2695963 2.245595
-0.3539282 -0.2825038 2.222427
-0.1959538 -0.2484153 2.193868
-0.627364 -0.3907694 2.016233
0.09814917 -0.4169565 2.085497
-0.4574166 -0.7709873 2.098382
0.3683545 -0.7904647 2.087781
-0.5425038 -0.8424488 2.097528
0.3775765 -0.8710935 2.023894
9
-0.2746543 -0.2833483 2.214255
-0.3472174 -0.2973385 2.18964
-0.1927964 -0.2597702 2.165495
-0.644725 -0.3912862 2.020201
0.1096575 -0.4248463 2.095826
-0.4584529 -0.7698252 2.097602
0.3790282 -0.7988663 2.096782
-0.5383769 -0.8403361 2.095035
0.372623 -0.8721956 2.013707
9
-0.2746543 -0.2833483 2.214255
-0.3472174 -0.2973385 2.18964
-0.1927964 -0.2597702 2.165495
-0.644725 -0.3912862 2.020201
0.1096575 -0.4248463 2.095826
-0.4584529 -0.7698252 2.097602
0.3790282 -0.7988663 2.096782
-0.5383769 -0.8403361 2.095035
0.372623 -0.8721956 2.013707
9
-0.2748674 -0.2786262 2.211495
-0.347083 -0.2936672 2.189193
-0.1935654 -0.2534441 2.158689
-0.5963477 -0.4898295 2.03517
0.05948251 -0.4866897 2.108905
-0.4997207 -0.8113581 2.081231
0.3142361 -0.78776 2.108436
-0.5588639 -0.8530457 2.108608
0.375224 -0.8371069 2.033825
9
-0.2748674 -0.2786262 2.211495
-0.347083 -0.2936672 2.189193
-0.1935654 -0.2534441 2.158689
-0.5963477 -0.4898295 2.03517
0.05948251 -0.4866897 2.108905
-0.4997207 -0.8113581 2.081231
0.3142361 -0.78776 2.108436
-0.5588639 -0.8530457 2.108608
0.375224 -0.8371069 2.033825
9
-0.2748674 -0.2786262 2.211495
-0.347083 -0.2936672 2.189193
-0.1935654 -0.2534441 2.158689
-0.5963477 -0.4898295 2.03517
0.05948251 -0.4866897 2.108905
-0.4997207 -0.8113581 2.081231
0.3142361 -0.78776 2.108436
-0.5588639 -0.8530457 2.108608
0.375224 -0.8371069 2.033825
9
-0.2748674 -0.2786262 2.211495
-0.347083 -0.2936672 2.189193
-0.1935654 -0.2534441 2.158689
-0.5963477 -0.4898295 2.03517
0.05948251 -0.4866897 2.108905
-0.4997207 -0.8113581 2.081231
0.3142361 -0.78776 2.108436
-0.5588639 -0.8530457 2.108608
0.375224 -0.8371069 2.033825
9
-0.2734046 -0.2749352 2.209316
-0.3453949 -0.2903349 2.188874
-0.192316 -0.2495764 2.154469
-0.593842 -0.488867 2.03708
0.05779782 -0.4860135 2.110158
-0.5008145 -0.8116466 2.081691
0.3120902 -0.7858408 2.109853
-0.5678596 -0.8567387 2.116894
0.373355 -0.8353533 2.035793
9
-0.2734046 -0.2749352 2.209316
-0.3453949 -0.2903349 2.188874
-0.192316 -0.2495764 2.154469
-0.593842 -0.488867 2.03708
0.05779782 -0.4860135 2.110158
-0.5008145 -0.8116466 2.081691
0.3120902 -0.7858408 2.109853
-0.5678596 -0.8567387 2.116894
0.373355 -0.8353533 2.035793
9
-0.2724417 -0.2731785 2.208287
-0.3444768 -0.2885075 2.188625
-0.1913152 -0.2481344 2.152895
-0.5925583 -0.48835 2.038309
0.05771348 -0.485687 2.111025
-0.4981759 -0.8106113 2.083621
0.3115615 -0.7853358 2.110421
-0.5701932 -0.8577819 2.116517
0.3727504 -0.8353227 2.036908
9
-0.2724417 -0.2731785 2.208287
-0.3444768 -0.2885075 2.188625
-0.1913152 -0.2481344 2.152895
-0.5925583 -0.48835 2.038309
0.05771348 -0.485687 2.111025
-0.4981759 -0.8106113 2.083621
0.3115615 -0.7853358 2.110421
-0.5701932 -0.8577819 2.116517
0.3727504 -0.8353227 2.036908
9
-0.2678407 -0.2692061 2.20767
-0.3393734 -0.2841036 2.18924
-0.1872447 -0.244828 2.151499
-0.5871704 -0.4864892 2.042727
0.05868315 -0.485443 2.111972
-0.4961451 -0.8101159 2.085398
0.3118295 -0.7853966 2.110238
-0.5700688 -0.8577626 2.116448
0.3726086 -0.8348362 2.035182
9
-0.2678407 -0.2692061 2.20767
-0.3393734 -0.2841036 2.18924
-0.1872447 -0.244828 2.151499
-0.5871704 -0.4864892 2.042727
0.05868315 -0.485443 2.111972
-0.4961451 -0.8101159 2.085398
0.3118295 -0.7853966 2.110238
-0.5700688 -0.8577626 2.116448
0.3726086 -0.8348362 2.035182
9
-0.2574449 -0.2624942 2.20776
-0.3283094 -0.2773097 2.190806
-0.1777983 -0.2386064 2.150443
-0.576912 -0.482006 2.050183
0.06140582 -0.4856062 2.112201
-0.4960319 -0.8092933 2.085865
0.3121564 -0.7857108 2.11003
-0.5673388 -0.8562773 2.115117
0.3725111 -0.8346448 2.033549
9
-0.2574449 -0.2624942 2.20776
-0.3283094 -0.2773097 2.190806
-0.1777983 -0.2386064 2.150443
-0.576912 -0.482006 2.050183
0.06140582 -0.4856062 2.112201
-0.4960319 -0.8092933 2.085865
0.3121564 -0.7857108 2.11003
-0.5673388 -0.8562773 2.115117
0.3725111 -0.8346448 2.033549
9
-0.2574449 -0.2624942 2.20776
-0.3283094 -0.2773097 2.190806
-0.1777983 -0.2386064 2.150443
-0.576912 -0.482006 2.050183
0.06140582 -0.4856062 2.112201
-0.4960319 -0.8092933 2.085865
0.3121564 -0.7857108 2.11003
-0.5673388 -0.8562773 2.115117
0.3725111 -0.8346448 2.033549
9
-0.2574449 -0.2624942 2.20776
-0.3283094 -0.2773097 2.190806
-0.1777983 -0.2386064 2.150443
-0.576912 -0.482006 2.050183
0.06140582 -0.4856062 2.112201
-0.4960319 -0.8092933 2.085865
0.3121564 -0.7857108 2.11003
-0.5673388 -0.8562773 2.115117
0.3725111 -0.8346448 2.033549
9
-0.2574449 -0.2624942 2.20776
-0.3283094 -0.2773097 2.190806
-0.1777983 -0.2386064 2.150443
-0.576912 -0.482006 2.050183
0.06140582 -0.4856062 2.112201
-0.4960319 -0.8092933 2.085865
0.3121564 -0.7857108 2.11003
-0.5673388 -0.8562773 2.115117
0.3725111 -0.8346448 2.033549
