40
9
0.03090014 -0.154679 2.040979
-0.05073251 -0.1683555 2.024479
0.1113761 -0.1351541 1.98204
-0.2755875 -0.4537441 1.893627
0.2542626 -0.4378481 1.862554
-0.4258816 -0.7780778 1.832904
0.3377334 -0.7807594 1.993877
-0.5027615 -0.794691 1.755811
0.3790769 -0.8444591 1.916552
9
0.03090014 -0.154679 2.040979
-0.05073251 -0.1683555 2.024479
0.1113761 -0.1351541 1.98204
-0.2755875 -0.4537441 1.893627
0.2542626 -0.4378481 1.862554
-0.4258816 -0.7780778 1.832904
0.3377334 -0.7807594 1.993877
-0.5027615 -0.794691 1.755811
0.3790769 -0.8444591 1.916552
9
0.02031432 -0.1630562 2.034887
-0.06152039 -0.1777706 2.017717
0.1014549 -0.1422909 1.976747
-0.2899608 -0.4594119 1.877419
0.2513851 -0.4421183 1.859671
-0.4303827 -0.780813 1.827581
0.337719 -0.7806991 1.993677
-0.5258789 -0.8300781 1.737305
0.3792072 -0.8444396 1.916618
9
0.02031432 -0.1630562 2.034887
-0.06152039 -0.1777706 2.017717
0.1014549 -0.1422909 1.976747
-0.2899608 -0.4594119 1.877419
0.2513851 -0.4421183 1.859671
-0.4303827 -0.780813 1.827581
0.337719 -0.7806991 1.993677
-0.5258789 -0.8300781 1.737305
0.3792072 -0.8444396 1.916618
9
-0.0007538361 -0.1752956 2.028071
-0.08235338 -0.1898898 2.01059
0.08098023 -0.1541703 1.970389
-0.3095258 -0.4635008 1.863576
0.2478938 -0.4459301 1.857576
-0.4613144 -0.7942467 1.807939
0.3376746 -0.7807603 1.993202
-0.5316533 -0.8587821 1.698181
0.3793581 -0.8445941 1.916529
9
-0.02990102 -0.1924366 2.02239
-0.1117084 -0.2062451 2.005327
0.0530693 -0.1714815 1.964384
-0.3263006 -0.449716 1.854459
0.2413382 -0.4505154 1.853614
-0.4616643 -0.7948799 1.809097
0.337124 -0.7805322 1.992013
-0.5245882 -0.8316033 1.72805
0.3791401 -0.8450362 1.916948
9
-0.02990102 -0.1924366 2.02239
-0.1117084 -0.2062451 2.005327
0.0530693 -0.1714815 1.964384
-0.3263006 -0.449716 1.854459
0.2413382 -0.4505154 1.853614
-0.4616643 -0.7948799 1.809097
0.337124 -0.7805322 1.992013
-0.5245882 -0.8316033 1.72805
0.3791401 -0.8450362 1.916948
9
-0.0476577 -0.2048739 2.014021
-0.1284006 -0.2187825 1.996667
0.03493012 -0.1833204 1.95638
-0.3603566 -0.4425125 1.840152
0.2341868 -0.4554657 1.848649
-0.4615765 -0.7821827 1.812154
0.3370279 -0.7813769 1.991028
-0.5441978 -0.8369867 1.70643
0.3797027 -0.8457756 1.9166
9
-0.0476577 -0.2048739 2.014021
-0.1284006 -0.2187825 1.996667
0.03493012 -0.1833204 1.95638
-0.3603566 -0.4425125 1.840152
0.2341868 -0.4554657 1.848649
-0.4615765 -0.7821827 1.812154
0.3370279 -0.7813769 1.991028
-0.5441978 -0.8369867 1.70643
0.3797027 -0.8457756 1.9166
9
-0.09417026 -0.2241541 2.006445
-0.1713822 -0.2349573 1.989788
-0.01285915 -0.2048725 1.948328
-0.3991543 -0.4548784 1.820652
0.2214091 -0.4495406 1.844958
-0.4636678 -0.7782953 1.810672
0.3365134 -0.7817394 1.990122
-0.5733919 -0.8212672 1.744173
0.380003 -0.8459936 1.916436
9
-0.09417026 -0.2241541 2.006445
-0.1713822 -0.2349573 1.989788
-0.01285915 -0.2048725 1.948328
-0.3991543 -0.4548784 1.820652
0.2214091 -0.4495406 1.844958
-0.4636678 -0.7782953 1.810672
0.3365134 -0.7817394 1.990122
-0.5733919 -0.8212672 1.744173
0.380003 -0.8459936 1.916436
9
-0.09417026 -0.2241541 2.006445
-0.1713822 -0.2349573 1.989788
-0.01285915 -0.2048725 1.948328
-0.3991543 -0.4548784 1.820652
0.2214091 -0.4495406 1.844958
-0.4636678 -0.7782953 1.810672
0.3365134 -0.7817394 1.990122
-0.5733919 -0.8212672 1.744173
0.380003 -0.8459936 1.916436
9
-0.09417026 -0.2241541 2.006445
-0.1713822 -0.2349573 1.989788
-0.01285915 -0.2048725 1.948328
-0.3991543 -0.4548784 1.820652
0.2214091 -0.4495406 1.844958
-0.4636678 -0.7782953 1.810672
0.3365134 -0.7817394 1.990122
-0.5733919 -0.8212672 1.744173
0.380003 -0.8459936 1.916436
9
-0.1441705 -0.2394714 2.041388
-0.2234852 -0.2488196 2.022897
-0.05948361 -0.2213477 1.985191
-0.4505451 -0.4291941 1.803004
0.1753764 -0.4494658 1.835775
-0.4649727 -0.7782989 1.80894
0.3333985 -0.7814701 1.985917
-0.5425516 -0.8337292 1.697914
0.3809499 -0.8432024 1.91258
9
-0.1441705 -0.2394714 2.041388
-0.2234852 -0.2488196 2.022897
-0.05948361 -0.2213477 1.985191
-0.4505451 -0.4291941 1.803004
0.1753764 -0.4494658 1.835775
-0.4649727 -0.7782989 1.80894
0.3333985 -0.7814701 1.985917
-0.5425516 -0.8337292 1.697914
0.3809499 -0.8432024 1.91258
9
-0.1501599 -0.2479723 2.039188
-0.2287889 -0.2567906 2.019627
-0.06605376 -0.2302042 1.984133
-0.4953674 -0.3382609 1.781935
0.2017374 -0.3950226 1.800009
-0.46508 -0.7715861 1.807996
0.3962814 -0.8016923 1.91808
-0.5399091 -0.8348449 1.701354
0.3200128 -0.8225968 1.948048
9
-0.1792152 -0.2606502 2.035281
-0.257191 -0.2683797 2.014267
-0.09459234 -0.2433956 1.981824
-0.517322 -0.34451 1.767039
0.1934043 -0.3848069 1.810647
-0.467034 -0.7671116 1.806541
0.3911731 -0.7911102 1.925622
-0.5108592 -0.8397573 1.683591
0.3187321 -0.8297264 1.946812
9
-0.1792152 -0.2606502 2.035281
-0.257191 -0.2683797 2.014267
-0.09459234 -0.2433956 1.981824
-0.517322 -0.34451 1.767039
0.1934043 -0.3848069 1.810647
-0.467034 -0.7671116 1.806541
0.3911731 -0.7911102 1.925622
-0.5108592 -0.8397573 1.683591
0.3187321 -0.8297264 1.946812
9
-0.1792152 -0.2606502 2.035281
-0.257191 -0.2683797 2.014267
-0.09459234 -0.2433956 1.981824
-0.517322 -0.34451 1.767039
0.1934043 -0.3848069 1.810647
-0.467034 -0.7671116 1.806541
0.3911731 -0.7911102 1.925622
-0.5108592 -0.8397573 1.683591
0.3187321 -0.8297264 1.946812
9
-0.1792152 -0.2606502 2.035281
-0.257191 -0.2683797 2.014267
-0.09459234 -0.2433956 1.981824
-0.517322 -0.34451 1.767039
0.1934043 -0.3848069 1.810647
-0.467034 -0.7671116 1.806541
0.3911731 -0.7911102 1.925622
-0.5108592 -0.8397573 1.683591
0.3187321 -0.8297264 1.946812
9
-0.224691 -0.2730936 2.029955
-0.3035401 -0.2809595 2.006012
-0.1377175 -0.2552744 1.979509
-0.5544519 -0.3513699 1.747056
0.1695888 -0.3724546 1.826674
-0.4715827 -0.7629367 1.804348
0.3887533 -0.7725016 1.927284
-0.5269418 -0.8381327 1.69195
0.3268743 -0.8290535 1.93953
9
-0.2282652 -0.2737738 2.029757
-0.3067492 -0.2814678 2.005479
-0.1414923 -0.2561032 1.979744
-0.5592245 -0.3484561 1.747428
0.1659359 -0.3750964 1.829345
-0.4722678 -0.7629901 1.804225
0.3901272 -0.7733956 1.926424
-0.4508924 -0.8348553 1.667281
0.3529896 -0.8440833 1.937987
9
-0.2282652 -0.2737738 2.029757
-0.3067492 -0.2814678 2.005479
-0.1414923 -0.2561032 1.979744
-0.5592245 -0.3484561 1.747428
0.1659359 -0.3750964 1.829345
-0.4722678 -0.7629901 1.804225
0.3901272 -0.7733956 1.926424
-0.4508924 -0.8348553 1.667281
0.3529896 -0.8440833 1.937987
9
-0.2346119 -0.2734243 2.028979
-0.313196 -0.2816169 2.003992
-0.1475241 -0.2552681 1.979685
-0.5649727 -0.3532294 1.746932
0.1581666 -0.3821827 1.833587
-0.4728794 -0.7629821 1.804014
0.3899693 -0.7772119 1.926773
-0.5237252 -0.831146 1.681253
0.3534712 -0.8481497 1.938206
9
-0.2346119 -0.2734243 2.028979
-0.313196 -0.2816169 2.003992
-0.1475241 -0.2552681 1.979685
-0.5649727 -0.3532294 1.746932
0.1581666 -0.3821827 1.833587
-0.4728794 -0.7629821 1.804014
0.3899693 -0.7772119 1.926773
-0.5237252 -0.831146 1.681253
0.3534712 -0.8481497 1.938206
9
-0.2455693 -0.273104 2.028516
-0.3240067 -0.2817367 2.002403
-0.1582328 -0.2545026 1.980419
-0.5715728 -0.3554443 1.741651
0.1461723 -0.3894064 1.840662
-0.4728552 -0.7618191 1.804375
0.3838142 -0.7813627 1.932432
-0.5395734 -0.8253139 1.68971
0.3534217 -0.8564263 1.939149
9
-0.2455693 -0.273104 2.028516
-0.3240067 -0.2817367 2.002403
-0.1582328 -0.2545026 1.980419
-0.5715728 -0.3554443 1.741651
0.1461723 -0.3894064 1.840662
-0.4728552 -0.7618191 1.804375
0.3838142 -0.7813627 1.932432
-0.5395734 -0.8253139 1.68971
0.3534217 -0.8564263 1.939149
9
-0.2522294 -0.2730519 2.028062
-0.3309739 -0.2819328 2.001238
-0.1643261 -0.2542137 1.980672
-0.5766213 -0.3552955 1.738491
0.13914 -0.3948501 1.846213
-0.4728281 -0.763079 1.805019
0.3781922 -0.7860745 1.937494
-0.5632153 -0.8286226 1.724803
0.3521977 -0.863635 1.940664
9
-0.2522294 -0.2730519 2.028062
-0.3309739 -0.2819328 2.001238
-0.1643261 -0.2542137 1.980672
-0.5766213 -0.3552955 1.738491
0.13914 -0.3948501 1.846213
-0.4728281 -0.763079 1.805019
0.3781922 -0.7860745 1.937494
-0.5632153 -0.8286226 1.724803
0.3521977 -0.863635 1.940664
9
-0.2522294 -0.2730519 2.028062
-0.3309739 -0.2819328 2.001238
-0.1643261 -0.2542137 1.980672
-0.5766213 -0.3552955 1.738491
0.13914 -0.3948501 1.846213
-0.4728281 -0.763079 1.805019
0.3781922 -0.7860745 1.937494
-0.5632153 -0.8286226 1.724803
0.3521977 -0.863635 1.940664
9
-0.2522294 -0.2730519 2.028062
-0.3309739 -0.2819328 2.001238
-0.1643261 -0.2542137 1.980672
-0.5766213 -0.3552955 1.738491
0.13914 -0.3948501 1.846213
-0.4728281 -0.763079 1.805019
0.3781922 -0.7860745 1.937494
-0.5632153 -0.8286226 1.724803
0.3521977 -0.863635 1.940664
9
-0.2522294 -0.2730519 2.028062
-0.3309739 -0.2819328 2.001238
-0.1643261 -0.2542137 1.980672
-0.5766213 -0.3552955 1.738491
0.13914 -0.3948501 1.846213
-0.4728281 -0.763079 1.805019
0.3781922 -0.7860745 1.937494
-0.5632153 -0.8286226 1.724803
0.3521977 -0.863635 1.940664
9
-0.2564476 -0.2719768 2.028852
-0.3350105 -0.2812522 2.001548
-0.1685814 -0.2527415 1.982023
-0.5798103 -0.3544465 1.738015
0.1357145 -0.3985853 1.858928
-0.4727961 -0.7630181 1.805137
0.3801757 -0.7887091 1.941911
-0.5186083 -0.8337536 1.681561
0.3514844 -0.8673902 1.940438
9
-0.2564476 -0.2719768 2.028852
-0.3350105 -0.2812522 2.001548
-0.1685814 -0.2527415 1.982023
-0.5798103 -0.3544465 1.738015
0.1357145 -0.3985853 1.858928
-0.4727961 -0.7630181 1.805137
0.3801757 -0.7887091 1.941911
-0.5186083 -0.8337536 1.681561
0.3514844 -0.8673902 1.940438
9
-0.2563838 -0.2730148 1.998781
-0.3344267 -0.2845775 1.968887
-0.1687585 -0.251508 1.954355
-0.6002651 -0.3590817 1.731178
0.1420756 -0.4033643 1.880222
-0.4742659 -0.7613324 1.80627
0.3870372 -0.7938597 1.960127
-0.5794782 -0.8207097 1.767931
0.3482756 -0.8748114 1.934529
9
-0.2563838 -0.2730148 1.998781
-0.3344267 -0.2845775 1.968887
-0.1687585 -0.251508 1.954355
-0.6002651 -0.3590817 1.731178
0.1420756 -0.4033643 1.880222
-0.4742659 -0.7613324 1.80627
0.3870372 -0.7938597 1.960127
-0.5794782 -0.8207097 1.767931
0.3482756 -0.8748114 1.934529
9
-0.2563838 -0.2730148 1.998781
-0.3344267 -0.2845775 1.968887
-0.1687585 -0.251508 1.954355
-0.6002651 -0.3590817 1.731178
0.1420756 -0.4033643 1.880222
-0.4742659 -0.7613324 1.80627
0.3870372 -0.7938597 1.960127
-0.5794782 -0.8207097 1.767931
0.3482756 -0.8748114 1.934529
9
-0.2563838 -0.2730148 1.998781
-0.3344267 -0.2845775 1.968887
-0.1687585 -0.251508 1.954355
-0.6002651 -0.3590817 1.731178
0.1420756 -0.4033643 1.880222
-0.4742659 -0.7613324 1.80627
0.3870372 -0.7938597 1.960127
-0.5794782 -0.8207097 1.767931
0.3482756 -0.8748114 1.934529
9
-0.2563838 -0.2730148 1.998781
-0.3344267 -0.2845775 1.968887
-0.1687585 -0.251508 1.954355
-0.6002651 -0.3590817 1.731178
0.1420756 -0.4033643 1.880222
-0.4742659 -0.7613324 1.80627
0.3870372 -0.7938597 1.960127
-0.5794782 -0.8207097 1.767931
0.3482756 -0.8748114 1.934529
9
-0.2563838 -0.2730148 1.998781
-0.3344267 -0.2845775 1.968887
-0.1687585 -0.251508 1.954355
-0.6002651 -0.3590817 1.731178
0.1420756 -0.4033643 1.880222
-0.4742659 -0.7613324 1.80627
0.3870372 -0.7938597 1.960127
-0.5794782 -0.8207097 1.767931
0.3482756 -0.8748114 1.934529
