40
9
-0.3896671 -0.3110897 2.007338
-0.4606627 -0.3142552 1.996796
-0.3045651 -0.2967328 1.9454
-0.6647531 -0.4846945 1.760144
0.03599607 -0.4939538 1.940218
-0.5574414 -0.7502387 1.880233
0.294376 -0.7455248 1.989689
-0.5652665 -0.8098279 1.837887
0.2615851 -0.7853658 1.890159
9
-0.3896671 -0.3110897 2.007338
-0.4606627 -0.3142552 1.996796
-0.3045651 -0.2967328 1.9454
-0.6647531 -0.4846945 1.760144
0.03599607 -0.4939538 1.940218
-0.5574414 -0.7502387 1.880233
0.294376 -0.7455248 1.989689
-0.5652665 -0.8098279 1.837887
0.2615851 -0.7853658 1.890159
9
-0.3896671 -0.3110897 2.007338
-0.4606627 -0.3142552 1.996796
-0.3045651 -0.2967328 1.9454
-0.6647531 -0.4846945 1.760144
0.03599607 -0.4939538 1.940218
-0.5574414 -0.7502387 1.880233
0.294376 -0.7455248 1.989689
-0.5652665 -0.8098279 1.837887
0.2615851 -0.7853658 1.890159
9
-0.368931 -0.3083257 2.040894
-0.4414976 -0.3138641 2.030298
-0.2829967 -0.2917366 1.97884
-0.6699033 -0.3866861 1.761271
0.04178155 -0.4032592 1.921283
-0.5577642 -0.7517751 1.878837
0.3032828 -0.7130371 1.973794
-0.5655335 -0.8114947 1.837695
0.2710356 -0.7568495 1.876823
9
-0.368931 -0.3083257 2.040894
-0.4414976 -0.3138641 2.030298
-0.2829967 -0.2917366 1.97884
-0.6699033 -0.3866861 1.761271
0.04178155 -0.4032592 1.921283
-0.5577642 -0.7517751 1.878837
0.3032828 -0.7130371 1.973794
-0.5655335 -0.8114947 1.837695
0.2710356 -0.7568495 1.876823
9
-0.368931 -0.3083257 2.040894
-0.4414976 -0.3138641 2.030298
-0.2829967 -0.2917366 1.97884
-0.6699033 -0.3866861 1.761271
0.04178155 -0.4032592 1.921283
-0.5577642 -0.7517751 1.878837
0.3032828 -0.7130371 1.973794
-0.5655335 -0.8114947 1.837695
0.2710356 -0.7568495 1.876823
9
-0.3445641 -0.3120422 1.997278
-0.4200879 -0.3189184 1.997678
-0.258973 -0.293128 1.928053
-0.6799805 -0.3867649 1.762635
0.05633209 -0.4195382 1.935037
-0.5578098 -0.7530658 1.878064
0.3160068 -0.7303966 1.98823
-0.5672927 -0.8123189 1.83685
0.2812384 -0.771787 1.890451
9
-0.3445641 -0.3120422 1.997278
-0.4200879 -0.3189184 1.997678
-0.258973 -0.293128 1.928053
-0.6799805 -0.3867649 1.762635
0.05633209 -0.4195382 1.935037
-0.5578098 -0.7530658 1.878064
0.3160068 -0.7303966 1.98823
-0.5672927 -0.8123189 1.83685
0.2812384 -0.771787 1.890451
9
-0.3577057 -0.3169707 1.96897
-0.42689 -0.323242 1.968275
-0.2773668 -0.2993838 1.895152
-0.6699139 -0.4766644 1.764265
0.009971817 -0.4693345 1.927791
-0.557045 -0.7543641 1.877396
0.3014801 -0.7484162 1.990321
-0.5687194 -0.8127657 1.834566
0.2650813 -0.7871534 1.891548
9
-0.3577057 -0.3169707 1.96897
-0.42689 -0.323242 1.968275
-0.2773668 -0.2993838 1.895152
-0.6699139 -0.4766644 1.764265
0.009971817 -0.4693345 1.927791
-0.557045 -0.7543641 1.877396
0.3014801 -0.7484162 1.990321
-0.5687194 -0.8127657 1.834566
0.2650813 -0.7871534 1.891548
9
-0.4059261 -0.3205637 1.95877
-0.4758804 -0.324767 1.956875
-0.3188569 -0.3042192 1.888583
-0.6890735 -0.507556 1.743054
-0.01549576 -0.4528416 1.921149
-0.5565975 -0.7553929 1.877234
0.2758672 -0.7325 1.983607
-0.5701982 -0.8132381 1.834843
0.2385215 -0.7691178 1.883601
9
-0.4059261 -0.3205637 1.95877
-0.4758804 -0.324767 1.956875
-0.3188569 -0.3042192 1.888583
-0.6890735 -0.507556 1.743054
-0.01549576 -0.4528416 1.921149
-0.5565975 -0.7553929 1.877234
0.2758672 -0.7325 1.983607
-0.5701982 -0.8132381 1.834843
0.2385215 -0.7691178 1.883601
9
-0.4059261 -0.3205637 1.95877
-0.4758804 -0.324767 1.956875
-0.3188569 -0.3042192 1.888583
-0.6890735 -0.507556 1.743054
-0.01549576 -0.4528416 1.921149
-0.5565975 -0.7553929 1.877234
0.2758672 -0.7325 1.983607
-0.5701982 -0.8132381 1.834843
0.2385215 -0.7691178 1.883601
9
-0.4059261 -0.3205637 1.95877
-0.4758804 -0.324767 1.956875
-0.3188569 -0.3042192 1.888583
-0.6890735 -0.507556 1.743054
-0.01549576 -0.4528416 1.921149
-0.5565975 -0.7553929 1.877234
0.2758672 -0.7325 1.983607
-0.5701982 -0.8132381 1.834843
0.2385215 -0.7691178 1.883601
9
-0.335017 -0.2829107 2.024935
-0.407352 -0.2967767 2.012393
-0.2504601 -0.2588069 1.964398
-0.6300393 -0.459369 1.788018
0.01651579 -0.4711878 1.920336
-0.5565248 -0.7555209 1.876306
0.3039872 -0.7546666 1.981539
-0.5697522 -0.8134881 1.833982
0.2697728 -0.7987357 1.886448
9
-0.335017 -0.2829107 2.024935
-0.407352 -0.2967767 2.012393
-0.2504601 -0.2588069 1.964398
-0.6300393 -0.459369 1.788018
0.01651579 -0.4711878 1.920336
-0.5565248 -0.7555209 1.876306
0.3039872 -0.7546666 1.981539
-0.5697522 -0.8134881 1.833982
0.2697728 -0.7987357 1.886448
9
-0.2918677 -0.2985774 1.990557
-0.364402 -0.3137842 1.981732
-0.208458 -0.2723608 1.926197
-0.6480529 -0.3738154 1.777933
0.09181938 -0.4256458 1.940004
-0.5565262 -0.7555684 1.87613
0.3367044 -0.7478676 1.993148
-0.5696079 -0.81355 1.833588
0.3522286 -0.8057096 1.943512
9
-0.2918677 -0.2985774 1.990557
-0.364402 -0.3137842 1.981732
-0.208458 -0.2723608 1.926197
-0.6480529 -0.3738154 1.777933
0.09181938 -0.4256458 1.940004
-0.5565262 -0.7555684 1.87613
0.3367044 -0.7478676 1.993148
-0.5696079 -0.81355 1.833588
0.3522286 -0.8057096 1.943512
9
-0.2918677 -0.2985774 1.990557
-0.364402 -0.3137842 1.981732
-0.208458 -0.2723608 1.926197
-0.6480529 -0.3738154 1.777933
0.09181938 -0.4256458 1.940004
-0.5565262 -0.7555684 1.87613
0.3367044 -0.7478676 1.993148
-0.5696079 -0.81355 1.833588
0.3522286 -0.8057096 1.943512
9
-0.2918677 -0.2985774 1.990557
-0.364402 -0.3137842 1.981732
-0.208458 -0.2723608 1.926197
-0.6480529 -0.3738154 1.777933
0.09181938 -0.4256458 1.940004
-0.5565262 -0.7555684 1.87613
0.3367044 -0.7478676 1.993148
-0.5696079 -0.81355 1.833588
0.3522286 -0.8057096 1.943512
9
-0.2918677 -0.2985774 1.990557
-0.364402 -0.3137842 1.981732
-0.208458 -0.2723608 1.926197
-0.6480529 -0.3738154 1.777933
0.09181938 -0.4256458 1.940004
-0.5565262 -0.7555684 1.87613
0.3367044 -0.7478676 1.993148
-0.5696079 -0.81355 1.833588
0.3522286 -0.8057096 1.943512
9
-0.303797 -0.277276 1.997289
-0.3785425 -0.2889089 1.989768
-0.2179892 -0.2550986 1.93169
-0.6051436 -0.476019 1.795175
0.05389359 -0.4551519 1.937465
-0.5560097 -0.7565641 1.876011
0.3199655 -0.7602527 1.990874
-0.5688153 -0.8146148 1.833435
0.2860872 -0.8025201 1.893958
9
-0.303797 -0.277276 1.997289
-0.3785425 -0.2889089 1.989768
-0.2179892 -0.2550986 1.93169
-0.6051436 -0.476019 1.795175
0.05389359 -0.4551519 1.937465
-0.5560097 -0.7565641 1.876011
0.3199655 -0.7602527 1.990874
-0.5688153 -0.8146148 1.833435
0.2860872 -0.8025201 1.893958
9
-0.3183399 -0.2677545 2.003137
-0.3954766 -0.2771998 1.994981
-0.2296986 -0.2481172 1.937927
-0.5989745 -0.4855815 1.795427
0.04453168 -0.4476134 1.934658
-0.5558359 -0.7565818 1.875824
0.3130683 -0.750699 1.988161
-0.5686585 -0.8146618 1.833506
0.2795262 -0.7927888 1.890819
9
-0.3183399 -0.2677545 2.003137
-0.3954766 -0.2771998 1.994981
-0.2296986 -0.2481172 1.937927
-0.5989745 -0.4855815 1.795427
0.04453168 -0.4476134 1.934658
-0.5558359 -0.7565818 1.875824
0.3130683 -0.750699 1.988161
-0.5686585 -0.8146618 1.833506
0.2795262 -0.7927888 1.890819
9
-0.3183399 -0.2677545 2.003137
-0.3954766 -0.2771998 1.994981
-0.2296986 -0.2481172 1.937927
-0.5989745 -0.4855815 1.795427
0.04453168 -0.4476134 1.934658
-0.5558359 -0.7565818 1.875824
0.3130683 -0.750699 1.988161
-0.5686585 -0.8146618 1.833506
0.2795262 -0.7927888 1.890819
9
-0.3183399 -0.2677545 2.003137
-0.3954766 -0.2771998 1.994981
-0.2296986 -0.2481172 1.937927
-0.5989745 -0.4855815 1.795427
0.04453168 -0.4476134 1.934658
-0.5558359 -0.7565818 1.875824
0.3130683 -0.750699 1.988161
-0.5686585 -0.8146618 1.833506
0.2795262 -0.7927888 1.890819
9
-0.2654963 -0.2521393 1.993661
-0.3399546 -0.2701496 1.980723
-0.1811084 -0.2247911 1.933036
-0.5693957 -0.4748079 1.813865
0.06274538 -0.4563719 1.939806
-0.5557368 -0.7474235 1.873113
0.3236162 -0.7658351 1.993219
-0.5722296 -0.7882449 1.775189
0.2919876 -0.8067544 1.894292
9
-0.2654963 -0.2521393 1.993661
-0.3399546 -0.2701496 1.980723
-0.1811084 -0.2247911 1.933036
-0.5693957 -0.4748079 1.813865
0.06274538 -0.4563719 1.939806
-0.5557368 -0.7474235 1.873113
0.3236162 -0.7658351 1.993219
-0.5722296 -0.7882449 1.775189
0.2919876 -0.8067544 1.894292
9
-0.2654963 -0.2521393 1.993661
-0.3399546 -0.2701496 1.980723
-0.1811084 -0.2247911 1.933036
-0.5693957 -0.4748079 1.813865
0.06274538 -0.4563719 1.939806
-0.5557368 -0.7474235 1.873113
0.3236162 -0.7658351 1.993219
-0.5722296 -0.7882449 1.775189
0.2919876 -0.8067544 1.894292
9
-0.2654963 -0.2521393 1.993661
-0.3399546 -0.2701496 1.980723
-0.1811084 -0.2247911 1.933036
-0.5693957 -0.4748079 1.813865
0.06274538 -0.4563719 1.939806
-0.5557368 -0.7474235 1.873113
0.3236162 -0.7658351 1.993219
-0.5722296 -0.7882449 1.775189
0.2919876 -0.8067544 1.894292
9
-0.2245344 -0.228701 2.001673
-0.3035828 -0.2506895 1.987622
-0.1368974 -0.1979764 1.941916
-0.5239044 -0.4703767 1.827916
0.07971107 -0.455613 1.939929
-0.5542232 -0.7440692 1.873491
0.3293215 -0.7738213 1.994339
-0.5676419 -0.7850966 1.774529
0.3007033 -0.8147898 1.894457
9
-0.2245344 -0.228701 2.001673
-0.3035828 -0.2506895 1.987622
-0.1368974 -0.1979764 1.941916
-0.5239044 -0.4703767 1.827916
0.07971107 -0.455613 1.939929
-0.5542232 -0.7440692 1.873491
0.3293215 -0.7738213 1.994339
-0.5676419 -0.7850966 1.774529
0.3007033 -0.8147898 1.894457
9
-0.2245344 -0.228701 2.001673
-0.3035828 -0.2506895 1.987622
-0.1368974 -0.1979764 1.941916
-0.5239044 -0.4703767 1.827916
0.07971107 -0.455613 1.939929
-0.5542232 -0.7440692 1.873491
0.3293215 -0.7738213 1.994339
-0.5676419 -0.7850966 1.774529
0.3007033 -0.8147898 1.894457
9
-0.2245344 -0.228701 2.001673
-0.3035828 -0.2506895 1.987622
-0.1368974 -0.1979764 1.941916
-0.5239044 -0.4703767 1.827916
0.07971107 -0.455613 1.939929
-0.5542232 -0.7440692 1.873491
0.3293215 -0.7738213 1.994339
-0.5676419 -0.7850966 1.774529
0.3007033 -0.8147898 1.894457
9
-0.2502674 -0.2307112 1.997894
-0.3282431 -0.2414526 1.980513
-0.1680611 -0.2132045 1.941227
-0.5200661 -0.489737 1.828128
0.08684378 -0.4345613 1.940494
-0.5502636 -0.7444566 1.875214
0.3057887 -0.7364446 1.990749
-0.5613824 -0.7817467 1.772638
0.2798906 -0.7741926 1.887022
9
-0.2502674 -0.2307112 1.997894
-0.3282431 -0.2414526 1.980513
-0.1680611 -0.2132045 1.941227
-0.5200661 -0.489737 1.828128
0.08684378 -0.4345613 1.940494
-0.5502636 -0.7444566 1.875214
0.3057887 -0.7364446 1.990749
-0.5613824 -0.7817467 1.772638
0.2798906 -0.7741926 1.887022
9
-0.2966003 -0.227649 2.030637
-0.3661999 -0.2236808 2.010601
-0.2161685 -0.2233749 1.977132
-0.499317 -0.4948972 1.828254
0.07414467 -0.4146241 1.937872
-0.5463373 -0.7462258 1.876757
0.3072359 -0.7350716 1.991369
-0.5570516 -0.7843488 1.774679
0.2817914 -0.7737026 1.888145
9
-0.2174323 -0.2284701 2.037015
-0.2875941 -0.2322632 2.015026
-0.1393038 -0.2163815 1.985102
-0.5270982 -0.3897128 1.803359
0.1479059 -0.3992976 1.939551
-0.6178843 -0.7879565 1.821458
0.342772 -0.7541646 1.990789
-0.6240354 -0.8259777 1.719794
0.3200015 -0.7932544 1.887416
9
-0.2174323 -0.2284701 2.037015
-0.2875941 -0.2322632 2.015026
-0.1393038 -0.2163815 1.985102
-0.5270982 -0.3897128 1.803359
0.1479059 -0.3992976 1.939551
-0.6178843 -0.7879565 1.821458
0.342772 -0.7541646 1.990789
-0.6240354 -0.8259777 1.719794
0.3200015 -0.7932544 1.887416
