40
9
-0.2104148 -0.2290219 2.174519
-0.2824707 -0.2417934 2.160062
-0.1311239 -0.2085041 2.114174
-0.5551198 -0.3662246 1.958351
0.1589119 -0.3615433 1.960703
-0.5055825 -0.7637254 2.031651
0.3740439 -0.7861927 1.971629
-0.5589197 -0.8292649 1.987564
0.3278533 -0.864604 1.935603
9
-0.2250755 -0.2377551 2.176877
-0.2966988 -0.2505679 2.162101
-0.1456193 -0.2167957 2.116959
-0.5728928 -0.3668813 1.960963
0.1485489 -0.3613447 1.962408
-0.507289 -0.7635118 2.031811
0.3720291 -0.7817919 1.972213
-0.5613039 -0.8278691 1.983841
0.3429448 -0.8655444 1.92975
9
-0.2250755 -0.2377551 2.176877
-0.2966988 -0.2505679 2.162101
-0.1456193 -0.2167957 2.116959
-0.5728928 -0.3668813 1.960963
0.1485489 -0.3613447 1.962408
-0.507289 -0.7635118 2.031811
0.3720291 -0.7817919 1.972213
-0.5613039 -0.8278691 1.983841
0.3429448 -0.8655444 1.92975
9
-0.2326977 -0.241624 2.180409
-0.3048467 -0.2553267 2.166185
-0.1525302 -0.2197454 2.120052
-0.585479 -0.3650418 1.968459
0.1399593 -0.3668235 1.964467
-0.508698 -0.7626826 2.032494
0.371147 -0.7832357 1.971809
-0.5648468 -0.8259537 1.988763
0.3493026 -0.8681013 1.926674
9
-0.2326977 -0.241624 2.180409
-0.3048467 -0.2553267 2.166185
-0.1525302 -0.2197454 2.120052
-0.585479 -0.3650418 1.968459
0.1399593 -0.3668235 1.964467
-0.508698 -0.7626826 2.032494
0.371147 -0.7832357 1.971809
-0.5648468 -0.8259537 1.988763
0.3493026 -0.8681013 1.926674
9
-0.2326977 -0.241624 2.180409
-0.3048467 -0.2553267 2.166185
-0.1525302 -0.2197454 2.120052
-0.585479 -0.3650418 1.968459
0.1399593 -0.3668235 1.964467
-0.508698 -0.7626826 2.032494
0.371147 -0.7832357 1.971809
-0.5648468 -0.8259537 1.988763
0.3493026 -0.8681013 1.926674
9
-0.2505173 -0.2522753 2.18428
-0.3216691 -0.2654587 2.170329
-0.1707055 -0.2304865 2.12373
-0.6027779 -0.367272 1.968925
0.1276419 -0.3668441 1.969207
-0.5095721 -0.7630451 2.033255
0.3655033 -0.7796804 1.974256
-0.5653337 -0.8265005 1.988552
0.3547126 -0.8655764 1.927894
9
-0.2634014 -0.2590246 2.185689
-0.3348829 -0.2725652 2.172029
-0.182862 -0.2366721 2.12494
-0.6186818 -0.3679696 1.972032
0.1175594 -0.3701738 1.972166
-0.5114765 -0.7626596 2.03311
0.3633549 -0.7785289 1.974177
-0.5702745 -0.8255667 1.986111
0.3592336 -0.8642805 1.926035
9
-0.2634014 -0.2590246 2.185689
-0.3348829 -0.2725652 2.172029
-0.182862 -0.2366721 2.12494
-0.6186818 -0.3679696 1.972032
0.1175594 -0.3701738 1.972166
-0.5114765 -0.7626596 2.03311
0.3633549 -0.7785289 1.974177
-0.5702745 -0.8255667 1.986111
0.3592336 -0.8642805 1.926035
9
-0.2634014 -0.2590246 2.185689
-0.3348829 -0.2725652 2.172029
-0.182862 -0.2366721 2.12494
-0.6186818 -0.3679696 1.972032
0.1175594 -0.3701738 1.972166
-0.5114765 -0.7626596 2.03311
0.3633549 -0.7785289 1.974177
-0.5702745 -0.8255667 1.986111
0.3592336 -0.8642805 1.926035
9
-0.2634014 -0.2590246 2.185689
-0.3348829 -0.2725652 2.172029
-0.182862 -0.2366721 2.12494
-0.6186818 -0.3679696 1.972032
0.1175594 -0.3701738 1.972166
-0.5114765 -0.7626596 2.03311
0.3633549 -0.7785289 1.974177
-0.5702745 -0.8255667 1.986111
0.3592336 -0.8642805 1.926035
9
-0.3027913 -0.2813932 2.190582
-0.3734721 -0.294666 2.178082
-0.2217623 -0.2585796 2.128941
-0.653364 -0.3785263 1.966426
0.08444885 -0.386939 1.984406
-0.5135663 -0.7623131 2.034021
0.3513908 -0.7821764 1.978783
-0.5812461 -0.8301478 1.986217
0.3651715 -0.8641215 1.921515
9
-0.3027913 -0.2813932 2.190582
-0.3734721 -0.294666 2.178082
-0.2217623 -0.2585796 2.128941
-0.653364 -0.3785263 1.966426
0.08444885 -0.386939 1.984406
-0.5135663 -0.7623131 2.034021
0.3513908 -0.7821764 1.978783
-0.5812461 -0.8301478 1.986217
0.3651715 -0.8641215 1.921515
9
-0.3027913 -0.2813932 2.190582
-0.3734721 -0.294666 2.178082
-0.2217623 -0.2585796 2.128941
-0.653364 -0.3785263 1.966426
0.08444885 -0.386939 1.984406
-0.5135663 -0.7623131 2.034021
0.3513908 -0.7821764 1.978783
-0.5812461 -0.8301478 1.986217
0.3651715 -0.8641215 1.921515
9
-0.3027913 -0.2813932 2.190582
-0.3734721 -0.294666 2.178082
-0.2217623 -0.2585796 2.128941
-0.653364 -0.3785263 1.966426
0.08444885 -0.386939 1.984406
-0.5135663 -0.7623131 2.034021
0.3513908 -0.7821764 1.978783
-0.5812461 -0.8301478 1.986217
0.3651715 -0.8641215 1.921515
9
-0.3027913 -0.2813932 2.190582
-0.3734721 -0.294666 2.178082
-0.2217623 -0.2585796 2.128941
-0.653364 -0.3785263 1.966426
0.08444885 -0.386939 1.984406
-0.5135663 -0.7623131 2.034021
0.3513908 -0.7821764 1.978783
-0.5812461 -0.8301478 1.986217
0.3651715 -0.8641215 1.921515
9
-0.3115364 -0.2875161 2.191296
-0.3824383 -0.3006237 2.178742
-0.2300116 -0.2646709 2.129785
-0.6624172 -0.377884 1.964356
0.07545532 -0.3969378 1.987917
-0.5167014 -0.7614823 2.033119
0.3499494 -0.787043 1.978846
-0.5837057 -0.8315097 1.984489
0.3665933 -0.8678178 1.919801
9
-0.3115364 -0.2875161 2.191296
-0.3824383 -0.3006237 2.178742
-0.2300116 -0.2646709 2.129785
-0.6624172 -0.377884 1.964356
0.07545532 -0.3969378 1.987917
-0.5167014 -0.7614823 2.033119
0.3499494 -0.787043 1.978846
-0.5837057 -0.8315097 1.984489
0.3665933 -0.8678178 1.919801
9
-0.3278979 -0.2998452 2.15704
-0.3974026 -0.3144078 2.148809
-0.2471786 -0.2748272 2.090895
-0.693886 -0.3815955 1.959958
0.07485503 -0.3997922 2.000846
-0.5183628 -0.7614935 2.033541
0.3529675 -0.7873467 1.988524
-0.5841726 -0.8323673 1.984899
0.364626 -0.865084 1.917194
9
-0.3278979 -0.2998452 2.15704
-0.3974026 -0.3144078 2.148809
-0.2471786 -0.2748272 2.090895
-0.693886 -0.3815955 1.959958
0.07485503 -0.3997922 2.000846
-0.5183628 -0.7614935 2.033541
0.3529675 -0.7873467 1.988524
-0.5841726 -0.8323673 1.984899
0.364626 -0.865084 1.917194
9
-0.3365075 -0.294884 2.1534
-0.4063326 -0.3091984 2.148309
-0.2556825 -0.2700039 2.083841
-0.6671739 -0.4782244 1.976945
0.02103068 -0.4786521 2.022418
-0.5666699 -0.8128527 2.01057
0.3077422 -0.7944746 2.000441
-0.6228883 -0.8747367 1.986205
0.2663813 -0.8493641 1.877754
9
-0.3365075 -0.294884 2.1534
-0.4063326 -0.3091984 2.148309
-0.2556825 -0.2700039 2.083841
-0.6671739 -0.4782244 1.976945
0.02103068 -0.4786521 2.022418
-0.5666699 -0.8128527 2.01057
0.3077422 -0.7944746 2.000441
-0.6228883 -0.8747367 1.986205
0.2663813 -0.8493641 1.877754
9
-0.3345322 -0.2901973 2.150684
-0.4046229 -0.3060608 2.147168
-0.2532953 -0.2638302 2.079359
-0.6652005 -0.4774384 1.978291
0.01934369 -0.4780407 2.023138
-0.5669525 -0.8126756 2.011657
0.3062303 -0.7942376 2.001195
-0.6276525 -0.8684486 1.997253
0.364371 -0.8434011 1.921635
9
-0.3345322 -0.2901973 2.150684
-0.4046229 -0.3060608 2.147168
-0.2532953 -0.2638302 2.079359
-0.6652005 -0.4774384 1.978291
0.01934369 -0.4780407 2.023138
-0.5669525 -0.8126756 2.011657
0.3062303 -0.7942376 2.001195
-0.6276525 -0.8684486 1.997253
0.364371 -0.8434011 1.921635
9
-0.3337665 -0.2884638 2.150026
-0.4038298 -0.3046319 2.146986
-0.2525125 -0.2619699 2.078359
-0.6642572 -0.4766648 1.978627
0.01759149 -0.4794327 2.025346
-0.5660799 -0.8118459 2.012217
0.3044608 -0.7948111 2.001854
-0.6621094 -0.8520508 2.005859
0.3636857 -0.8419992 1.921124
9
-0.3348839 -0.2879541 2.151167
-0.4049746 -0.3040326 2.147933
-0.2535466 -0.2616295 2.079935
-0.6642242 -0.4768128 1.978191
0.01667924 -0.4789331 2.026177
-0.5664641 -0.812078 2.011656
0.3042872 -0.7949396 2.001973
-0.6594784 -0.8521703 2.004424
0.3641665 -0.8415957 1.921022
9
-0.3348839 -0.2879541 2.151167
-0.4049746 -0.3040326 2.147933
-0.2535466 -0.2616295 2.079935
-0.6642242 -0.4768128 1.978191
0.01667924 -0.4789331 2.026177
-0.5664641 -0.812078 2.011656
0.3042872 -0.7949396 2.001973
-0.6594784 -0.8521703 2.004424
0.3641665 -0.8415957 1.921022
9
-0.3348839 -0.2879541 2.151167
-0.4049746 -0.3040326 2.147933
-0.2535466 -0.2616295 2.079935
-0.6642242 -0.4768128 1.978191
0.01667924 -0.4789331 2.026177
-0.5664641 -0.812078 2.011656
0.3042872 -0.7949396 2.001973
-0.6594784 -0.8521703 2.004424
0.3641665 -0.8415957 1.921022
9
-0.3348839 -0.2879541 2.151167
-0.4049746 -0.3040326 2.147933
-0.2535466 -0.2616295 2.079935
-0.6642242 -0.4768128 1.978191
0.01667924 -0.4789331 2.026177
-0.5664641 -0.812078 2.011656
0.3042872 -0.7949396 2.001973
-0.6594784 -0.8521703 2.004424
0.3641665 -0.8415957 1.921022
9
-0.3348839 -0.2879541 2.151167
-0.4049746 -0.3040326 2.147933
-0.2535466 -0.2616295 2.079935
-0.6642242 -0.4768128 1.978191
0.01667924 -0.4789331 2.026177
-0.5664641 -0.812078 2.011656
0.3042872 -0.7949396 2.001973
-0.6594784 -0.8521703 2.004424
0.3641665 -0.8415957 1.921022
9
-0.3356654 -0.2864039 2.152124
-0.405335 -0.3021488 2.14929
-0.254634 -0.2604208 2.080689
-0.662833 -0.4767979 1.978502
0.01703185 -0.4760661 2.027343
-0.5664918 -0.8124579 2.011529
0.3034415 -0.7948261 2.002636
-0.6270371 -0.869384 1.992802
0.364317 -0.8416105 1.920797
9
-0.3356654 -0.2864039 2.152124
-0.405335 -0.3021488 2.14929
-0.254634 -0.2604208 2.080689
-0.662833 -0.4767979 1.978502
0.01703185 -0.4760661 2.027343
-0.5664918 -0.8124579 2.011529
0.3034415 -0.7948261 2.002636
-0.6270371 -0.869384 1.992802
0.364317 -0.8416105 1.920797
9
-0.3349695 -0.2843653 2.152911
-0.4041958 -0.2997906 2.150404
-0.2542699 -0.2588119 2.08126
-0.6598951 -0.4772769 1.979808
0.01966153 -0.4717845 2.029355
-0.5654296 -0.8134944 2.011881
0.3016862 -0.7937584 2.003451
-0.6275318 -0.8688853 1.992822
0.3641085 -0.8414632 1.920562
9
-0.3349695 -0.2843653 2.152911
-0.4041958 -0.2997906 2.150404
-0.2542699 -0.2588119 2.08126
-0.6598951 -0.4772769 1.979808
0.01966153 -0.4717845 2.029355
-0.5654296 -0.8134944 2.011881
0.3016862 -0.7937584 2.003451
-0.6275318 -0.8688853 1.992822
0.3641085 -0.8414632 1.920562
9
-0.3155069 -0.2722471 2.158537
-0.3878318 -0.289831 2.156611
-0.231945 -0.2449611 2.086197
-0.6376374 -0.4785323 1.989567
0.02933955 -0.4721827 2.0295
-0.5639461 -0.8205152 2.012796
0.3014123 -0.7934272 2.003556
-0.6330328 -0.8682065 1.991552
0.3633753 -0.8411805 1.921
9
-0.3155069 -0.2722471 2.158537
-0.3878318 -0.289831 2.156611
-0.231945 -0.2449611 2.086197
-0.6376374 -0.4785323 1.989567
0.02933955 -0.4721827 2.0295
-0.5639461 -0.8205152 2.012796
0.3014123 -0.7934272 2.003556
-0.6330328 -0.8682065 1.991552
0.3633753 -0.8411805 1.921
9
-0.3051232 -0.2656911 2.161527
-0.3759724 -0.2828424 2.159112
-0.2234671 -0.2392402 2.089588
-0.6237157 -0.4775084 1.996557
0.0370712 -0.4669317 2.02896
-0.5614582 -0.822013 2.014544
0.3013844 -0.7925747 2.004293
-0.6335178 -0.8661939 1.990814
0.3614519 -0.8394271 1.924263
9
-0.3051232 -0.2656911 2.161527
-0.3759724 -0.2828424 2.159112
-0.2234671 -0.2392402 2.089588
-0.6237157 -0.4775084 1.996557
0.0370712 -0.4669317 2.02896
-0.5614582 -0.822013 2.014544
0.3013844 -0.7925747 2.004293
-0.6335178 -0.8661939 1.990814
0.3614519 -0.8394271 1.924263
9
-0.2903048 -0.2584629 2.162222
-0.3589156 -0.2757766 2.159537
-0.2113523 -0.2322609 2.090527
-0.6048868 -0.4784114 2.006008
0.04993006 -0.4648922 2.028088
-0.5637403 -0.8263923 2.0146
0.3006104 -0.7903269 2.005487
-0.636777 -0.8698084 1.982951
0.359983 -0.8377289 1.925116
9
-0.2903048 -0.2584629 2.162222
-0.3589156 -0.2757766 2.159537
-0.2113523 -0.2322609 2.090527
-0.6048868 -0.4784114 2.006008
0.04993006 -0.4648922 2.028088
-0.5637403 -0.8263923 2.0146
0.3006104 -0.7903269 2.005487
-0.636777 -0.8698084 1.982951
0.359983 -0.8377289 1.925116
