40
9
-0.1053259 -0.1754823 1.994981
-0.1781736 -0.1827244 1.973288
-0.02855199 -0.1618047 1.942549
-0.362074 -0.4502814 1.863783
0.1407314 -0.4453334 1.948447
-0.2426029 -0.749837 1.895545
0.411958 -0.7498615 1.990122
-0.2586612 -0.8073971 1.852015
0.3845924 -0.7816558 1.884219
9
-0.1053259 -0.1754823 1.994981
-0.1781736 -0.1827244 1.973288
-0.02855199 -0.1618047 1.942549
-0.362074 -0.4502814 1.863783
0.1407314 -0.4453334 1.948447
-0.2426029 -0.749837 1.895545
0.411958 -0.7498615 1.990122
-0.2586612 -0.8073971 1.852015
0.3845924 -0.7816558 1.884219
9
-0.1108507 -0.1782431 1.996246
-0.1832591 -0.1855721 1.974673
-0.03428941 -0.1643385 1.943713
-0.3686665 -0.4510101 1.861565
0.1389699 -0.445677 1.948734
-0.2445508 -0.7499779 1.895785
0.4033029 -0.7555751 1.993462
-0.260149 -0.8075075 1.851226
0.4819047 -0.792958 1.941821
9
-0.1108507 -0.1782431 1.996246
-0.1832591 -0.1855721 1.974673
-0.03428941 -0.1643385 1.943713
-0.3686665 -0.4510101 1.861565
0.1389699 -0.445677 1.948734
-0.2445508 -0.7499779 1.895785
0.4033029 -0.7555751 1.993462
-0.260149 -0.8075075 1.851226
0.4819047 -0.792958 1.941821
9
-0.1160802 -0.1802867 1.997104
-0.1882884 -0.187691 1.975841
-0.03952174 -0.166222 1.944285
-0.3736424 -0.4524409 1.860509
0.1362552 -0.4461074 1.949013
-0.245022 -0.7504593 1.895551
0.4013129 -0.7554487 1.993536
-0.2628794 -0.8072637 1.850747
0.4799941 -0.7926588 1.941634
9
-0.1160802 -0.1802867 1.997104
-0.1882884 -0.187691 1.975841
-0.03952174 -0.166222 1.944285
-0.3736424 -0.4524409 1.860509
0.1362552 -0.4461074 1.949013
-0.245022 -0.7504593 1.895551
0.4013129 -0.7554487 1.993536
-0.2628794 -0.8072637 1.850747
0.4799941 -0.7926588 1.941634
9
-0.1195445 -0.1815609 1.997631
-0.1914783 -0.1888528 1.976627
-0.04314571 -0.1675627 1.944557
-0.3782836 -0.4521077 1.859894
0.1341461 -0.4465248 1.949319
-0.2456833 -0.7507707 1.89546
0.3997813 -0.7556133 1.992696
-0.2637934 -0.8074365 1.850363
0.4781316 -0.7933172 1.940534
9
-0.1195445 -0.1815609 1.997631
-0.1914783 -0.1888528 1.976627
-0.04314571 -0.1675627 1.944557
-0.3782836 -0.4521077 1.859894
0.1341461 -0.4465248 1.949319
-0.2456833 -0.7507707 1.89546
0.3997813 -0.7556133 1.992696
-0.2637934 -0.8074365 1.850363
0.4781316 -0.7933172 1.940534
9
-0.1221744 -0.182492 1.998029
-0.1936473 -0.1898879 1.976857
-0.04618706 -0.1683291 1.945161
-0.3808324 -0.4525555 1.859213
0.1326464 -0.4464357 1.949453
-0.2471726 -0.7509144 1.894815
0.3985009 -0.7555078 1.992014
-0.2654411 -0.8074872 1.84955
0.4764628 -0.7933764 1.938509
9
-0.1221744 -0.182492 1.998029
-0.1936473 -0.1898879 1.976857
-0.04618706 -0.1683291 1.945161
-0.3808324 -0.4525555 1.859213
0.1326464 -0.4464357 1.949453
-0.2471726 -0.7509144 1.894815
0.3985009 -0.7555078 1.992014
-0.2654411 -0.8074872 1.84955
0.4764628 -0.7933764 1.938509
9
-0.1239453 -0.1831394 1.998334
-0.1953421 -0.1905304 1.977077
-0.04794166 -0.1689533 1.945554
-0.3827018 -0.4528985 1.858969
0.1317946 -0.4465494 1.94957
-0.249999 -0.7503573 1.894343
0.3974049 -0.7559788 1.99138
-0.2658039 -0.8076381 1.848858
0.4751334 -0.7938271 1.936825
9
-0.1239453 -0.1831394 1.998334
-0.1953421 -0.1905304 1.977077
-0.04794166 -0.1689533 1.945554
-0.3827018 -0.4528985 1.858969
0.1317946 -0.4465494 1.94957
-0.249999 -0.7503573 1.894343
0.3974049 -0.7559788 1.99138
-0.2658039 -0.8076381 1.848858
0.4751334 -0.7938271 1.936825
9
-0.1245697 -0.1832416 1.99859
-0.1959259 -0.1905809 1.977336
-0.04857527 -0.1691059 1.945808
-0.3834683 -0.4527996 1.859203
0.1313838 -0.4465936 1.94967
-0.2507119 -0.7502636 1.894398
0.3970897 -0.7559947 1.991214
-0.26817 -0.8070874 1.849137
0.4746472 -0.7938802 1.936052
9
-0.1245697 -0.1832416 1.99859
-0.1959259 -0.1905809 1.977336
-0.04857527 -0.1691059 1.945808
-0.3834683 -0.4527996 1.859203
0.1313838 -0.4465936 1.94967
-0.2507119 -0.7502636 1.894398
0.3970897 -0.7559947 1.991214
-0.26817 -0.8070874 1.849137
0.4746472 -0.7938802 1.936052
9
-0.1245127 -0.1832247 1.998812
-0.1959122 -0.1905582 1.97756
-0.04846989 -0.1690958 1.946034
-0.3835221 -0.4527041 1.859342
0.1312162 -0.4467645 1.94984
-0.2503675 -0.7506436 1.894438
0.3959596 -0.7568787 1.991931
-0.2682476 -0.8072881 1.84891
0.473944 -0.7936772 1.935869
9
-0.1245127 -0.1832247 1.998812
-0.1959122 -0.1905582 1.97756
-0.04846989 -0.1690958 1.946034
-0.3835221 -0.4527041 1.859342
0.1312162 -0.4467645 1.94984
-0.2503675 -0.7506436 1.894438
0.3959596 -0.7568787 1.991931
-0.2682476 -0.8072881 1.84891
0.473944 -0.7936772 1.935869
9
-0.1240811 -0.1827159 1.99941
-0.1952801 -0.1897687 1.978457
-0.04820865 -0.1688212 1.946392
-0.3828097 -0.4520824 1.860532
0.1317857 -0.4462605 1.950396
-0.2504209 -0.7503143 1.89439
0.3958024 -0.757049 1.992164
-0.2672836 -0.8073316 1.849147
0.4737316 -0.7936952 1.935543
9
-0.1240811 -0.1827159 1.99941
-0.1952801 -0.1897687 1.978457
-0.04820865 -0.1688212 1.946392
-0.3828097 -0.4520824 1.860532
0.1317857 -0.4462605 1.950396
-0.2504209 -0.7503143 1.89439
0.3958024 -0.757049 1.992164
-0.2672836 -0.8073316 1.849147
0.4737316 -0.7936952 1.935543
9
-0.122035 -0.1810238 2.000577
-0.1929922 -0.1874933 1.979898
-0.04646551 -0.1677008 1.947292
-0.3799708 -0.450287 1.861979
0.1334927 -0.4451631 1.951282
-0.250539 -0.7499456 1.894343
0.4013578 -0.7533378 1.989413
-0.267216 -0.8070012 1.848995
0.3728321 -0.7851235 1.883917
9
-0.122035 -0.1810238 2.000577
-0.1929922 -0.1874933 1.979898
-0.04646551 -0.1677008 1.947292
-0.3799708 -0.450287 1.861979
0.1334927 -0.4451631 1.951282
-0.250539 -0.7499456 1.894343
0.4013578 -0.7533378 1.989413
-0.267216 -0.8070012 1.848995
0.3728321 -0.7851235 1.883917
9
-0.1144542 -0.1759942 2.002835
-0.1864666 -0.1829773 1.982148
-0.03809512 -0.1624139 1.94946
-0.3723476 -0.4473333 1.866306
0.1354107 -0.4441375 1.951925
-0.249832 -0.7500212 1.894643
0.4015786 -0.7537547 1.99009
-0.2653216 -0.8080225 1.853694
0.3725927 -0.7854171 1.884664
9
-0.1144542 -0.1759942 2.002835
-0.1864666 -0.1829773 1.982148
-0.03809512 -0.1624139 1.94946
-0.3723476 -0.4473333 1.866306
0.1354107 -0.4441375 1.951925
-0.249832 -0.7500212 1.894643
0.4015786 -0.7537547 1.99009
-0.2653216 -0.8080225 1.853694
0.3725927 -0.7854171 1.884664
9
-0.1070029 -0.1713226 2.004736
-0.1791286 -0.1776067 1.984365
-0.03081636 -0.1586023 1.951021
-0.3627357 -0.4443816 1.870741
0.1419736 -0.4407389 1.953487
-0.2494623 -0.7487468 1.894679
0.403287 -0.7543063 1.992241
-0.2647896 -0.8068092 1.853688
0.4776556 -0.7955865 1.933694
9
-0.1070029 -0.1713226 2.004736
-0.1791286 -0.1776067 1.984365
-0.03081636 -0.1586023 1.951021
-0.3627357 -0.4443816 1.870741
0.1419736 -0.4407389 1.953487
-0.2494623 -0.7487468 1.894679
0.403287 -0.7543063 1.992241
-0.2647896 -0.8068092 1.853688
0.4776556 -0.7955865 1.933694
9
-0.0913372 -0.1622099 2.007517
-0.164566 -0.1688401 1.988052
-0.01460307 -0.149526 1.952783
-0.3423209 -0.4407712 1.877562
0.1604803 -0.4299513 1.956916
-0.2479279 -0.7491004 1.895868
0.4018649 -0.7463571 1.993514
-0.2643845 -0.8067111 1.853651
0.4739091 -0.7917068 1.936269
9
-0.0913372 -0.1622099 2.007517
-0.164566 -0.1688401 1.988052
-0.01460307 -0.149526 1.952783
-0.3423209 -0.4407712 1.877562
0.1604803 -0.4299513 1.956916
-0.2479279 -0.7491004 1.895868
0.4018649 -0.7463571 1.993514
-0.2643845 -0.8067111 1.853651
0.4739091 -0.7917068 1.936269
9
-0.07720725 -0.1548966 2.009349
-0.1516274 -0.1620403 1.99032
0.0001841417 -0.1419964 1.954109
-0.3183701 -0.4424191 1.884967
0.1691099 -0.4260251 1.95903
-0.24695 -0.7484863 1.896884
0.4162791 -0.7509202 1.996595
-0.2632009 -0.8059729 1.853163
0.485348 -0.7973288 1.934864
9
-0.07720725 -0.1548966 2.009349
-0.1516274 -0.1620403 1.99032
0.0001841417 -0.1419964 1.954109
-0.3183701 -0.4424191 1.884967
0.1691099 -0.4260251 1.95903
-0.24695 -0.7484863 1.896884
0.4162791 -0.7509202 1.996595
-0.2632009 -0.8059729 1.853163
0.485348 -0.7973288 1.934864
9
-0.05937793 -0.1477665 2.011378
-0.1344874 -0.1550689 1.992805
0.01801007 -0.1349935 1.955652
-0.2967455 -0.4394243 1.892049
0.1808336 -0.425997 1.961933
-0.2456221 -0.7484969 1.897945
0.4156396 -0.7495341 1.999548
-0.2614616 -0.8064541 1.857005
0.3854452 -0.7806389 1.89403
9
-0.05937793 -0.1477665 2.011378
-0.1344874 -0.1550689 1.992805
0.01801007 -0.1349935 1.955652
-0.2967455 -0.4394243 1.892049
0.1808336 -0.425997 1.961933
-0.2456221 -0.7484969 1.897945
0.4156396 -0.7495341 1.999548
-0.2614616 -0.8064541 1.857005
0.3854452 -0.7806389 1.89403
9
-0.05937793 -0.1477665 2.011378
-0.1344874 -0.1550689 1.992805
0.01801007 -0.1349935 1.955652
-0.2967455 -0.4394243 1.892049
0.1808336 -0.425997 1.961933
-0.2456221 -0.7484969 1.897945
0.4156396 -0.7495341 1.999548
-0.2614616 -0.8064541 1.857005
0.3854452 -0.7806389 1.89403
9
-0.05937793 -0.1477665 2.011378
-0.1344874 -0.1550689 1.992805
0.01801007 -0.1349935 1.955652
-0.2967455 -0.4394243 1.892049
0.1808336 -0.425997 1.961933
-0.2456221 -0.7484969 1.897945
0.4156396 -0.7495341 1.999548
-0.2614616 -0.8064541 1.857005
0.3854452 -0.7806389 1.89403
9
-0.003476805 -0.1253531 2.013848
-0.08007377 -0.133591 1.995975
0.07332215 -0.112477 1.95735
-0.2481479 -0.4179358 1.907456
0.216105 -0.4093852 1.966476
-0.242651 -0.7467505 1.899515
0.4354413 -0.7532256 2.005527
-0.2619144 -0.7767208 1.793635
0.483815 -0.792168 1.947547
9
-0.003476805 -0.1253531 2.013848
-0.08007377 -0.133591 1.995975
0.07332215 -0.112477 1.95735
-0.2481479 -0.4179358 1.907456
0.216105 -0.4093852 1.966476
-0.242651 -0.7467505 1.899515
0.4354413 -0.7532256 2.005527
-0.2619144 -0.7767208 1.793635
0.483815 -0.792168 1.947547
9
0.004295057 -0.1221922 2.014522
-0.07225713 -0.1308796 1.997209
0.08082056 -0.1089632 1.957466
-0.2333466 -0.4198032 1.911382
0.2282409 -0.4065517 1.968116
-0.2388779 -0.7445298 1.901735
0.4402707 -0.7520556 2.007263
-0.2572871 -0.774572 1.795551
0.4847237 -0.7910793 1.949378
9
0.004295057 -0.1221922 2.014522
-0.07225713 -0.1308796 1.997209
0.08082056 -0.1089632 1.957466
-0.2333466 -0.4198032 1.911382
0.2282409 -0.4065517 1.968116
-0.2388779 -0.7445298 1.901735
0.4402707 -0.7520556 2.007263
-0.2572871 -0.774572 1.795551
0.4847237 -0.7910793 1.949378
9
0.02548708 -0.1143102 2.015713
-0.05145168 -0.1233645 1.998563
0.1015426 -0.1010333 1.958474
-0.2028763 -0.4185403 1.917696
0.2488458 -0.4048723 1.969824
-0.2325344 -0.7434418 1.904276
0.4450508 -0.7479959 2.009258
-0.2520457 -0.7728698 1.798003
0.4870635 -0.7905648 1.951579
9
0.02548708 -0.1143102 2.015713
-0.05145168 -0.1233645 1.998563
0.1015426 -0.1010333 1.958474
-0.2028763 -0.4185403 1.917696
0.2488458 -0.4048723 1.969824
-0.2325344 -0.7434418 1.904276
0.4450508 -0.7479959 2.009258
-0.2520457 -0.7728698 1.798003
0.4870635 -0.7905648 1.951579
9
0.04719458 -0.1070864 2.015555
-0.03039952 -0.115898 1.998951
0.1231442 -0.09430777 1.957762
-0.1792486 -0.4134418 1.923815
0.2697976 -0.4074587 1.972288
-0.2253319 -0.7398806 1.906452
0.4491554 -0.7394774 2.014034
-0.2446767 -0.7691774 1.799941
0.4881628 -0.7901512 1.952326
9
0.04719458 -0.1070864 2.015555
-0.03039952 -0.115898 1.998951
0.1231442 -0.09430777 1.957762
-0.1792486 -0.4134418 1.923815
0.2697976 -0.4074587 1.972288
-0.2253319 -0.7398806 1.906452
0.4491554 -0.7394774 2.014034
-0.2446767 -0.7691774 1.799941
0.4881628 -0.7901512 1.952326
