40
9
-0.1262444 -0.5099522 2.307717
-0.2014707 -0.5026979 2.285105
-0.04702936 -0.501159 2.257699
-0.4637989 -0.6095049 2.148521
0.222969 -0.6208781 2.150917
-0.3665726 -1.005022 2.18143
0.4709903 -0.9462485 2.134572
-0.2873802 -1.0538 2.161455
0.4399162 -0.9942482 2.007662
9
-0.1296149 -0.5126448 2.308482
-0.2047635 -0.5053272 2.285898
-0.05035713 -0.5038326 2.258449
-0.4670106 -0.6115339 2.148607
0.2202334 -0.6230507 2.152979
-0.3656752 -1.006117 2.181027
0.4689075 -0.9479232 2.135841
-0.2865964 -1.05458 2.162997
0.4378741 -0.9959677 2.008971
9
-0.1296149 -0.5126448 2.308482
-0.2047635 -0.5053272 2.285898
-0.05035713 -0.5038326 2.258449
-0.4670106 -0.6115339 2.148607
0.2202334 -0.6230507 2.152979
-0.3656752 -1.006117 2.181027
0.4689075 -0.9479232 2.135841
-0.2865964 -1.05458 2.162997
0.4378741 -0.9959677 2.008971
9
-0.1310323 -0.5138789 2.316116
-0.2065047 -0.5072116 2.293019
-0.0514096 -0.5044104 2.266679
-0.46651 -0.6123417 2.148774
0.2171711 -0.6237382 2.153635
-0.3622664 -1.006243 2.18079
0.4670594 -0.947692 2.135442
-0.289414 -1.061004 2.163779
0.4361174 -0.9965971 2.009127
9
-0.1310323 -0.5138789 2.316116
-0.2065047 -0.5072116 2.293019
-0.0514096 -0.5044104 2.266679
-0.46651 -0.6123417 2.148774
0.2171711 -0.6237382 2.153635
-0.3622664 -1.006243 2.18079
0.4670594 -0.947692 2.135442
-0.289414 -1.061004 2.163779
0.4361174 -0.9965971 2.009127
9
-0.1334582 -0.5158044 2.315402
-0.2090213 -0.5091883 2.291986
-0.05369417 -0.5062478 2.266251
-0.4697101 -0.613538 2.148779
0.2160198 -0.6241759 2.154855
-0.3638126 -1.007048 2.180518
0.466799 -0.9474441 2.136024
-0.2883079 -1.05893 2.164472
0.4357468 -0.996207 2.009635
9
-0.1334582 -0.5158044 2.315402
-0.2090213 -0.5091883 2.291986
-0.05369417 -0.5062478 2.266251
-0.4697101 -0.613538 2.148779
0.2160198 -0.6241759 2.154855
-0.3638126 -1.007048 2.180518
0.466799 -0.9474441 2.136024
-0.2883079 -1.05893 2.164472
0.4357468 -0.996207 2.009635
9
-0.1345377 -0.5165672 2.314946
-0.2099415 -0.5098732 2.291588
-0.05490312 -0.5070648 2.265733
-0.470862 -0.6140389 2.148829
0.2153761 -0.6248434 2.156165
-0.3642274 -1.007367 2.180485
0.466807 -0.9475996 2.136557
-0.2893289 -1.058295 2.169928
0.4357623 -0.9962919 2.010118
9
-0.1345377 -0.5165672 2.314946
-0.2099415 -0.5098732 2.291588
-0.05490312 -0.5070648 2.265733
-0.470862 -0.6140389 2.148829
0.2153761 -0.6248434 2.156165
-0.3642274 -1.007367 2.180485
0.466807 -0.9475996 2.136557
-0.2893289 -1.058295 2.169928
0.4357623 -0.9962919 2.010118
9
-0.135135 -0.5167849 2.314976
-0.2105576 -0.5102467 2.291577
-0.05548163 -0.5071425 2.265799
-0.4716543 -0.6143965 2.14929
0.2148905 -0.6251374 2.156952
-0.3638879 -1.007474 2.18057
0.4664873 -0.9477637 2.137159
-0.2887872 -1.058394 2.169368
0.4353729 -0.9964233 2.010714
9
-0.135135 -0.5167849 2.314976
-0.2105576 -0.5102467 2.291577
-0.05548163 -0.5071425 2.265799
-0.4716543 -0.6143965 2.14929
0.2148905 -0.6251374 2.156952
-0.3638879 -1.007474 2.18057
0.4664873 -0.9477637 2.137159
-0.2887872 -1.058394 2.169368
0.4353729 -0.9964233 2.010714
9
-0.1355938 -0.5167553 2.315039
-0.2110824 -0.5101787 2.291843
-0.05591646 -0.5071421 2.26569
-0.4723767 -0.6144582 2.150232
0.2144546 -0.625578 2.157626
-0.3644995 -1.007624 2.18052
0.4656219 -0.9485371 2.137999
-0.2887227 -1.057895 2.169124
0.4345734 -0.9972055 2.011551
9
-0.1355938 -0.5167553 2.315039
-0.2110824 -0.5101787 2.291843
-0.05591646 -0.5071421 2.26569
-0.4723767 -0.6144582 2.150232
0.2144546 -0.625578 2.157626
-0.3644995 -1.007624 2.18052
0.4656219 -0.9485371 2.137999
-0.2887227 -1.057895 2.169124
0.4345734 -0.9972055 2.011551
9
-0.1341986 -0.5165079 2.315043
-0.2098647 -0.5102616 2.291818
-0.05426536 -0.5064882 2.265713
-0.4720403 -0.6141196 2.151992
0.2154917 -0.62639 2.158069
-0.3644072 -1.007439 2.181507
0.4670689 -0.9490145 2.137966
-0.2885462 -1.058247 2.168085
0.4357356 -0.9976855 2.011597
9
-0.1341986 -0.5165079 2.315043
-0.2098647 -0.5102616 2.291818
-0.05426536 -0.5064882 2.265713
-0.4720403 -0.6141196 2.151992
0.2154917 -0.62639 2.158069
-0.3644072 -1.007439 2.181507
0.4670689 -0.9490145 2.137966
-0.2885462 -1.058247 2.168085
0.4357356 -0.9976855 2.011597
9
-0.1326627 -0.5155218 2.31517
-0.2087529 -0.5096754 2.292049
-0.05227642 -0.5050458 2.265663
-0.4715562 -0.6131107 2.153355
0.2163886 -0.6272057 2.158107
-0.3656193 -1.00705 2.181317
0.4682697 -0.9495787 2.137641
-0.2886268 -1.056828 2.167299
0.4368718 -0.9982721 2.01131
9
-0.1326627 -0.5155218 2.31517
-0.2087529 -0.5096754 2.292049
-0.05227642 -0.5050458 2.265663
-0.4715562 -0.6131107 2.153355
0.2163886 -0.6272057 2.158107
-0.3656193 -1.00705 2.181317
0.4682697 -0.9495787 2.137641
-0.2886268 -1.056828 2.167299
0.4368718 -0.9982721 2.01131
9
-0.1293249 -0.5127994 2.315527
-0.205502 -0.5073408 2.292902
-0.04895145 -0.5020238 2.26548
-0.4683039 -0.6122836 2.155724
0.2184636 -0.627208 2.159032
-0.3649725 -1.007004 2.182562
0.4694578 -0.9502479 2.138122
-0.2883435 -1.057845 2.166005
0.4375675 -0.9989507 2.011929
9
-0.1293249 -0.5127994 2.315527
-0.205502 -0.5073408 2.292902
-0.04895145 -0.5020238 2.26548
-0.4683039 -0.6122836 2.155724
0.2184636 -0.627208 2.159032
-0.3649725 -1.007004 2.182562
0.4694578 -0.9502479 2.138122
-0.2883435 -1.057845 2.166005
0.4375675 -0.9989507 2.011929
9
-0.1234966 -0.508653 2.316107
-0.19989 -0.5039171 2.293839
-0.04312559 -0.4973021 2.265651
-0.4632245 -0.6097552 2.158833
0.2216649 -0.6284775 2.161332
-0.3643396 -1.005773 2.183717
0.4724014 -0.9516554 2.138631
-0.2891136 -1.058571 2.165073
0.440866 -1.000412 2.012392
9
-0.1234966 -0.508653 2.316107
-0.19989 -0.5039171 2.293839
-0.04312559 -0.4973021 2.265651
-0.4632245 -0.6097552 2.158833
0.2216649 -0.6284775 2.161332
-0.3643396 -1.005773 2.183717
0.4724014 -0.9516554 2.138631
-0.2891136 -1.058571 2.165073
0.440866 -1.000412 2.012392
9
-0.1152446 -0.5032313 2.315562
-0.1918537 -0.4991965 2.294057
-0.03490847 -0.4913447 2.264272
-0.4553854 -0.6063295 2.160665
0.2275577 -0.6278922 2.162764
-0.3629171 -1.003919 2.184704
0.475324 -0.9532884 2.139235
-0.290622 -1.060135 2.163097
0.4431761 -1.001911 2.013079
9
-0.1152446 -0.5032313 2.315562
-0.1918537 -0.4991965 2.294057
-0.03490847 -0.4913447 2.264272
-0.4553854 -0.6063295 2.160665
0.2275577 -0.6278922 2.162764
-0.3629171 -1.003919 2.184704
0.475324 -0.9532884 2.139235
-0.290622 -1.060135 2.163097
0.4431761 -1.001911 2.013079
9
-0.1079385 -0.4976287 2.315137
-0.1844893 -0.4942633 2.293547
-0.02792714 -0.4852811 2.263915
-0.4479048 -0.6047704 2.163624
0.2316258 -0.6282625 2.165977
-0.3633058 -1.00416 2.186237
0.4767793 -0.955582 2.142054
-0.2896802 -1.059583 2.161069
0.4444802 -1.004042 2.015837
9
-0.1079385 -0.4976287 2.315137
-0.1844893 -0.4942633 2.293547
-0.02792714 -0.4852811 2.263915
-0.4479048 -0.6047704 2.163624
0.2316258 -0.6282625 2.165977
-0.3633058 -1.00416 2.186237
0.4767793 -0.955582 2.142054
-0.2896802 -1.059583 2.161069
0.4444802 -1.004042 2.015837
9
-0.1079385 -0.4976287 2.315137
-0.1844893 -0.4942633 2.293547
-0.02792714 -0.4852811 2.263915
-0.4479048 -0.6047704 2.163624
0.2316258 -0.6282625 2.165977
-0.3633058 -1.00416 2.186237
0.4767793 -0.955582 2.142054
-0.2896802 -1.059583 2.161069
0.4444802 -1.004042 2.015837
9
-0.08758771 -0.4838901 2.315214
-0.1639336 -0.4814839 2.292101
-0.008353839 -0.470985 2.265423
-0.4289197 -0.5959815 2.171245
0.2440415 -0.6281585 2.176422
-0.3665504 -0.9998395 2.187104
0.4704899 -0.9684772 2.150145
-0.2898269 -1.05243 2.159918
0.4380559 -1.016475 2.023802
9
-0.08758771 -0.4838901 2.315214
-0.1639336 -0.4814839 2.292101
-0.008353839 -0.470985 2.265423
-0.4289197 -0.5959815 2.171245
0.2440415 -0.6281585 2.176422
-0.3665504 -0.9998395 2.187104
0.4704899 -0.9684772 2.150145
-0.2898269 -1.05243 2.159918
0.4380559 -1.016475 2.023802
9
-0.08758771 -0.4838901 2.315214
-0.1639336 -0.4814839 2.292101
-0.008353839 -0.470985 2.265423
-0.4289197 -0.5959815 2.171245
0.2440415 -0.6281585 2.176422
-0.3665504 -0.9998395 2.187104
0.4704899 -0.9684772 2.150145
-0.2898269 -1.05243 2.159918
0.4380559 -1.016475 2.023802
9
-0.08009098 -0.4778586 2.314296
-0.1555213 -0.4754075 2.291517
-0.001981343 -0.4652156 2.264166
-0.4206375 -0.5926706 2.174781
0.2474024 -0.6271607 2.176371
-0.3673475 -0.9979094 2.188628
0.4737573 -0.9675414 2.150401
-0.2917312 -1.051708 2.161288
0.4408863 -1.015284 2.023981
9
-0.07375119 -0.4726177 2.31407
-0.148881 -0.4699513 2.29185
0.003832487 -0.4603488 2.263366
-0.4131941 -0.591042 2.178162
0.2518501 -0.6246251 2.177112
-0.3680481 -0.9973965 2.1892
0.4748859 -0.9671844 2.151447
-0.2928816 -1.051809 2.159677
0.4409631 -1.014638 2.025111
9
-0.07375119 -0.4726177 2.31407
-0.148881 -0.4699513 2.29185
0.003832487 -0.4603488 2.263366
-0.4131941 -0.591042 2.178162
0.2518501 -0.6246251 2.177112
-0.3680481 -0.9973965 2.1892
0.4748859 -0.9671844 2.151447
-0.2928816 -1.051809 2.159677
0.4409631 -1.014638 2.025111
9
-0.06114145 -0.4669245 2.31304
-0.1366482 -0.4649775 2.291218
0.01637059 -0.4541021 2.261854
-0.4018828 -0.5880155 2.183657
0.2600797 -0.6246203 2.177253
-0.3631693 -0.9950414 2.193919
0.480452 -0.9688588 2.151842
-0.3981934 -1.038086 2.253906
0.4463796 -1.016123 2.025433
9
-0.06114145 -0.4669245 2.31304
-0.1366482 -0.4649775 2.291218
0.01637059 -0.4541021 2.261854
-0.4018828 -0.5880155 2.183657
0.2600797 -0.6246203 2.177253
-0.3631693 -0.9950414 2.193919
0.480452 -0.9688588 2.151842
-0.3981934 -1.038086 2.253906
0.4463796 -1.016123 2.025433
9
-0.04786564 -0.4586677 2.312356
-0.1230865 -0.4567893 2.291993
0.02904953 -0.4459671 2.259668
-0.3869629 -0.5856464 2.189605
0.2691038 -0.6217413 2.177372
-0.3592931 -0.9936708 2.196894
0.4848513 -0.968862 2.151884
-0.2850765 -1.049038 2.163958
0.4505146 -1.016057 2.025495
9
-0.04786564 -0.4586677 2.312356
-0.1230865 -0.4567893 2.291993
0.02904953 -0.4459671 2.259668
-0.3869629 -0.5856464 2.189605
0.2691038 -0.6217413 2.177372
-0.3592931 -0.9936708 2.196894
0.4848513 -0.968862 2.151884
-0.2850765 -1.049038 2.163958
0.4505146 -1.016057 2.025495
9
-0.02896341 -0.4505393 2.310874
-0.1050043 -0.4499016 2.292409
0.04821761 -0.4367836 2.256099
-0.368691 -0.5814524 2.193659
0.2817036 -0.6211725 2.176721
-0.3531069 -0.9901556 2.199042
0.4917416 -0.9717181 2.151423
-0.2894562 -1.054369 2.161661
0.4572726 -1.01903 2.025177
9
-0.02896341 -0.4505393 2.310874
-0.1050043 -0.4499016 2.292409
0.04821761 -0.4367836 2.256099
-0.368691 -0.5814524 2.193659
0.2817036 -0.6211725 2.176721
-0.3531069 -0.9901556 2.199042
0.4917416 -0.9717181 2.151423
-0.2894562 -1.054369 2.161661
0.4572726 -1.01903 2.025177
9
-0.01548032 -0.4451585 2.31048
-0.09144486 -0.4461315 2.291363
0.06117767 -0.4299639 2.256385
-0.354358 -0.581082 2.196193
0.291307 -0.6179422 2.175602
-0.3547146 -0.9899983 2.201158
0.4954371 -0.9719553 2.151188
-0.394043 -1.038086 2.244141
0.4621738 -1.019063 2.024466
9
-0.01548032 -0.4451585 2.31048
-0.09144486 -0.4461315 2.291363
0.06117767 -0.4299639 2.256385
-0.354358 -0.581082 2.196193
0.291307 -0.6179422 2.175602
-0.3547146 -0.9899983 2.201158
0.4954371 -0.9719553 2.151188
-0.394043 -1.038086 2.244141
0.4621738 -1.019063 2.024466
