40
9
-0.178414 -0.140828 2.108455
-0.2566214 -0.1512527 2.080995
-0.09386106 -0.1254207 2.060521
-0.4102668 -0.4440477 1.945
0.08409437 -0.4455995 2.098639
-0.3750538 -0.8091172 1.989502
0.3008536 -0.8459644 2.05335
-0.4344422 -0.8622496 1.905918
0.2342123 -0.9187782 1.923024
9
-0.178414 -0.140828 2.108455
-0.2566214 -0.1512527 2.080995
-0.09386106 -0.1254207 2.060521
-0.4102668 -0.4440477 1.945
0.08409437 -0.4455995 2.098639
-0.3750538 -0.8091172 1.989502
0.3008536 -0.8459644 2.05335
-0.4344422 -0.8622496 1.905918
0.2342123 -0.9187782 1.923024
9
-0.1857287 -0.1446605 2.108997
-0.263229 -0.1546436 2.081172
-0.1015874 -0.1295431 2.061503
-0.4167468 -0.4460212 1.941095
0.07611061 -0.4475727 2.097938
-0.3745929 -0.8095032 1.989512
0.3016155 -0.8472329 2.053341
-0.4355843 -0.8639891 1.910262
0.2334454 -0.920193 1.924331
9
-0.1857287 -0.1446605 2.108997
-0.263229 -0.1546436 2.081172
-0.1015874 -0.1295431 2.061503
-0.4167468 -0.4460212 1.941095
0.07611061 -0.4475727 2.097938
-0.3745929 -0.8095032 1.989512
0.3016155 -0.8472329 2.053341
-0.4355843 -0.8639891 1.910262
0.2334454 -0.920193 1.924331
9
-0.2029409 -0.1547269 2.111162
-0.2809546 -0.1639087 2.084372
-0.117707 -0.140043 2.06274
-0.4291026 -0.4533834 1.932142
0.06535595 -0.4473222 2.096568
-0.3798829 -0.8151311 1.984213
0.3024805 -0.8473402 2.054275
-0.4544508 -0.8654312 1.926749
0.232746 -0.9199066 1.926138
9
-0.2150465 -0.1634251 2.110635
-0.293762 -0.1721028 2.08404
-0.1286699 -0.1489123 2.062068
-0.4432047 -0.4566675 1.922094
0.05900637 -0.4463316 2.096003
-0.3864936 -0.8164261 1.97829
0.3080103 -0.8501939 2.056012
-0.4578591 -0.8643889 1.908282
0.232079 -0.9187884 1.92895
9
-0.2150465 -0.1634251 2.110635
-0.293762 -0.1721028 2.08404
-0.1286699 -0.1489123 2.062068
-0.4432047 -0.4566675 1.922094
0.05900637 -0.4463316 2.096003
-0.3864936 -0.8164261 1.97829
0.3080103 -0.8501939 2.056012
-0.4578591 -0.8643889 1.908282
0.232079 -0.9187884 1.92895
9
-0.2303223 -0.1751042 2.111191
-0.3079686 -0.182095 2.085103
-0.1444634 -0.1619691 2.062153
-0.4547633 -0.4634477 1.913529
0.05255431 -0.4471149 2.095632
-0.3895253 -0.8207877 1.973776
0.3060146 -0.8370636 2.070173
-0.4578247 -0.871037 1.901921
0.2350773 -0.9089587 1.942299
9
-0.2303223 -0.1751042 2.111191
-0.3079686 -0.182095 2.085103
-0.1444634 -0.1619691 2.062153
-0.4547633 -0.4634477 1.913529
0.05255431 -0.4471149 2.095632
-0.3895253 -0.8207877 1.973776
0.3060146 -0.8370636 2.070173
-0.4578247 -0.871037 1.901921
0.2350773 -0.9089587 1.942299
9
-0.2427731 -0.1861197 2.111367
-0.3189906 -0.1919958 2.085136
-0.1579027 -0.1736677 2.062612
-0.4676712 -0.4676497 1.904608
0.04513346 -0.4497331 2.096891
-0.393565 -0.8223995 1.968454
0.3042564 -0.8394901 2.071916
-0.4621393 -0.8751256 1.902254
0.2308826 -0.9107031 1.945383
9
-0.2427731 -0.1861197 2.111367
-0.3189906 -0.1919958 2.085136
-0.1579027 -0.1736677 2.062612
-0.4676712 -0.4676497 1.904608
0.04513346 -0.4497331 2.096891
-0.393565 -0.8223995 1.968454
0.3042564 -0.8394901 2.071916
-0.4621393 -0.8751256 1.902254
0.2308826 -0.9107031 1.945383
9
-0.2427731 -0.1861197 2.111367
-0.3189906 -0.1919958 2.085136
-0.1579027 -0.1736677 2.062612
-0.4676712 -0.4676497 1.904608
0.04513346 -0.4497331 2.096891
-0.393565 -0.8223995 1.968454
0.3042564 -0.8394901 2.071916
-0.4621393 -0.8751256 1.902254
0.2308826 -0.9107031 1.945383
9
-0.2427731 -0.1861197 2.111367
-0.3189906 -0.1919958 2.085136
-0.1579027 -0.1736677 2.062612
-0.4676712 -0.4676497 1.904608
0.04513346 -0.4497331 2.096891
-0.393565 -0.8223995 1.968454
0.3042564 -0.8394901 2.071916
-0.4621393 -0.8751256 1.902254
0.2308826 -0.9107031 1.945383
9
-0.2427731 -0.1861197 2.111367
-0.3189906 -0.1919958 2.085136
-0.1579027 -0.1736677 2.062612
-0.4676712 -0.4676497 1.904608
0.04513346 -0.4497331 2.096891
-0.393565 -0.8223995 1.968454
0.3042564 -0.8394901 2.071916
-0.4621393 -0.8751256 1.902254
0.2308826 -0.9107031 1.945383
9
-0.2427731 -0.1861197 2.111367
-0.3189906 -0.1919958 2.085136
-0.1579027 -0.1736677 2.062612
-0.4676712 -0.4676497 1.904608
0.04513346 -0.4497331 2.096891
-0.393565 -0.8223995 1.968454
0.3042564 -0.8394901 2.071916
-0.4621393 -0.8751256 1.902254
0.2308826 -0.9107031 1.945383
9
-0.2427731 -0.1861197 2.111367
-0.3189906 -0.1919958 2.085136
-0.1579027 -0.1736677 2.062612
-0.4676712 -0.4676497 1.904608
0.04513346 -0.4497331 2.096891
-0.393565 -0.8223995 1.968454
0.3042564 -0.8394901 2.071916
-0.4621393 -0.8751256 1.902254
0.2308826 -0.9107031 1.945383
9
-0.2832424 -0.2335586 2.113836
-0.3606413 -0.2392839 2.085669
-0.1957669 -0.2195766 2.067347
-0.5099609 -0.4869426 1.86267
0.07510227 -0.5478783 2.131581
-0.4186742 -0.836274 1.933335
0.2905997 -0.8538432 2.086214
-0.4860959 -0.8943704 1.918674
0.2189469 -0.9185544 1.95345
9
-0.2839768 -0.2348706 2.113661
-0.3613675 -0.240851 2.085085
-0.1965217 -0.2206897 2.067525
-0.516838 -0.4818873 1.858573
0.008657446 -0.4872642 2.108648
-0.3831922 -0.7704244 1.97772
0.2919411 -0.850463 2.086864
-0.4541495 -0.8577133 1.912518
0.2139809 -0.914778 1.958455
9
-0.2839768 -0.2348706 2.113661
-0.3613675 -0.240851 2.085085
-0.1965217 -0.2206897 2.067525
-0.516838 -0.4818873 1.858573
0.008657446 -0.4872642 2.108648
-0.3831922 -0.7704244 1.97772
0.2919411 -0.850463 2.086864
-0.4541495 -0.8577133 1.912518
0.2139809 -0.914778 1.958455
9
-0.2839768 -0.2348706 2.113661
-0.3613675 -0.240851 2.085085
-0.1965217 -0.2206897 2.067525
-0.516838 -0.4818873 1.858573
0.008657446 -0.4872642 2.108648
-0.3831922 -0.7704244 1.97772
0.2919411 -0.850463 2.086864
-0.4541495 -0.8577133 1.912518
0.2139809 -0.914778 1.958455
9
-0.2892619 -0.2395275 2.112639
-0.3663096 -0.2450597 2.083441
-0.2019913 -0.2256347 2.067219
-0.5219635 -0.4838375 1.854389
0.03821132 -0.5264671 2.125848
-0.3876982 -0.7722142 1.975636
0.2965373 -0.8534085 2.079098
-0.4527899 -0.8591313 1.905079
0.2109491 -0.9137931 1.954003
9
-0.293682 -0.244666 2.112333
-0.3706432 -0.2500074 2.082759
-0.2063137 -0.2307361 2.067339
-0.5283647 -0.4851905 1.851167
0.03739799 -0.5271222 2.125561
-0.3971334 -0.7756093 1.970812
0.3016375 -0.8503876 2.076914
-0.4529766 -0.8592777 1.904399
0.2148508 -0.9115632 1.953638
9
-0.3151359 -0.2577466 2.112183
-0.3916461 -0.2611265 2.081281
-0.2275794 -0.2454348 2.068646
-0.5376243 -0.5006961 1.846251
-0.006923561 -0.4987876 2.112995
-0.4374611 -0.8461028 1.920557
0.30851 -0.8389089 2.072949
-0.4982437 -0.9015651 1.92646
0.2089803 -0.8910124 1.955174
9
-0.3154576 -0.2591023 2.11166
-0.3919501 -0.2624849 2.080712
-0.2278794 -0.2466883 2.068191
-0.544803 -0.4962414 1.844074
-0.003930673 -0.497591 2.111569
-0.4118059 -0.7852703 1.963331
0.3088726 -0.8370682 2.075366
-0.4604085 -0.8637947 1.903046
0.2107598 -0.8808408 1.950166
9
-0.3154576 -0.2591023 2.11166
-0.3919501 -0.2624849 2.080712
-0.2278794 -0.2466883 2.068191
-0.544803 -0.4962414 1.844074
-0.003930673 -0.497591 2.111569
-0.4118059 -0.7852703 1.963331
0.3088726 -0.8370682 2.075366
-0.4604085 -0.8637947 1.903046
0.2107598 -0.8808408 1.950166
9
-0.324023 -0.2627346 2.111703
-0.399908 -0.2653119 2.080866
-0.2367081 -0.2509997 2.068186
-0.5480361 -0.4989648 1.840628
-0.008792816 -0.4987807 2.110923
-0.4111938 -0.7842143 1.963489
0.308816 -0.8369169 2.074958
-0.4623253 -0.8655224 1.901955
0.210627 -0.8806776 1.950013
9
-0.324023 -0.2627346 2.111703
-0.399908 -0.2653119 2.080866
-0.2367081 -0.2509997 2.068186
-0.5480361 -0.4989648 1.840628
-0.008792816 -0.4987807 2.110923
-0.4111938 -0.7842143 1.963489
0.308816 -0.8369169 2.074958
-0.4623253 -0.8655224 1.901955
0.210627 -0.8806776 1.950013
9
-0.324023 -0.2627346 2.111703
-0.399908 -0.2653119 2.080866
-0.2367081 -0.2509997 2.068186
-0.5480361 -0.4989648 1.840628
-0.008792816 -0.4987807 2.110923
-0.4111938 -0.7842143 1.963489
0.308816 -0.8369169 2.074958
-0.4623253 -0.8655224 1.901955
0.210627 -0.8806776 1.950013
9
-0.3270178 -0.2636169 2.111594
-0.4029665 -0.2660955 2.081111
-0.2395535 -0.2519341 2.067755
-0.551855 -0.4981346 1.839648
-0.009603916 -0.4980712 2.110167
-0.4116875 -0.7828901 1.963971
0.3080415 -0.8369787 2.074954
-0.462863 -0.8657559 1.901997
0.2100637 -0.8809044 1.950138
9
-0.3270178 -0.2636169 2.111594
-0.4029665 -0.2660955 2.081111
-0.2395535 -0.2519341 2.067755
-0.551855 -0.4981346 1.839648
-0.009603916 -0.4980712 2.110167
-0.4116875 -0.7828901 1.963971
0.3080415 -0.8369787 2.074954
-0.462863 -0.8657559 1.901997
0.2100637 -0.8809044 1.950138
9
-0.3270178 -0.2636169 2.111594
-0.4029665 -0.2660955 2.081111
-0.2395535 -0.2519341 2.067755
-0.551855 -0.4981346 1.839648
-0.009603916 -0.4980712 2.110167
-0.4116875 -0.7828901 1.963971
0.3080415 -0.8369787 2.074954
-0.462863 -0.8657559 1.901997
0.2100637 -0.8809044 1.950138
9
-0.3270178 -0.2636169 2.111594
-0.4029665 -0.2660955 2.081111
-0.2395535 -0.2519341 2.067755
-0.551855 -0.4981346 1.839648
-0.009603916 -0.4980712 2.110167
-0.4116875 -0.7828901 1.963971
0.3080415 -0.8369787 2.074954
-0.462863 -0.8657559 1.901997
0.2100637 -0.8809044 1.950138
9
-0.3270178 -0.2636169 2.111594
-0.4029665 -0.2660955 2.081111
-0.2395535 -0.2519341 2.067755
-0.551855 -0.4981346 1.839648
-0.009603916 -0.4980712 2.110167
-0.4116875 -0.7828901 1.963971
0.3080415 -0.8369787 2.074954
-0.462863 -0.8657559 1.901997
0.2100637 -0.8809044 1.950138
9
-0.3259033 -0.2623876 2.110662
-0.4022056 -0.2654454 2.080467
-0.2380227 -0.2499557 2.066456
-0.5523344 -0.4970574 1.839429
-0.01044701 -0.4984537 2.108165
-0.4543436 -0.844801 1.90679
0.308651 -0.8378218 2.073453
-0.4671196 -0.9276396 1.907055
0.2157001 -0.8894044 1.949047
9
-0.3259033 -0.2623876 2.110662
-0.4022056 -0.2654454 2.080467
-0.2380227 -0.2499557 2.066456
-0.5523344 -0.4970574 1.839429
-0.01044701 -0.4984537 2.108165
-0.4543436 -0.844801 1.90679
0.308651 -0.8378218 2.073453
-0.4671196 -0.9276396 1.907055
0.2157001 -0.8894044 1.949047
9
-0.3240159 -0.2596722 2.109803
-0.4005611 -0.2634455 2.079461
-0.2359422 -0.2465497 2.065784
-0.5508686 -0.4962099 1.839823
-0.009223204 -0.4959552 2.107136
-0.409804 -0.7783378 1.962621
0.2290685 -0.9352634 2.055986
-0.4553277 -0.8694681 1.888748
0.154548 -0.9473999 1.902635
9
-0.3240159 -0.2596722 2.109803
-0.4005611 -0.2634455 2.079461
-0.2359422 -0.2465497 2.065784
-0.5508686 -0.4962099 1.839823
-0.009223204 -0.4959552 2.107136
-0.409804 -0.7783378 1.962621
0.2290685 -0.9352634 2.055986
-0.4553277 -0.8694681 1.888748
0.154548 -0.9473999 1.902635
9
-0.3240159 -0.2596722 2.109803
-0.4005611 -0.2634455 2.079461
-0.2359422 -0.2465497 2.065784
-0.5508686 -0.4962099 1.839823
-0.009223204 -0.4959552 2.107136
-0.409804 -0.7783378 1.962621
0.2290685 -0.9352634 2.055986
-0.4553277 -0.8694681 1.888748
0.154548 -0.9473999 1.902635
9
-0.3240159 -0.2596722 2.109803
-0.4005611 -0.2634455 2.079461
-0.2359422 -0.2465497 2.065784
-0.5508686 -0.4962099 1.839823
-0.009223204 -0.4959552 2.107136
-0.409804 -0.7783378 1.962621
0.2290685 -0.9352634 2.055986
-0.4553277 -0.8694681 1.888748
0.154548 -0.9473999 1.902635
9
-0.3095141 -0.2453462 2.110811
-0.3866497 -0.2514725 2.081065
-0.2213861 -0.2303468 2.066013
-0.5373452 -0.4895374 1.847568
1.802686E-05 -0.491636 2.100515
-0.4091015 -0.7784176 1.962959
0.3010853 -0.8593218 2.055224
-0.4707031 -0.8588867 1.935547
0.2053228 -0.921407 1.943685
