40
9
-0.1168025 -0.2057131 2.05324
-0.1937443 -0.223113 2.035861
-0.03541172 -0.180833 1.995884
-0.4231742 -0.4483166 1.88414
0.190396 -0.437137 1.918885
-0.4784679 -0.7794521 1.91753
0.3320652 -0.770995 2.011878
-0.5593365 -0.8323959 1.808349
0.3670142 -0.8354521 1.930358
9
-0.1168025 -0.2057131 2.05324
-0.1937443 -0.223113 2.035861
-0.03541172 -0.180833 1.995884
-0.4231742 -0.4483166 1.88414
0.190396 -0.437137 1.918885
-0.4784679 -0.7794521 1.91753
0.3320652 -0.770995 2.011878
-0.5593365 -0.8323959 1.808349
0.3670142 -0.8354521 1.930358
9
-0.1168025 -0.2057131 2.05324
-0.1937443 -0.223113 2.035861
-0.03541172 -0.180833 1.995884
-0.4231742 -0.4483166 1.88414
0.190396 -0.437137 1.918885
-0.4784679 -0.7794521 1.91753
0.3320652 -0.770995 2.011878
-0.5593365 -0.8323959 1.808349
0.3670142 -0.8354521 1.930358
9
-0.186358 -0.2421397 2.045533
-0.2646625 -0.2559908 2.029776
-0.1011675 -0.2194654 1.986941
-0.508489 -0.4417288 1.8445
0.1517055 -0.4503831 1.910371
-0.4887938 -0.7765163 1.910213
0.3318732 -0.7742734 2.006465
-0.5656825 -0.8325455 1.799488
0.3698855 -0.8393068 1.9289
9
-0.2067866 -0.2527112 2.044881
-0.2872267 -0.2662657 2.027827
-0.1189784 -0.2299673 1.987578
-0.524499 -0.4535343 1.834828
0.1417701 -0.4525982 1.912353
-0.4904076 -0.7809547 1.908233
0.3323984 -0.7837376 2.000925
-0.5800601 -0.8387334 1.816653
0.3753949 -0.8463764 1.92481
9
-0.2067866 -0.2527112 2.044881
-0.2872267 -0.2662657 2.027827
-0.1189784 -0.2299673 1.987578
-0.524499 -0.4535343 1.834828
0.1417701 -0.4525982 1.912353
-0.4904076 -0.7809547 1.908233
0.3323984 -0.7837376 2.000925
-0.5800601 -0.8387334 1.816653
0.3753949 -0.8463764 1.92481
9
-0.2067866 -0.2527112 2.044881
-0.2872267 -0.2662657 2.027827
-0.1189784 -0.2299673 1.987578
-0.524499 -0.4535343 1.834828
0.1417701 -0.4525982 1.912353
-0.4904076 -0.7809547 1.908233
0.3323984 -0.7837376 2.000925
-0.5800601 -0.8387334 1.816653
0.3753949 -0.8463764 1.92481
9
-0.2531375 -0.2668523 2.085677
-0.3332462 -0.2768628 2.064069
-0.1639455 -0.2473547 2.033254
-0.5474278 -0.4359962 1.816104
0.1086352 -0.4444581 1.91415
-0.4962338 -0.7900486 1.903804
0.3184981 -0.7754151 1.99563
-0.5670859 -0.835288 1.779418
0.3688954 -0.8401689 1.934676
9
-0.2531375 -0.2668523 2.085677
-0.3332462 -0.2768628 2.064069
-0.1639455 -0.2473547 2.033254
-0.5474278 -0.4359962 1.816104
0.1086352 -0.4444581 1.91415
-0.4962338 -0.7900486 1.903804
0.3184981 -0.7754151 1.99563
-0.5670859 -0.835288 1.779418
0.3688954 -0.8401689 1.934676
9
-0.2552057 -0.2732025 2.088174
-0.3336042 -0.2823297 2.065408
-0.1682321 -0.2547701 2.037367
-0.5871964 -0.3488101 1.810814
0.1279754 -0.4036448 1.897096
-0.4965913 -0.7856354 1.902074
0.3776678 -0.7887422 1.957813
-0.5667985 -0.8342457 1.7793
0.3519233 -0.8717936 1.939588
9
-0.2552057 -0.2732025 2.088174
-0.3336042 -0.2823297 2.065408
-0.1682321 -0.2547701 2.037367
-0.5871964 -0.3488101 1.810814
0.1279754 -0.4036448 1.897096
-0.4965913 -0.7856354 1.902074
0.3776678 -0.7887422 1.957813
-0.5667985 -0.8342457 1.7793
0.3519233 -0.8717936 1.939588
9
-0.2696066 -0.2956371 2.050529
-0.345806 -0.3069047 2.027367
-0.1836739 -0.2738904 1.999764
-0.6210654 -0.3554678 1.796005
0.1360406 -0.400726 1.912023
-0.4973383 -0.7853774 1.902068
0.3879529 -0.7847171 1.970905
-0.5537227 -0.8438459 1.775678
0.3544212 -0.8670984 1.931605
9
-0.2696066 -0.2956371 2.050529
-0.345806 -0.3069047 2.027367
-0.1836739 -0.2738904 1.999764
-0.6210654 -0.3554678 1.796005
0.1360406 -0.400726 1.912023
-0.4973383 -0.7853774 1.902068
0.3879529 -0.7847171 1.970905
-0.5537227 -0.8438459 1.775678
0.3544212 -0.8670984 1.931605
9
-0.3106477 -0.2986919 2.039805
-0.3811705 -0.3069906 2.020828
-0.2294214 -0.2800744 1.984642
-0.6291879 -0.4376951 1.793113
0.06395856 -0.4643064 1.933746
-0.498128 -0.7843875 1.902064
0.3604162 -0.81556 1.991269
-0.6018703 -0.8340749 1.830037
0.3673707 -0.8830361 1.901618
9
-0.3106477 -0.2986919 2.039805
-0.3811705 -0.3069906 2.020828
-0.2294214 -0.2800744 1.984642
-0.6291879 -0.4376951 1.793113
0.06395856 -0.4643064 1.933746
-0.498128 -0.7843875 1.902064
0.3604162 -0.81556 1.991269
-0.6018703 -0.8340749 1.830037
0.3673707 -0.8830361 1.901618
9
-0.3106477 -0.2986919 2.039805
-0.3811705 -0.3069906 2.020828
-0.2294214 -0.2800744 1.984642
-0.6291879 -0.4376951 1.793113
0.06395856 -0.4643064 1.933746
-0.498128 -0.7843875 1.902064
0.3604162 -0.81556 1.991269
-0.6018703 -0.8340749 1.830037
0.3673707 -0.8830361 1.901618
9
-0.3267794 -0.3065613 2.037454
-0.3995301 -0.3150463 2.019886
-0.2423474 -0.2870719 1.981589
-0.6407762 -0.4455996 1.783951
0.04669007 -0.4781156 1.942325
-0.498992 -0.7826951 1.902065
0.3591514 -0.8170593 1.992258
-0.6041975 -0.8346473 1.839022
0.3709518 -0.8804584 1.898378
9
-0.3267794 -0.3065613 2.037454
-0.3995301 -0.3150463 2.019886
-0.2423474 -0.2870719 1.981589
-0.6407762 -0.4455996 1.783951
0.04669007 -0.4781156 1.942325
-0.498992 -0.7826951 1.902065
0.3591514 -0.8170593 1.992258
-0.6041975 -0.8346473 1.839022
0.3709518 -0.8804584 1.898378
9
-0.3582982 -0.3180704 2.032824
-0.4326822 -0.3245446 2.015493
-0.2710222 -0.3000611 1.977014
-0.6587657 -0.4601632 1.766216
0.03210417 -0.4695507 1.945369
-0.5023899 -0.7778621 1.900717
0.3472317 -0.8068013 1.992879
-0.5797204 -0.8330825 1.790108
0.3729484 -0.874117 1.910573
9
-0.3582982 -0.3180704 2.032824
-0.4326822 -0.3245446 2.015493
-0.2710222 -0.3000611 1.977014
-0.6587657 -0.4601632 1.766216
0.03210417 -0.4695507 1.945369
-0.5023899 -0.7778621 1.900717
0.3472317 -0.8068013 1.992879
-0.5797204 -0.8330825 1.790108
0.3729484 -0.874117 1.910573
9
-0.3959118 -0.320669 2.06846
-0.4673024 -0.3235501 2.046983
-0.3090196 -0.3065098 2.015675
-0.6492612 -0.4609497 1.759517
0.003563969 -0.4569863 1.942625
-0.5067803 -0.7735877 1.89761
0.3223996 -0.7913848 1.989316
-0.5569026 -0.8494996 1.782784
0.3005289 -0.8518114 1.866156
9
-0.3959118 -0.320669 2.06846
-0.4673024 -0.3235501 2.046983
-0.3090196 -0.3065098 2.015675
-0.6492612 -0.4609497 1.759517
0.003563969 -0.4569863 1.942625
-0.5067803 -0.7735877 1.89761
0.3223996 -0.7913848 1.989316
-0.5569026 -0.8494996 1.782784
0.3005289 -0.8518114 1.866156
9
-0.3716682 -0.3237541 2.072939
-0.4436301 -0.3294338 2.051469
-0.2864739 -0.3067016 2.020789
-0.6681414 -0.3746488 1.763891
0.04556583 -0.4052109 1.935378
-0.5087317 -0.7691514 1.89559
0.3371257 -0.7640716 1.979059
-0.6107565 -0.8291454 1.84053
0.3586837 -0.846102 1.933459
9
-0.3716682 -0.3237541 2.072939
-0.4436301 -0.3294338 2.051469
-0.2864739 -0.3067016 2.020789
-0.6681414 -0.3746488 1.763891
0.04556583 -0.4052109 1.935378
-0.5087317 -0.7691514 1.89559
0.3371257 -0.7640716 1.979059
-0.6107565 -0.8291454 1.84053
0.3586837 -0.846102 1.933459
9
-0.342647 -0.3280665 2.0346
-0.4172247 -0.3371314 2.019144
-0.2566049 -0.3066813 1.977899
-0.6776688 -0.3738658 1.76739
0.07287757 -0.4192984 1.95268
-0.5064917 -0.7685828 1.897117
0.3638675 -0.7782331 1.996408
-0.6108422 -0.8116676 1.91078
0.3529843 -0.8563787 1.923164
9
-0.342647 -0.3280665 2.0346
-0.4172247 -0.3371314 2.019144
-0.2566049 -0.3066813 1.977899
-0.6776688 -0.3738658 1.76739
0.07287757 -0.4192984 1.95268
-0.5064917 -0.7685828 1.897117
0.3638675 -0.7782331 1.996408
-0.6108422 -0.8116676 1.91078
0.3529843 -0.8563787 1.923164
9
-0.3768212 -0.3264947 2.03007
-0.449032 -0.3330944 2.015485
-0.2907405 -0.3081612 1.971908
-0.6669923 -0.4710554 1.759631
0.01134227 -0.4785289 1.954108
-0.5071147 -0.7697366 1.89744
0.3345608 -0.8092103 1.997095
-0.6127678 -0.827494 1.864351
0.3723083 -0.8656213 1.907537
9
-0.3768212 -0.3264947 2.03007
-0.449032 -0.3330944 2.015485
-0.2907405 -0.3081612 1.971908
-0.6669923 -0.4710554 1.759631
0.01134227 -0.4785289 1.954108
-0.5071147 -0.7697366 1.89744
0.3345608 -0.8092103 1.997095
-0.6127678 -0.827494 1.864351
0.3723083 -0.8656213 1.907537
9
-0.3788837 -0.3265086 2.029404
-0.4511003 -0.3329145 2.014765
-0.2928282 -0.3083643 1.971243
-0.6678188 -0.4701238 1.757204
0.01003204 -0.4774055 1.954119
-0.50934 -0.7710568 1.895936
0.3328121 -0.8089412 1.995217
-0.6137977 -0.8169469 1.90549
0.3735264 -0.865276 1.908
9
-0.3788837 -0.3265086 2.029404
-0.4511003 -0.3329145 2.014765
-0.2928282 -0.3083643 1.971243
-0.6678188 -0.4701238 1.757204
0.01003204 -0.4774055 1.954119
-0.50934 -0.7710568 1.895936
0.3328121 -0.8089412 1.995217
-0.6137977 -0.8169469 1.90549
0.3735264 -0.865276 1.908
9
-0.3799353 -0.3262362 2.028709
-0.4520974 -0.3324423 2.014027
-0.2939543 -0.3082843 1.970543
-0.6686546 -0.4692917 1.756087
0.009266037 -0.4766495 1.95419
-0.508304 -0.7734823 1.896435
0.3317003 -0.8085911 1.995378
-0.61424 -0.8293491 1.849984
0.3733835 -0.8646181 1.908579
9
-0.3799353 -0.3262362 2.028709
-0.4520974 -0.3324423 2.014027
-0.2939543 -0.3082843 1.970543
-0.6686546 -0.4692917 1.756087
0.009266037 -0.4766495 1.95419
-0.508304 -0.7734823 1.896435
0.3317003 -0.8085911 1.995378
-0.61424 -0.8293491 1.849984
0.3733835 -0.8646181 1.908579
9
-0.3776801 -0.3244481 2.028411
-0.4496591 -0.3310333 2.014131
-0.2918819 -0.3060814 1.969761
-0.6670938 -0.4690264 1.757785
0.01630368 -0.4655097 1.954409
-0.5081377 -0.7731615 1.896499
0.3457888 -0.7909845 1.993337
-0.6133523 -0.8171214 1.906648
0.3583257 -0.8661141 1.917888
9
-0.3776801 -0.3244481 2.028411
-0.4496591 -0.3310333 2.014131
-0.2918819 -0.3060814 1.969761
-0.6670938 -0.4690264 1.757785
0.01630368 -0.4655097 1.954409
-0.5081377 -0.7731615 1.896499
0.3457888 -0.7909845 1.993337
-0.6133523 -0.8171214 1.906648
0.3583257 -0.8661141 1.917888
9
-0.37742 -0.3235001 2.028051
-0.4494838 -0.3297493 2.013553
-0.2915893 -0.305448 1.969559
-0.6658708 -0.468583 1.756704
0.01723825 -0.463652 1.954283
-0.5074403 -0.7727032 1.897358
0.3460456 -0.7897643 1.993486
-0.5852334 -0.850732 1.81658
0.3574854 -0.8654541 1.918705
9
-0.37742 -0.3235001 2.028051
-0.4494838 -0.3297493 2.013553
-0.2915893 -0.305448 1.969559
-0.6658708 -0.468583 1.756704
0.01723825 -0.463652 1.954283
-0.5074403 -0.7727032 1.897358
0.3460456 -0.7897643 1.993486
-0.5852334 -0.850732 1.81658
0.3574854 -0.8654541 1.918705
9
-0.3696986 -0.3016645 2.072114
-0.4428537 -0.30815 2.053066
-0.2835354 -0.2851425 2.016919
-0.6372071 -0.4525359 1.779
0.01197887 -0.4611681 1.927152
-0.5060214 -0.7725228 1.898021
0.3358548 -0.7922261 1.966488
-0.612463 -0.8266349 1.847298
0.3135976 -0.8551128 1.845693
9
-0.3696986 -0.3016645 2.072114
-0.4428537 -0.30815 2.053066
-0.2835354 -0.2851425 2.016919
-0.6372071 -0.4525359 1.779
0.01197887 -0.4611681 1.927152
-0.5060214 -0.7725228 1.898021
0.3358548 -0.7922261 1.966488
-0.612463 -0.8266349 1.847298
0.3135976 -0.8551128 1.845693
9
-0.3306459 -0.2986112 2.080714
-0.4030693 -0.3066998 2.06348
-0.2459508 -0.2800635 2.024491
-0.6370246 -0.3590448 1.785539
0.0761825 -0.4047889 1.940903
-0.5030173 -0.7720691 1.898797
0.3473095 -0.7800923 1.978621
-0.6058016 -0.8308386 1.843317
0.3632993 -0.861902 1.925018
9
-0.3306459 -0.2986112 2.080714
-0.4030693 -0.3066998 2.06348
-0.2459508 -0.2800635 2.024491
-0.6370246 -0.3590448 1.785539
0.0761825 -0.4047889 1.940903
-0.5030173 -0.7720691 1.898797
0.3473095 -0.7800923 1.978621
-0.6058016 -0.8308386 1.843317
0.3632993 -0.861902 1.925018
