40
9
-0.0382689 -0.3442855 2.161991
-0.1193113 -0.3475791 2.143363
0.04388278 -0.329208 2.106789
-0.2813474 -0.6425806 2.085017
0.2076052 -0.6358322 2.133446
-0.3476749 -0.9668583 2.109421
0.3436793 -0.9567038 2.1777
-0.3641948 -1.005513 1.977113
0.3165644 -0.9958673 2.045133
9
-0.05069821 -0.3473043 2.162843
-0.1310945 -0.3497699 2.144609
0.0314236 -0.3329879 2.107278
-0.2939731 -0.6410767 2.082022
0.1957987 -0.6387748 2.132842
-0.3532708 -0.9655197 2.1056
0.3413595 -0.9575024 2.175687
-0.3691736 -1.004353 1.973296
0.3147986 -0.9968208 2.043113
9
-0.05069821 -0.3473043 2.162843
-0.1310945 -0.3497699 2.144609
0.0314236 -0.3329879 2.107278
-0.2939731 -0.6410767 2.082022
0.1957987 -0.6387748 2.132842
-0.3532708 -0.9655197 2.1056
0.3413595 -0.9575024 2.175687
-0.3691736 -1.004353 1.973296
0.3147986 -0.9968208 2.043113
9
-0.07027857 -0.352872 2.161684
-0.1504825 -0.3544431 2.144299
0.01234563 -0.3392756 2.105343
-0.3229505 -0.6372868 2.075236
0.184967 -0.6423699 2.13161
-0.3593764 -0.9659402 2.103243
0.3397205 -0.9595058 2.1752
-0.3753586 -1.004697 1.970971
0.3592717 -1.036502 2.117691
9
-0.07027857 -0.352872 2.161684
-0.1504825 -0.3544431 2.144299
0.01234563 -0.3392756 2.105343
-0.3229505 -0.6372868 2.075236
0.184967 -0.6423699 2.13161
-0.3593764 -0.9659402 2.103243
0.3397205 -0.9595058 2.1752
-0.3753586 -1.004697 1.970971
0.3592717 -1.036502 2.117691
9
-0.1004646 -0.3629354 2.16201
-0.1786339 -0.3630538 2.145508
-0.01885267 -0.3505226 2.104853
-0.3431558 -0.6249151 2.072507
0.1710892 -0.6452802 2.129859
-0.3688765 -0.9687734 2.09951
0.3374521 -0.9653423 2.173178
-0.3849473 -1.007413 1.967308
0.3105366 -1.004412 2.040679
9
-0.1004646 -0.3629354 2.16201
-0.1786339 -0.3630538 2.145508
-0.01885267 -0.3505226 2.104853
-0.3431558 -0.6249151 2.072507
0.1710892 -0.6452802 2.129859
-0.3688765 -0.9687734 2.09951
0.3374521 -0.9653423 2.173178
-0.3849473 -1.007413 1.967308
0.3105366 -1.004412 2.040679
9
-0.1004646 -0.3629354 2.16201
-0.1786339 -0.3630538 2.145508
-0.01885267 -0.3505226 2.104853
-0.3431558 -0.6249151 2.072507
0.1710892 -0.6452802 2.129859
-0.3688765 -0.9687734 2.09951
0.3374521 -0.9653423 2.173178
-0.3849473 -1.007413 1.967308
0.3105366 -1.004412 2.040679
9
-0.1004646 -0.3629354 2.16201
-0.1786339 -0.3630538 2.145508
-0.01885267 -0.3505226 2.104853
-0.3431558 -0.6249151 2.072507
0.1710892 -0.6452802 2.129859
-0.3688765 -0.9687734 2.09951
0.3374521 -0.9653423 2.173178
-0.3849473 -1.007413 1.967308
0.3105366 -1.004412 2.040679
9
-0.1004646 -0.3629354 2.16201
-0.1786339 -0.3630538 2.145508
-0.01885267 -0.3505226 2.104853
-0.3431558 -0.6249151 2.072507
0.1710892 -0.6452802 2.129859
-0.3688765 -0.9687734 2.09951
0.3374521 -0.9653423 2.173178
-0.3849473 -1.007413 1.967308
0.3105366 -1.004412 2.040679
9
-0.1004646 -0.3629354 2.16201
-0.1786339 -0.3630538 2.145508
-0.01885267 -0.3505226 2.104853
-0.3431558 -0.6249151 2.072507
0.1710892 -0.6452802 2.129859
-0.3688765 -0.9687734 2.09951
0.3374521 -0.9653423 2.173178
-0.3849473 -1.007413 1.967308
0.3105366 -1.004412 2.040679
9
-0.1710266 -0.395743 2.165229
-0.2468106 -0.39312 2.147649
-0.08937745 -0.3849753 2.109547
-0.4211479 -0.6300992 2.065048
0.08704107 -0.64791 2.126423
-0.3756091 -0.9753972 2.09265
0.3257821 -0.9742132 2.162889
-0.3926536 -1.015197 1.961465
0.2979441 -1.014381 2.031388
9
-0.1710266 -0.395743 2.165229
-0.2468106 -0.39312 2.147649
-0.08937745 -0.3849753 2.109547
-0.4211479 -0.6300992 2.065048
0.08704107 -0.64791 2.126423
-0.3756091 -0.9753972 2.09265
0.3257821 -0.9742132 2.162889
-0.3926536 -1.015197 1.961465
0.2979441 -1.014381 2.031388
9
-0.1742905 -0.398204 2.164769
-0.249793 -0.3960028 2.146969
-0.0928648 -0.3869845 2.10932
-0.4282117 -0.6295905 2.064597
0.08342757 -0.6489962 2.126954
-0.3887585 -0.9680513 2.087421
0.3190464 -0.9774714 2.159256
-0.4055113 -1.008032 1.95628
0.2913777 -1.017675 2.027811
9
-0.1742905 -0.398204 2.164769
-0.249793 -0.3960028 2.146969
-0.0928648 -0.3869845 2.10932
-0.4282117 -0.6295905 2.064597
0.08342757 -0.6489962 2.126954
-0.3887585 -0.9680513 2.087421
0.3190464 -0.9774714 2.159256
-0.4055113 -1.008032 1.95628
0.2913777 -1.017675 2.027811
9
-0.1742905 -0.398204 2.164769
-0.249793 -0.3960028 2.146969
-0.0928648 -0.3869845 2.10932
-0.4282117 -0.6295905 2.064597
0.08342757 -0.6489962 2.126954
-0.3887585 -0.9680513 2.087421
0.3190464 -0.9774714 2.159256
-0.4055113 -1.008032 1.95628
0.2913777 -1.017675 2.027811
9
-0.1742905 -0.398204 2.164769
-0.249793 -0.3960028 2.146969
-0.0928648 -0.3869845 2.10932
-0.4282117 -0.6295905 2.064597
0.08342757 -0.6489962 2.126954
-0.3887585 -0.9680513 2.087421
0.3190464 -0.9774714 2.159256
-0.4055113 -1.008032 1.95628
0.2913777 -1.017675 2.027811
9
-0.1742905 -0.398204 2.164769
-0.249793 -0.3960028 2.146969
-0.0928648 -0.3869845 2.10932
-0.4282117 -0.6295905 2.064597
0.08342757 -0.6489962 2.126954
-0.3887585 -0.9680513 2.087421
0.3190464 -0.9774714 2.159256
-0.4055113 -1.008032 1.95628
0.2913777 -1.017675 2.027811
9
-0.2175288 -0.4279477 2.172191
-0.2886125 -0.4208117 2.153535
-0.1369019 -0.4193343 2.117552
-0.4699094 -0.6492495 2.061359
0.07157079 -0.663106 2.130108
-0.390902 -0.9721661 2.08674
0.3175219 -0.9889156 2.154606
-0.4065058 -1.012941 1.955853
0.2909963 -1.029796 2.02346
9
-0.2175288 -0.4279477 2.172191
-0.2886125 -0.4208117 2.153535
-0.1369019 -0.4193343 2.117552
-0.4699094 -0.6492495 2.061359
0.07157079 -0.663106 2.130108
-0.390902 -0.9721661 2.08674
0.3175219 -0.9889156 2.154606
-0.4065058 -1.012941 1.955853
0.2909963 -1.029796 2.02346
9
-0.2310851 -0.4344004 2.207541
-0.3023826 -0.4277488 2.188335
-0.1522683 -0.4267541 2.1549
-0.4796033 -0.6476637 2.057813
0.07018324 -0.6715783 2.130116
-0.3938482 -0.975569 2.086267
0.3197156 -0.9940075 2.15367
-0.4078956 -1.019707 1.957096
0.2946743 -1.038226 2.024247
9
-0.2337501 -0.4455727 2.21223
-0.3050315 -0.4383734 2.19241
-0.1547444 -0.437916 2.159683
-0.536202 -0.5896434 2.042642
0.07941817 -0.6290271 2.129577
-0.4282652 -0.9841896 2.07059
0.3095093 -0.9667428 2.150209
-0.4414794 -1.028729 1.941894
0.2848771 -1.011844 2.020914
9
-0.2337501 -0.4455727 2.21223
-0.3050315 -0.4383734 2.19241
-0.1547444 -0.437916 2.159683
-0.536202 -0.5896434 2.042642
0.07941817 -0.6290271 2.129577
-0.4282652 -0.9841896 2.07059
0.3095093 -0.9667428 2.150209
-0.4414794 -1.028729 1.941894
0.2848771 -1.011844 2.020914
9
-0.2380059 -0.4548505 2.215994
-0.3095811 -0.446973 2.195708
-0.1585579 -0.4477329 2.163795
-0.5423087 -0.5910091 2.039674
0.08235017 -0.6308908 2.129636
-0.4351307 -0.9858247 2.066995
0.31272 -0.9684303 2.149886
-0.378701 -1.039487 2.083297
0.2877701 -1.013905 2.020909
9
-0.2380059 -0.4548505 2.215994
-0.3095811 -0.446973 2.195708
-0.1585579 -0.4477329 2.163795
-0.5423087 -0.5910091 2.039674
0.08235017 -0.6308908 2.129636
-0.4351307 -0.9858247 2.066995
0.31272 -0.9684303 2.149886
-0.378701 -1.039487 2.083297
0.2877701 -1.013905 2.020909
9
-0.2380059 -0.4548505 2.215994
-0.3095811 -0.446973 2.195708
-0.1585579 -0.4477329 2.163795
-0.5423087 -0.5910091 2.039674
0.08235017 -0.6308908 2.129636
-0.4351307 -0.9858247 2.066995
0.31272 -0.9684303 2.149886
-0.378701 -1.039487 2.083297
0.2877701 -1.013905 2.020909
9
-0.2380059 -0.4548505 2.215994
-0.3095811 -0.446973 2.195708
-0.1585579 -0.4477329 2.163795
-0.5423087 -0.5910091 2.039674
0.08235017 -0.6308908 2.129636
-0.4351307 -0.9858247 2.066995
0.31272 -0.9684303 2.149886
-0.378701 -1.039487 2.083297
0.2877701 -1.013905 2.020909
9
-0.2380059 -0.4548505 2.215994
-0.3095811 -0.446973 2.195708
-0.1585579 -0.4477329 2.163795
-0.5423087 -0.5910091 2.039674
0.08235017 -0.6308908 2.129636
-0.4351307 -0.9858247 2.066995
0.31272 -0.9684303 2.149886
-0.378701 -1.039487 2.083297
0.2877701 -1.013905 2.020909
9
-0.2380059 -0.4548505 2.215994
-0.3095811 -0.446973 2.195708
-0.1585579 -0.4477329 2.163795
-0.5423087 -0.5910091 2.039674
0.08235017 -0.6308908 2.129636
-0.4351307 -0.9858247 2.066995
0.31272 -0.9684303 2.149886
-0.378701 -1.039487 2.083297
0.2877701 -1.013905 2.020909
9
-0.2380059 -0.4548505 2.215994
-0.3095811 -0.446973 2.195708
-0.1585579 -0.4477329 2.163795
-0.5423087 -0.5910091 2.039674
0.08235017 -0.6308908 2.129636
-0.4351307 -0.9858247 2.066995
0.31272 -0.9684303 2.149886
-0.378701 -1.039487 2.083297
0.2877701 -1.013905 2.020909
9
-0.2380059 -0.4548505 2.215994
-0.3095811 -0.446973 2.195708
-0.1585579 -0.4477329 2.163795
-0.5423087 -0.5910091 2.039674
0.08235017 -0.6308908 2.129636
-0.4351307 -0.9858247 2.066995
0.31272 -0.9684303 2.149886
-0.378701 -1.039487 2.083297
0.2877701 -1.013905 2.020909
9
-0.2380059 -0.4548505 2.215994
-0.3095811 -0.446973 2.195708
-0.1585579 -0.4477329 2.163795
-0.5423087 -0.5910091 2.039674
0.08235017 -0.6308908 2.129636
-0.4351307 -0.9858247 2.066995
0.31272 -0.9684303 2.149886
-0.378701 -1.039487 2.083297
0.2877701 -1.013905 2.020909
9
-0.2380059 -0.4548505 2.215994
-0.3095811 -0.446973 2.195708
-0.1585579 -0.4477329 2.163795
-0.5423087 -0.5910091 2.039674
0.08235017 -0.6308908 2.129636
-0.4351307 -0.9858247 2.066995
0.31272 -0.9684303 2.149886
-0.378701 -1.039487 2.083297
0.2877701 -1.013905 2.020909
9
-0.2460929 -0.4651436 2.219284
-0.318142 -0.4575492 2.199664
-0.165947 -0.457489 2.166408
-0.5533971 -0.5926291 2.03821
0.08126375 -0.632705 2.128402
-0.4157484 -0.9657866 2.084275
0.3144329 -0.9682878 2.149055
-0.4297631 -1.011527 1.956074
0.2891268 -1.014266 2.020457
9
-0.2460929 -0.4651436 2.219284
-0.318142 -0.4575492 2.199664
-0.165947 -0.457489 2.166408
-0.5533971 -0.5926291 2.03821
0.08126375 -0.632705 2.128402
-0.4157484 -0.9657866 2.084275
0.3144329 -0.9682878 2.149055
-0.4297631 -1.011527 1.956074
0.2891268 -1.014266 2.020457
9
-0.2460929 -0.4651436 2.219284
-0.318142 -0.4575492 2.199664
-0.165947 -0.457489 2.166408
-0.5533971 -0.5926291 2.03821
0.08126375 -0.632705 2.128402
-0.4157484 -0.9657866 2.084275
0.3144329 -0.9682878 2.149055
-0.4297631 -1.011527 1.956074
0.2891268 -1.014266 2.020457
9
-0.2460929 -0.4651436 2.219284
-0.318142 -0.4575492 2.199664
-0.165947 -0.457489 2.166408
-0.5533971 -0.5926291 2.03821
0.08126375 -0.632705 2.128402
-0.4157484 -0.9657866 2.084275
0.3144329 -0.9682878 2.149055
-0.4297631 -1.011527 1.956074
0.2891268 -1.014266 2.020457
9
-0.2460929 -0.4651436 2.219284
-0.318142 -0.4575492 2.199664
-0.165947 -0.457489 2.166408
-0.5533971 -0.5926291 2.03821
0.08126375 -0.632705 2.128402
-0.4157484 -0.9657866 2.084275
0.3144329 -0.9682878 2.149055
-0.4297631 -1.011527 1.956074
0.2891268 -1.014266 2.020457
9
-0.2460929 -0.4651436 2.219284
-0.318142 -0.4575492 2.199664
-0.165947 -0.457489 2.166408
-0.5533971 -0.5926291 2.03821
0.08126375 -0.632705 2.128402
-0.4157484 -0.9657866 2.084275
0.3144329 -0.9682878 2.149055
-0.4297631 -1.011527 1.956074
0.2891268 -1.014266 2.020457
9
-0.2457271 -0.4650356 2.21979
-0.3176033 -0.4574752 2.200282
-0.1657341 -0.4573679 2.166789
-0.5538944 -0.5917015 2.039859
0.08119114 -0.6329517 2.12898
-0.4519002 -0.9879693 2.065902
0.3124988 -0.9697765 2.149877
-0.3772734 -1.030318 2.074811
0.2874018 -1.015695 2.021216
