40
9
-0.06932862 -0.3533178 2.17308
-0.149273 -0.3577687 2.157553
0.01299855 -0.3368732 2.114894
-0.3209358 -0.6420968 2.0837
0.1807737 -0.6415949 2.131127
-0.3632935 -0.97063 2.10583
0.3387749 -0.9718714 2.177083
-0.3827459 -1.007381 1.973353
0.3085714 -1.008985 2.044357
9
-0.06932862 -0.3533178 2.17308
-0.149273 -0.3577687 2.157553
0.01299855 -0.3368732 2.114894
-0.3209358 -0.6420968 2.0837
0.1807737 -0.6415949 2.131127
-0.3632935 -0.97063 2.10583
0.3387749 -0.9718714 2.177083
-0.3827459 -1.007381 1.973353
0.3085714 -1.008985 2.044357
9
-0.09537133 -0.3605046 2.1708
-0.1728817 -0.3636352 2.157698
-0.01482846 -0.3452817 2.110026
-0.3436618 -0.6329109 2.076216
0.1420846 -0.6316973 2.125249
-0.3667382 -0.9701838 2.102525
0.3384577 -0.9753721 2.175544
-0.386337 -1.00664 1.96997
0.3080529 -1.012148 2.042748
9
-0.110764 -0.3660236 2.168411
-0.1877339 -0.3692559 2.154857
-0.02991499 -0.3503728 2.108309
-0.362091 -0.6278311 2.074301
0.1355212 -0.6335031 2.122753
-0.3725067 -0.969801 2.097296
0.3387194 -0.9817998 2.170807
-0.3926998 -1.006568 1.965109
0.3076136 -1.018798 2.038403
9
-0.110764 -0.3660236 2.168411
-0.1877339 -0.3692559 2.154857
-0.02991499 -0.3503728 2.108309
-0.362091 -0.6278311 2.074301
0.1355212 -0.6335031 2.122753
-0.3725067 -0.969801 2.097296
0.3387194 -0.9817998 2.170807
-0.3926998 -1.006568 1.965109
0.3076136 -1.018798 2.038403
9
-0.110764 -0.3660236 2.168411
-0.1877339 -0.3692559 2.154857
-0.02991499 -0.3503728 2.108309
-0.362091 -0.6278311 2.074301
0.1355212 -0.6335031 2.122753
-0.3725067 -0.969801 2.097296
0.3387194 -0.9817998 2.170807
-0.3926998 -1.006568 1.965109
0.3076136 -1.018798 2.038403
9
-0.110764 -0.3660236 2.168411
-0.1877339 -0.3692559 2.154857
-0.02991499 -0.3503728 2.108309
-0.362091 -0.6278311 2.074301
0.1355212 -0.6335031 2.122753
-0.3725067 -0.969801 2.097296
0.3387194 -0.9817998 2.170807
-0.3926998 -1.006568 1.965109
0.3076136 -1.018798 2.038403
9
-0.110764 -0.3660236 2.168411
-0.1877339 -0.3692559 2.154857
-0.02991499 -0.3503728 2.108309
-0.362091 -0.6278311 2.074301
0.1355212 -0.6335031 2.122753
-0.3725067 -0.969801 2.097296
0.3387194 -0.9817998 2.170807
-0.3926998 -1.006568 1.965109
0.3076136 -1.018798 2.038403
9
-0.1540168 -0.3832292 2.165459
-0.2291937 -0.3859814 2.15108
-0.0735863 -0.3675026 2.106476
-0.4131626 -0.6261098 2.067061
0.09311931 -0.6385785 2.115367
-0.3789651 -0.9711106 2.093373
0.3244642 -0.9710167 2.16009
-0.398954 -1.008437 1.961494
0.2936399 -1.008672 2.027902
9
-0.1540168 -0.3832292 2.165459
-0.2291937 -0.3859814 2.15108
-0.0735863 -0.3675026 2.106476
-0.4131626 -0.6261098 2.067061
0.09311931 -0.6385785 2.115367
-0.3789651 -0.9711106 2.093373
0.3244642 -0.9710167 2.16009
-0.398954 -1.008437 1.961494
0.2936399 -1.008672 2.027902
9
-0.1540168 -0.3832292 2.165459
-0.2291937 -0.3859814 2.15108
-0.0735863 -0.3675026 2.106476
-0.4131626 -0.6261098 2.067061
0.09311931 -0.6385785 2.115367
-0.3789651 -0.9711106 2.093373
0.3244642 -0.9710167 2.16009
-0.398954 -1.008437 1.961494
0.2936399 -1.008672 2.027902
9
-0.1805521 -0.3969191 2.164251
-0.254464 -0.3984933 2.149547
-0.1004445 -0.3819294 2.105753
-0.4349644 -0.6299165 2.065744
0.08164854 -0.6416737 2.115052
-0.382282 -0.9760277 2.091172
0.3183176 -0.9713855 2.154402
-0.4020199 -1.013555 1.959424
0.287776 -1.009273 2.022309
9
-0.1805521 -0.3969191 2.164251
-0.254464 -0.3984933 2.149547
-0.1004445 -0.3819294 2.105753
-0.4349644 -0.6299165 2.065744
0.08164854 -0.6416737 2.115052
-0.382282 -0.9760277 2.091172
0.3183176 -0.9713855 2.154402
-0.4020199 -1.013555 1.959424
0.287776 -1.009273 2.022309
9
-0.1990328 -0.4049469 2.167413
-0.2711461 -0.4046757 2.151292
-0.1202894 -0.3917688 2.110602
-0.4509851 -0.635609 2.064018
0.07200614 -0.643569 2.114904
-0.3863847 -0.9765477 2.088003
0.3146341 -0.969838 2.149241
-0.4053489 -1.014387 1.956269
0.2848419 -1.008046 2.017139
9
-0.1990328 -0.4049469 2.167413
-0.2711461 -0.4046757 2.151292
-0.1202894 -0.3917688 2.110602
-0.4509851 -0.635609 2.064018
0.07200614 -0.643569 2.114904
-0.3863847 -0.9765477 2.088003
0.3146341 -0.969838 2.149241
-0.4053489 -1.014387 1.956269
0.2848419 -1.008046 2.017139
9
-0.2082455 -0.4107971 2.169142
-0.280725 -0.4106991 2.152811
-0.1286781 -0.3971178 2.112482
-0.4651663 -0.637571 2.064767
0.06882423 -0.6531126 2.116516
-0.3868319 -0.9766024 2.087924
0.3151213 -0.9771613 2.147141
-0.4053118 -1.014826 1.956279
0.2858015 -1.015649 2.015174
9
-0.2082455 -0.4107971 2.169142
-0.280725 -0.4106991 2.152811
-0.1286781 -0.3971178 2.112482
-0.4651663 -0.637571 2.064767
0.06882423 -0.6531126 2.116516
-0.3868319 -0.9766024 2.087924
0.3151213 -0.9771613 2.147141
-0.4053118 -1.014826 1.956279
0.2858015 -1.015649 2.015174
9
-0.2167933 -0.4168224 2.171064
-0.2898193 -0.4167606 2.154227
-0.1364392 -0.4029109 2.114917
-0.4782693 -0.639885 2.065293
0.06510308 -0.6581927 2.117917
-0.3968171 -0.9719926 2.08667
0.3142092 -0.9804762 2.145878
-0.4149388 -1.010808 1.955257
0.2851026 -1.019443 2.014163
9
-0.2300548 -0.4250003 2.173279
-0.302217 -0.4235905 2.155411
-0.1501722 -0.4122826 2.118348
-0.4911821 -0.6454842 2.064277
0.05841079 -0.6611429 2.119647
-0.4067181 -0.9658928 2.085049
0.3119551 -0.9803209 2.145332
-0.4240715 -1.004935 1.953565
0.2834891 -1.019431 2.01355
9
-0.2300548 -0.4250003 2.173279
-0.302217 -0.4235905 2.155411
-0.1501722 -0.4122826 2.118348
-0.4911821 -0.6454842 2.064277
0.05841079 -0.6611429 2.119647
-0.4067181 -0.9658928 2.085049
0.3119551 -0.9803209 2.145332
-0.4240715 -1.004935 1.953565
0.2834891 -1.019431 2.01355
9
-0.2350535 -0.4288881 2.173975
-0.307654 -0.4275249 2.155867
-0.1545465 -0.4159401 2.119264
-0.4972463 -0.6488664 2.065458
0.05763182 -0.6638826 2.121351
-0.4076552 -0.9664096 2.085692
0.3106878 -0.9836224 2.145504
-0.425039 -1.005863 1.954457
0.2822015 -1.023104 2.013984
9
-0.2405958 -0.4341982 2.175904
-0.312853 -0.432221 2.157711
-0.1602224 -0.4216877 2.121304
-0.5048515 -0.6509538 2.06563
0.05598835 -0.6672186 2.122727
-0.4120528 -0.9646223 2.087403
0.3102634 -0.986088 2.146078
-0.4289007 -1.004263 1.956129
0.2822582 -1.025691 2.014534
9
-0.2405958 -0.4341982 2.175904
-0.312853 -0.432221 2.157711
-0.1602224 -0.4216877 2.121304
-0.5048515 -0.6509538 2.06563
0.05598835 -0.6672186 2.122727
-0.4120528 -0.9646223 2.087403
0.3102634 -0.986088 2.146078
-0.4289007 -1.004263 1.956129
0.2822582 -1.025691 2.014534
9
-0.2449926 -0.4379182 2.177008
-0.3171038 -0.4355637 2.158534
-0.1646227 -0.4256756 2.122735
-0.5085813 -0.6546133 2.066467
0.05314312 -0.6691446 2.124226
-0.4149723 -0.9640276 2.08832
0.3088879 -0.9870011 2.146389
-0.4318164 -1.003993 1.957225
0.2808661 -1.026901 2.015025
9
-0.2449926 -0.4379182 2.177008
-0.3171038 -0.4355637 2.158534
-0.1646227 -0.4256756 2.122735
-0.5085813 -0.6546133 2.066467
0.05314312 -0.6691446 2.124226
-0.4149723 -0.9640276 2.08832
0.3088879 -0.9870011 2.146389
-0.4318164 -1.003993 1.957225
0.2808661 -1.026901 2.015025
9
-0.2481136 -0.4406664 2.177382
-0.3206651 -0.4383022 2.159244
-0.167252 -0.428346 2.122823
-0.5123172 -0.6567667 2.065737
0.05133029 -0.6722594 2.125887
-0.4163773 -0.9634607 2.088465
0.3083953 -0.9891905 2.146882
-0.4329954 -1.003558 1.957389
0.4184336 -1.03011 2.092149
9
-0.2481136 -0.4406664 2.177382
-0.3206651 -0.4383022 2.159244
-0.167252 -0.428346 2.122823
-0.5123172 -0.6567667 2.065737
0.05133029 -0.6722594 2.125887
-0.4163773 -0.9634607 2.088465
0.3083953 -0.9891905 2.146882
-0.4329954 -1.003558 1.957389
0.4184336 -1.03011 2.092149
9
-0.2509332 -0.4427098 2.177299
-0.3232609 -0.440041 2.15945
-0.1702031 -0.4306448 2.122436
-0.5137427 -0.6593029 2.065328
0.04862983 -0.6721517 2.126918
-0.4189997 -0.9608579 2.08813
0.306755 -0.9884281 2.146363
-0.4354401 -1.00109 1.957071
0.2791052 -1.02853 2.015048
9
-0.2509332 -0.4427098 2.177299
-0.3232609 -0.440041 2.15945
-0.1702031 -0.4306448 2.122436
-0.5137427 -0.6593029 2.065328
0.04862983 -0.6721517 2.126918
-0.4189997 -0.9608579 2.08813
0.306755 -0.9884281 2.146363
-0.4354401 -1.00109 1.957071
0.2791052 -1.02853 2.015048
9
-0.2512769 -0.4430381 2.17763
-0.323726 -0.440481 2.159914
-0.1704265 -0.4308624 2.122654
-0.5140433 -0.659663 2.064889
0.04785901 -0.6724431 2.127364
-0.4192444 -0.9611325 2.088707
0.3050338 -0.9894345 2.147245
-0.4356076 -1.001449 1.957678
0.2774875 -1.029612 2.01596
9
-0.2512769 -0.4430381 2.17763
-0.323726 -0.440481 2.159914
-0.1704265 -0.4308624 2.122654
-0.5140433 -0.659663 2.064889
0.04785901 -0.6724431 2.127364
-0.4192444 -0.9611325 2.088707
0.3050338 -0.9894345 2.147245
-0.4356076 -1.001449 1.957678
0.2774875 -1.029612 2.01596
9
-0.25181 -0.4432003 2.17847
-0.3242435 -0.4406129 2.16045
-0.1709404 -0.4310517 2.123877
-0.5138838 -0.6601637 2.064547
0.04797262 -0.6731358 2.128443
-0.4187708 -0.9618819 2.089748
0.3051851 -0.9902026 2.147321
-0.4350038 -1.002255 1.958721
0.4187877 -1.030828 2.092727
9
-0.25181 -0.4432003 2.17847
-0.3242435 -0.4406129 2.16045
-0.1709404 -0.4310517 2.123877
-0.5138838 -0.6601637 2.064547
0.04797262 -0.6731358 2.128443
-0.4187708 -0.9618819 2.089748
0.3051851 -0.9902026 2.147321
-0.4350038 -1.002255 1.958721
0.4187877 -1.030828 2.092727
9
-0.2514335 -0.4425978 2.178867
-0.3240467 -0.4401515 2.16075
-0.1703416 -0.4302953 2.124368
-0.5132155 -0.659997 2.064325
0.04853671 -0.6734415 2.129256
-0.4173051 -0.9633921 2.089216
0.3051707 -0.9909914 2.147879
-0.4334099 -1.003786 1.958186
0.2779162 -1.031259 2.016593
9
-0.2514335 -0.4425978 2.178867
-0.3240467 -0.4401515 2.16075
-0.1703416 -0.4302953 2.124368
-0.5132155 -0.659997 2.064325
0.04853671 -0.6734415 2.129256
-0.4173051 -0.9633921 2.089216
0.3051707 -0.9909914 2.147879
-0.4334099 -1.003786 1.958186
0.2779162 -1.031259 2.016593
9
-0.2470291 -0.4389198 2.180464
-0.3204833 -0.4373834 2.161928
-0.1651745 -0.4257113 2.126354
-0.5093551 -0.6575313 2.065203
0.04896068 -0.6733414 2.130264
-0.4168502 -0.9655359 2.089603
0.3050203 -0.9913785 2.148584
-0.4324788 -1.006119 1.958592
0.3879287 -1.019203 2.106487
9
-0.2470291 -0.4389198 2.180464
-0.3204833 -0.4373834 2.161928
-0.1651745 -0.4257113 2.126354
-0.5093551 -0.6575313 2.065203
0.04896068 -0.6733414 2.130264
-0.4168502 -0.9655359 2.089603
0.3050203 -0.9913785 2.148584
-0.4324788 -1.006119 1.958592
0.3879287 -1.019203 2.106487
9
-0.2403942 -0.433095 2.182384
-0.3146677 -0.4320757 2.164016
-0.1579646 -0.4196127 2.127956
-0.5004932 -0.6548993 2.066879
0.05172352 -0.6718906 2.131788
-0.416795 -0.9654027 2.08969
0.3055913 -0.9917766 2.148891
-0.4317308 -1.006054 1.958559
0.2795131 -1.032322 2.017498
9
-0.2245679 -0.4232335 2.183518
-0.2998569 -0.4230213 2.165023
-0.1416914 -0.4092845 2.129072
-0.4828056 -0.6491497 2.070174
0.05573177 -0.6624784 2.132015
-0.4073228 -0.968853 2.090323
0.3030238 -0.9874929 2.148697
-0.4218795 -1.009565 1.959136
0.2775075 -1.028201 2.017225
9
-0.2245679 -0.4232335 2.183518
-0.2998569 -0.4230213 2.165023
-0.1416914 -0.4092845 2.129072
-0.4828056 -0.6491497 2.070174
0.05573177 -0.6624784 2.132015
-0.4073228 -0.968853 2.090323
0.3030238 -0.9874929 2.148697
-0.4218795 -1.009565 1.959136
0.2775075 -1.028201 2.017225
