40
9
-0.1276142 -0.1977936 2.041426
-0.1970813 -0.2026747 2.025291
-0.053466 -0.185775 1.983434
-0.4133086 -0.449851 1.916135
0.1427206 -0.4583563 1.980356
-0.3209587 -0.7511289 1.950494
0.4269234 -0.7546877 2.001327
-0.3361175 -0.8096594 1.907539
0.3956434 -0.7852409 1.894935
9
-0.1329772 -0.2017011 2.04275
-0.2020793 -0.2065449 2.026442
-0.05898649 -0.1895556 1.984959
-0.4189886 -0.4522287 1.914675
0.1394468 -0.4602564 1.983666
-0.3227136 -0.7522436 1.950489
0.4232365 -0.7571595 2.003246
-0.3374789 -0.8107617 1.9069
0.3924587 -0.7877666 1.896777
9
-0.1329772 -0.2017011 2.04275
-0.2020793 -0.2065449 2.026442
-0.05898649 -0.1895556 1.984959
-0.4189886 -0.4522287 1.914675
0.1394468 -0.4602564 1.983666
-0.3227136 -0.7522436 1.950489
0.4232365 -0.7571595 2.003246
-0.3374789 -0.8107617 1.9069
0.3924587 -0.7877666 1.896777
9
-0.1348233 -0.2030776 2.043642
-0.2043608 -0.2083991 2.027235
-0.06040876 -0.1904928 1.985932
-0.4220143 -0.4530025 1.914279
0.1365529 -0.4619176 1.986584
-0.3239048 -0.75279 1.950486
0.4200753 -0.7592193 2.004996
-0.3381984 -0.8114437 1.907089
0.3898145 -0.7899025 1.89845
9
-0.1348233 -0.2030776 2.043642
-0.2043608 -0.2083991 2.027235
-0.06040876 -0.1904928 1.985932
-0.4220143 -0.4530025 1.914279
0.1365529 -0.4619176 1.986584
-0.3239048 -0.75279 1.950486
0.4200753 -0.7592193 2.004996
-0.3381984 -0.8114437 1.907089
0.3898145 -0.7899025 1.89845
9
-0.1363194 -0.2042785 2.04426
-0.2061155 -0.2099194 2.027667
-0.06161961 -0.1913649 1.986719
-0.4245622 -0.4536741 1.914459
0.1343526 -0.463326 1.988304
-0.3242971 -0.7528258 1.950776
0.4185734 -0.7600888 2.005695
-0.3387865 -0.8116724 1.909461
0.3887536 -0.7907977 1.899051
9
-0.1363194 -0.2042785 2.04426
-0.2061155 -0.2099194 2.027667
-0.06161961 -0.1913649 1.986719
-0.4245622 -0.4536741 1.914459
0.1343526 -0.463326 1.988304
-0.3242971 -0.7528258 1.950776
0.4185734 -0.7600888 2.005695
-0.3387865 -0.8116724 1.909461
0.3887536 -0.7907977 1.899051
9
-0.137179 -0.2048776 2.044774
-0.2069597 -0.2105937 2.028042
-0.06245165 -0.1918502 1.987388
-0.4262686 -0.4536271 1.915138
0.1331869 -0.4640037 1.989219
-0.3257503 -0.7520851 1.950551
0.4178831 -0.7604139 2.005755
-0.3404617 -0.8108775 1.909356
0.3883861 -0.7911227 1.89903
9
-0.137179 -0.2048776 2.044774
-0.2069597 -0.2105937 2.028042
-0.06245165 -0.1918502 1.987388
-0.4262686 -0.4536271 1.915138
0.1331869 -0.4640037 1.989219
-0.3257503 -0.7520851 1.950551
0.4178831 -0.7604139 2.005755
-0.3404617 -0.8108775 1.909356
0.3883861 -0.7911227 1.89903
9
-0.1395647 -0.2054831 2.046368
-0.2091319 -0.2110033 2.029317
-0.06494299 -0.1926254 1.989345
-0.4279083 -0.4543911 1.916158
0.1326835 -0.4637046 1.989339
-0.3260787 -0.7522851 1.95083
0.4171113 -0.7603682 2.005951
-0.340866 -0.8109979 1.909206
0.3878234 -0.7910935 1.899182
9
-0.1395647 -0.2054831 2.046368
-0.2091319 -0.2110033 2.029317
-0.06494299 -0.1926254 1.989345
-0.4279083 -0.4543911 1.916158
0.1326835 -0.4637046 1.989339
-0.3260787 -0.7522851 1.95083
0.4171113 -0.7603682 2.005951
-0.340866 -0.8109979 1.909206
0.3878234 -0.7910935 1.899182
9
-0.1394463 -0.2051249 2.04679
-0.2091534 -0.2107672 2.029595
-0.06460878 -0.1920968 1.989969
-0.4283757 -0.4541248 1.91773
0.1323685 -0.4637448 1.989343
-0.3268636 -0.7527394 1.951046
0.4164799 -0.7607205 2.005869
-0.3418394 -0.8112749 1.908533
0.3875551 -0.7914073 1.898986
9
-0.1394463 -0.2051249 2.04679
-0.2091534 -0.2107672 2.029595
-0.06460878 -0.1920968 1.989969
-0.4283757 -0.4541248 1.91773
0.1323685 -0.4637448 1.989343
-0.3268636 -0.7527394 1.951046
0.4164799 -0.7607205 2.005869
-0.3418394 -0.8112749 1.908533
0.3875551 -0.7914073 1.898986
9
-0.1380008 -0.2037396 2.047823
-0.2080293 -0.2095236 2.030412
-0.06285844 -0.1906067 1.991223
-0.4268502 -0.4538307 1.920501
0.1322293 -0.4638 1.989267
-0.3270012 -0.7528097 1.951308
0.4160929 -0.761016 2.005749
-0.3420524 -0.8116262 1.911743
0.3876132 -0.7915928 1.898686
9
-0.1380008 -0.2037396 2.047823
-0.2080293 -0.2095236 2.030412
-0.06285844 -0.1906067 1.991223
-0.4268502 -0.4538307 1.920501
0.1322293 -0.4638 1.989267
-0.3270012 -0.7528097 1.951308
0.4160929 -0.761016 2.005749
-0.3420524 -0.8116262 1.911743
0.3876132 -0.7915928 1.898686
9
-0.1347508 -0.1997863 2.049601
-0.205238 -0.2056521 2.03195
-0.05925683 -0.1867068 1.993207
-0.4224479 -0.4523787 1.92526
0.1322437 -0.4627127 1.989188
-0.3271504 -0.7535743 1.951713
0.4151071 -0.7608945 2.005551
-0.3433648 -0.8122494 1.91591
0.386959 -0.7912649 1.898281
9
-0.1347508 -0.1997863 2.049601
-0.205238 -0.2056521 2.03195
-0.05925683 -0.1867068 1.993207
-0.4224479 -0.4523787 1.92526
0.1322437 -0.4627127 1.989188
-0.3271504 -0.7535743 1.951713
0.4151071 -0.7608945 2.005551
-0.3433648 -0.8122494 1.91591
0.386959 -0.7912649 1.898281
9
-0.1290162 -0.1941173 2.050917
-0.2001374 -0.1998119 2.033247
-0.05308801 -0.1813976 1.994485
-0.4143633 -0.4501952 1.929953
0.1337609 -0.4608398 1.988307
-0.3270903 -0.7537544 1.95237
0.4145352 -0.7609104 2.00527
-0.343163 -0.8125045 1.918801
0.3867379 -0.7911149 1.897816
9
-0.1290162 -0.1941173 2.050917
-0.2001374 -0.1998119 2.033247
-0.05308801 -0.1813976 1.994485
-0.4143633 -0.4501952 1.929953
0.1337609 -0.4608398 1.988307
-0.3270903 -0.7537544 1.95237
0.4145352 -0.7609104 2.00527
-0.343163 -0.8125045 1.918801
0.3867379 -0.7911149 1.897816
9
-0.1214376 -0.1871286 2.052264
-0.1934355 -0.1927192 2.034933
-0.04488261 -0.1747502 1.995423
-0.4063869 -0.4456041 1.936659
0.1370296 -0.4576372 1.987449
-0.3259314 -0.7544345 1.953984
0.4143072 -0.7608491 2.005014
-0.3431016 -0.8126884 1.915765
0.4824111 -0.7949564 1.945664
9
-0.1214376 -0.1871286 2.052264
-0.1934355 -0.1927192 2.034933
-0.04488261 -0.1747502 1.995423
-0.4063869 -0.4456041 1.936659
0.1370296 -0.4576372 1.987449
-0.3259314 -0.7544345 1.953984
0.4143072 -0.7608491 2.005014
-0.3431016 -0.8126884 1.915765
0.4824111 -0.7949564 1.945664
9
-0.1115093 -0.180278 2.052498
-0.1836742 -0.1856618 2.035831
-0.03517712 -0.1683481 1.994954
-0.3954539 -0.44067 1.941469
0.1431932 -0.4534467 1.986998
-0.3256546 -0.7541874 1.954844
0.4152191 -0.7612355 2.005394
-0.3425555 -0.8123651 1.914549
0.4830039 -0.7950765 1.945121
9
-0.1115093 -0.180278 2.052498
-0.1836742 -0.1856618 2.035831
-0.03517712 -0.1683481 1.994954
-0.3954539 -0.44067 1.941469
0.1431932 -0.4534467 1.986998
-0.3256546 -0.7541874 1.954844
0.4152191 -0.7612355 2.005394
-0.3425555 -0.8123651 1.914549
0.4830039 -0.7950765 1.945121
9
-0.100248 -0.1721952 2.052482
-0.1730782 -0.1773865 2.036659
-0.02362926 -0.1607296 1.994025
-0.3821737 -0.4357784 1.946577
0.1521946 -0.4473521 1.986394
-0.3246176 -0.7533276 1.956066
0.4180478 -0.7602366 2.006502
-0.3429683 -0.8113546 1.920753
0.4835784 -0.7950065 1.945248
9
-0.100248 -0.1721952 2.052482
-0.1730782 -0.1773865 2.036659
-0.02362926 -0.1607296 1.994025
-0.3821737 -0.4357784 1.946577
0.1521946 -0.4473521 1.986394
-0.3246176 -0.7533276 1.956066
0.4180478 -0.7602366 2.006502
-0.3429683 -0.8113546 1.920753
0.4835784 -0.7950065 1.945248
9
-0.08813708 -0.1637285 2.05162
-0.1618981 -0.1690034 2.036166
-0.01105887 -0.1525178 1.992739
-0.368201 -0.4308713 1.951206
0.1659036 -0.4383402 1.986044
-0.3233669 -0.7525136 1.957274
0.4246146 -0.7569103 2.007718
-0.3416635 -0.8104528 1.919206
0.4837011 -0.7945788 1.945348
9
-0.08813708 -0.1637285 2.05162
-0.1618981 -0.1690034 2.036166
-0.01105887 -0.1525178 1.992739
-0.368201 -0.4308713 1.951206
0.1659036 -0.4383402 1.986044
-0.3233669 -0.7525136 1.957274
0.4246146 -0.7569103 2.007718
-0.3416635 -0.8104528 1.919206
0.4837011 -0.7945788 1.945348
9
-0.07374525 -0.1551558 2.051365
-0.1478944 -0.1603836 2.036543
0.003192042 -0.1442911 1.991814
-0.3491161 -0.4273308 1.956576
0.1846204 -0.4273396 1.984992
-0.3206562 -0.7506387 1.959189
0.4316449 -0.7547185 2.00878
-0.3403934 -0.8078356 1.917863
0.4857563 -0.7939278 1.945961
9
-0.07374525 -0.1551558 2.051365
-0.1478944 -0.1603836 2.036543
0.003192042 -0.1442911 1.991814
-0.3491161 -0.4273308 1.956576
0.1846204 -0.4273396 1.984992
-0.3206562 -0.7506387 1.959189
0.4316449 -0.7547185 2.00878
-0.3403934 -0.8078356 1.917863
0.4857563 -0.7939278 1.945961
9
-0.05344498 -0.1437687 2.048796
-0.1296332 -0.1501279 2.034374
0.02484003 -0.1321455 1.988773
-0.3236885 -0.4238234 1.962638
0.1931448 -0.4228595 1.983734
-0.3159647 -0.7503144 1.96144
0.435204 -0.7536944 2.009117
-0.3393517 -0.8056816 1.916887
0.4858983 -0.7930813 1.947207
9
-0.05344498 -0.1437687 2.048796
-0.1296332 -0.1501279 2.034374
0.02484003 -0.1321455 1.988773
-0.3236885 -0.4238234 1.962638
0.1931448 -0.4228595 1.983734
-0.3159647 -0.7503144 1.96144
0.435204 -0.7536944 2.009117
-0.3393517 -0.8056816 1.916887
0.4858983 -0.7930813 1.947207
9
-0.03638452 -0.1367985 2.047032
-0.111153 -0.1431423 2.033371
0.03992088 -0.125464 1.986304
-0.2988398 -0.4221736 1.967078
0.2052628 -0.4175495 1.9832
-0.3136618 -0.7498235 1.962521
0.4403477 -0.7531859 2.0097
-0.331805 -0.7778581 1.854573
0.4866562 -0.792497 1.948186
9
-0.03638452 -0.1367985 2.047032
-0.111153 -0.1431423 2.033371
0.03992088 -0.125464 1.986304
-0.2988398 -0.4221736 1.967078
0.2052628 -0.4175495 1.9832
-0.3136618 -0.7498235 1.962521
0.4403477 -0.7531859 2.0097
-0.331805 -0.7778581 1.854573
0.4866562 -0.792497 1.948186
9
-0.01987629 -0.1269155 2.044272
-0.09563407 -0.1341397 2.030994
0.05671024 -0.1150597 1.983084
-0.27519 -0.4192052 1.969023
0.2185586 -0.4090283 1.980627
-0.3109291 -0.7482809 1.963214
0.443429 -0.751281 2.009354
-0.3296296 -0.7759273 1.855188
0.4871449 -0.7922603 1.948663
9
-0.01987629 -0.1269155 2.044272
-0.09563407 -0.1341397 2.030994
0.05671024 -0.1150597 1.983084
-0.27519 -0.4192052 1.969023
0.2185586 -0.4090283 1.980627
-0.3109291 -0.7482809 1.963214
0.443429 -0.751281 2.009354
-0.3296296 -0.7759273 1.855188
0.4871449 -0.7922603 1.948663
9
0.002834211 -0.1174811 2.041938
-0.07284413 -0.1258333 2.028352
0.0785416 -0.1048211 1.981018
-0.250316 -0.4128862 1.969643
0.2279131 -0.4050795 1.980116
-0.3065746 -0.7472079 1.963834
0.446404 -0.7512805 2.009851
-0.3252254 -0.7745911 1.8556
0.4878931 -0.7922876 1.948853
9
0.002834211 -0.1174811 2.041938
-0.07284413 -0.1258333 2.028352
0.0785416 -0.1048211 1.981018
-0.250316 -0.4128862 1.969643
0.2279131 -0.4050795 1.980116
-0.3065746 -0.7472079 1.963834
0.446404 -0.7512805 2.009851
-0.3252254 -0.7745911 1.8556
0.4878931 -0.7922876 1.948853
9
0.019884 -0.1107825 2.039523
-0.0550359 -0.1189988 2.025063
0.09421476 -0.09850057 1.979418
-0.219569 -0.4205514 1.9692
0.2473703 -0.3982657 1.977714
-0.3030798 -0.7477206 1.964214
0.4494283 -0.749272 2.010195
-0.3216291 -0.7749854 1.855863
0.4892441 -0.7923999 1.948913
9
0.019884 -0.1107825 2.039523
-0.0550359 -0.1189988 2.025063
0.09421476 -0.09850057 1.979418
-0.219569 -0.4205514 1.9692
0.2473703 -0.3982657 1.977714
-0.3030798 -0.7477206 1.964214
0.4494283 -0.749272 2.010195
-0.3216291 -0.7749854 1.855863
0.4892441 -0.7923999 1.948913
9
0.03665049 -0.1044386 2.036321
-0.03839296 -0.1121474 2.021513
0.1104348 -0.09288748 1.976586
-0.2008022 -0.4317591 1.969028
0.2625187 -0.3971135 1.97611
-0.2984415 -0.7464448 1.965796
0.4539831 -0.7438272 2.011571
-0.3172386 -0.7728183 1.857012
0.4902893 -0.7920522 1.950239
