40
9
-0.2163019 -0.02786647 1.974254
-0.2894953 -0.02995061 1.948008
-0.1348486 -0.02470531 1.923755
-0.3324947 -0.3951882 1.949528
-0.05880068 -0.4147514 1.910095
-0.3538144 -0.7445567 1.994565
-0.01534251 -0.7546892 1.949291
-0.3793129 -0.8095779 1.927336
-0.0319641 -0.8134617 1.880808
9
-0.2267905 -0.02751459 1.977153
-0.300269 -0.02955768 1.949473
-0.1446701 -0.02440218 1.928126
-0.3422681 -0.3922724 1.952316
-0.06719688 -0.4139445 1.914398
-0.3544223 -0.7443996 1.995254
-0.01693704 -0.7534169 1.949468
-0.379544 -0.8096325 1.927936
-0.03179053 -0.8125771 1.880939
9
-0.2267905 -0.02751459 1.977153
-0.300269 -0.02955768 1.949473
-0.1446701 -0.02440218 1.928126
-0.3422681 -0.3922724 1.952316
-0.06719688 -0.4139445 1.914398
-0.3544223 -0.7443996 1.995254
-0.01693704 -0.7534169 1.949468
-0.379544 -0.8096325 1.927936
-0.03179053 -0.8125771 1.880939
9
-0.2364143 -0.02778375 1.980527
-0.3102498 -0.02981202 1.951661
-0.1535492 -0.02467927 1.93271
-0.3499982 -0.3889128 1.955351
-0.07372771 -0.4164524 1.919085
-0.3556894 -0.7439805 1.996981
-0.01831731 -0.7526041 1.949593
-0.379471 -0.808987 1.929529
-0.03162893 -0.8121094 1.881128
9
-0.2364143 -0.02778375 1.980527
-0.3102498 -0.02981202 1.951661
-0.1535492 -0.02467927 1.93271
-0.3499982 -0.3889128 1.955351
-0.07372771 -0.4164524 1.919085
-0.3556894 -0.7439805 1.996981
-0.01831731 -0.7526041 1.949593
-0.379471 -0.808987 1.929529
-0.03162893 -0.8121094 1.881128
9
-0.2474681 -0.02765465 1.985843
-0.3212772 -0.02986947 1.95625
-0.1640913 -0.02436948 1.938763
-0.3578958 -0.3855659 1.958358
-0.08071591 -0.4168931 1.922101
-0.357877 -0.7438412 1.998483
-0.02057744 -0.7516645 1.949936
-0.3794917 -0.8088179 1.930272
-0.03228722 -0.811645 1.881873
9
-0.2474681 -0.02765465 1.985843
-0.3212772 -0.02986947 1.95625
-0.1640913 -0.02436948 1.938763
-0.3578958 -0.3855659 1.958358
-0.08071591 -0.4168931 1.922101
-0.357877 -0.7438412 1.998483
-0.02057744 -0.7516645 1.949936
-0.3794917 -0.8088179 1.930272
-0.03228722 -0.811645 1.881873
9
-0.2547692 -0.02773838 1.989533
-0.3294811 -0.03046564 1.959033
-0.1704228 -0.02396352 1.943434
-0.3623968 -0.3857777 1.961666
-0.08912728 -0.4172884 1.926248
-0.3597993 -0.7443853 1.99979
-0.02395676 -0.749456 1.950565
-0.3794627 -0.8087929 1.93032
-0.03408127 -0.8099311 1.882988
9
-0.2547692 -0.02773838 1.989533
-0.3294811 -0.03046564 1.959033
-0.1704228 -0.02396352 1.943434
-0.3623968 -0.3857777 1.961666
-0.08912728 -0.4172884 1.926248
-0.3597993 -0.7443853 1.99979
-0.02395676 -0.749456 1.950565
-0.3794627 -0.8087929 1.93032
-0.03408127 -0.8099311 1.882988
9
-0.2547692 -0.02773838 1.989533
-0.3294811 -0.03046564 1.959033
-0.1704228 -0.02396352 1.943434
-0.3623968 -0.3857777 1.961666
-0.08912728 -0.4172884 1.926248
-0.3597993 -0.7443853 1.99979
-0.02395676 -0.749456 1.950565
-0.3794627 -0.8087929 1.93032
-0.03408127 -0.8099311 1.882988
9
-0.2547692 -0.02773838 1.989533
-0.3294811 -0.03046564 1.959033
-0.1704228 -0.02396352 1.943434
-0.3623968 -0.3857777 1.961666
-0.08912728 -0.4172884 1.926248
-0.3597993 -0.7443853 1.99979
-0.02395676 -0.749456 1.950565
-0.3794627 -0.8087929 1.93032
-0.03408127 -0.8099311 1.882988
9
-0.2705823 -0.0263774 1.998458
-0.3459752 -0.03031972 1.966151
-0.1849981 -0.02139963 1.954319
-0.3681938 -0.3848413 1.964769
-0.1026312 -0.4192639 1.935501
-0.3620188 -0.7438375 2.000607
-0.03222987 -0.7467209 1.951634
-0.3800094 -0.8087513 1.932432
-0.03683916 -0.8069483 1.882117
9
-0.2705823 -0.0263774 1.998458
-0.3459752 -0.03031972 1.966151
-0.1849981 -0.02139963 1.954319
-0.3681938 -0.3848413 1.964769
-0.1026312 -0.4192639 1.935501
-0.3620188 -0.7438375 2.000607
-0.03222987 -0.7467209 1.951634
-0.3800094 -0.8087513 1.932432
-0.03683916 -0.8069483 1.882117
9
-0.2760068 -0.02610409 2.002939
-0.3511198 -0.03052989 1.969407
-0.1904342 -0.02059263 1.960162
-0.3722918 -0.3847933 1.96669
-0.1090372 -0.4222348 1.94249
-0.3633269 -0.744325 2.001943
-0.03602447 -0.7457731 1.952607
-0.3811109 -0.8095271 1.932462
-0.0406737 -0.8061491 1.883375
9
-0.2760068 -0.02610409 2.002939
-0.3511198 -0.03052989 1.969407
-0.1904342 -0.02059263 1.960162
-0.3722918 -0.3847933 1.96669
-0.1090372 -0.4222348 1.94249
-0.3633269 -0.744325 2.001943
-0.03602447 -0.7457731 1.952607
-0.3811109 -0.8095271 1.932462
-0.0406737 -0.8061491 1.883375
9
-0.281562 -0.02525123 2.00787
-0.3563707 -0.03043195 1.972542
-0.1961032 -0.01888224 1.967231
-0.3753512 -0.3850898 1.968389
-0.1128416 -0.4235401 1.947307
-0.3647678 -0.7444155 2.002382
-0.04089004 -0.7435262 1.953426
-0.381057 -0.8094648 1.932512
-0.04382807 -0.8040729 1.884248
9
-0.281562 -0.02525123 2.00787
-0.3563707 -0.03043195 1.972542
-0.1961032 -0.01888224 1.967231
-0.3753512 -0.3850898 1.968389
-0.1128416 -0.4235401 1.947307
-0.3647678 -0.7444155 2.002382
-0.04089004 -0.7435262 1.953426
-0.381057 -0.8094648 1.932512
-0.04382807 -0.8040729 1.884248
9
-0.2860738 -0.02462438 2.012514
-0.3607272 -0.03052821 1.976023
-0.2005116 -0.0175471 1.972933
-0.3776678 -0.3853321 1.969456
-0.1178705 -0.4224786 1.953602
-0.3663625 -0.7451777 2.003173
-0.04754426 -0.7404288 1.954452
-0.3811395 -0.8091583 1.932442
-0.04675321 -0.8018739 1.884094
9
-0.2860738 -0.02462438 2.012514
-0.3607272 -0.03052821 1.976023
-0.2005116 -0.0175471 1.972933
-0.3776678 -0.3853321 1.969456
-0.1178705 -0.4224786 1.953602
-0.3663625 -0.7451777 2.003173
-0.04754426 -0.7404288 1.954452
-0.3811395 -0.8091583 1.932442
-0.04675321 -0.8018739 1.884094
9
-0.2892253 -0.02383986 2.016596
-0.3636582 -0.03042037 1.978647
-0.203739 -0.01602018 1.97865
-0.3796761 -0.3850922 1.970215
-0.1210831 -0.4235085 1.959042
-0.3675052 -0.7456049 2.0037
-0.05198453 -0.7390377 1.95556
-0.3812546 -0.8092124 1.93257
-0.04917225 -0.8014131 1.883809
9
-0.2892253 -0.02383986 2.016596
-0.3636582 -0.03042037 1.978647
-0.203739 -0.01602018 1.97865
-0.3796761 -0.3850922 1.970215
-0.1210831 -0.4235085 1.959042
-0.3675052 -0.7456049 2.0037
-0.05198453 -0.7390377 1.95556
-0.3812546 -0.8092124 1.93257
-0.04917225 -0.8014131 1.883809
9
-0.2931764 -0.02308934 2.021797
-0.3679488 -0.03035212 1.982774
-0.2071858 -0.01467948 1.98479
-0.3814356 -0.3843512 1.971002
-0.1252946 -0.4226095 1.964497
-0.3681594 -0.7459646 2.004193
-0.05865303 -0.7376548 1.957981
-0.3810365 -0.8089108 1.933148
-0.05230023 -0.8004692 1.885098
9
-0.2931764 -0.02308934 2.021797
-0.3679488 -0.03035212 1.982774
-0.2071858 -0.01467948 1.98479
-0.3814356 -0.3843512 1.971002
-0.1252946 -0.4226095 1.964497
-0.3681594 -0.7459646 2.004193
-0.05865303 -0.7376548 1.957981
-0.3810365 -0.8089108 1.933148
-0.05230023 -0.8004692 1.885098
9
-0.2971973 -0.02283241 2.026479
-0.3717106 -0.03052722 1.986624
-0.2113239 -0.01405261 1.990168
-0.3826352 -0.3841114 1.971682
-0.1283563 -0.424987 1.969496
-0.3689204 -0.7458844 2.004477
-0.06287633 -0.7393278 1.960869
-0.3808695 -0.8086563 1.933106
-0.05300508 -0.8012134 1.88505
9
-0.3007792 -0.02274343 2.031395
-0.3749792 -0.03059834 1.990149
-0.2151249 -0.0138571 1.996586
-0.3841985 -0.384221 1.973204
-0.1323765 -0.4242102 1.976179
-0.3697041 -0.7462453 2.005209
-0.0690693 -0.74011 1.966498
-0.380685 -0.8081781 1.933368
-0.05349065 -0.8006763 1.88664
9
-0.3007792 -0.02274343 2.031395
-0.3749792 -0.03059834 1.990149
-0.2151249 -0.0138571 1.996586
-0.3841985 -0.384221 1.973204
-0.1323765 -0.4242102 1.976179
-0.3697041 -0.7462453 2.005209
-0.0690693 -0.74011 1.966498
-0.380685 -0.8081781 1.933368
-0.05349065 -0.8006763 1.88664
9
-0.3031921 -0.02262226 2.034764
-0.3773315 -0.0306494 1.992765
-0.2175135 -0.01359793 2.000643
-0.3856922 -0.3845929 1.974326
-0.1349964 -0.4239549 1.981878
-0.3705567 -0.7463226 2.005646
-0.07562503 -0.7403783 1.975357
-0.380568 -0.807569 1.933284
-0.05498324 -0.8000028 1.893074
9
-0.3031921 -0.02262226 2.034764
-0.3773315 -0.0306494 1.992765
-0.2175135 -0.01359793 2.000643
-0.3856922 -0.3845929 1.974326
-0.1349964 -0.4239549 1.981878
-0.3705567 -0.7463226 2.005646
-0.07562503 -0.7403783 1.975357
-0.380568 -0.807569 1.933284
-0.05498324 -0.8000028 1.893074
9
-0.3031921 -0.02262226 2.034764
-0.3773315 -0.0306494 1.992765
-0.2175135 -0.01359793 2.000643
-0.3856922 -0.3845929 1.974326
-0.1349964 -0.4239549 1.981878
-0.3705567 -0.7463226 2.005646
-0.07562503 -0.7403783 1.975357
-0.380568 -0.807569 1.933284
-0.05498324 -0.8000028 1.893074
9
-0.3031921 -0.02262226 2.034764
-0.3773315 -0.0306494 1.992765
-0.2175135 -0.01359793 2.000643
-0.3856922 -0.3845929 1.974326
-0.1349964 -0.4239549 1.981878
-0.3705567 -0.7463226 2.005646
-0.07562503 -0.7403783 1.975357
-0.380568 -0.807569 1.933284
-0.05498324 -0.8000028 1.893074
9
-0.3053844 -0.02208069 2.03858
-0.379241 -0.03038346 1.995132
-0.2199253 -0.0127814 2.006133
-0.3875587 -0.3846005 1.9755
-0.1388834 -0.417376 1.993539
-0.37177 -0.7464767 2.005612
-0.0819452 -0.7389311 2.005532
-0.3807682 -0.8074737 1.933239
-0.0555612 -0.8006946 1.932558
9
-0.3053844 -0.02208069 2.03858
-0.379241 -0.03038346 1.995132
-0.2199253 -0.0127814 2.006133
-0.3875587 -0.3846005 1.9755
-0.1388834 -0.417376 1.993539
-0.37177 -0.7464767 2.005612
-0.0819452 -0.7389311 2.005532
-0.3807682 -0.8074737 1.933239
-0.0555612 -0.8006946 1.932558
9
-0.3075249 -0.02191964 2.042487
-0.3812568 -0.03028446 1.998028
-0.2221022 -0.01261412 2.010934
-0.3888066 -0.3844351 1.976258
-0.1418693 -0.4132439 2.002875
-0.3722771 -0.7471486 2.006135
-0.08351161 -0.7424331 2.022537
-0.3811517 -0.8068802 1.935395
-0.0570107 -0.8010002 1.946603
9
-0.3075249 -0.02191964 2.042487
-0.3812568 -0.03028446 1.998028
-0.2221022 -0.01261412 2.010934
-0.3888066 -0.3844351 1.976258
-0.1418693 -0.4132439 2.002875
-0.3722771 -0.7471486 2.006135
-0.08351161 -0.7424331 2.022537
-0.3811517 -0.8068802 1.935395
-0.0570107 -0.8010002 1.946603
9
-0.3084514 -0.02195727 2.044425
-0.3820159 -0.03029456 1.999278
-0.2231892 -0.01271423 2.013555
-0.3893517 -0.3841485 1.976455
-0.1432802 -0.4105642 2.010457
-0.3731915 -0.7481474 2.006174
-0.08606085 -0.7441224 2.034903
-0.3812127 -0.8066437 1.935087
-0.07479993 -0.7695233 1.912283
9
-0.3084514 -0.02195727 2.044425
-0.3820159 -0.03029456 1.999278
-0.2231892 -0.01271423 2.013555
-0.3893517 -0.3841485 1.976455
-0.1432802 -0.4105642 2.010457
-0.3731915 -0.7481474 2.006174
-0.08606085 -0.7441224 2.034903
-0.3812127 -0.8066437 1.935087
-0.07479993 -0.7695233 1.912283
9
-0.3087645 -0.02175432 2.046435
-0.3822408 -0.03015379 2.000603
-0.2236264 -0.01247588 2.016207
-0.3896665 -0.3842307 1.976583
-0.1442337 -0.409297 2.017863
-0.3734692 -0.7484692 2.0065
-0.08981489 -0.7459808 2.053046
-0.3811498 -0.8068322 1.935028
-0.05841462 -0.8097825 1.98788
9
-0.3087645 -0.02175432 2.046435
-0.3822408 -0.03015379 2.000603
-0.2236264 -0.01247588 2.016207
-0.3896665 -0.3842307 1.976583
-0.1442337 -0.409297 2.017863
-0.3734692 -0.7484692 2.0065
-0.08981489 -0.7459808 2.053046
-0.3811498 -0.8068322 1.935028
-0.05841462 -0.8097825 1.98788
9
-0.3092078 -0.02180343 2.047908
-0.3826115 -0.03024168 2.001552
-0.2241397 -0.0124766 2.01819
-0.3896573 -0.3842619 1.976632
-0.1448146 -0.4087966 2.02547
-0.3736585 -0.7482243 2.006495
-0.09313241 -0.7472916 2.072765
-0.3810393 -0.8067354 1.935189
-0.06116758 -0.8113801 2.013363
9
-0.3092078 -0.02180343 2.047908
-0.3826115 -0.03024168 2.001552
-0.2241397 -0.0124766 2.01819
-0.3896573 -0.3842619 1.976632
-0.1448146 -0.4087966 2.02547
-0.3736585 -0.7482243 2.006495
-0.09313241 -0.7472916 2.072765
-0.3810393 -0.8067354 1.935189
-0.06116758 -0.8113801 2.013363
