40
9
0.05508276 -0.2540192 2.266336
-0.02471866 -0.2495204 2.212749
0.1331293 -0.2497745 2.245589
-0.04793995 -0.6039122 2.200055
0.1503846 -0.6471103 2.261027
-0.02881707 -0.9658669 2.223041
0.1234658 -0.9957017 2.338743
-0.0331127 -1.042572 2.144435
0.1809156 -1.049555 2.257801
9
0.05508276 -0.2540192 2.266336
-0.02471866 -0.2495204 2.212749
0.1331293 -0.2497745 2.245589
-0.04793995 -0.6039122 2.200055
0.1503846 -0.6471103 2.261027
-0.02881707 -0.9658669 2.223041
0.1234658 -0.9957017 2.338743
-0.0331127 -1.042572 2.144435
0.1809156 -1.049555 2.257801
9
0.05508276 -0.2540192 2.266336
-0.02471866 -0.2495204 2.212749
0.1331293 -0.2497745 2.245589
-0.04793995 -0.6039122 2.200055
0.1503846 -0.6471103 2.261027
-0.02881707 -0.9658669 2.223041
0.1234658 -0.9957017 2.338743
-0.0331127 -1.042572 2.144435
0.1809156 -1.049555 2.257801
9
0.05504214 -0.2535655 2.27017
-0.0248057 -0.2489396 2.214068
0.1331607 -0.249974 2.252458
-0.04888104 -0.6035517 2.200324
0.1343512 -0.648228 2.27963
-0.02909262 -0.9651021 2.223659
0.09129171 -0.9915711 2.370308
-0.03284991 -1.041611 2.144562
0.1508795 -1.052097 2.303376
9
0.05504214 -0.2535655 2.27017
-0.0248057 -0.2489396 2.214068
0.1331607 -0.249974 2.252458
-0.04888104 -0.6035517 2.200324
0.1343512 -0.648228 2.27963
-0.02909262 -0.9651021 2.223659
0.09129171 -0.9915711 2.370308
-0.03284991 -1.041611 2.144562
0.1508795 -1.052097 2.303376
9
0.05504214 -0.2535655 2.27017
-0.0248057 -0.2489396 2.214068
0.1331607 -0.249974 2.252458
-0.04888104 -0.6035517 2.200324
0.1343512 -0.648228 2.27963
-0.02909262 -0.9651021 2.223659
0.09129171 -0.9915711 2.370308
-0.03284991 -1.041611 2.144562
0.1508795 -1.052097 2.303376
9
0.05504214 -0.2535655 2.27017
-0.0248057 -0.2489396 2.214068
0.1331607 -0.249974 2.252458
-0.04888104 -0.6035517 2.200324
0.1343512 -0.648228 2.27963
-0.02909262 -0.9651021 2.223659
0.09129171 -0.9915711 2.370308
-0.03284991 -1.041611 2.144562
0.1508795 -1.052097 2.303376
9
0.05504214 -0.2535655 2.27017
-0.0248057 -0.2489396 2.214068
0.1331607 -0.249974 2.252458
-0.04888104 -0.6035517 2.200324
0.1343512 -0.648228 2.27963
-0.02909262 -0.9651021 2.223659
0.09129171 -0.9915711 2.370308
-0.03284991 -1.041611 2.144562
0.1508795 -1.052097 2.303376
9
0.05695967 -0.2548046 2.283448
-0.02230292 -0.2485636 2.222754
0.1338772 -0.2531815 2.269481
-0.04915259 -0.6046504 2.201739
0.1209861 -0.6550909 2.31057
-0.02929466 -0.9659325 2.223888
0.08890492 -0.9891715 2.385448
-0.03334215 -1.041848 2.143647
0.1472838 -1.047212 2.311152
9
0.05695967 -0.2548046 2.283448
-0.02230292 -0.2485636 2.222754
0.1338772 -0.2531815 2.269481
-0.04915259 -0.6046504 2.201739
0.1209861 -0.6550909 2.31057
-0.02929466 -0.9659325 2.223888
0.08890492 -0.9891715 2.385448
-0.03334215 -1.041848 2.143647
0.1472838 -1.047212 2.311152
9
0.05852983 -0.2553442 2.29174
-0.02013752 -0.2480913 2.229391
0.1348046 -0.2546523 2.278977
-0.04890303 -0.6039733 2.203172
0.1198121 -0.6535131 2.315008
-0.03036198 -0.9656376 2.224118
0.08906389 -0.9895374 2.391898
-0.03293938 -1.041758 2.144135
0.1453512 -1.048764 2.31663
9
0.05852983 -0.2553442 2.29174
-0.02013752 -0.2480913 2.229391
0.1348046 -0.2546523 2.278977
-0.04890303 -0.6039733 2.203172
0.1198121 -0.6535131 2.315008
-0.03036198 -0.9656376 2.224118
0.08906389 -0.9895374 2.391898
-0.03293938 -1.041758 2.144135
0.1453512 -1.048764 2.31663
9
0.05852983 -0.2553442 2.29174
-0.02013752 -0.2480913 2.229391
0.1348046 -0.2546523 2.278977
-0.04890303 -0.6039733 2.203172
0.1198121 -0.6535131 2.315008
-0.03036198 -0.9656376 2.224118
0.08906389 -0.9895374 2.391898
-0.03293938 -1.041758 2.144135
0.1453512 -1.048764 2.31663
9
0.06005836 -0.2556516 2.299102
-0.01787572 -0.2475639 2.235842
0.1356288 -0.2556967 2.287094
-0.04888931 -0.6048282 2.20551
0.1186522 -0.6553479 2.320317
-0.0303377 -0.9675602 2.2252
0.08848585 -0.9897032 2.392691
-0.03316094 -1.042521 2.143039
0.1452053 -1.049623 2.319286
9
0.06005836 -0.2556516 2.299102
-0.01787572 -0.2475639 2.235842
0.1356288 -0.2556967 2.287094
-0.04888931 -0.6048282 2.20551
0.1186522 -0.6553479 2.320317
-0.0303377 -0.9675602 2.2252
0.08848585 -0.9897032 2.392691
-0.03316094 -1.042521 2.143039
0.1452053 -1.049623 2.319286
9
0.06005836 -0.2556516 2.299102
-0.01787572 -0.2475639 2.235842
0.1356288 -0.2556967 2.287094
-0.04888931 -0.6048282 2.20551
0.1186522 -0.6553479 2.320317
-0.0303377 -0.9675602 2.2252
0.08848585 -0.9897032 2.392691
-0.03316094 -1.042521 2.143039
0.1452053 -1.049623 2.319286
9
0.06005836 -0.2556516 2.299102
-0.01787572 -0.2475639 2.235842
0.1356288 -0.2556967 2.287094
-0.04888931 -0.6048282 2.20551
0.1186522 -0.6553479 2.320317
-0.0303377 -0.9675602 2.2252
0.08848585 -0.9897032 2.392691
-0.03316094 -1.042521 2.143039
0.1452053 -1.049623 2.319286
9
0.06005836 -0.2556516 2.299102
-0.01787572 -0.2475639 2.235842
0.1356288 -0.2556967 2.287094
-0.04888931 -0.6048282 2.20551
0.1186522 -0.6553479 2.320317
-0.0303377 -0.9675602 2.2252
0.08848585 -0.9897032 2.392691
-0.03316094 -1.042521 2.143039
0.1452053 -1.049623 2.319286
9
0.06842791 -0.2579045 2.328341
-0.00757852 -0.2481104 2.264912
0.1420771 -0.2593802 2.31619
-0.0432939 -0.611524 2.218916
0.1182993 -0.6592122 2.340993
-0.03074035 -0.9695097 2.224841
0.08753737 -0.988619 2.396159
-0.03260461 -1.042875 2.139817
0.1379337 -1.05711 2.332059
9
0.06842791 -0.2579045 2.328341
-0.00757852 -0.2481104 2.264912
0.1420771 -0.2593802 2.31619
-0.0432939 -0.611524 2.218916
0.1182993 -0.6592122 2.340993
-0.03074035 -0.9695097 2.224841
0.08753737 -0.988619 2.396159
-0.03260461 -1.042875 2.139817
0.1379337 -1.05711 2.332059
9
0.06842791 -0.2579045 2.328341
-0.00757852 -0.2481104 2.264912
0.1420771 -0.2593802 2.31619
-0.0432939 -0.611524 2.218916
0.1182993 -0.6592122 2.340993
-0.03074035 -0.9695097 2.224841
0.08753737 -0.988619 2.396159
-0.03260461 -1.042875 2.139817
0.1379337 -1.05711 2.332059
9
0.06842791 -0.2579045 2.328341
-0.00757852 -0.2481104 2.264912
0.1420771 -0.2593802 2.31619
-0.0432939 -0.611524 2.218916
0.1182993 -0.6592122 2.340993
-0.03074035 -0.9695097 2.224841
0.08753737 -0.988619 2.396159
-0.03260461 -1.042875 2.139817
0.1379337 -1.05711 2.332059
9
0.06842791 -0.2579045 2.328341
-0.00757852 -0.2481104 2.264912
0.1420771 -0.2593802 2.31619
-0.0432939 -0.611524 2.218916
0.1182993 -0.6592122 2.340993
-0.03074035 -0.9695097 2.224841
0.08753737 -0.988619 2.396159
-0.03260461 -1.042875 2.139817
0.1379337 -1.05711 2.332059
9
0.06842791 -0.2579045 2.328341
-0.00757852 -0.2481104 2.264912
0.1420771 -0.2593802 2.31619
-0.0432939 -0.611524 2.218916
0.1182993 -0.6592122 2.340993
-0.03074035 -0.9695097 2.224841
0.08753737 -0.988619 2.396159
-0.03260461 -1.042875 2.139817
0.1379337 -1.05711 2.332059
9
0.06842791 -0.2579045 2.328341
-0.00757852 -0.2481104 2.264912
0.1420771 -0.2593802 2.31619
-0.0432939 -0.611524 2.218916
0.1182993 -0.6592122 2.340993
-0.03074035 -0.9695097 2.224841
0.08753737 -0.988619 2.396159
-0.03260461 -1.042875 2.139817
0.1379337 -1.05711 2.332059
9
0.06842791 -0.2579045 2.328341
-0.00757852 -0.2481104 2.264912
0.1420771 -0.2593802 2.31619
-0.0432939 -0.611524 2.218916
0.1182993 -0.6592122 2.340993
-0.03074035 -0.9695097 2.224841
0.08753737 -0.988619 2.396159
-0.03260461 -1.042875 2.139817
0.1379337 -1.05711 2.332059
9
0.07615607 -0.261732 2.357174
0.0001232383 -0.2507524 2.293324
0.1496611 -0.2643502 2.345454
-0.0354385 -0.6280473 2.23573
0.117948 -0.6682141 2.361569
-0.03126054 -0.9706401 2.223433
0.08640601 -0.9868824 2.40005
-0.03199502 -1.04422 2.138782
0.1363205 -1.055941 2.336525
9
0.07615607 -0.261732 2.357174
0.0001232383 -0.2507524 2.293324
0.1496611 -0.2643502 2.345454
-0.0354385 -0.6280473 2.23573
0.117948 -0.6682141 2.361569
-0.03126054 -0.9706401 2.223433
0.08640601 -0.9868824 2.40005
-0.03199502 -1.04422 2.138782
0.1363205 -1.055941 2.336525
9
0.07615607 -0.261732 2.357174
0.0001232383 -0.2507524 2.293324
0.1496611 -0.2643502 2.345454
-0.0354385 -0.6280473 2.23573
0.117948 -0.6682141 2.361569
-0.03126054 -0.9706401 2.223433
0.08640601 -0.9868824 2.40005
-0.03199502 -1.04422 2.138782
0.1363205 -1.055941 2.336525
9
0.07615607 -0.261732 2.357174
0.0001232383 -0.2507524 2.293324
0.1496611 -0.2643502 2.345454
-0.0354385 -0.6280473 2.23573
0.117948 -0.6682141 2.361569
-0.03126054 -0.9706401 2.223433
0.08640601 -0.9868824 2.40005
-0.03199502 -1.04422 2.138782
0.1363205 -1.055941 2.336525
9
0.07615607 -0.261732 2.357174
0.0001232383 -0.2507524 2.293324
0.1496611 -0.2643502 2.345454
-0.0354385 -0.6280473 2.23573
0.117948 -0.6682141 2.361569
-0.03126054 -0.9706401 2.223433
0.08640601 -0.9868824 2.40005
-0.03199502 -1.04422 2.138782
0.1363205 -1.055941 2.336525
9
0.07615607 -0.261732 2.357174
0.0001232383 -0.2507524 2.293324
0.1496611 -0.2643502 2.345454
-0.0354385 -0.6280473 2.23573
0.117948 -0.6682141 2.361569
-0.03126054 -0.9706401 2.223433
0.08640601 -0.9868824 2.40005
-0.03199502 -1.04422 2.138782
0.1363205 -1.055941 2.336525
9
0.07709415 -0.2645285 2.380268
-8.440474E-05 -0.2535781 2.319126
0.1516258 -0.2670781 2.366007
-0.0335594 -0.6393509 2.250921
0.1186408 -0.6695218 2.377024
-0.03382611 -0.9713128 2.221996
0.08645377 -0.9841966 2.404171
-0.03090631 -1.044839 2.137322
0.1339631 -1.055957 2.344392
9
0.07709415 -0.2645285 2.380268
-8.440474E-05 -0.2535781 2.319126
0.1516258 -0.2670781 2.366007
-0.0335594 -0.6393509 2.250921
0.1186408 -0.6695218 2.377024
-0.03382611 -0.9713128 2.221996
0.08645377 -0.9841966 2.404171
-0.03090631 -1.044839 2.137322
0.1339631 -1.055957 2.344392
9
0.07709415 -0.2645285 2.380268
-8.440474E-05 -0.2535781 2.319126
0.1516258 -0.2670781 2.366007
-0.0335594 -0.6393509 2.250921
0.1186408 -0.6695218 2.377024
-0.03382611 -0.9713128 2.221996
0.08645377 -0.9841966 2.404171
-0.03090631 -1.044839 2.137322
0.1339631 -1.055957 2.344392
9
0.07709415 -0.2645285 2.380268
-8.440474E-05 -0.2535781 2.319126
0.1516258 -0.2670781 2.366007
-0.0335594 -0.6393509 2.250921
0.1186408 -0.6695218 2.377024
-0.03382611 -0.9713128 2.221996
0.08645377 -0.9841966 2.404171
-0.03090631 -1.044839 2.137322
0.1339631 -1.055957 2.344392
9
0.07454058 -0.2643336 2.388266
-0.003326058 -0.2523924 2.328236
0.1498183 -0.2677633 2.372894
-0.03709791 -0.6386418 2.256513
0.1203634 -0.6652288 2.387622
-0.04023708 -0.9733331 2.223229
0.08762078 -0.9829243 2.412964
-0.03231029 -1.044553 2.135204
0.1293156 -1.055226 2.345493
9
0.07380004 -0.2644041 2.392598
-0.00427238 -0.2518779 2.333213
0.1493322 -0.2683855 2.376573
-0.04069825 -0.6373352 2.261289
0.1219785 -0.6619378 2.392226
-0.04587124 -0.9741772 2.22462
0.08713829 -0.9814067 2.416174
-0.03268659 -1.043062 2.133939
0.1283176 -1.052733 2.345542
9
0.07380004 -0.2644041 2.392598
-0.00427238 -0.2518779 2.333213
0.1493322 -0.2683855 2.376573
-0.04069825 -0.6373352 2.261289
0.1219785 -0.6619378 2.392226
-0.04587124 -0.9741772 2.22462
0.08713829 -0.9814067 2.416174
-0.03268659 -1.043062 2.133939
0.1283176 -1.052733 2.345542
9
0.07380004 -0.2644041 2.392598
-0.00427238 -0.2518779 2.333213
0.1493322 -0.2683855 2.376573
-0.04069825 -0.6373352 2.261289
0.1219785 -0.6619378 2.392226
-0.04587124 -0.9741772 2.22462
0.08713829 -0.9814067 2.416174
-0.03268659 -1.043062 2.133939
0.1283176 -1.052733 2.345542
