40
9
0.1518393 -0.2594111 2.325609
0.0704105 -0.256915 2.312605
0.2283143 -0.2535213 2.263085
0.08131787 -0.6218829 2.329039
0.2831733 -0.6557915 2.225662
0.1087009 -0.9817425 2.335354
0.3722208 -0.9795585 2.219664
0.06561282 -1.058821 2.284308
0.3339971 -1.042924 2.129571
9
0.1436358 -0.2586071 2.325766
0.06267381 -0.2565492 2.312467
0.2199315 -0.2522662 2.263508
0.07613829 -0.6243149 2.332584
0.2773573 -0.6535243 2.223256
0.1076395 -0.9828637 2.336406
0.3632987 -0.980438 2.22027
0.06627519 -1.060738 2.285662
0.3706496 -1.051566 2.133632
9
0.1436358 -0.2586071 2.325766
0.06267381 -0.2565492 2.312467
0.2199315 -0.2522662 2.263508
0.07613829 -0.6243149 2.332584
0.2773573 -0.6535243 2.223256
0.1076395 -0.9828637 2.336406
0.3632987 -0.980438 2.22027
0.06627519 -1.060738 2.285662
0.3706496 -1.051566 2.133632
9
0.1375097 -0.257875 2.326731
0.05642074 -0.2565231 2.313731
0.2140753 -0.2508606 2.264161
0.07374355 -0.6252199 2.33408
0.2687719 -0.654197 2.218847
0.1071502 -0.9852103 2.33694
0.3512732 -0.9813136 2.216797
0.06827904 -1.064644 2.289735
0.3122502 -1.054151 2.143972
9
0.1375097 -0.257875 2.326731
0.05642074 -0.2565231 2.313731
0.2140753 -0.2508606 2.264161
0.07374355 -0.6252199 2.33408
0.2687719 -0.654197 2.218847
0.1071502 -0.9852103 2.33694
0.3512732 -0.9813136 2.216797
0.06827904 -1.064644 2.289735
0.3122502 -1.054151 2.143972
9
0.1307808 -0.256561 2.327631
0.05044872 -0.2561044 2.314262
0.2067594 -0.2485687 2.265444
0.07210597 -0.6258816 2.33501
0.2586165 -0.6521448 2.211027
0.1069244 -0.9864225 2.337579
0.327177 -0.9805642 2.215767
0.06000661 -1.063078 2.29957
0.3095413 -1.058355 2.141916
9
0.1307808 -0.256561 2.327631
0.05044872 -0.2561044 2.314262
0.2067594 -0.2485687 2.265444
0.07210597 -0.6258816 2.33501
0.2586165 -0.6521448 2.211027
0.1069244 -0.9864225 2.337579
0.327177 -0.9805642 2.215767
0.06000661 -1.063078 2.29957
0.3095413 -1.058355 2.141916
9
0.126228 -0.2552039 2.328189
0.04544251 -0.2553063 2.315121
0.2027905 -0.2467641 2.26569
0.07072275 -0.6279687 2.33586
0.2462466 -0.6488798 2.202553
0.1065674 -0.9877113 2.338979
0.3148198 -0.9816208 2.216511
0.06039858 -1.064642 2.299456
0.2791384 -1.052351 2.13728
9
0.126228 -0.2552039 2.328189
0.04544251 -0.2553063 2.315121
0.2027905 -0.2467641 2.26569
0.07072275 -0.6279687 2.33586
0.2462466 -0.6488798 2.202553
0.1065674 -0.9877113 2.338979
0.3148198 -0.9816208 2.216511
0.06039858 -1.064642 2.299456
0.2791384 -1.052351 2.13728
9
0.1191919 -0.2543378 2.327917
0.03823772 -0.2548372 2.315128
0.1962375 -0.2455601 2.265107
0.06907622 -0.63091 2.337143
0.2375634 -0.652539 2.199486
0.1058939 -0.9885155 2.339943
0.2945198 -0.9820324 2.212003
0.05989711 -1.065273 2.297261
0.2775492 -1.053451 2.125898
9
0.1191919 -0.2543378 2.327917
0.03823772 -0.2548372 2.315128
0.1962375 -0.2455601 2.265107
0.06907622 -0.63091 2.337143
0.2375634 -0.652539 2.199486
0.1058939 -0.9885155 2.339943
0.2945198 -0.9820324 2.212003
0.05989711 -1.065273 2.297261
0.2775492 -1.053451 2.125898
9
0.1156889 -0.254192 2.328122
0.03481865 -0.2551409 2.315388
0.192756 -0.2449646 2.265234
0.06756926 -0.6312829 2.337081
0.2247158 -0.6534061 2.195496
0.1043749 -0.9891602 2.340463
0.2809439 -0.9851027 2.207483
0.0600454 -1.06652 2.296118
0.2555832 -1.050227 2.114694
9
0.1156889 -0.254192 2.328122
0.03481865 -0.2551409 2.315388
0.192756 -0.2449646 2.265234
0.06756926 -0.6312829 2.337081
0.2247158 -0.6534061 2.195496
0.1043749 -0.9891602 2.340463
0.2809439 -0.9851027 2.207483
0.0600454 -1.06652 2.296118
0.2555832 -1.050227 2.114694
9
0.1128875 -0.2537614 2.327363
0.03229552 -0.2551244 2.314658
0.1897512 -0.2440865 2.264422
0.06482767 -0.6349408 2.336979
0.2155754 -0.6511293 2.19211
0.1043048 -0.9891778 2.34039
0.2649589 -0.9760168 2.197473
0.05899662 -1.066111 2.296443
0.2520263 -1.050552 2.116098
9
0.1128875 -0.2537614 2.327363
0.03229552 -0.2551244 2.314658
0.1897512 -0.2440865 2.264422
0.06482767 -0.6349408 2.336979
0.2155754 -0.6511293 2.19211
0.1043048 -0.9891778 2.34039
0.2649589 -0.9760168 2.197473
0.05899662 -1.066111 2.296443
0.2520263 -1.050552 2.116098
9
0.1104985 -0.253776 2.326716
0.03039736 -0.2553655 2.314389
0.1868883 -0.243824 2.263292
0.06015993 -0.644946 2.336836
0.2061837 -0.6514139 2.189392
0.1027941 -0.9921001 2.339468
0.2403721 -0.9726807 2.182993
0.05024502 -1.065532 2.310435
0.2074808 -1.041996 2.100317
9
0.1104985 -0.253776 2.326716
0.03039736 -0.2553655 2.314389
0.1868883 -0.243824 2.263292
0.06015993 -0.644946 2.336836
0.2061837 -0.6514139 2.189392
0.1027941 -0.9921001 2.339468
0.2403721 -0.9726807 2.182993
0.05024502 -1.065532 2.310435
0.2074808 -1.041996 2.100317
9
0.1104985 -0.253776 2.326716
0.03039736 -0.2553655 2.314389
0.1868883 -0.243824 2.263292
0.06015993 -0.644946 2.336836
0.2061837 -0.6514139 2.189392
0.1027941 -0.9921001 2.339468
0.2403721 -0.9726807 2.182993
0.05024502 -1.065532 2.310435
0.2074808 -1.041996 2.100317
9
0.1104985 -0.253776 2.326716
0.03039736 -0.2553655 2.314389
0.1868883 -0.243824 2.263292
0.06015993 -0.644946 2.336836
0.2061837 -0.6514139 2.189392
0.1027941 -0.9921001 2.339468
0.2403721 -0.9726807 2.182993
0.05024502 -1.065532 2.310435
0.2074808 -1.041996 2.100317
9
0.1051928 -0.2545972 2.323765
0.02573884 -0.256814 2.31112
0.1810923 -0.2439994 2.260665
0.05625765 -0.6543188 2.335867
0.1950822 -0.6462119 2.171807
0.1001379 -0.9937754 2.3346
0.2052629 -0.9525193 2.143168
0.04805517 -1.066875 2.311425
0.1613545 -0.9859727 2.007706
9
0.1051928 -0.2545972 2.323765
0.02573884 -0.256814 2.31112
0.1810923 -0.2439994 2.260665
0.05625765 -0.6543188 2.335867
0.1950822 -0.6462119 2.171807
0.1001379 -0.9937754 2.3346
0.2052629 -0.9525193 2.143168
0.04805517 -1.066875 2.311425
0.1613545 -0.9859727 2.007706
9
0.1016484 -0.254927 2.320387
0.02186273 -0.2575247 2.306472
0.17803 -0.2440248 2.258374
0.0539281 -0.6585382 2.334884
0.1889685 -0.6411337 2.163679
0.098915 -0.9944926 2.327068
0.2042199 -0.954186 2.139025
0.04650775 -1.066221 2.310725
0.1695143 -1.027629 2.06606
9
0.1016484 -0.254927 2.320387
0.02186273 -0.2575247 2.306472
0.17803 -0.2440248 2.258374
0.0539281 -0.6585382 2.334884
0.1889685 -0.6411337 2.163679
0.098915 -0.9944926 2.327068
0.2042199 -0.954186 2.139025
0.04650775 -1.066221 2.310725
0.1695143 -1.027629 2.06606
9
0.0997035 -0.2559178 2.316683
0.02034806 -0.2590909 2.302513
0.1757616 -0.2444236 2.254963
0.05268925 -0.6785457 2.332201
0.183322 -0.6412621 2.161234
0.09942417 -0.9948983 2.320848
0.1904502 -0.9660584 2.112606
0.04123013 -1.062448 2.306533
0.1557919 -1.02774 2.020467
9
0.0997035 -0.2559178 2.316683
0.02034806 -0.2590909 2.302513
0.1757616 -0.2444236 2.254963
0.05268925 -0.6785457 2.332201
0.183322 -0.6412621 2.161234
0.09942417 -0.9948983 2.320848
0.1904502 -0.9660584 2.112606
0.04123013 -1.062448 2.306533
0.1557919 -1.02774 2.020467
9
0.0997035 -0.2559178 2.316683
0.02034806 -0.2590909 2.302513
0.1757616 -0.2444236 2.254963
0.05268925 -0.6785457 2.332201
0.183322 -0.6412621 2.161234
0.09942417 -0.9948983 2.320848
0.1904502 -0.9660584 2.112606
0.04123013 -1.062448 2.306533
0.1557919 -1.02774 2.020467
9
0.0997035 -0.2559178 2.316683
0.02034806 -0.2590909 2.302513
0.1757616 -0.2444236 2.254963
0.05268925 -0.6785457 2.332201
0.183322 -0.6412621 2.161234
0.09942417 -0.9948983 2.320848
0.1904502 -0.9660584 2.112606
0.04123013 -1.062448 2.306533
0.1557919 -1.02774 2.020467
9
0.0997035 -0.2559178 2.316683
0.02034806 -0.2590909 2.302513
0.1757616 -0.2444236 2.254963
0.05268925 -0.6785457 2.332201
0.183322 -0.6412621 2.161234
0.09942417 -0.9948983 2.320848
0.1904502 -0.9660584 2.112606
0.04123013 -1.062448 2.306533
0.1557919 -1.02774 2.020467
9
0.0997035 -0.2559178 2.316683
0.02034806 -0.2590909 2.302513
0.1757616 -0.2444236 2.254963
0.05268925 -0.6785457 2.332201
0.183322 -0.6412621 2.161234
0.09942417 -0.9948983 2.320848
0.1904502 -0.9660584 2.112606
0.04123013 -1.062448 2.306533
0.1557919 -1.02774 2.020467
9
0.09383709 -0.2593721 2.294618
0.01509327 -0.2638154 2.279031
0.1695747 -0.2464553 2.234489
0.05121699 -0.6819896 2.32934
0.1757913 -0.6380899 2.158569
0.09812247 -0.9939758 2.317006
0.170638 -0.9516015 2.053116
0.04001231 -1.063906 2.283516
0.1291169 -0.985711 1.917685
9
0.09383709 -0.2593721 2.294618
0.01509327 -0.2638154 2.279031
0.1695747 -0.2464553 2.234489
0.05121699 -0.6819896 2.32934
0.1757913 -0.6380899 2.158569
0.09812247 -0.9939758 2.317006
0.170638 -0.9516015 2.053116
0.04001231 -1.063906 2.283516
0.1291169 -0.985711 1.917685
9
0.09311043 -0.2605997 2.285745
0.01468701 -0.2652839 2.271139
0.1684963 -0.2472923 2.224604
0.04949345 -0.6848822 2.3244
0.1835421 -0.6288366 2.119971
0.09722231 -0.9950088 2.315973
0.1705415 -0.951453 2.051879
0.03768344 -1.063938 2.281607
0.1354484 -1.014914 1.962879
9
0.09311043 -0.2605997 2.285745
0.01468701 -0.2652839 2.271139
0.1684963 -0.2472923 2.224604
0.04949345 -0.6848822 2.3244
0.1835421 -0.6288366 2.119971
0.09722231 -0.9950088 2.315973
0.1705415 -0.951453 2.051879
0.03768344 -1.063938 2.281607
0.1354484 -1.014914 1.962879
9
0.09165063 -0.2614615 2.275211
0.01329689 -0.2662022 2.259812
0.1670211 -0.2480277 2.214915
0.04728007 -0.6914023 2.317732
0.183994 -0.6275054 2.11577
0.0867072 -1.011908 2.313017
0.1709127 -0.9517608 2.04874
0.02460552 -1.078151 2.288022
0.1346504 -1.015971 1.961583
9
0.09165063 -0.2614615 2.275211
0.01329689 -0.2662022 2.259812
0.1670211 -0.2480277 2.214915
0.04728007 -0.6914023 2.317732
0.183994 -0.6275054 2.11577
0.0867072 -1.011908 2.313017
0.1709127 -0.9517608 2.04874
0.02460552 -1.078151 2.288022
0.1346504 -1.015971 1.961583
9
0.08986343 -0.2626175 2.260337
0.01119808 -0.2669339 2.244265
0.1655707 -0.2494914 2.200737
0.04499694 -0.6853491 2.306346
0.1836069 -0.6254257 2.109169
0.0847165 -1.013212 2.313499
0.1719233 -0.9506093 2.045867
0.02121299 -1.077185 2.295789
0.1314332 -0.9844161 1.909934
9
0.08986343 -0.2626175 2.260337
0.01119808 -0.2669339 2.244265
0.1655707 -0.2494914 2.200737
0.04499694 -0.6853491 2.306346
0.1836069 -0.6254257 2.109169
0.0847165 -1.013212 2.313499
0.1719233 -0.9506093 2.045867
0.02121299 -1.077185 2.295789
0.1314332 -0.9844161 1.909934
9
0.08719128 -0.2624744 2.24667
0.008566625 -0.2665936 2.23153
0.1629446 -0.2495181 2.186131
0.04418926 -0.6897667 2.296901
0.1834773 -0.616883 2.09964
0.08482569 -1.011199 2.312648
0.1725013 -0.9514104 2.043537
0.02246602 -1.074118 2.302609
0.137938 -1.019898 1.962259
9
0.08719128 -0.2624744 2.24667
0.008566625 -0.2665936 2.23153
0.1629446 -0.2495181 2.186131
0.04418926 -0.6897667 2.296901
0.1834773 -0.616883 2.09964
0.08482569 -1.011199 2.312648
0.1725013 -0.9514104 2.043537
0.02246602 -1.074118 2.302609
0.137938 -1.019898 1.962259
9
0.08446886 -0.2624449 2.232089
0.005863417 -0.2659937 2.216758
0.1602754 -0.249993 2.171762
0.04147927 -0.6912404 2.28411
0.183371 -0.6160451 2.088961
0.0848076 -1.009556 2.310545
0.1728736 -0.9521006 2.040582
0.1211804 -1.079039 2.233771
0.1368524 -1.020667 1.960515
