40
9
0.03536571 -0.03487609 2.305384
-0.04534454 -0.02812327 2.272341
0.1147845 -0.04047323 2.261528
-0.132609 -0.4112018 2.237297
0.1285494 -0.4021458 2.263602
-0.1761189 -0.7535445 2.275999
0.1099996 -0.7607254 2.280952
-0.2127638 -0.8219172 2.199524
0.1233319 -0.8222597 2.198298
9
0.03536571 -0.03487609 2.305384
-0.04534454 -0.02812327 2.272341
0.1147845 -0.04047323 2.261528
-0.132609 -0.4112018 2.237297
0.1285494 -0.4021458 2.263602
-0.1761189 -0.7535445 2.275999
0.1099996 -0.7607254 2.280952
-0.2127638 -0.8219172 2.199524
0.1233319 -0.8222597 2.198298
9
0.02689951 -0.03487145 2.309157
-0.05343502 -0.0289946 2.277722
0.1060782 -0.03962884 2.263703
-0.1380205 -0.4141267 2.252726
0.1264174 -0.4014941 2.264139
-0.1758308 -0.7573661 2.289295
0.1048191 -0.7611357 2.313209
-0.2143074 -0.8250748 2.226838
0.1226287 -0.8213514 2.200105
9
0.02689951 -0.03487145 2.309157
-0.05343502 -0.0289946 2.277722
0.1060782 -0.03962884 2.263703
-0.1380205 -0.4141267 2.252726
0.1264174 -0.4014941 2.264139
-0.1758308 -0.7573661 2.289295
0.1048191 -0.7611357 2.313209
-0.2143074 -0.8250748 2.226838
0.1226287 -0.8213514 2.200105
9
0.01908873 -0.03590185 2.312445
-0.06091423 -0.03064958 2.28222
0.09827874 -0.04002276 2.26571
-0.1400407 -0.4155573 2.25908
0.1247507 -0.4015524 2.264503
-0.1760119 -0.7589855 2.29346
0.1094862 -0.7573138 2.294958
-0.182521 -0.7834401 2.169628
0.1223871 -0.8210612 2.19955
9
0.01908873 -0.03590185 2.312445
-0.06091423 -0.03064958 2.28222
0.09827874 -0.04002276 2.26571
-0.1400407 -0.4155573 2.25908
0.1247507 -0.4015524 2.264503
-0.1760119 -0.7589855 2.29346
0.1094862 -0.7573138 2.294958
-0.182521 -0.7834401 2.169628
0.1223871 -0.8210612 2.19955
9
0.01378758 -0.03680916 2.314404
-0.0660386 -0.03242221 2.285493
0.09281617 -0.04011845 2.266435
-0.1421912 -0.4170051 2.266464
0.1217925 -0.4026951 2.265409
-0.1753222 -0.760677 2.296623
0.1090437 -0.7569532 2.293164
-0.2187363 -0.8312856 2.242973
0.1222201 -0.8208675 2.199526
9
0.01378758 -0.03680916 2.314404
-0.0660386 -0.03242221 2.285493
0.09281617 -0.04011845 2.266435
-0.1421912 -0.4170051 2.266464
0.1217925 -0.4026951 2.265409
-0.1753222 -0.760677 2.296623
0.1090437 -0.7569532 2.293164
-0.2187363 -0.8312856 2.242973
0.1222201 -0.8208675 2.199526
9
0.008320669 -0.03762171 2.316358
-0.07122657 -0.03385638 2.288574
0.08727953 -0.04028529 2.267234
-0.1430514 -0.4169946 2.270071
0.119795 -0.4030204 2.26595
-0.1731988 -0.760575 2.299396
0.1084383 -0.757116 2.291922
-0.2235905 -0.8343773 2.260122
0.1222972 -0.8220758 2.197232
9
0.008320669 -0.03762171 2.316358
-0.07122657 -0.03385638 2.288574
0.08727953 -0.04028529 2.267234
-0.1430514 -0.4169946 2.270071
0.119795 -0.4030204 2.26595
-0.1731988 -0.760575 2.299396
0.1084383 -0.757116 2.291922
-0.2235905 -0.8343773 2.260122
0.1222972 -0.8220758 2.197232
9
0.002163734 -0.03862057 2.317461
-0.07664456 -0.03552533 2.290973
0.08038659 -0.04053621 2.266894
-0.1433737 -0.4164347 2.273798
0.1170301 -0.4066845 2.267185
-0.171605 -0.7613911 2.301115
0.1084603 -0.7568406 2.29056
-0.2192911 -0.8304904 2.241687
0.1219856 -0.8219448 2.197636
9
0.002163734 -0.03862057 2.317461
-0.07664456 -0.03552533 2.290973
0.08038659 -0.04053621 2.266894
-0.1433737 -0.4164347 2.273798
0.1170301 -0.4066845 2.267185
-0.171605 -0.7613911 2.301115
0.1084603 -0.7568406 2.29056
-0.2192911 -0.8304904 2.241687
0.1219856 -0.8219448 2.197636
9
-0.005064183 -0.03950801 2.319039
-0.08267938 -0.03706765 2.292988
0.0724005 -0.04061588 2.267885
-0.1424307 -0.4184657 2.279122
0.1121698 -0.4119629 2.267499
-0.1689022 -0.7620468 2.30389
0.1076883 -0.7562538 2.289372
-0.2192205 -0.8315068 2.249776
0.1208926 -0.821461 2.197883
9
-0.005064183 -0.03950801 2.319039
-0.08267938 -0.03706765 2.292988
0.0724005 -0.04061588 2.267885
-0.1424307 -0.4184657 2.279122
0.1121698 -0.4119629 2.267499
-0.1689022 -0.7620468 2.30389
0.1076883 -0.7562538 2.289372
-0.2192205 -0.8315068 2.249776
0.1208926 -0.821461 2.197883
9
-0.005064183 -0.03950801 2.319039
-0.08267938 -0.03706765 2.292988
0.0724005 -0.04061588 2.267885
-0.1424307 -0.4184657 2.279122
0.1121698 -0.4119629 2.267499
-0.1689022 -0.7620468 2.30389
0.1076883 -0.7562538 2.289372
-0.2192205 -0.8315068 2.249776
0.1208926 -0.821461 2.197883
9
-0.005064183 -0.03950801 2.319039
-0.08267938 -0.03706765 2.292988
0.0724005 -0.04061588 2.267885
-0.1424307 -0.4184657 2.279122
0.1121698 -0.4119629 2.267499
-0.1689022 -0.7620468 2.30389
0.1076883 -0.7562538 2.289372
-0.2192205 -0.8315068 2.249776
0.1208926 -0.821461 2.197883
9
-0.02366322 -0.04151374 2.320777
-0.09953029 -0.04057039 2.296344
0.05270521 -0.040991 2.267889
-0.1460169 -0.4181841 2.284107
0.1025985 -0.4194101 2.267748
-0.1682354 -0.7616954 2.305689
0.105988 -0.756385 2.288674
-0.2178747 -0.8314288 2.24914
0.1199666 -0.8205234 2.19844
9
-0.02366322 -0.04151374 2.320777
-0.09953029 -0.04057039 2.296344
0.05270521 -0.040991 2.267889
-0.1460169 -0.4181841 2.284107
0.1025985 -0.4194101 2.267748
-0.1682354 -0.7616954 2.305689
0.105988 -0.756385 2.288674
-0.2178747 -0.8314288 2.24914
0.1199666 -0.8205234 2.19844
9
-0.03385803 -0.04186455 2.322171
-0.1091735 -0.0415943 2.298672
0.04243482 -0.04068606 2.268368
-0.1535081 -0.4121562 2.289332
0.09588927 -0.4238122 2.268626
-0.167854 -0.7626043 2.307016
0.104614 -0.7561288 2.287784
-0.2169584 -0.8316766 2.248356
0.1191646 -0.8196775 2.199659
9
-0.03385803 -0.04186455 2.322171
-0.1091735 -0.0415943 2.298672
0.04243482 -0.04068606 2.268368
-0.1535081 -0.4121562 2.289332
0.09588927 -0.4238122 2.268626
-0.167854 -0.7626043 2.307016
0.104614 -0.7561288 2.287784
-0.2169584 -0.8316766 2.248356
0.1191646 -0.8196775 2.199659
9
-0.04313388 -0.0423544 2.322967
-0.1177176 -0.04240186 2.299532
0.03286563 -0.04084451 2.269117
-0.1592493 -0.4152337 2.294057
0.08912614 -0.4283767 2.269152
-0.1676292 -0.7640595 2.310118
0.1029802 -0.7569509 2.287383
-0.2230347 -0.8381165 2.271523
0.1188744 -0.8203435 2.199606
9
-0.04313388 -0.0423544 2.322967
-0.1177176 -0.04240186 2.299532
0.03286563 -0.04084451 2.269117
-0.1592493 -0.4152337 2.294057
0.08912614 -0.4283767 2.269152
-0.1676292 -0.7640595 2.310118
0.1029802 -0.7569509 2.287383
-0.2230347 -0.8381165 2.271523
0.1188744 -0.8203435 2.199606
9
-0.05372671 -0.04238129 2.322396
-0.1268889 -0.04293359 2.299385
0.02114367 -0.04032373 2.268096
-0.1644086 -0.4157737 2.295748
0.08129328 -0.4292083 2.268705
-0.1683476 -0.7644124 2.311244
0.1021173 -0.7563007 2.285963
-0.2160101 -0.8358148 2.252993
0.1184349 -0.8202874 2.199986
9
-0.05372671 -0.04238129 2.322396
-0.1268889 -0.04293359 2.299385
0.02114367 -0.04032373 2.268096
-0.1644086 -0.4157737 2.295748
0.08129328 -0.4292083 2.268705
-0.1683476 -0.7644124 2.311244
0.1021173 -0.7563007 2.285963
-0.2160101 -0.8358148 2.252993
0.1184349 -0.8202874 2.199986
9
-0.05372671 -0.04238129 2.322396
-0.1268889 -0.04293359 2.299385
0.02114367 -0.04032373 2.268096
-0.1644086 -0.4157737 2.295748
0.08129328 -0.4292083 2.268705
-0.1683476 -0.7644124 2.311244
0.1021173 -0.7563007 2.285963
-0.2160101 -0.8358148 2.252993
0.1184349 -0.8202874 2.199986
9
-0.05372671 -0.04238129 2.322396
-0.1268889 -0.04293359 2.299385
0.02114367 -0.04032373 2.268096
-0.1644086 -0.4157737 2.295748
0.08129328 -0.4292083 2.268705
-0.1683476 -0.7644124 2.311244
0.1021173 -0.7563007 2.285963
-0.2160101 -0.8358148 2.252993
0.1184349 -0.8202874 2.199986
9
-0.07805794 -0.04369049 2.32144
-0.1503543 -0.04477133 2.298676
-0.003090373 -0.0411131 2.266968
-0.176511 -0.4177183 2.300478
0.06143516 -0.4357753 2.268246
-0.1697333 -0.7648152 2.311899
0.09928267 -0.7588734 2.283537
-0.2131859 -0.8359925 2.24985
0.1168933 -0.8200911 2.201439
9
-0.07805794 -0.04369049 2.32144
-0.1503543 -0.04477133 2.298676
-0.003090373 -0.0411131 2.266968
-0.176511 -0.4177183 2.300478
0.06143516 -0.4357753 2.268246
-0.1697333 -0.7648152 2.311899
0.09928267 -0.7588734 2.283537
-0.2131859 -0.8359925 2.24985
0.1168933 -0.8200911 2.201439
9
-0.08920355 -0.0448528 2.320383
-0.1615205 -0.0462327 2.298494
-0.0139488 -0.0419693 2.265061
-0.1852174 -0.4196959 2.303267
0.05274741 -0.4381759 2.267312
-0.171117 -0.7655094 2.312445
0.0975936 -0.7599147 2.281791
-0.2175609 -0.8373592 2.265596
0.1175077 -0.8213711 2.199739
9
-0.08920355 -0.0448528 2.320383
-0.1615205 -0.0462327 2.298494
-0.0139488 -0.0419693 2.265061
-0.1852174 -0.4196959 2.303267
0.05274741 -0.4381759 2.267312
-0.171117 -0.7655094 2.312445
0.0975936 -0.7599147 2.281791
-0.2175609 -0.8373592 2.265596
0.1175077 -0.8213711 2.199739
9
-0.1028805 -0.04552317 2.318822
-0.1751889 -0.04706951 2.297888
-0.02716847 -0.04245847 2.262576
-0.1915913 -0.4207456 2.305333
0.04501589 -0.4422149 2.263357
-0.1730429 -0.7672309 2.31256
0.09629733 -0.7595565 2.280705
-0.2157253 -0.8363056 2.250528
0.1171984 -0.8211432 2.199243
9
-0.1028805 -0.04552317 2.318822
-0.1751889 -0.04706951 2.297888
-0.02716847 -0.04245847 2.262576
-0.1915913 -0.4207456 2.305333
0.04501589 -0.4422149 2.263357
-0.1730429 -0.7672309 2.31256
0.09629733 -0.7595565 2.280705
-0.2157253 -0.8363056 2.250528
0.1171984 -0.8211432 2.199243
9
-0.1142979 -0.04613081 2.317923
-0.1871053 -0.0480453 2.297931
-0.03775062 -0.04270029 2.260798
-0.1980326 -0.4187816 2.305935
0.03737601 -0.4460829 2.258499
-0.1736968 -0.7673962 2.314049
0.09450024 -0.7597698 2.278687
-0.2158498 -0.8358095 2.249055
0.118317 -0.8221152 2.198106
9
-0.1142979 -0.04613081 2.317923
-0.1871053 -0.0480453 2.297931
-0.03775062 -0.04270029 2.260798
-0.1980326 -0.4187816 2.305935
0.03737601 -0.4460829 2.258499
-0.1736968 -0.7673962 2.314049
0.09450024 -0.7597698 2.278687
-0.2158498 -0.8358095 2.249055
0.118317 -0.8221152 2.198106
9
-0.1228411 -0.04706396 2.317093
-0.1953434 -0.04964947 2.297205
-0.04627351 -0.04291687 2.259861
-0.2022642 -0.4213427 2.307506
0.03178456 -0.4461787 2.251898
-0.174158 -0.7678455 2.314388
0.0913714 -0.7630116 2.273248
-0.2233694 -0.8388491 2.276255
0.1178363 -0.8221424 2.196539
9
-0.1228411 -0.04706396 2.317093
-0.1953434 -0.04964947 2.297205
-0.04627351 -0.04291687 2.259861
-0.2022642 -0.4213427 2.307506
0.03178456 -0.4461787 2.251898
-0.174158 -0.7678455 2.314388
0.0913714 -0.7630116 2.273248
-0.2233694 -0.8388491 2.276255
0.1178363 -0.8221424 2.196539
9
-0.1312415 -0.04674949 2.316376
-0.2038265 -0.05023323 2.296992
-0.05437362 -0.04171903 2.258644
-0.2098971 -0.4174211 2.308902
0.02524957 -0.440758 2.240821
-0.1745393 -0.7694079 2.315228
0.08765682 -0.7660971 2.268472
-0.2189186 -0.8344966 2.243791
0.1205253 -0.826175 2.19075
9
-0.1312415 -0.04674949 2.316376
-0.2038265 -0.05023323 2.296992
-0.05437362 -0.04171903 2.258644
-0.2098971 -0.4174211 2.308902
0.02524957 -0.440758 2.240821
-0.1745393 -0.7694079 2.315228
0.08765682 -0.7660971 2.268472
-0.2189186 -0.8344966 2.243791
0.1205253 -0.826175 2.19075
9
-0.1388896 -0.04679698 2.315732
-0.2107657 -0.05151604 2.296631
-0.0626136 -0.04041281 2.257692
-0.2142958 -0.4192243 2.309495
0.01811259 -0.4335981 2.225297
-0.1764181 -0.7742025 2.317036
0.0841703 -0.7667084 2.264536
-0.2355022 -0.8461127 2.317348
0.1208012 -0.8261741 2.187351
9
-0.1388896 -0.04679698 2.315732
-0.2107657 -0.05151604 2.296631
-0.0626136 -0.04041281 2.257692
-0.2142958 -0.4192243 2.309495
0.01811259 -0.4335981 2.225297
-0.1764181 -0.7742025 2.317036
0.0841703 -0.7667084 2.264536
-0.2355022 -0.8461127 2.317348
0.1208012 -0.8261741 2.187351
