40
9
-0.01523037 -0.0448277 2.430272
-0.08714955 -0.03870984 2.36874
0.05711078 -0.04949941 2.414524
-0.08599214 -0.4000588 2.248836
-0.03574205 -0.4656046 2.348575
-0.05953315 -0.7548711 2.202718
-0.0447515 -0.7719297 2.443498
-0.05017174 -0.8217592 2.09794
0.0008533299 -0.8616362 2.400443
9
-0.01317681 -0.04165911 2.416469
-0.08543926 -0.03658872 2.355394
0.05946936 -0.04532677 2.400202
-0.0836563 -0.3790414 2.227629
-0.03382735 -0.4603121 2.345644
-0.05953809 -0.7537999 2.20146
-0.04407867 -0.7720337 2.434749
-0.05011896 -0.8202993 2.107044
0.01873777 -0.8484565 2.425462
9
-0.01317681 -0.04165911 2.416469
-0.08543926 -0.03658872 2.355394
0.05946936 -0.04532677 2.400202
-0.0836563 -0.3790414 2.227629
-0.03382735 -0.4603121 2.345644
-0.05953809 -0.7537999 2.20146
-0.04407867 -0.7720337 2.434749
-0.05011896 -0.8202993 2.107044
0.01873777 -0.8484565 2.425462
9
-0.01296446 -0.04007431 2.402861
-0.08498926 -0.03482455 2.34192
0.0594285 -0.04400402 2.386514
-0.08378513 -0.3750878 2.22028
-0.03257663 -0.4587243 2.342622
-0.05954206 -0.7525991 2.200462
-0.04355258 -0.7734022 2.429409
-0.05051957 -0.8192288 2.108681
0.01889204 -0.848578 2.424568
9
-0.01296446 -0.04007431 2.402861
-0.08498926 -0.03482455 2.34192
0.0594285 -0.04400402 2.386514
-0.08378513 -0.3750878 2.22028
-0.03257663 -0.4587243 2.342622
-0.05954206 -0.7525991 2.200462
-0.04355258 -0.7734022 2.429409
-0.05051957 -0.8192288 2.108681
0.01889204 -0.848578 2.424568
9
-0.01260777 -0.03817089 2.386868
-0.08469144 -0.03304061 2.325643
0.05982957 -0.04205187 2.370804
-0.08427892 -0.3738659 2.211824
-0.02696514 -0.4518241 2.336061
-0.05936247 -0.7524889 2.198971
-0.04392241 -0.7797929 2.419445
-0.05075649 -0.8195173 2.109201
0.01878993 -0.8525315 2.420016
9
-0.01260777 -0.03817089 2.386868
-0.08469144 -0.03304061 2.325643
0.05982957 -0.04205187 2.370804
-0.08427892 -0.3738659 2.211824
-0.02696514 -0.4518241 2.336061
-0.05936247 -0.7524889 2.198971
-0.04392241 -0.7797929 2.419445
-0.05075649 -0.8195173 2.109201
0.01878993 -0.8525315 2.420016
9
-0.01284859 -0.03641426 2.371062
-0.08529788 -0.03122194 2.307384
0.05991118 -0.04041658 2.357265
-0.08448984 -0.3720611 2.203792
-0.02176856 -0.4490333 2.334839
-0.05966707 -0.7525578 2.197919
-0.03758709 -0.7473972 2.386852
-0.05119434 -0.8190574 2.110602
0.004154034 -0.8255122 2.401907
9
-0.01284859 -0.03641426 2.371062
-0.08529788 -0.03122194 2.307384
0.05991118 -0.04041658 2.357265
-0.08448984 -0.3720611 2.203792
-0.02176856 -0.4490333 2.334839
-0.05966707 -0.7525578 2.197919
-0.03758709 -0.7473972 2.386852
-0.05119434 -0.8190574 2.110602
0.004154034 -0.8255122 2.401907
9
-0.01125917 -0.03518132 2.362275
-0.08367883 -0.03053182 2.299176
0.06142473 -0.0386515 2.348006
-0.08474232 -0.368092 2.196707
-0.004366853 -0.4386001 2.334628
-0.05994435 -0.7522786 2.197107
-0.03650701 -0.7463357 2.384069
-0.05116281 -0.8182253 2.110166
0.00537147 -0.8213757 2.404061
9
-0.01125917 -0.03518132 2.362275
-0.08367883 -0.03053182 2.299176
0.06142473 -0.0386515 2.348006
-0.08474232 -0.368092 2.196707
-0.004366853 -0.4386001 2.334628
-0.05994435 -0.7522786 2.197107
-0.03650701 -0.7463357 2.384069
-0.05116281 -0.8182253 2.110166
0.00537147 -0.8213757 2.404061
9
-0.01125917 -0.03518132 2.362275
-0.08367883 -0.03053182 2.299176
0.06142473 -0.0386515 2.348006
-0.08474232 -0.368092 2.196707
-0.004366853 -0.4386001 2.334628
-0.05994435 -0.7522786 2.197107
-0.03650701 -0.7463357 2.384069
-0.05116281 -0.8182253 2.110166
0.00537147 -0.8213757 2.404061
9
-0.01125917 -0.03518132 2.362275
-0.08367883 -0.03053182 2.299176
0.06142473 -0.0386515 2.348006
-0.08474232 -0.368092 2.196707
-0.004366853 -0.4386001 2.334628
-0.05994435 -0.7522786 2.197107
-0.03650701 -0.7463357 2.384069
-0.05116281 -0.8182253 2.110166
0.00537147 -0.8213757 2.404061
9
-0.008525251 -0.03306961 2.331917
-0.08082974 -0.02847448 2.271623
0.06396215 -0.0365709 2.314817
-0.08498047 -0.3713014 2.192724
0.03066531 -0.4337163 2.331258
-0.06034744 -0.7524527 2.196761
-0.02450314 -0.7316803 2.351488
-0.05094016 -0.8182012 2.110112
0.005587954 -0.8031443 2.383112
9
-0.008525251 -0.03306961 2.331917
-0.08082974 -0.02847448 2.271623
0.06396215 -0.0365709 2.314817
-0.08498047 -0.3713014 2.192724
0.03066531 -0.4337163 2.331258
-0.06034744 -0.7524527 2.196761
-0.02450314 -0.7316803 2.351488
-0.05094016 -0.8182012 2.110112
0.005587954 -0.8031443 2.383112
9
-0.008525251 -0.03306961 2.331917
-0.08082974 -0.02847448 2.271623
0.06396215 -0.0365709 2.314817
-0.08498047 -0.3713014 2.192724
0.03066531 -0.4337163 2.331258
-0.06034744 -0.7524527 2.196761
-0.02450314 -0.7316803 2.351488
-0.05094016 -0.8182012 2.110112
0.005587954 -0.8031443 2.383112
9
-0.008525251 -0.03306961 2.331917
-0.08082974 -0.02847448 2.271623
0.06396215 -0.0365709 2.314817
-0.08498047 -0.3713014 2.192724
0.03066531 -0.4337163 2.331258
-0.06034744 -0.7524527 2.196761
-0.02450314 -0.7316803 2.351488
-0.05094016 -0.8182012 2.110112
0.005587954 -0.8031443 2.383112
9
-0.009084411 -0.03227191 2.312155
-0.08150768 -0.02911747 2.250271
0.06355655 -0.03445415 2.296607
-0.08487672 -0.3773253 2.184486
0.07833017 -0.4193408 2.314981
-0.06137504 -0.7513598 2.195387
0.01489482 -0.7979259 2.422559
-0.05101309 -0.8183537 2.109226
0.05049167 -0.822234 2.304921
9
-0.009084411 -0.03227191 2.312155
-0.08150768 -0.02911747 2.250271
0.06355655 -0.03445415 2.296607
-0.08487672 -0.3773253 2.184486
0.07833017 -0.4193408 2.314981
-0.06137504 -0.7513598 2.195387
0.01489482 -0.7979259 2.422559
-0.05101309 -0.8183537 2.109226
0.05049167 -0.822234 2.304921
9
-0.008441106 -0.03144982 2.301782
-0.08119843 -0.02864471 2.2401
0.06452761 -0.03325228 2.286126
-0.08492571 -0.3852928 2.181115
0.0830837 -0.4177791 2.301279
-0.06261494 -0.7501927 2.194296
0.01597943 -0.792012 2.419682
-0.05110008 -0.8182402 2.108559
0.03509348 -0.858929 2.37154
9
-0.008441106 -0.03144982 2.301782
-0.08119843 -0.02864471 2.2401
0.06452761 -0.03325228 2.286126
-0.08492571 -0.3852928 2.181115
0.0830837 -0.4177791 2.301279
-0.06261494 -0.7501927 2.194296
0.01597943 -0.792012 2.419682
-0.05110008 -0.8182402 2.108559
0.03509348 -0.858929 2.37154
9
-0.008176672 -0.03108519 2.29173
-0.08132456 -0.02911197 2.230863
0.06521594 -0.03196063 2.275175
-0.08583257 -0.3880413 2.176219
0.08936054 -0.4170907 2.278451
-0.06337303 -0.7493668 2.191974
0.01789353 -0.7900091 2.398349
-0.05123074 -0.8183217 2.108329
0.05176831 -0.8142809 2.279983
9
-0.008176672 -0.03108519 2.29173
-0.08132456 -0.02911197 2.230863
0.06521594 -0.03196063 2.275175
-0.08583257 -0.3880413 2.176219
0.08936054 -0.4170907 2.278451
-0.06337303 -0.7493668 2.191974
0.01789353 -0.7900091 2.398349
-0.05123074 -0.8183217 2.108329
0.05176831 -0.8142809 2.279983
9
-0.008176672 -0.03108519 2.29173
-0.08132456 -0.02911197 2.230863
0.06521594 -0.03196063 2.275175
-0.08583257 -0.3880413 2.176219
0.08936054 -0.4170907 2.278451
-0.06337303 -0.7493668 2.191974
0.01789353 -0.7900091 2.398349
-0.05123074 -0.8183217 2.108329
0.05176831 -0.8142809 2.279983
9
-0.008176672 -0.03108519 2.29173
-0.08132456 -0.02911197 2.230863
0.06521594 -0.03196063 2.275175
-0.08583257 -0.3880413 2.176219
0.08936054 -0.4170907 2.278451
-0.06337303 -0.7493668 2.191974
0.01789353 -0.7900091 2.398349
-0.05123074 -0.8183217 2.108329
0.05176831 -0.8142809 2.279983
9
-0.005947189 -0.02875722 2.276482
-0.07993177 -0.02788691 2.21796
0.06830116 -0.02847498 2.257478
-0.08629054 -0.3976767 2.170765
0.1072959 -0.4042164 2.22706
-0.06389375 -0.7492656 2.191498
0.02765618 -0.7692257 2.363232
-0.05112919 -0.818172 2.108849
0.06170118 -0.8311973 2.337476
9
-0.005947189 -0.02875722 2.276482
-0.07993177 -0.02788691 2.21796
0.06830116 -0.02847498 2.257478
-0.08629054 -0.3976767 2.170765
0.1072959 -0.4042164 2.22706
-0.06389375 -0.7492656 2.191498
0.02765618 -0.7692257 2.363232
-0.05112919 -0.818172 2.108849
0.06170118 -0.8311973 2.337476
9
-0.005310911 -0.02764031 2.269706
-0.07972462 -0.02715625 2.211703
0.06932569 -0.02705922 2.250311
-0.08484834 -0.4072241 2.168863
0.1089552 -0.4042415 2.220678
-0.06342863 -0.7486317 2.190674
0.03413847 -0.7702191 2.351412
-0.05098474 -0.8181521 2.109013
0.07123372 -0.8309557 2.30893
9
-0.005310911 -0.02764031 2.269706
-0.07972462 -0.02715625 2.211703
0.06932569 -0.02705922 2.250311
-0.08484834 -0.4072241 2.168863
0.1089552 -0.4042415 2.220678
-0.06342863 -0.7486317 2.190674
0.03413847 -0.7702191 2.351412
-0.05098474 -0.8181521 2.109013
0.07123372 -0.8309557 2.30893
9
-0.004183462 -0.02580719 2.261331
-0.07952981 -0.02628204 2.204041
0.07142226 -0.02425965 2.241142
-0.08557943 -0.4091538 2.166231
0.1126027 -0.4057815 2.203672
-0.06274892 -0.7512173 2.192448
0.04749143 -0.7717754 2.322356
-0.05062915 -0.817896 2.109502
0.08977552 -0.8281456 2.272398
9
-0.004183462 -0.02580719 2.261331
-0.07952981 -0.02628204 2.204041
0.07142226 -0.02425965 2.241142
-0.08557943 -0.4091538 2.166231
0.1126027 -0.4057815 2.203672
-0.06274892 -0.7512173 2.192448
0.04749143 -0.7717754 2.322356
-0.05062915 -0.817896 2.109502
0.08977552 -0.8281456 2.272398
9
-0.004183462 -0.02580719 2.261331
-0.07952981 -0.02628204 2.204041
0.07142226 -0.02425965 2.241142
-0.08557943 -0.4091538 2.166231
0.1126027 -0.4057815 2.203672
-0.06274892 -0.7512173 2.192448
0.04749143 -0.7717754 2.322356
-0.05062915 -0.817896 2.109502
0.08977552 -0.8281456 2.272398
9
-0.004183462 -0.02580719 2.261331
-0.07952981 -0.02628204 2.204041
0.07142226 -0.02425965 2.241142
-0.08557943 -0.4091538 2.166231
0.1126027 -0.4057815 2.203672
-0.06274892 -0.7512173 2.192448
0.04749143 -0.7717754 2.322356
-0.05062915 -0.817896 2.109502
0.08977552 -0.8281456 2.272398
9
-0.004104856 -0.02594274 2.250806
-0.07992019 -0.02694616 2.195366
0.07197504 -0.02384625 2.228699
-0.08904312 -0.4165609 2.161213
0.1202621 -0.411031 2.162172
-0.05887292 -0.7544516 2.193496
0.06976331 -0.7838296 2.258223
-0.05020141 -0.8189764 2.114437
0.1181264 -0.8261354 2.186923
9
-0.004104856 -0.02594274 2.250806
-0.07992019 -0.02694616 2.195366
0.07197504 -0.02384625 2.228699
-0.08904312 -0.4165609 2.161213
0.1202621 -0.411031 2.162172
-0.05887292 -0.7544516 2.193496
0.06976331 -0.7838296 2.258223
-0.05020141 -0.8189764 2.114437
0.1181264 -0.8261354 2.186923
9
-0.002892304 -0.02572335 2.242857
-0.07896383 -0.02694174 2.188578
0.07333697 -0.02347581 2.219703
-0.08944882 -0.4159168 2.158068
0.1206748 -0.4121742 2.156109
-0.05812001 -0.7554644 2.19354
0.08748338 -0.7745048 2.22591
-0.04849374 -0.8188355 2.116404
0.1283314 -0.8225933 2.15472
9
-0.002892304 -0.02572335 2.242857
-0.07896383 -0.02694174 2.188578
0.07333697 -0.02347581 2.219703
-0.08944882 -0.4159168 2.158068
0.1206748 -0.4121742 2.156109
-0.05812001 -0.7554644 2.19354
0.08748338 -0.7745048 2.22591
-0.04849374 -0.8188355 2.116404
0.1283314 -0.8225933 2.15472
9
-0.002892304 -0.02572335 2.242857
-0.07896383 -0.02694174 2.188578
0.07333697 -0.02347581 2.219703
-0.08944882 -0.4159168 2.158068
0.1206748 -0.4121742 2.156109
-0.05812001 -0.7554644 2.19354
0.08748338 -0.7745048 2.22591
-0.04849374 -0.8188355 2.116404
0.1283314 -0.8225933 2.15472
9
-0.002892304 -0.02572335 2.242857
-0.07896383 -0.02694174 2.188578
0.07333697 -0.02347581 2.219703
-0.08944882 -0.4159168 2.158068
0.1206748 -0.4121742 2.156109
-0.05812001 -0.7554644 2.19354
0.08748338 -0.7745048 2.22591
-0.04849374 -0.8188355 2.116404
0.1283314 -0.8225933 2.15472
9
-6.290581E-05 -0.02561259 2.229235
-0.07701711 -0.02667347 2.17726
0.07699528 -0.02363588 2.203691
-0.08913761 -0.4158182 2.154605
0.1258961 -0.4141168 2.12591
-0.05726052 -0.7562565 2.19295
0.138028 -0.7546857 2.140924
-0.0486782 -0.8184825 2.115789
0.1602783 -0.8115234 2.068359
