40
9
-0.03374282 -0.2500073 1.954083
-0.1131205 -0.245995 1.937474
0.04682635 -0.2442714 1.894772
-0.09827673 -0.6300461 1.951482
0.1075762 -0.6495067 1.895667
-0.06746334 -0.9680434 1.966869
0.1929953 -0.985407 1.995948
-0.1006737 -0.9978105 1.82994
0.2553373 -1.037074 1.927941
9
-0.03374282 -0.2500073 1.954083
-0.1131205 -0.245995 1.937474
0.04682635 -0.2442714 1.894772
-0.09827673 -0.6300461 1.951482
0.1075762 -0.6495067 1.895667
-0.06746334 -0.9680434 1.966869
0.1929953 -0.985407 1.995948
-0.1006737 -0.9978105 1.82994
0.2553373 -1.037074 1.927941
9
-0.03374282 -0.2500073 1.954083
-0.1131205 -0.245995 1.937474
0.04682635 -0.2442714 1.894772
-0.09827673 -0.6300461 1.951482
0.1075762 -0.6495067 1.895667
-0.06746334 -0.9680434 1.966869
0.1929953 -0.985407 1.995948
-0.1006737 -0.9978105 1.82994
0.2553373 -1.037074 1.927941
9
-0.04394097 -0.2479877 1.947617
-0.1230149 -0.2456724 1.931258
0.0367463 -0.2405325 1.888032
-0.10163 -0.6326202 1.950884
0.09020993 -0.6315173 1.860118
-0.06878638 -0.971131 1.966368
0.1835029 -0.9716955 1.962237
-0.1022437 -1.000895 1.829528
0.2029457 -1.045055 1.889356
9
-0.04394097 -0.2479877 1.947617
-0.1230149 -0.2456724 1.931258
0.0367463 -0.2405325 1.888032
-0.10163 -0.6326202 1.950884
0.09020993 -0.6315173 1.860118
-0.06878638 -0.971131 1.966368
0.1835029 -0.9716955 1.962237
-0.1022437 -1.000895 1.829528
0.2029457 -1.045055 1.889356
9
-0.04394097 -0.2479877 1.947617
-0.1230149 -0.2456724 1.931258
0.0367463 -0.2405325 1.888032
-0.10163 -0.6326202 1.950884
0.09020993 -0.6315173 1.860118
-0.06878638 -0.971131 1.966368
0.1835029 -0.9716955 1.962237
-0.1022437 -1.000895 1.829528
0.2029457 -1.045055 1.889356
9
-0.04394097 -0.2479877 1.947617
-0.1230149 -0.2456724 1.931258
0.0367463 -0.2405325 1.888032
-0.10163 -0.6326202 1.950884
0.09020993 -0.6315173 1.860118
-0.06878638 -0.971131 1.966368
0.1835029 -0.9716955 1.962237
-0.1022437 -1.000895 1.829528
0.2029457 -1.045055 1.889356
9
-0.05179274 -0.2469573 1.942102
-0.1309991 -0.2458736 1.926096
0.02937215 -0.2383084 1.88217
-0.104386 -0.6345979 1.949435
0.08245022 -0.627744 1.851671
-0.06936581 -0.9714757 1.965619
0.1714071 -0.968693 1.934649
-0.1031236 -1.001333 1.828885
0.1335324 -0.9984209 1.798088
9
-0.05179274 -0.2469573 1.942102
-0.1309991 -0.2458736 1.926096
0.02937215 -0.2383084 1.88217
-0.104386 -0.6345979 1.949435
0.08245022 -0.627744 1.851671
-0.06936581 -0.9714757 1.965619
0.1714071 -0.968693 1.934649
-0.1031236 -1.001333 1.828885
0.1335324 -0.9984209 1.798088
9
-0.0557989 -0.2464115 1.938815
-0.1349884 -0.2459819 1.922508
0.02554564 -0.2371629 1.879201
-0.1067208 -0.6342232 1.947811
0.07759111 -0.6268409 1.84651
-0.07068029 -0.9727369 1.965112
0.1598522 -0.9737028 1.917329
-0.1045022 -1.002562 1.828361
0.150369 -1.04033 1.828054
9
-0.0557989 -0.2464115 1.938815
-0.1349884 -0.2459819 1.922508
0.02554564 -0.2371629 1.879201
-0.1067208 -0.6342232 1.947811
0.07759111 -0.6268409 1.84651
-0.07068029 -0.9727369 1.965112
0.1598522 -0.9737028 1.917329
-0.1045022 -1.002562 1.828361
0.150369 -1.04033 1.828054
9
-0.0557989 -0.2464115 1.938815
-0.1349884 -0.2459819 1.922508
0.02554564 -0.2371629 1.879201
-0.1067208 -0.6342232 1.947811
0.07759111 -0.6268409 1.84651
-0.07068029 -0.9727369 1.965112
0.1598522 -0.9737028 1.917329
-0.1045022 -1.002562 1.828361
0.150369 -1.04033 1.828054
9
-0.0557989 -0.2464115 1.938815
-0.1349884 -0.2459819 1.922508
0.02554564 -0.2371629 1.879201
-0.1067208 -0.6342232 1.947811
0.07759111 -0.6268409 1.84651
-0.07068029 -0.9727369 1.965112
0.1598522 -0.9737028 1.917329
-0.1045022 -1.002562 1.828361
0.150369 -1.04033 1.828054
9
-0.05975153 -0.2458876 1.935013
-0.1385864 -0.2458152 1.918552
0.02144685 -0.2362925 1.875603
-0.1078669 -0.6368117 1.946232
0.07068376 -0.6278408 1.837233
-0.07146305 -0.9730282 1.964159
0.1363409 -0.9825229 1.885185
-0.09622009 -1.052062 1.91168
0.124499 -1.050172 1.798513
9
-0.06230961 -0.2457248 1.931847
-0.140924 -0.2461675 1.91529
0.01876494 -0.2356041 1.872518
-0.109261 -0.6405575 1.945165
0.0672015 -0.6298563 1.83058
-0.07198696 -0.9734861 1.963247
0.1341233 -0.983789 1.879366
-0.09570878 -1.05246 1.909054
0.1177379 -1.04973 1.791102
9
-0.06230961 -0.2457248 1.931847
-0.140924 -0.2461675 1.91529
0.01876494 -0.2356041 1.872518
-0.109261 -0.6405575 1.945165
0.0672015 -0.6298563 1.83058
-0.07198696 -0.9734861 1.963247
0.1341233 -0.983789 1.879366
-0.09570878 -1.05246 1.909054
0.1177379 -1.04973 1.791102
9
-0.06230961 -0.2457248 1.931847
-0.140924 -0.2461675 1.91529
0.01876494 -0.2356041 1.872518
-0.109261 -0.6405575 1.945165
0.0672015 -0.6298563 1.83058
-0.07198696 -0.9734861 1.963247
0.1341233 -0.983789 1.879366
-0.09570878 -1.05246 1.909054
0.1177379 -1.04973 1.791102
9
-0.06230961 -0.2457248 1.931847
-0.140924 -0.2461675 1.91529
0.01876494 -0.2356041 1.872518
-0.109261 -0.6405575 1.945165
0.0672015 -0.6298563 1.83058
-0.07198696 -0.9734861 1.963247
0.1341233 -0.983789 1.879366
-0.09570878 -1.05246 1.909054
0.1177379 -1.04973 1.791102
9
-0.06230961 -0.2457248 1.931847
-0.140924 -0.2461675 1.91529
0.01876494 -0.2356041 1.872518
-0.109261 -0.6405575 1.945165
0.0672015 -0.6298563 1.83058
-0.07198696 -0.9734861 1.963247
0.1341233 -0.983789 1.879366
-0.09570878 -1.05246 1.909054
0.1177379 -1.04973 1.791102
9
-0.06230961 -0.2457248 1.931847
-0.140924 -0.2461675 1.91529
0.01876494 -0.2356041 1.872518
-0.109261 -0.6405575 1.945165
0.0672015 -0.6298563 1.83058
-0.07198696 -0.9734861 1.963247
0.1341233 -0.983789 1.879366
-0.09570878 -1.05246 1.909054
0.1177379 -1.04973 1.791102
9
-0.06230961 -0.2457248 1.931847
-0.140924 -0.2461675 1.91529
0.01876494 -0.2356041 1.872518
-0.109261 -0.6405575 1.945165
0.0672015 -0.6298563 1.83058
-0.07198696 -0.9734861 1.963247
0.1341233 -0.983789 1.879366
-0.09570878 -1.05246 1.909054
0.1177379 -1.04973 1.791102
9
-0.06230961 -0.2457248 1.931847
-0.140924 -0.2461675 1.91529
0.01876494 -0.2356041 1.872518
-0.109261 -0.6405575 1.945165
0.0672015 -0.6298563 1.83058
-0.07198696 -0.9734861 1.963247
0.1341233 -0.983789 1.879366
-0.09570878 -1.05246 1.909054
0.1177379 -1.04973 1.791102
9
-0.06230961 -0.2457248 1.931847
-0.140924 -0.2461675 1.91529
0.01876494 -0.2356041 1.872518
-0.109261 -0.6405575 1.945165
0.0672015 -0.6298563 1.83058
-0.07198696 -0.9734861 1.963247
0.1341233 -0.983789 1.879366
-0.09570878 -1.05246 1.909054
0.1177379 -1.04973 1.791102
9
-0.06230961 -0.2457248 1.931847
-0.140924 -0.2461675 1.91529
0.01876494 -0.2356041 1.872518
-0.109261 -0.6405575 1.945165
0.0672015 -0.6298563 1.83058
-0.07198696 -0.9734861 1.963247
0.1341233 -0.983789 1.879366
-0.09570878 -1.05246 1.909054
0.1177379 -1.04973 1.791102
9
-0.06230961 -0.2457248 1.931847
-0.140924 -0.2461675 1.91529
0.01876494 -0.2356041 1.872518
-0.109261 -0.6405575 1.945165
0.0672015 -0.6298563 1.83058
-0.07198696 -0.9734861 1.963247
0.1341233 -0.983789 1.879366
-0.09570878 -1.05246 1.909054
0.1177379 -1.04973 1.791102
9
-0.06230961 -0.2457248 1.931847
-0.140924 -0.2461675 1.91529
0.01876494 -0.2356041 1.872518
-0.109261 -0.6405575 1.945165
0.0672015 -0.6298563 1.83058
-0.07198696 -0.9734861 1.963247
0.1341233 -0.983789 1.879366
-0.09570878 -1.05246 1.909054
0.1177379 -1.04973 1.791102
9
-0.05941441 -0.2455877 1.907526
-0.1383259 -0.2464087 1.892284
0.02194726 -0.2349705 1.846941
-0.1086457 -0.6421857 1.938969
0.06785028 -0.6237719 1.809562
-0.07230077 -0.9734364 1.962448
0.1259764 -0.9705213 1.83166
-0.106324 -1.003277 1.825658
0.08599697 -1.037092 1.757454
9
-0.05941441 -0.2455877 1.907526
-0.1383259 -0.2464087 1.892284
0.02194726 -0.2349705 1.846941
-0.1086457 -0.6421857 1.938969
0.06785028 -0.6237719 1.809562
-0.07230077 -0.9734364 1.962448
0.1259764 -0.9705213 1.83166
-0.106324 -1.003277 1.825658
0.08599697 -1.037092 1.757454
9
-0.05713846 -0.245623 1.901574
-0.1358525 -0.246034 1.885592
0.02396581 -0.2353508 1.841678
-0.1084663 -0.6410339 1.931717
0.06939198 -0.6206427 1.803865
-0.07244055 -0.9733852 1.961084
0.1259044 -0.9703848 1.831661
-0.1067879 -1.003185 1.824354
0.08440102 -1.037558 1.760104
9
-0.05713846 -0.245623 1.901574
-0.1358525 -0.246034 1.885592
0.02396581 -0.2353508 1.841678
-0.1084663 -0.6410339 1.931717
0.06939198 -0.6206427 1.803865
-0.07244055 -0.9733852 1.961084
0.1259044 -0.9703848 1.831661
-0.1067879 -1.003185 1.824354
0.08440102 -1.037558 1.760104
9
-0.05713846 -0.245623 1.901574
-0.1358525 -0.246034 1.885592
0.02396581 -0.2353508 1.841678
-0.1084663 -0.6410339 1.931717
0.06939198 -0.6206427 1.803865
-0.07244055 -0.9733852 1.961084
0.1259044 -0.9703848 1.831661
-0.1067879 -1.003185 1.824354
0.08440102 -1.037558 1.760104
9
-0.05713846 -0.245623 1.901574
-0.1358525 -0.246034 1.885592
0.02396581 -0.2353508 1.841678
-0.1084663 -0.6410339 1.931717
0.06939198 -0.6206427 1.803865
-0.07244055 -0.9733852 1.961084
0.1259044 -0.9703848 1.831661
-0.1067879 -1.003185 1.824354
0.08440102 -1.037558 1.760104
9
-0.04776693 -0.2453712 1.890145
-0.1274776 -0.2450476 1.874411
0.03400928 -0.2358518 1.830015
-0.1052297 -0.6356333 1.917678
0.07442708 -0.6179914 1.797323
-0.07226759 -0.9729765 1.960058
0.1253645 -0.9696633 1.8314
-0.1054357 -1.002671 1.822864
0.08408634 -1.037836 1.761812
9
-0.04776693 -0.2453712 1.890145
-0.1274776 -0.2450476 1.874411
0.03400928 -0.2358518 1.830015
-0.1052297 -0.6356333 1.917678
0.07442708 -0.6179914 1.797323
-0.07226759 -0.9729765 1.960058
0.1253645 -0.9696633 1.8314
-0.1054357 -1.002671 1.822864
0.08408634 -1.037836 1.761812
9
-0.04057318 -0.244899 1.883215
-0.119973 -0.2437492 1.866096
0.04062621 -0.2360868 1.824329
-0.1022493 -0.63428 1.90979
0.07871128 -0.6150234 1.793295
-0.07152348 -0.9730135 1.958032
0.124654 -0.9690965 1.831032
-0.1044738 -1.002569 1.820708
0.08351549 -1.038179 1.763466
9
-0.04057318 -0.244899 1.883215
-0.119973 -0.2437492 1.866096
0.04062621 -0.2360868 1.824329
-0.1022493 -0.63428 1.90979
0.07871128 -0.6150234 1.793295
-0.07152348 -0.9730135 1.958032
0.124654 -0.9690965 1.831032
-0.1044738 -1.002569 1.820708
0.08351549 -1.038179 1.763466
9
-0.03385627 -0.2444411 1.877263
-0.1136645 -0.2427953 1.859646
0.04743755 -0.2361404 1.81894
-0.09917256 -0.6319422 1.901054
0.08525233 -0.6120223 1.788298
-0.07097003 -0.9724187 1.95665
0.1245747 -0.9689956 1.831201
-0.103163 -1.001855 1.81902
0.08338556 -1.03792 1.763282
9
-0.03385627 -0.2444411 1.877263
-0.1136645 -0.2427953 1.859646
0.04743755 -0.2361404 1.81894
-0.09917256 -0.6319422 1.901054
0.08525233 -0.6120223 1.788298
-0.07097003 -0.9724187 1.95665
0.1245747 -0.9689956 1.831201
-0.103163 -1.001855 1.81902
0.08338556 -1.03792 1.763282
9
-0.03385627 -0.2444411 1.877263
-0.1136645 -0.2427953 1.859646
0.04743755 -0.2361404 1.81894
-0.09917256 -0.6319422 1.901054
0.08525233 -0.6120223 1.788298
-0.07097003 -0.9724187 1.95665
0.1245747 -0.9689956 1.831201
-0.103163 -1.001855 1.81902
0.08338556 -1.03792 1.763282
9
-0.03385627 -0.2444411 1.877263
-0.1136645 -0.2427953 1.859646
0.04743755 -0.2361404 1.81894
-0.09917256 -0.6319422 1.901054
0.08525233 -0.6120223 1.788298
-0.07097003 -0.9724187 1.95665
0.1245747 -0.9689956 1.831201
-0.103163 -1.001855 1.81902
0.08338556 -1.03792 1.763282
