40
9
-0.2777629 -0.03252222 2.351592
-0.353893 -0.03826068 2.308335
-0.1925449 -0.02552331 2.318275
-0.3570828 -0.4177067 2.29696
-0.137643 -0.4373344 2.26171
-0.327947 -0.7675773 2.31171
-0.09593752 -0.7592479 2.254337
-0.3415259 -0.8239989 2.226969
-0.0676035 -0.8186228 2.166042
9
-0.2765462 -0.03330624 2.357251
-0.3523735 -0.03947126 2.313918
-0.1916931 -0.0259286 2.323929
-0.356378 -0.4211754 2.302606
-0.1331542 -0.4328992 2.27615
-0.3289844 -0.766026 2.312306
-0.08866547 -0.7600869 2.280146
-0.3421513 -0.8250138 2.225832
-0.06254102 -0.8248805 2.210647
9
-0.2765462 -0.03330624 2.357251
-0.3523735 -0.03947126 2.313918
-0.1916931 -0.0259286 2.323929
-0.356378 -0.4211754 2.302606
-0.1331542 -0.4328992 2.27615
-0.3289844 -0.766026 2.312306
-0.08866547 -0.7600869 2.280146
-0.3421513 -0.8250138 2.225832
-0.06254102 -0.8248805 2.210647
9
-0.2758937 -0.03358186 2.36301
-0.3513463 -0.03996094 2.32028
-0.1914232 -0.02604521 2.329062
-0.3557768 -0.4214926 2.305474
-0.1286871 -0.4330021 2.289344
-0.3289695 -0.7658656 2.312469
-0.08463034 -0.7611015 2.297446
-0.3425174 -0.825163 2.225721
-0.05671862 -0.8257966 2.216287
9
-0.2758937 -0.03358186 2.36301
-0.3513463 -0.03996094 2.32028
-0.1914232 -0.02604521 2.329062
-0.3557768 -0.4214926 2.305474
-0.1286871 -0.4330021 2.289344
-0.3289695 -0.7658656 2.312469
-0.08463034 -0.7611015 2.297446
-0.3425174 -0.825163 2.225721
-0.05671862 -0.8257966 2.216287
9
-0.2743897 -0.0335917 2.368986
-0.3497457 -0.03998302 2.326347
-0.1901051 -0.02606789 2.334877
-0.3554573 -0.4197532 2.307564
-0.1244484 -0.4365385 2.307416
-0.3296781 -0.7648929 2.312827
-0.07979404 -0.7561224 2.323068
-0.3411362 -0.8251684 2.225861
-0.0487501 -0.826948 2.251657
9
-0.2743897 -0.0335917 2.368986
-0.3497457 -0.03998302 2.326347
-0.1901051 -0.02606789 2.334877
-0.3554573 -0.4197532 2.307564
-0.1244484 -0.4365385 2.307416
-0.3296781 -0.7648929 2.312827
-0.07979404 -0.7561224 2.323068
-0.3411362 -0.8251684 2.225861
-0.0487501 -0.826948 2.251657
9
-0.2724096 -0.03366788 2.375729
-0.3479056 -0.04021888 2.332451
-0.1880843 -0.02598574 2.34226
-0.3545528 -0.4180299 2.309673
-0.1211204 -0.430391 2.321381
-0.3303448 -0.7624701 2.31422
-0.07815406 -0.7589163 2.347785
-0.3400936 -0.8233837 2.228605
-0.044897 -0.8284143 2.274465
9
-0.2724096 -0.03366788 2.375729
-0.3479056 -0.04021888 2.332451
-0.1880843 -0.02598574 2.34226
-0.3545528 -0.4180299 2.309673
-0.1211204 -0.430391 2.321381
-0.3303448 -0.7624701 2.31422
-0.07815406 -0.7589163 2.347785
-0.3400936 -0.8233837 2.228605
-0.044897 -0.8284143 2.274465
9
-0.2693211 -0.03364899 2.381614
-0.3447016 -0.04024593 2.338204
-0.1852417 -0.02593904 2.348243
-0.3535989 -0.4183608 2.312114
-0.1166975 -0.4270818 2.334642
-0.3305173 -0.7624217 2.314251
-0.07353868 -0.7638258 2.37145
-0.34133 -0.8245709 2.234942
-0.04041674 -0.8319808 2.298417
9
-0.2693211 -0.03364899 2.381614
-0.3447016 -0.04024593 2.338204
-0.1852417 -0.02593904 2.348243
-0.3535989 -0.4183608 2.312114
-0.1166975 -0.4270818 2.334642
-0.3305173 -0.7624217 2.314251
-0.07353868 -0.7638258 2.37145
-0.34133 -0.8245709 2.234942
-0.04041674 -0.8319808 2.298417
9
-0.2663788 -0.03384604 2.386892
-0.3416668 -0.04041664 2.342942
-0.1825161 -0.02617003 2.354087
-0.3529579 -0.4163786 2.314068
-0.1139389 -0.4224227 2.346499
-0.3306212 -0.7619165 2.314514
-0.073947 -0.7586907 2.392007
-0.3419049 -0.8249164 2.232712
-0.03618078 -0.8309603 2.32408
9
-0.2663788 -0.03384604 2.386892
-0.3416668 -0.04041664 2.342942
-0.1825161 -0.02617003 2.354087
-0.3529579 -0.4163786 2.314068
-0.1139389 -0.4224227 2.346499
-0.3306212 -0.7619165 2.314514
-0.073947 -0.7586907 2.392007
-0.3419049 -0.8249164 2.232712
-0.03618078 -0.8309603 2.32408
9
-0.2663788 -0.03384604 2.386892
-0.3416668 -0.04041664 2.342942
-0.1825161 -0.02617003 2.354087
-0.3529579 -0.4163786 2.314068
-0.1139389 -0.4224227 2.346499
-0.3306212 -0.7619165 2.314514
-0.073947 -0.7586907 2.392007
-0.3419049 -0.8249164 2.232712
-0.03618078 -0.8309603 2.32408
9
-0.2663788 -0.03384604 2.386892
-0.3416668 -0.04041664 2.342942
-0.1825161 -0.02617003 2.354087
-0.3529579 -0.4163786 2.314068
-0.1139389 -0.4224227 2.346499
-0.3306212 -0.7619165 2.314514
-0.073947 -0.7586907 2.392007
-0.3419049 -0.8249164 2.232712
-0.03618078 -0.8309603 2.32408
9
-0.2611501 -0.03412999 2.395268
-0.336508 -0.04022745 2.350896
-0.177412 -0.02694655 2.362854
-0.3512484 -0.4119874 2.31839
-0.1085854 -0.422531 2.36876
-0.3305304 -0.759323 2.316005
-0.07433418 -0.7621731 2.44609
-0.3412554 -0.8249494 2.232446
-0.03512573 -0.8300781 2.375
9
-0.2611501 -0.03412999 2.395268
-0.336508 -0.04022745 2.350896
-0.177412 -0.02694655 2.362854
-0.3512484 -0.4119874 2.31839
-0.1085854 -0.422531 2.36876
-0.3305304 -0.759323 2.316005
-0.07433418 -0.7621731 2.44609
-0.3412554 -0.8249494 2.232446
-0.03512573 -0.8300781 2.375
9
-0.2611501 -0.03412999 2.395268
-0.336508 -0.04022745 2.350896
-0.177412 -0.02694655 2.362854
-0.3512484 -0.4119874 2.31839
-0.1085854 -0.422531 2.36876
-0.3305304 -0.759323 2.316005
-0.07433418 -0.7621731 2.44609
-0.3412554 -0.8249494 2.232446
-0.03512573 -0.8300781 2.375
9
-0.2559413 -0.03452616 2.402724
-0.3307322 -0.04005408 2.359151
-0.1729088 -0.02784009 2.369532
-0.3504337 -0.4109726 2.320598
-0.1076982 -0.4256166 2.382926
-0.3304608 -0.7585207 2.316359
-0.0750445 -0.7660152 2.456005
-0.3414901 -0.8245919 2.233223
-0.04036925 -0.8410743 2.407581
9
-0.2514548 -0.03512676 2.410405
-0.3260012 -0.03996609 2.365952
-0.1688621 -0.02919557 2.37815
-0.3495376 -0.4108675 2.322585
-0.1055935 -0.4263379 2.392746
-0.3304319 -0.757807 2.316936
-0.07779572 -0.7651719 2.471072
-0.3411287 -0.8240381 2.233357
-0.04005363 -0.8399875 2.408327
9
-0.2514548 -0.03512676 2.410405
-0.3260012 -0.03996609 2.365952
-0.1688621 -0.02919557 2.37815
-0.3495376 -0.4108675 2.322585
-0.1055935 -0.4263379 2.392746
-0.3304319 -0.757807 2.316936
-0.07779572 -0.7651719 2.471072
-0.3411287 -0.8240381 2.233357
-0.04005363 -0.8399875 2.408327
9
-0.2514548 -0.03512676 2.410405
-0.3260012 -0.03996609 2.365952
-0.1688621 -0.02919557 2.37815
-0.3495376 -0.4108675 2.322585
-0.1055935 -0.4263379 2.392746
-0.3304319 -0.757807 2.316936
-0.07779572 -0.7651719 2.471072
-0.3411287 -0.8240381 2.233357
-0.04005363 -0.8399875 2.408327
9
-0.246589 -0.03614144 2.416042
-0.3207036 -0.04052148 2.371365
-0.1645972 -0.03062366 2.383937
-0.3475926 -0.413335 2.324635
-0.1042411 -0.4278283 2.402483
-0.3304834 -0.7576412 2.317048
-0.08350696 -0.766087 2.483603
-0.33994 -0.8237327 2.232523
-0.04123362 -0.8387969 2.41231
9
-0.246589 -0.03614144 2.416042
-0.3207036 -0.04052148 2.371365
-0.1645972 -0.03062366 2.383937
-0.3475926 -0.413335 2.324635
-0.1042411 -0.4278283 2.402483
-0.3304834 -0.7576412 2.317048
-0.08350696 -0.766087 2.483603
-0.33994 -0.8237327 2.232523
-0.04123362 -0.8387969 2.41231
9
-0.2407801 -0.03689335 2.423182
-0.3157287 -0.04057525 2.377251
-0.1581246 -0.03216262 2.392388
-0.3456538 -0.4155171 2.32725
-0.1031903 -0.4321715 2.416418
-0.330287 -0.757513 2.317365
-0.08345952 -0.7667962 2.488312
-0.3388788 -0.8223714 2.232504
-0.04123227 -0.8385168 2.417076
9
-0.2336113 -0.03872407 2.43015
-0.3081533 -0.04183004 2.383633
-0.151647 -0.03446639 2.399846
-0.3414921 -0.4189616 2.332025
-0.1024537 -0.434936 2.424584
-0.3302074 -0.7573732 2.317617
-0.08516172 -0.7683517 2.495398
-0.338303 -0.821124 2.232818
-0.04251537 -0.8380282 2.421517
9
-0.2336113 -0.03872407 2.43015
-0.3081533 -0.04183004 2.383633
-0.151647 -0.03446639 2.399846
-0.3414921 -0.4189616 2.332025
-0.1024537 -0.434936 2.424584
-0.3302074 -0.7573732 2.317617
-0.08516172 -0.7683517 2.495398
-0.338303 -0.821124 2.232818
-0.04251537 -0.8380282 2.421517
9
-0.2256181 -0.03985457 2.437769
-0.3000762 -0.04288563 2.390929
-0.1440517 -0.03560201 2.407693
-0.3390818 -0.4205315 2.334111
-0.102074 -0.4331064 2.429626
-0.3292537 -0.7558356 2.319117
-0.08910026 -0.7728795 2.501709
-0.338587 -0.822383 2.238856
-0.04287734 -0.8384069 2.423629
9
-0.2256181 -0.03985457 2.437769
-0.3000762 -0.04288563 2.390929
-0.1440517 -0.03560201 2.407693
-0.3390818 -0.4205315 2.334111
-0.102074 -0.4331064 2.429626
-0.3292537 -0.7558356 2.319117
-0.08910026 -0.7728795 2.501709
-0.338587 -0.822383 2.238856
-0.04287734 -0.8384069 2.423629
9
-0.2256181 -0.03985457 2.437769
-0.3000762 -0.04288563 2.390929
-0.1440517 -0.03560201 2.407693
-0.3390818 -0.4205315 2.334111
-0.102074 -0.4331064 2.429626
-0.3292537 -0.7558356 2.319117
-0.08910026 -0.7728795 2.501709
-0.338587 -0.822383 2.238856
-0.04287734 -0.8384069 2.423629
9
-0.2256181 -0.03985457 2.437769
-0.3000762 -0.04288563 2.390929
-0.1440517 -0.03560201 2.407693
-0.3390818 -0.4205315 2.334111
-0.102074 -0.4331064 2.429626
-0.3292537 -0.7558356 2.319117
-0.08910026 -0.7728795 2.501709
-0.338587 -0.822383 2.238856
-0.04287734 -0.8384069 2.423629
9
-0.2032246 -0.04306009 2.45776
-0.2792662 -0.04509062 2.408941
-0.120785 -0.03975901 2.429679
-0.3290499 -0.4156886 2.337875
-0.09654629 -0.4320546 2.450601
-0.3285871 -0.7544732 2.320649
-0.08808571 -0.7723473 2.503552
-0.3357917 -0.8208225 2.237686
-0.04323932 -0.8385654 2.424967
9
-0.2032246 -0.04306009 2.45776
-0.2792662 -0.04509062 2.408941
-0.120785 -0.03975901 2.429679
-0.3290499 -0.4156886 2.337875
-0.09654629 -0.4320546 2.450601
-0.3285871 -0.7544732 2.320649
-0.08808571 -0.7723473 2.503552
-0.3357917 -0.8208225 2.237686
-0.04323932 -0.8385654 2.424967
9
-0.1960642 -0.04402294 2.463278
-0.2712253 -0.04559267 2.414479
-0.1146925 -0.04108771 2.435107
-0.3194424 -0.4131815 2.341525
-0.09121479 -0.4327185 2.46031
-0.3284267 -0.7544299 2.32065
-0.08725246 -0.7723318 2.506067
-0.335824 -0.8206183 2.237411
-0.04372565 -0.8389887 2.43041
9
-0.1960642 -0.04402294 2.463278
-0.2712253 -0.04559267 2.414479
-0.1146925 -0.04108771 2.435107
-0.3194424 -0.4131815 2.341525
-0.09121479 -0.4327185 2.46031
-0.3284267 -0.7544299 2.32065
-0.08725246 -0.7723318 2.506067
-0.335824 -0.8206183 2.237411
-0.04372565 -0.8389887 2.43041
9
-0.1833943 -0.04545837 2.473104
-0.2580014 -0.04641392 2.423742
-0.1030265 -0.04308609 2.445434
-0.3131123 -0.4156598 2.344693
-0.08518768 -0.4311352 2.470363
-0.3276193 -0.7538741 2.321241
-0.0853553 -0.77053 2.509776
-0.3350692 -0.819273 2.23722
-0.04382917 -0.8387556 2.430987
9
-0.1833943 -0.04545837 2.473104
-0.2580014 -0.04641392 2.423742
-0.1030265 -0.04308609 2.445434
-0.3131123 -0.4156598 2.344693
-0.08518768 -0.4311352 2.470363
-0.3276193 -0.7538741 2.321241
-0.0853553 -0.77053 2.509776
-0.3350692 -0.819273 2.23722
-0.04382917 -0.8387556 2.430987
9
-0.1684104 -0.04655518 2.482144
-0.2436719 -0.04719264 2.430983
-0.08785882 -0.04449891 2.456386
-0.3048189 -0.4193251 2.347746
-0.07738045 -0.4262906 2.477339
-0.3265106 -0.7544106 2.321781
-0.08345652 -0.7697569 2.511855
-0.3352729 -0.8197224 2.236206
-0.04429485 -0.8387164 2.431258
9
-0.1684104 -0.04655518 2.482144
-0.2436719 -0.04719264 2.430983
-0.08785882 -0.04449891 2.456386
-0.3048189 -0.4193251 2.347746
-0.07738045 -0.4262906 2.477339
-0.3265106 -0.7544106 2.321781
-0.08345652 -0.7697569 2.511855
-0.3352729 -0.8197224 2.236206
-0.04429485 -0.8387164 2.431258
9
-0.1565934 -0.04724264 2.490762
-0.2319172 -0.04747673 2.438349
-0.07642566 -0.04557645 2.466189
-0.2963609 -0.4210469 2.351126
-0.07009766 -0.4243985 2.486834
-0.3254887 -0.7544519 2.322191
-0.08270711 -0.7700865 2.512928
-0.3353259 -0.8198085 2.235904
-0.04430455 -0.8387475 2.431371
