40
9
-0.1776398 -0.04059491 2.334218
-0.2482449 -0.05080469 2.319333
-0.1012219 -0.02905858 2.272182
-0.2333071 -0.4289219 2.334683
-0.02216668 -0.4491527 2.19035
-0.1857976 -0.7791372 2.337785
0.0416677 -0.7595625 2.169444
-0.2512335 -0.8446844 2.337924
0.03430009 -0.8166215 2.048582
9
-0.1776398 -0.04059491 2.334218
-0.2482449 -0.05080469 2.319333
-0.1012219 -0.02905858 2.272182
-0.2333071 -0.4289219 2.334683
-0.02216668 -0.4491527 2.19035
-0.1857976 -0.7791372 2.337785
0.0416677 -0.7595625 2.169444
-0.2512335 -0.8446844 2.337924
0.03430009 -0.8166215 2.048582
9
-0.1837383 -0.04079001 2.337539
-0.2537368 -0.05144317 2.323214
-0.1077472 -0.02878967 2.274945
-0.2359062 -0.4349253 2.339122
-0.02877719 -0.4482824 2.187942
-0.1867717 -0.7807107 2.337883
0.03457889 -0.762615 2.158901
-0.2519278 -0.8451553 2.336991
0.03134638 -0.8176633 2.04543
9
-0.1837383 -0.04079001 2.337539
-0.2537368 -0.05144317 2.323214
-0.1077472 -0.02878967 2.274945
-0.2359062 -0.4349253 2.339122
-0.02877719 -0.4482824 2.187942
-0.1867717 -0.7807107 2.337883
0.03457889 -0.762615 2.158901
-0.2519278 -0.8451553 2.336991
0.03134638 -0.8176633 2.04543
9
-0.1893251 -0.04095219 2.339461
-0.258386 -0.05206311 2.325906
-0.1142854 -0.02844451 2.276069
-0.2373912 -0.4376259 2.340921
-0.03975999 -0.4398232 2.182617
-0.1869969 -0.7811485 2.338402
0.0304649 -0.7636411 2.151488
-0.2540761 -0.8420151 2.347249
0.02304987 -0.8168322 2.037748
9
-0.1893251 -0.04095219 2.339461
-0.258386 -0.05206311 2.325906
-0.1142854 -0.02844451 2.276069
-0.2373912 -0.4376259 2.340921
-0.03975999 -0.4398232 2.182617
-0.1869969 -0.7811485 2.338402
0.0304649 -0.7636411 2.151488
-0.2540761 -0.8420151 2.347249
0.02304987 -0.8168322 2.037748
9
-0.1893251 -0.04095219 2.339461
-0.258386 -0.05206311 2.325906
-0.1142854 -0.02844451 2.276069
-0.2373912 -0.4376259 2.340921
-0.03975999 -0.4398232 2.182617
-0.1869969 -0.7811485 2.338402
0.0304649 -0.7636411 2.151488
-0.2540761 -0.8420151 2.347249
0.02304987 -0.8168322 2.037748
9
-0.1893251 -0.04095219 2.339461
-0.258386 -0.05206311 2.325906
-0.1142854 -0.02844451 2.276069
-0.2373912 -0.4376259 2.340921
-0.03975999 -0.4398232 2.182617
-0.1869969 -0.7811485 2.338402
0.0304649 -0.7636411 2.151488
-0.2540761 -0.8420151 2.347249
0.02304987 -0.8168322 2.037748
9
-0.1893251 -0.04095219 2.339461
-0.258386 -0.05206311 2.325906
-0.1142854 -0.02844451 2.276069
-0.2373912 -0.4376259 2.340921
-0.03975999 -0.4398232 2.182617
-0.1869969 -0.7811485 2.338402
0.0304649 -0.7636411 2.151488
-0.2540761 -0.8420151 2.347249
0.02304987 -0.8168322 2.037748
9
-0.2015104 -0.04128837 2.340482
-0.2695106 -0.05355351 2.329174
-0.1274517 -0.02757379 2.274769
-0.2396738 -0.4423727 2.344817
-0.05652645 -0.4281375 2.166837
-0.1863733 -0.7842601 2.339372
0.005812238 -0.7524094 2.105753
-0.2550643 -0.8440952 2.347289
-0.01186248 -0.808669 2.004215
9
-0.2015104 -0.04128837 2.340482
-0.2695106 -0.05355351 2.329174
-0.1274517 -0.02757379 2.274769
-0.2396738 -0.4423727 2.344817
-0.05652645 -0.4281375 2.166837
-0.1863733 -0.7842601 2.339372
0.005812238 -0.7524094 2.105753
-0.2550643 -0.8440952 2.347289
-0.01186248 -0.808669 2.004215
9
-0.2050499 -0.04157594 2.341393
-0.2726152 -0.05446937 2.330921
-0.1313023 -0.02724592 2.274907
-0.2424007 -0.4445523 2.347421
-0.05885607 -0.4273704 2.162308
-0.186828 -0.784893 2.33948
0.005295862 -0.7522757 2.104936
-0.2555968 -0.8439693 2.348481
-0.0140347 -0.809321 2.00117
9
-0.2050499 -0.04157594 2.341393
-0.2726152 -0.05446937 2.330921
-0.1313023 -0.02724592 2.274907
-0.2424007 -0.4445523 2.347421
-0.05885607 -0.4273704 2.162308
-0.186828 -0.784893 2.33948
0.005295862 -0.7522757 2.104936
-0.2555968 -0.8439693 2.348481
-0.0140347 -0.809321 2.00117
9
-0.2050499 -0.04157594 2.341393
-0.2726152 -0.05446937 2.330921
-0.1313023 -0.02724592 2.274907
-0.2424007 -0.4445523 2.347421
-0.05885607 -0.4273704 2.162308
-0.186828 -0.784893 2.33948
0.005295862 -0.7522757 2.104936
-0.2555968 -0.8439693 2.348481
-0.0140347 -0.809321 2.00117
9
-0.2085067 -0.04185091 2.341744
-0.275328 -0.05521668 2.332041
-0.1354586 -0.02698334 2.274395
-0.2440968 -0.4461164 2.348873
-0.06084282 -0.4293238 2.156931
-0.1868098 -0.7855935 2.339571
0.004586948 -0.7521927 2.100487
-0.2575908 -0.8485943 2.336501
-0.01850218 -0.8091924 1.987406
9
-0.2085067 -0.04185091 2.341744
-0.275328 -0.05521668 2.332041
-0.1354586 -0.02698334 2.274395
-0.2440968 -0.4461164 2.348873
-0.06084282 -0.4293238 2.156931
-0.1868098 -0.7855935 2.339571
0.004586948 -0.7521927 2.100487
-0.2575908 -0.8485943 2.336501
-0.01850218 -0.8091924 1.987406
9
-0.2122456 -0.04214742 2.341363
-0.2785011 -0.05620021 2.332337
-0.1395672 -0.02652719 2.273295
-0.2457691 -0.4469142 2.349849
-0.0638021 -0.4292163 2.149967
-0.1856796 -0.7870467 2.340496
-0.0004387153 -0.7512712 2.092625
-0.2303467 -0.8378906 2.273438
-0.02215265 -0.8080933 1.97895
9
-0.2144154 -0.04260548 2.341141
-0.2803694 -0.05701314 2.332523
-0.1418687 -0.02662491 2.27268
-0.2475207 -0.4474171 2.350205
-0.06616022 -0.4265939 2.145685
-0.1858914 -0.7872335 2.340316
-0.004550407 -0.7489557 2.083541
-0.2330286 -0.8404592 2.276459
-0.02591462 -0.8075947 1.974443
9
-0.2144154 -0.04260548 2.341141
-0.2803694 -0.05701314 2.332523
-0.1418687 -0.02662491 2.27268
-0.2475207 -0.4474171 2.350205
-0.06616022 -0.4265939 2.145685
-0.1858914 -0.7872335 2.340316
-0.004550407 -0.7489557 2.083541
-0.2330286 -0.8404592 2.276459
-0.02591462 -0.8075947 1.974443
9
-0.2144154 -0.04260548 2.341141
-0.2803694 -0.05701314 2.332523
-0.1418687 -0.02662491 2.27268
-0.2475207 -0.4474171 2.350205
-0.06616022 -0.4265939 2.145685
-0.1858914 -0.7872335 2.340316
-0.004550407 -0.7489557 2.083541
-0.2330286 -0.8404592 2.276459
-0.02591462 -0.8075947 1.974443
9
-0.2171842 -0.0430451 2.340555
-0.2826824 -0.05768314 2.332361
-0.1448572 -0.02681146 2.271681
-0.2487321 -0.4479201 2.350133
-0.06865112 -0.4241536 2.139507
-0.1858973 -0.7885103 2.340301
-0.006857423 -0.7478576 2.078547
-0.2353734 -0.8402746 2.272623
-0.02924642 -0.806039 1.96929
9
-0.2195795 -0.04322 2.339459
-0.2841911 -0.05836644 2.332347
-0.1485406 -0.02616331 2.268811
-0.2500482 -0.4482268 2.350072
-0.07004361 -0.4235422 2.135251
-0.1857218 -0.7895652 2.340289
-0.009145142 -0.7466685 2.071806
-0.2356364 -0.8403154 2.272538
-0.03302792 -0.8047251 1.962475
9
-0.2195795 -0.04322 2.339459
-0.2841911 -0.05836644 2.332347
-0.1485406 -0.02616331 2.268811
-0.2500482 -0.4482268 2.350072
-0.07004361 -0.4235422 2.135251
-0.1857218 -0.7895652 2.340289
-0.009145142 -0.7466685 2.071806
-0.2356364 -0.8403154 2.272538
-0.03302792 -0.8047251 1.962475
9
-0.2195795 -0.04322 2.339459
-0.2841911 -0.05836644 2.332347
-0.1485406 -0.02616331 2.268811
-0.2500482 -0.4482268 2.350072
-0.07004361 -0.4235422 2.135251
-0.1857218 -0.7895652 2.340289
-0.009145142 -0.7466685 2.071806
-0.2356364 -0.8403154 2.272538
-0.03302792 -0.8047251 1.962475
9
-0.2195795 -0.04322 2.339459
-0.2841911 -0.05836644 2.332347
-0.1485406 -0.02616331 2.268811
-0.2500482 -0.4482268 2.350072
-0.07004361 -0.4235422 2.135251
-0.1857218 -0.7895652 2.340289
-0.009145142 -0.7466685 2.071806
-0.2356364 -0.8403154 2.272538
-0.03302792 -0.8047251 1.962475
9
-0.2195795 -0.04322 2.339459
-0.2841911 -0.05836644 2.332347
-0.1485406 -0.02616331 2.268811
-0.2500482 -0.4482268 2.350072
-0.07004361 -0.4235422 2.135251
-0.1857218 -0.7895652 2.340289
-0.009145142 -0.7466685 2.071806
-0.2356364 -0.8403154 2.272538
-0.03302792 -0.8047251 1.962475
9
-0.2229427 -0.04364203 2.337978
-0.2863844 -0.05915121 2.331949
-0.1528376 -0.02613539 2.2662
-0.2513243 -0.4482433 2.349355
-0.07169148 -0.4205156 2.126894
-0.1859035 -0.7898194 2.340285
-0.01158065 -0.7440622 2.062556
-0.2356723 -0.8400595 2.274077
-0.03574484 -0.8027165 1.956464
9
-0.2229427 -0.04364203 2.337978
-0.2863844 -0.05915121 2.331949
-0.1528376 -0.02613539 2.2662
-0.2513243 -0.4482433 2.349355
-0.07169148 -0.4205156 2.126894
-0.1859035 -0.7898194 2.340285
-0.01158065 -0.7440622 2.062556
-0.2356723 -0.8400595 2.274077
-0.03574484 -0.8027165 1.956464
9
-0.2253584 -0.04449323 2.335961
-0.2883069 -0.06033671 2.330544
-0.1553735 -0.02665585 2.26387
-0.2523483 -0.4482578 2.348461
-0.07266557 -0.4202839 2.123244
-0.1858511 -0.7899982 2.339933
-0.01243793 -0.7443255 2.056433
-0.257571 -0.8440486 2.35169
-0.03802387 -0.8020908 1.94742
9
-0.2253584 -0.04449323 2.335961
-0.2883069 -0.06033671 2.330544
-0.1553735 -0.02665585 2.26387
-0.2523483 -0.4482578 2.348461
-0.07266557 -0.4202839 2.123244
-0.1858511 -0.7899982 2.339933
-0.01243793 -0.7443255 2.056433
-0.257571 -0.8440486 2.35169
-0.03802387 -0.8020908 1.94742
9
-0.2270112 -0.04541615 2.333894
-0.2897998 -0.06156316 2.328342
-0.1569415 -0.02734361 2.262166
-0.2545297 -0.4459677 2.347292
-0.07363513 -0.417601 2.118896
-0.1859037 -0.7898308 2.339829
-0.01285035 -0.743405 2.051711
-0.2348633 -0.8383789 2.277344
-0.03847957 -0.8016201 1.944055
9
-0.2270112 -0.04541615 2.333894
-0.2897998 -0.06156316 2.328342
-0.1569415 -0.02734361 2.262166
-0.2545297 -0.4459677 2.347292
-0.07363513 -0.417601 2.118896
-0.1859037 -0.7898308 2.339829
-0.01285035 -0.743405 2.051711
-0.2348633 -0.8383789 2.277344
-0.03847957 -0.8016201 1.944055
9
-0.2283839 -0.04671775 2.33057
-0.2912972 -0.06322742 2.324906
-0.1580411 -0.02834566 2.259145
-0.2552392 -0.4464712 2.346013
-0.07391337 -0.4179383 2.114351
-0.1845411 -0.7914501 2.339908
-0.01322277 -0.7439154 2.045678
-0.2568634 -0.8484234 2.346223
-0.03972531 -0.802308 1.934954
9
-0.2283839 -0.04671775 2.33057
-0.2912972 -0.06322742 2.324906
-0.1580411 -0.02834566 2.259145
-0.2552392 -0.4464712 2.346013
-0.07391337 -0.4179383 2.114351
-0.1845411 -0.7914501 2.339908
-0.01322277 -0.7439154 2.045678
-0.2568634 -0.8484234 2.346223
-0.03972531 -0.802308 1.934954
9
-0.2296974 -0.04706683 2.328107
-0.2921424 -0.06367021 2.323266
-0.1597857 -0.02859682 2.255818
-0.2568208 -0.4449503 2.344103
-0.07423184 -0.4168296 2.111071
-0.1844644 -0.790202 2.339321
-0.01361152 -0.7439092 2.042145
-0.2515195 -0.8475326 2.322201
-0.03989032 -0.8021744 1.932017
9
-0.2303882 -0.04854868 2.32493
-0.2927487 -0.06559752 2.318764
-0.1604215 -0.0296993 2.253823
-0.2575242 -0.4458176 2.34108
-0.07473395 -0.4172053 2.107597
-0.1854564 -0.7894146 2.338835
-0.01345568 -0.7436572 2.038928
-0.2582704 -0.850345 2.336713
-0.04031312 -0.8023435 1.92748
9
-0.2303882 -0.04854868 2.32493
-0.2927487 -0.06559752 2.318764
-0.1604215 -0.0296993 2.253823
-0.2575242 -0.4458176 2.34108
-0.07473395 -0.4172053 2.107597
-0.1854564 -0.7894146 2.338835
-0.01345568 -0.7436572 2.038928
-0.2582704 -0.850345 2.336713
-0.04031312 -0.8023435 1.92748
9
-0.2312935 -0.04909022 2.321982
-0.2933009 -0.06603619 2.316448
-0.1616398 -0.03036048 2.250398
-0.2586424 -0.4466888 2.338418
-0.07501434 -0.4170426 2.104904
-0.1853748 -0.7894734 2.338008
-0.01329131 -0.7429553 2.036654
-0.25276 -0.8339986 2.365957
-0.04044631 -0.8017935 1.925929
9
-0.2312935 -0.04909022 2.321982
-0.2933009 -0.06603619 2.316448
-0.1616398 -0.03036048 2.250398
-0.2586424 -0.4466888 2.338418
-0.07501434 -0.4170426 2.104904
-0.1853748 -0.7894734 2.338008
-0.01329131 -0.7429553 2.036654
-0.25276 -0.8339986 2.365957
-0.04044631 -0.8017935 1.925929
9
-0.2319391 -0.04943839 2.318708
-0.2936179 -0.06633373 2.313529
-0.1625754 -0.03077831 2.246894
-0.2595892 -0.4472961 2.336127
-0.07488661 -0.4188862 2.101256
-0.1855045 -0.7904242 2.33777
-0.0134828 -0.7431527 2.034597
-0.2531738 -0.8500977 2.34375
-0.04031023 -0.8017844 1.922627
