40
9
-0.2557409 -0.04510171 2.506414
-0.3310982 -0.04970946 2.476041
-0.172577 -0.03910175 2.459902
-0.3181755 -0.4332972 2.482235
-0.1097289 -0.467915 2.401331
-0.2767002 -0.7783184 2.508781
-0.05933493 -0.7727423 2.421962
-0.3118533 -0.852879 2.4431
-0.04093412 -0.83275 2.321207
9
-0.2604817 -0.04581621 2.50312
-0.3362134 -0.05059952 2.472126
-0.1767719 -0.03963473 2.457214
-0.3191594 -0.4392344 2.481672
-0.115313 -0.4713422 2.395344
-0.2766881 -0.7812065 2.506575
-0.06650288 -0.7633814 2.405744
-0.3136792 -0.8534075 2.44395
-0.05216829 -0.8326144 2.30804
9
-0.2604817 -0.04581621 2.50312
-0.3362134 -0.05059952 2.472126
-0.1767719 -0.03963473 2.457214
-0.3191594 -0.4392344 2.481672
-0.115313 -0.4713422 2.395344
-0.2766881 -0.7812065 2.506575
-0.06650288 -0.7633814 2.405744
-0.3136792 -0.8534075 2.44395
-0.05216829 -0.8326144 2.30804
9
-0.2640325 -0.04531009 2.500199
-0.3392387 -0.05069685 2.469435
-0.1807858 -0.03845249 2.454059
-0.3199355 -0.4446583 2.481955
-0.1233428 -0.4707244 2.390988
-0.2767335 -0.7830892 2.505296
-0.07508627 -0.7650201 2.389857
-0.317636 -0.8539918 2.444336
-0.06447206 -0.831221 2.288483
9
-0.2640325 -0.04531009 2.500199
-0.3392387 -0.05069685 2.469435
-0.1807858 -0.03845249 2.454059
-0.3199355 -0.4446583 2.481955
-0.1233428 -0.4707244 2.390988
-0.2767335 -0.7830892 2.505296
-0.07508627 -0.7650201 2.389857
-0.317636 -0.8539918 2.444336
-0.06447206 -0.831221 2.288483
9
-0.2673102 -0.04563992 2.498574
-0.3422779 -0.05109846 2.467884
-0.1841422 -0.03871319 2.452407
-0.32084 -0.445129 2.481104
-0.131425 -0.4681571 2.38578
-0.2771929 -0.783623 2.505197
-0.08774177 -0.7620066 2.378817
-0.3173727 -0.8541947 2.444417
-0.07325501 -0.8271177 2.277031
9
-0.2673102 -0.04563992 2.498574
-0.3422779 -0.05109846 2.467884
-0.1841422 -0.03871319 2.452407
-0.32084 -0.445129 2.481104
-0.131425 -0.4681571 2.38578
-0.2771929 -0.783623 2.505197
-0.08774177 -0.7620066 2.378817
-0.3173727 -0.8541947 2.444417
-0.07325501 -0.8271177 2.277031
9
-0.2710237 -0.04592867 2.495987
-0.3458678 -0.05157752 2.465693
-0.1878435 -0.03880794 2.449426
-0.3222826 -0.4466822 2.479671
-0.1373418 -0.4660937 2.380854
-0.2776231 -0.7838467 2.50423
-0.1012046 -0.7610245 2.370554
-0.332332 -0.8579283 2.454435
-0.08651831 -0.8213176 2.251528
9
-0.2710237 -0.04592867 2.495987
-0.3458678 -0.05157752 2.465693
-0.1878435 -0.03880794 2.449426
-0.3222826 -0.4466822 2.479671
-0.1373418 -0.4660937 2.380854
-0.2776231 -0.7838467 2.50423
-0.1012046 -0.7610245 2.370554
-0.332332 -0.8579283 2.454435
-0.08651831 -0.8213176 2.251528
9
-0.2738757 -0.04598041 2.493896
-0.3485965 -0.051988 2.463829
-0.1907323 -0.03849208 2.447109
-0.3234567 -0.4493086 2.47844
-0.1430686 -0.4649131 2.37453
-0.2782705 -0.7873489 2.502039
-0.1119508 -0.7608176 2.34544
-0.3353756 -0.8581734 2.455598
-0.09032585 -0.8249776 2.237847
9
-0.2738757 -0.04598041 2.493896
-0.3485965 -0.051988 2.463829
-0.1907323 -0.03849208 2.447109
-0.3234567 -0.4493086 2.47844
-0.1430686 -0.4649131 2.37453
-0.2782705 -0.7873489 2.502039
-0.1119508 -0.7608176 2.34544
-0.3353756 -0.8581734 2.455598
-0.09032585 -0.8249776 2.237847
9
-0.2772181 -0.04538674 2.489338
-0.3523948 -0.05172919 2.459004
-0.1935156 -0.03762713 2.442843
-0.3246428 -0.4498511 2.477412
-0.1500511 -0.4590544 2.366244
-0.2788623 -0.7882107 2.501145
-0.115593 -0.7626798 2.33088
-0.3249218 -0.8553005 2.444404
-0.09638959 -0.8234899 2.224156
9
-0.2772181 -0.04538674 2.489338
-0.3523948 -0.05172919 2.459004
-0.1935156 -0.03762713 2.442843
-0.3246428 -0.4498511 2.477412
-0.1500511 -0.4590544 2.366244
-0.2788623 -0.7882107 2.501145
-0.115593 -0.7626798 2.33088
-0.3249218 -0.8553005 2.444404
-0.09638959 -0.8234899 2.224156
9
-0.2797269 -0.04484539 2.486213
-0.3550262 -0.05173288 2.455854
-0.1958272 -0.03655714 2.439727
-0.3242898 -0.4582711 2.476289
-0.1518148 -0.4572255 2.359166
-0.2797463 -0.7894887 2.500296
-0.1185158 -0.7575871 2.320164
-0.3402969 -0.8676004 2.474587
-0.1017514 -0.8220493 2.215506
9
-0.2797269 -0.04484539 2.486213
-0.3550262 -0.05173288 2.455854
-0.1958272 -0.03655714 2.439727
-0.3242898 -0.4582711 2.476289
-0.1518148 -0.4572255 2.359166
-0.2797463 -0.7894887 2.500296
-0.1185158 -0.7575871 2.320164
-0.3402969 -0.8676004 2.474587
-0.1017514 -0.8220493 2.215506
9
-0.2817778 -0.04458746 2.483254
-0.3571333 -0.05165013 2.452955
-0.197718 -0.03613523 2.436751
-0.3243533 -0.4613697 2.474855
-0.1547791 -0.4556244 2.349843
-0.2786004 -0.7932824 2.503468
-0.119754 -0.7661033 2.295098
-0.2988281 -0.8466797 2.398438
-0.1108704 -0.8262016 2.176214
9
-0.2817778 -0.04458746 2.483254
-0.3571333 -0.05165013 2.452955
-0.197718 -0.03613523 2.436751
-0.3243533 -0.4613697 2.474855
-0.1547791 -0.4556244 2.349843
-0.2786004 -0.7932824 2.503468
-0.119754 -0.7661033 2.295098
-0.2988281 -0.8466797 2.398438
-0.1108704 -0.8262016 2.176214
9
-0.2839191 -0.04436227 2.48026
-0.3593213 -0.05158463 2.450013
-0.1997187 -0.03575822 2.433728
-0.3262286 -0.4585971 2.471103
-0.1554746 -0.4571733 2.338801
-0.2785006 -0.7935333 2.502496
-0.118459 -0.7636108 2.285753
-0.3084939 -0.8532386 2.420531
-0.1124706 -0.8220953 2.164754
9
-0.2839191 -0.04436227 2.48026
-0.3593213 -0.05158463 2.450013
-0.1997187 -0.03575822 2.433728
-0.3262286 -0.4585971 2.471103
-0.1554746 -0.4571733 2.338801
-0.2785006 -0.7935333 2.502496
-0.118459 -0.7636108 2.285753
-0.3084939 -0.8532386 2.420531
-0.1124706 -0.8220953 2.164754
9
-0.2852176 -0.04402817 2.476765
-0.3601649 -0.05141434 2.447392
-0.2014894 -0.03523355 2.429254
-0.3282354 -0.4559013 2.467279
-0.1564854 -0.4563426 2.33338
-0.2784055 -0.7936966 2.501256
-0.1226422 -0.7641507 2.267986
-0.3326345 -0.8718928 2.455773
-0.1124195 -0.8215506 2.146512
9
-0.2852176 -0.04402817 2.476765
-0.3601649 -0.05141434 2.447392
-0.2014894 -0.03523355 2.429254
-0.3282354 -0.4559013 2.467279
-0.1564854 -0.4563426 2.33338
-0.2784055 -0.7936966 2.501256
-0.1226422 -0.7641507 2.267986
-0.3326345 -0.8718928 2.455773
-0.1124195 -0.8215506 2.146512
9
-0.2869478 -0.04376259 2.472768
-0.3622398 -0.05094107 2.442935
-0.2028001 -0.0351698 2.425768
-0.3288298 -0.4557326 2.465131
-0.1562768 -0.4550447 2.323135
-0.2789949 -0.793494 2.499687
-0.1225252 -0.7633039 2.253056
-0.350062 -0.8625663 2.4766
-0.112652 -0.8147945 2.127153
9
-0.2869478 -0.04376259 2.472768
-0.3622398 -0.05094107 2.442935
-0.2028001 -0.0351698 2.425768
-0.3288298 -0.4557326 2.465131
-0.1562768 -0.4550447 2.323135
-0.2789949 -0.793494 2.499687
-0.1225252 -0.7633039 2.253056
-0.350062 -0.8625663 2.4766
-0.112652 -0.8147945 2.127153
9
-0.2879865 -0.0437447 2.469073
-0.3633175 -0.05104742 2.439554
-0.2037137 -0.03503185 2.421799
-0.3290952 -0.45662 2.462971
-0.1559109 -0.4543768 2.31783
-0.2786464 -0.7942374 2.49927
-0.1217803 -0.7656651 2.241188
-0.3125 -0.8554688 2.431641
-0.1133577 -0.8182442 2.11604
9
-0.2879865 -0.0437447 2.469073
-0.3633175 -0.05104742 2.439554
-0.2037137 -0.03503185 2.421799
-0.3290952 -0.45662 2.462971
-0.1559109 -0.4543768 2.31783
-0.2786464 -0.7942374 2.49927
-0.1217803 -0.7656651 2.241188
-0.3125 -0.8554688 2.431641
-0.1133577 -0.8182442 2.11604
9
-0.2875739 -0.04364938 2.461255
-0.3627219 -0.05105203 2.431054
-0.2034362 -0.03486176 2.414674
-0.328886 -0.4566897 2.459221
-0.1561636 -0.4541752 2.312202
-0.2771355 -0.7953342 2.496602
-0.1191894 -0.7636099 2.230995
-0.3171953 -0.8563383 2.435814
-0.1131419 -0.8154416 2.105194
9
-0.28727 -0.0435763 2.456716
-0.3623453 -0.05100575 2.425902
-0.2031873 -0.03477136 2.410734
-0.3272294 -0.4613991 2.455775
-0.156561 -0.4529796 2.30948
-0.2772964 -0.7954912 2.496244
-0.1185157 -0.7616681 2.226777
-0.3133727 -0.8548265 2.422071
-0.1123085 -0.8107057 2.099058
9
-0.28727 -0.0435763 2.456716
-0.3623453 -0.05100575 2.425902
-0.2031873 -0.03477136 2.410734
-0.3272294 -0.4613991 2.455775
-0.156561 -0.4529796 2.30948
-0.2772964 -0.7954912 2.496244
-0.1185157 -0.7616681 2.226777
-0.3133727 -0.8548265 2.422071
-0.1123085 -0.8107057 2.099058
9
-0.28727 -0.0435763 2.456716
-0.3623453 -0.05100575 2.425902
-0.2031873 -0.03477136 2.410734
-0.3272294 -0.4613991 2.455775
-0.156561 -0.4529796 2.30948
-0.2772964 -0.7954912 2.496244
-0.1185157 -0.7616681 2.226777
-0.3133727 -0.8548265 2.422071
-0.1123085 -0.8107057 2.099058
9
-0.28727 -0.0435763 2.456716
-0.3623453 -0.05100575 2.425902
-0.2031873 -0.03477136 2.410734
-0.3272294 -0.4613991 2.455775
-0.156561 -0.4529796 2.30948
-0.2772964 -0.7954912 2.496244
-0.1185157 -0.7616681 2.226777
-0.3133727 -0.8548265 2.422071
-0.1123085 -0.8107057 2.099058
9
-0.28727 -0.0435763 2.456716
-0.3623453 -0.05100575 2.425902
-0.2031873 -0.03477136 2.410734
-0.3272294 -0.4613991 2.455775
-0.156561 -0.4529796 2.30948
-0.2772964 -0.7954912 2.496244
-0.1185157 -0.7616681 2.226777
-0.3133727 -0.8548265 2.422071
-0.1123085 -0.8107057 2.099058
9
-0.2842468 -0.04366714 2.444079
-0.3593574 -0.05073135 2.414587
-0.2001873 -0.03526041 2.39674
-0.3272836 -0.4584624 2.448616
-0.1541207 -0.4507288 2.302237
-0.2770003 -0.7958191 2.49506
-0.1140245 -0.7620057 2.21339
-0.3454927 -0.8605505 2.494223
-0.1104463 -0.814172 2.087813
9
-0.2842468 -0.04366714 2.444079
-0.3593574 -0.05073135 2.414587
-0.2001873 -0.03526041 2.39674
-0.3272836 -0.4584624 2.448616
-0.1541207 -0.4507288 2.302237
-0.2770003 -0.7958191 2.49506
-0.1140245 -0.7620057 2.21339
-0.3454927 -0.8605505 2.494223
-0.1104463 -0.814172 2.087813
9
-0.2821199 -0.04390535 2.436537
-0.3571863 -0.05135451 2.407117
-0.1981375 -0.03508703 2.389168
-0.3268425 -0.4569145 2.441325
-0.1515743 -0.4499887 2.294796
-0.2762631 -0.7970473 2.494651
-0.1136482 -0.7625583 2.210519
-0.3049316 -0.8540039 2.410156
-0.108416 -0.8148479 2.085101
9
-0.2821199 -0.04390535 2.436537
-0.3571863 -0.05135451 2.407117
-0.1981375 -0.03508703 2.389168
-0.3268425 -0.4569145 2.441325
-0.1515743 -0.4499887 2.294796
-0.2762631 -0.7970473 2.494651
-0.1136482 -0.7625583 2.210519
-0.3049316 -0.8540039 2.410156
-0.108416 -0.8148479 2.085101
9
-0.2789713 -0.04523634 2.427121
-0.3539592 -0.05205522 2.397681
-0.195118 -0.03699647 2.379765
-0.3267211 -0.4565866 2.437644
-0.1472659 -0.4479838 2.286437
-0.2756407 -0.7970501 2.493803
-0.1100185 -0.7593206 2.208929
-0.3295898 -0.8608398 2.453125
-0.1045058 -0.8136134 2.084954
9
-0.2789713 -0.04523634 2.427121
-0.3539592 -0.05205522 2.397681
-0.195118 -0.03699647 2.379765
-0.3267211 -0.4565866 2.437644
-0.1472659 -0.4479838 2.286437
-0.2756407 -0.7970501 2.493803
-0.1100185 -0.7593206 2.208929
-0.3295898 -0.8608398 2.453125
-0.1045058 -0.8136134 2.084954
9
-0.2759155 -0.04551343 2.418396
-0.3508911 -0.05196323 2.388914
-0.1921376 -0.03762048 2.371094
-0.3255752 -0.4515947 2.428794
-0.1430923 -0.4478641 2.279926
-0.2749592 -0.7976627 2.493027
-0.1092995 -0.7588681 2.208992
-0.3292704 -0.8608398 2.452732
-0.1014585 -0.815073 2.086612
9
-0.2759155 -0.04551343 2.418396
-0.3508911 -0.05196323 2.388914
-0.1921376 -0.03762048 2.371094
-0.3255752 -0.4515947 2.428794
-0.1430923 -0.4478641 2.279926
-0.2749592 -0.7976627 2.493027
-0.1092995 -0.7588681 2.208992
-0.3292704 -0.8608398 2.452732
-0.1014585 -0.815073 2.086612
9
-0.2709961 -0.0462411 2.408444
-0.3455059 -0.05269659 2.377079
-0.1877854 -0.03830474 2.362859
-0.3238366 -0.4499711 2.422859
-0.139205 -0.4471852 2.274963
-0.2744857 -0.7978187 2.49162
-0.1075218 -0.7577398 2.208681
-0.3032227 -0.8540039 2.394531
-0.09850782 -0.8168924 2.088785
