40
9
-0.05847307 -0.02637913 2.215102
-0.1371802 -0.02569086 2.176622
0.02236286 -0.02624438 2.176601
-0.1454973 -0.4055708 2.17384
0.07027152 -0.4310485 2.191791
-0.10187 -0.761745 2.194561
0.09516025 -0.7696556 2.286602
-0.1239257 -0.8324558 2.095802
0.1169437 -0.8348929 2.237672
9
-0.05847307 -0.02637913 2.215102
-0.1371802 -0.02569086 2.176622
0.02236286 -0.02624438 2.176601
-0.1454973 -0.4055708 2.17384
0.07027152 -0.4310485 2.191791
-0.10187 -0.761745 2.194561
0.09516025 -0.7696556 2.286602
-0.1239257 -0.8324558 2.095802
0.1169437 -0.8348929 2.237672
9
-0.0511663 -0.02660052 2.221755
-0.1295299 -0.02542783 2.183227
0.02898743 -0.02688427 2.18313
-0.1431767 -0.4046956 2.175327
0.0749179 -0.4307518 2.20355
-0.1015989 -0.7607811 2.194448
0.09522512 -0.7681529 2.292318
-0.1166078 -0.8147711 2.112419
0.1168196 -0.8321615 2.237141
9
-0.0511663 -0.02660052 2.221755
-0.1295299 -0.02542783 2.183227
0.02898743 -0.02688427 2.18313
-0.1431767 -0.4046956 2.175327
0.0749179 -0.4307518 2.20355
-0.1015989 -0.7607811 2.194448
0.09522512 -0.7681529 2.292318
-0.1166078 -0.8147711 2.112419
0.1168196 -0.8321615 2.237141
9
-0.04299074 -0.02658003 2.228354
-0.1210668 -0.0250462 2.18979
0.03658446 -0.02720201 2.189708
-0.1402867 -0.4017706 2.176723
0.07870576 -0.4319766 2.213421
-0.1009718 -0.7594258 2.194667
0.09562084 -0.7674968 2.294812
-0.1160706 -0.8141429 2.114097
0.1195168 -0.8293429 2.234732
9
-0.04299074 -0.02658003 2.228354
-0.1210668 -0.0250462 2.18979
0.03658446 -0.02720201 2.189708
-0.1402867 -0.4017706 2.176723
0.07870576 -0.4319766 2.213421
-0.1009718 -0.7594258 2.194667
0.09562084 -0.7674968 2.294812
-0.1160706 -0.8141429 2.114097
0.1195168 -0.8293429 2.234732
9
-0.04299074 -0.02658003 2.228354
-0.1210668 -0.0250462 2.18979
0.03658446 -0.02720201 2.189708
-0.1402867 -0.4017706 2.176723
0.07870576 -0.4319766 2.213421
-0.1009718 -0.7594258 2.194667
0.09562084 -0.7674968 2.294812
-0.1160706 -0.8141429 2.114097
0.1195168 -0.8293429 2.234732
9
-0.03504311 -0.02593561 2.235333
-0.1132676 -0.024903 2.197265
0.04441358 -0.02608931 2.196196
-0.1368118 -0.3983076 2.178434
0.08042233 -0.4287046 2.220283
-0.1003163 -0.7564524 2.195422
0.09593622 -0.7658463 2.297385
-0.1157096 -0.8132724 2.114888
0.1188597 -0.8275372 2.235778
9
-0.03504311 -0.02593561 2.235333
-0.1132676 -0.024903 2.197265
0.04441358 -0.02608931 2.196196
-0.1368118 -0.3983076 2.178434
0.08042233 -0.4287046 2.220283
-0.1003163 -0.7564524 2.195422
0.09593622 -0.7658463 2.297385
-0.1157096 -0.8132724 2.114888
0.1188597 -0.8275372 2.235778
9
-0.0256846 -0.02626848 2.241918
-0.1047802 -0.02550193 2.20377
0.05433424 -0.02612327 2.202826
-0.1316248 -0.3975941 2.18028
0.08504826 -0.4293379 2.229512
-0.09997491 -0.7556506 2.196034
0.09575261 -0.7647383 2.299539
-0.1152939 -0.8141742 2.115375
0.1188217 -0.8272952 2.235902
9
-0.01813576 -0.02601482 2.248639
-0.09753602 -0.0253518 2.210676
0.06190348 -0.02578064 2.209345
-0.1269386 -0.3968194 2.182083
0.08815434 -0.4287698 2.235907
-0.09884933 -0.7533563 2.196414
0.09654666 -0.7647392 2.302308
-0.1149576 -0.8163552 2.119523
0.1191335 -0.8274459 2.235938
9
-0.01813576 -0.02601482 2.248639
-0.09753602 -0.0253518 2.210676
0.06190348 -0.02578064 2.209345
-0.1269386 -0.3968194 2.182083
0.08815434 -0.4287698 2.235907
-0.09884933 -0.7533563 2.196414
0.09654666 -0.7647392 2.302308
-0.1149576 -0.8163552 2.119523
0.1191335 -0.8274459 2.235938
9
-0.01813576 -0.02601482 2.248639
-0.09753602 -0.0253518 2.210676
0.06190348 -0.02578064 2.209345
-0.1269386 -0.3968194 2.182083
0.08815434 -0.4287698 2.235907
-0.09884933 -0.7533563 2.196414
0.09654666 -0.7647392 2.302308
-0.1149576 -0.8163552 2.119523
0.1191335 -0.8274459 2.235938
9
-0.01813576 -0.02601482 2.248639
-0.09753602 -0.0253518 2.210676
0.06190348 -0.02578064 2.209345
-0.1269386 -0.3968194 2.182083
0.08815434 -0.4287698 2.235907
-0.09884933 -0.7533563 2.196414
0.09654666 -0.7647392 2.302308
-0.1149576 -0.8163552 2.119523
0.1191335 -0.8274459 2.235938
9
-0.01813576 -0.02601482 2.248639
-0.09753602 -0.0253518 2.210676
0.06190348 -0.02578064 2.209345
-0.1269386 -0.3968194 2.182083
0.08815434 -0.4287698 2.235907
-0.09884933 -0.7533563 2.196414
0.09654666 -0.7647392 2.302308
-0.1149576 -0.8163552 2.119523
0.1191335 -0.8274459 2.235938
9
-0.0003506811 -0.0258831 2.262348
-0.08138034 -0.02460025 2.223262
0.08075603 -0.0263341 2.224227
-0.1114395 -0.3984084 2.187651
0.09834248 -0.4260961 2.250358
-0.09881763 -0.7531601 2.196674
0.09773213 -0.7672713 2.311117
-0.1173438 -0.8173046 2.130444
0.1176935 -0.827367 2.239152
9
-0.0003506811 -0.0258831 2.262348
-0.08138034 -0.02460025 2.223262
0.08075603 -0.0263341 2.224227
-0.1114395 -0.3984084 2.187651
0.09834248 -0.4260961 2.250358
-0.09881763 -0.7531601 2.196674
0.09773213 -0.7672713 2.311117
-0.1173438 -0.8173046 2.130444
0.1176935 -0.827367 2.239152
9
0.006843242 -0.02572955 2.268963
-0.07305072 -0.0241022 2.231813
0.08663695 -0.0264464 2.229122
-0.1068954 -0.3987024 2.189571
0.1025587 -0.4249094 2.256385
-0.09854057 -0.7528305 2.196977
0.09811868 -0.7671788 2.311113
-0.1159756 -0.8157353 2.128103
0.1190296 -0.8278502 2.237265
9
0.006843242 -0.02572955 2.268963
-0.07305072 -0.0241022 2.231813
0.08663695 -0.0264464 2.229122
-0.1068954 -0.3987024 2.189571
0.1025587 -0.4249094 2.256385
-0.09854057 -0.7528305 2.196977
0.09811868 -0.7671788 2.311113
-0.1159756 -0.8157353 2.128103
0.1190296 -0.8278502 2.237265
9
0.01414387 -0.02532385 2.275649
-0.06609294 -0.02360178 2.238708
0.09389254 -0.02617023 2.23541
-0.1009728 -0.4006864 2.192576
0.1059038 -0.4257478 2.261995
-0.09859429 -0.7530202 2.197174
0.09915259 -0.7674328 2.312102
-0.1146076 -0.8151205 2.126097
0.1187744 -0.8276355 2.238858
9
0.01414387 -0.02532385 2.275649
-0.06609294 -0.02360178 2.238708
0.09389254 -0.02617023 2.23541
-0.1009728 -0.4006864 2.192576
0.1059038 -0.4257478 2.261995
-0.09859429 -0.7530202 2.197174
0.09915259 -0.7674328 2.312102
-0.1146076 -0.8151205 2.126097
0.1187744 -0.8276355 2.238858
9
0.02080017 -0.02555407 2.282217
-0.05964893 -0.0234563 2.245395
0.1005391 -0.02677725 2.241826
-0.09593517 -0.4035465 2.195066
0.1117195 -0.4231461 2.269963
-0.0985533 -0.7532058 2.197079
0.0995497 -0.7670116 2.313153
-0.1144285 -0.8151642 2.125113
0.1186568 -0.8274341 2.238818
9
0.02080017 -0.02555407 2.282217
-0.05964893 -0.0234563 2.245395
0.1005391 -0.02677725 2.241826
-0.09593517 -0.4035465 2.195066
0.1117195 -0.4231461 2.269963
-0.0985533 -0.7532058 2.197079
0.0995497 -0.7670116 2.313153
-0.1144285 -0.8151642 2.125113
0.1186568 -0.8274341 2.238818
9
0.02080017 -0.02555407 2.282217
-0.05964893 -0.0234563 2.245395
0.1005391 -0.02677725 2.241826
-0.09593517 -0.4035465 2.195066
0.1117195 -0.4231461 2.269963
-0.0985533 -0.7532058 2.197079
0.0995497 -0.7670116 2.313153
-0.1144285 -0.8151642 2.125113
0.1186568 -0.8274341 2.238818
9
0.02080017 -0.02555407 2.282217
-0.05964893 -0.0234563 2.245395
0.1005391 -0.02677725 2.241826
-0.09593517 -0.4035465 2.195066
0.1117195 -0.4231461 2.269963
-0.0985533 -0.7532058 2.197079
0.0995497 -0.7670116 2.313153
-0.1144285 -0.8151642 2.125113
0.1186568 -0.8274341 2.238818
9
0.03140456 -0.02681989 2.293057
-0.04867317 -0.02392317 2.256688
0.1104558 -0.02877981 2.252227
-0.09335145 -0.4063867 2.195789
0.1190002 -0.4194388 2.282876
-0.09847134 -0.7532564 2.196842
0.1005893 -0.7669243 2.316016
-0.1139405 -0.8155208 2.123077
0.1187363 -0.8273012 2.238902
9
0.03140456 -0.02681989 2.293057
-0.04867317 -0.02392317 2.256688
0.1104558 -0.02877981 2.252227
-0.09335145 -0.4063867 2.195789
0.1190002 -0.4194388 2.282876
-0.09847134 -0.7532564 2.196842
0.1005893 -0.7669243 2.316016
-0.1139405 -0.8155208 2.123077
0.1187363 -0.8273012 2.238902
9
0.0366457 -0.02713807 2.298815
-0.0435186 -0.02370214 2.262948
0.1156138 -0.02961921 2.257505
-0.09146455 -0.4070387 2.196582
0.1215035 -0.4216152 2.290225
-0.09840052 -0.7529505 2.196753
0.1020164 -0.7658287 2.31805
-0.1153142 -0.8149283 2.120785
0.1168447 -0.8272416 2.246285
9
0.0366457 -0.02713807 2.298815
-0.0435186 -0.02370214 2.262948
0.1156138 -0.02961921 2.257505
-0.09146455 -0.4070387 2.196582
0.1215035 -0.4216152 2.290225
-0.09840052 -0.7529505 2.196753
0.1020164 -0.7658287 2.31805
-0.1153142 -0.8149283 2.120785
0.1168447 -0.8272416 2.246285
9
0.0366457 -0.02713807 2.298815
-0.0435186 -0.02370214 2.262948
0.1156138 -0.02961921 2.257505
-0.09146455 -0.4070387 2.196582
0.1215035 -0.4216152 2.290225
-0.09840052 -0.7529505 2.196753
0.1020164 -0.7658287 2.31805
-0.1153142 -0.8149283 2.120785
0.1168447 -0.8272416 2.246285
9
0.0366457 -0.02713807 2.298815
-0.0435186 -0.02370214 2.262948
0.1156138 -0.02961921 2.257505
-0.09146455 -0.4070387 2.196582
0.1215035 -0.4216152 2.290225
-0.09840052 -0.7529505 2.196753
0.1020164 -0.7658287 2.31805
-0.1153142 -0.8149283 2.120785
0.1168447 -0.8272416 2.246285
9
0.04171233 -0.0279764 2.307953
-0.03821522 -0.02348252 2.272627
0.1203082 -0.03146592 2.266154
-0.09053302 -0.4086822 2.198106
0.1242489 -0.4176384 2.297115
-0.09858878 -0.7529086 2.196972
0.1035407 -0.7656962 2.319402
-0.1184644 -0.8169971 2.117074
0.1170613 -0.8270261 2.24428
9
0.04171233 -0.0279764 2.307953
-0.03821522 -0.02348252 2.272627
0.1203082 -0.03146592 2.266154
-0.09053302 -0.4086822 2.198106
0.1242489 -0.4176384 2.297115
-0.09858878 -0.7529086 2.196972
0.1035407 -0.7656962 2.319402
-0.1184644 -0.8169971 2.117074
0.1170613 -0.8270261 2.24428
9
0.045227 -0.02867226 2.313681
-0.03449338 -0.02402873 2.279112
0.1234735 -0.03229125 2.27111
-0.08995031 -0.4101554 2.199157
0.1255548 -0.4144519 2.30092
-0.09914161 -0.7529603 2.197045
0.1047211 -0.7655793 2.321396
-0.1357784 -0.8247744 2.100537
0.1179178 -0.8269109 2.243998
9
0.045227 -0.02867226 2.313681
-0.03449338 -0.02402873 2.279112
0.1234735 -0.03229125 2.27111
-0.08995031 -0.4101554 2.199157
0.1255548 -0.4144519 2.30092
-0.09914161 -0.7529603 2.197045
0.1047211 -0.7655793 2.321396
-0.1357784 -0.8247744 2.100537
0.1179178 -0.8269109 2.243998
9
0.04726738 -0.02846588 2.31792
-0.03256194 -0.02348286 2.283022
0.1255481 -0.0324787 2.275663
-0.08989257 -0.412639 2.200669
0.1261974 -0.4142205 2.30305
-0.1018474 -0.7535428 2.198142
0.1057076 -0.764829 2.322803
-0.1376079 -0.8248273 2.100408
0.1177858 -0.8263804 2.242718
9
0.04726738 -0.02846588 2.31792
-0.03256194 -0.02348286 2.283022
0.1255481 -0.0324787 2.275663
-0.08989257 -0.412639 2.200669
0.1261974 -0.4142205 2.30305
-0.1018474 -0.7535428 2.198142
0.1057076 -0.764829 2.322803
-0.1376079 -0.8248273 2.100408
0.1177858 -0.8263804 2.242718
9
0.04825367 -0.0285353 2.320272
-0.03163222 -0.0232317 2.285591
0.1265598 -0.03285222 2.277813
-0.09043608 -0.4158235 2.203868
0.1261205 -0.4124061 2.304839
-0.1044247 -0.7522565 2.200721
0.1059042 -0.7646853 2.323531
-0.1402262 -0.8237917 2.103322
0.1178311 -0.8264266 2.242699
9
0.04825367 -0.0285353 2.320272
-0.03163222 -0.0232317 2.285591
0.1265598 -0.03285222 2.277813
-0.09043608 -0.4158235 2.203868
0.1261205 -0.4124061 2.304839
-0.1044247 -0.7522565 2.200721
0.1059042 -0.7646853 2.323531
-0.1402262 -0.8237917 2.103322
0.1178311 -0.8264266 2.242699
9
0.0485553 -0.02832535 2.322875
-0.03125132 -0.02250192 2.288102
0.1267756 -0.0331875 2.280568
-0.0911145 -0.4162462 2.205171
0.1260097 -0.4120664 2.305666
-0.1118783 -0.754375 2.205185
0.1060871 -0.7646801 2.324557
-0.1445203 -0.8251476 2.105036
0.1179996 -0.8261043 2.242825
