40
9
-0.02710223 -0.0245058 1.903066
-0.1062149 -0.02751192 1.888255
0.05253229 -0.02029155 1.841641
-0.1101848 -0.4305578 1.864844
0.08256447 -0.4334153 1.869254
-0.1137161 -0.7707726 1.850875
0.08879985 -0.7573174 1.897736
-0.1523573 -0.8286404 1.760583
0.1081977 -0.8261012 1.810906
9
-0.02710223 -0.0245058 1.903066
-0.1062149 -0.02751192 1.888255
0.05253229 -0.02029155 1.841641
-0.1101848 -0.4305578 1.864844
0.08256447 -0.4334153 1.869254
-0.1137161 -0.7707726 1.850875
0.08879985 -0.7573174 1.897736
-0.1523573 -0.8286404 1.760583
0.1081977 -0.8261012 1.810906
9
-0.02710223 -0.0245058 1.903066
-0.1062149 -0.02751192 1.888255
0.05253229 -0.02029155 1.841641
-0.1101848 -0.4305578 1.864844
0.08256447 -0.4334153 1.869254
-0.1137161 -0.7707726 1.850875
0.08879985 -0.7573174 1.897736
-0.1523573 -0.8286404 1.760583
0.1081977 -0.8261012 1.810906
9
-0.02710223 -0.0245058 1.903066
-0.1062149 -0.02751192 1.888255
0.05253229 -0.02029155 1.841641
-0.1101848 -0.4305578 1.864844
0.08256447 -0.4334153 1.869254
-0.1137161 -0.7707726 1.850875
0.08879985 -0.7573174 1.897736
-0.1523573 -0.8286404 1.760583
0.1081977 -0.8261012 1.810906
9
-0.0307406 -0.02468141 1.904135
-0.108797 -0.02785356 1.890662
0.04745212 -0.02035076 1.840675
-0.1115909 -0.43175 1.86842
0.08131825 -0.4345843 1.867669
-0.1142419 -0.7706695 1.851439
0.08878276 -0.7569239 1.898015
-0.1523941 -0.8267665 1.75855
0.1073589 -0.8264549 1.812054
9
-0.0307406 -0.02468141 1.904135
-0.108797 -0.02785356 1.890662
0.04745212 -0.02035076 1.840675
-0.1115909 -0.43175 1.86842
0.08131825 -0.4345843 1.867669
-0.1142419 -0.7706695 1.851439
0.08878276 -0.7569239 1.898015
-0.1523941 -0.8267665 1.75855
0.1073589 -0.8264549 1.812054
9
-0.03479776 -0.02477382 1.90485
-0.1117279 -0.02795849 1.892398
0.04251215 -0.02046953 1.839789
-0.1131892 -0.4326836 1.870907
0.08002848 -0.4355825 1.866518
-0.1145929 -0.7706954 1.851723
0.0889934 -0.7568139 1.897596
-0.1533386 -0.8270611 1.759587
0.1070223 -0.8266783 1.811975
9
-0.03479776 -0.02477382 1.90485
-0.1117279 -0.02795849 1.892398
0.04251215 -0.02046953 1.839789
-0.1131892 -0.4326836 1.870907
0.08002848 -0.4355825 1.866518
-0.1145929 -0.7706954 1.851723
0.0889934 -0.7568139 1.897596
-0.1533386 -0.8270611 1.759587
0.1070223 -0.8266783 1.811975
9
-0.03813883 -0.02532716 1.905408
-0.1145659 -0.02863282 1.893631
0.03917142 -0.02088699 1.839467
-0.1143828 -0.4336282 1.872765
0.07823109 -0.4372521 1.865447
-0.1147875 -0.7706693 1.852196
0.08911319 -0.7566603 1.897377
-0.1538164 -0.8266089 1.759731
0.1068023 -0.8260533 1.810846
9
-0.03813883 -0.02532716 1.905408
-0.1145659 -0.02863282 1.893631
0.03917142 -0.02088699 1.839467
-0.1143828 -0.4336282 1.872765
0.07823109 -0.4372521 1.865447
-0.1147875 -0.7706693 1.852196
0.08911319 -0.7566603 1.897377
-0.1538164 -0.8266089 1.759731
0.1068023 -0.8260533 1.810846
9
-0.03813883 -0.02532716 1.905408
-0.1145659 -0.02863282 1.893631
0.03917142 -0.02088699 1.839467
-0.1143828 -0.4336282 1.872765
0.07823109 -0.4372521 1.865447
-0.1147875 -0.7706693 1.852196
0.08911319 -0.7566603 1.897377
-0.1538164 -0.8266089 1.759731
0.1068023 -0.8260533 1.810846
9
-0.03813883 -0.02532716 1.905408
-0.1145659 -0.02863282 1.893631
0.03917142 -0.02088699 1.839467
-0.1143828 -0.4336282 1.872765
0.07823109 -0.4372521 1.865447
-0.1147875 -0.7706693 1.852196
0.08911319 -0.7566603 1.897377
-0.1538164 -0.8266089 1.759731
0.1068023 -0.8260533 1.810846
9
-0.04161385 -0.02619725 1.905592
-0.1175349 -0.0294884 1.894309
0.0356091 -0.0217357 1.838989
-0.1160507 -0.4362372 1.875496
0.07687336 -0.4380007 1.864381
-0.1152752 -0.7705426 1.852433
0.08903376 -0.7543673 1.89636
-0.1540651 -0.8256372 1.758777
0.1059264 -0.8253527 1.812146
9
-0.04161385 -0.02619725 1.905592
-0.1175349 -0.0294884 1.894309
0.0356091 -0.0217357 1.838989
-0.1160507 -0.4362372 1.875496
0.07687336 -0.4380007 1.864381
-0.1152752 -0.7705426 1.852433
0.08903376 -0.7543673 1.89636
-0.1540651 -0.8256372 1.758777
0.1059264 -0.8253527 1.812146
9
-0.04395217 -0.02645431 1.905897
-0.1196475 -0.02965815 1.894815
0.03333057 -0.02208161 1.839009
-0.1170345 -0.4366184 1.876987
0.07519758 -0.4389841 1.863677
-0.1157161 -0.7704685 1.85304
0.08875363 -0.7550163 1.896162
-0.1541926 -0.825525 1.759116
0.1073918 -0.8243139 1.809802
9
-0.0459986 -0.02665225 1.906248
-0.1215189 -0.02987347 1.895316
0.0313108 -0.022264 1.839152
-0.1181585 -0.4365928 1.87836
0.0744902 -0.439296 1.863318
-0.1162532 -0.7701442 1.853604
0.08874508 -0.7550523 1.896179
-0.1542758 -0.8232545 1.757142
0.1071446 -0.824407 1.809818
9
-0.0459986 -0.02665225 1.906248
-0.1215189 -0.02987347 1.895316
0.0313108 -0.022264 1.839152
-0.1181585 -0.4365928 1.87836
0.0744902 -0.439296 1.863318
-0.1162532 -0.7701442 1.853604
0.08874508 -0.7550523 1.896179
-0.1542758 -0.8232545 1.757142
0.1071446 -0.824407 1.809818
9
-0.0459986 -0.02665225 1.906248
-0.1215189 -0.02987347 1.895316
0.0313108 -0.022264 1.839152
-0.1181585 -0.4365928 1.87836
0.0744902 -0.439296 1.863318
-0.1162532 -0.7701442 1.853604
0.08874508 -0.7550523 1.896179
-0.1542758 -0.8232545 1.757142
0.1071446 -0.824407 1.809818
9
-0.0459986 -0.02665225 1.906248
-0.1215189 -0.02987347 1.895316
0.0313108 -0.022264 1.839152
-0.1181585 -0.4365928 1.87836
0.0744902 -0.439296 1.863318
-0.1162532 -0.7701442 1.853604
0.08874508 -0.7550523 1.896179
-0.1542758 -0.8232545 1.757142
0.1071446 -0.824407 1.809818
9
-0.0459986 -0.02665225 1.906248
-0.1215189 -0.02987347 1.895316
0.0313108 -0.022264 1.839152
-0.1181585 -0.4365928 1.87836
0.0744902 -0.439296 1.863318
-0.1162532 -0.7701442 1.853604
0.08874508 -0.7550523 1.896179
-0.1542758 -0.8232545 1.757142
0.1071446 -0.824407 1.809818
9
-0.0459986 -0.02665225 1.906248
-0.1215189 -0.02987347 1.895316
0.0313108 -0.022264 1.839152
-0.1181585 -0.4365928 1.87836
0.0744902 -0.439296 1.863318
-0.1162532 -0.7701442 1.853604
0.08874508 -0.7550523 1.896179
-0.1542758 -0.8232545 1.757142
0.1071446 -0.824407 1.809818
9
-0.04965851 -0.02707164 1.906686
-0.1252786 -0.03029139 1.895708
0.02801353 -0.02267784 1.83958
-0.1198738 -0.4367265 1.879821
0.0725743 -0.4399628 1.862171
-0.1164436 -0.7697389 1.853787
0.08867535 -0.7548903 1.896212
-0.1546758 -0.823325 1.757983
0.107563 -0.8242114 1.809984
9
-0.04965851 -0.02707164 1.906686
-0.1252786 -0.03029139 1.895708
0.02801353 -0.02267784 1.83958
-0.1198738 -0.4367265 1.879821
0.0725743 -0.4399628 1.862171
-0.1164436 -0.7697389 1.853787
0.08867535 -0.7548903 1.896212
-0.1546758 -0.823325 1.757983
0.107563 -0.8242114 1.809984
9
-0.04965851 -0.02707164 1.906686
-0.1252786 -0.03029139 1.895708
0.02801353 -0.02267784 1.83958
-0.1198738 -0.4367265 1.879821
0.0725743 -0.4399628 1.862171
-0.1164436 -0.7697389 1.853787
0.08867535 -0.7548903 1.896212
-0.1546758 -0.823325 1.757983
0.107563 -0.8242114 1.809984
9
-0.04965851 -0.02707164 1.906686
-0.1252786 -0.03029139 1.895708
0.02801353 -0.02267784 1.83958
-0.1198738 -0.4367265 1.879821
0.0725743 -0.4399628 1.862171
-0.1164436 -0.7697389 1.853787
0.08867535 -0.7548903 1.896212
-0.1546758 -0.823325 1.757983
0.107563 -0.8242114 1.809984
9
-0.05213206 -0.02691056 1.906836
-0.1277411 -0.03012566 1.895472
0.02562015 -0.02253841 1.840087
-0.1215355 -0.4373564 1.880496
0.0701412 -0.442552 1.86074
-0.1166079 -0.7698538 1.8539
0.08836931 -0.7555128 1.895774
-0.1550959 -0.8236592 1.758516
0.1065118 -0.8238848 1.807757
9
-0.05213206 -0.02691056 1.906836
-0.1277411 -0.03012566 1.895472
0.02562015 -0.02253841 1.840087
-0.1215355 -0.4373564 1.880496
0.0701412 -0.442552 1.86074
-0.1166079 -0.7698538 1.8539
0.08836931 -0.7555128 1.895774
-0.1550959 -0.8236592 1.758516
0.1065118 -0.8238848 1.807757
9
-0.05368148 -0.02685274 1.906732
-0.129413 -0.0300881 1.895117
0.0242565 -0.02247217 1.84019
-0.1230485 -0.4373804 1.880818
0.06859275 -0.4434783 1.859788
-0.1169172 -0.7697433 1.853868
0.08831859 -0.7561432 1.895412
-0.1553297 -0.8240167 1.75897
0.1059105 -0.8237872 1.806096
9
-0.05368148 -0.02685274 1.906732
-0.129413 -0.0300881 1.895117
0.0242565 -0.02247217 1.84019
-0.1230485 -0.4373804 1.880818
0.06859275 -0.4434783 1.859788
-0.1169172 -0.7697433 1.853868
0.08831859 -0.7561432 1.895412
-0.1553297 -0.8240167 1.75897
0.1059105 -0.8237872 1.806096
9
-0.05368148 -0.02685274 1.906732
-0.129413 -0.0300881 1.895117
0.0242565 -0.02247217 1.84019
-0.1230485 -0.4373804 1.880818
0.06859275 -0.4434783 1.859788
-0.1169172 -0.7697433 1.853868
0.08831859 -0.7561432 1.895412
-0.1553297 -0.8240167 1.75897
0.1059105 -0.8237872 1.806096
9
-0.05461391 -0.02680556 1.90675
-0.1307538 -0.02998699 1.894649
0.02357151 -0.02246609 1.840559
-0.1236137 -0.4370559 1.880775
0.0672928 -0.4447437 1.85904
-0.1169915 -0.7697958 1.853896
0.0876796 -0.7574691 1.894945
-0.1561508 -0.824718 1.760275
0.1050028 -0.8239961 1.803922
9
-0.05461391 -0.02680556 1.90675
-0.1307538 -0.02998699 1.894649
0.02357151 -0.02246609 1.840559
-0.1236137 -0.4370559 1.880775
0.0672928 -0.4447437 1.85904
-0.1169915 -0.7697958 1.853896
0.0876796 -0.7574691 1.894945
-0.1561508 -0.824718 1.760275
0.1050028 -0.8239961 1.803922
9
-0.05461391 -0.02680556 1.90675
-0.1307538 -0.02998699 1.894649
0.02357151 -0.02246609 1.840559
-0.1236137 -0.4370559 1.880775
0.0672928 -0.4447437 1.85904
-0.1169915 -0.7697958 1.853896
0.0876796 -0.7574691 1.894945
-0.1561508 -0.824718 1.760275
0.1050028 -0.8239961 1.803922
9
-0.05461391 -0.02680556 1.90675
-0.1307538 -0.02998699 1.894649
0.02357151 -0.02246609 1.840559
-0.1236137 -0.4370559 1.880775
0.0672928 -0.4447437 1.85904
-0.1169915 -0.7697958 1.853896
0.0876796 -0.7574691 1.894945
-0.1561508 -0.824718 1.760275
0.1050028 -0.8239961 1.803922
9
-0.05461391 -0.02680556 1.90675
-0.1307538 -0.02998699 1.894649
0.02357151 -0.02246609 1.840559
-0.1236137 -0.4370559 1.880775
0.0672928 -0.4447437 1.85904
-0.1169915 -0.7697958 1.853896
0.0876796 -0.7574691 1.894945
-0.1561508 -0.824718 1.760275
0.1050028 -0.8239961 1.803922
9
-0.0549752 -0.02679045 1.906526
-0.1317296 -0.02988046 1.893433
0.02346693 -0.02248396 1.840667
-0.1243792 -0.4367908 1.880475
0.0667207 -0.4453868 1.85862
-0.1172741 -0.7697712 1.85394
0.08744217 -0.7584006 1.89491
-0.1562917 -0.8248453 1.760402
0.1052542 -0.8243915 1.803309
9
-0.0549752 -0.02679045 1.906526
-0.1317296 -0.02988046 1.893433
0.02346693 -0.02248396 1.840667
-0.1243792 -0.4367908 1.880475
0.0667207 -0.4453868 1.85862
-0.1172741 -0.7697712 1.85394
0.08744217 -0.7584006 1.89491
-0.1562917 -0.8248453 1.760402
0.1052542 -0.8243915 1.803309
9
-0.05529932 -0.02659656 1.906204
-0.1325074 -0.02954049 1.892069
0.02338671 -0.02237967 1.840768
-0.1247232 -0.4363288 1.880134
0.06650838 -0.4456366 1.858386
-0.1173764 -0.769757 1.85387
0.08736973 -0.7587939 1.894804
-0.1564206 -0.8249036 1.760439
0.1051379 -0.8245547 1.802873
9
-0.05529932 -0.02659656 1.906204
-0.1325074 -0.02954049 1.892069
0.02338671 -0.02237967 1.840768
-0.1247232 -0.4363288 1.880134
0.06650838 -0.4456366 1.858386
-0.1173764 -0.769757 1.85387
0.08736973 -0.7587939 1.894804
-0.1564206 -0.8249036 1.760439
0.1051379 -0.8245547 1.802873
9
-0.05536658 -0.02652407 1.906112
-0.1327061 -0.02938738 1.891564
0.0233994 -0.02232197 1.840894
-0.1251409 -0.435748 1.879936
0.06625232 -0.4452142 1.858248
-0.117659 -0.7696968 1.853766
0.08737128 -0.7585438 1.894551
-0.1567258 -0.8251063 1.760669
0.1049305 -0.8246312 1.803008
