40
9
0.1320098 -0.253032 2.151011
0.04941389 -0.2497641 2.130484
0.2100173 -0.2474626 2.096284
0.01254024 -0.6415533 2.094197
0.2292269 -0.6300597 2.127847
-0.000439287 -0.9817206 2.182914
0.1962534 -0.9688689 2.16353
-0.03460312 -1.060474 2.127102
0.165387 -0.99885 2.02172
9
0.1320098 -0.253032 2.151011
0.04941389 -0.2497641 2.130484
0.2100173 -0.2474626 2.096284
0.01254024 -0.6415533 2.094197
0.2292269 -0.6300597 2.127847
-0.000439287 -0.9817206 2.182914
0.1962534 -0.9688689 2.16353
-0.03460312 -1.060474 2.127102
0.165387 -0.99885 2.02172
9
0.1320098 -0.253032 2.151011
0.04941389 -0.2497641 2.130484
0.2100173 -0.2474626 2.096284
0.01254024 -0.6415533 2.094197
0.2292269 -0.6300597 2.127847
-0.000439287 -0.9817206 2.182914
0.1962534 -0.9688689 2.16353
-0.03460312 -1.060474 2.127102
0.165387 -0.99885 2.02172
9
0.1319429 -0.2536751 2.163193
0.0493097 -0.2508817 2.141419
0.2100231 -0.2475935 2.109731
0.01415312 -0.6358393 2.128097
0.2304427 -0.6279098 2.132791
0.01450112 -0.984093 2.244823
0.1970038 -0.9678974 2.164822
-0.03618024 -1.058243 2.207946
0.2851563 -1.029297 2.128906
9
0.1319429 -0.2536751 2.163193
0.0493097 -0.2508817 2.141419
0.2100231 -0.2475935 2.109731
0.01415312 -0.6358393 2.128097
0.2304427 -0.6279098 2.132791
0.01450112 -0.984093 2.244823
0.1970038 -0.9678974 2.164822
-0.03618024 -1.058243 2.207946
0.2851563 -1.029297 2.128906
9
0.1319429 -0.2536751 2.163193
0.0493097 -0.2508817 2.141419
0.2100231 -0.2475935 2.109731
0.01415312 -0.6358393 2.128097
0.2304427 -0.6279098 2.132791
0.01450112 -0.984093 2.244823
0.1970038 -0.9678974 2.164822
-0.03618024 -1.058243 2.207946
0.2851563 -1.029297 2.128906
9
0.1319429 -0.2536751 2.163193
0.0493097 -0.2508817 2.141419
0.2100231 -0.2475935 2.109731
0.01415312 -0.6358393 2.128097
0.2304427 -0.6279098 2.132791
0.01450112 -0.984093 2.244823
0.1970038 -0.9678974 2.164822
-0.03618024 -1.058243 2.207946
0.2851563 -1.029297 2.128906
9
0.1319429 -0.2536751 2.163193
0.0493097 -0.2508817 2.141419
0.2100231 -0.2475935 2.109731
0.01415312 -0.6358393 2.128097
0.2304427 -0.6279098 2.132791
0.01450112 -0.984093 2.244823
0.1970038 -0.9678974 2.164822
-0.03618024 -1.058243 2.207946
0.2851563 -1.029297 2.128906
9
0.1319429 -0.2536751 2.163193
0.0493097 -0.2508817 2.141419
0.2100231 -0.2475935 2.109731
0.01415312 -0.6358393 2.128097
0.2304427 -0.6279098 2.132791
0.01450112 -0.984093 2.244823
0.1970038 -0.9678974 2.164822
-0.03618024 -1.058243 2.207946
0.2851563 -1.029297 2.128906
9
0.1319429 -0.2536751 2.163193
0.0493097 -0.2508817 2.141419
0.2100231 -0.2475935 2.109731
0.01415312 -0.6358393 2.128097
0.2304427 -0.6279098 2.132791
0.01450112 -0.984093 2.244823
0.1970038 -0.9678974 2.164822
-0.03618024 -1.058243 2.207946
0.2851563 -1.029297 2.128906
9
0.1319429 -0.2536751 2.163193
0.0493097 -0.2508817 2.141419
0.2100231 -0.2475935 2.109731
0.01415312 -0.6358393 2.128097
0.2304427 -0.6279098 2.132791
0.01450112 -0.984093 2.244823
0.1970038 -0.9678974 2.164822
-0.03618024 -1.058243 2.207946
0.2851563 -1.029297 2.128906
9
0.1319429 -0.2536751 2.163193
0.0493097 -0.2508817 2.141419
0.2100231 -0.2475935 2.109731
0.01415312 -0.6358393 2.128097
0.2304427 -0.6279098 2.132791
0.01450112 -0.984093 2.244823
0.1970038 -0.9678974 2.164822
-0.03618024 -1.058243 2.207946
0.2851563 -1.029297 2.128906
9
0.1116851 -0.2572099 2.219507
0.03064134 -0.2569366 2.198476
0.1889774 -0.2487477 2.165168
0.008832422 -0.6356226 2.223182
0.2264856 -0.626222 2.155518
0.007792149 -0.9919448 2.346579
0.1984759 -0.9667346 2.166508
-0.02551167 -1.073795 2.301999
0.166479 -0.9970866 2.025105
9
0.1106738 -0.2572769 2.221585
0.02975975 -0.2569023 2.200172
0.1878661 -0.2489412 2.167669
0.008096665 -0.6349601 2.228165
0.223209 -0.6268448 2.161745
0.004171078 -0.9902806 2.350492
0.1995025 -0.9655559 2.167658
-0.03553775 -1.070265 2.314553
0.1670825 -0.9959568 2.026368
9
0.1106738 -0.2572769 2.221585
0.02975975 -0.2569023 2.200172
0.1878661 -0.2489412 2.167669
0.008096665 -0.6349601 2.228165
0.223209 -0.6268448 2.161745
0.004171078 -0.9902806 2.350492
0.1995025 -0.9655559 2.167658
-0.03553775 -1.070265 2.314553
0.1670825 -0.9959568 2.026368
9
0.1046109 -0.2576351 2.23235
0.02402365 -0.2575485 2.211835
0.1817208 -0.2490462 2.177548
0.005156245 -0.6367728 2.246718
0.2186914 -0.6260056 2.169433
0.003071263 -0.9846847 2.352555
0.20003 -0.966242 2.169323
-0.02667689 -1.016013 2.211008
0.167221 -0.9968544 2.028228
9
0.1046109 -0.2576351 2.23235
0.02402365 -0.2575485 2.211835
0.1817208 -0.2490462 2.177548
0.005156245 -0.6367728 2.246718
0.2186914 -0.6260056 2.169433
0.003071263 -0.9846847 2.352555
0.20003 -0.966242 2.169323
-0.02667689 -1.016013 2.211008
0.167221 -0.9968544 2.028228
9
0.1046109 -0.2576351 2.23235
0.02402365 -0.2575485 2.211835
0.1817208 -0.2490462 2.177548
0.005156245 -0.6367728 2.246718
0.2186914 -0.6260056 2.169433
0.003071263 -0.9846847 2.352555
0.20003 -0.966242 2.169323
-0.02667689 -1.016013 2.211008
0.167221 -0.9968544 2.028228
9
0.1046109 -0.2576351 2.23235
0.02402365 -0.2575485 2.211835
0.1817208 -0.2490462 2.177548
0.005156245 -0.6367728 2.246718
0.2186914 -0.6260056 2.169433
0.003071263 -0.9846847 2.352555
0.20003 -0.966242 2.169323
-0.02667689 -1.016013 2.211008
0.167221 -0.9968544 2.028228
9
0.08923293 -0.2575241 2.258751
0.009138739 -0.2580193 2.238624
0.1664123 -0.2484408 2.203456
0.001720349 -0.6383987 2.280509
0.2125813 -0.6265686 2.176504
0.003636883 -0.9815569 2.356174
0.1992193 -0.9657544 2.171838
-0.028914 -1.013387 2.215608
0.1636309 -0.9968325 2.031735
9
0.08923293 -0.2575241 2.258751
0.009138739 -0.2580193 2.238624
0.1664123 -0.2484408 2.203456
0.001720349 -0.6383987 2.280509
0.2125813 -0.6265686 2.176504
0.003636883 -0.9815569 2.356174
0.1992193 -0.9657544 2.171838
-0.028914 -1.013387 2.215608
0.1636309 -0.9968325 2.031735
9
0.08923293 -0.2575241 2.258751
0.009138739 -0.2580193 2.238624
0.1664123 -0.2484408 2.203456
0.001720349 -0.6383987 2.280509
0.2125813 -0.6265686 2.176504
0.003636883 -0.9815569 2.356174
0.1992193 -0.9657544 2.171838
-0.028914 -1.013387 2.215608
0.1636309 -0.9968325 2.031735
9
0.08923293 -0.2575241 2.258751
0.009138739 -0.2580193 2.238624
0.1664123 -0.2484408 2.203456
0.001720349 -0.6383987 2.280509
0.2125813 -0.6265686 2.176504
0.003636883 -0.9815569 2.356174
0.1992193 -0.9657544 2.171838
-0.028914 -1.013387 2.215608
0.1636309 -0.9968325 2.031735
9
0.07405001 -0.2567656 2.287578
-0.005916284 -0.2571343 2.268548
0.151622 -0.2479233 2.231194
-0.004399652 -0.6385397 2.302559
0.1996103 -0.6312036 2.192739
0.002907336 -0.9788148 2.364454
0.1981739 -0.9662669 2.17299
-0.02941806 -1.011137 2.223971
0.1628181 -0.9977595 2.033002
9
0.07405001 -0.2567656 2.287578
-0.005916284 -0.2571343 2.268548
0.151622 -0.2479233 2.231194
-0.004399652 -0.6385397 2.302559
0.1996103 -0.6312036 2.192739
0.002907336 -0.9788148 2.364454
0.1981739 -0.9662669 2.17299
-0.02941806 -1.011137 2.223971
0.1628181 -0.9977595 2.033002
9
0.07405001 -0.2567656 2.287578
-0.005916284 -0.2571343 2.268548
0.151622 -0.2479233 2.231194
-0.004399652 -0.6385397 2.302559
0.1996103 -0.6312036 2.192739
0.002907336 -0.9788148 2.364454
0.1981739 -0.9662669 2.17299
-0.02941806 -1.011137 2.223971
0.1628181 -0.9977595 2.033002
9
0.07405001 -0.2567656 2.287578
-0.005916284 -0.2571343 2.268548
0.151622 -0.2479233 2.231194
-0.004399652 -0.6385397 2.302559
0.1996103 -0.6312036 2.192739
0.002907336 -0.9788148 2.364454
0.1981739 -0.9662669 2.17299
-0.02941806 -1.011137 2.223971
0.1628181 -0.9977595 2.033002
9
0.07405001 -0.2567656 2.287578
-0.005916284 -0.2571343 2.268548
0.151622 -0.2479233 2.231194
-0.004399652 -0.6385397 2.302559
0.1996103 -0.6312036 2.192739
0.002907336 -0.9788148 2.364454
0.1981739 -0.9662669 2.17299
-0.02941806 -1.011137 2.223971
0.1628181 -0.9977595 2.033002
9
0.07405001 -0.2567656 2.287578
-0.005916284 -0.2571343 2.268548
0.151622 -0.2479233 2.231194
-0.004399652 -0.6385397 2.302559
0.1996103 -0.6312036 2.192739
0.002907336 -0.9788148 2.364454
0.1981739 -0.9662669 2.17299
-0.02941806 -1.011137 2.223971
0.1628181 -0.9977595 2.033002
9
0.07405001 -0.2567656 2.287578
-0.005916284 -0.2571343 2.268548
0.151622 -0.2479233 2.231194
-0.004399652 -0.6385397 2.302559
0.1996103 -0.6312036 2.192739
0.002907336 -0.9788148 2.364454
0.1981739 -0.9662669 2.17299
-0.02941806 -1.011137 2.223971
0.1628181 -0.9977595 2.033002
9
0.07405001 -0.2567656 2.287578
-0.005916284 -0.2571343 2.268548
0.151622 -0.2479233 2.231194
-0.004399652 -0.6385397 2.302559
0.1996103 -0.6312036 2.192739
0.002907336 -0.9788148 2.364454
0.1981739 -0.9662669 2.17299
-0.02941806 -1.011137 2.223971
0.1628181 -0.9977595 2.033002
9
0.07405001 -0.2567656 2.287578
-0.005916284 -0.2571343 2.268548
0.151622 -0.2479233 2.231194
-0.004399652 -0.6385397 2.302559
0.1996103 -0.6312036 2.192739
0.002907336 -0.9788148 2.364454
0.1981739 -0.9662669 2.17299
-0.02941806 -1.011137 2.223971
0.1628181 -0.9977595 2.033002
9
0.07405001 -0.2567656 2.287578
-0.005916284 -0.2571343 2.268548
0.151622 -0.2479233 2.231194
-0.004399652 -0.6385397 2.302559
0.1996103 -0.6312036 2.192739
0.002907336 -0.9788148 2.364454
0.1981739 -0.9662669 2.17299
-0.02941806 -1.011137 2.223971
0.1628181 -0.9977595 2.033002
9
0.04315206 -0.2571405 2.350754
-0.03649437 -0.2593886 2.332393
0.1214644 -0.246632 2.293625
-0.02505556 -0.6358413 2.365968
0.1712232 -0.6419934 2.234756
0.003704475 -0.9814816 2.373916
0.1973645 -0.9673015 2.174394
-0.02749586 -1.015284 2.233742
0.1631597 -1.000253 2.034723
9
0.04315206 -0.2571405 2.350754
-0.03649437 -0.2593886 2.332393
0.1214644 -0.246632 2.293625
-0.02505556 -0.6358413 2.365968
0.1712232 -0.6419934 2.234756
0.003704475 -0.9814816 2.373916
0.1973645 -0.9673015 2.174394
-0.02749586 -1.015284 2.233742
0.1631597 -1.000253 2.034723
9
0.04271007 -0.2570619 2.353007
-0.03710829 -0.2594723 2.335147
0.1211826 -0.2464327 2.295436
-0.02536586 -0.6357743 2.366713
0.1707154 -0.6419331 2.235211
0.003048614 -0.9817216 2.377788
0.1967132 -0.9697382 2.176332
-0.02781159 -1.015595 2.237537
0.1628525 -1.002724 2.036599
9
0.04271007 -0.2570619 2.353007
-0.03710829 -0.2594723 2.335147
0.1211826 -0.2464327 2.295436
-0.02536586 -0.6357743 2.366713
0.1707154 -0.6419331 2.235211
0.003048614 -0.9817216 2.377788
0.1967132 -0.9697382 2.176332
-0.02781159 -1.015595 2.237537
0.1628525 -1.002724 2.036599
9
0.04153471 -0.2565414 2.357728
-0.03844433 -0.2591535 2.340213
0.1202092 -0.2457494 2.299793
-0.02649204 -0.6352469 2.368643
0.1695274 -0.6417658 2.236152
0.00192294 -0.98246 2.379426
0.1952595 -0.9743297 2.182457
-0.02854465 -1.016479 2.239136
0.198819 -1.043092 2.09038
9
0.04153471 -0.2565414 2.357728
-0.03844433 -0.2591535 2.340213
0.1202092 -0.2457494 2.299793
-0.02649204 -0.6352469 2.368643
0.1695274 -0.6417658 2.236152
0.00192294 -0.98246 2.379426
0.1952595 -0.9743297 2.182457
-0.02854465 -1.016479 2.239136
0.198819 -1.043092 2.09038
9
0.03942646 -0.2555044 2.363379
-0.04064345 -0.2583811 2.345478
0.1182828 -0.2444739 2.305821
-0.02817546 -0.6351102 2.372329
0.1679576 -0.6419133 2.23799
0.001580623 -0.9831735 2.380968
0.1922266 -0.9764429 2.19055
-0.02826393 -1.017151 2.240488
0.1985934 -1.040172 2.092151
