40
9
0.1780797 -0.02205277 1.884643
0.09429288 -0.02338668 1.859056
0.254709 -0.01962142 1.83357
0.02611958 -0.3981364 1.808527
0.2840857 -0.3857764 1.856081
-0.01528648 -0.7300611 1.805812
0.2766545 -0.7340173 1.885102
-0.0380933 -0.7812177 1.727996
0.2760758 -0.7937976 1.815133
9
0.1780797 -0.02205277 1.884643
0.09429288 -0.02338668 1.859056
0.254709 -0.01962142 1.83357
0.02611958 -0.3981364 1.808527
0.2840857 -0.3857764 1.856081
-0.01528648 -0.7300611 1.805812
0.2766545 -0.7340173 1.885102
-0.0380933 -0.7812177 1.727996
0.2760758 -0.7937976 1.815133
9
0.1825465 -0.02220023 1.888015
0.0988811 -0.02330378 1.863304
0.258834 -0.02002508 1.836048
0.03167333 -0.4004719 1.813129
0.2867366 -0.3846651 1.857311
-0.01209722 -0.7293251 1.807863
0.2768783 -0.7345803 1.885793
-0.03667031 -0.7793799 1.729295
0.2764941 -0.794039 1.815199
9
0.1825465 -0.02220023 1.888015
0.0988811 -0.02330378 1.863304
0.258834 -0.02002508 1.836048
0.03167333 -0.4004719 1.813129
0.2867366 -0.3846651 1.857311
-0.01209722 -0.7293251 1.807863
0.2768783 -0.7345803 1.885793
-0.03667031 -0.7793799 1.729295
0.2764941 -0.794039 1.815199
9
0.1859848 -0.02201626 1.891532
0.1025888 -0.02264175 1.867832
0.2618685 -0.02029107 1.838602
0.03489501 -0.4046097 1.81762
0.2879791 -0.3842754 1.857764
-0.009652568 -0.730575 1.812012
0.2779873 -0.7358838 1.88737
-0.03689641 -0.7807554 1.732034
0.2766464 -0.7946683 1.815353
9
0.1859848 -0.02201626 1.891532
0.1025888 -0.02264175 1.867832
0.2618685 -0.02029107 1.838602
0.03489501 -0.4046097 1.81762
0.2879791 -0.3842754 1.857764
-0.009652568 -0.730575 1.812012
0.2779873 -0.7358838 1.88737
-0.03689641 -0.7807554 1.732034
0.2766464 -0.7946683 1.815353
9
0.1893783 -0.02116802 1.895009
0.1062369 -0.0212556 1.872123
0.2648589 -0.01999821 1.841244
0.03653779 -0.4055611 1.820747
0.2902629 -0.380894 1.857599
-0.006026682 -0.7322676 1.82216
0.2785822 -0.7360435 1.887843
-0.03778799 -0.7832043 1.74035
0.2770067 -0.7949163 1.815975
9
0.1893783 -0.02116802 1.895009
0.1062369 -0.0212556 1.872123
0.2648589 -0.01999821 1.841244
0.03653779 -0.4055611 1.820747
0.2902629 -0.380894 1.857599
-0.006026682 -0.7322676 1.82216
0.2785822 -0.7360435 1.887843
-0.03778799 -0.7832043 1.74035
0.2770067 -0.7949163 1.815975
9
0.1918899 -0.02081324 1.897218
0.1088599 -0.02053706 1.875005
0.2671707 -0.0200174 1.842808
0.0377414 -0.406822 1.824169
0.2912979 -0.379529 1.857156
-0.005233044 -0.7355038 1.837355
0.2793492 -0.7374084 1.889344
-0.03917768 -0.7872608 1.763937
0.2772705 -0.7952569 1.815529
9
0.1918899 -0.02081324 1.897218
0.1088599 -0.02053706 1.875005
0.2671707 -0.0200174 1.842808
0.0377414 -0.406822 1.824169
0.2912979 -0.379529 1.857156
-0.005233044 -0.7355038 1.837355
0.2793492 -0.7374084 1.889344
-0.03917768 -0.7872608 1.763937
0.2772705 -0.7952569 1.815529
9
0.1918899 -0.02081324 1.897218
0.1088599 -0.02053706 1.875005
0.2671707 -0.0200174 1.842808
0.0377414 -0.406822 1.824169
0.2912979 -0.379529 1.857156
-0.005233044 -0.7355038 1.837355
0.2793492 -0.7374084 1.889344
-0.03917768 -0.7872608 1.763937
0.2772705 -0.7952569 1.815529
9
0.1918899 -0.02081324 1.897218
0.1088599 -0.02053706 1.875005
0.2671707 -0.0200174 1.842808
0.0377414 -0.406822 1.824169
0.2912979 -0.379529 1.857156
-0.005233044 -0.7355038 1.837355
0.2793492 -0.7374084 1.889344
-0.03917768 -0.7872608 1.763937
0.2772705 -0.7952569 1.815529
9
0.193449 -0.02017583 1.898965
0.1109856 -0.01924671 1.877722
0.2681937 -0.01990003 1.843746
0.03840311 -0.4092863 1.833051
0.2922088 -0.3775133 1.855843
-0.006704384 -0.7345405 1.874972
0.2797115 -0.7380542 1.889567
-0.04354858 -0.7949219 1.813477
0.2773433 -0.7957808 1.815529
9
0.193449 -0.02017583 1.898965
0.1109856 -0.01924671 1.877722
0.2681937 -0.01990003 1.843746
0.03840311 -0.4092863 1.833051
0.2922088 -0.3775133 1.855843
-0.006704384 -0.7345405 1.874972
0.2797115 -0.7380542 1.889567
-0.04354858 -0.7949219 1.813477
0.2773433 -0.7957808 1.815529
9
0.1944565 -0.01976687 1.900152
0.1122691 -0.01852005 1.879621
0.2688792 -0.01979585 1.844302
0.04240163 -0.4095873 1.840821
0.2927917 -0.3777698 1.855062
-0.00709401 -0.7357199 1.884234
0.28045 -0.7380694 1.889403
-0.04671364 -0.7974935 1.820598
0.2776927 -0.7963387 1.816344
9
0.1944565 -0.01976687 1.900152
0.1122691 -0.01852005 1.879621
0.2688792 -0.01979585 1.844302
0.04240163 -0.4095873 1.840821
0.2927917 -0.3777698 1.855062
-0.00709401 -0.7357199 1.884234
0.28045 -0.7380694 1.889403
-0.04671364 -0.7974935 1.820598
0.2776927 -0.7963387 1.816344
9
0.194794 -0.01958538 1.900859
0.1128957 -0.01814939 1.880759
0.2689879 -0.0197856 1.844596
0.04015828 -0.407595 1.846423
0.2935483 -0.3759637 1.85332
-0.008516369 -0.7368432 1.900906
0.2806544 -0.7383136 1.889387
-0.04832349 -0.7988004 1.836451
0.2778004 -0.7965252 1.816223
9
0.194794 -0.01958538 1.900859
0.1128957 -0.01814939 1.880759
0.2689879 -0.0197856 1.844596
0.04015828 -0.407595 1.846423
0.2935483 -0.3759637 1.85332
-0.008516369 -0.7368432 1.900906
0.2806544 -0.7383136 1.889387
-0.04832349 -0.7988004 1.836451
0.2778004 -0.7965252 1.816223
9
0.1948058 -0.01944493 1.901706
0.1131339 -0.01783385 1.88219
0.2688772 -0.01980081 1.844941
0.03688017 -0.3971343 1.853033
0.2936809 -0.3764528 1.852693
-0.009087336 -0.7354776 1.913333
0.2811724 -0.7392176 1.889356
-0.05042439 -0.7990705 1.849982
0.2786947 -0.7978663 1.817079
9
0.1948058 -0.01944493 1.901706
0.1131339 -0.01783385 1.88219
0.2688772 -0.01980081 1.844941
0.03688017 -0.3971343 1.853033
0.2936809 -0.3764528 1.852693
-0.009087336 -0.7354776 1.913333
0.2811724 -0.7392176 1.889356
-0.05042439 -0.7990705 1.849982
0.2786947 -0.7978663 1.817079
9
0.1944445 -0.01940784 1.902644
0.1129177 -0.01769913 1.883602
0.2684254 -0.01988698 1.845436
0.03799048 -0.3951199 1.858756
0.2937165 -0.3748198 1.851666
-0.01138353 -0.7352218 1.928196
0.2813703 -0.7392777 1.889346
-0.05502326 -0.8007633 1.863318
0.2787444 -0.7979203 1.81705
9
0.1944445 -0.01940784 1.902644
0.1129177 -0.01769913 1.883602
0.2684254 -0.01988698 1.845436
0.03799048 -0.3951199 1.858756
0.2937165 -0.3748198 1.851666
-0.01138353 -0.7352218 1.928196
0.2813703 -0.7392777 1.889346
-0.05502326 -0.8007633 1.863318
0.2787444 -0.7979203 1.81705
9
0.1938187 -0.01927148 1.90327
0.1124476 -0.01749837 1.884554
0.2675997 -0.01985897 1.84574
0.03388108 -0.3900885 1.863837
0.2935614 -0.3755892 1.851069
-0.01376596 -0.7366403 1.941923
0.2820769 -0.7385495 1.888543
-0.06111069 -0.8050582 1.878721
0.278893 -0.797708 1.817207
9
0.1938187 -0.01927148 1.90327
0.1124476 -0.01749837 1.884554
0.2675997 -0.01985897 1.84574
0.03388108 -0.3900885 1.863837
0.2935614 -0.3755892 1.851069
-0.01376596 -0.7366403 1.941923
0.2820769 -0.7385495 1.888543
-0.06111069 -0.8050582 1.878721
0.278893 -0.797708 1.817207
9
0.1921203 -0.01918807 1.905103
0.1110868 -0.01738125 1.887272
0.2655566 -0.01988902 1.846769
0.02966484 -0.3883415 1.870905
0.2928961 -0.3742425 1.850418
-0.01668383 -0.7385325 1.954791
0.2821992 -0.7385836 1.888634
-0.06372742 -0.8051239 1.894096
0.2787404 -0.7978606 1.81752
9
0.1921203 -0.01918807 1.905103
0.1110868 -0.01738125 1.887272
0.2655566 -0.01988902 1.846769
0.02966484 -0.3883415 1.870905
0.2928961 -0.3742425 1.850418
-0.01668383 -0.7385325 1.954791
0.2821992 -0.7385836 1.888634
-0.06372742 -0.8051239 1.894096
0.2787404 -0.7978606 1.81752
9
0.1900343 -0.01890903 1.906581
0.1095374 -0.01715363 1.889116
0.2628914 -0.01963439 1.847723
0.02700234 -0.3852824 1.875494
0.291509 -0.3729399 1.849167
-0.02024401 -0.7378112 1.962653
0.2822197 -0.7386391 1.888654
-0.06856734 -0.8072101 1.911385
0.278688 -0.797914 1.817535
9
0.1900343 -0.01890903 1.906581
0.1095374 -0.01715363 1.889116
0.2628914 -0.01963439 1.847723
0.02700234 -0.3852824 1.875494
0.291509 -0.3729399 1.849167
-0.02024401 -0.7378112 1.962653
0.2822197 -0.7386391 1.888654
-0.06856734 -0.8072101 1.911385
0.278688 -0.797914 1.817535
9
0.1871746 -0.01847227 1.908916
0.1074159 -0.01683148 1.891721
0.2593587 -0.01916523 1.849597
0.02348902 -0.3836823 1.882388
0.2905233 -0.3723874 1.848754
-0.02492561 -0.7377601 1.97475
0.2822419 -0.7386671 1.888643
-0.07092393 -0.8073304 1.915064
0.2782272 -0.7978692 1.81736
9
0.1871746 -0.01847227 1.908916
0.1074159 -0.01683148 1.891721
0.2593587 -0.01916523 1.849597
0.02348902 -0.3836823 1.882388
0.2905233 -0.3723874 1.848754
-0.02492561 -0.7377601 1.97475
0.2822419 -0.7386671 1.888643
-0.07092393 -0.8073304 1.915064
0.2782272 -0.7978692 1.81736
9
0.1834632 -0.01854438 1.911722
0.1039777 -0.01724082 1.895504
0.2555284 -0.01899083 1.851427
0.02059891 -0.382275 1.887854
0.2894129 -0.3718776 1.848705
-0.02820056 -0.7398474 1.983117
0.2822605 -0.7385466 1.888498
-0.07640122 -0.8092401 1.921029
0.2784969 -0.7978449 1.817414
9
0.1834632 -0.01854438 1.911722
0.1039777 -0.01724082 1.895504
0.2555284 -0.01899083 1.851427
0.02059891 -0.382275 1.887854
0.2894129 -0.3718776 1.848705
-0.02820056 -0.7398474 1.983117
0.2822605 -0.7385466 1.888498
-0.07640122 -0.8092401 1.921029
0.2784969 -0.7978449 1.817414
9
0.179317 -0.01833087 1.914863
0.1002991 -0.01726103 1.898777
0.251177 -0.01858666 1.854226
0.01744253 -0.3805838 1.893679
0.2879328 -0.3720857 1.848995
-0.03208305 -0.7391714 1.989805
0.2822437 -0.7382507 1.888555
-0.08372311 -0.8101742 1.924971
0.2782039 -0.7975102 1.817372
9
0.179317 -0.01833087 1.914863
0.1002991 -0.01726103 1.898777
0.251177 -0.01858666 1.854226
0.01744253 -0.3805838 1.893679
0.2879328 -0.3720857 1.848995
-0.03208305 -0.7391714 1.989805
0.2822437 -0.7382507 1.888555
-0.08372311 -0.8101742 1.924971
0.2782039 -0.7975102 1.817372
9
0.1749339 -0.01897454 1.917624
0.09633446 -0.0181029 1.901458
0.2465811 -0.0190175 1.856953
0.01447247 -0.3802806 1.898256
0.285818 -0.3727661 1.849286
-0.03597816 -0.7384338 1.994911
0.2818821 -0.7375695 1.888521
-0.08886983 -0.8108196 1.935168
0.2780287 -0.7969419 1.817544
9
0.1749339 -0.01897454 1.917624
0.09633446 -0.0181029 1.901458
0.2465811 -0.0190175 1.856953
0.01447247 -0.3802806 1.898256
0.285818 -0.3727661 1.849286
-0.03597816 -0.7384338 1.994911
0.2818821 -0.7375695 1.888521
-0.08886983 -0.8108196 1.935168
0.2780287 -0.7969419 1.817544
9
0.1749339 -0.01897454 1.917624
0.09633446 -0.0181029 1.901458
0.2465811 -0.0190175 1.856953
0.01447247 -0.3802806 1.898256
0.285818 -0.3727661 1.849286
-0.03597816 -0.7384338 1.994911
0.2818821 -0.7375695 1.888521
-0.08886983 -0.8108196 1.935168
0.2780287 -0.7969419 1.817544
9
0.1749339 -0.01897454 1.917624
0.09633446 -0.0181029 1.901458
0.2465811 -0.0190175 1.856953
0.01447247 -0.3802806 1.898256
0.285818 -0.3727661 1.849286
-0.03597816 -0.7384338 1.994911
0.2818821 -0.7375695 1.888521
-0.08886983 -0.8108196 1.935168
0.2780287 -0.7969419 1.817544
9
0.1605147 -0.0215094 1.926433
0.082292 -0.02161986 1.910654
0.2323737 -0.02053384 1.865256
0.005471352 -0.3836542 1.910472
0.281572 -0.3748982 1.851872
-0.04237328 -0.7378597 2.001266
0.2816262 -0.737372 1.888662
-0.09344429 -0.8113713 1.944834
0.2777296 -0.7968094 1.817805
9
0.1605147 -0.0215094 1.926433
0.082292 -0.02161986 1.910654
0.2323737 -0.02053384 1.865256
0.005471352 -0.3836542 1.910472
0.281572 -0.3748982 1.851872
-0.04237328 -0.7378597 2.001266
0.2816262 -0.737372 1.888662
-0.09344429 -0.8113713 1.944834
0.2777296 -0.7968094 1.817805
