40
9
0.07300831 -0.2570586 2.247073
-0.005507587 -0.2534698 2.232622
0.1491134 -0.2519931 2.185995
-0.03525908 -0.6282988 2.227788
0.2037372 -0.6367967 2.200951
-0.04513324 -0.9671726 2.222258
0.2268559 -0.9723061 2.230294
-0.08413655 -1.000404 2.085347
0.2287696 -1.051768 2.157017
9
0.07300831 -0.2570586 2.247073
-0.005507587 -0.2534698 2.232622
0.1491134 -0.2519931 2.185995
-0.03525908 -0.6282988 2.227788
0.2037372 -0.6367967 2.200951
-0.04513324 -0.9671726 2.222258
0.2268559 -0.9723061 2.230294
-0.08413655 -1.000404 2.085347
0.2287696 -1.051768 2.157017
9
0.07300831 -0.2570586 2.247073
-0.005507587 -0.2534698 2.232622
0.1491134 -0.2519931 2.185995
-0.03525908 -0.6282988 2.227788
0.2037372 -0.6367967 2.200951
-0.04513324 -0.9671726 2.222258
0.2268559 -0.9723061 2.230294
-0.08413655 -1.000404 2.085347
0.2287696 -1.051768 2.157017
9
0.07300831 -0.2570586 2.247073
-0.005507587 -0.2534698 2.232622
0.1491134 -0.2519931 2.185995
-0.03525908 -0.6282988 2.227788
0.2037372 -0.6367967 2.200951
-0.04513324 -0.9671726 2.222258
0.2268559 -0.9723061 2.230294
-0.08413655 -1.000404 2.085347
0.2287696 -1.051768 2.157017
9
0.007013672 -0.2573208 2.238003
-0.06946424 -0.2522265 2.224894
0.08332679 -0.2537291 2.175539
-0.06633554 -0.6273805 2.230379
0.1500958 -0.6637653 2.179945
-0.04918893 -0.9732981 2.221922
0.2214198 -0.9766548 2.22489
-0.09099577 -1.046045 2.156788
0.2311957 -1.054354 2.149559
9
0.007013672 -0.2573208 2.238003
-0.06946424 -0.2522265 2.224894
0.08332679 -0.2537291 2.175539
-0.06633554 -0.6273805 2.230379
0.1500958 -0.6637653 2.179945
-0.04918893 -0.9732981 2.221922
0.2214198 -0.9766548 2.22489
-0.09099577 -1.046045 2.156788
0.2311957 -1.054354 2.149559
9
0.004390236 -0.257544 2.237478
-0.07227284 -0.2523163 2.224378
0.08095963 -0.2540668 2.175004
-0.07129368 -0.6279228 2.230601
0.1475531 -0.6649516 2.177894
-0.05199254 -0.9780988 2.22108
0.2180902 -0.9765441 2.219406
-0.09744801 -1.049713 2.158331
0.2351292 -1.050345 2.138879
9
0.004390236 -0.257544 2.237478
-0.07227284 -0.2523163 2.224378
0.08095963 -0.2540668 2.175004
-0.07129368 -0.6279228 2.230601
0.1475531 -0.6649516 2.177894
-0.05199254 -0.9780988 2.22108
0.2180902 -0.9765441 2.219406
-0.09744801 -1.049713 2.158331
0.2351292 -1.050345 2.138879
9
-0.003009284 -0.2574237 2.236905
-0.07914547 -0.252608 2.22422
0.07323794 -0.2535124 2.173987
-0.07604103 -0.6287479 2.230747
0.1412156 -0.6653231 2.172347
-0.05270455 -0.9789556 2.221422
0.2150268 -0.9774448 2.217216
-0.09931539 -1.049107 2.156322
0.2387239 -1.048131 2.134336
9
-0.003009284 -0.2574237 2.236905
-0.07914547 -0.252608 2.22422
0.07323794 -0.2535124 2.173987
-0.07604103 -0.6287479 2.230747
0.1412156 -0.6653231 2.172347
-0.05270455 -0.9789556 2.221422
0.2150268 -0.9774448 2.217216
-0.09931539 -1.049107 2.156322
0.2387239 -1.048131 2.134336
9
-0.003009284 -0.2574237 2.236905
-0.07914547 -0.252608 2.22422
0.07323794 -0.2535124 2.173987
-0.07604103 -0.6287479 2.230747
0.1412156 -0.6653231 2.172347
-0.05270455 -0.9789556 2.221422
0.2150268 -0.9774448 2.217216
-0.09931539 -1.049107 2.156322
0.2387239 -1.048131 2.134336
9
-0.01373841 -0.2573725 2.235833
-0.08971056 -0.2529143 2.223529
0.06274193 -0.253116 2.172548
-0.08017024 -0.6303278 2.231418
0.1331807 -0.6643756 2.162368
-0.05308624 -0.9820036 2.222931
0.2111616 -0.9777642 2.212498
-0.1019771 -1.048922 2.153172
0.2400184 -1.047768 2.131603
9
-0.01373841 -0.2573725 2.235833
-0.08971056 -0.2529143 2.223529
0.06274193 -0.253116 2.172548
-0.08017024 -0.6303278 2.231418
0.1331807 -0.6643756 2.162368
-0.05308624 -0.9820036 2.222931
0.2111616 -0.9777642 2.212498
-0.1019771 -1.048922 2.153172
0.2400184 -1.047768 2.131603
9
-0.02064538 -0.2569878 2.234795
-0.09592818 -0.2531984 2.222649
0.05531513 -0.2520104 2.17134
-0.08410873 -0.6313924 2.231315
0.1268651 -0.6646519 2.154484
-0.05375473 -0.9832121 2.223324
0.205653 -0.9790165 2.206572
-0.1023076 -1.049753 2.152297
0.2357171 -1.047235 2.123429
9
-0.02064538 -0.2569878 2.234795
-0.09592818 -0.2531984 2.222649
0.05531513 -0.2520104 2.17134
-0.08410873 -0.6313924 2.231315
0.1268651 -0.6646519 2.154484
-0.05375473 -0.9832121 2.223324
0.205653 -0.9790165 2.206572
-0.1023076 -1.049753 2.152297
0.2357171 -1.047235 2.123429
9
-0.02064538 -0.2569878 2.234795
-0.09592818 -0.2531984 2.222649
0.05531513 -0.2520104 2.17134
-0.08410873 -0.6313924 2.231315
0.1268651 -0.6646519 2.154484
-0.05375473 -0.9832121 2.223324
0.205653 -0.9790165 2.206572
-0.1023076 -1.049753 2.152297
0.2357171 -1.047235 2.123429
9
-0.02064538 -0.2569878 2.234795
-0.09592818 -0.2531984 2.222649
0.05531513 -0.2520104 2.17134
-0.08410873 -0.6313924 2.231315
0.1268651 -0.6646519 2.154484
-0.05375473 -0.9832121 2.223324
0.205653 -0.9790165 2.206572
-0.1023076 -1.049753 2.152297
0.2357171 -1.047235 2.123429
9
-0.03872033 -0.2540135 2.230782
-0.1133371 -0.2523297 2.218346
0.03709466 -0.2469638 2.167613
-0.0889599 -0.6335481 2.231223
0.09959923 -0.6557806 2.126777
-0.05418561 -0.9835821 2.223324
0.1743702 -0.9795401 2.171688
-0.1012827 -1.051505 2.153486
0.1756422 -1.053598 2.08818
9
-0.03872033 -0.2540135 2.230782
-0.1133371 -0.2523297 2.218346
0.03709466 -0.2469638 2.167613
-0.0889599 -0.6335481 2.231223
0.09959923 -0.6557806 2.126777
-0.05418561 -0.9835821 2.223324
0.1743702 -0.9795401 2.171688
-0.1012827 -1.051505 2.153486
0.1756422 -1.053598 2.08818
9
-0.03872033 -0.2540135 2.230782
-0.1133371 -0.2523297 2.218346
0.03709466 -0.2469638 2.167613
-0.0889599 -0.6335481 2.231223
0.09959923 -0.6557806 2.126777
-0.05418561 -0.9835821 2.223324
0.1743702 -0.9795401 2.171688
-0.1012827 -1.051505 2.153486
0.1756422 -1.053598 2.08818
9
-0.04443906 -0.252192 2.228849
-0.1189131 -0.2519497 2.215957
0.03126233 -0.2436368 2.166094
-0.09097651 -0.6337606 2.230793
0.09595012 -0.65295 2.123703
-0.05409782 -0.9837233 2.223665
0.1717055 -0.9809937 2.167513
-0.09747635 -1.058182 2.167216
0.1753483 -1.057149 2.088331
9
-0.04443906 -0.252192 2.228849
-0.1189131 -0.2519497 2.215957
0.03126233 -0.2436368 2.166094
-0.09097651 -0.6337606 2.230793
0.09595012 -0.65295 2.123703
-0.05409782 -0.9837233 2.223665
0.1717055 -0.9809937 2.167513
-0.09747635 -1.058182 2.167216
0.1753483 -1.057149 2.088331
9
-0.04844214 -0.2515617 2.226968
-0.122856 -0.2521783 2.213782
0.02739243 -0.2422346 2.164502
-0.09299536 -0.6345474 2.230842
0.0908285 -0.6516378 2.120106
-0.05476926 -0.984835 2.223606
0.1588469 -0.9845693 2.156613
-0.09740251 -1.060877 2.172836
0.169251 -1.057778 2.073434
9
-0.04844214 -0.2515617 2.226968
-0.122856 -0.2521783 2.213782
0.02739243 -0.2422346 2.164502
-0.09299536 -0.6345474 2.230842
0.0908285 -0.6516378 2.120106
-0.05476926 -0.984835 2.223606
0.1588469 -0.9845693 2.156613
-0.09740251 -1.060877 2.172836
0.169251 -1.057778 2.073434
9
-0.04844214 -0.2515617 2.226968
-0.122856 -0.2521783 2.213782
0.02739243 -0.2422346 2.164502
-0.09299536 -0.6345474 2.230842
0.0908285 -0.6516378 2.120106
-0.05476926 -0.984835 2.223606
0.1588469 -0.9845693 2.156613
-0.09740251 -1.060877 2.172836
0.169251 -1.057778 2.073434
9
-0.04844214 -0.2515617 2.226968
-0.122856 -0.2521783 2.213782
0.02739243 -0.2422346 2.164502
-0.09299536 -0.6345474 2.230842
0.0908285 -0.6516378 2.120106
-0.05476926 -0.984835 2.223606
0.1588469 -0.9845693 2.156613
-0.09740251 -1.060877 2.172836
0.169251 -1.057778 2.073434
9
-0.05404846 -0.2504911 2.223663
-0.1274376 -0.2529199 2.21154
0.02065692 -0.2388433 2.159752
-0.09498569 -0.6356133 2.230465
0.07661112 -0.648878 2.111903
-0.05497555 -0.9847929 2.223722
0.1339254 -0.9830515 2.127705
-0.09888327 -1.06023 2.173027
0.09764572 -1.038756 2.029123
9
-0.05804094 -0.2497038 2.221518
-0.1314404 -0.2530987 2.20946
0.01706319 -0.2373385 2.15772
-0.09840096 -0.6496723 2.229649
0.06908515 -0.6482561 2.108656
-0.05476836 -0.9865283 2.225946
0.1236255 -0.9841089 2.115297
-0.09341867 -1.061311 2.16305
0.1036597 -1.052054 2.025542
9
-0.05804094 -0.2497038 2.221518
-0.1314404 -0.2530987 2.20946
0.01706319 -0.2373385 2.15772
-0.09840096 -0.6496723 2.229649
0.06908515 -0.6482561 2.108656
-0.05476836 -0.9865283 2.225946
0.1236255 -0.9841089 2.115297
-0.09341867 -1.061311 2.16305
0.1036597 -1.052054 2.025542
9
-0.05804094 -0.2497038 2.221518
-0.1314404 -0.2530987 2.20946
0.01706319 -0.2373385 2.15772
-0.09840096 -0.6496723 2.229649
0.06908515 -0.6482561 2.108656
-0.05476836 -0.9865283 2.225946
0.1236255 -0.9841089 2.115297
-0.09341867 -1.061311 2.16305
0.1036597 -1.052054 2.025542
9
-0.06128358 -0.2489967 2.219804
-0.1347038 -0.2529869 2.208086
0.01408556 -0.2361674 2.15575
-0.1007276 -0.6520928 2.22896
0.06346335 -0.6513944 2.104479
-0.05559962 -0.9871719 2.224792
0.1131526 -0.9834405 2.098149
-0.0935286 -1.062589 2.16298
0.07755584 -1.039126 1.99963
9
-0.06128358 -0.2489967 2.219804
-0.1347038 -0.2529869 2.208086
0.01408556 -0.2361674 2.15575
-0.1007276 -0.6520928 2.22896
0.06346335 -0.6513944 2.104479
-0.05559962 -0.9871719 2.224792
0.1131526 -0.9834405 2.098149
-0.0935286 -1.062589 2.16298
0.07755584 -1.039126 1.99963
9
-0.06128358 -0.2489967 2.219804
-0.1347038 -0.2529869 2.208086
0.01408556 -0.2361674 2.15575
-0.1007276 -0.6520928 2.22896
0.06346335 -0.6513944 2.104479
-0.05559962 -0.9871719 2.224792
0.1131526 -0.9834405 2.098149
-0.0935286 -1.062589 2.16298
0.07755584 -1.039126 1.99963
9
-0.06128358 -0.2489967 2.219804
-0.1347038 -0.2529869 2.208086
0.01408556 -0.2361674 2.15575
-0.1007276 -0.6520928 2.22896
0.06346335 -0.6513944 2.104479
-0.05559962 -0.9871719 2.224792
0.1131526 -0.9834405 2.098149
-0.0935286 -1.062589 2.16298
0.07755584 -1.039126 1.99963
9
-0.06128358 -0.2489967 2.219804
-0.1347038 -0.2529869 2.208086
0.01408556 -0.2361674 2.15575
-0.1007276 -0.6520928 2.22896
0.06346335 -0.6513944 2.104479
-0.05559962 -0.9871719 2.224792
0.1131526 -0.9834405 2.098149
-0.0935286 -1.062589 2.16298
0.07755584 -1.039126 1.99963
9
-0.06550365 -0.2474065 2.214054
-0.1396626 -0.2523841 2.201678
0.01076335 -0.2338557 2.150683
-0.1042765 -0.6534109 2.226647
0.05111615 -0.6538568 2.076362
-0.0561373 -0.98733 2.221259
0.08438861 -0.9734475 2.043197
-0.09483591 -1.064252 2.166383
0.053551 -1.03579 1.950852
9
-0.06550365 -0.2474065 2.214054
-0.1396626 -0.2523841 2.201678
0.01076335 -0.2338557 2.150683
-0.1042765 -0.6534109 2.226647
0.05111615 -0.6538568 2.076362
-0.0561373 -0.98733 2.221259
0.08438861 -0.9734475 2.043197
-0.09483591 -1.064252 2.166383
0.053551 -1.03579 1.950852
9
-0.06550365 -0.2474065 2.214054
-0.1396626 -0.2523841 2.201678
0.01076335 -0.2338557 2.150683
-0.1042765 -0.6534109 2.226647
0.05111615 -0.6538568 2.076362
-0.0561373 -0.98733 2.221259
0.08438861 -0.9734475 2.043197
-0.09483591 -1.064252 2.166383
0.053551 -1.03579 1.950852
9
-0.06550365 -0.2474065 2.214054
-0.1396626 -0.2523841 2.201678
0.01076335 -0.2338557 2.150683
-0.1042765 -0.6534109 2.226647
0.05111615 -0.6538568 2.076362
-0.0561373 -0.98733 2.221259
0.08438861 -0.9734475 2.043197
-0.09483591 -1.064252 2.166383
0.053551 -1.03579 1.950852
9
-0.06864991 -0.2478943 2.207194
-0.1433354 -0.2537949 2.195302
0.008322773 -0.2334078 2.143324
-0.106736 -0.6563843 2.223727
0.04852099 -0.6494329 2.062632
-0.05673418 -0.9895912 2.219914
0.08090052 -0.9639285 2.016701
-0.1008868 -1.065034 2.17048
0.04870957 -1.015894 1.913303
