40
9
-0.02638145 -0.02248307 1.9091
-0.1092731 -0.02427748 1.868809
0.05760227 -0.01983508 1.871012
-0.1136461 -0.4363746 1.853709
0.07682629 -0.4265811 1.870562
-0.1129958 -0.772325 1.844865
0.08505347 -0.7556931 1.907815
-0.1283582 -0.8278598 1.738279
0.1065078 -0.8269844 1.82599
9
-0.02651134 -0.02181677 1.90639
-0.1093062 -0.02393883 1.86578
0.05738655 -0.01887592 1.86862
-0.1140197 -0.4362094 1.853181
0.07795355 -0.4295309 1.865059
-0.112829 -0.7724512 1.845073
0.08506217 -0.7575403 1.903515
-0.1278191 -0.828595 1.741779
0.1070452 -0.8273424 1.819427
9
-0.02651134 -0.02181677 1.90639
-0.1093062 -0.02393883 1.86578
0.05738655 -0.01887592 1.86862
-0.1140197 -0.4362094 1.853181
0.07795355 -0.4295309 1.865059
-0.112829 -0.7724512 1.845073
0.08506217 -0.7575403 1.903515
-0.1278191 -0.828595 1.741779
0.1070452 -0.8273424 1.819427
9
-0.0262356 -0.02171761 1.904169
-0.1089913 -0.02398851 1.862921
0.0576084 -0.0186568 1.866997
-0.1142013 -0.4364605 1.85277
0.07824996 -0.4306992 1.863452
-0.1124573 -0.7728857 1.84492
0.0849354 -0.757836 1.900743
-0.127027 -0.8294931 1.742013
0.1096818 -0.8247404 1.813328
9
-0.0262356 -0.02171761 1.904169
-0.1089913 -0.02398851 1.862921
0.0576084 -0.0186568 1.866997
-0.1142013 -0.4364605 1.85277
0.07824996 -0.4306992 1.863452
-0.1124573 -0.7728857 1.84492
0.0849354 -0.757836 1.900743
-0.127027 -0.8294931 1.742013
0.1096818 -0.8247404 1.813328
9
-0.02565871 -0.02141451 1.902341
-0.1084226 -0.02378362 1.860792
0.05815619 -0.01826773 1.865497
-0.1143485 -0.4357901 1.851735
0.07833137 -0.4308493 1.863356
-0.1123875 -0.7732245 1.844977
0.08508466 -0.7583715 1.899644
-0.1271362 -0.830625 1.742965
0.1102726 -0.8252121 1.812387
9
-0.02565871 -0.02141451 1.902341
-0.1084226 -0.02378362 1.860792
0.05815619 -0.01826773 1.865497
-0.1143485 -0.4357901 1.851735
0.07833137 -0.4308493 1.863356
-0.1123875 -0.7732245 1.844977
0.08508466 -0.7583715 1.899644
-0.1271362 -0.830625 1.742965
0.1102726 -0.8252121 1.812387
9
-0.02488585 -0.02107234 1.900672
-0.1078256 -0.02388384 1.859635
0.0591164 -0.01729799 1.863189
-0.1143317 -0.4345546 1.850276
0.07849292 -0.4310544 1.863466
-0.1123753 -0.7733263 1.844961
0.08509276 -0.7574819 1.899377
-0.1270323 -0.8316885 1.743979
0.1099243 -0.8248284 1.812708
9
-0.02488585 -0.02107234 1.900672
-0.1078256 -0.02388384 1.859635
0.0591164 -0.01729799 1.863189
-0.1143317 -0.4345546 1.850276
0.07849292 -0.4310544 1.863466
-0.1123753 -0.7733263 1.844961
0.08509276 -0.7574819 1.899377
-0.1270323 -0.8316885 1.743979
0.1099243 -0.8248284 1.812708
9
-0.02413788 -0.02084922 1.89934
-0.1071627 -0.02396755 1.858352
0.05991678 -0.01677534 1.861853
-0.1142989 -0.4337326 1.849087
0.07858789 -0.4318213 1.864689
-0.1123855 -0.7734189 1.844947
0.08510142 -0.7574468 1.899356
-0.1272202 -0.8323631 1.744663
0.1097686 -0.8251209 1.813124
9
-0.02413788 -0.02084922 1.89934
-0.1071627 -0.02396755 1.858352
0.05991678 -0.01677534 1.861853
-0.1142989 -0.4337326 1.849087
0.07858789 -0.4318213 1.864689
-0.1123855 -0.7734189 1.844947
0.08510142 -0.7574468 1.899356
-0.1272202 -0.8323631 1.744663
0.1097686 -0.8251209 1.813124
9
-0.02342282 -0.02066227 1.898148
-0.106573 -0.02397538 1.857424
0.06071983 -0.01638056 1.860423
-0.1138571 -0.4329203 1.848148
0.07868649 -0.4323823 1.866367
-0.1124781 -0.7734221 1.845105
0.08525239 -0.7573732 1.899249
-0.127183 -0.832505 1.744944
0.1095787 -0.8249999 1.812767
9
-0.02342282 -0.02066227 1.898148
-0.106573 -0.02397538 1.857424
0.06071983 -0.01638056 1.860423
-0.1138571 -0.4329203 1.848148
0.07868649 -0.4323823 1.866367
-0.1124781 -0.7734221 1.845105
0.08525239 -0.7573732 1.899249
-0.127183 -0.832505 1.744944
0.1095787 -0.8249999 1.812767
9
-0.02325295 -0.02063803 1.897093
-0.1064178 -0.02400417 1.856675
0.06088501 -0.01630733 1.859075
-0.1136757 -0.4328461 1.847923
0.07904297 -0.4329462 1.868531
-0.1127564 -0.7744564 1.845804
0.0855828 -0.7575387 1.899106
-0.1272059 -0.8326717 1.744627
0.1094336 -0.8251171 1.81232
9
-0.02325295 -0.02063803 1.897093
-0.1064178 -0.02400417 1.856675
0.06088501 -0.01630733 1.859075
-0.1136757 -0.4328461 1.847923
0.07904297 -0.4329462 1.868531
-0.1127564 -0.7744564 1.845804
0.0855828 -0.7575387 1.899106
-0.1272059 -0.8326717 1.744627
0.1094336 -0.8251171 1.81232
9
-0.02325295 -0.02063803 1.897093
-0.1064178 -0.02400417 1.856675
0.06088501 -0.01630733 1.859075
-0.1136757 -0.4328461 1.847923
0.07904297 -0.4329462 1.868531
-0.1127564 -0.7744564 1.845804
0.0855828 -0.7575387 1.899106
-0.1272059 -0.8326717 1.744627
0.1094336 -0.8251171 1.81232
9
-0.02308147 -0.02063306 1.896441
-0.1062538 -0.02389238 1.856058
0.06105453 -0.016426 1.858413
-0.1131494 -0.4286861 1.846576
0.07943185 -0.4330163 1.870956
-0.1129019 -0.7747929 1.846335
0.08565935 -0.7572678 1.89931
-0.1313449 -0.8300874 1.743157
0.1092524 -0.8249305 1.812521
9
-0.02282533 -0.02064518 1.895121
-0.1060056 -0.02386115 1.854668
0.06130116 -0.01649228 1.857212
-0.1131852 -0.4291372 1.846342
0.07964961 -0.4333233 1.87245
-0.1127789 -0.7747034 1.846149
0.08576737 -0.7572679 1.899144
-0.1292714 -0.8301657 1.742583
0.1091442 -0.8249724 1.812318
9
-0.02282533 -0.02064518 1.895121
-0.1060056 -0.02386115 1.854668
0.06130116 -0.01649228 1.857212
-0.1131852 -0.4291372 1.846342
0.07964961 -0.4333233 1.87245
-0.1127789 -0.7747034 1.846149
0.08576737 -0.7572679 1.899144
-0.1292714 -0.8301657 1.742583
0.1091442 -0.8249724 1.812318
9
-0.02249584 -0.02062234 1.894087
-0.1056632 -0.02384038 1.853727
0.06159746 -0.01648084 1.856114
-0.1129939 -0.4301727 1.84603
0.07989845 -0.4335455 1.87324
-0.1125869 -0.7747239 1.845968
0.0861619 -0.7575098 1.898995
-0.1284249 -0.8297237 1.741759
0.1096476 -0.8238195 1.810081
9
-0.02249584 -0.02062234 1.894087
-0.1056632 -0.02384038 1.853727
0.06159746 -0.01648084 1.856114
-0.1129939 -0.4301727 1.84603
0.07989845 -0.4335455 1.87324
-0.1125869 -0.7747239 1.845968
0.0861619 -0.7575098 1.898995
-0.1284249 -0.8297237 1.741759
0.1096476 -0.8238195 1.810081
9
-0.02240969 -0.02055468 1.893111
-0.1056126 -0.02383358 1.852733
0.06171473 -0.01636657 1.855177
-0.1129453 -0.4302358 1.845862
0.0799785 -0.4333523 1.873649
-0.1126558 -0.7749416 1.846007
0.08598693 -0.7565835 1.899219
-0.1284471 -0.8298233 1.741673
0.1091728 -0.8238465 1.811587
9
-0.02240969 -0.02055468 1.893111
-0.1056126 -0.02383358 1.852733
0.06171473 -0.01636657 1.855177
-0.1129453 -0.4302358 1.845862
0.0799785 -0.4333523 1.873649
-0.1126558 -0.7749416 1.846007
0.08598693 -0.7565835 1.899219
-0.1284471 -0.8298233 1.741673
0.1091728 -0.8238465 1.811587
9
-0.02222039 -0.02053567 1.891813
-0.1054022 -0.02384646 1.851568
0.06187211 -0.01632311 1.853763
-0.1126669 -0.4305641 1.845707
0.0799631 -0.4332682 1.873832
-0.1125995 -0.7752389 1.845805
0.08640976 -0.7567106 1.898839
-0.127943 -0.8297206 1.740966
0.1090773 -0.8243712 1.811598
9
-0.02222039 -0.02053567 1.891813
-0.1054022 -0.02384646 1.851568
0.06187211 -0.01632311 1.853763
-0.1126669 -0.4305641 1.845707
0.0799631 -0.4332682 1.873832
-0.1125995 -0.7752389 1.845805
0.08640976 -0.7567106 1.898839
-0.127943 -0.8297206 1.740966
0.1090773 -0.8243712 1.811598
9
-0.02206164 -0.02077752 1.890771
-0.1052384 -0.02396963 1.850724
0.06201608 -0.01670237 1.85251
-0.112205 -0.4289699 1.844659
0.07999613 -0.433249 1.8739
-0.1125648 -0.7751133 1.845578
0.08670328 -0.7569633 1.898524
-0.1277456 -0.83038 1.741485
0.109251 -0.8244964 1.811043
9
-0.02206164 -0.02077752 1.890771
-0.1052384 -0.02396963 1.850724
0.06201608 -0.01670237 1.85251
-0.112205 -0.4289699 1.844659
0.07999613 -0.433249 1.8739
-0.1125648 -0.7751133 1.845578
0.08670328 -0.7569633 1.898524
-0.1277456 -0.83038 1.741485
0.109251 -0.8244964 1.811043
9
-0.02184735 -0.02118952 1.889118
-0.1050144 -0.02420309 1.849086
0.06221488 -0.01728483 1.850852
-0.1120961 -0.4292435 1.844549
0.08005675 -0.4332021 1.873889
-0.1125716 -0.7751277 1.845501
0.08678909 -0.7569828 1.898344
-0.1276003 -0.8314635 1.742472
0.1092299 -0.8246004 1.81095
9
-0.02184735 -0.02118952 1.889118
-0.1050144 -0.02420309 1.849086
0.06221488 -0.01728483 1.850852
-0.1120961 -0.4292435 1.844549
0.08005675 -0.4332021 1.873889
-0.1125716 -0.7751277 1.845501
0.08678909 -0.7569828 1.898344
-0.1276003 -0.8314635 1.742472
0.1092299 -0.8246004 1.81095
9
-0.02180963 -0.02123196 1.888321
-0.1049797 -0.02412875 1.848263
0.06225592 -0.01744128 1.850079
-0.1118696 -0.4302331 1.844362
0.08022398 -0.4334939 1.873864
-0.1126465 -0.7755086 1.84542
0.08696383 -0.7571484 1.89822
-0.1268077 -0.8310341 1.741353
0.108496 -0.8253623 1.811364
9
-0.02180963 -0.02123196 1.888321
-0.1049797 -0.02412875 1.848263
0.06225592 -0.01744128 1.850079
-0.1118696 -0.4302331 1.844362
0.08022398 -0.4334939 1.873864
-0.1126465 -0.7755086 1.84542
0.08696383 -0.7571484 1.89822
-0.1268077 -0.8310341 1.741353
0.108496 -0.8253623 1.811364
9
-0.02180963 -0.02123196 1.888321
-0.1049797 -0.02412875 1.848263
0.06225592 -0.01744128 1.850079
-0.1118696 -0.4302331 1.844362
0.08022398 -0.4334939 1.873864
-0.1126465 -0.7755086 1.84542
0.08696383 -0.7571484 1.89822
-0.1268077 -0.8310341 1.741353
0.108496 -0.8253623 1.811364
9
-0.02180963 -0.02123196 1.888321
-0.1049797 -0.02412875 1.848263
0.06225592 -0.01744128 1.850079
-0.1118696 -0.4302331 1.844362
0.08022398 -0.4334939 1.873864
-0.1126465 -0.7755086 1.84542
0.08696383 -0.7571484 1.89822
-0.1268077 -0.8310341 1.741353
0.108496 -0.8253623 1.811364
9
-0.02170337 -0.02126244 1.88662
-0.1049082 -0.0241206 1.846925
0.0624008 -0.01751952 1.847996
-0.1118083 -0.4302734 1.844316
0.08047491 -0.433333 1.873681
-0.1125434 -0.7753829 1.845309
0.08709323 -0.7570393 1.898186
-0.1268098 -0.83107 1.74143
0.1083456 -0.8253443 1.811349
9
-0.02170337 -0.02126244 1.88662
-0.1049082 -0.0241206 1.846925
0.0624008 -0.01751952 1.847996
-0.1118083 -0.4302734 1.844316
0.08047491 -0.433333 1.873681
-0.1125434 -0.7753829 1.845309
0.08709323 -0.7570393 1.898186
-0.1268098 -0.83107 1.74143
0.1083456 -0.8253443 1.811349
9
-0.0216809 -0.02137845 1.884678
-0.1048755 -0.0241988 1.845066
0.06241316 -0.01766852 1.845999
-0.1115602 -0.4308243 1.843962
0.08053835 -0.4332942 1.873579
-0.1123553 -0.7751259 1.84481
0.08729483 -0.7571325 1.897995
-0.1296579 -0.8279785 1.738907
0.1082236 -0.8255095 1.811138
9
-0.0216809 -0.02137845 1.884678
-0.1048755 -0.0241988 1.845066
0.06241316 -0.01766852 1.845999
-0.1115602 -0.4308243 1.843962
0.08053835 -0.4332942 1.873579
-0.1123553 -0.7751259 1.84481
0.08729483 -0.7571325 1.897995
-0.1296579 -0.8279785 1.738907
0.1082236 -0.8255095 1.811138
9
-0.0215263 -0.02161319 1.883428
-0.1047292 -0.02434981 1.844133
0.06256634 -0.01799046 1.844404
-0.1112382 -0.4316141 1.843452
0.08069123 -0.4332316 1.873245
-0.1124229 -0.7751816 1.844801
0.08744358 -0.7572223 1.897735
-0.1285095 -0.8283352 1.738865
0.1082926 -0.8257417 1.811079
9
-0.0215263 -0.02161319 1.883428
-0.1047292 -0.02434981 1.844133
0.06256634 -0.01799046 1.844404
-0.1112382 -0.4316141 1.843452
0.08069123 -0.4332316 1.873245
-0.1124229 -0.7751816 1.844801
0.08744358 -0.7572223 1.897735
-0.1285095 -0.8283352 1.738865
0.1082926 -0.8257417 1.811079
9
-0.02146965 -0.02159962 1.882328
-0.1046436 -0.02431956 1.843272
0.06258494 -0.01799623 1.843059
-0.1107664 -0.4311055 1.842742
0.08087669 -0.4330317 1.873033
-0.1121299 -0.7751249 1.844624
0.08757259 -0.7572254 1.897613
-0.1279396 -0.8289257 1.739242
0.1083018 -0.8258049 1.811004
