40
9
0.03070888 -0.0342204 1.976922
-0.05430919 -0.03762889 1.945876
0.1145558 -0.02954806 1.930154
-0.06753698 -0.4193146 1.927688
0.1566925 -0.4196823 1.957227
-0.05990604 -0.7727558 1.922224
0.1797415 -0.7520397 2.040551
-0.08874716 -0.8374468 1.830626
0.1852817 -0.8338122 1.970084
9
0.06006493 -0.03731861 1.994305
-0.0259955 -0.03942527 1.962083
0.1438236 -0.03381672 1.948756
-0.05133536 -0.4271893 1.9346
0.1670811 -0.421412 1.975833
-0.05921347 -0.7721556 1.922588
0.1791397 -0.7507617 2.043925
-0.08827777 -0.8371829 1.83152
0.1844232 -0.8320909 1.97205
9
0.06006493 -0.03731861 1.994305
-0.0259955 -0.03942527 1.962083
0.1438236 -0.03381672 1.948756
-0.05133536 -0.4271893 1.9346
0.1670811 -0.421412 1.975833
-0.05921347 -0.7721556 1.922588
0.1791397 -0.7507617 2.043925
-0.08827777 -0.8371829 1.83152
0.1844232 -0.8320909 1.97205
9
0.06717098 -0.03782146 1.998291
-0.01872105 -0.03944506 1.966161
0.1504905 -0.03474702 1.952642
-0.04351498 -0.4296587 1.93804
0.1732008 -0.4228146 1.983771
-0.05892126 -0.7720578 1.922688
0.1798716 -0.7513703 2.045787
-0.08745867 -0.8374661 1.831835
0.1825651 -0.833055 1.974273
9
0.06717098 -0.03782146 1.998291
-0.01872105 -0.03944506 1.966161
0.1504905 -0.03474702 1.952642
-0.04351498 -0.4296587 1.93804
0.1732008 -0.4228146 1.983771
-0.05892126 -0.7720578 1.922688
0.1798716 -0.7513703 2.045787
-0.08745867 -0.8374661 1.831835
0.1825651 -0.833055 1.974273
9
0.07805476 -0.0375271 2.005237
-0.007444121 -0.03888416 1.973685
0.1605592 -0.03470933 1.959023
-0.0377277 -0.4266837 1.939084
0.1785689 -0.423086 1.989049
-0.05798068 -0.7722664 1.923482
0.1807756 -0.7518617 2.047705
-0.0871722 -0.8371658 1.83221
0.1821608 -0.832619 1.97361
9
0.07805476 -0.0375271 2.005237
-0.007444121 -0.03888416 1.973685
0.1605592 -0.03470933 1.959023
-0.0377277 -0.4266837 1.939084
0.1785689 -0.423086 1.989049
-0.05798068 -0.7722664 1.923482
0.1807756 -0.7518617 2.047705
-0.0871722 -0.8371658 1.83221
0.1821608 -0.832619 1.97361
9
0.08682082 -0.0375389 2.011196
0.001064057 -0.03861986 1.97992
0.1692446 -0.03500135 1.964706
-0.03344841 -0.4285956 1.940553
0.1825204 -0.4217601 1.992416
-0.05704309 -0.7721469 1.923807
0.1818366 -0.7527108 2.049747
-0.08701901 -0.8366815 1.832404
0.18289 -0.832646 1.973643
9
0.08682082 -0.0375389 2.011196
0.001064057 -0.03861986 1.97992
0.1692446 -0.03500135 1.964706
-0.03344841 -0.4285956 1.940553
0.1825204 -0.4217601 1.992416
-0.05704309 -0.7721469 1.923807
0.1818366 -0.7527108 2.049747
-0.08701901 -0.8366815 1.832404
0.18289 -0.832646 1.973643
9
0.09642411 -0.03880745 2.019334
0.01011354 -0.03939033 1.987495
0.1790505 -0.03675538 1.973441
-0.02749112 -0.4380391 1.943949
0.1885353 -0.4209151 1.998524
-0.05606317 -0.7723511 1.924789
0.1836089 -0.7539117 2.050889
-0.08666593 -0.8360255 1.832508
0.1829989 -0.8332077 1.973222
9
0.09642411 -0.03880745 2.019334
0.01011354 -0.03939033 1.987495
0.1790505 -0.03675538 1.973441
-0.02749112 -0.4380391 1.943949
0.1885353 -0.4209151 1.998524
-0.05606317 -0.7723511 1.924789
0.1836089 -0.7539117 2.050889
-0.08666593 -0.8360255 1.832508
0.1829989 -0.8332077 1.973222
9
0.09642411 -0.03880745 2.019334
0.01011354 -0.03939033 1.987495
0.1790505 -0.03675538 1.973441
-0.02749112 -0.4380391 1.943949
0.1885353 -0.4209151 1.998524
-0.05606317 -0.7723511 1.924789
0.1836089 -0.7539117 2.050889
-0.08666593 -0.8360255 1.832508
0.1829989 -0.8332077 1.973222
9
0.09642411 -0.03880745 2.019334
0.01011354 -0.03939033 1.987495
0.1790505 -0.03675538 1.973441
-0.02749112 -0.4380391 1.943949
0.1885353 -0.4209151 1.998524
-0.05606317 -0.7723511 1.924789
0.1836089 -0.7539117 2.050889
-0.08666593 -0.8360255 1.832508
0.1829989 -0.8332077 1.973222
9
0.09642411 -0.03880745 2.019334
0.01011354 -0.03939033 1.987495
0.1790505 -0.03675538 1.973441
-0.02749112 -0.4380391 1.943949
0.1885353 -0.4209151 1.998524
-0.05606317 -0.7723511 1.924789
0.1836089 -0.7539117 2.050889
-0.08666593 -0.8360255 1.832508
0.1829989 -0.8332077 1.973222
9
0.1159172 -0.04076313 2.034105
0.03042574 -0.04094045 2.003863
0.1970277 -0.03900415 1.986705
-0.02179128 -0.4408158 1.946763
0.197361 -0.4195934 2.003259
-0.054678 -0.7721838 1.92548
0.1836847 -0.7544128 2.05111
-0.08637156 -0.8349965 1.832594
0.1843945 -0.8333831 1.972816
9
0.1159172 -0.04076313 2.034105
0.03042574 -0.04094045 2.003863
0.1970277 -0.03900415 1.986705
-0.02179128 -0.4408158 1.946763
0.197361 -0.4195934 2.003259
-0.054678 -0.7721838 1.92548
0.1836847 -0.7544128 2.05111
-0.08637156 -0.8349965 1.832594
0.1843945 -0.8333831 1.972816
9
0.1159172 -0.04076313 2.034105
0.03042574 -0.04094045 2.003863
0.1970277 -0.03900415 1.986705
-0.02179128 -0.4408158 1.946763
0.197361 -0.4195934 2.003259
-0.054678 -0.7721838 1.92548
0.1836847 -0.7544128 2.05111
-0.08637156 -0.8349965 1.832594
0.1843945 -0.8333831 1.972816
9
0.1266542 -0.04182775 2.043032
0.04052832 -0.04115559 2.012953
0.2080159 -0.04091725 1.995461
-0.01110546 -0.4450865 1.954356
0.2066326 -0.4227197 2.009295
-0.05284495 -0.771117 1.926869
0.1840525 -0.7551482 2.051647
-0.08526667 -0.8333477 1.833547
0.1847672 -0.8336573 1.972373
9
0.1266542 -0.04182775 2.043032
0.04052832 -0.04115559 2.012953
0.2080159 -0.04091725 1.995461
-0.01110546 -0.4450865 1.954356
0.2066326 -0.4227197 2.009295
-0.05284495 -0.771117 1.926869
0.1840525 -0.7551482 2.051647
-0.08526667 -0.8333477 1.833547
0.1847672 -0.8336573 1.972373
9
0.1266542 -0.04182775 2.043032
0.04052832 -0.04115559 2.012953
0.2080159 -0.04091725 1.995461
-0.01110546 -0.4450865 1.954356
0.2066326 -0.4227197 2.009295
-0.05284495 -0.771117 1.926869
0.1840525 -0.7551482 2.051647
-0.08526667 -0.8333477 1.833547
0.1847672 -0.8336573 1.972373
9
0.1266542 -0.04182775 2.043032
0.04052832 -0.04115559 2.012953
0.2080159 -0.04091725 1.995461
-0.01110546 -0.4450865 1.954356
0.2066326 -0.4227197 2.009295
-0.05284495 -0.771117 1.926869
0.1840525 -0.7551482 2.051647
-0.08526667 -0.8333477 1.833547
0.1847672 -0.8336573 1.972373
9
0.1266542 -0.04182775 2.043032
0.04052832 -0.04115559 2.012953
0.2080159 -0.04091725 1.995461
-0.01110546 -0.4450865 1.954356
0.2066326 -0.4227197 2.009295
-0.05284495 -0.771117 1.926869
0.1840525 -0.7551482 2.051647
-0.08526667 -0.8333477 1.833547
0.1847672 -0.8336573 1.972373
9
0.1429923 -0.04005995 2.055702
0.05775578 -0.03863482 2.027557
0.2228972 -0.03990562 2.006335
-0.002638317 -0.445145 1.962414
0.2165281 -0.4205506 2.018972
-0.04598492 -0.7682135 1.937151
0.1848712 -0.756013 2.052554
-0.08091319 -0.8261627 1.83974
0.1849934 -0.8354293 1.975199
9
0.1429923 -0.04005995 2.055702
0.05775578 -0.03863482 2.027557
0.2228972 -0.03990562 2.006335
-0.002638317 -0.445145 1.962414
0.2165281 -0.4205506 2.018972
-0.04598492 -0.7682135 1.937151
0.1848712 -0.756013 2.052554
-0.08091319 -0.8261627 1.83974
0.1849934 -0.8354293 1.975199
9
0.1458348 -0.03943316 2.057742
0.06029914 -0.03772536 2.029405
0.2259345 -0.03962873 2.008545
0.002383527 -0.445344 1.967053
0.2210825 -0.418449 2.02361
-0.0377404 -0.7679573 1.948856
0.1852111 -0.7563946 2.053081
-0.07363941 -0.8282318 1.854628
0.1844748 -0.8353238 1.974638
9
0.1458348 -0.03943316 2.057742
0.06029914 -0.03772536 2.029405
0.2259345 -0.03962873 2.008545
0.002383527 -0.445344 1.967053
0.2210825 -0.418449 2.02361
-0.0377404 -0.7679573 1.948856
0.1852111 -0.7563946 2.053081
-0.07363941 -0.8282318 1.854628
0.1844748 -0.8353238 1.974638
9
0.1458348 -0.03943316 2.057742
0.06029914 -0.03772536 2.029405
0.2259345 -0.03962873 2.008545
0.002383527 -0.445344 1.967053
0.2210825 -0.418449 2.02361
-0.0377404 -0.7679573 1.948856
0.1852111 -0.7563946 2.053081
-0.07363941 -0.8282318 1.854628
0.1844748 -0.8353238 1.974638
9
0.1499554 -0.03860064 2.06094
0.06469426 -0.03610819 2.033031
0.2296676 -0.03953167 2.011345
0.01630494 -0.4343121 1.977105
0.2255286 -0.4195208 2.030982
-0.02028551 -0.7693151 1.980972
0.1862802 -0.7569348 2.0546
-0.05393083 -0.8367957 1.894991
0.184875 -0.8347967 1.973926
9
0.1499554 -0.03860064 2.06094
0.06469426 -0.03610819 2.033031
0.2296676 -0.03953167 2.011345
0.01630494 -0.4343121 1.977105
0.2255286 -0.4195208 2.030982
-0.02028551 -0.7693151 1.980972
0.1862802 -0.7569348 2.0546
-0.05393083 -0.8367957 1.894991
0.184875 -0.8347967 1.973926
9
0.1499554 -0.03860064 2.06094
0.06469426 -0.03610819 2.033031
0.2296676 -0.03953167 2.011345
0.01630494 -0.4343121 1.977105
0.2255286 -0.4195208 2.030982
-0.02028551 -0.7693151 1.980972
0.1862802 -0.7569348 2.0546
-0.05393083 -0.8367957 1.894991
0.184875 -0.8347967 1.973926
9
0.1527794 -0.03848223 2.062861
0.06740185 -0.03549374 2.035159
0.2325227 -0.03993079 2.013064
0.01919746 -0.4338183 1.980219
0.2286653 -0.4194363 2.035318
-0.01412629 -0.7688675 1.992972
0.1871757 -0.7576864 2.055713
-0.05070317 -0.8341371 1.905347
0.1826735 -0.8360466 1.976057
9
0.1527794 -0.03848223 2.062861
0.06740185 -0.03549374 2.035159
0.2325227 -0.03993079 2.013064
0.01919746 -0.4338183 1.980219
0.2286653 -0.4194363 2.035318
-0.01412629 -0.7688675 1.992972
0.1871757 -0.7576864 2.055713
-0.05070317 -0.8341371 1.905347
0.1826735 -0.8360466 1.976057
9
0.1544609 -0.03841757 2.064028
0.06890158 -0.03506481 2.036291
0.2343488 -0.04027854 2.014269
0.02364505 -0.4262388 1.983507
0.2303959 -0.4187718 2.038562
-0.007543047 -0.7676719 2.009569
0.1882448 -0.7572148 2.057038
-0.04539435 -0.8338731 1.923988
0.182478 -0.8348625 1.975937
9
0.1544609 -0.03841757 2.064028
0.06890158 -0.03506481 2.036291
0.2343488 -0.04027854 2.014269
0.02364505 -0.4262388 1.983507
0.2303959 -0.4187718 2.038562
-0.007543047 -0.7676719 2.009569
0.1882448 -0.7572148 2.057038
-0.04539435 -0.8338731 1.923988
0.182478 -0.8348625 1.975937
9
0.1544609 -0.03841757 2.064028
0.06890158 -0.03506481 2.036291
0.2343488 -0.04027854 2.014269
0.02364505 -0.4262388 1.983507
0.2303959 -0.4187718 2.038562
-0.007543047 -0.7676719 2.009569
0.1882448 -0.7572148 2.057038
-0.04539435 -0.8338731 1.923988
0.182478 -0.8348625 1.975937
9
0.1544609 -0.03841757 2.064028
0.06890158 -0.03506481 2.036291
0.2343488 -0.04027854 2.014269
0.02364505 -0.4262388 1.983507
0.2303959 -0.4187718 2.038562
-0.007543047 -0.7676719 2.009569
0.1882448 -0.7572148 2.057038
-0.04539435 -0.8338731 1.923988
0.182478 -0.8348625 1.975937
9
0.1578572 -0.03887347 2.066248
0.07229792 -0.03495178 2.038526
0.2376169 -0.04130615 2.016467
0.02777129 -0.4214246 1.988341
0.2330201 -0.4261539 2.045044
0.004495114 -0.765292 2.03999
0.1887589 -0.757485 2.057846
-0.04013686 -0.8286127 1.954899
0.1826908 -0.834851 1.976189
9
0.1578572 -0.03887347 2.066248
0.07229792 -0.03495178 2.038526
0.2376169 -0.04130615 2.016467
0.02777129 -0.4214246 1.988341
0.2330201 -0.4261539 2.045044
0.004495114 -0.765292 2.03999
0.1887589 -0.757485 2.057846
-0.04013686 -0.8286127 1.954899
0.1826908 -0.834851 1.976189
9
0.1599698 -0.03885292 2.068374
0.07460206 -0.03461519 2.040917
0.2394464 -0.04157517 2.018319
0.02981147 -0.4194863 1.992524
0.2342065 -0.424824 2.046299
0.005712973 -0.7655923 2.045893
0.1893481 -0.7575862 2.058928
-0.04017648 -0.8323336 1.967748
0.1824373 -0.8343776 1.976197
9
0.1618434 -0.03874039 2.07009
0.07658189 -0.03412345 2.042776
0.2411485 -0.04182965 2.019898
0.03150994 -0.4180142 1.996872
0.2345947 -0.4278348 2.048694
0.00628037 -0.7652252 2.053082
0.1898031 -0.7577046 2.059361
-0.03871322 -0.8329213 1.975668
0.1819309 -0.8344055 1.976532
