40
9
-0.05475598 -0.03146308 2.005392
-0.1362445 -0.03776814 1.976186
0.02948366 -0.02383287 1.956378
-0.1522988 -0.4172646 1.966124
0.09699541 -0.4321683 1.931089
-0.1532483 -0.7778887 1.963329
0.142331 -0.7579471 1.940939
-0.1768406 -0.8357877 1.863418
0.1519775 -0.8259206 1.849002
9
-0.05475598 -0.03146308 2.005392
-0.1362445 -0.03776814 1.976186
0.02948366 -0.02383287 1.956378
-0.1522988 -0.4172646 1.966124
0.09699541 -0.4321683 1.931089
-0.1532483 -0.7778887 1.963329
0.142331 -0.7579471 1.940939
-0.1768406 -0.8357877 1.863418
0.1519775 -0.8259206 1.849002
9
-0.04515047 -0.03230598 2.003123
-0.1264717 -0.03860094 1.974582
0.03812358 -0.02467455 1.953616
-0.1465176 -0.4159564 1.964525
0.1008903 -0.4299248 1.928277
-0.1532667 -0.7778605 1.963386
0.1441686 -0.7578445 1.94124
-0.1754563 -0.8364576 1.863697
0.1522601 -0.8260339 1.849301
9
-0.04515047 -0.03230598 2.003123
-0.1264717 -0.03860094 1.974582
0.03812358 -0.02467455 1.953616
-0.1465176 -0.4159564 1.964525
0.1008903 -0.4299248 1.928277
-0.1532667 -0.7778605 1.963386
0.1441686 -0.7578445 1.94124
-0.1754563 -0.8364576 1.863697
0.1522601 -0.8260339 1.849301
9
-0.03477022 -0.03269425 1.999938
-0.1160058 -0.03886379 1.972699
0.04805074 -0.02521045 1.949105
-0.141597 -0.4173655 1.962567
0.1055426 -0.4298607 1.926419
-0.153243 -0.7779411 1.963456
0.1449123 -0.758388 1.941275
-0.1755544 -0.8382649 1.865814
0.1529131 -0.8259551 1.848448
9
-0.03477022 -0.03269425 1.999938
-0.1160058 -0.03886379 1.972699
0.04805074 -0.02521045 1.949105
-0.141597 -0.4173655 1.962567
0.1055426 -0.4298607 1.926419
-0.153243 -0.7779411 1.963456
0.1449123 -0.758388 1.941275
-0.1755544 -0.8382649 1.865814
0.1529131 -0.8259551 1.848448
9
-0.02368252 -0.03271541 1.996438
-0.1046897 -0.0386652 1.969651
0.05835341 -0.02545756 1.945222
-0.1338614 -0.4219172 1.960003
0.1110604 -0.4279864 1.924326
-0.1531401 -0.7780525 1.963039
0.145373 -0.7581811 1.941507
-0.1750013 -0.8387091 1.865553
0.1535989 -0.8260503 1.849071
9
-0.02368252 -0.03271541 1.996438
-0.1046897 -0.0386652 1.969651
0.05835341 -0.02545756 1.945222
-0.1338614 -0.4219172 1.960003
0.1110604 -0.4279864 1.924326
-0.1531401 -0.7780525 1.963039
0.145373 -0.7581811 1.941507
-0.1750013 -0.8387091 1.865553
0.1535989 -0.8260503 1.849071
9
-0.02368252 -0.03271541 1.996438
-0.1046897 -0.0386652 1.969651
0.05835341 -0.02545756 1.945222
-0.1338614 -0.4219172 1.960003
0.1110604 -0.4279864 1.924326
-0.1531401 -0.7780525 1.963039
0.145373 -0.7581811 1.941507
-0.1750013 -0.8387091 1.865553
0.1535989 -0.8260503 1.849071
9
-0.02368252 -0.03271541 1.996438
-0.1046897 -0.0386652 1.969651
0.05835341 -0.02545756 1.945222
-0.1338614 -0.4219172 1.960003
0.1110604 -0.4279864 1.924326
-0.1531401 -0.7780525 1.963039
0.145373 -0.7581811 1.941507
-0.1750013 -0.8387091 1.865553
0.1535989 -0.8260503 1.849071
9
0.0009222856 -0.0340389 1.991072
-0.08093854 -0.03989672 1.965878
0.08287931 -0.02683996 1.938209
-0.1183547 -0.43461 1.9527
0.1251641 -0.4282425 1.922234
-0.1518981 -0.7779826 1.963335
0.1475273 -0.7579184 1.941714
-0.1748323 -0.8390464 1.866695
0.1543558 -0.826497 1.849974
9
0.0009222856 -0.0340389 1.991072
-0.08093854 -0.03989672 1.965878
0.08287931 -0.02683996 1.938209
-0.1183547 -0.43461 1.9527
0.1251641 -0.4282425 1.922234
-0.1518981 -0.7779826 1.963335
0.1475273 -0.7579184 1.941714
-0.1748323 -0.8390464 1.866695
0.1543558 -0.826497 1.849974
9
0.01104357 -0.03446506 1.988341
-0.07103071 -0.04031569 1.963275
0.09274665 -0.02725475 1.935387
-0.1123415 -0.440041 1.948973
0.1343201 -0.42823 1.921848
-0.1511041 -0.7779989 1.96341
0.1483581 -0.7582715 1.942249
-0.1745021 -0.8390027 1.866814
0.1550903 -0.8269282 1.850537
9
0.01104357 -0.03446506 1.988341
-0.07103071 -0.04031569 1.963275
0.09274665 -0.02725475 1.935387
-0.1123415 -0.440041 1.948973
0.1343201 -0.42823 1.921848
-0.1511041 -0.7779989 1.96341
0.1483581 -0.7582715 1.942249
-0.1745021 -0.8390027 1.866814
0.1550903 -0.8269282 1.850537
9
0.01104357 -0.03446506 1.988341
-0.07103071 -0.04031569 1.963275
0.09274665 -0.02725475 1.935387
-0.1123415 -0.440041 1.948973
0.1343201 -0.42823 1.921848
-0.1511041 -0.7779989 1.96341
0.1483581 -0.7582715 1.942249
-0.1745021 -0.8390027 1.866814
0.1550903 -0.8269282 1.850537
9
0.01104357 -0.03446506 1.988341
-0.07103071 -0.04031569 1.963275
0.09274665 -0.02725475 1.935387
-0.1123415 -0.440041 1.948973
0.1343201 -0.42823 1.921848
-0.1511041 -0.7779989 1.96341
0.1483581 -0.7582715 1.942249
-0.1745021 -0.8390027 1.866814
0.1550903 -0.8269282 1.850537
9
0.03351522 -0.03508092 1.983116
-0.04936993 -0.04071894 1.96042
0.1153702 -0.0280725 1.927657
-0.1026672 -0.4448979 1.940722
0.1484158 -0.4236404 1.920521
-0.1493379 -0.7789385 1.962711
0.1509965 -0.7580748 1.941392
-0.1749016 -0.839357 1.866308
0.1552232 -0.8277639 1.850781
9
0.03351522 -0.03508092 1.983116
-0.04936993 -0.04071894 1.96042
0.1153702 -0.0280725 1.927657
-0.1026672 -0.4448979 1.940722
0.1484158 -0.4236404 1.920521
-0.1493379 -0.7789385 1.962711
0.1509965 -0.7580748 1.941392
-0.1749016 -0.839357 1.866308
0.1552232 -0.8277639 1.850781
9
0.04038781 -0.03541381 1.982406
-0.04242448 -0.04078839 1.960333
0.1218059 -0.02864263 1.926406
-0.0970499 -0.4463383 1.936333
0.1562836 -0.4188984 1.920878
-0.1467574 -0.7793249 1.96209
0.1530886 -0.7571982 1.941631
-0.175477 -0.8391357 1.866412
0.1559834 -0.82779 1.852144
9
0.04038781 -0.03541381 1.982406
-0.04242448 -0.04078839 1.960333
0.1218059 -0.02864263 1.926406
-0.0970499 -0.4463383 1.936333
0.1562836 -0.4188984 1.920878
-0.1467574 -0.7793249 1.96209
0.1530886 -0.7571982 1.941631
-0.175477 -0.8391357 1.866412
0.1559834 -0.82779 1.852144
9
0.04038781 -0.03541381 1.982406
-0.04242448 -0.04078839 1.960333
0.1218059 -0.02864263 1.926406
-0.0970499 -0.4463383 1.936333
0.1562836 -0.4188984 1.920878
-0.1467574 -0.7793249 1.96209
0.1530886 -0.7571982 1.941631
-0.175477 -0.8391357 1.866412
0.1559834 -0.82779 1.852144
9
0.04038781 -0.03541381 1.982406
-0.04242448 -0.04078839 1.960333
0.1218059 -0.02864263 1.926406
-0.0970499 -0.4463383 1.936333
0.1562836 -0.4188984 1.920878
-0.1467574 -0.7793249 1.96209
0.1530886 -0.7571982 1.941631
-0.175477 -0.8391357 1.866412
0.1559834 -0.82779 1.852144
9
0.04038781 -0.03541381 1.982406
-0.04242448 -0.04078839 1.960333
0.1218059 -0.02864263 1.926406
-0.0970499 -0.4463383 1.936333
0.1562836 -0.4188984 1.920878
-0.1467574 -0.7793249 1.96209
0.1530886 -0.7571982 1.941631
-0.175477 -0.8391357 1.866412
0.1559834 -0.82779 1.852144
9
0.05241521 -0.03520835 1.980754
-0.03025964 -0.03941844 1.959088
0.1332225 -0.02957517 1.924407
-0.08819043 -0.4435522 1.931288
0.1654546 -0.4112977 1.922072
-0.1415716 -0.7794287 1.960783
0.1539876 -0.7568862 1.941752
-0.1754781 -0.8386368 1.867214
0.1565789 -0.8276175 1.85237
9
0.06008341 -0.03444181 1.979462
-0.02229112 -0.03797763 1.958491
0.1403236 -0.02948641 1.922465
-0.07981095 -0.4375365 1.928095
0.1690162 -0.4105844 1.922935
-0.1355248 -0.7788148 1.959844
0.1549131 -0.7566764 1.942138
-0.1741147 -0.8372363 1.868287
0.1574961 -0.8277802 1.853257
9
0.06008341 -0.03444181 1.979462
-0.02229112 -0.03797763 1.958491
0.1403236 -0.02948641 1.922465
-0.07981095 -0.4375365 1.928095
0.1690162 -0.4105844 1.922935
-0.1355248 -0.7788148 1.959844
0.1549131 -0.7566764 1.942138
-0.1741147 -0.8372363 1.868287
0.1574961 -0.8277802 1.853257
9
0.06592976 -0.03381595 1.978748
-0.01626978 -0.03658419 1.957314
0.145776 -0.02961298 1.922187
-0.07606591 -0.4368338 1.927866
0.1728295 -0.4094729 1.923869
-0.129032 -0.7784029 1.959214
0.1559701 -0.7567088 1.942639
-0.17258 -0.8348755 1.868861
0.1577328 -0.8277617 1.853531
9
0.06592976 -0.03381595 1.978748
-0.01626978 -0.03658419 1.957314
0.145776 -0.02961298 1.922187
-0.07606591 -0.4368338 1.927866
0.1728295 -0.4094729 1.923869
-0.129032 -0.7784029 1.959214
0.1559701 -0.7567088 1.942639
-0.17258 -0.8348755 1.868861
0.1577328 -0.8277617 1.853531
9
0.06996333 -0.03366112 1.978022
-0.01259744 -0.03600232 1.957057
0.1500218 -0.02995811 1.920959
-0.07164526 -0.435677 1.927688
0.1763875 -0.4099873 1.924495
-0.1245486 -0.778178 1.959754
0.1565713 -0.7567302 1.943102
-0.1701064 -0.8333356 1.869361
0.1577951 -0.8274766 1.853467
9
0.06996333 -0.03366112 1.978022
-0.01259744 -0.03600232 1.957057
0.1500218 -0.02995811 1.920959
-0.07164526 -0.435677 1.927688
0.1763875 -0.4099873 1.924495
-0.1245486 -0.778178 1.959754
0.1565713 -0.7567302 1.943102
-0.1701064 -0.8333356 1.869361
0.1577951 -0.8274766 1.853467
9
0.07480354 -0.03361814 1.977754
-0.007820309 -0.0355607 1.957043
0.154666 -0.03032081 1.920473
-0.0679494 -0.4358172 1.928917
0.1790344 -0.4122775 1.925197
-0.1198454 -0.7774081 1.960148
0.1568024 -0.7570003 1.943216
-0.167432 -0.8309147 1.869406
0.1584376 -0.8276381 1.853453
9
0.07480354 -0.03361814 1.977754
-0.007820309 -0.0355607 1.957043
0.154666 -0.03032081 1.920473
-0.0679494 -0.4358172 1.928917
0.1790344 -0.4122775 1.925197
-0.1198454 -0.7774081 1.960148
0.1568024 -0.7570003 1.943216
-0.167432 -0.8309147 1.869406
0.1584376 -0.8276381 1.853453
9
0.07854156 -0.03352425 1.977157
-0.00415008 -0.03512185 1.956477
0.1582897 -0.03058017 1.919865
-0.06442171 -0.4363211 1.930052
0.180349 -0.4120561 1.925044
-0.1140056 -0.769654 1.958428
0.1568685 -0.7569754 1.943268
-0.1627656 -0.8261818 1.872434
0.1587452 -0.8276063 1.853513
9
0.07854156 -0.03352425 1.977157
-0.00415008 -0.03512185 1.956477
0.1582897 -0.03058017 1.919865
-0.06442171 -0.4363211 1.930052
0.180349 -0.4120561 1.925044
-0.1140056 -0.769654 1.958428
0.1568685 -0.7569754 1.943268
-0.1627656 -0.8261818 1.872434
0.1587452 -0.8276063 1.853513
9
0.08151584 -0.03348947 1.976656
-0.00111254 -0.03475343 1.955734
0.1610938 -0.0308677 1.919603
-0.06194989 -0.4364597 1.931214
0.1822746 -0.4124178 1.925269
-0.1135524 -0.7696612 1.9584
0.157401 -0.7570184 1.943391
-0.1619995 -0.8259577 1.87177
0.1590823 -0.8276093 1.853558
9
0.08151584 -0.03348947 1.976656
-0.00111254 -0.03475343 1.955734
0.1610938 -0.0308677 1.919603
-0.06194989 -0.4364597 1.931214
0.1822746 -0.4124178 1.925269
-0.1135524 -0.7696612 1.9584
0.157401 -0.7570184 1.943391
-0.1619995 -0.8259577 1.87177
0.1590823 -0.8276093 1.853558
9
0.08444229 -0.03368694 1.976443
0.001478 -0.03461289 1.955708
0.164257 -0.03144437 1.919197
-0.05969584 -0.4369525 1.932292
0.184212 -0.411366 1.925671
-0.1130877 -0.7687251 1.95808
0.1577396 -0.7573448 1.943492
-0.1608243 -0.8256258 1.871555
0.1602231 -0.8270491 1.852394
9
0.08444229 -0.03368694 1.976443
0.001478 -0.03461289 1.955708
0.164257 -0.03144437 1.919197
-0.05969584 -0.4369525 1.932292
0.184212 -0.411366 1.925671
-0.1130877 -0.7687251 1.95808
0.1577396 -0.7573448 1.943492
-0.1608243 -0.8256258 1.871555
0.1602231 -0.8270491 1.852394
9
0.08444229 -0.03368694 1.976443
0.001478 -0.03461289 1.955708
0.164257 -0.03144437 1.919197
-0.05969584 -0.4369525 1.932292
0.184212 -0.411366 1.925671
-0.1130877 -0.7687251 1.95808
0.1577396 -0.7573448 1.943492
-0.1608243 -0.8256258 1.871555
0.1602231 -0.8270491 1.852394
9
0.08444229 -0.03368694 1.976443
0.001478 -0.03461289 1.955708
0.164257 -0.03144437 1.919197
-0.05969584 -0.4369525 1.932292
0.184212 -0.411366 1.925671
-0.1130877 -0.7687251 1.95808
0.1577396 -0.7573448 1.943492
-0.1608243 -0.8256258 1.871555
0.1602231 -0.8270491 1.852394
