40
9
-0.1036136 -0.02370839 1.838947
-0.1833987 -0.0248076 1.79824
-0.01969047 -0.0215101 1.802639
-0.2089201 -0.3772855 1.773409
0.05210512 -0.413941 1.802606
-0.1929815 -0.7329932 1.801285
0.1112686 -0.7429148 1.813306
-0.2015368 -0.7942325 1.731838
0.1409435 -0.7963359 1.746425
9
-0.1036136 -0.02370839 1.838947
-0.1833987 -0.0248076 1.79824
-0.01969047 -0.0215101 1.802639
-0.2089201 -0.3772855 1.773409
0.05210512 -0.413941 1.802606
-0.1929815 -0.7329932 1.801285
0.1112686 -0.7429148 1.813306
-0.2015368 -0.7942325 1.731838
0.1409435 -0.7963359 1.746425
9
-0.1096092 -0.02267856 1.841213
-0.1894078 -0.02486111 1.799494
-0.02551842 -0.01936747 1.805983
-0.2113426 -0.3775776 1.774767
0.04060396 -0.405733 1.805883
-0.1941423 -0.7323211 1.802379
0.08927006 -0.7372678 1.828268
-0.2016903 -0.7936473 1.7326
0.1185893 -0.7932981 1.766082
9
-0.1096092 -0.02267856 1.841213
-0.1894078 -0.02486111 1.799494
-0.02551842 -0.01936747 1.805983
-0.2113426 -0.3775776 1.774767
0.04060396 -0.405733 1.805883
-0.1941423 -0.7323211 1.802379
0.08927006 -0.7372678 1.828268
-0.2016903 -0.7936473 1.7326
0.1185893 -0.7932981 1.766082
9
-0.1142255 -0.02199069 1.84311
-0.1938961 -0.02507793 1.800819
-0.03002672 -0.01779005 1.808425
-0.2139928 -0.3780371 1.775573
0.03267654 -0.4050151 1.809052
-0.1954163 -0.7317896 1.803243
0.07574233 -0.7396079 1.841963
-0.2020461 -0.7924249 1.733419
0.1024219 -0.7976701 1.781845
9
-0.1142255 -0.02199069 1.84311
-0.1938961 -0.02507793 1.800819
-0.03002672 -0.01779005 1.808425
-0.2139928 -0.3780371 1.775573
0.03267654 -0.4050151 1.809052
-0.1954163 -0.7317896 1.803243
0.07574233 -0.7396079 1.841963
-0.2020461 -0.7924249 1.733419
0.1024219 -0.7976701 1.781845
9
-0.1190386 -0.02131897 1.844543
-0.1986765 -0.02532138 1.8017
-0.03467921 -0.01624132 1.810386
-0.2169677 -0.3784154 1.776992
0.02068332 -0.4016558 1.813905
-0.1962406 -0.7310321 1.803705
0.05638822 -0.7362868 1.859312
-0.2034596 -0.7919632 1.732281
0.08857316 -0.8004346 1.797261
9
-0.1190386 -0.02131897 1.844543
-0.1986765 -0.02532138 1.8017
-0.03467921 -0.01624132 1.810386
-0.2169677 -0.3784154 1.776992
0.02068332 -0.4016558 1.813905
-0.1962406 -0.7310321 1.803705
0.05638822 -0.7362868 1.859312
-0.2034596 -0.7919632 1.732281
0.08857316 -0.8004346 1.797261
9
-0.123635 -0.02106786 1.846452
-0.2029016 -0.02585905 1.80306
-0.03942517 -0.01518821 1.812849
-0.2191149 -0.3784904 1.777875
0.01323738 -0.4013487 1.818218
-0.1973702 -0.7305432 1.80364
0.04169862 -0.7398221 1.879237
-0.2035518 -0.7912759 1.733691
0.06915449 -0.8039024 1.82402
9
-0.123635 -0.02106786 1.846452
-0.2029016 -0.02585905 1.80306
-0.03942517 -0.01518821 1.812849
-0.2191149 -0.3784904 1.777875
0.01323738 -0.4013487 1.818218
-0.1973702 -0.7305432 1.80364
0.04169862 -0.7398221 1.879237
-0.2035518 -0.7912759 1.733691
0.06915449 -0.8039024 1.82402
9
-0.1279826 -0.0210763 1.848031
-0.2071986 -0.02642126 1.804288
-0.04357541 -0.01469952 1.814726
-0.2216708 -0.3796965 1.778646
0.003535797 -0.395526 1.823742
-0.1983575 -0.7306615 1.804168
0.02842306 -0.7434061 1.892096
-0.203748 -0.7902114 1.735113
0.06774757 -0.8041576 1.82543
9
-0.1279826 -0.0210763 1.848031
-0.2071986 -0.02642126 1.804288
-0.04357541 -0.01469952 1.814726
-0.2216708 -0.3796965 1.778646
0.003535797 -0.395526 1.823742
-0.1983575 -0.7306615 1.804168
0.02842306 -0.7434061 1.892096
-0.203748 -0.7902114 1.735113
0.06774757 -0.8041576 1.82543
9
-0.1279826 -0.0210763 1.848031
-0.2071986 -0.02642126 1.804288
-0.04357541 -0.01469952 1.814726
-0.2216708 -0.3796965 1.778646
0.003535797 -0.395526 1.823742
-0.1983575 -0.7306615 1.804168
0.02842306 -0.7434061 1.892096
-0.203748 -0.7902114 1.735113
0.06774757 -0.8041576 1.82543
9
-0.1279826 -0.0210763 1.848031
-0.2071986 -0.02642126 1.804288
-0.04357541 -0.01469952 1.814726
-0.2216708 -0.3796965 1.778646
0.003535797 -0.395526 1.823742
-0.1983575 -0.7306615 1.804168
0.02842306 -0.7434061 1.892096
-0.203748 -0.7902114 1.735113
0.06774757 -0.8041576 1.82543
9
-0.1347918 -0.02099493 1.851165
-0.213744 -0.02663938 1.806583
-0.05031119 -0.01436354 1.818704
-0.2250859 -0.3842879 1.781204
-0.01687854 -0.403466 1.842701
-0.2013536 -0.7317015 1.804424
-0.01390845 -0.7518952 1.939412
-0.2044345 -0.7917219 1.736804
0.02815247 -0.8071289 1.875
9
-0.1347918 -0.02099493 1.851165
-0.213744 -0.02663938 1.806583
-0.05031119 -0.01436354 1.818704
-0.2250859 -0.3842879 1.781204
-0.01687854 -0.403466 1.842701
-0.2013536 -0.7317015 1.804424
-0.01390845 -0.7518952 1.939412
-0.2044345 -0.7917219 1.736804
0.02815247 -0.8071289 1.875
9
-0.1385706 -0.02078283 1.853053
-0.2173585 -0.02656496 1.807928
-0.05408115 -0.01404573 1.821148
-0.2280558 -0.3879489 1.783327
-0.02192823 -0.4052618 1.848629
-0.2022815 -0.7317215 1.804398
-0.01528701 -0.7510452 1.942957
-0.2059064 -0.7912051 1.735716
0.02101441 -0.8075948 1.883852
9
-0.1385706 -0.02078283 1.853053
-0.2173585 -0.02656496 1.807928
-0.05408115 -0.01404573 1.821148
-0.2280558 -0.3879489 1.783327
-0.02192823 -0.4052618 1.848629
-0.2022815 -0.7317215 1.804398
-0.01528701 -0.7510452 1.942957
-0.2059064 -0.7912051 1.735716
0.02101441 -0.8075948 1.883852
9
-0.143059 -0.0205743 1.856218
-0.2215892 -0.02653917 1.81066
-0.05860418 -0.01368397 1.824713
-0.230187 -0.3907249 1.785778
-0.03173398 -0.4089672 1.858655
-0.2041133 -0.7313637 1.804556
-0.02313333 -0.7502592 1.958903
-0.2072966 -0.7906858 1.735423
0.008677302 -0.8090893 1.90352
9
-0.143059 -0.0205743 1.856218
-0.2215892 -0.02653917 1.81066
-0.05860418 -0.01368397 1.824713
-0.230187 -0.3907249 1.785778
-0.03173398 -0.4089672 1.858655
-0.2041133 -0.7313637 1.804556
-0.02313333 -0.7502592 1.958903
-0.2072966 -0.7906858 1.735423
0.008677302 -0.8090893 1.90352
9
-0.1450867 -0.02057233 1.858241
-0.2233471 -0.02666562 1.812242
-0.06082676 -0.01354872 1.827204
-0.2325547 -0.3960795 1.789842
-0.03439418 -0.4092076 1.86462
-0.2054461 -0.731441 1.804662
-0.03010174 -0.7493727 1.972428
-0.2074021 -0.7907456 1.735266
-0.00148187 -0.8103566 1.919798
9
-0.1450867 -0.02057233 1.858241
-0.2233471 -0.02666562 1.812242
-0.06082676 -0.01354872 1.827204
-0.2325547 -0.3960795 1.789842
-0.03439418 -0.4092076 1.86462
-0.2054461 -0.731441 1.804662
-0.03010174 -0.7493727 1.972428
-0.2074021 -0.7907456 1.735266
-0.00148187 -0.8103566 1.919798
9
-0.1469318 -0.02063326 1.860593
-0.225036 -0.02661447 1.814266
-0.06274632 -0.01375203 1.829867
-0.233525 -0.3981711 1.793149
-0.03741723 -0.4097775 1.872627
-0.2069635 -0.7306656 1.805327
-0.03512161 -0.7484537 1.98462
-0.2106834 -0.7892669 1.732248
-0.009842392 -0.8115376 1.935934
9
-0.1469318 -0.02063326 1.860593
-0.225036 -0.02661447 1.814266
-0.06274632 -0.01375203 1.829867
-0.233525 -0.3981711 1.793149
-0.03741723 -0.4097775 1.872627
-0.2069635 -0.7306656 1.805327
-0.03512161 -0.7484537 1.98462
-0.2106834 -0.7892669 1.732248
-0.009842392 -0.8115376 1.935934
9
-0.147904 -0.02067783 1.863776
-0.2258559 -0.02658599 1.817492
-0.06383353 -0.01388 1.832969
-0.2343983 -0.3970686 1.794643
-0.03948968 -0.4088279 1.878296
-0.2081448 -0.7302229 1.805466
-0.03629869 -0.7500574 1.994767
-0.2108958 -0.7877976 1.732709
-0.008810565 -0.8110561 1.939837
9
-0.147904 -0.02067783 1.863776
-0.2258559 -0.02658599 1.817492
-0.06383353 -0.01388 1.832969
-0.2343983 -0.3970686 1.794643
-0.03948968 -0.4088279 1.878296
-0.2081448 -0.7302229 1.805466
-0.03629869 -0.7500574 1.994767
-0.2108958 -0.7877976 1.732709
-0.008810565 -0.8110561 1.939837
9
-0.1489021 -0.02113142 1.867033
-0.2268593 -0.02702933 1.820734
-0.06479296 -0.01433392 1.836218
-0.234885 -0.3991782 1.797529
-0.03986442 -0.4056321 1.882303
-0.2089313 -0.7301759 1.805557
-0.03683687 -0.7480959 2.003781
-0.2107808 -0.7871369 1.731521
-0.009701086 -0.8102277 1.952708
9
-0.1489021 -0.02113142 1.867033
-0.2268593 -0.02702933 1.820734
-0.06479296 -0.01433392 1.836218
-0.234885 -0.3991782 1.797529
-0.03986442 -0.4056321 1.882303
-0.2089313 -0.7301759 1.805557
-0.03683687 -0.7480959 2.003781
-0.2107808 -0.7871369 1.731521
-0.009701086 -0.8102277 1.952708
9
-0.1490645 -0.02120415 1.871666
-0.2268895 -0.02700051 1.825468
-0.06509437 -0.01451324 1.84074
-0.2350751 -0.3982486 1.800037
-0.03954612 -0.4045873 1.887761
-0.2095882 -0.7300788 1.805745
-0.03678259 -0.7480136 2.013247
-0.2108913 -0.786936 1.731441
-0.0083101 -0.8108863 1.969407
9
-0.1490645 -0.02120415 1.871666
-0.2268895 -0.02700051 1.825468
-0.06509437 -0.01451324 1.84074
-0.2350751 -0.3982486 1.800037
-0.03954612 -0.4045873 1.887761
-0.2095882 -0.7300788 1.805745
-0.03678259 -0.7480136 2.013247
-0.2108913 -0.786936 1.731441
-0.0083101 -0.8108863 1.969407
9
-0.148588 -0.02144733 1.876633
-0.2261951 -0.02707697 1.830861
-0.06485493 -0.01490799 1.845297
-0.2351672 -0.3975974 1.80155
-0.03673535 -0.4044432 1.894561
-0.210402 -0.7299767 1.806207
-0.03325599 -0.7486711 2.025284
-0.2109352 -0.7866687 1.731504
-0.006910605 -0.8111334 1.97401
9
-0.148588 -0.02144733 1.876633
-0.2261951 -0.02707697 1.830861
-0.06485493 -0.01490799 1.845297
-0.2351672 -0.3975974 1.80155
-0.03673535 -0.4044432 1.894561
-0.210402 -0.7299767 1.806207
-0.03325599 -0.7486711 2.025284
-0.2109352 -0.7866687 1.731504
-0.006910605 -0.8111334 1.97401
9
-0.1472979 -0.0215387 1.881248
-0.2249461 -0.02721693 1.835911
-0.06360429 -0.01496109 1.849473
-0.2350293 -0.3957312 1.80362
-0.03255784 -0.4036162 1.901857
-0.2113033 -0.729498 1.806805
-0.03053159 -0.7489423 2.035121
-0.2108818 -0.7861619 1.731931
-0.002069515 -0.8106322 1.979784
9
-0.1472979 -0.0215387 1.881248
-0.2249461 -0.02721693 1.835911
-0.06360429 -0.01496109 1.849473
-0.2350293 -0.3957312 1.80362
-0.03255784 -0.4036162 1.901857
-0.2113033 -0.729498 1.806805
-0.03053159 -0.7489423 2.035121
-0.2108818 -0.7861619 1.731931
-0.002069515 -0.8106322 1.979784
9
-0.1451671 -0.02137391 1.886556
-0.2227239 -0.02704821 1.841921
-0.06167093 -0.01481481 1.854097
-0.2344957 -0.3935922 1.806103
-0.02893712 -0.4011925 1.906215
-0.2115797 -0.7293084 1.807011
-0.02502386 -0.7502926 2.045778
-0.210821 -0.7859433 1.732049
0.005615723 -0.8124959 1.993274
9
-0.1451671 -0.02137391 1.886556
-0.2227239 -0.02704821 1.841921
-0.06167093 -0.01481481 1.854097
-0.2344957 -0.3935922 1.806103
-0.02893712 -0.4011925 1.906215
-0.2115797 -0.7293084 1.807011
-0.02502386 -0.7502926 2.045778
-0.210821 -0.7859433 1.732049
0.005615723 -0.8124959 1.993274
9
-0.1419521 -0.02191392 1.892262
-0.2196676 -0.02734835 1.847895
-0.05845109 -0.01557191 1.859505
-0.2331934 -0.3930691 1.808476
-0.02336528 -0.4028792 1.913479
-0.2118389 -0.7290144 1.807321
-0.01822276 -0.7504637 2.053414
-0.2107751 -0.7855922 1.73222
0.01457492 -0.8110512 2.001418
9
-0.1419521 -0.02191392 1.892262
-0.2196676 -0.02734835 1.847895
-0.05845109 -0.01557191 1.859505
-0.2331934 -0.3930691 1.808476
-0.02336528 -0.4028792 1.913479
-0.2118389 -0.7290144 1.807321
-0.01822276 -0.7504637 2.053414
-0.2107751 -0.7855922 1.73222
0.01457492 -0.8110512 2.001418
9
-0.1377766 -0.02286305 1.898282
-0.2155354 -0.02787306 1.854342
-0.0544083 -0.01689889 1.8651
-0.2309763 -0.3928634 1.811751
-0.01652635 -0.4033978 1.919692
-0.2122052 -0.7292256 1.807882
-0.01078512 -0.7512954 2.064153
-0.2106507 -0.785544 1.732298
0.01866392 -0.8118862 2.009605
9
-0.1377766 -0.02286305 1.898282
-0.2155354 -0.02787306 1.854342
-0.0544083 -0.01689889 1.8651
-0.2309763 -0.3928634 1.811751
-0.01652635 -0.4033978 1.919692
-0.2122052 -0.7292256 1.807882
-0.01078512 -0.7512954 2.064153
-0.2106507 -0.785544 1.732298
0.01866392 -0.8118862 2.009605
