40
9
-0.02222614 -0.03120291 1.886871
-0.1035347 -0.03151377 1.860761
0.05995614 -0.02959903 1.834847
-0.1397129 -0.4158738 1.861997
0.1133556 -0.4279755 1.873473
-0.164391 -0.7717654 1.901074
0.1411936 -0.7544751 1.89997
-0.210629 -0.834032 1.824035
0.126798 -0.8228278 1.808849
9
-0.02222614 -0.03120291 1.886871
-0.1035347 -0.03151377 1.860761
0.05995614 -0.02959903 1.834847
-0.1397129 -0.4158738 1.861997
0.1133556 -0.4279755 1.873473
-0.164391 -0.7717654 1.901074
0.1411936 -0.7544751 1.89997
-0.210629 -0.834032 1.824035
0.126798 -0.8228278 1.808849
9
-0.02222614 -0.03120291 1.886871
-0.1035347 -0.03151377 1.860761
0.05995614 -0.02959903 1.834847
-0.1397129 -0.4158738 1.861997
0.1133556 -0.4279755 1.873473
-0.164391 -0.7717654 1.901074
0.1411936 -0.7544751 1.89997
-0.210629 -0.834032 1.824035
0.126798 -0.8228278 1.808849
9
-0.02222614 -0.03120291 1.886871
-0.1035347 -0.03151377 1.860761
0.05995614 -0.02959903 1.834847
-0.1397129 -0.4158738 1.861997
0.1133556 -0.4279755 1.873473
-0.164391 -0.7717654 1.901074
0.1411936 -0.7544751 1.89997
-0.210629 -0.834032 1.824035
0.126798 -0.8228278 1.808849
9
-0.05517761 -0.03067369 1.896554
-0.136377 -0.03086349 1.867171
0.02809564 -0.02921825 1.847946
-0.1546904 -0.4147443 1.871062
0.09650505 -0.4317067 1.879354
-0.1660527 -0.7713405 1.901883
0.1370773 -0.7539797 1.900411
-0.210717 -0.8340508 1.823855
0.127358 -0.8226882 1.809013
9
-0.05517761 -0.03067369 1.896554
-0.136377 -0.03086349 1.867171
0.02809564 -0.02921825 1.847946
-0.1546904 -0.4147443 1.871062
0.09650505 -0.4317067 1.879354
-0.1660527 -0.7713405 1.901883
0.1370773 -0.7539797 1.900411
-0.210717 -0.8340508 1.823855
0.127358 -0.8226882 1.809013
9
-0.06029284 -0.03046463 1.898962
-0.1416212 -0.03068536 1.869484
0.02346907 -0.02899362 1.850372
-0.1603868 -0.4120412 1.875
0.08979318 -0.4364369 1.883059
-0.1670167 -0.7703876 1.902854
0.1351645 -0.7549572 1.900834
-0.210458 -0.833561 1.824291
0.1264027 -0.8228245 1.808131
9
-0.06029284 -0.03046463 1.898962
-0.1416212 -0.03068536 1.869484
0.02346907 -0.02899362 1.850372
-0.1603868 -0.4120412 1.875
0.08979318 -0.4364369 1.883059
-0.1670167 -0.7703876 1.902854
0.1351645 -0.7549572 1.900834
-0.210458 -0.833561 1.824291
0.1264027 -0.8228245 1.808131
9
-0.06815135 -0.03068125 1.901901
-0.1494063 -0.03100255 1.872107
0.01592478 -0.02910084 1.853612
-0.1649414 -0.4116035 1.877323
0.08368833 -0.4352242 1.883843
-0.1682511 -0.7694702 1.902936
0.1334716 -0.7535341 1.900146
-0.2104665 -0.8333737 1.824376
0.1256209 -0.8219677 1.808135
9
-0.06815135 -0.03068125 1.901901
-0.1494063 -0.03100255 1.872107
0.01592478 -0.02910084 1.853612
-0.1649414 -0.4116035 1.877323
0.08368833 -0.4352242 1.883843
-0.1682511 -0.7694702 1.902936
0.1334716 -0.7535341 1.900146
-0.2104665 -0.8333737 1.824376
0.1256209 -0.8219677 1.808135
9
-0.06815135 -0.03068125 1.901901
-0.1494063 -0.03100255 1.872107
0.01592478 -0.02910084 1.853612
-0.1649414 -0.4116035 1.877323
0.08368833 -0.4352242 1.883843
-0.1682511 -0.7694702 1.902936
0.1334716 -0.7535341 1.900146
-0.2104665 -0.8333737 1.824376
0.1256209 -0.8219677 1.808135
9
-0.06815135 -0.03068125 1.901901
-0.1494063 -0.03100255 1.872107
0.01592478 -0.02910084 1.853612
-0.1649414 -0.4116035 1.877323
0.08368833 -0.4352242 1.883843
-0.1682511 -0.7694702 1.902936
0.1334716 -0.7535341 1.900146
-0.2104665 -0.8333737 1.824376
0.1256209 -0.8219677 1.808135
9
-0.08239621 -0.03102706 1.908433
-0.1635115 -0.03151525 1.876909
0.001992978 -0.02926477 1.862039
-0.1744141 -0.4107174 1.88132
0.07135948 -0.4360819 1.886009
-0.1690911 -0.7694817 1.90355
0.1250314 -0.7536414 1.897448
-0.2121104 -0.8309034 1.821583
0.1251507 -0.8235198 1.807419
9
-0.08239621 -0.03102706 1.908433
-0.1635115 -0.03151525 1.876909
0.001992978 -0.02926477 1.862039
-0.1744141 -0.4107174 1.88132
0.07135948 -0.4360819 1.886009
-0.1690911 -0.7694817 1.90355
0.1250314 -0.7536414 1.897448
-0.2121104 -0.8309034 1.821583
0.1251507 -0.8235198 1.807419
9
-0.08239621 -0.03102706 1.908433
-0.1635115 -0.03151525 1.876909
0.001992978 -0.02926477 1.862039
-0.1744141 -0.4107174 1.88132
0.07135948 -0.4360819 1.886009
-0.1690911 -0.7694817 1.90355
0.1250314 -0.7536414 1.897448
-0.2121104 -0.8309034 1.821583
0.1251507 -0.8235198 1.807419
9
-0.08239621 -0.03102706 1.908433
-0.1635115 -0.03151525 1.876909
0.001992978 -0.02926477 1.862039
-0.1744141 -0.4107174 1.88132
0.07135948 -0.4360819 1.886009
-0.1690911 -0.7694817 1.90355
0.1250314 -0.7536414 1.897448
-0.2121104 -0.8309034 1.821583
0.1251507 -0.8235198 1.807419
9
-0.08239621 -0.03102706 1.908433
-0.1635115 -0.03151525 1.876909
0.001992978 -0.02926477 1.862039
-0.1744141 -0.4107174 1.88132
0.07135948 -0.4360819 1.886009
-0.1690911 -0.7694817 1.90355
0.1250314 -0.7536414 1.897448
-0.2121104 -0.8309034 1.821583
0.1251507 -0.8235198 1.807419
9
-0.09568777 -0.03148635 1.914557
-0.1769875 -0.03206624 1.881808
-0.0105186 -0.02962012 1.86935
-0.1835873 -0.4155313 1.888621
0.05879122 -0.4390392 1.88711
-0.1703245 -0.7689869 1.904175
0.1154486 -0.7547967 1.895793
-0.2127724 -0.8293978 1.819807
0.122701 -0.8243774 1.806116
9
-0.09568777 -0.03148635 1.914557
-0.1769875 -0.03206624 1.881808
-0.0105186 -0.02962012 1.86935
-0.1835873 -0.4155313 1.888621
0.05879122 -0.4390392 1.88711
-0.1703245 -0.7689869 1.904175
0.1154486 -0.7547967 1.895793
-0.2127724 -0.8293978 1.819807
0.122701 -0.8243774 1.806116
9
-0.09568777 -0.03148635 1.914557
-0.1769875 -0.03206624 1.881808
-0.0105186 -0.02962012 1.86935
-0.1835873 -0.4155313 1.888621
0.05879122 -0.4390392 1.88711
-0.1703245 -0.7689869 1.904175
0.1154486 -0.7547967 1.895793
-0.2127724 -0.8293978 1.819807
0.122701 -0.8243774 1.806116
9
-0.09568777 -0.03148635 1.914557
-0.1769875 -0.03206624 1.881808
-0.0105186 -0.02962012 1.86935
-0.1835873 -0.4155313 1.888621
0.05879122 -0.4390392 1.88711
-0.1703245 -0.7689869 1.904175
0.1154486 -0.7547967 1.895793
-0.2127724 -0.8293978 1.819807
0.122701 -0.8243774 1.806116
9
-0.09568777 -0.03148635 1.914557
-0.1769875 -0.03206624 1.881808
-0.0105186 -0.02962012 1.86935
-0.1835873 -0.4155313 1.888621
0.05879122 -0.4390392 1.88711
-0.1703245 -0.7689869 1.904175
0.1154486 -0.7547967 1.895793
-0.2127724 -0.8293978 1.819807
0.122701 -0.8243774 1.806116
9
-0.09568777 -0.03148635 1.914557
-0.1769875 -0.03206624 1.881808
-0.0105186 -0.02962012 1.86935
-0.1835873 -0.4155313 1.888621
0.05879122 -0.4390392 1.88711
-0.1703245 -0.7689869 1.904175
0.1154486 -0.7547967 1.895793
-0.2127724 -0.8293978 1.819807
0.122701 -0.8243774 1.806116
9
-0.09568777 -0.03148635 1.914557
-0.1769875 -0.03206624 1.881808
-0.0105186 -0.02962012 1.86935
-0.1835873 -0.4155313 1.888621
0.05879122 -0.4390392 1.88711
-0.1703245 -0.7689869 1.904175
0.1154486 -0.7547967 1.895793
-0.2127724 -0.8293978 1.819807
0.122701 -0.8243774 1.806116
9
-0.09568777 -0.03148635 1.914557
-0.1769875 -0.03206624 1.881808
-0.0105186 -0.02962012 1.86935
-0.1835873 -0.4155313 1.888621
0.05879122 -0.4390392 1.88711
-0.1703245 -0.7689869 1.904175
0.1154486 -0.7547967 1.895793
-0.2127724 -0.8293978 1.819807
0.122701 -0.8243774 1.806116
9
-0.1143611 -0.03207032 1.9274
-0.1949666 -0.03318018 1.892245
-0.02916064 -0.02961868 1.884794
-0.1924321 -0.4104944 1.894496
0.04179075 -0.4382872 1.885501
-0.1724035 -0.7692218 1.905757
0.09295399 -0.7573062 1.884639
-0.2247498 -0.8317475 1.781919
0.118109 -0.8240848 1.797145
9
-0.1171405 -0.03221712 1.929416
-0.1981601 -0.03361291 1.894197
-0.03142797 -0.02951349 1.886803
-0.1961184 -0.4099982 1.896616
0.03644211 -0.4381897 1.885118
-0.1737328 -0.7705695 1.906427
0.08850564 -0.7570169 1.882239
-0.2150587 -0.8284936 1.818193
0.1136839 -0.8240126 1.795074
9
-0.1171405 -0.03221712 1.929416
-0.1981601 -0.03361291 1.894197
-0.03142797 -0.02951349 1.886803
-0.1961184 -0.4099982 1.896616
0.03644211 -0.4381897 1.885118
-0.1737328 -0.7705695 1.906427
0.08850564 -0.7570169 1.882239
-0.2150587 -0.8284936 1.818193
0.1136839 -0.8240126 1.795074
9
-0.1171405 -0.03221712 1.929416
-0.1981601 -0.03361291 1.894197
-0.03142797 -0.02951349 1.886803
-0.1961184 -0.4099982 1.896616
0.03644211 -0.4381897 1.885118
-0.1737328 -0.7705695 1.906427
0.08850564 -0.7570169 1.882239
-0.2150587 -0.8284936 1.818193
0.1136839 -0.8240126 1.795074
9
-0.1171405 -0.03221712 1.929416
-0.1981601 -0.03361291 1.894197
-0.03142797 -0.02951349 1.886803
-0.1961184 -0.4099982 1.896616
0.03644211 -0.4381897 1.885118
-0.1737328 -0.7705695 1.906427
0.08850564 -0.7570169 1.882239
-0.2150587 -0.8284936 1.818193
0.1136839 -0.8240126 1.795074
9
-0.1214954 -0.03176654 1.932163
-0.2025493 -0.03367823 1.896406
-0.03558713 -0.02853913 1.890102
-0.1990981 -0.4076408 1.898392
0.03220462 -0.4378409 1.885169
-0.1741327 -0.7707066 1.90659
0.08561254 -0.7569889 1.879372
-0.2161365 -0.8273376 1.815654
0.1135609 -0.8219697 1.79063
9
-0.1214954 -0.03176654 1.932163
-0.2025493 -0.03367823 1.896406
-0.03558713 -0.02853913 1.890102
-0.1990981 -0.4076408 1.898392
0.03220462 -0.4378409 1.885169
-0.1741327 -0.7707066 1.90659
0.08561254 -0.7569889 1.879372
-0.2161365 -0.8273376 1.815654
0.1135609 -0.8219697 1.79063
9
-0.1249134 -0.03158043 1.934922
-0.2059661 -0.03380184 1.898988
-0.03883201 -0.0280603 1.89299
-0.2010792 -0.4070899 1.899316
0.02982372 -0.4379257 1.884983
-0.1749954 -0.7708849 1.906938
0.0839877 -0.7566134 1.876897
-0.2207349 -0.8282557 1.808795
0.1126972 -0.8227322 1.790325
9
-0.1249134 -0.03158043 1.934922
-0.2059661 -0.03380184 1.898988
-0.03883201 -0.0280603 1.89299
-0.2010792 -0.4070899 1.899316
0.02982372 -0.4379257 1.884983
-0.1749954 -0.7708849 1.906938
0.0839877 -0.7566134 1.876897
-0.2207349 -0.8282557 1.808795
0.1126972 -0.8227322 1.790325
9
-0.1249134 -0.03158043 1.934922
-0.2059661 -0.03380184 1.898988
-0.03883201 -0.0280603 1.89299
-0.2010792 -0.4070899 1.899316
0.02982372 -0.4379257 1.884983
-0.1749954 -0.7708849 1.906938
0.0839877 -0.7566134 1.876897
-0.2207349 -0.8282557 1.808795
0.1126972 -0.8227322 1.790325
9
-0.1249134 -0.03158043 1.934922
-0.2059661 -0.03380184 1.898988
-0.03883201 -0.0280603 1.89299
-0.2010792 -0.4070899 1.899316
0.02982372 -0.4379257 1.884983
-0.1749954 -0.7708849 1.906938
0.0839877 -0.7566134 1.876897
-0.2207349 -0.8282557 1.808795
0.1126972 -0.8227322 1.790325
9
-0.1283701 -0.03173837 1.937909
-0.2093956 -0.03441862 1.901702
-0.04219166 -0.02774884 1.89626
-0.204878 -0.4138112 1.90225
0.02770469 -0.4369787 1.884844
-0.1753668 -0.7710901 1.90715
0.08246299 -0.7554487 1.87516
-0.2207912 -0.82818 1.808581
0.1126945 -0.8220109 1.790197
9
-0.1283701 -0.03173837 1.937909
-0.2093956 -0.03441862 1.901702
-0.04219166 -0.02774884 1.89626
-0.204878 -0.4138112 1.90225
0.02770469 -0.4369787 1.884844
-0.1753668 -0.7710901 1.90715
0.08246299 -0.7554487 1.87516
-0.2207912 -0.82818 1.808581
0.1126945 -0.8220109 1.790197
9
-0.1313505 -0.03155265 1.940699
-0.2122087 -0.03455044 1.903929
-0.045223 -0.02722326 1.899664
-0.2061913 -0.4159008 1.903493
0.02445031 -0.4340528 1.884992
-0.1758417 -0.7705467 1.907275
0.08114461 -0.7528937 1.874199
-0.2218738 -0.8282955 1.805201
0.1106487 -0.8193563 1.788535
9
-0.1330334 -0.0313065 1.942618
-0.2140655 -0.03467094 1.906233
-0.04668472 -0.02668617 1.901227
-0.207183 -0.4173769 1.905282
0.0238102 -0.4338423 1.884915
-0.1761009 -0.770673 1.90752
0.08023361 -0.7524633 1.873757
-0.2218812 -0.8284886 1.804104
0.1104256 -0.8188446 1.788373
