40
9
-0.008289801 -0.2450848 1.789153
-0.09178889 -0.2398378 1.746735
0.07549211 -0.2403031 1.756529
-0.09780743 -0.6285741 1.795496
0.06537269 -0.5866339 1.743034
-0.06618059 -0.9717823 1.886329
0.05444159 -0.89644 1.716061
-0.09353653 -1.053127 1.850792
0.06444296 -0.9254971 1.572602
9
-0.01102518 -0.2451196 1.794797
-0.09385877 -0.2398944 1.750668
0.07219407 -0.2402235 1.763957
-0.09904347 -0.6312026 1.803601
0.06453899 -0.5871014 1.746366
-0.06445398 -0.9716512 1.89214
0.05276329 -0.8975024 1.725796
-0.08947306 -1.053186 1.848851
0.01571274 -0.9698693 1.6586
9
-0.01102518 -0.2451196 1.794797
-0.09385877 -0.2398944 1.750668
0.07219407 -0.2402235 1.763957
-0.09904347 -0.6312026 1.803601
0.06453899 -0.5871014 1.746366
-0.06445398 -0.9716512 1.89214
0.05276329 -0.8975024 1.725796
-0.08947306 -1.053186 1.848851
0.01571274 -0.9698693 1.6586
9
-0.01663858 -0.2450151 1.805133
-0.09978797 -0.2401762 1.76197
0.06721216 -0.2397557 1.773054
-0.1022786 -0.6369457 1.82263
0.0631989 -0.5873635 1.752397
-0.06390628 -0.9713699 1.898467
0.05379315 -0.8974797 1.727114
-0.08636753 -1.053318 1.852734
0.06254952 -0.9266675 1.58352
9
-0.01663858 -0.2450151 1.805133
-0.09978797 -0.2401762 1.76197
0.06721216 -0.2397557 1.773054
-0.1022786 -0.6369457 1.82263
0.0631989 -0.5873635 1.752397
-0.06390628 -0.9713699 1.898467
0.05379315 -0.8974797 1.727114
-0.08636753 -1.053318 1.852734
0.06254952 -0.9266675 1.58352
9
-0.02356691 -0.2456992 1.821118
-0.106851 -0.2415854 1.77874
0.06069511 -0.2397355 1.78817
-0.1048875 -0.6383558 1.836082
0.06092599 -0.5890796 1.759357
-0.0645519 -0.9737722 1.903128
0.05415464 -0.8972276 1.727716
-0.08816087 -1.055843 1.861037
0.06189958 -0.9267358 1.584162
9
-0.02356691 -0.2456992 1.821118
-0.106851 -0.2415854 1.77874
0.06069511 -0.2397355 1.78817
-0.1048875 -0.6383558 1.836082
0.06092599 -0.5890796 1.759357
-0.0645519 -0.9737722 1.903128
0.05415464 -0.8972276 1.727716
-0.08816087 -1.055843 1.861037
0.06189958 -0.9267358 1.584162
9
-0.03007395 -0.2458948 1.833718
-0.1132997 -0.24189 1.791973
0.05439168 -0.2398404 1.800123
-0.1077359 -0.6449526 1.853925
0.05907153 -0.5891384 1.765317
-0.06516007 -0.9755762 1.908285
0.05423195 -0.897175 1.728778
-0.08839207 -1.057412 1.86306
0.05977927 -0.9269152 1.58516
9
-0.03007395 -0.2458948 1.833718
-0.1132997 -0.24189 1.791973
0.05439168 -0.2398404 1.800123
-0.1077359 -0.6449526 1.853925
0.05907153 -0.5891384 1.765317
-0.06516007 -0.9755762 1.908285
0.05423195 -0.897175 1.728778
-0.08839207 -1.057412 1.86306
0.05977927 -0.9269152 1.58516
9
-0.03432123 -0.2452703 1.847172
-0.1174393 -0.2412891 1.806727
0.05021471 -0.239267 1.812319
-0.1105927 -0.6467576 1.867432
0.05659693 -0.5905015 1.772134
-0.06932084 -0.980378 1.916593
0.05297601 -0.8984624 1.730074
-0.08687454 -1.060591 1.857033
0.05679449 -0.9284346 1.586471
9
-0.03432123 -0.2452703 1.847172
-0.1174393 -0.2412891 1.806727
0.05021471 -0.239267 1.812319
-0.1105927 -0.6467576 1.867432
0.05659693 -0.5905015 1.772134
-0.06932084 -0.980378 1.916593
0.05297601 -0.8984624 1.730074
-0.08687454 -1.060591 1.857033
0.05679449 -0.9284346 1.586471
9
-0.03432123 -0.2452703 1.847172
-0.1174393 -0.2412891 1.806727
0.05021471 -0.239267 1.812319
-0.1105927 -0.6467576 1.867432
0.05659693 -0.5905015 1.772134
-0.06932084 -0.980378 1.916593
0.05297601 -0.8984624 1.730074
-0.08687454 -1.060591 1.857033
0.05679449 -0.9284346 1.586471
9
-0.03432123 -0.2452703 1.847172
-0.1174393 -0.2412891 1.806727
0.05021471 -0.239267 1.812319
-0.1105927 -0.6467576 1.867432
0.05659693 -0.5905015 1.772134
-0.06932084 -0.980378 1.916593
0.05297601 -0.8984624 1.730074
-0.08687454 -1.060591 1.857033
0.05679449 -0.9284346 1.586471
9
-0.04505372 -0.2463585 1.87601
-0.1281836 -0.243265 1.838513
0.03992752 -0.2396303 1.838285
-0.1157852 -0.6510181 1.897778
0.05331689 -0.5944715 1.78707
-0.06944431 -0.9802771 1.922882
0.05275124 -0.899404 1.732984
-0.08589242 -1.058482 1.856109
0.05113984 -0.929979 1.589527
9
-0.04505372 -0.2463585 1.87601
-0.1281836 -0.243265 1.838513
0.03992752 -0.2396303 1.838285
-0.1157852 -0.6510181 1.897778
0.05331689 -0.5944715 1.78707
-0.06944431 -0.9802771 1.922882
0.05275124 -0.899404 1.732984
-0.08589242 -1.058482 1.856109
0.05113984 -0.929979 1.589527
9
-0.04684733 -0.2450923 1.883067
-0.1298554 -0.2419402 1.845628
0.03807864 -0.2384866 1.845177
-0.1157086 -0.6507274 1.9029
0.05330059 -0.5955449 1.791451
-0.06906369 -0.9791881 1.926157
0.05473117 -0.901632 1.737484
-0.0851906 -1.057142 1.858403
0.05179463 -0.9321111 1.594001
9
-0.04684733 -0.2450923 1.883067
-0.1298554 -0.2419402 1.845628
0.03807864 -0.2384866 1.845177
-0.1157086 -0.6507274 1.9029
0.05330059 -0.5955449 1.791451
-0.06906369 -0.9791881 1.926157
0.05473117 -0.901632 1.737484
-0.0851906 -1.057142 1.858403
0.05179463 -0.9321111 1.594001
9
-0.04684733 -0.2450923 1.883067
-0.1298554 -0.2419402 1.845628
0.03807864 -0.2384866 1.845177
-0.1157086 -0.6507274 1.9029
0.05330059 -0.5955449 1.791451
-0.06906369 -0.9791881 1.926157
0.05473117 -0.901632 1.737484
-0.0851906 -1.057142 1.858403
0.05179463 -0.9321111 1.594001
9
-0.04684733 -0.2450923 1.883067
-0.1298554 -0.2419402 1.845628
0.03807864 -0.2384866 1.845177
-0.1157086 -0.6507274 1.9029
0.05330059 -0.5955449 1.791451
-0.06906369 -0.9791881 1.926157
0.05473117 -0.901632 1.737484
-0.0851906 -1.057142 1.858403
0.05179463 -0.9321111 1.594001
9
-0.04792053 -0.242374 1.899037
-0.1314208 -0.2396373 1.86395
0.03745707 -0.2355761 1.858922
-0.1145593 -0.6479571 1.914389
0.05621381 -0.5991993 1.798398
-0.0693895 -0.9815838 1.934425
0.06832803 -0.9244963 1.771327
-0.08408304 -1.05609 1.857822
0.06169325 -0.9549081 1.628009
9
-0.04792053 -0.242374 1.899037
-0.1314208 -0.2396373 1.86395
0.03745707 -0.2355761 1.858922
-0.1145593 -0.6479571 1.914389
0.05621381 -0.5991993 1.798398
-0.0693895 -0.9815838 1.934425
0.06832803 -0.9244963 1.771327
-0.08408304 -1.05609 1.857822
0.06169325 -0.9549081 1.628009
9
-0.04695196 -0.2408501 1.90653
-0.1304021 -0.2385141 1.871793
0.03834591 -0.2337392 1.865942
-0.1140453 -0.6446875 1.920281
0.05959387 -0.6015425 1.801625
-0.06893978 -0.9802093 1.937885
0.07961238 -0.9369789 1.790661
-0.0839266 -1.054611 1.861061
0.06120485 -1.011744 1.716122
9
-0.04695196 -0.2408501 1.90653
-0.1304021 -0.2385141 1.871793
0.03834591 -0.2337392 1.865942
-0.1140453 -0.6446875 1.920281
0.05959387 -0.6015425 1.801625
-0.06893978 -0.9802093 1.937885
0.07961238 -0.9369789 1.790661
-0.0839266 -1.054611 1.861061
0.06120485 -1.011744 1.716122
9
-0.04683027 -0.2399053 1.912152
-0.130376 -0.2375118 1.877978
0.03855499 -0.23289 1.870972
-0.1144656 -0.6432869 1.924483
0.06655706 -0.6083195 1.805568
-0.06867136 -0.9787976 1.940679
0.1019763 -0.9719132 1.831472
-0.07658628 -1.009404 1.797259
0.07730639 -1.039434 1.746306
9
-0.04683027 -0.2399053 1.912152
-0.130376 -0.2375118 1.877978
0.03855499 -0.23289 1.870972
-0.1144656 -0.6432869 1.924483
0.06655706 -0.6083195 1.805568
-0.06867136 -0.9787976 1.940679
0.1019763 -0.9719132 1.831472
-0.07658628 -1.009404 1.797259
0.07730639 -1.039434 1.746306
9
-0.04615308 -0.2391029 1.91819
-0.1297092 -0.2366087 1.886027
0.03919728 -0.2322304 1.875253
-0.1139267 -0.6377997 1.928083
0.07092388 -0.6134684 1.814163
-0.06883682 -0.9773189 1.942207
0.1119023 -0.9783748 1.865498
-0.07869613 -1.007673 1.798832
0.0990645 -1.044784 1.774668
9
-0.04615308 -0.2391029 1.91819
-0.1297092 -0.2366087 1.886027
0.03919728 -0.2322304 1.875253
-0.1139267 -0.6377997 1.928083
0.07092388 -0.6134684 1.814163
-0.06883682 -0.9773189 1.942207
0.1119023 -0.9783748 1.865498
-0.07869613 -1.007673 1.798832
0.0990645 -1.044784 1.774668
9
-0.04615308 -0.2391029 1.91819
-0.1297092 -0.2366087 1.886027
0.03919728 -0.2322304 1.875253
-0.1139267 -0.6377997 1.928083
0.07092388 -0.6134684 1.814163
-0.06883682 -0.9773189 1.942207
0.1119023 -0.9783748 1.865498
-0.07869613 -1.007673 1.798832
0.0990645 -1.044784 1.774668
9
-0.04615308 -0.2391029 1.91819
-0.1297092 -0.2366087 1.886027
0.03919728 -0.2322304 1.875253
-0.1139267 -0.6377997 1.928083
0.07092388 -0.6134684 1.814163
-0.06883682 -0.9773189 1.942207
0.1119023 -0.9783748 1.865498
-0.07869613 -1.007673 1.798832
0.0990645 -1.044784 1.774668
9
-0.04352301 -0.239449 1.925743
-0.126511 -0.237045 1.895422
0.04120478 -0.2324999 1.88095
-0.1130176 -0.6366388 1.931353
0.08474241 -0.6232359 1.841614
-0.06918117 -0.974369 1.945792
0.1364677 -0.9809779 1.946061
-0.08582658 -1.004067 1.802971
0.1163342 -1.010612 1.803333
9
-0.04352301 -0.239449 1.925743
-0.126511 -0.237045 1.895422
0.04120478 -0.2324999 1.88095
-0.1130176 -0.6366388 1.931353
0.08474241 -0.6232359 1.841614
-0.06918117 -0.974369 1.945792
0.1364677 -0.9809779 1.946061
-0.08582658 -1.004067 1.802971
0.1163342 -1.010612 1.803333
9
-0.04138414 -0.2400108 1.930939
-0.1235394 -0.2375411 1.902523
0.0425523 -0.2330655 1.884386
-0.112178 -0.6356205 1.934886
0.08962624 -0.6236249 1.852611
-0.06930415 -0.9735747 1.947309
0.1460443 -0.9823226 1.975145
-0.08686031 -1.002945 1.804485
0.1900222 -1.055763 1.926455
9
-0.04138414 -0.2400108 1.930939
-0.1235394 -0.2375411 1.902523
0.0425523 -0.2330655 1.884386
-0.112178 -0.6356205 1.934886
0.08962624 -0.6236249 1.852611
-0.06930415 -0.9735747 1.947309
0.1460443 -0.9823226 1.975145
-0.08686031 -1.002945 1.804485
0.1900222 -1.055763 1.926455
9
-0.03717858 -0.2403266 1.937051
-0.1186638 -0.2379727 1.909561
0.04585672 -0.233302 1.889348
-0.111276 -0.6337091 1.9384
0.09583016 -0.6231937 1.869392
-0.06943597 -0.9735677 1.94821
0.1554426 -0.9870534 2.017391
-0.08820559 -1.00276 1.805523
0.1841619 -1.051226 1.929132
9
-0.03717858 -0.2403266 1.937051
-0.1186638 -0.2379727 1.909561
0.04585672 -0.233302 1.889348
-0.111276 -0.6337091 1.9384
0.09583016 -0.6231937 1.869392
-0.06943597 -0.9735677 1.94821
0.1554426 -0.9870534 2.017391
-0.08820559 -1.00276 1.805523
0.1841619 -1.051226 1.929132
9
-0.03717858 -0.2403266 1.937051
-0.1186638 -0.2379727 1.909561
0.04585672 -0.233302 1.889348
-0.111276 -0.6337091 1.9384
0.09583016 -0.6231937 1.869392
-0.06943597 -0.9735677 1.94821
0.1554426 -0.9870534 2.017391
-0.08820559 -1.00276 1.805523
0.1841619 -1.051226 1.929132
9
-0.03717858 -0.2403266 1.937051
-0.1186638 -0.2379727 1.909561
0.04585672 -0.233302 1.889348
-0.111276 -0.6337091 1.9384
0.09583016 -0.6231937 1.869392
-0.06943597 -0.9735677 1.94821
0.1554426 -0.9870534 2.017391
-0.08820559 -1.00276 1.805523
0.1841619 -1.051226 1.929132
9
-0.03312702 -0.2401917 1.944356
-0.1142493 -0.2375558 1.918608
0.04934389 -0.2334417 1.894956
-0.1098133 -0.6268434 1.943246
0.1125443 -0.6356034 1.917821
-0.06998733 -0.969559 1.950941
0.1782901 -0.9851242 2.064542
-0.08260363 -1.049344 1.885821
0.2192384 -1.060224 2.014555
9
-0.03312702 -0.2401917 1.944356
-0.1142493 -0.2375558 1.918608
0.04934389 -0.2334417 1.894956
-0.1098133 -0.6268434 1.943246
0.1125443 -0.6356034 1.917821
-0.06998733 -0.969559 1.950941
0.1782901 -0.9851242 2.064542
-0.08260363 -1.049344 1.885821
0.2192384 -1.060224 2.014555
9
-0.02758106 -0.2408637 1.951273
-0.1081047 -0.237791 1.926465
0.05407565 -0.2345188 1.900834
-0.10844 -0.624142 1.946086
0.1156721 -0.6403663 1.926804
-0.07028712 -0.9693614 1.951734
0.1809678 -0.9864053 2.079815
-0.08188926 -1.048748 1.885011
0.218837 -1.05918 2.015363
