40
9
-0.0815796 -0.02020475 1.932808
-0.1606507 -0.02480858 1.894818
0.0007942578 -0.0148564 1.893661
-0.1862289 -0.378261 1.88649
0.04464512 -0.4084633 1.915574
-0.1748854 -0.7442577 1.932459
0.07296495 -0.7471585 1.982991
-0.1997684 -0.8035654 1.874802
0.0902345 -0.8085224 1.921623
9
-0.07273643 -0.0201637 1.936792
-0.1517161 -0.02426325 1.898386
0.00917909 -0.01529168 1.897963
-0.1803064 -0.3764247 1.886651
0.04824263 -0.4064764 1.921898
-0.1741055 -0.7438556 1.93303
0.0721534 -0.7484794 1.987258
-0.198855 -0.8031891 1.875238
0.08941617 -0.8088655 1.92322
9
-0.07273643 -0.0201637 1.936792
-0.1517161 -0.02426325 1.898386
0.00917909 -0.01529168 1.897963
-0.1803064 -0.3764247 1.886651
0.04824263 -0.4064764 1.921898
-0.1741055 -0.7438556 1.93303
0.0721534 -0.7484794 1.987258
-0.198855 -0.8031891 1.875238
0.08941617 -0.8088655 1.92322
9
-0.06396182 -0.0201656 1.941187
-0.1432721 -0.02361241 1.901629
0.01801205 -0.01598661 1.903586
-0.1744815 -0.3761062 1.887084
0.05221241 -0.4057428 1.927928
-0.1734156 -0.7436302 1.933086
0.07237328 -0.7482988 1.98924
-0.1980728 -0.8029205 1.875016
0.08777247 -0.8093599 1.925762
9
-0.06396182 -0.0201656 1.941187
-0.1432721 -0.02361241 1.901629
0.01801205 -0.01598661 1.903586
-0.1744815 -0.3761062 1.887084
0.05221241 -0.4057428 1.927928
-0.1734156 -0.7436302 1.933086
0.07237328 -0.7482988 1.98924
-0.1980728 -0.8029205 1.875016
0.08777247 -0.8093599 1.925762
9
-0.05591776 -0.02060864 1.944296
-0.1353923 -0.02359913 1.904185
0.02582876 -0.0168503 1.907161
-0.1689517 -0.3769764 1.887688
0.05617385 -0.4043201 1.932864
-0.1730088 -0.7435245 1.933034
0.07219881 -0.7471136 1.990311
-0.1977007 -0.8027671 1.874842
0.08722592 -0.8083864 1.927098
9
-0.05591776 -0.02060864 1.944296
-0.1353923 -0.02359913 1.904185
0.02582876 -0.0168503 1.907161
-0.1689517 -0.3769764 1.887688
0.05617385 -0.4043201 1.932864
-0.1730088 -0.7435245 1.933034
0.07219881 -0.7471136 1.990311
-0.1977007 -0.8027671 1.874842
0.08722592 -0.8083864 1.927098
9
-0.04678652 -0.02094352 1.947952
-0.126407 -0.02326027 1.907698
0.03472452 -0.01782761 1.910902
-0.1629359 -0.3786426 1.888456
0.06144407 -0.4039931 1.938651
-0.1723755 -0.7437503 1.932858
0.07302627 -0.7447358 1.992297
-0.1972535 -0.8030168 1.87497
0.08592696 -0.8064358 1.928926
9
-0.04678652 -0.02094352 1.947952
-0.126407 -0.02326027 1.907698
0.03472452 -0.01782761 1.910902
-0.1629359 -0.3786426 1.888456
0.06144407 -0.4039931 1.938651
-0.1723755 -0.7437503 1.932858
0.07302627 -0.7447358 1.992297
-0.1972535 -0.8030168 1.87497
0.08592696 -0.8064358 1.928926
9
-0.04678652 -0.02094352 1.947952
-0.126407 -0.02326027 1.907698
0.03472452 -0.01782761 1.910902
-0.1629359 -0.3786426 1.888456
0.06144407 -0.4039931 1.938651
-0.1723755 -0.7437503 1.932858
0.07302627 -0.7447358 1.992297
-0.1972535 -0.8030168 1.87497
0.08592696 -0.8064358 1.928926
9
-0.04678652 -0.02094352 1.947952
-0.126407 -0.02326027 1.907698
0.03472452 -0.01782761 1.910902
-0.1629359 -0.3786426 1.888456
0.06144407 -0.4039931 1.938651
-0.1723755 -0.7437503 1.932858
0.07302627 -0.7447358 1.992297
-0.1972535 -0.8030168 1.87497
0.08592696 -0.8064358 1.928926
9
-0.04678652 -0.02094352 1.947952
-0.126407 -0.02326027 1.907698
0.03472452 -0.01782761 1.910902
-0.1629359 -0.3786426 1.888456
0.06144407 -0.4039931 1.938651
-0.1723755 -0.7437503 1.932858
0.07302627 -0.7447358 1.992297
-0.1972535 -0.8030168 1.87497
0.08592696 -0.8064358 1.928926
9
-0.0161894 -0.02152828 1.963099
-0.09679164 -0.02174245 1.922636
0.06512362 -0.02050589 1.926217
-0.1488835 -0.3883857 1.889254
0.08086564 -0.402308 1.956343
-0.169876 -0.7434666 1.932343
0.07538734 -0.7463443 1.997244
-0.1978565 -0.8047292 1.871316
0.0858191 -0.806975 1.930156
9
-0.0161894 -0.02152828 1.963099
-0.09679164 -0.02174245 1.922636
0.06512362 -0.02050589 1.926217
-0.1488835 -0.3883857 1.889254
0.08086564 -0.402308 1.956343
-0.169876 -0.7434666 1.932343
0.07538734 -0.7463443 1.997244
-0.1978565 -0.8047292 1.871316
0.0858191 -0.806975 1.930156
9
-0.01099059 -0.02165944 1.965814
-0.09160946 -0.02146701 1.925237
0.07010628 -0.02102513 1.929028
-0.1449729 -0.3899243 1.889425
0.08610538 -0.401617 1.960207
-0.1692328 -0.7437792 1.931995
0.07636283 -0.7464806 1.998991
-0.1976635 -0.8045238 1.869301
0.08563079 -0.8068323 1.930849
9
-0.01099059 -0.02165944 1.965814
-0.09160946 -0.02146701 1.925237
0.07010628 -0.02102513 1.929028
-0.1449729 -0.3899243 1.889425
0.08610538 -0.401617 1.960207
-0.1692328 -0.7437792 1.931995
0.07636283 -0.7464806 1.998991
-0.1976635 -0.8045238 1.869301
0.08563079 -0.8068323 1.930849
9
-0.005641116 -0.02212259 1.968972
-0.0863881 -0.02109599 1.928466
0.0754277 -0.02231372 1.932144
-0.1430787 -0.390493 1.888926
0.08900391 -0.4008068 1.96339
-0.1687803 -0.7439359 1.931302
0.07771935 -0.7459414 2.000972
-0.197178 -0.8043717 1.867627
0.08556169 -0.8060485 1.931825
9
-0.005641116 -0.02212259 1.968972
-0.0863881 -0.02109599 1.928466
0.0754277 -0.02231372 1.932144
-0.1430787 -0.390493 1.888926
0.08900391 -0.4008068 1.96339
-0.1687803 -0.7439359 1.931302
0.07771935 -0.7459414 2.000972
-0.197178 -0.8043717 1.867627
0.08556169 -0.8060485 1.931825
9
-0.0006563017 -0.02289991 1.973522
-0.08122035 -0.02083918 1.933473
0.08008071 -0.0240433 1.936305
-0.1409811 -0.3922269 1.888909
0.09195165 -0.4004269 1.967293
-0.1684318 -0.7437727 1.930769
0.07896978 -0.7460681 2.003213
-0.1968519 -0.8034394 1.866955
0.08511634 -0.8059621 1.933176
9
-0.0006563017 -0.02289991 1.973522
-0.08122035 -0.02083918 1.933473
0.08008071 -0.0240433 1.936305
-0.1409811 -0.3922269 1.888909
0.09195165 -0.4004269 1.967293
-0.1684318 -0.7437727 1.930769
0.07896978 -0.7460681 2.003213
-0.1968519 -0.8034394 1.866955
0.08511634 -0.8059621 1.933176
9
0.004753975 -0.02347424 1.980052
-0.07611603 -0.0204505 1.939837
0.08553965 -0.02560521 1.942967
-0.1396865 -0.3933882 1.889079
0.09475049 -0.3995382 1.971189
-0.1680636 -0.7440498 1.930129
0.07974426 -0.7463409 2.004874
-0.1968603 -0.8030564 1.865444
0.08562732 -0.8059474 1.934173
9
0.004753975 -0.02347424 1.980052
-0.07611603 -0.0204505 1.939837
0.08553965 -0.02560521 1.942967
-0.1396865 -0.3933882 1.889079
0.09475049 -0.3995382 1.971189
-0.1680636 -0.7440498 1.930129
0.07974426 -0.7463409 2.004874
-0.1968603 -0.8030564 1.865444
0.08562732 -0.8059474 1.934173
9
0.008035818 -0.02407656 1.984828
-0.07238504 -0.0202685 1.945964
0.0882846 -0.02680938 1.946584
-0.138912 -0.3939955 1.889048
0.09734212 -0.3978035 1.975157
-0.1677388 -0.7438373 1.929233
0.08037496 -0.7464451 2.005993
-0.1968518 -0.8030235 1.864925
0.08613814 -0.8059531 1.935056
9
0.008035818 -0.02407656 1.984828
-0.07238504 -0.0202685 1.945964
0.0882846 -0.02680938 1.946584
-0.138912 -0.3939955 1.889048
0.09734212 -0.3978035 1.975157
-0.1677388 -0.7438373 1.929233
0.08037496 -0.7464451 2.005993
-0.1968518 -0.8030235 1.864925
0.08613814 -0.8059531 1.935056
9
0.01120881 -0.02388215 1.989329
-0.0690529 -0.01930705 1.951249
0.09112883 -0.02732801 1.950272
-0.1380815 -0.3937997 1.889284
0.0993977 -0.398061 1.977908
-0.1676232 -0.743398 1.928971
0.08142779 -0.7487624 2.009401
-0.1968605 -0.8013743 1.864981
0.08657803 -0.8066714 1.935306
9
0.01120881 -0.02388215 1.989329
-0.0690529 -0.01930705 1.951249
0.09112883 -0.02732801 1.950272
-0.1380815 -0.3937997 1.889284
0.0993977 -0.398061 1.977908
-0.1676232 -0.743398 1.928971
0.08142779 -0.7487624 2.009401
-0.1968605 -0.8013743 1.864981
0.08657803 -0.8066714 1.935306
9
0.01414267 -0.02383528 1.993712
-0.06602446 -0.01861017 1.956031
0.093825 -0.02794336 1.95419
-0.1373736 -0.3935918 1.890298
0.1012411 -0.3969709 1.980389
-0.1685273 -0.7420023 1.927164
0.08188087 -0.7488441 2.009916
-0.1987006 -0.7975189 1.861081
0.08668016 -0.8066946 1.935654
9
0.01414267 -0.02383528 1.993712
-0.06602446 -0.01861017 1.956031
0.093825 -0.02794336 1.95419
-0.1373736 -0.3935918 1.890298
0.1012411 -0.3969709 1.980389
-0.1685273 -0.7420023 1.927164
0.08188087 -0.7488441 2.009916
-0.1987006 -0.7975189 1.861081
0.08668016 -0.8066946 1.935654
9
0.01626532 -0.02381425 1.99745
-0.06404401 -0.01818737 1.95979
0.09598352 -0.02838252 1.957842
-0.1365774 -0.3933109 1.892194
0.1024428 -0.3954841 1.982294
-0.1693111 -0.741876 1.926842
0.08207311 -0.7492126 2.010495
-0.202004 -0.7972963 1.8561
0.08673681 -0.806735 1.935625
9
0.01626532 -0.02381425 1.99745
-0.06404401 -0.01818737 1.95979
0.09598352 -0.02838252 1.957842
-0.1365774 -0.3933109 1.892194
0.1024428 -0.3954841 1.982294
-0.1693111 -0.741876 1.926842
0.08207311 -0.7492126 2.010495
-0.202004 -0.7972963 1.8561
0.08673681 -0.806735 1.935625
9
0.01726702 -0.02364143 2.002057
-0.06308824 -0.01737075 1.964487
0.09699062 -0.02888952 1.962366
-0.1362666 -0.3933412 1.895243
0.1027847 -0.3942349 1.984322
-0.1704458 -0.7408355 1.927335
0.08230052 -0.7490473 2.011316
-0.2028822 -0.7973957 1.854764
0.08710954 -0.8064874 1.936307
9
0.01726702 -0.02364143 2.002057
-0.06308824 -0.01737075 1.964487
0.09699062 -0.02888952 1.962366
-0.1362666 -0.3933412 1.895243
0.1027847 -0.3942349 1.984322
-0.1704458 -0.7408355 1.927335
0.08230052 -0.7490473 2.011316
-0.2028822 -0.7973957 1.854764
0.08710954 -0.8064874 1.936307
9
0.01785512 -0.02287769 2.006596
-0.06243604 -0.01587833 1.968666
0.09748765 -0.02894968 1.967328
-0.1360107 -0.39262 1.898793
0.1029321 -0.3927867 1.986383
-0.171854 -0.7406538 1.929039
0.08230588 -0.749112 2.011564
-0.2040035 -0.7983323 1.857295
0.08742926 -0.8064981 1.936509
9
0.01785512 -0.02287769 2.006596
-0.06243604 -0.01587833 1.968666
0.09748765 -0.02894968 1.967328
-0.1360107 -0.39262 1.898793
0.1029321 -0.3927867 1.986383
-0.171854 -0.7406538 1.929039
0.08230588 -0.749112 2.011564
-0.2040035 -0.7983323 1.857295
0.08742926 -0.8064981 1.936509
9
0.01794207 -0.02305798 2.009698
-0.06243289 -0.01543368 1.971733
0.09765239 -0.02978137 1.970488
-0.135888 -0.3926937 1.902464
0.1031157 -0.3917402 1.988275
-0.1737847 -0.7400599 1.932089
0.08217806 -0.7487295 2.012197
-0.202656 -0.7977684 1.858451
0.08760436 -0.8060068 1.93698
9
0.01794207 -0.02305798 2.009698
-0.06243289 -0.01543368 1.971733
0.09765239 -0.02978137 1.970488
-0.135888 -0.3926937 1.902464
0.1031157 -0.3917402 1.988275
-0.1737847 -0.7400599 1.932089
0.08217806 -0.7487295 2.012197
-0.202656 -0.7977684 1.858451
0.08760436 -0.8060068 1.93698
9
0.0178938 -0.02272124 2.013682
-0.0625395 -0.01473531 1.974902
0.09766965 -0.02991352 1.975307
-0.1361096 -0.3921601 1.908079
0.1030008 -0.3912698 1.990385
-0.1762471 -0.7385798 1.939792
0.08195146 -0.7486087 2.013341
-0.2032223 -0.7977912 1.862203
0.08916135 -0.8070168 1.940535
9
0.0178938 -0.02272124 2.013682
-0.0625395 -0.01473531 1.974902
0.09766965 -0.02991352 1.975307
-0.1361096 -0.3921601 1.908079
0.1030008 -0.3912698 1.990385
-0.1762471 -0.7385798 1.939792
0.08195146 -0.7486087 2.013341
-0.2032223 -0.7977912 1.862203
0.08916135 -0.8070168 1.940535
9
0.01760075 -0.02254233 2.016308
-0.06292181 -0.01406037 1.977216
0.09747475 -0.03026991 1.97826
-0.1366235 -0.3922178 1.914539
0.1028372 -0.3913092 1.992389
-0.1792878 -0.7396271 1.946351
0.08175141 -0.7486607 2.014729
-0.2033239 -0.7967079 1.869247
0.08946454 -0.8074656 1.942793
9
0.01760075 -0.02254233 2.016308
-0.06292181 -0.01406037 1.977216
0.09747475 -0.03026991 1.97826
-0.1366235 -0.3922178 1.914539
0.1028372 -0.3913092 1.992389
-0.1792878 -0.7396271 1.946351
0.08175141 -0.7486607 2.014729
-0.2033239 -0.7967079 1.869247
0.08946454 -0.8074656 1.942793
