40
9
-0.2712969 -0.03801168 2.207524
-0.3468321 -0.04070317 2.174957
-0.1863308 -0.03408762 2.163509
-0.3414457 -0.4185714 2.202594
-0.1334549 -0.4476546 2.128195
-0.3124012 -0.7730356 2.252861
-0.1021303 -0.7534508 2.096408
-0.3405313 -0.830436 2.187379
-0.08323851 -0.8081712 2.018775
9
-0.2712969 -0.03801168 2.207524
-0.3468321 -0.04070317 2.174957
-0.1863308 -0.03408762 2.163509
-0.3414457 -0.4185714 2.202594
-0.1334549 -0.4476546 2.128195
-0.3124012 -0.7730356 2.252861
-0.1021303 -0.7534508 2.096408
-0.3405313 -0.830436 2.187379
-0.08323851 -0.8081712 2.018775
9
-0.2712969 -0.03801168 2.207524
-0.3468321 -0.04070317 2.174957
-0.1863308 -0.03408762 2.163509
-0.3414457 -0.4185714 2.202594
-0.1334549 -0.4476546 2.128195
-0.3124012 -0.7730356 2.252861
-0.1021303 -0.7534508 2.096408
-0.3405313 -0.830436 2.187379
-0.08323851 -0.8081712 2.018775
9
-0.2712969 -0.03801168 2.207524
-0.3468321 -0.04070317 2.174957
-0.1863308 -0.03408762 2.163509
-0.3414457 -0.4185714 2.202594
-0.1334549 -0.4476546 2.128195
-0.3124012 -0.7730356 2.252861
-0.1021303 -0.7534508 2.096408
-0.3405313 -0.830436 2.187379
-0.08323851 -0.8081712 2.018775
9
-0.2893915 -0.03977051 2.220531
-0.3648558 -0.04411449 2.190246
-0.203975 -0.03421044 2.174432
-0.3507286 -0.4209324 2.214725
-0.1373376 -0.4486274 2.129568
-0.3122302 -0.773375 2.25392
-0.1018426 -0.7513831 2.098117
-0.3399737 -0.8300772 2.186894
-0.08307645 -0.8063404 2.020736
9
-0.2893915 -0.03977051 2.220531
-0.3648558 -0.04411449 2.190246
-0.203975 -0.03421044 2.174432
-0.3507286 -0.4209324 2.214725
-0.1373376 -0.4486274 2.129568
-0.3122302 -0.773375 2.25392
-0.1018426 -0.7513831 2.098117
-0.3399737 -0.8300772 2.186894
-0.08307645 -0.8063404 2.020736
9
-0.2934592 -0.04001612 2.223886
-0.3684361 -0.04485221 2.193629
-0.2083863 -0.03388192 2.177683
-0.3547963 -0.4216006 2.219579
-0.138741 -0.4491915 2.130175
-0.3121716 -0.7735519 2.254664
-0.09526051 -0.7452473 2.102395
-0.3396296 -0.829986 2.18518
-0.08004919 -0.8030446 2.022238
9
-0.2934592 -0.04001612 2.223886
-0.3684361 -0.04485221 2.193629
-0.2083863 -0.03388192 2.177683
-0.3547963 -0.4216006 2.219579
-0.138741 -0.4491915 2.130175
-0.3121716 -0.7735519 2.254664
-0.09526051 -0.7452473 2.102395
-0.3396296 -0.829986 2.18518
-0.08004919 -0.8030446 2.022238
9
-0.2983067 -0.03948048 2.228708
-0.3733373 -0.04477457 2.200204
-0.2130451 -0.03295342 2.181021
-0.3596776 -0.4179821 2.223668
-0.1393442 -0.4491443 2.130501
-0.3131912 -0.7729702 2.25662
-0.0907646 -0.7468533 2.103438
-0.3395182 -0.8299943 2.185561
-0.07606837 -0.8016236 2.024207
9
-0.2983067 -0.03948048 2.228708
-0.3733373 -0.04477457 2.200204
-0.2130451 -0.03295342 2.181021
-0.3596776 -0.4179821 2.223668
-0.1393442 -0.4491443 2.130501
-0.3131912 -0.7729702 2.25662
-0.0907646 -0.7468533 2.103438
-0.3395182 -0.8299943 2.185561
-0.07606837 -0.8016236 2.024207
9
-0.2983067 -0.03948048 2.228708
-0.3733373 -0.04477457 2.200204
-0.2130451 -0.03295342 2.181021
-0.3596776 -0.4179821 2.223668
-0.1393442 -0.4491443 2.130501
-0.3131912 -0.7729702 2.25662
-0.0907646 -0.7468533 2.103438
-0.3395182 -0.8299943 2.185561
-0.07606837 -0.8016236 2.024207
9
-0.2983067 -0.03948048 2.228708
-0.3733373 -0.04477457 2.200204
-0.2130451 -0.03295342 2.181021
-0.3596776 -0.4179821 2.223668
-0.1393442 -0.4491443 2.130501
-0.3131912 -0.7729702 2.25662
-0.0907646 -0.7468533 2.103438
-0.3395182 -0.8299943 2.185561
-0.07606837 -0.8016236 2.024207
9
-0.3029589 -0.03863808 2.235328
-0.3780653 -0.04456425 2.207851
-0.2174101 -0.0315443 2.186496
-0.3627171 -0.414744 2.230176
-0.1389937 -0.4478033 2.132262
-0.3142095 -0.7731053 2.257477
-0.07922755 -0.746864 2.1133
-0.3397257 -0.8299574 2.185204
-0.06751467 -0.8042544 2.037458
9
-0.3029589 -0.03863808 2.235328
-0.3780653 -0.04456425 2.207851
-0.2174101 -0.0315443 2.186496
-0.3627171 -0.414744 2.230176
-0.1389937 -0.4478033 2.132262
-0.3142095 -0.7731053 2.257477
-0.07922755 -0.746864 2.1133
-0.3397257 -0.8299574 2.185204
-0.06751467 -0.8042544 2.037458
9
-0.3064934 -0.03807606 2.241094
-0.3814425 -0.04516729 2.214546
-0.2210593 -0.02986995 2.19143
-0.3631043 -0.4145418 2.234038
-0.1386994 -0.4462113 2.135682
-0.3148628 -0.7729055 2.258459
-0.07580007 -0.7482445 2.116418
-0.361084 -0.8354492 2.25
-0.06226845 -0.8069075 2.041707
9
-0.3064934 -0.03807606 2.241094
-0.3814425 -0.04516729 2.214546
-0.2210593 -0.02986995 2.19143
-0.3631043 -0.4145418 2.234038
-0.1386994 -0.4462113 2.135682
-0.3148628 -0.7729055 2.258459
-0.07580007 -0.7482445 2.116418
-0.361084 -0.8354492 2.25
-0.06226845 -0.8069075 2.041707
9
-0.3075805 -0.0378333 2.245143
-0.3823007 -0.04598115 2.219512
-0.2223347 -0.02868017 2.194704
-0.3631653 -0.4138626 2.236967
-0.1386001 -0.4431072 2.140844
-0.3163506 -0.7742289 2.260118
-0.07101861 -0.7480491 2.124505
-0.3397696 -0.8281935 2.186614
-0.05922437 -0.8068406 2.042514
9
-0.3075805 -0.0378333 2.245143
-0.3823007 -0.04598115 2.219512
-0.2223347 -0.02868017 2.194704
-0.3631653 -0.4138626 2.236967
-0.1386001 -0.4431072 2.140844
-0.3163506 -0.7742289 2.260118
-0.07101861 -0.7480491 2.124505
-0.3397696 -0.8281935 2.186614
-0.05922437 -0.8068406 2.042514
9
-0.3075878 -0.03822025 2.248901
-0.382058 -0.04726738 2.224375
-0.2225309 -0.0283126 2.197382
-0.3636279 -0.411569 2.239995
-0.1380786 -0.4423466 2.148523
-0.316648 -0.7741866 2.260475
-0.06803112 -0.7519928 2.132465
-0.3398179 -0.8280392 2.186594
-0.05670614 -0.8089317 2.043136
9
-0.3075878 -0.03822025 2.248901
-0.382058 -0.04726738 2.224375
-0.2225309 -0.0283126 2.197382
-0.3636279 -0.411569 2.239995
-0.1380786 -0.4423466 2.148523
-0.316648 -0.7741866 2.260475
-0.06803112 -0.7519928 2.132465
-0.3398179 -0.8280392 2.186594
-0.05670614 -0.8089317 2.043136
9
-0.3075917 -0.03897801 2.254231
-0.3820083 -0.04890667 2.230369
-0.222614 -0.02814601 2.201856
-0.3636171 -0.4101199 2.243095
-0.1376581 -0.4419677 2.156283
-0.317169 -0.7741992 2.261631
-0.06479523 -0.757017 2.142062
-0.3397637 -0.8277481 2.186821
-0.05399165 -0.8140553 2.05516
9
-0.3075917 -0.03897801 2.254231
-0.3820083 -0.04890667 2.230369
-0.222614 -0.02814601 2.201856
-0.3636171 -0.4101199 2.243095
-0.1376581 -0.4419677 2.156283
-0.317169 -0.7741992 2.261631
-0.06479523 -0.757017 2.142062
-0.3397637 -0.8277481 2.186821
-0.05399165 -0.8140553 2.05516
9
-0.306535 -0.03928337 2.257838
-0.3806815 -0.05005348 2.234176
-0.2218468 -0.02755933 2.205254
-0.3628452 -0.4114611 2.246599
-0.1371015 -0.439997 2.161636
-0.3174828 -0.7735312 2.261908
-0.06470373 -0.7538001 2.152509
-0.3395717 -0.8272655 2.187039
-0.05326544 -0.8145324 2.069627
9
-0.306535 -0.03928337 2.257838
-0.3806815 -0.05005348 2.234176
-0.2218468 -0.02755933 2.205254
-0.3628452 -0.4114611 2.246599
-0.1371015 -0.439997 2.161636
-0.3174828 -0.7735312 2.261908
-0.06470373 -0.7538001 2.152509
-0.3395717 -0.8272655 2.187039
-0.05326544 -0.8145324 2.069627
9
-0.3038961 -0.03988989 2.262871
-0.3772222 -0.05209853 2.239454
-0.2199844 -0.02675282 2.210118
-0.3609104 -0.4131552 2.250637
-0.1353954 -0.4296034 2.172836
-0.3178035 -0.7730895 2.262372
-0.06405855 -0.7485722 2.164691
-0.3398849 -0.826766 2.187258
-0.05325896 -0.8088102 2.082383
9
-0.3038961 -0.03988989 2.262871
-0.3772222 -0.05209853 2.239454
-0.2199844 -0.02675282 2.210118
-0.3609104 -0.4131552 2.250637
-0.1353954 -0.4296034 2.172836
-0.3178035 -0.7730895 2.262372
-0.06405855 -0.7485722 2.164691
-0.3398849 -0.826766 2.187258
-0.05325896 -0.8088102 2.082383
9
-0.3021877 -0.0405163 2.267295
-0.3753977 -0.05359108 2.244353
-0.2185362 -0.02647556 2.213937
-0.3595143 -0.4137287 2.253388
-0.1343239 -0.4270098 2.179097
-0.3182825 -0.7730564 2.262747
-0.06407385 -0.7468361 2.173912
-0.3399969 -0.8267576 2.18697
-0.05422352 -0.8108017 2.101603
9
-0.3021877 -0.0405163 2.267295
-0.3753977 -0.05359108 2.244353
-0.2185362 -0.02647556 2.213937
-0.3595143 -0.4137287 2.253388
-0.1343239 -0.4270098 2.179097
-0.3182825 -0.7730564 2.262747
-0.06407385 -0.7468361 2.173912
-0.3399969 -0.8267576 2.18697
-0.05422352 -0.8108017 2.101603
9
-0.2984101 -0.04192942 2.272281
-0.3706634 -0.05562328 2.249079
-0.215826 -0.0271384 2.21906
-0.3578522 -0.4144026 2.255927
-0.1316066 -0.4261132 2.185133
-0.3183738 -0.7730788 2.263255
-0.06285565 -0.7463013 2.181942
-0.3397422 -0.8263346 2.18711
-0.05312397 -0.8101828 2.102255
9
-0.2984101 -0.04192942 2.272281
-0.3706634 -0.05562328 2.249079
-0.215826 -0.0271384 2.21906
-0.3578522 -0.4144026 2.255927
-0.1316066 -0.4261132 2.185133
-0.3183738 -0.7730788 2.263255
-0.06285565 -0.7463013 2.181942
-0.3397422 -0.8263346 2.18711
-0.05312397 -0.8101828 2.102255
9
-0.2950335 -0.04296552 2.276685
-0.3663719 -0.05733398 2.253803
-0.2134487 -0.02746036 2.223063
-0.3553492 -0.4170555 2.259648
-0.1285357 -0.4271697 2.192459
-0.3186793 -0.7725623 2.26332
-0.06023574 -0.7485663 2.186663
-0.3409315 -0.826622 2.188466
-0.04743183 -0.8111364 2.102019
9
-0.2950335 -0.04296552 2.276685
-0.3663719 -0.05733398 2.253803
-0.2134487 -0.02746036 2.223063
-0.3553492 -0.4170555 2.259648
-0.1285357 -0.4271697 2.192459
-0.3186793 -0.7725623 2.26332
-0.06023574 -0.7485663 2.186663
-0.3409315 -0.826622 2.188466
-0.04743183 -0.8111364 2.102019
9
-0.2915817 -0.04374982 2.280839
-0.3631204 -0.05810161 2.256868
-0.2100529 -0.02811055 2.228376
-0.3539186 -0.4175546 2.26131
-0.124392 -0.4297385 2.202092
-0.3190868 -0.7723556 2.26384
-0.05680832 -0.7529917 2.199928
-0.3414603 -0.8274871 2.187687
-0.04098062 -0.8179936 2.113468
9
-0.2915817 -0.04374982 2.280839
-0.3631204 -0.05810161 2.256868
-0.2100529 -0.02811055 2.228376
-0.3539186 -0.4175546 2.26131
-0.124392 -0.4297385 2.202092
-0.3190868 -0.7723556 2.26384
-0.05680832 -0.7529917 2.199928
-0.3414603 -0.8274871 2.187687
-0.04098062 -0.8179936 2.113468
9
-0.2883513 -0.04428452 2.284872
-0.3591233 -0.05941435 2.261509
-0.2076512 -0.02792919 2.23177
-0.3526657 -0.4176686 2.26245
-0.1193808 -0.4307576 2.209175
-0.3192455 -0.7717043 2.264074
-0.053233 -0.753476 2.205534
-0.3412084 -0.8274541 2.187289
-0.03591805 -0.8184274 2.11467
9
-0.2883513 -0.04428452 2.284872
-0.3591233 -0.05941435 2.261509
-0.2076512 -0.02792919 2.23177
-0.3526657 -0.4176686 2.26245
-0.1193808 -0.4307576 2.209175
-0.3192455 -0.7717043 2.264074
-0.053233 -0.753476 2.205534
-0.3412084 -0.8274541 2.187289
-0.03591805 -0.8184274 2.11467
9
-0.2846802 -0.04558411 2.289065
-0.3552641 -0.06109765 2.265378
-0.2043937 -0.02870861 2.23617
-0.3512209 -0.4185536 2.263449
-0.1135255 -0.4326738 2.213808
-0.3194096 -0.7717962 2.264388
-0.0475579 -0.7519559 2.212081
-0.3423115 -0.8288171 2.189738
-0.02794345 -0.8188541 2.122272
9
-0.2846802 -0.04558411 2.289065
-0.3552641 -0.06109765 2.265378
-0.2043937 -0.02870861 2.23617
-0.3512209 -0.4185536 2.263449
-0.1135255 -0.4326738 2.213808
-0.3194096 -0.7717962 2.264388
-0.0475579 -0.7519559 2.212081
-0.3423115 -0.8288171 2.189738
-0.02794345 -0.8188541 2.122272
9
-0.2816769 -0.04606407 2.29285
-0.3521142 -0.06172368 2.26941
-0.2016993 -0.02898189 2.239642
-0.3501796 -0.4188074 2.26409
-0.1088732 -0.4321769 2.216867
-0.3192552 -0.7697784 2.265538
-0.04164126 -0.7511438 2.22215
-0.3411689 -0.828458 2.18904
-0.01625858 -0.8157967 2.143163
9
-0.2816769 -0.04606407 2.29285
-0.3521142 -0.06172368 2.26941
-0.2016993 -0.02898189 2.239642
-0.3501796 -0.4188074 2.26409
-0.1088732 -0.4321769 2.216867
-0.3192552 -0.7697784 2.265538
-0.04164126 -0.7511438 2.22215
-0.3411689 -0.828458 2.18904
-0.01625858 -0.8157967 2.143163
