40
9
-0.140893 -0.02255431 2.072745
-0.2179755 -0.02655943 2.041
-0.05852655 -0.01771473 2.027402
-0.2389031 -0.3981984 2.084306
-0.03141953 -0.4036911 2.006134
-0.2363609 -0.7600364 2.245557
-0.03315676 -0.7416962 1.9917
-0.2615375 -0.8273012 2.186286
-0.03023244 -0.7981308 1.902595
9
-0.140893 -0.02255431 2.072745
-0.2179755 -0.02655943 2.041
-0.05852655 -0.01771473 2.027402
-0.2389031 -0.3981984 2.084306
-0.03141953 -0.4036911 2.006134
-0.2363609 -0.7600364 2.245557
-0.03315676 -0.7416962 1.9917
-0.2615375 -0.8273012 2.186286
-0.03023244 -0.7981308 1.902595
9
-0.1331826 -0.02219911 2.061
-0.210051 -0.02553913 2.027578
-0.05127863 -0.01795957 2.017178
-0.2341182 -0.3998511 2.066222
-0.02395741 -0.3980539 1.997303
-0.2379799 -0.7559455 2.238481
-0.03246885 -0.742156 1.99017
-0.2598484 -0.8248165 2.184547
-0.02997583 -0.7979906 1.902732
9
-0.1331826 -0.02219911 2.061
-0.210051 -0.02553913 2.027578
-0.05127863 -0.01795957 2.017178
-0.2341182 -0.3998511 2.066222
-0.02395741 -0.3980539 1.997303
-0.2379799 -0.7559455 2.238481
-0.03246885 -0.742156 1.99017
-0.2598484 -0.8248165 2.184547
-0.02997583 -0.7979906 1.902732
9
-0.1255757 -0.02105011 2.050157
-0.2031103 -0.02437877 2.017609
-0.04329038 -0.01690753 2.005539
-0.231102 -0.3988948 2.049082
-0.01949065 -0.3985358 1.991319
-0.2382959 -0.750069 2.230141
-0.03211786 -0.7427608 1.988844
-0.2656481 -0.8247671 2.176188
-0.02948067 -0.7979759 1.903002
9
-0.1255757 -0.02105011 2.050157
-0.2031103 -0.02437877 2.017609
-0.04329038 -0.01690753 2.005539
-0.231102 -0.3988948 2.049082
-0.01949065 -0.3985358 1.991319
-0.2382959 -0.750069 2.230141
-0.03211786 -0.7427608 1.988844
-0.2656481 -0.8247671 2.176188
-0.02948067 -0.7979759 1.903002
9
-0.116497 -0.02022675 2.035835
-0.1946464 -0.0237137 2.003915
-0.03389527 -0.01595824 1.990598
-0.2289587 -0.3986872 2.027958
-0.01558484 -0.3971528 1.984347
-0.2373914 -0.7444502 2.218194
-0.03238422 -0.7432787 1.987365
-0.2662086 -0.8238988 2.172099
-0.02925374 -0.7984798 1.902579
9
-0.116497 -0.02022675 2.035835
-0.1946464 -0.0237137 2.003915
-0.03389527 -0.01595824 1.990598
-0.2289587 -0.3986872 2.027958
-0.01558484 -0.3971528 1.984347
-0.2373914 -0.7444502 2.218194
-0.03238422 -0.7432787 1.987365
-0.2662086 -0.8238988 2.172099
-0.02925374 -0.7984798 1.902579
9
-0.1091452 -0.01958303 2.024903
-0.1875128 -0.02294624 1.99214
-0.02658678 -0.01545853 1.98046
-0.227172 -0.3981877 2.006367
-0.01116677 -0.3960199 1.97732
-0.2365898 -0.7404534 2.202239
-0.03311094 -0.7445185 1.985111
-0.2672087 -0.8211945 2.165226
-0.02885126 -0.7988213 1.902452
9
-0.1091452 -0.01958303 2.024903
-0.1875128 -0.02294624 1.99214
-0.02658678 -0.01545853 1.98046
-0.227172 -0.3981877 2.006367
-0.01116677 -0.3960199 1.97732
-0.2365898 -0.7404534 2.202239
-0.03311094 -0.7445185 1.985111
-0.2672087 -0.8211945 2.165226
-0.02885126 -0.7988213 1.902452
9
-0.1034013 -0.01965024 2.016
-0.1821938 -0.02254405 1.983178
-0.02060714 -0.01599995 1.971617
-0.2244426 -0.3905458 1.974151
-0.008968809 -0.3971274 1.973299
-0.2354247 -0.72804 2.177467
-0.03292641 -0.7446989 1.983954
-0.2704544 -0.8190827 2.15235
-0.02879329 -0.7988874 1.902764
9
-0.1034013 -0.01965024 2.016
-0.1821938 -0.02254405 1.983178
-0.02060714 -0.01599995 1.971617
-0.2244426 -0.3905458 1.974151
-0.008968809 -0.3971274 1.973299
-0.2354247 -0.72804 2.177467
-0.03292641 -0.7446989 1.983954
-0.2704544 -0.8190827 2.15235
-0.02879329 -0.7988874 1.902764
9
-0.09692521 -0.01884521 2.005494
-0.1760399 -0.02118225 1.972957
-0.01402903 -0.0157938 1.960817
-0.2222441 -0.3852702 1.950806
-0.004062363 -0.4005438 1.967112
-0.2314547 -0.7208272 2.157202
-0.03296919 -0.7450626 1.983292
-0.2676375 -0.810409 2.139555
-0.02870185 -0.7995425 1.902561
9
-0.09692521 -0.01884521 2.005494
-0.1760399 -0.02118225 1.972957
-0.01402903 -0.0157938 1.960817
-0.2222441 -0.3852702 1.950806
-0.004062363 -0.4005438 1.967112
-0.2314547 -0.7208272 2.157202
-0.03296919 -0.7450626 1.983292
-0.2676375 -0.810409 2.139555
-0.02870185 -0.7995425 1.902561
9
-0.09203768 -0.01840293 1.996121
-0.1711992 -0.01991722 1.963291
-0.009253317 -0.01615734 1.951698
-0.2180196 -0.3779618 1.926687
-0.00206418 -0.4002982 1.963441
-0.2264234 -0.7100004 2.138371
-0.03299788 -0.7450151 1.982398
-0.225688 -0.7334078 2.013496
-0.02847304 -0.7998827 1.902279
9
-0.09203768 -0.01840293 1.996121
-0.1711992 -0.01991722 1.963291
-0.009253317 -0.01615734 1.951698
-0.2180196 -0.3779618 1.926687
-0.00206418 -0.4002982 1.963441
-0.2264234 -0.7100004 2.138371
-0.03299788 -0.7450151 1.982398
-0.225688 -0.7334078 2.013496
-0.02847304 -0.7998827 1.902279
9
-0.08753208 -0.01781261 1.988222
-0.1667958 -0.0187107 1.954626
-0.004823676 -0.0161646 1.94453
-0.2145477 -0.3753733 1.911314
0.0005966238 -0.3994242 1.958385
-0.221166 -0.7101175 2.119158
-0.03296524 -0.7450948 1.981723
-0.2623168 -0.79897 2.076825
-0.02832531 -0.8003659 1.902243
9
-0.08753208 -0.01781261 1.988222
-0.1667958 -0.0187107 1.954626
-0.004823676 -0.0161646 1.94453
-0.2145477 -0.3753733 1.911314
0.0005966238 -0.3994242 1.958385
-0.221166 -0.7101175 2.119158
-0.03296524 -0.7450948 1.981723
-0.2623168 -0.79897 2.076825
-0.02832531 -0.8003659 1.902243
9
-0.08366914 -0.01717976 1.980845
-0.1629605 -0.01745021 1.947011
-0.001072712 -0.01618219 1.937406
-0.2118488 -0.3731808 1.893675
0.001545625 -0.3991899 1.955451
-0.2170029 -0.7145625 2.091478
-0.03284073 -0.7455435 1.981079
-0.2602395 -0.8018402 2.044544
-0.0281088 -0.8012196 1.902254
9
-0.08366914 -0.01717976 1.980845
-0.1629605 -0.01745021 1.947011
-0.001072712 -0.01618219 1.937406
-0.2118488 -0.3731808 1.893675
0.001545625 -0.3991899 1.955451
-0.2170029 -0.7145625 2.091478
-0.03284073 -0.7455435 1.981079
-0.2602395 -0.8018402 2.044544
-0.0281088 -0.8012196 1.902254
9
-0.08062299 -0.0171967 1.973297
-0.1601008 -0.01701278 1.939156
0.002044756 -0.01665888 1.930175
-0.2096219 -0.3736818 1.877398
0.002188885 -0.3991388 1.951612
-0.2133922 -0.7212026 2.065248
-0.03211923 -0.746433 1.979067
-0.2543244 -0.8070464 2.013985
-0.02788879 -0.8028359 1.901419
9
-0.08062299 -0.0171967 1.973297
-0.1601008 -0.01701278 1.939156
0.002044756 -0.01665888 1.930175
-0.2096219 -0.3736818 1.877398
0.002188885 -0.3991388 1.951612
-0.2133922 -0.7212026 2.065248
-0.03211923 -0.746433 1.979067
-0.2543244 -0.8070464 2.013985
-0.02788879 -0.8028359 1.901419
9
-0.07858937 -0.01704194 1.966762
-0.1582139 -0.01663109 1.932089
0.004140198 -0.01673684 1.924165
-0.207125 -0.3745736 1.863838
0.002395082 -0.3988093 1.947209
-0.2129711 -0.7343428 2.029469
-0.03201196 -0.7470443 1.978492
-0.244882 -0.7965326 1.967443
-0.02776008 -0.8037229 1.901328
9
-0.07858937 -0.01704194 1.966762
-0.1582139 -0.01663109 1.932089
0.004140198 -0.01673684 1.924165
-0.207125 -0.3745736 1.863838
0.002395082 -0.3988093 1.947209
-0.2129711 -0.7343428 2.029469
-0.03201196 -0.7470443 1.978492
-0.244882 -0.7965326 1.967443
-0.02776008 -0.8037229 1.901328
9
-0.07708101 -0.01658286 1.961141
-0.15679 -0.01593233 1.925852
0.00567079 -0.01652712 1.919144
-0.2048152 -0.3810778 1.854043
0.002075673 -0.4017602 1.94419
-0.2159269 -0.7460682 2.003904
-0.03179449 -0.7474487 1.97806
-0.2470717 -0.7992095 1.934159
-0.02769487 -0.8043094 1.901207
9
-0.07708101 -0.01658286 1.961141
-0.15679 -0.01593233 1.925852
0.00567079 -0.01652712 1.919144
-0.2048152 -0.3810778 1.854043
0.002075673 -0.4017602 1.94419
-0.2159269 -0.7460682 2.003904
-0.03179449 -0.7474487 1.97806
-0.2470717 -0.7992095 1.934159
-0.02769487 -0.8043094 1.901207
9
-0.07617958 -0.01660291 1.955813
-0.1560148 -0.01576678 1.920363
0.006672302 -0.01674223 1.914001
-0.2024136 -0.3856908 1.842471
0.001952298 -0.4021079 1.94065
-0.220142 -0.7403534 1.9461
-0.03178585 -0.7481911 1.977057
-0.2481689 -0.7978516 1.882813
-0.02803975 -0.8055937 1.901137
9
-0.07617958 -0.01660291 1.955813
-0.1560148 -0.01576678 1.920363
0.006672302 -0.01674223 1.914001
-0.2024136 -0.3856908 1.842471
0.001952298 -0.4021079 1.94065
-0.220142 -0.7403534 1.9461
-0.03178585 -0.7481911 1.977057
-0.2481689 -0.7978516 1.882813
-0.02803975 -0.8055937 1.901137
9
-0.07530642 -0.01701208 1.950322
-0.1552819 -0.01642997 1.914325
0.007649901 -0.01691481 1.909037
-0.2002875 -0.3931869 1.834255
0.001470838 -0.4032207 1.938116
-0.2248571 -0.7468535 1.918832
-0.03227627 -0.7502701 1.975345
-0.2546903 -0.8025944 1.836333
-0.02788064 -0.8078466 1.899876
9
-0.07530642 -0.01701208 1.950322
-0.1552819 -0.01642997 1.914325
0.007649901 -0.01691481 1.909037
-0.2002875 -0.3931869 1.834255
0.001470838 -0.4032207 1.938116
-0.2248571 -0.7468535 1.918832
-0.03227627 -0.7502701 1.975345
-0.2546903 -0.8025944 1.836333
-0.02788064 -0.8078466 1.899876
9
-0.0750153 -0.01702807 1.9449
-0.1551856 -0.01652071 1.908115
0.008110747 -0.01686512 1.904372
-0.1996928 -0.3966712 1.828325
0.001104646 -0.4045945 1.935734
-0.2350846 -0.7433152 1.866746
-0.0324092 -0.7500213 1.974664
-0.2575232 -0.7995114 1.799643
-0.0278726 -0.8080028 1.89993
9
-0.0750153 -0.01702807 1.9449
-0.1551856 -0.01652071 1.908115
0.008110747 -0.01686512 1.904372
-0.1996928 -0.3966712 1.828325
0.001104646 -0.4045945 1.935734
-0.2350846 -0.7433152 1.866746
-0.0324092 -0.7500213 1.974664
-0.2575232 -0.7995114 1.799643
-0.0278726 -0.8080028 1.89993
9
-0.07475568 -0.01682137 1.938649
-0.1549543 -0.01653264 1.901617
0.00841091 -0.01645344 1.898412
-0.2009867 -0.3999909 1.819798
0.0006706047 -0.4033906 1.932778
-0.2399591 -0.7413374 1.841443
-0.03241663 -0.7499555 1.974345
-0.2629963 -0.7957343 1.760442
-0.02785205 -0.8081369 1.899978
9
-0.07475568 -0.01682137 1.938649
-0.1549543 -0.01653264 1.901617
0.00841091 -0.01645344 1.898412
-0.2009867 -0.3999909 1.819798
0.0006706047 -0.4033906 1.932778
-0.2399591 -0.7413374 1.841443
-0.03241663 -0.7499555 1.974345
-0.2629963 -0.7957343 1.760442
-0.02785205 -0.8081369 1.899978
9
-0.07568231 -0.0171113 1.932664
-0.1560056 -0.01669779 1.894589
0.007653717 -0.01682788 1.893407
-0.2037076 -0.4014156 1.81192
0.0004580856 -0.4025367 1.929487
-0.246434 -0.7376057 1.81545
-0.03277214 -0.7491735 1.973254
-0.2647023 -0.7948263 1.747707
-0.02787139 -0.8079836 1.90008
9
-0.07726984 -0.01717599 1.926
-0.1576471 -0.01685182 1.887218
0.006209878 -0.01681149 1.887486
-0.2085453 -0.4056536 1.801504
-0.000803964 -0.401897 1.926225
-0.2487214 -0.7392116 1.791036
-0.03274912 -0.7490516 1.972412
-0.2658691 -0.793457 1.695313
-0.02802578 -0.8082157 1.899905
9
-0.07726984 -0.01717599 1.926
-0.1576471 -0.01685182 1.887218
0.006209878 -0.01681149 1.887486
-0.2085453 -0.4056536 1.801504
-0.000803964 -0.401897 1.926225
-0.2487214 -0.7392116 1.791036
-0.03274912 -0.7490516 1.972412
-0.2658691 -0.793457 1.695313
-0.02802578 -0.8082157 1.899905
9
-0.07726984 -0.01717599 1.926
-0.1576471 -0.01685182 1.887218
0.006209878 -0.01681149 1.887486
-0.2085453 -0.4056536 1.801504
-0.000803964 -0.401897 1.926225
-0.2487214 -0.7392116 1.791036
-0.03274912 -0.7490516 1.972412
-0.2658691 -0.793457 1.695313
-0.02802578 -0.8082157 1.899905
9
-0.07945172 -0.01696717 1.919721
-0.1600319 -0.01665783 1.87965
0.004327116 -0.01659996 1.882416
-0.2122255 -0.4029302 1.794255
-0.001740958 -0.4000864 1.922912
-0.2513498 -0.7374003 1.782322
-0.03307983 -0.7482141 1.971526
-0.2660893 -0.7930167 1.695215
-0.02814874 -0.807875 1.900004
9
-0.07945172 -0.01696717 1.919721
-0.1600319 -0.01665783 1.87965
0.004327116 -0.01659996 1.882416
-0.2122255 -0.4029302 1.794255
-0.001740958 -0.4000864 1.922912
-0.2513498 -0.7374003 1.782322
-0.03307983 -0.7482141 1.971526
-0.2660893 -0.7930167 1.695215
-0.02814874 -0.807875 1.900004
