40
9
0.09708815 -0.2447085 2.011525
0.01670503 -0.239152 1.956104
0.1737476 -0.2410772 1.990903
-0.01066314 -0.6244992 1.952132
0.1941949 -0.6553329 2.017576
0.004897916 -0.9597759 1.973906
0.1900654 -0.997789 2.057229
0.007944192 -1.03449 1.900275
0.2323293 -1.061807 1.986275
9
0.09708815 -0.2447085 2.011525
0.01670503 -0.239152 1.956104
0.1737476 -0.2410772 1.990903
-0.01066314 -0.6244992 1.952132
0.1941949 -0.6553329 2.017576
0.004897916 -0.9597759 1.973906
0.1900654 -0.997789 2.057229
0.007944192 -1.03449 1.900275
0.2323293 -1.061807 1.986275
9
0.09857292 -0.2446477 2.010198
0.01814627 -0.2390369 1.954811
0.1751982 -0.2410592 1.989586
-0.008896956 -0.6242958 1.950529
0.1957168 -0.6529003 2.016424
0.005009609 -0.9596127 1.973403
0.1886987 -0.9959666 2.057581
0.007849491 -1.034564 1.900161
0.2335136 -1.060584 1.991104
9
0.09857292 -0.2446477 2.010198
0.01814627 -0.2390369 1.954811
0.1751982 -0.2410592 1.989586
-0.008896956 -0.6242958 1.950529
0.1957168 -0.6529003 2.016424
0.005009609 -0.9596127 1.973403
0.1886987 -0.9959666 2.057581
0.007849491 -1.034564 1.900161
0.2335136 -1.060584 1.991104
9
0.1028077 -0.2444804 2.00773
0.02189018 -0.2388004 1.952734
0.1797692 -0.2409547 1.986746
-0.006064446 -0.6221842 1.94799
0.198265 -0.6466634 2.014787
0.005203999 -0.959996 1.972731
0.1870064 -0.9943107 2.058774
0.007879082 -1.035169 1.899881
0.232562 -1.058746 1.992648
9
0.1028077 -0.2444804 2.00773
0.02189018 -0.2388004 1.952734
0.1797692 -0.2409547 1.986746
-0.006064446 -0.6221842 1.94799
0.198265 -0.6466634 2.014787
0.005203999 -0.959996 1.972731
0.1870064 -0.9943107 2.058774
0.007879082 -1.035169 1.899881
0.232562 -1.058746 1.992648
9
0.1028077 -0.2444804 2.00773
0.02189018 -0.2388004 1.952734
0.1797692 -0.2409547 1.986746
-0.006064446 -0.6221842 1.94799
0.198265 -0.6466634 2.014787
0.005203999 -0.959996 1.972731
0.1870064 -0.9943107 2.058774
0.007879082 -1.035169 1.899881
0.232562 -1.058746 1.992648
9
0.1028077 -0.2444804 2.00773
0.02189018 -0.2388004 1.952734
0.1797692 -0.2409547 1.986746
-0.006064446 -0.6221842 1.94799
0.198265 -0.6466634 2.014787
0.005203999 -0.959996 1.972731
0.1870064 -0.9943107 2.058774
0.007879082 -1.035169 1.899881
0.232562 -1.058746 1.992648
9
0.1028077 -0.2444804 2.00773
0.02189018 -0.2388004 1.952734
0.1797692 -0.2409547 1.986746
-0.006064446 -0.6221842 1.94799
0.198265 -0.6466634 2.014787
0.005203999 -0.959996 1.972731
0.1870064 -0.9943107 2.058774
0.007879082 -1.035169 1.899881
0.232562 -1.058746 1.992648
9
0.1075166 -0.2443068 2.006063
0.02642405 -0.2381704 1.951439
0.1845176 -0.2412445 1.984712
-0.002252582 -0.6223081 1.945572
0.2002006 -0.6447676 2.014359
0.005609511 -0.9604875 1.971705
0.1874576 -0.9926656 2.05955
0.008011946 -1.035761 1.898988
0.2318514 -1.056595 1.9904
9
0.1075166 -0.2443068 2.006063
0.02642405 -0.2381704 1.951439
0.1845176 -0.2412445 1.984712
-0.002252582 -0.6223081 1.945572
0.2002006 -0.6447676 2.014359
0.005609511 -0.9604875 1.971705
0.1874576 -0.9926656 2.05955
0.008011946 -1.035761 1.898988
0.2318514 -1.056595 1.9904
9
0.1075166 -0.2443068 2.006063
0.02642405 -0.2381704 1.951439
0.1845176 -0.2412445 1.984712
-0.002252582 -0.6223081 1.945572
0.2002006 -0.6447676 2.014359
0.005609511 -0.9604875 1.971705
0.1874576 -0.9926656 2.05955
0.008011946 -1.035761 1.898988
0.2318514 -1.056595 1.9904
9
0.1160025 -0.2441403 2.004865
0.03491263 -0.2374865 1.950167
0.1926602 -0.2415692 1.983641
0.003406074 -0.6204686 1.94322
0.2029922 -0.6441016 2.014478
0.006158111 -0.9609679 1.971225
0.1888385 -0.9902032 2.062783
0.008280668 -1.036165 1.898211
0.2297293 -1.051613 1.984489
9
0.1160025 -0.2441403 2.004865
0.03491263 -0.2374865 1.950167
0.1926602 -0.2415692 1.983641
0.003406074 -0.6204686 1.94322
0.2029922 -0.6441016 2.014478
0.006158111 -0.9609679 1.971225
0.1888385 -0.9902032 2.062783
0.008280668 -1.036165 1.898211
0.2297293 -1.051613 1.984489
9
0.1160025 -0.2441403 2.004865
0.03491263 -0.2374865 1.950167
0.1926602 -0.2415692 1.983641
0.003406074 -0.6204686 1.94322
0.2029922 -0.6441016 2.014478
0.006158111 -0.9609679 1.971225
0.1888385 -0.9902032 2.062783
0.008280668 -1.036165 1.898211
0.2297293 -1.051613 1.984489
9
0.1217706 -0.2441998 2.003421
0.04012706 -0.2370428 1.948458
0.1988197 -0.2421536 1.982502
0.006276875 -0.6194693 1.941595
0.2048652 -0.6440714 2.014738
0.006875156 -0.9621292 1.970495
0.1888815 -0.9897609 2.063221
0.008012138 -1.03742 1.897589
0.2278354 -1.052223 1.984771
9
0.1217706 -0.2441998 2.003421
0.04012706 -0.2370428 1.948458
0.1988197 -0.2421536 1.982502
0.006276875 -0.6194693 1.941595
0.2048652 -0.6440714 2.014738
0.006875156 -0.9621292 1.970495
0.1888815 -0.9897609 2.063221
0.008012138 -1.03742 1.897589
0.2278354 -1.052223 1.984771
9
0.1285772 -0.2439435 2.002563
0.04727847 -0.2363631 1.947223
0.2050052 -0.2422809 1.982021
0.009289358 -0.6192582 1.940687
0.2072703 -0.6453421 2.015686
0.007297731 -0.9638443 1.969396
0.1897007 -0.98857 2.063487
0.008717637 -1.039002 1.896142
0.2274569 -1.053145 1.9876
9
0.1285772 -0.2439435 2.002563
0.04727847 -0.2363631 1.947223
0.2050052 -0.2422809 1.982021
0.009289358 -0.6192582 1.940687
0.2072703 -0.6453421 2.015686
0.007297731 -0.9638443 1.969396
0.1897007 -0.98857 2.063487
0.008717637 -1.039002 1.896142
0.2274569 -1.053145 1.9876
9
0.1331067 -0.2437879 2.00213
0.05182631 -0.2359017 1.946631
0.2093213 -0.2424278 1.981766
0.01222206 -0.6188594 1.94002
0.2094504 -0.6452464 2.016785
0.007536813 -0.964119 1.969069
0.1901838 -0.987887 2.063402
0.008510968 -1.039387 1.895952
0.2280918 -1.05359 1.989755
9
0.1331067 -0.2437879 2.00213
0.05182631 -0.2359017 1.946631
0.2093213 -0.2424278 1.981766
0.01222206 -0.6188594 1.94002
0.2094504 -0.6452464 2.016785
0.007536813 -0.964119 1.969069
0.1901838 -0.987887 2.063402
0.008510968 -1.039387 1.895952
0.2280918 -1.05359 1.989755
9
0.1331067 -0.2437879 2.00213
0.05182631 -0.2359017 1.946631
0.2093213 -0.2424278 1.981766
0.01222206 -0.6188594 1.94002
0.2094504 -0.6452464 2.016785
0.007536813 -0.964119 1.969069
0.1901838 -0.987887 2.063402
0.008510968 -1.039387 1.895952
0.2280918 -1.05359 1.989755
9
0.1331067 -0.2437879 2.00213
0.05182631 -0.2359017 1.946631
0.2093213 -0.2424278 1.981766
0.01222206 -0.6188594 1.94002
0.2094504 -0.6452464 2.016785
0.007536813 -0.964119 1.969069
0.1901838 -0.987887 2.063402
0.008510968 -1.039387 1.895952
0.2280918 -1.05359 1.989755
9
0.1428061 -0.2445007 2.001579
0.06172913 -0.2361638 1.945491
0.218466 -0.2435571 1.981836
0.01808263 -0.6186074 1.938971
0.2119796 -0.6462069 2.019117
0.007983627 -0.9657267 1.968301
0.1909847 -0.9867761 2.062973
0.04250045 -0.9969878 1.833122
0.2280614 -1.055148 1.994139
9
0.1428061 -0.2445007 2.001579
0.06172913 -0.2361638 1.945491
0.218466 -0.2435571 1.981836
0.01808263 -0.6186074 1.938971
0.2119796 -0.6462069 2.019117
0.007983627 -0.9657267 1.968301
0.1909847 -0.9867761 2.062973
0.04250045 -0.9969878 1.833122
0.2280614 -1.055148 1.994139
9
0.1471982 -0.2447243 2.001008
0.06615792 -0.2357342 1.944534
0.2227389 -0.2444231 1.981667
0.02128777 -0.618484 1.938458
0.213672 -0.6466553 2.020459
0.008220922 -0.9656766 1.968024
0.1936744 -0.9824156 2.06028
0.01241164 -1.043244 1.900741
0.2212558 -1.055156 1.992413
9
0.1471982 -0.2447243 2.001008
0.06615792 -0.2357342 1.944534
0.2227389 -0.2444231 1.981667
0.02128777 -0.618484 1.938458
0.213672 -0.6466553 2.020459
0.008220922 -0.9656766 1.968024
0.1936744 -0.9824156 2.06028
0.01241164 -1.043244 1.900741
0.2212558 -1.055156 1.992413
9
0.1471982 -0.2447243 2.001008
0.06615792 -0.2357342 1.944534
0.2227389 -0.2444231 1.981667
0.02128777 -0.618484 1.938458
0.213672 -0.6466553 2.020459
0.008220922 -0.9656766 1.968024
0.1936744 -0.9824156 2.06028
0.01241164 -1.043244 1.900741
0.2212558 -1.055156 1.992413
9
0.1471982 -0.2447243 2.001008
0.06615792 -0.2357342 1.944534
0.2227389 -0.2444231 1.981667
0.02128777 -0.618484 1.938458
0.213672 -0.6466553 2.020459
0.008220922 -0.9656766 1.968024
0.1936744 -0.9824156 2.06028
0.01241164 -1.043244 1.900741
0.2212558 -1.055156 1.992413
9
0.1555858 -0.2456163 2.001372
0.07482751 -0.2359251 1.944749
0.2304814 -0.2459668 1.982231
0.02642197 -0.6180502 1.937976
0.216293 -0.6487623 2.024236
0.008178185 -0.9663257 1.967158
0.1952745 -0.9803114 2.059511
0.01269649 -1.043564 1.898897
0.2196503 -1.054768 1.993221
9
0.1600078 -0.2463154 2.001666
0.07925633 -0.2361273 1.944733
0.2347491 -0.2471654 1.982875
0.02998571 -0.6176705 1.937175
0.2184806 -0.6490004 2.025637
0.008338752 -0.9663538 1.966799
0.1954251 -0.9794776 2.059436
0.01314592 -1.043361 1.897811
0.2239271 -1.054324 1.998129
9
0.1600078 -0.2463154 2.001666
0.07925633 -0.2361273 1.944733
0.2347491 -0.2471654 1.982875
0.02998571 -0.6176705 1.937175
0.2184806 -0.6490004 2.025637
0.008338752 -0.9663538 1.966799
0.1954251 -0.9794776 2.059436
0.01314592 -1.043361 1.897811
0.2239271 -1.054324 1.998129
9
0.1674788 -0.2470327 2.003179
0.08693412 -0.2365219 1.945843
0.2416941 -0.2481867 1.984818
0.0326914 -0.6202195 1.936828
0.220552 -0.6490677 2.027153
0.008535381 -0.9675232 1.966194
0.1959832 -0.9782904 2.060401
0.01328188 -1.044388 1.896727
0.2224403 -1.054772 2.002111
9
0.1674788 -0.2470327 2.003179
0.08693412 -0.2365219 1.945843
0.2416941 -0.2481867 1.984818
0.0326914 -0.6202195 1.936828
0.220552 -0.6490677 2.027153
0.008535381 -0.9675232 1.966194
0.1959832 -0.9782904 2.060401
0.01328188 -1.044388 1.896727
0.2224403 -1.054772 2.002111
9
0.1718113 -0.2477707 2.004924
0.09166427 -0.236934 1.947368
0.2455001 -0.2492272 1.986811
0.03521992 -0.6213601 1.936613
0.22211 -0.6498654 2.028692
0.008676478 -0.9681284 1.965821
0.1964349 -0.9778519 2.060456
0.01192526 -1.044605 1.895076
0.221414 -1.054656 2.001407
9
0.1718113 -0.2477707 2.004924
0.09166427 -0.236934 1.947368
0.2455001 -0.2492272 1.986811
0.03521992 -0.6213601 1.936613
0.22211 -0.6498654 2.028692
0.008676478 -0.9681284 1.965821
0.1964349 -0.9778519 2.060456
0.01192526 -1.044605 1.895076
0.221414 -1.054656 2.001407
9
0.1718113 -0.2477707 2.004924
0.09166427 -0.236934 1.947368
0.2455001 -0.2492272 1.986811
0.03521992 -0.6213601 1.936613
0.22211 -0.6498654 2.028692
0.008676478 -0.9681284 1.965821
0.1964349 -0.9778519 2.060456
0.01192526 -1.044605 1.895076
0.221414 -1.054656 2.001407
9
0.1718113 -0.2477707 2.004924
0.09166427 -0.236934 1.947368
0.2455001 -0.2492272 1.986811
0.03521992 -0.6213601 1.936613
0.22211 -0.6498654 2.028692
0.008676478 -0.9681284 1.965821
0.1964349 -0.9778519 2.060456
0.01192526 -1.044605 1.895076
0.221414 -1.054656 2.001407
9
0.1718113 -0.2477707 2.004924
0.09166427 -0.236934 1.947368
0.2455001 -0.2492272 1.986811
0.03521992 -0.6213601 1.936613
0.22211 -0.6498654 2.028692
0.008676478 -0.9681284 1.965821
0.1964349 -0.9778519 2.060456
0.01192526 -1.044605 1.895076
0.221414 -1.054656 2.001407
9
0.1762014 -0.2481803 2.005718
0.09612422 -0.2369302 1.948347
0.2496374 -0.2500351 1.987448
0.03848283 -0.6257956 1.935044
0.2238879 -0.6503662 2.029857
0.008809981 -0.970099 1.964346
0.1971663 -0.9768254 2.060217
0.01205528 -1.046272 1.892782
0.2210206 -1.054356 2.002324
