40
9
0.09377983 -0.02606822 1.848273
0.01013518 -0.0310705 1.820394
0.1735968 -0.01997823 1.798745
-0.05427853 -0.4006889 1.827152
0.1978923 -0.3878217 1.798951
-0.09946204 -0.7421562 1.939706
0.1815127 -0.7330529 1.81794
-0.1290987 -0.8025584 1.882669
0.1859727 -0.7893251 1.74256
9
0.09377983 -0.02606822 1.848273
0.01013518 -0.0310705 1.820394
0.1735968 -0.01997823 1.798745
-0.05427853 -0.4006889 1.827152
0.1978923 -0.3878217 1.798951
-0.09946204 -0.7421562 1.939706
0.1815127 -0.7330529 1.81794
-0.1290987 -0.8025584 1.882669
0.1859727 -0.7893251 1.74256
9
0.09982988 -0.02643069 1.844429
0.01604402 -0.03135097 1.817661
0.1795587 -0.02041377 1.793705
-0.04223546 -0.4001656 1.817565
0.2020328 -0.3853769 1.795961
-0.08492288 -0.7438214 1.931045
0.1829097 -0.736472 1.818459
-0.1200345 -0.8019804 1.878354
0.1869006 -0.7922334 1.742615
9
0.09982988 -0.02643069 1.844429
0.01604402 -0.03135097 1.817661
0.1795587 -0.02041377 1.793705
-0.04223546 -0.4001656 1.817565
0.2020328 -0.3853769 1.795961
-0.08492288 -0.7438214 1.931045
0.1829097 -0.736472 1.818459
-0.1200345 -0.8019804 1.878354
0.1869006 -0.7922334 1.742615
9
0.1061371 -0.02633696 1.840268
0.02241215 -0.0311136 1.814579
0.1855342 -0.02046853 1.788463
-0.03434768 -0.397047 1.808984
0.2050541 -0.3840521 1.793407
-0.06964248 -0.7422096 1.921443
0.1831599 -0.7380368 1.818887
-0.1092858 -0.8025675 1.875385
0.1873861 -0.7934153 1.74249
9
0.1061371 -0.02633696 1.840268
0.02241215 -0.0311136 1.814579
0.1855342 -0.02046853 1.788463
-0.03434768 -0.397047 1.808984
0.2050541 -0.3840521 1.793407
-0.06964248 -0.7422096 1.921443
0.1831599 -0.7380368 1.818887
-0.1092858 -0.8025675 1.875385
0.1873861 -0.7934153 1.74249
9
0.1102956 -0.02625295 1.837772
0.0269459 -0.03075868 1.812333
0.1891251 -0.02063676 1.785817
-0.02352148 -0.4018648 1.803418
0.2065155 -0.3839464 1.792168
-0.05256695 -0.7428057 1.911969
0.1836177 -0.7387998 1.819152
-0.09992842 -0.8022072 1.872172
0.187624 -0.7938529 1.742201
9
0.1102956 -0.02625295 1.837772
0.0269459 -0.03075868 1.812333
0.1891251 -0.02063676 1.785817
-0.02352148 -0.4018648 1.803418
0.2065155 -0.3839464 1.792168
-0.05256695 -0.7428057 1.911969
0.1836177 -0.7387998 1.819152
-0.09992842 -0.8022072 1.872172
0.187624 -0.7938529 1.742201
9
0.1102956 -0.02625295 1.837772
0.0269459 -0.03075868 1.812333
0.1891251 -0.02063676 1.785817
-0.02352148 -0.4018648 1.803418
0.2065155 -0.3839464 1.792168
-0.05256695 -0.7428057 1.911969
0.1836177 -0.7387998 1.819152
-0.09992842 -0.8022072 1.872172
0.187624 -0.7938529 1.742201
9
0.1102956 -0.02625295 1.837772
0.0269459 -0.03075868 1.812333
0.1891251 -0.02063676 1.785817
-0.02352148 -0.4018648 1.803418
0.2065155 -0.3839464 1.792168
-0.05256695 -0.7428057 1.911969
0.1836177 -0.7387998 1.819152
-0.09992842 -0.8022072 1.872172
0.187624 -0.7938529 1.742201
9
0.1159895 -0.02610426 1.834242
0.0325969 -0.0302762 1.809898
0.194668 -0.02085605 1.781106
-0.01077185 -0.4052418 1.792268
0.2087793 -0.3845811 1.790176
-0.01719383 -0.7525297 1.894483
0.1843457 -0.7385614 1.818203
-0.08223848 -0.8046756 1.864165
0.1882491 -0.7940291 1.741929
9
0.1159895 -0.02610426 1.834242
0.0325969 -0.0302762 1.809898
0.194668 -0.02085605 1.781106
-0.01077185 -0.4052418 1.792268
0.2087793 -0.3845811 1.790176
-0.01719383 -0.7525297 1.894483
0.1843457 -0.7385614 1.818203
-0.08223848 -0.8046756 1.864165
0.1882491 -0.7940291 1.741929
9
0.1185304 -0.02575024 1.832483
0.03535049 -0.02949962 1.808796
0.1969668 -0.02093945 1.778632
-0.005065723 -0.4087712 1.78881
0.2107523 -0.3857937 1.788201
-0.01377686 -0.7524412 1.889798
0.1852562 -0.7386846 1.816955
-0.071208 -0.8017452 1.850121
0.1882943 -0.7946823 1.741458
9
0.1185304 -0.02575024 1.832483
0.03535049 -0.02949962 1.808796
0.1969668 -0.02093945 1.778632
-0.005065723 -0.4087712 1.78881
0.2107523 -0.3857937 1.788201
-0.01377686 -0.7524412 1.889798
0.1852562 -0.7386846 1.816955
-0.071208 -0.8017452 1.850121
0.1882943 -0.7946823 1.741458
9
0.1209002 -0.02531165 1.830686
0.03780672 -0.02867818 1.807754
0.199186 -0.02092256 1.77599
-0.002132943 -0.4094539 1.786158
0.2118471 -0.3864807 1.787082
-0.009970878 -0.7520621 1.885808
0.1867322 -0.7386032 1.815588
-0.07145168 -0.8041463 1.835477
0.1884279 -0.7951272 1.740833
9
0.1209002 -0.02531165 1.830686
0.03780672 -0.02867818 1.807754
0.199186 -0.02092256 1.77599
-0.002132943 -0.4094539 1.786158
0.2118471 -0.3864807 1.787082
-0.009970878 -0.7520621 1.885808
0.1867322 -0.7386032 1.815588
-0.07145168 -0.8041463 1.835477
0.1884279 -0.7951272 1.740833
9
0.1209002 -0.02531165 1.830686
0.03780672 -0.02867818 1.807754
0.199186 -0.02092256 1.77599
-0.002132943 -0.4094539 1.786158
0.2118471 -0.3864807 1.787082
-0.009970878 -0.7520621 1.885808
0.1867322 -0.7386032 1.815588
-0.07145168 -0.8041463 1.835477
0.1884279 -0.7951272 1.740833
9
0.1209002 -0.02531165 1.830686
0.03780672 -0.02867818 1.807754
0.199186 -0.02092256 1.77599
-0.002132943 -0.4094539 1.786158
0.2118471 -0.3864807 1.787082
-0.009970878 -0.7520621 1.885808
0.1867322 -0.7386032 1.815588
-0.07145168 -0.8041463 1.835477
0.1884279 -0.7951272 1.740833
9
0.1209002 -0.02531165 1.830686
0.03780672 -0.02867818 1.807754
0.199186 -0.02092256 1.77599
-0.002132943 -0.4094539 1.786158
0.2118471 -0.3864807 1.787082
-0.009970878 -0.7520621 1.885808
0.1867322 -0.7386032 1.815588
-0.07145168 -0.8041463 1.835477
0.1884279 -0.7951272 1.740833
9
0.1209002 -0.02531165 1.830686
0.03780672 -0.02867818 1.807754
0.199186 -0.02092256 1.77599
-0.002132943 -0.4094539 1.786158
0.2118471 -0.3864807 1.787082
-0.009970878 -0.7520621 1.885808
0.1867322 -0.7386032 1.815588
-0.07145168 -0.8041463 1.835477
0.1884279 -0.7951272 1.740833
9
0.1223298 -0.02455266 1.829803
0.03988004 -0.02683686 1.807204
0.200191 -0.02090944 1.774837
-0.0002251913 -0.4084474 1.784332
0.2124928 -0.3868322 1.786178
-0.01110702 -0.7498172 1.879678
0.1868353 -0.7385824 1.815432
-0.06035858 -0.7978436 1.82128
0.188429 -0.795164 1.740768
9
0.1223298 -0.02455266 1.829803
0.03988004 -0.02683686 1.807204
0.200191 -0.02090944 1.774837
-0.0002251913 -0.4084474 1.784332
0.2124928 -0.3868322 1.786178
-0.01110702 -0.7498172 1.879678
0.1868353 -0.7385824 1.815432
-0.06035858 -0.7978436 1.82128
0.188429 -0.795164 1.740768
9
0.1231406 -0.02393553 1.829226
0.04103841 -0.02543687 1.806769
0.2006992 -0.02086099 1.774191
0.0003602196 -0.4076592 1.783559
0.2129893 -0.386667 1.785531
-0.01468011 -0.7461649 1.873981
0.1868732 -0.7386165 1.815566
-0.05991453 -0.7969408 1.818795
0.1884227 -0.7949471 1.740455
9
0.1231406 -0.02393553 1.829226
0.04103841 -0.02543687 1.806769
0.2006992 -0.02086099 1.774191
0.0003602196 -0.4076592 1.783559
0.2129893 -0.386667 1.785531
-0.01468011 -0.7461649 1.873981
0.1868732 -0.7386165 1.815566
-0.05991453 -0.7969408 1.818795
0.1884227 -0.7949471 1.740455
9
0.1233808 -0.02356386 1.828997
0.04146544 -0.02441006 1.806638
0.2007983 -0.02086829 1.773925
-9.411505E-05 -0.4059522 1.782755
0.2131355 -0.386618 1.785264
-0.02077211 -0.7397264 1.867015
0.1869414 -0.7385671 1.815421
-0.06629452 -0.7961655 1.807692
0.1880842 -0.7947961 1.740083
9
0.1233808 -0.02356386 1.828997
0.04146544 -0.02441006 1.806638
0.2007983 -0.02086829 1.773925
-9.411505E-05 -0.4059522 1.782755
0.2131355 -0.386618 1.785264
-0.02077211 -0.7397264 1.867015
0.1869414 -0.7385671 1.815421
-0.06629452 -0.7961655 1.807692
0.1880842 -0.7947961 1.740083
9
0.1233627 -0.02316503 1.82891
0.04148086 -0.02314884 1.806685
0.2007434 -0.02087103 1.773826
-0.0006241925 -0.4055285 1.782472
0.2132581 -0.3863372 1.784978
-0.026882 -0.7382873 1.86243
0.1869874 -0.7385554 1.815368
-0.07191834 -0.7980241 1.802157
0.1880553 -0.7948498 1.740136
9
0.1233627 -0.02316503 1.82891
0.04148086 -0.02314884 1.806685
0.2007434 -0.02087103 1.773826
-0.0006241925 -0.4055285 1.782472
0.2132581 -0.3863372 1.784978
-0.026882 -0.7382873 1.86243
0.1869874 -0.7385554 1.815368
-0.07191834 -0.7980241 1.802157
0.1880553 -0.7948498 1.740136
9
0.123128 -0.02286742 1.829041
0.04116164 -0.02224305 1.807064
0.2004747 -0.02094793 1.773856
-0.004485431 -0.4036874 1.78216
0.2132909 -0.3858748 1.784893
-0.03683766 -0.7359539 1.854959
0.1869931 -0.7385762 1.815327
-0.08766618 -0.7995458 1.78617
0.1884456 -0.7949401 1.740264
9
0.123128 -0.02286742 1.829041
0.04116164 -0.02224305 1.807064
0.2004747 -0.02094793 1.773856
-0.004485431 -0.4036874 1.78216
0.2132909 -0.3858748 1.784893
-0.03683766 -0.7359539 1.854959
0.1869931 -0.7385762 1.815327
-0.08766618 -0.7995458 1.78617
0.1884456 -0.7949401 1.740264
9
0.1226323 -0.0225445 1.829245
0.04063373 -0.02148493 1.807317
0.1998344 -0.02110236 1.774066
-0.009545083 -0.4027259 1.781289
0.2134551 -0.3852645 1.784691
-0.04594952 -0.7360417 1.848726
0.1869898 -0.7384551 1.815259
-0.1006234 -0.8016921 1.775317
0.188428 -0.7947053 1.739993
9
0.1226323 -0.0225445 1.829245
0.04063373 -0.02148493 1.807317
0.1998344 -0.02110236 1.774066
-0.009545083 -0.4027259 1.781289
0.2134551 -0.3852645 1.784691
-0.04594952 -0.7360417 1.848726
0.1869898 -0.7384551 1.815259
-0.1006234 -0.8016921 1.775317
0.188428 -0.7947053 1.739993
9
0.1226323 -0.0225445 1.829245
0.04063373 -0.02148493 1.807317
0.1998344 -0.02110236 1.774066
-0.009545083 -0.4027259 1.781289
0.2134551 -0.3852645 1.784691
-0.04594952 -0.7360417 1.848726
0.1869898 -0.7384551 1.815259
-0.1006234 -0.8016921 1.775317
0.188428 -0.7947053 1.739993
9
0.1211593 -0.02202375 1.830006
0.03921872 -0.02046515 1.808104
0.1981586 -0.02133629 1.774854
-0.01722119 -0.4024157 1.780564
0.2129822 -0.3830378 1.784367
-0.05692994 -0.7353671 1.842759
0.1869815 -0.7384889 1.815252
-0.1053091 -0.8014106 1.774434
0.1885754 -0.7944995 1.739593
9
0.1211593 -0.02202375 1.830006
0.03921872 -0.02046515 1.808104
0.1981586 -0.02133629 1.774854
-0.01722119 -0.4024157 1.780564
0.2129822 -0.3830378 1.784367
-0.05692994 -0.7353671 1.842759
0.1869815 -0.7384889 1.815252
-0.1053091 -0.8014106 1.774434
0.1885754 -0.7944995 1.739593
9
0.1192063 -0.02156328 1.830832
0.03751494 -0.01957378 1.808684
0.19586 -0.0216477 1.775972
-0.02292452 -0.4035119 1.781158
0.2123666 -0.3810371 1.783923
-0.0692644 -0.7389069 1.837529
0.1869957 -0.7384737 1.815247
-0.1207028 -0.8016093 1.768833
0.1886894 -0.7944853 1.739602
9
0.1155841 -0.02140399 1.831669
0.03409129 -0.01902942 1.809537
0.1921694 -0.02215866 1.776733
-0.02897037 -0.4038232 1.781224
0.2115646 -0.3800997 1.783806
-0.08190222 -0.737479 1.83023
0.1869522 -0.7384288 1.815274
-0.1374993 -0.8010919 1.758895
0.1887127 -0.7942135 1.739249
9
0.1155841 -0.02140399 1.831669
0.03409129 -0.01902942 1.809537
0.1921694 -0.02215866 1.776733
-0.02897037 -0.4038232 1.781224
0.2115646 -0.3800997 1.783806
-0.08190222 -0.737479 1.83023
0.1869522 -0.7384288 1.815274
-0.1374993 -0.8010919 1.758895
0.1887127 -0.7942135 1.739249
9
0.1119165 -0.02119121 1.83194
0.03073256 -0.01850881 1.809561
0.1883346 -0.02247778 1.777213
-0.03560773 -0.4024802 1.779474
0.2108166 -0.3799244 1.783327
-0.09322821 -0.736086 1.822333
0.1869697 -0.7383939 1.815295
-0.1507783 -0.8003035 1.745671
0.1887066 -0.7938677 1.738744
9
0.1119165 -0.02119121 1.83194
0.03073256 -0.01850881 1.809561
0.1883346 -0.02247778 1.777213
-0.03560773 -0.4024802 1.779474
0.2108166 -0.3799244 1.783327
-0.09322821 -0.736086 1.822333
0.1869697 -0.7383939 1.815295
-0.1507783 -0.8003035 1.745671
0.1887066 -0.7938677 1.738744
