40
9
0.0470364 -0.02578086 2.178035
-0.03498938 -0.02398516 2.147545
0.1275974 -0.02662465 2.131948
-0.1032811 -0.4098754 2.125354
0.1089964 -0.4100642 2.160336
-0.1531049 -0.7553506 2.201535
0.06797145 -0.7602885 2.181826
-0.1862793 -0.8208008 2.121094
0.08959119 -0.8192235 2.114119
9
0.04439611 -0.02626284 2.185695
-0.03728465 -0.02400587 2.156377
0.124758 -0.02749324 2.138134
-0.1040388 -0.4086254 2.129331
0.1094786 -0.4100918 2.164215
-0.1509155 -0.7542634 2.214668
0.06912713 -0.7608182 2.18489
-0.1827021 -0.8182325 2.148977
0.09020014 -0.8189025 2.114093
9
0.04439611 -0.02626284 2.185695
-0.03728465 -0.02400587 2.156377
0.124758 -0.02749324 2.138134
-0.1040388 -0.4086254 2.129331
0.1094786 -0.4100918 2.164215
-0.1509155 -0.7542634 2.214668
0.06912713 -0.7608182 2.18489
-0.1827021 -0.8182325 2.148977
0.09020014 -0.8189025 2.114093
9
0.04142656 -0.02633476 2.192914
-0.03961126 -0.02376992 2.163088
0.1211535 -0.02793785 2.145654
-0.1072149 -0.4061872 2.142712
0.1090903 -0.4110765 2.169347
-0.148374 -0.7533472 2.246247
0.06960011 -0.7611157 2.189252
-0.183832 -0.8231339 2.182118
0.08932391 -0.8177039 2.115512
9
0.04142656 -0.02633476 2.192914
-0.03961126 -0.02376992 2.163088
0.1211535 -0.02793785 2.145654
-0.1072149 -0.4061872 2.142712
0.1090903 -0.4110765 2.169347
-0.148374 -0.7533472 2.246247
0.06960011 -0.7611157 2.189252
-0.183832 -0.8231339 2.182118
0.08932391 -0.8177039 2.115512
9
0.03821885 -0.02603525 2.199304
-0.04278471 -0.02314658 2.171526
0.1180495 -0.02792021 2.15026
-0.1111516 -0.4043106 2.154638
0.1082127 -0.4100806 2.171222
-0.1442123 -0.759442 2.278085
0.07017623 -0.7605018 2.190843
-0.1800361 -0.8214045 2.209271
0.08924068 -0.8168151 2.116034
9
0.03821885 -0.02603525 2.199304
-0.04278471 -0.02314658 2.171526
0.1180495 -0.02792021 2.15026
-0.1111516 -0.4043106 2.154638
0.1082127 -0.4100806 2.171222
-0.1442123 -0.759442 2.278085
0.07017623 -0.7605018 2.190843
-0.1800361 -0.8214045 2.209271
0.08924068 -0.8168151 2.116034
9
0.03322952 -0.02559545 2.205986
-0.04712465 -0.02235776 2.178638
0.1125642 -0.02787938 2.156318
-0.1130354 -0.4031617 2.165885
0.1072024 -0.4092847 2.172543
-0.1412996 -0.7578849 2.284772
0.07134939 -0.7577226 2.19265
-0.1802728 -0.8229495 2.220101
0.08911566 -0.8163261 2.116151
9
0.03322952 -0.02559545 2.205986
-0.04712465 -0.02235776 2.178638
0.1125642 -0.02787938 2.156318
-0.1130354 -0.4031617 2.165885
0.1072024 -0.4092847 2.172543
-0.1412996 -0.7578849 2.284772
0.07134939 -0.7577226 2.19265
-0.1802728 -0.8229495 2.220101
0.08911566 -0.8163261 2.116151
9
0.02930773 -0.02550309 2.21125
-0.05047129 -0.02212435 2.184061
0.1081611 -0.02795729 2.161328
-0.1143043 -0.4008734 2.175905
0.105867 -0.4083537 2.17415
-0.1384081 -0.7583992 2.300988
0.07150698 -0.7572362 2.193292
-0.1776367 -0.8223715 2.231955
0.09199351 -0.8162073 2.113041
9
0.02930773 -0.02550309 2.21125
-0.05047129 -0.02212435 2.184061
0.1081611 -0.02795729 2.161328
-0.1143043 -0.4008734 2.175905
0.105867 -0.4083537 2.17415
-0.1384081 -0.7583992 2.300988
0.07150698 -0.7572362 2.193292
-0.1776367 -0.8223715 2.231955
0.09199351 -0.8162073 2.113041
9
0.02456134 -0.02518382 2.217078
-0.05475331 -0.02142783 2.19062
0.1030835 -0.02802146 2.166442
-0.1200708 -0.4055001 2.192571
0.1030167 -0.407832 2.177714
-0.1328258 -0.7608721 2.321773
0.07172523 -0.7574022 2.193739
-0.1761629 -0.8217245 2.249745
0.09288655 -0.8166424 2.112115
9
0.02456134 -0.02518382 2.217078
-0.05475331 -0.02142783 2.19062
0.1030835 -0.02802146 2.166442
-0.1200708 -0.4055001 2.192571
0.1030167 -0.407832 2.177714
-0.1328258 -0.7608721 2.321773
0.07172523 -0.7574022 2.193739
-0.1761629 -0.8217245 2.249745
0.09288655 -0.8166424 2.112115
9
0.02032851 -0.02488255 2.223372
-0.05855502 -0.02092962 2.197834
0.09858449 -0.02792979 2.171833
-0.1208857 -0.4023116 2.198928
0.1011783 -0.4083429 2.180285
-0.1327232 -0.7609622 2.327342
0.07174091 -0.7572256 2.194086
-0.1770683 -0.822821 2.259301
0.09306317 -0.8167576 2.112193
9
0.02032851 -0.02488255 2.223372
-0.05855502 -0.02092962 2.197834
0.09858449 -0.02792979 2.171833
-0.1208857 -0.4023116 2.198928
0.1011783 -0.4083429 2.180285
-0.1327232 -0.7609622 2.327342
0.07174091 -0.7572256 2.194086
-0.1770683 -0.822821 2.259301
0.09306317 -0.8167576 2.112193
9
0.02032851 -0.02488255 2.223372
-0.05855502 -0.02092962 2.197834
0.09858449 -0.02792979 2.171833
-0.1208857 -0.4023116 2.198928
0.1011783 -0.4083429 2.180285
-0.1327232 -0.7609622 2.327342
0.07174091 -0.7572256 2.194086
-0.1770683 -0.822821 2.259301
0.09306317 -0.8167576 2.112193
9
0.02032851 -0.02488255 2.223372
-0.05855502 -0.02092962 2.197834
0.09858449 -0.02792979 2.171833
-0.1208857 -0.4023116 2.198928
0.1011783 -0.4083429 2.180285
-0.1327232 -0.7609622 2.327342
0.07174091 -0.7572256 2.194086
-0.1770683 -0.822821 2.259301
0.09306317 -0.8167576 2.112193
9
0.02032851 -0.02488255 2.223372
-0.05855502 -0.02092962 2.197834
0.09858449 -0.02792979 2.171833
-0.1208857 -0.4023116 2.198928
0.1011783 -0.4083429 2.180285
-0.1327232 -0.7609622 2.327342
0.07174091 -0.7572256 2.194086
-0.1770683 -0.822821 2.259301
0.09306317 -0.8167576 2.112193
9
0.02032851 -0.02488255 2.223372
-0.05855502 -0.02092962 2.197834
0.09858449 -0.02792979 2.171833
-0.1208857 -0.4023116 2.198928
0.1011783 -0.4083429 2.180285
-0.1327232 -0.7609622 2.327342
0.07174091 -0.7572256 2.194086
-0.1770683 -0.822821 2.259301
0.09306317 -0.8167576 2.112193
9
0.009732139 -0.02565328 2.239
-0.06799738 -0.02177655 2.2138
0.08719097 -0.02862824 2.186987
-0.128775 -0.4035166 2.225755
0.09891178 -0.4079589 2.182767
-0.1380271 -0.7594697 2.335853
0.07160655 -0.7572373 2.19437
-0.1824319 -0.8241526 2.268603
0.09341592 -0.8168994 2.112289
9
0.009732139 -0.02565328 2.239
-0.06799738 -0.02177655 2.2138
0.08719097 -0.02862824 2.186987
-0.128775 -0.4035166 2.225755
0.09891178 -0.4079589 2.182767
-0.1380271 -0.7594697 2.335853
0.07160655 -0.7572373 2.19437
-0.1824319 -0.8241526 2.268603
0.09341592 -0.8168994 2.112289
9
0.006045477 -0.02645952 2.244873
-0.07174706 -0.02264191 2.221173
0.08370349 -0.02936066 2.191543
-0.1313118 -0.4054777 2.230951
0.09746853 -0.407192 2.184843
-0.1390324 -0.7596532 2.336571
0.07116404 -0.75749 2.195506
-0.1843771 -0.8235402 2.269637
0.09410238 -0.8176168 2.111861
9
0.006045477 -0.02645952 2.244873
-0.07174706 -0.02264191 2.221173
0.08370349 -0.02936066 2.191543
-0.1313118 -0.4054777 2.230951
0.09746853 -0.407192 2.184843
-0.1390324 -0.7596532 2.336571
0.07116404 -0.75749 2.195506
-0.1843771 -0.8235402 2.269637
0.09410238 -0.8176168 2.111861
9
0.006045477 -0.02645952 2.244873
-0.07174706 -0.02264191 2.221173
0.08370349 -0.02936066 2.191543
-0.1313118 -0.4054777 2.230951
0.09746853 -0.407192 2.184843
-0.1390324 -0.7596532 2.336571
0.07116404 -0.75749 2.195506
-0.1843771 -0.8235402 2.269637
0.09410238 -0.8176168 2.111861
9
0.006045477 -0.02645952 2.244873
-0.07174706 -0.02264191 2.221173
0.08370349 -0.02936066 2.191543
-0.1313118 -0.4054777 2.230951
0.09746853 -0.407192 2.184843
-0.1390324 -0.7596532 2.336571
0.07116404 -0.75749 2.195506
-0.1843771 -0.8235402 2.269637
0.09410238 -0.8176168 2.111861
9
-0.000417187 -0.02687527 2.25352
-0.07797719 -0.02386777 2.231871
0.07724651 -0.0290706 2.198315
-0.137069 -0.405428 2.238585
0.09430879 -0.404682 2.187633
-0.1450137 -0.7586072 2.334461
0.07089217 -0.7577979 2.196852
-0.1896571 -0.8254553 2.274021
0.09401727 -0.817453 2.111828
9
-0.000417187 -0.02687527 2.25352
-0.07797719 -0.02386777 2.231871
0.07724651 -0.0290706 2.198315
-0.137069 -0.405428 2.238585
0.09430879 -0.404682 2.187633
-0.1450137 -0.7586072 2.334461
0.07089217 -0.7577979 2.196852
-0.1896571 -0.8254553 2.274021
0.09401727 -0.817453 2.111828
9
-0.000417187 -0.02687527 2.25352
-0.07797719 -0.02386777 2.231871
0.07724651 -0.0290706 2.198315
-0.137069 -0.405428 2.238585
0.09430879 -0.404682 2.187633
-0.1450137 -0.7586072 2.334461
0.07089217 -0.7577979 2.196852
-0.1896571 -0.8254553 2.274021
0.09401727 -0.817453 2.111828
9
-0.000417187 -0.02687527 2.25352
-0.07797719 -0.02386777 2.231871
0.07724651 -0.0290706 2.198315
-0.137069 -0.405428 2.238585
0.09430879 -0.404682 2.187633
-0.1450137 -0.7586072 2.334461
0.07089217 -0.7577979 2.196852
-0.1896571 -0.8254553 2.274021
0.09401727 -0.817453 2.111828
9
-0.007397835 -0.0270497 2.262504
-0.08420409 -0.0248217 2.241877
0.06976132 -0.02845049 2.206149
-0.1427643 -0.4087123 2.247954
0.09046092 -0.4062545 2.191715
-0.1507223 -0.7601708 2.329993
0.07081324 -0.7583869 2.197467
-0.2011466 -0.8259465 2.253541
0.09400645 -0.8175005 2.111699
9
-0.007397835 -0.0270497 2.262504
-0.08420409 -0.0248217 2.241877
0.06976132 -0.02845049 2.206149
-0.1427643 -0.4087123 2.247954
0.09046092 -0.4062545 2.191715
-0.1507223 -0.7601708 2.329993
0.07081324 -0.7583869 2.197467
-0.2011466 -0.8259465 2.253541
0.09400645 -0.8175005 2.111699
9
-0.0115089 -0.02724097 2.268523
-0.08775279 -0.02549511 2.247545
0.06520338 -0.02808269 2.212395
-0.1472304 -0.4120712 2.254662
0.08678753 -0.4073373 2.195612
-0.1580563 -0.7624937 2.325296
0.07083414 -0.7586193 2.197859
-0.2092674 -0.8288336 2.246301
0.09403684 -0.8174904 2.111332
9
-0.0115089 -0.02724097 2.268523
-0.08775279 -0.02549511 2.247545
0.06520338 -0.02808269 2.212395
-0.1472304 -0.4120712 2.254662
0.08678753 -0.4073373 2.195612
-0.1580563 -0.7624937 2.325296
0.07083414 -0.7586193 2.197859
-0.2092674 -0.8288336 2.246301
0.09403684 -0.8174904 2.111332
9
-0.01510239 -0.0273721 2.272285
-0.09110821 -0.02611224 2.252164
0.06145505 -0.02776421 2.215388
-0.15002 -0.4121314 2.257999
0.08520535 -0.4079888 2.197363
-0.1621831 -0.7622549 2.322691
0.07084481 -0.7587141 2.198149
-0.2111351 -0.8279729 2.244404
0.09404608 -0.817496 2.111332
9
-0.01510239 -0.0273721 2.272285
-0.09110821 -0.02611224 2.252164
0.06145505 -0.02776421 2.215388
-0.15002 -0.4121314 2.257999
0.08520535 -0.4079888 2.197363
-0.1621831 -0.7622549 2.322691
0.07084481 -0.7587141 2.198149
-0.2111351 -0.8279729 2.244404
0.09404608 -0.817496 2.111332
9
-0.01886747 -0.02805202 2.27625
-0.09460602 -0.02733099 2.256575
0.05755782 -0.02789379 2.218868
-0.1523988 -0.412477 2.25999
0.08373164 -0.4084437 2.198586
-0.1657972 -0.7606955 2.319656
0.0705553 -0.7588467 2.198794
-0.2158597 -0.8283451 2.241741
0.09429609 -0.8177459 2.111158
9
-0.01886747 -0.02805202 2.27625
-0.09460602 -0.02733099 2.256575
0.05755782 -0.02789379 2.218868
-0.1523988 -0.412477 2.25999
0.08373164 -0.4084437 2.198586
-0.1657972 -0.7606955 2.319656
0.0705553 -0.7588467 2.198794
-0.2158597 -0.8283451 2.241741
0.09429609 -0.8177459 2.111158
9
-0.02237546 -0.02863006 2.278538
-0.09799896 -0.02832276 2.259095
0.05404816 -0.02803651 2.220887
-0.1558334 -0.4133669 2.263809
0.08013995 -0.4109862 2.202222
-0.1675637 -0.7606065 2.318724
0.07041369 -0.7583506 2.199388
-0.2207736 -0.8307346 2.243205
0.09476292 -0.8183765 2.109177
9
-0.02237546 -0.02863006 2.278538
-0.09799896 -0.02832276 2.259095
0.05404816 -0.02803651 2.220887
-0.1558334 -0.4133669 2.263809
0.08013995 -0.4109862 2.202222
-0.1675637 -0.7606065 2.318724
0.07041369 -0.7583506 2.199388
-0.2207736 -0.8307346 2.243205
0.09476292 -0.8183765 2.109177
9
-0.02684789 -0.02940132 2.280973
-0.102312 -0.02968752 2.261678
0.04953709 -0.02818424 2.223153
-0.1592619 -0.4170519 2.267277
0.07777473 -0.4117284 2.203985
-0.1690838 -0.7604513 2.31804
0.07047082 -0.7582411 2.198744
-0.2223865 -0.8307021 2.24414
0.09455359 -0.8189015 2.108732
