40
9
0.06386767 -0.0285799 1.915245
-0.0149398 -0.02897272 1.9022
0.1403075 -0.02685937 1.850212
-0.06366293 -0.4220546 1.869614
0.1626329 -0.4323813 1.863809
-0.07251762 -0.767583 1.907246
0.1410316 -0.7612863 1.895794
-0.1291912 -0.8289287 1.8421
0.126799 -0.8281047 1.803319
9
0.06386767 -0.0285799 1.915245
-0.0149398 -0.02897272 1.9022
0.1403075 -0.02685937 1.850212
-0.06366293 -0.4220546 1.869614
0.1626329 -0.4323813 1.863809
-0.07251762 -0.767583 1.907246
0.1410316 -0.7612863 1.895794
-0.1291912 -0.8289287 1.8421
0.126799 -0.8281047 1.803319
9
0.06509086 -0.02821274 1.915887
-0.01335458 -0.02823853 1.903318
0.1411619 -0.02678903 1.850486
-0.05853868 -0.4196271 1.87368
0.1656193 -0.4239975 1.863001
-0.05712293 -0.7710946 1.928704
0.1418254 -0.7607567 1.896945
-0.1158804 -0.8294072 1.859588
0.1279339 -0.8279498 1.804904
9
0.06509086 -0.02821274 1.915887
-0.01335458 -0.02823853 1.903318
0.1411619 -0.02678903 1.850486
-0.05853868 -0.4196271 1.87368
0.1656193 -0.4239975 1.863001
-0.05712293 -0.7710946 1.928704
0.1418254 -0.7607567 1.896945
-0.1158804 -0.8294072 1.859588
0.1279339 -0.8279498 1.804904
9
0.06635012 -0.02790669 1.916303
-0.01203678 -0.02775415 1.903807
0.1422634 -0.02669621 1.850796
-0.05236008 -0.416399 1.878506
0.1666396 -0.4213374 1.862497
-0.05169244 -0.7702123 1.934685
0.1421612 -0.7600402 1.897285
-0.1118327 -0.8266713 1.863849
0.1285916 -0.8268405 1.804598
9
0.06635012 -0.02790669 1.916303
-0.01203678 -0.02775415 1.903807
0.1422634 -0.02669621 1.850796
-0.05236008 -0.416399 1.878506
0.1666396 -0.4213374 1.862497
-0.05169244 -0.7702123 1.934685
0.1421612 -0.7600402 1.897285
-0.1118327 -0.8266713 1.863849
0.1285916 -0.8268405 1.804598
9
0.06755024 -0.02766918 1.916782
-0.01087952 -0.02735847 1.904331
0.1434254 -0.02665767 1.851199
-0.04672324 -0.4139212 1.884646
0.167373 -0.4186431 1.86258
-0.04781247 -0.7700736 1.940599
0.1423324 -0.7591891 1.89693
-0.1076957 -0.8275934 1.87126
0.1292549 -0.8271264 1.805765
9
0.06755024 -0.02766918 1.916782
-0.01087952 -0.02735847 1.904331
0.1434254 -0.02665767 1.851199
-0.04672324 -0.4139212 1.884646
0.167373 -0.4186431 1.86258
-0.04781247 -0.7700736 1.940599
0.1423324 -0.7591891 1.89693
-0.1076957 -0.8275934 1.87126
0.1292549 -0.8271264 1.805765
9
0.06820077 -0.0277296 1.917309
-0.01023306 -0.02725994 1.905057
0.1440623 -0.02688075 1.851551
-0.04174083 -0.4139036 1.890786
0.1676188 -0.4176973 1.862615
-0.04537648 -0.7695227 1.944952
0.1426345 -0.7588983 1.897187
-0.1036722 -0.8289915 1.876824
0.1297065 -0.8277388 1.807332
9
0.06820077 -0.0277296 1.917309
-0.01023306 -0.02725994 1.905057
0.1440623 -0.02688075 1.851551
-0.04174083 -0.4139036 1.890786
0.1676188 -0.4176973 1.862615
-0.04537648 -0.7695227 1.944952
0.1426345 -0.7588983 1.897187
-0.1036722 -0.8289915 1.876824
0.1297065 -0.8277388 1.807332
9
0.06893983 -0.02791248 1.917917
-0.009467513 -0.02732959 1.90564
0.1447268 -0.02719433 1.852161
-0.03657902 -0.427491 1.901594
0.1675805 -0.4230235 1.864267
-0.04372868 -0.7706721 1.948024
0.1426755 -0.7589074 1.897197
-0.1016651 -0.8309703 1.881085
0.1300236 -0.8276101 1.807083
9
0.06893983 -0.02791248 1.917917
-0.009467513 -0.02732959 1.90564
0.1447268 -0.02719433 1.852161
-0.03657902 -0.427491 1.901594
0.1675805 -0.4230235 1.864267
-0.04372868 -0.7706721 1.948024
0.1426755 -0.7589074 1.897197
-0.1016651 -0.8309703 1.881085
0.1300236 -0.8276101 1.807083
9
0.06893983 -0.02791248 1.917917
-0.009467513 -0.02732959 1.90564
0.1447268 -0.02719433 1.852161
-0.03657902 -0.427491 1.901594
0.1675805 -0.4230235 1.864267
-0.04372868 -0.7706721 1.948024
0.1426755 -0.7589074 1.897197
-0.1016651 -0.8309703 1.881085
0.1300236 -0.8276101 1.807083
9
0.06893983 -0.02791248 1.917917
-0.009467513 -0.02732959 1.90564
0.1447268 -0.02719433 1.852161
-0.03657902 -0.427491 1.901594
0.1675805 -0.4230235 1.864267
-0.04372868 -0.7706721 1.948024
0.1426755 -0.7589074 1.897197
-0.1016651 -0.8309703 1.881085
0.1300236 -0.8276101 1.807083
9
0.0693737 -0.02777938 1.918739
-0.008985041 -0.02717888 1.906693
0.1450762 -0.02710623 1.852745
-0.03451908 -0.4300637 1.905905
0.1683693 -0.4214675 1.865346
-0.04158045 -0.770577 1.95035
0.1434352 -0.7585525 1.898206
-0.1000768 -0.8314027 1.885493
0.130014 -0.8268951 1.807579
9
0.0693737 -0.02777938 1.918739
-0.008985041 -0.02717888 1.906693
0.1450762 -0.02710623 1.852745
-0.03451908 -0.4300637 1.905905
0.1683693 -0.4214675 1.865346
-0.04158045 -0.770577 1.95035
0.1434352 -0.7585525 1.898206
-0.1000768 -0.8314027 1.885493
0.130014 -0.8268951 1.807579
9
0.06973967 -0.02765929 1.919542
-0.008626815 -0.02708592 1.907683
0.1454156 -0.02699005 1.853352
-0.03392949 -0.4293743 1.907352
0.1697664 -0.4183676 1.866491
-0.04085656 -0.7703943 1.952811
0.1438857 -0.7581682 1.898917
-0.09916521 -0.8314158 1.887836
0.1302366 -0.8267406 1.808574
9
0.06973967 -0.02765929 1.919542
-0.008626815 -0.02708592 1.907683
0.1454156 -0.02699005 1.853352
-0.03392949 -0.4293743 1.907352
0.1697664 -0.4183676 1.866491
-0.04085656 -0.7703943 1.952811
0.1438857 -0.7581682 1.898917
-0.09916521 -0.8314158 1.887836
0.1302366 -0.8267406 1.808574
9
0.06973967 -0.02765929 1.919542
-0.008626815 -0.02708592 1.907683
0.1454156 -0.02699005 1.853352
-0.03392949 -0.4293743 1.907352
0.1697664 -0.4183676 1.866491
-0.04085656 -0.7703943 1.952811
0.1438857 -0.7581682 1.898917
-0.09916521 -0.8314158 1.887836
0.1302366 -0.8267406 1.808574
9
0.06973967 -0.02765929 1.919542
-0.008626815 -0.02708592 1.907683
0.1454156 -0.02699005 1.853352
-0.03392949 -0.4293743 1.907352
0.1697664 -0.4183676 1.866491
-0.04085656 -0.7703943 1.952811
0.1438857 -0.7581682 1.898917
-0.09916521 -0.8314158 1.887836
0.1302366 -0.8267406 1.808574
9
0.07033417 -0.02767285 1.92091
-0.007829998 -0.0272003 1.909422
0.1458051 -0.02694427 1.854362
-0.03326902 -0.4285337 1.908062
0.1704399 -0.4167463 1.867515
-0.04049259 -0.7700267 1.952973
0.1444897 -0.7576461 1.899752
-0.09867449 -0.8313721 1.88838
0.1305966 -0.8266137 1.809943
9
0.07033417 -0.02767285 1.92091
-0.007829998 -0.0272003 1.909422
0.1458051 -0.02694427 1.854362
-0.03326902 -0.4285337 1.908062
0.1704399 -0.4167463 1.867515
-0.04049259 -0.7700267 1.952973
0.1444897 -0.7576461 1.899752
-0.09867449 -0.8313721 1.88838
0.1305966 -0.8266137 1.809943
9
0.07092354 -0.02788154 1.922397
-0.00712954 -0.02752529 1.911166
0.1462558 -0.02705576 1.855576
-0.03260417 -0.4267642 1.908227
0.1709723 -0.4169604 1.86838
-0.04025672 -0.7700109 1.95307
0.1445765 -0.7572716 1.900014
-0.09861511 -0.8312644 1.888435
0.1305091 -0.8267205 1.810885
9
0.07092354 -0.02788154 1.922397
-0.00712954 -0.02752529 1.911166
0.1462558 -0.02705576 1.855576
-0.03260417 -0.4267642 1.908227
0.1709723 -0.4169604 1.86838
-0.04025672 -0.7700109 1.95307
0.1445765 -0.7572716 1.900014
-0.09861511 -0.8312644 1.888435
0.1305091 -0.8267205 1.810885
9
0.07152766 -0.02794521 1.923481
-0.00645421 -0.02770115 1.912381
0.1467572 -0.02702553 1.856511
-0.03244257 -0.4267395 1.908262
0.1711298 -0.4167167 1.868562
-0.03931274 -0.7698279 1.953709
0.1447573 -0.7567872 1.900278
-0.09779909 -0.8310706 1.889105
0.1306253 -0.8266671 1.81174
9
0.07152766 -0.02794521 1.923481
-0.00645421 -0.02770115 1.912381
0.1467572 -0.02702553 1.856511
-0.03244257 -0.4267395 1.908262
0.1711298 -0.4167167 1.868562
-0.03931274 -0.7698279 1.953709
0.1447573 -0.7567872 1.900278
-0.09779909 -0.8310706 1.889105
0.1306253 -0.8266671 1.81174
9
0.07152766 -0.02794521 1.923481
-0.00645421 -0.02770115 1.912381
0.1467572 -0.02702553 1.856511
-0.03244257 -0.4267395 1.908262
0.1711298 -0.4167167 1.868562
-0.03931274 -0.7698279 1.953709
0.1447573 -0.7567872 1.900278
-0.09779909 -0.8310706 1.889105
0.1306253 -0.8266671 1.81174
9
0.07152766 -0.02794521 1.923481
-0.00645421 -0.02770115 1.912381
0.1467572 -0.02702553 1.856511
-0.03244257 -0.4267395 1.908262
0.1711298 -0.4167167 1.868562
-0.03931274 -0.7698279 1.953709
0.1447573 -0.7567872 1.900278
-0.09779909 -0.8310706 1.889105
0.1306253 -0.8266671 1.81174
9
0.07152766 -0.02794521 1.923481
-0.00645421 -0.02770115 1.912381
0.1467572 -0.02702553 1.856511
-0.03244257 -0.4267395 1.908262
0.1711298 -0.4167167 1.868562
-0.03931274 -0.7698279 1.953709
0.1447573 -0.7567872 1.900278
-0.09779909 -0.8310706 1.889105
0.1306253 -0.8266671 1.81174
9
0.07152766 -0.02794521 1.923481
-0.00645421 -0.02770115 1.912381
0.1467572 -0.02702553 1.856511
-0.03244257 -0.4267395 1.908262
0.1711298 -0.4167167 1.868562
-0.03931274 -0.7698279 1.953709
0.1447573 -0.7567872 1.900278
-0.09779909 -0.8310706 1.889105
0.1306253 -0.8266671 1.81174
9
0.07152766 -0.02794521 1.923481
-0.00645421 -0.02770115 1.912381
0.1467572 -0.02702553 1.856511
-0.03244257 -0.4267395 1.908262
0.1711298 -0.4167167 1.868562
-0.03931274 -0.7698279 1.953709
0.1447573 -0.7567872 1.900278
-0.09779909 -0.8310706 1.889105
0.1306253 -0.8266671 1.81174
9
0.07223519 -0.02779496 1.924532
-0.00553122 -0.02766246 1.913784
0.147247 -0.02680893 1.857246
-0.03164545 -0.4263638 1.908766
0.1716762 -0.4160295 1.868707
-0.03894249 -0.7695301 1.953874
0.1452082 -0.7560773 1.900314
-0.09753326 -0.83054 1.888737
0.1306914 -0.8259888 1.81182
9
0.0728904 -0.02798804 1.925468
-0.004747017 -0.0278485 1.915035
0.1477434 -0.02699011 1.857885
-0.03043771 -0.4279862 1.910062
0.1717793 -0.4310109 1.873489
-0.03865271 -0.7695546 1.954191
0.1454625 -0.7565863 1.90055
-0.09739868 -0.830557 1.889194
0.1301313 -0.8258039 1.811098
9
0.0728904 -0.02798804 1.925468
-0.004747017 -0.0278485 1.915035
0.1477434 -0.02699011 1.857885
-0.03043771 -0.4279862 1.910062
0.1717793 -0.4310109 1.873489
-0.03865271 -0.7695546 1.954191
0.1454625 -0.7565863 1.90055
-0.09739868 -0.830557 1.889194
0.1301313 -0.8258039 1.811098
9
0.0728904 -0.02798804 1.925468
-0.004747017 -0.0278485 1.915035
0.1477434 -0.02699011 1.857885
-0.03043771 -0.4279862 1.910062
0.1717793 -0.4310109 1.873489
-0.03865271 -0.7695546 1.954191
0.1454625 -0.7565863 1.90055
-0.09739868 -0.830557 1.889194
0.1301313 -0.8258039 1.811098
9
0.0728904 -0.02798804 1.925468
-0.004747017 -0.0278485 1.915035
0.1477434 -0.02699011 1.857885
-0.03043771 -0.4279862 1.910062
0.1717793 -0.4310109 1.873489
-0.03865271 -0.7695546 1.954191
0.1454625 -0.7565863 1.90055
-0.09739868 -0.830557 1.889194
0.1301313 -0.8258039 1.811098
9
0.07357441 -0.02810046 1.926147
-0.003717127 -0.02809253 1.916282
0.1481193 -0.02701354 1.858149
-0.02876537 -0.4274343 1.910583
0.1726976 -0.4278289 1.873502
-0.03848502 -0.7696682 1.954266
0.1458901 -0.7557676 1.901301
-0.09742999 -0.8305914 1.889467
0.1301801 -0.8246468 1.811384
9
0.07357441 -0.02810046 1.926147
-0.003717127 -0.02809253 1.916282
0.1481193 -0.02701354 1.858149
-0.02876537 -0.4274343 1.910583
0.1726976 -0.4278289 1.873502
-0.03848502 -0.7696682 1.954266
0.1458901 -0.7557676 1.901301
-0.09742999 -0.8305914 1.889467
0.1301801 -0.8246468 1.811384
9
0.07409015 -0.0282119 1.926778
-0.003216311 -0.02820112 1.916975
0.1485899 -0.02711289 1.858659
-0.02806646 -0.4281787 1.910899
0.1736683 -0.4239405 1.872969
-0.03827574 -0.7695983 1.954513
0.1460997 -0.7555267 1.90124
-0.09718083 -0.8306057 1.889833
0.1303375 -0.8245317 1.81152
9
0.07409015 -0.0282119 1.926778
-0.003216311 -0.02820112 1.916975
0.1485899 -0.02711289 1.858659
-0.02806646 -0.4281787 1.910899
0.1736683 -0.4239405 1.872969
-0.03827574 -0.7695983 1.954513
0.1460997 -0.7555267 1.90124
-0.09718083 -0.8306057 1.889833
0.1303375 -0.8245317 1.81152
