40
9
0.2514775 -0.2575102 2.312978
0.1673728 -0.2549673 2.296426
0.3275127 -0.2517575 2.254555
0.1862274 -0.6425215 2.308924
0.3644805 -0.6594258 2.236663
0.2303822 -0.991396 2.295382
0.3974452 -1.01046 2.342551
0.1970193 -1.070314 2.232886
0.4722784 -1.056184 2.263017
9
0.2514775 -0.2575102 2.312978
0.1673728 -0.2549673 2.296426
0.3275127 -0.2517575 2.254555
0.1862274 -0.6425215 2.308924
0.3644805 -0.6594258 2.236663
0.2303822 -0.991396 2.295382
0.3974452 -1.01046 2.342551
0.1970193 -1.070314 2.232886
0.4722784 -1.056184 2.263017
9
0.2514775 -0.2575102 2.312978
0.1673728 -0.2549673 2.296426
0.3275127 -0.2517575 2.254555
0.1862274 -0.6425215 2.308924
0.3644805 -0.6594258 2.236663
0.2303822 -0.991396 2.295382
0.3974452 -1.01046 2.342551
0.1970193 -1.070314 2.232886
0.4722784 -1.056184 2.263017
9
0.2514775 -0.2575102 2.312978
0.1673728 -0.2549673 2.296426
0.3275127 -0.2517575 2.254555
0.1862274 -0.6425215 2.308924
0.3644805 -0.6594258 2.236663
0.2303822 -0.991396 2.295382
0.3974452 -1.01046 2.342551
0.1970193 -1.070314 2.232886
0.4722784 -1.056184 2.263017
9
0.2609617 -0.2602692 2.323639
0.1782714 -0.2575601 2.309065
0.3353882 -0.2545446 2.263374
0.1912578 -0.6413679 2.314215
0.3835465 -0.6783714 2.290812
0.2283849 -0.9894177 2.296382
0.4008644 -1.016851 2.367743
0.1899147 -1.022082 2.157553
0.4862992 -1.064285 2.297815
9
0.2609617 -0.2602692 2.323639
0.1782714 -0.2575601 2.309065
0.3353882 -0.2545446 2.263374
0.1912578 -0.6413679 2.314215
0.3835465 -0.6783714 2.290812
0.2283849 -0.9894177 2.296382
0.4008644 -1.016851 2.367743
0.1899147 -1.022082 2.157553
0.4862992 -1.064285 2.297815
9
0.2646085 -0.2609153 2.327596
0.1815178 -0.2578297 2.312937
0.3392806 -0.2555884 2.267339
0.1936861 -0.6400207 2.315881
0.3840485 -0.6786163 2.292135
0.2270974 -0.9880387 2.297431
0.3996875 -1.017257 2.371582
0.1884456 -1.020681 2.158639
0.4863252 -1.063927 2.298099
9
0.2646085 -0.2609153 2.327596
0.1815178 -0.2578297 2.312937
0.3392806 -0.2555884 2.267339
0.1936861 -0.6400207 2.315881
0.3840485 -0.6786163 2.292135
0.2270974 -0.9880387 2.297431
0.3996875 -1.017257 2.371582
0.1884456 -1.020681 2.158639
0.4863252 -1.063927 2.298099
9
0.268708 -0.2608861 2.332095
0.1856261 -0.2574371 2.317533
0.3432221 -0.2559351 2.27171
0.1956969 -0.6390666 2.316515
0.3846331 -0.6754081 2.295255
0.2263677 -0.9872035 2.298469
0.3977402 -1.014675 2.374426
0.1873392 -1.019948 2.159839
0.4897736 -1.061452 2.304513
9
0.268708 -0.2608861 2.332095
0.1856261 -0.2574371 2.317533
0.3432221 -0.2559351 2.27171
0.1956969 -0.6390666 2.316515
0.3846331 -0.6754081 2.295255
0.2263677 -0.9872035 2.298469
0.3977402 -1.014675 2.374426
0.1873392 -1.019948 2.159839
0.4897736 -1.061452 2.304513
9
0.268708 -0.2608861 2.332095
0.1856261 -0.2574371 2.317533
0.3432221 -0.2559351 2.27171
0.1956969 -0.6390666 2.316515
0.3846331 -0.6754081 2.295255
0.2263677 -0.9872035 2.298469
0.3977402 -1.014675 2.374426
0.1873392 -1.019948 2.159839
0.4897736 -1.061452 2.304513
9
0.2760285 -0.2603389 2.337785
0.1926545 -0.2564856 2.323748
0.3506209 -0.255827 2.276898
0.1987444 -0.642072 2.318393
0.3869261 -0.6753695 2.299236
0.2262258 -0.9888544 2.299012
0.3984963 -1.014606 2.376125
0.1871054 -1.021899 2.160567
0.4890583 -1.060944 2.304536
9
0.2760285 -0.2603389 2.337785
0.1926545 -0.2564856 2.323748
0.3506209 -0.255827 2.276898
0.1987444 -0.642072 2.318393
0.3869261 -0.6753695 2.299236
0.2262258 -0.9888544 2.299012
0.3984963 -1.014606 2.376125
0.1871054 -1.021899 2.160567
0.4890583 -1.060944 2.304536
9
0.2760285 -0.2603389 2.337785
0.1926545 -0.2564856 2.323748
0.3506209 -0.255827 2.276898
0.1987444 -0.642072 2.318393
0.3869261 -0.6753695 2.299236
0.2262258 -0.9888544 2.299012
0.3984963 -1.014606 2.376125
0.1871054 -1.021899 2.160567
0.4890583 -1.060944 2.304536
9
0.2809868 -0.2605923 2.341884
0.1973051 -0.2563765 2.327561
0.3557396 -0.2564808 2.281294
0.2011507 -0.6416144 2.318921
0.3892614 -0.6759919 2.304245
0.2262043 -0.9900632 2.299738
0.3985111 -1.01473 2.376357
0.1870042 -1.023295 2.161417
0.4888549 -1.061263 2.304373
9
0.287425 -0.2600802 2.347293
0.2037864 -0.2557622 2.333495
0.361934 -0.2560985 2.286192
0.2041631 -0.6418301 2.319371
0.391595 -0.6720715 2.308458
0.2263078 -0.9913594 2.300004
0.3993432 -1.012102 2.377572
0.1868647 -1.024775 2.161864
0.4900165 -1.06082 2.303776
9
0.293988 -0.2602684 2.353369
0.2097202 -0.255898 2.338619
0.3689551 -0.2563621 2.293302
0.2079712 -0.6403225 2.319773
0.3967533 -0.6655415 2.312652
0.2256938 -0.9912786 2.299714
0.3994241 -1.009771 2.378891
0.1951798 -1.067938 2.22843
0.4917933 -1.058576 2.309826
9
0.293988 -0.2602684 2.353369
0.2097202 -0.255898 2.338619
0.3689551 -0.2563621 2.293302
0.2079712 -0.6403225 2.319773
0.3967533 -0.6655415 2.312652
0.2256938 -0.9912786 2.299714
0.3994241 -1.009771 2.378891
0.1951798 -1.067938 2.22843
0.4917933 -1.058576 2.309826
9
0.293988 -0.2602684 2.353369
0.2097202 -0.255898 2.338619
0.3689551 -0.2563621 2.293302
0.2079712 -0.6403225 2.319773
0.3967533 -0.6655415 2.312652
0.2256938 -0.9912786 2.299714
0.3994241 -1.009771 2.378891
0.1951798 -1.067938 2.22843
0.4917933 -1.058576 2.309826
9
0.293988 -0.2602684 2.353369
0.2097202 -0.255898 2.338619
0.3689551 -0.2563621 2.293302
0.2079712 -0.6403225 2.319773
0.3967533 -0.6655415 2.312652
0.2256938 -0.9912786 2.299714
0.3994241 -1.009771 2.378891
0.1951798 -1.067938 2.22843
0.4917933 -1.058576 2.309826
9
0.293988 -0.2602684 2.353369
0.2097202 -0.255898 2.338619
0.3689551 -0.2563621 2.293302
0.2079712 -0.6403225 2.319773
0.3967533 -0.6655415 2.312652
0.2256938 -0.9912786 2.299714
0.3994241 -1.009771 2.378891
0.1951798 -1.067938 2.22843
0.4917933 -1.058576 2.309826
9
0.293988 -0.2602684 2.353369
0.2097202 -0.255898 2.338619
0.3689551 -0.2563621 2.293302
0.2079712 -0.6403225 2.319773
0.3967533 -0.6655415 2.312652
0.2256938 -0.9912786 2.299714
0.3994241 -1.009771 2.378891
0.1951798 -1.067938 2.22843
0.4917933 -1.058576 2.309826
9
0.293988 -0.2602684 2.353369
0.2097202 -0.255898 2.338619
0.3689551 -0.2563621 2.293302
0.2079712 -0.6403225 2.319773
0.3967533 -0.6655415 2.312652
0.2256938 -0.9912786 2.299714
0.3994241 -1.009771 2.378891
0.1951798 -1.067938 2.22843
0.4917933 -1.058576 2.309826
9
0.293988 -0.2602684 2.353369
0.2097202 -0.255898 2.338619
0.3689551 -0.2563621 2.293302
0.2079712 -0.6403225 2.319773
0.3967533 -0.6655415 2.312652
0.2256938 -0.9912786 2.299714
0.3994241 -1.009771 2.378891
0.1951798 -1.067938 2.22843
0.4917933 -1.058576 2.309826
9
0.293988 -0.2602684 2.353369
0.2097202 -0.255898 2.338619
0.3689551 -0.2563621 2.293302
0.2079712 -0.6403225 2.319773
0.3967533 -0.6655415 2.312652
0.2256938 -0.9912786 2.299714
0.3994241 -1.009771 2.378891
0.1951798 -1.067938 2.22843
0.4917933 -1.058576 2.309826
9
0.3120477 -0.2604967 2.36845
0.2296874 -0.2550822 2.35564
0.3847044 -0.2575601 2.306545
0.2110354 -0.6409872 2.319529
0.4032885 -0.6627639 2.319417
0.2205985 -0.9915513 2.301557
0.4005403 -1.00943 2.380032
0.1926498 -1.066054 2.223881
0.4910538 -1.058772 2.308045
9
0.3120477 -0.2604967 2.36845
0.2296874 -0.2550822 2.35564
0.3847044 -0.2575601 2.306545
0.2110354 -0.6409872 2.319529
0.4032885 -0.6627639 2.319417
0.2205985 -0.9915513 2.301557
0.4005403 -1.00943 2.380032
0.1926498 -1.066054 2.223881
0.4910538 -1.058772 2.308045
9
0.3140669 -0.2605542 2.370998
0.2314575 -0.2552278 2.357963
0.3868729 -0.2575599 2.309264
0.2115211 -0.6408374 2.319654
0.4062087 -0.6565993 2.32276
0.2152301 -0.9910926 2.302162
0.4009495 -0.9991707 2.379778
0.1641236 -1.053481 2.220918
0.4952764 -1.058656 2.328687
9
0.3140669 -0.2605542 2.370998
0.2314575 -0.2552278 2.357963
0.3868729 -0.2575599 2.309264
0.2115211 -0.6408374 2.319654
0.4062087 -0.6565993 2.32276
0.2152301 -0.9910926 2.302162
0.4009495 -0.9991707 2.379778
0.1641236 -1.053481 2.220918
0.4952764 -1.058656 2.328687
9
0.3140669 -0.2605542 2.370998
0.2314575 -0.2552278 2.357963
0.3868729 -0.2575599 2.309264
0.2115211 -0.6408374 2.319654
0.4062087 -0.6565993 2.32276
0.2152301 -0.9910926 2.302162
0.4009495 -0.9991707 2.379778
0.1641236 -1.053481 2.220918
0.4952764 -1.058656 2.328687
9
0.3156317 -0.2603572 2.372556
0.233027 -0.2551725 2.359767
0.3883688 -0.2572652 2.310575
0.2114262 -0.6408221 2.319707
0.4073405 -0.6530222 2.324879
0.2059419 -0.9902092 2.306236
0.4015406 -0.9979442 2.381276
0.1630033 -1.054808 2.221264
0.4924371 -1.057198 2.32274
9
0.3156317 -0.2603572 2.372556
0.233027 -0.2551725 2.359767
0.3883688 -0.2572652 2.310575
0.2114262 -0.6408221 2.319707
0.4073405 -0.6530222 2.324879
0.2059419 -0.9902092 2.306236
0.4015406 -0.9979442 2.381276
0.1630033 -1.054808 2.221264
0.4924371 -1.057198 2.32274
9
0.3156317 -0.2603572 2.372556
0.233027 -0.2551725 2.359767
0.3883688 -0.2572652 2.310575
0.2114262 -0.6408221 2.319707
0.4073405 -0.6530222 2.324879
0.2059419 -0.9902092 2.306236
0.4015406 -0.9979442 2.381276
0.1630033 -1.054808 2.221264
0.4924371 -1.057198 2.32274
9
0.3160786 -0.2605155 2.373591
0.2335325 -0.2553487 2.360944
0.3887405 -0.2574129 2.311457
0.2036587 -0.6407021 2.320136
0.4078436 -0.6508234 2.327164
0.1841652 -0.9898152 2.31087
0.4020883 -0.997809 2.382126
0.1198472 -1.044219 2.233142
0.4893109 -1.05731 2.321051
9
0.315569 -0.2606627 2.374201
0.2330865 -0.2554887 2.362019
0.388159 -0.2575803 2.311755
0.1944459 -0.6395622 2.320434
0.4075815 -0.6481851 2.329473
0.1635052 -0.9858195 2.314981
0.4025817 -0.9958438 2.383226
0.1261082 -1.058125 2.23962
0.4874803 -1.055742 2.319466
9
0.315569 -0.2606627 2.374201
0.2330865 -0.2554887 2.362019
0.388159 -0.2575803 2.311755
0.1944459 -0.6395622 2.320434
0.4075815 -0.6481851 2.329473
0.1635052 -0.9858195 2.314981
0.4025817 -0.9958438 2.383226
0.1261082 -1.058125 2.23962
0.4874803 -1.055742 2.319466
9
0.315569 -0.2606627 2.374201
0.2330865 -0.2554887 2.362019
0.388159 -0.2575803 2.311755
0.1944459 -0.6395622 2.320434
0.4075815 -0.6481851 2.329473
0.1635052 -0.9858195 2.314981
0.4025817 -0.9958438 2.383226
0.1261082 -1.058125 2.23962
0.4874803 -1.055742 2.319466
9
0.315569 -0.2606627 2.374201
0.2330865 -0.2554887 2.362019
0.388159 -0.2575803 2.311755
0.1944459 -0.6395622 2.320434
0.4075815 -0.6481851 2.329473
0.1635052 -0.9858195 2.314981
0.4025817 -0.9958438 2.383226
0.1261082 -1.058125 2.23962
0.4874803 -1.055742 2.319466
9
0.3117488 -0.2612796 2.375702
0.2297147 -0.2562875 2.363975
0.3839131 -0.258016 2.312735
0.1724901 -0.6434929 2.323291
0.4051441 -0.6455717 2.329123
0.1375661 -0.9828268 2.319431
0.4020122 -0.9939576 2.384528
0.07194862 -1.036348 2.242903
0.4879359 -1.055083 2.320575
9
0.3117488 -0.2612796 2.375702
0.2297147 -0.2562875 2.363975
0.3839131 -0.258016 2.312735
0.1724901 -0.6434929 2.323291
0.4051441 -0.6455717 2.329123
0.1375661 -0.9828268 2.319431
0.4020122 -0.9939576 2.384528
0.07194862 -1.036348 2.242903
0.4879359 -1.055083 2.320575
