40
9
-0.1057131 -0.03004369 2.053627
-0.1834132 -0.04024882 2.0322
-0.02392704 -0.01848017 1.997221
-0.1588811 -0.4351714 2.048499
0.0207394 -0.455579 1.922279
-0.1335832 -0.7787058 2.037436
0.05605529 -0.764871 1.899316
-0.1802836 -0.8392844 1.95334
0.0546623 -0.8133546 1.782696
9
-0.106898 -0.0296647 2.049251
-0.1845303 -0.03970121 2.028466
-0.02511372 -0.01838025 1.992218
-0.1587169 -0.4366902 2.046778
0.02046138 -0.4623544 1.912101
-0.1337098 -0.778806 2.036905
0.0561767 -0.7631649 1.875934
-0.1811592 -0.8399668 1.954496
0.05242769 -0.8127761 1.759903
9
-0.106898 -0.0296647 2.049251
-0.1845303 -0.03970121 2.028466
-0.02511372 -0.01838025 1.992218
-0.1587169 -0.4366902 2.046778
0.02046138 -0.4623544 1.912101
-0.1337098 -0.778806 2.036905
0.0561767 -0.7631649 1.875934
-0.1811592 -0.8399668 1.954496
0.05242769 -0.8127761 1.759903
9
-0.1075076 -0.02986856 2.046077
-0.1851284 -0.03971225 2.0253
-0.02570576 -0.01879511 1.98908
-0.1585818 -0.4386104 2.04514
0.020033 -0.4588664 1.905363
-0.1341179 -0.7796478 2.036386
0.05510324 -0.7624829 1.868163
-0.1815801 -0.8404046 1.953394
0.05177415 -0.8115367 1.749595
9
-0.1075076 -0.02986856 2.046077
-0.1851284 -0.03971225 2.0253
-0.02570576 -0.01879511 1.98908
-0.1585818 -0.4386104 2.04514
0.020033 -0.4588664 1.905363
-0.1341179 -0.7796478 2.036386
0.05510324 -0.7624829 1.868163
-0.1815801 -0.8404046 1.953394
0.05177415 -0.8115367 1.749595
9
-0.1068769 -0.02986836 2.04137
-0.1845919 -0.03982703 2.021503
-0.02499438 -0.01867974 1.983407
-0.1580109 -0.440051 2.042912
0.0203089 -0.4576257 1.899821
-0.1341316 -0.779968 2.036299
0.05442525 -0.7603126 1.852913
-0.1918766 -0.8381373 1.91576
0.05103185 -0.8099836 1.739421
9
-0.1068769 -0.02986836 2.04137
-0.1845919 -0.03982703 2.021503
-0.02499438 -0.01867974 1.983407
-0.1580109 -0.440051 2.042912
0.0203089 -0.4576257 1.899821
-0.1341316 -0.779968 2.036299
0.05442525 -0.7603126 1.852913
-0.1918766 -0.8381373 1.91576
0.05103185 -0.8099836 1.739421
9
-0.1059478 -0.03032848 2.036443
-0.1837442 -0.03998475 2.016762
-0.02401374 -0.01945751 1.978349
-0.15732 -0.4420285 2.04091
0.02345186 -0.4672227 1.891831
-0.1345073 -0.7801238 2.036114
0.05562662 -0.7620848 1.842149
-0.1824902 -0.8414125 1.954619
0.05267312 -0.8104255 1.71804
9
-0.1059478 -0.03032848 2.036443
-0.1837442 -0.03998475 2.016762
-0.02401374 -0.01945751 1.978349
-0.15732 -0.4420285 2.04091
0.02345186 -0.4672227 1.891831
-0.1345073 -0.7801238 2.036114
0.05562662 -0.7620848 1.842149
-0.1824902 -0.8414125 1.954619
0.05267312 -0.8104255 1.71804
9
-0.1059478 -0.03032848 2.036443
-0.1837442 -0.03998475 2.016762
-0.02401374 -0.01945751 1.978349
-0.15732 -0.4420285 2.04091
0.02345186 -0.4672227 1.891831
-0.1345073 -0.7801238 2.036114
0.05562662 -0.7620848 1.842149
-0.1824902 -0.8414125 1.954619
0.05267312 -0.8104255 1.71804
9
-0.1059478 -0.03032848 2.036443
-0.1837442 -0.03998475 2.016762
-0.02401374 -0.01945751 1.978349
-0.15732 -0.4420285 2.04091
0.02345186 -0.4672227 1.891831
-0.1345073 -0.7801238 2.036114
0.05562662 -0.7620848 1.842149
-0.1824902 -0.8414125 1.954619
0.05267312 -0.8104255 1.71804
9
-0.1020196 -0.03081316 2.024698
-0.1799012 -0.0405216 2.005446
-0.02013839 -0.01988404 1.966222
-0.155469 -0.4405857 2.035295
0.02692684 -0.470962 1.883694
-0.1346743 -0.780027 2.035636
0.05524326 -0.7611209 1.828658
-0.1823216 -0.8415712 1.954198
0.05347655 -0.8108842 1.70936
9
-0.1020196 -0.03081316 2.024698
-0.1799012 -0.0405216 2.005446
-0.02013839 -0.01988404 1.966222
-0.155469 -0.4405857 2.035295
0.02692684 -0.470962 1.883694
-0.1346743 -0.780027 2.035636
0.05524326 -0.7611209 1.828658
-0.1823216 -0.8415712 1.954198
0.05347655 -0.8108842 1.70936
9
-0.09947941 -0.0315193 2.018222
-0.1775525 -0.0410329 1.999438
-0.01748198 -0.0207758 1.95926
-0.1539743 -0.4331929 2.0284
0.0283827 -0.4711929 1.880319
-0.1346361 -0.7796422 2.035312
0.05587917 -0.7603731 1.82542
-0.182256 -0.8413562 1.954113
0.05379099 -0.8107861 1.708735
9
-0.09947941 -0.0315193 2.018222
-0.1775525 -0.0410329 1.999438
-0.01748198 -0.0207758 1.95926
-0.1539743 -0.4331929 2.0284
0.0283827 -0.4711929 1.880319
-0.1346361 -0.7796422 2.035312
0.05587917 -0.7603731 1.82542
-0.182256 -0.8413562 1.954113
0.05379099 -0.8107861 1.708735
9
-0.09947941 -0.0315193 2.018222
-0.1775525 -0.0410329 1.999438
-0.01748198 -0.0207758 1.95926
-0.1539743 -0.4331929 2.0284
0.0283827 -0.4711929 1.880319
-0.1346361 -0.7796422 2.035312
0.05587917 -0.7603731 1.82542
-0.182256 -0.8413562 1.954113
0.05379099 -0.8107861 1.708735
9
-0.09947941 -0.0315193 2.018222
-0.1775525 -0.0410329 1.999438
-0.01748198 -0.0207758 1.95926
-0.1539743 -0.4331929 2.0284
0.0283827 -0.4711929 1.880319
-0.1346361 -0.7796422 2.035312
0.05587917 -0.7603731 1.82542
-0.182256 -0.8413562 1.954113
0.05379099 -0.8107861 1.708735
9
-0.09119884 -0.0331324 2.000552
-0.1695974 -0.04200862 1.982155
-0.009157208 -0.02296956 1.941196
-0.1509399 -0.4308334 2.021605
0.03085993 -0.4676178 1.876194
-0.1346282 -0.7793973 2.035071
0.05622585 -0.7591583 1.825207
-0.1825135 -0.8410897 1.954123
0.05411116 -0.8105379 1.71078
9
-0.09119884 -0.0331324 2.000552
-0.1695974 -0.04200862 1.982155
-0.009157208 -0.02296956 1.941196
-0.1509399 -0.4308334 2.021605
0.03085993 -0.4676178 1.876194
-0.1346282 -0.7793973 2.035071
0.05622585 -0.7591583 1.825207
-0.1825135 -0.8410897 1.954123
0.05411116 -0.8105379 1.71078
9
-0.09119884 -0.0331324 2.000552
-0.1695974 -0.04200862 1.982155
-0.009157208 -0.02296956 1.941196
-0.1509399 -0.4308334 2.021605
0.03085993 -0.4676178 1.876194
-0.1346282 -0.7793973 2.035071
0.05622585 -0.7591583 1.825207
-0.1825135 -0.8410897 1.954123
0.05411116 -0.8105379 1.71078
9
-0.09119884 -0.0331324 2.000552
-0.1695974 -0.04200862 1.982155
-0.009157208 -0.02296956 1.941196
-0.1509399 -0.4308334 2.021605
0.03085993 -0.4676178 1.876194
-0.1346282 -0.7793973 2.035071
0.05622585 -0.7591583 1.825207
-0.1825135 -0.8410897 1.954123
0.05411116 -0.8105379 1.71078
9
-0.09119884 -0.0331324 2.000552
-0.1695974 -0.04200862 1.982155
-0.009157208 -0.02296956 1.941196
-0.1509399 -0.4308334 2.021605
0.03085993 -0.4676178 1.876194
-0.1346282 -0.7793973 2.035071
0.05622585 -0.7591583 1.825207
-0.1825135 -0.8410897 1.954123
0.05411116 -0.8105379 1.71078
9
-0.09119884 -0.0331324 2.000552
-0.1695974 -0.04200862 1.982155
-0.009157208 -0.02296956 1.941196
-0.1509399 -0.4308334 2.021605
0.03085993 -0.4676178 1.876194
-0.1346282 -0.7793973 2.035071
0.05622585 -0.7591583 1.825207
-0.1825135 -0.8410897 1.954123
0.05411116 -0.8105379 1.71078
9
-0.07518345 -0.03166139 1.967754
-0.1534136 -0.03967982 1.948231
0.006123132 -0.02235385 1.909482
-0.1374665 -0.4279707 1.995721
0.0395644 -0.4576161 1.863154
-0.1343137 -0.7789136 2.034071
0.05698143 -0.7594067 1.822693
-0.1824028 -0.8411202 1.954203
0.0549323 -0.8111241 1.71113
9
-0.07518345 -0.03166139 1.967754
-0.1534136 -0.03967982 1.948231
0.006123132 -0.02235385 1.909482
-0.1374665 -0.4279707 1.995721
0.0395644 -0.4576161 1.863154
-0.1343137 -0.7789136 2.034071
0.05698143 -0.7594067 1.822693
-0.1824028 -0.8411202 1.954203
0.0549323 -0.8111241 1.71113
9
-0.07198341 -0.03141469 1.962058
-0.1503327 -0.03926542 1.942827
0.009318929 -0.0222988 1.903496
-0.1349974 -0.425665 1.989376
0.04438705 -0.4499633 1.856983
-0.1338218 -0.7770342 2.031741
0.05705529 -0.7591026 1.822354
-0.1820813 -0.8407218 1.954657
0.05508805 -0.8119653 1.711792
9
-0.07198341 -0.03141469 1.962058
-0.1503327 -0.03926542 1.942827
0.009318929 -0.0222988 1.903496
-0.1349974 -0.425665 1.989376
0.04438705 -0.4499633 1.856983
-0.1338218 -0.7770342 2.031741
0.05705529 -0.7591026 1.822354
-0.1820813 -0.8407218 1.954657
0.05508805 -0.8119653 1.711792
9
-0.06666394 -0.03040181 1.953934
-0.1445691 -0.0382092 1.933902
0.01401361 -0.0213684 1.896142
-0.1318259 -0.4252718 1.982129
0.04756394 -0.4473857 1.853764
-0.1333725 -0.775946 2.030392
0.05719779 -0.7587902 1.821536
-0.1807575 -0.8401076 1.953111
0.05523638 -0.8123918 1.71164
9
-0.06666394 -0.03040181 1.953934
-0.1445691 -0.0382092 1.933902
0.01401361 -0.0213684 1.896142
-0.1318259 -0.4252718 1.982129
0.04756394 -0.4473857 1.853764
-0.1333725 -0.775946 2.030392
0.05719779 -0.7587902 1.821536
-0.1807575 -0.8401076 1.953111
0.05523638 -0.8123918 1.71164
9
-0.06200906 -0.02973791 1.944652
-0.1407381 -0.03716558 1.925329
0.01936195 -0.02114692 1.886125
-0.1287425 -0.4253461 1.975194
0.05164487 -0.4460807 1.850202
-0.1321913 -0.7748914 2.029009
0.05751462 -0.7580384 1.821082
-0.1802081 -0.8394988 1.953298
0.05548338 -0.8132185 1.712641
9
-0.06200906 -0.02973791 1.944652
-0.1407381 -0.03716558 1.925329
0.01936195 -0.02114692 1.886125
-0.1287425 -0.4253461 1.975194
0.05164487 -0.4460807 1.850202
-0.1321913 -0.7748914 2.029009
0.05751462 -0.7580384 1.821082
-0.1802081 -0.8394988 1.953298
0.05548338 -0.8132185 1.712641
9
-0.05638738 -0.02995544 1.936885
-0.1352201 -0.03741979 1.917559
0.0248222 -0.02129822 1.878408
-0.126144 -0.4276821 1.968816
0.05579967 -0.4418788 1.846027
-0.1313491 -0.7747177 2.028178
0.05779278 -0.7575131 1.820605
-0.1791894 -0.8392895 1.952168
0.05587282 -0.8138911 1.713312
9
-0.05638738 -0.02995544 1.936885
-0.1352201 -0.03741979 1.917559
0.0248222 -0.02129822 1.878408
-0.126144 -0.4276821 1.968816
0.05579967 -0.4418788 1.846027
-0.1313491 -0.7747177 2.028178
0.05779278 -0.7575131 1.820605
-0.1791894 -0.8392895 1.952168
0.05587282 -0.8138911 1.713312
9
-0.05165674 -0.02961304 1.929714
-0.1305847 -0.03673122 1.910321
0.02946363 -0.02129998 1.87129
-0.123364 -0.4256434 1.960826
0.05987377 -0.4391775 1.842677
-0.1303861 -0.7721843 2.026265
0.05848676 -0.7572783 1.821053
-0.1767685 -0.8370302 1.948951
0.05642241 -0.8140377 1.714128
9
-0.05165674 -0.02961304 1.929714
-0.1305847 -0.03673122 1.910321
0.02946363 -0.02129998 1.87129
-0.123364 -0.4256434 1.960826
0.05987377 -0.4391775 1.842677
-0.1303861 -0.7721843 2.026265
0.05848676 -0.7572783 1.821053
-0.1767685 -0.8370302 1.948951
0.05642241 -0.8140377 1.714128
9
-0.04562734 -0.02955203 1.921149
-0.1248285 -0.03639477 1.901246
0.03552255 -0.02149886 1.863207
-0.1213395 -0.423569 1.950822
0.06365734 -0.4340163 1.839947
-0.1297995 -0.7716678 2.023957
0.05912631 -0.7561642 1.821069
-0.1769645 -0.8372049 1.948918
0.0575499 -0.8175479 1.719008
9
-0.04562734 -0.02955203 1.921149
-0.1248285 -0.03639477 1.901246
0.03552255 -0.02149886 1.863207
-0.1213395 -0.423569 1.950822
0.06365734 -0.4340163 1.839947
-0.1297995 -0.7716678 2.023957
0.05912631 -0.7561642 1.821069
-0.1769645 -0.8372049 1.948918
0.0575499 -0.8175479 1.719008
9
-0.03862261 -0.03012163 1.913446
-0.1182288 -0.03644808 1.893403
0.0426649 -0.02256381 1.855634
-0.1202108 -0.4213667 1.941117
0.06694449 -0.43129 1.836476
-0.129629 -0.7713504 2.021025
0.05974217 -0.7564815 1.820708
-0.1774496 -0.8374546 1.948022
0.05778705 -0.8180553 1.718878
9
-0.03862261 -0.03012163 1.913446
-0.1182288 -0.03644808 1.893403
0.0426649 -0.02256381 1.855634
-0.1202108 -0.4213667 1.941117
0.06694449 -0.43129 1.836476
-0.129629 -0.7713504 2.021025
0.05974217 -0.7564815 1.820708
-0.1774496 -0.8374546 1.948022
0.05778705 -0.8180553 1.718878
9
-0.03862261 -0.03012163 1.913446
-0.1182288 -0.03644808 1.893403
0.0426649 -0.02256381 1.855634
-0.1202108 -0.4213667 1.941117
0.06694449 -0.43129 1.836476
-0.129629 -0.7713504 2.021025
0.05974217 -0.7564815 1.820708
-0.1774496 -0.8374546 1.948022
0.05778705 -0.8180553 1.718878
