40
9
-0.02932636 -0.02890039 1.875011
-0.1127546 -0.0330975 1.834662
0.05524385 -0.02305952 1.836873
-0.1080412 -0.4205625 1.838326
0.1108296 -0.4160528 1.791406
-0.08924673 -0.7714524 1.847634
0.1593165 -0.7496001 1.84293
-0.1164852 -0.827062 1.746469
0.1816953 -0.8217456 1.762756
9
-0.02985932 -0.02865616 1.871865
-0.1132468 -0.03330764 1.832646
0.05476665 -0.02232344 1.832595
-0.1080215 -0.4206708 1.837616
0.1149098 -0.4184525 1.787668
-0.08923654 -0.7711767 1.847069
0.175351 -0.7503087 1.804218
-0.1207511 -0.8248249 1.7424
0.1983468 -0.8134421 1.710823
9
-0.02985932 -0.02865616 1.871865
-0.1132468 -0.03330764 1.832646
0.05476665 -0.02232344 1.832595
-0.1080215 -0.4206708 1.837616
0.1149098 -0.4184525 1.787668
-0.08923654 -0.7711767 1.847069
0.175351 -0.7503087 1.804218
-0.1207511 -0.8248249 1.7424
0.1983468 -0.8134421 1.710823
9
-0.02985932 -0.02865616 1.871865
-0.1132468 -0.03330764 1.832646
0.05476665 -0.02232344 1.832595
-0.1080215 -0.4206708 1.837616
0.1149098 -0.4184525 1.787668
-0.08923654 -0.7711767 1.847069
0.175351 -0.7503087 1.804218
-0.1207511 -0.8248249 1.7424
0.1983468 -0.8134421 1.710823
9
-0.02964846 -0.02874788 1.869705
-0.1131691 -0.033579 1.831199
0.05513611 -0.02226635 1.829801
-0.1080936 -0.4203816 1.83655
0.1186282 -0.420817 1.784734
-0.08922989 -0.7709188 1.846866
0.1763874 -0.7496355 1.801739
-0.1184095 -0.82621 1.74624
0.1987183 -0.8137454 1.709384
9
-0.02964846 -0.02874788 1.869705
-0.1131691 -0.033579 1.831199
0.05513611 -0.02226635 1.829801
-0.1080936 -0.4203816 1.83655
0.1186282 -0.420817 1.784734
-0.08922989 -0.7709188 1.846866
0.1763874 -0.7496355 1.801739
-0.1184095 -0.82621 1.74624
0.1987183 -0.8137454 1.709384
9
-0.02964846 -0.02874788 1.869705
-0.1131691 -0.033579 1.831199
0.05513611 -0.02226635 1.829801
-0.1080936 -0.4203816 1.83655
0.1186282 -0.420817 1.784734
-0.08922989 -0.7709188 1.846866
0.1763874 -0.7496355 1.801739
-0.1184095 -0.82621 1.74624
0.1987183 -0.8137454 1.709384
9
-0.02964846 -0.02874788 1.869705
-0.1131691 -0.033579 1.831199
0.05513611 -0.02226635 1.829801
-0.1080936 -0.4203816 1.83655
0.1186282 -0.420817 1.784734
-0.08922989 -0.7709188 1.846866
0.1763874 -0.7496355 1.801739
-0.1184095 -0.82621 1.74624
0.1987183 -0.8137454 1.709384
9
-0.02964846 -0.02874788 1.869705
-0.1131691 -0.033579 1.831199
0.05513611 -0.02226635 1.829801
-0.1080936 -0.4203816 1.83655
0.1186282 -0.420817 1.784734
-0.08922989 -0.7709188 1.846866
0.1763874 -0.7496355 1.801739
-0.1184095 -0.82621 1.74624
0.1987183 -0.8137454 1.709384
9
-0.02964846 -0.02874788 1.869705
-0.1131691 -0.033579 1.831199
0.05513611 -0.02226635 1.829801
-0.1080936 -0.4203816 1.83655
0.1186282 -0.420817 1.784734
-0.08922989 -0.7709188 1.846866
0.1763874 -0.7496355 1.801739
-0.1184095 -0.82621 1.74624
0.1987183 -0.8137454 1.709384
9
-0.02781401 -0.0293259 1.866351
-0.1117523 -0.03424764 1.829494
0.05730934 -0.02274512 1.824396
-0.1072871 -0.4202785 1.835586
0.1255708 -0.4235032 1.781481
-0.08923081 -0.7708991 1.846858
0.1917746 -0.7492155 1.771944
-0.1169132 -0.8291073 1.748764
0.2121623 -0.8107178 1.675878
9
-0.02781401 -0.0293259 1.866351
-0.1117523 -0.03424764 1.829494
0.05730934 -0.02274512 1.824396
-0.1072871 -0.4202785 1.835586
0.1255708 -0.4235032 1.781481
-0.08923081 -0.7708991 1.846858
0.1917746 -0.7492155 1.771944
-0.1169132 -0.8291073 1.748764
0.2121623 -0.8107178 1.675878
9
-0.0249048 -0.02992237 1.862564
-0.1090682 -0.03501973 1.826585
0.06022082 -0.02322387 1.820048
-0.105907 -0.4206523 1.83442
0.1308844 -0.4263865 1.779016
-0.08926781 -0.7707525 1.846606
0.1938958 -0.7496538 1.767805
-0.1222279 -0.8250954 1.736353
0.2128756 -0.812317 1.672744
9
-0.0249048 -0.02992237 1.862564
-0.1090682 -0.03501973 1.826585
0.06022082 -0.02322387 1.820048
-0.105907 -0.4206523 1.83442
0.1308844 -0.4263865 1.779016
-0.08926781 -0.7707525 1.846606
0.1938958 -0.7496538 1.767805
-0.1222279 -0.8250954 1.736353
0.2128756 -0.812317 1.672744
9
-0.02184363 -0.03002267 1.859619
-0.1062919 -0.03518653 1.825168
0.06352519 -0.02334063 1.815207
-0.1045812 -0.4204775 1.833087
0.134337 -0.4295306 1.777635
-0.08926944 -0.7707802 1.846602
0.1954127 -0.7498701 1.765956
-0.1231688 -0.8260162 1.735265
0.2136996 -0.8117589 1.669702
9
-0.01766059 -0.02980714 1.856253
-0.1022937 -0.03513375 1.823111
0.06767511 -0.02303343 1.810672
-0.1032599 -0.4182929 1.831218
0.1369036 -0.4297813 1.776451
-0.08928961 -0.7707292 1.84641
0.1962081 -0.750281 1.765253
-0.1248596 -0.8258582 1.734531
0.2137156 -0.8113528 1.667751
9
-0.01766059 -0.02980714 1.856253
-0.1022937 -0.03513375 1.823111
0.06767511 -0.02303343 1.810672
-0.1032599 -0.4182929 1.831218
0.1369036 -0.4297813 1.776451
-0.08928961 -0.7707292 1.84641
0.1962081 -0.750281 1.765253
-0.1248596 -0.8258582 1.734531
0.2137156 -0.8113528 1.667751
9
-0.01325582 -0.02955711 1.853318
-0.09772202 -0.03501729 1.821249
0.07177597 -0.02270979 1.806807
-0.1007517 -0.4189435 1.829866
0.1397997 -0.4307698 1.774947
-0.08928499 -0.7707455 1.846389
0.1967426 -0.7503749 1.764915
-0.1290058 -0.826612 1.726602
0.2135678 -0.8115816 1.667359
9
-0.007373676 -0.03038516 1.849477
-0.09165725 -0.03556396 1.817621
0.07716969 -0.02381325 1.803034
-0.09807067 -0.4176444 1.827969
0.1426381 -0.4301036 1.773627
-0.0892166 -0.7707589 1.846216
0.1973981 -0.7507083 1.764706
-0.1259621 -0.8259813 1.731115
0.2132471 -0.8119447 1.666889
9
-0.007373676 -0.03038516 1.849477
-0.09165725 -0.03556396 1.817621
0.07716969 -0.02381325 1.803034
-0.09807067 -0.4176444 1.827969
0.1426381 -0.4301036 1.773627
-0.0892166 -0.7707589 1.846216
0.1973981 -0.7507083 1.764706
-0.1259621 -0.8259813 1.731115
0.2132471 -0.8119447 1.666889
9
-3.062665E-06 -0.03075748 1.84596
-0.08419161 -0.0359899 1.814701
0.08418322 -0.02415721 1.799043
-0.09408658 -0.4179791 1.826122
0.1451039 -0.4281361 1.772084
-0.08913511 -0.7707713 1.846058
0.1978209 -0.7508593 1.764338
-0.1220785 -0.8255278 1.736099
0.2127347 -0.8134949 1.667964
9
-3.062665E-06 -0.03075748 1.84596
-0.08419161 -0.0359899 1.814701
0.08418322 -0.02415721 1.799043
-0.09408658 -0.4179791 1.826122
0.1451039 -0.4281361 1.772084
-0.08913511 -0.7707713 1.846058
0.1978209 -0.7508593 1.764338
-0.1220785 -0.8255278 1.736099
0.2127347 -0.8134949 1.667964
9
-3.062665E-06 -0.03075748 1.84596
-0.08419161 -0.0359899 1.814701
0.08418322 -0.02415721 1.799043
-0.09408658 -0.4179791 1.826122
0.1451039 -0.4281361 1.772084
-0.08913511 -0.7707713 1.846058
0.1978209 -0.7508593 1.764338
-0.1220785 -0.8255278 1.736099
0.2127347 -0.8134949 1.667964
9
-3.062665E-06 -0.03075748 1.84596
-0.08419161 -0.0359899 1.814701
0.08418322 -0.02415721 1.799043
-0.09408658 -0.4179791 1.826122
0.1451039 -0.4281361 1.772084
-0.08913511 -0.7707713 1.846058
0.1978209 -0.7508593 1.764338
-0.1220785 -0.8255278 1.736099
0.2127347 -0.8134949 1.667964
9
0.01301947 -0.0308254 1.839881
-0.07136183 -0.03570496 1.810218
0.0969772 -0.02462425 1.791352
-0.08678147 -0.4159714 1.822335
0.1502906 -0.4266396 1.770644
-0.08881267 -0.7708326 1.845837
0.1983493 -0.7515447 1.764187
-0.1201572 -0.8255754 1.740342
0.2129287 -0.8135403 1.666942
9
0.02101884 -0.0303405 1.836567
-0.06343538 -0.03504431 1.80768
0.1046726 -0.02434248 1.787345
-0.08038969 -0.4127629 1.819032
0.156003 -0.4223531 1.768808
-0.08867484 -0.7710105 1.845563
0.198801 -0.7513991 1.764386
-0.1171845 -0.8251342 1.743424
0.2123679 -0.8149616 1.668813
9
0.02101884 -0.0303405 1.836567
-0.06343538 -0.03504431 1.80768
0.1046726 -0.02434248 1.787345
-0.08038969 -0.4127629 1.819032
0.156003 -0.4223531 1.768808
-0.08867484 -0.7710105 1.845563
0.198801 -0.7513991 1.764386
-0.1171845 -0.8251342 1.743424
0.2123679 -0.8149616 1.668813
9
0.02830231 -0.03016379 1.833586
-0.05619779 -0.03466906 1.805336
0.1116869 -0.02437437 1.783771
-0.07663782 -0.4121264 1.816973
0.1607455 -0.4218138 1.768172
-0.0884826 -0.7710859 1.845328
0.1990832 -0.7511857 1.764643
-0.1153141 -0.8281065 1.745526
0.2121508 -0.815286 1.669618
9
0.02830231 -0.03016379 1.833586
-0.05619779 -0.03466906 1.805336
0.1116869 -0.02437437 1.783771
-0.07663782 -0.4121264 1.816973
0.1607455 -0.4218138 1.768172
-0.0884826 -0.7710859 1.845328
0.1990832 -0.7511857 1.764643
-0.1153141 -0.8281065 1.745526
0.2121508 -0.815286 1.669618
9
0.03414012 -0.03000868 1.831424
-0.05053266 -0.03423813 1.803894
0.1174891 -0.02451353 1.780873
-0.0707992 -0.4112363 1.814882
0.1671591 -0.4250115 1.767604
-0.0881573 -0.7710202 1.844806
0.2001705 -0.7515448 1.76472
-0.1125143 -0.8300744 1.746256
0.2120781 -0.8154564 1.669152
9
0.04159304 -0.02992769 1.828286
-0.04310505 -0.0337887 1.801471
0.1246439 -0.02480376 1.777052
-0.06582607 -0.4174511 1.813298
0.1709733 -0.4232948 1.766495
-0.08751186 -0.770808 1.844083
0.2013482 -0.7501286 1.765003
-0.1126273 -0.8301632 1.746198
0.2111932 -0.8148115 1.669899
9
0.04159304 -0.02992769 1.828286
-0.04310505 -0.0337887 1.801471
0.1246439 -0.02480376 1.777052
-0.06582607 -0.4174511 1.813298
0.1709733 -0.4232948 1.766495
-0.08751186 -0.770808 1.844083
0.2013482 -0.7501286 1.765003
-0.1126273 -0.8301632 1.746198
0.2111932 -0.8148115 1.669899
9
0.04159304 -0.02992769 1.828286
-0.04310505 -0.0337887 1.801471
0.1246439 -0.02480376 1.777052
-0.06582607 -0.4174511 1.813298
0.1709733 -0.4232948 1.766495
-0.08751186 -0.770808 1.844083
0.2013482 -0.7501286 1.765003
-0.1126273 -0.8301632 1.746198
0.2111932 -0.8148115 1.669899
9
0.04159304 -0.02992769 1.828286
-0.04310505 -0.0337887 1.801471
0.1246439 -0.02480376 1.777052
-0.06582607 -0.4174511 1.813298
0.1709733 -0.4232948 1.766495
-0.08751186 -0.770808 1.844083
0.2013482 -0.7501286 1.765003
-0.1126273 -0.8301632 1.746198
0.2111932 -0.8148115 1.669899
9
0.04159304 -0.02992769 1.828286
-0.04310505 -0.0337887 1.801471
0.1246439 -0.02480376 1.777052
-0.06582607 -0.4174511 1.813298
0.1709733 -0.4232948 1.766495
-0.08751186 -0.770808 1.844083
0.2013482 -0.7501286 1.765003
-0.1126273 -0.8301632 1.746198
0.2111932 -0.8148115 1.669899
9
0.05376998 -0.0297973 1.824005
-0.03098443 -0.03331492 1.798027
0.136331 -0.0250137 1.771989
-0.05886563 -0.423058 1.812696
0.1796855 -0.4239527 1.764518
-0.08628448 -0.7710676 1.843999
0.203243 -0.7487156 1.765476
-0.1125187 -0.8295391 1.745567
0.2105975 -0.8144019 1.671149
9
0.05376998 -0.0297973 1.824005
-0.03098443 -0.03331492 1.798027
0.136331 -0.0250137 1.771989
-0.05886563 -0.423058 1.812696
0.1796855 -0.4239527 1.764518
-0.08628448 -0.7710676 1.843999
0.203243 -0.7487156 1.765476
-0.1125187 -0.8295391 1.745567
0.2105975 -0.8144019 1.671149
9
0.05376998 -0.0297973 1.824005
-0.03098443 -0.03331492 1.798027
0.136331 -0.0250137 1.771989
-0.05886563 -0.423058 1.812696
0.1796855 -0.4239527 1.764518
-0.08628448 -0.7710676 1.843999
0.203243 -0.7487156 1.765476
-0.1125187 -0.8295391 1.745567
0.2105975 -0.8144019 1.671149
9
0.05376998 -0.0297973 1.824005
-0.03098443 -0.03331492 1.798027
0.136331 -0.0250137 1.771989
-0.05886563 -0.423058 1.812696
0.1796855 -0.4239527 1.764518
-0.08628448 -0.7710676 1.843999
0.203243 -0.7487156 1.765476
-0.1125187 -0.8295391 1.745567
0.2105975 -0.8144019 1.671149
9
0.06719646 -0.03019443 1.819681
-0.01769687 -0.03340027 1.793941
0.1492682 -0.02569515 1.767489
-0.0509486 -0.4263026 1.810734
0.1908614 -0.4209 1.761783
-0.0853968 -0.7710555 1.84381
0.2042375 -0.7483115 1.766038
-0.1123432 -0.8299399 1.746171
0.2107884 -0.8146219 1.672398
