40
9
0.254459 -0.2498859 1.785165
0.1639485 -0.2434389 1.752162
0.334546 -0.2458731 1.743196
0.1110084 -0.6036057 1.750899
0.3485672 -0.6074882 1.73269
0.0615038 -0.9537716 1.802853
0.3457527 -0.965382 1.79497
0.05298728 -1.033388 1.7399
0.3367632 -0.9960362 1.653018
9
0.254459 -0.2498859 1.785165
0.1639485 -0.2434389 1.752162
0.334546 -0.2458731 1.743196
0.1110084 -0.6036057 1.750899
0.3485672 -0.6074882 1.73269
0.0615038 -0.9537716 1.802853
0.3457527 -0.965382 1.79497
0.05298728 -1.033388 1.7399
0.3367632 -0.9960362 1.653018
9
0.254459 -0.2498859 1.785165
0.1639485 -0.2434389 1.752162
0.334546 -0.2458731 1.743196
0.1110084 -0.6036057 1.750899
0.3485672 -0.6074882 1.73269
0.0615038 -0.9537716 1.802853
0.3457527 -0.965382 1.79497
0.05298728 -1.033388 1.7399
0.3367632 -0.9960362 1.653018
9
0.2645521 -0.2489555 1.785436
0.1740648 -0.2422352 1.7538
0.3441472 -0.2452425 1.74226
0.117574 -0.6053823 1.750832
0.3553759 -0.6063365 1.732916
0.06641817 -0.9551479 1.800373
0.346233 -0.9654003 1.795277
0.06107099 -1.034256 1.735387
0.3360565 -0.9961634 1.653412
9
0.2645521 -0.2489555 1.785436
0.1740648 -0.2422352 1.7538
0.3441472 -0.2452425 1.74226
0.117574 -0.6053823 1.750832
0.3553759 -0.6063365 1.732916
0.06641817 -0.9551479 1.800373
0.346233 -0.9654003 1.795277
0.06107099 -1.034256 1.735387
0.3360565 -0.9961634 1.653412
9
0.2711425 -0.2482477 1.786051
0.1806416 -0.241243 1.755422
0.3504848 -0.2448398 1.74196
0.1257071 -0.6038146 1.750802
0.3605554 -0.6046858 1.734012
0.07177104 -0.9560456 1.79939
0.3470508 -0.9649544 1.795231
0.0723831 -1.034004 1.731028
0.3357653 -0.9957972 1.653446
9
0.2711425 -0.2482477 1.786051
0.1806416 -0.241243 1.755422
0.3504848 -0.2448398 1.74196
0.1257071 -0.6038146 1.750802
0.3605554 -0.6046858 1.734012
0.07177104 -0.9560456 1.79939
0.3470508 -0.9649544 1.795231
0.0723831 -1.034004 1.731028
0.3357653 -0.9957972 1.653446
9
0.276969 -0.247584 1.786917
0.1862915 -0.2401998 1.756709
0.3561622 -0.2445959 1.742432
0.1319799 -0.6035144 1.751466
0.3654086 -0.6031419 1.734717
0.08050346 -0.950987 1.795806
0.3478175 -0.9650297 1.795312
0.08033052 -1.030538 1.731848
0.3353199 -0.9960068 1.653651
9
0.276969 -0.247584 1.786917
0.1862915 -0.2401998 1.756709
0.3561622 -0.2445959 1.742432
0.1319799 -0.6035144 1.751466
0.3654086 -0.6031419 1.734717
0.08050346 -0.950987 1.795806
0.3478175 -0.9650297 1.795312
0.08033052 -1.030538 1.731848
0.3353199 -0.9960068 1.653651
9
0.2820787 -0.2472072 1.787912
0.19128 -0.2393929 1.758312
0.3612094 -0.2446657 1.742868
0.1385048 -0.6018436 1.752636
0.3690143 -0.6030496 1.735376
0.09062921 -0.9491903 1.795224
0.348754 -0.9640582 1.795576
0.08491352 -1.028142 1.729597
0.3352308 -0.9951577 1.654014
9
0.2820787 -0.2472072 1.787912
0.19128 -0.2393929 1.758312
0.3612094 -0.2446657 1.742868
0.1385048 -0.6018436 1.752636
0.3690143 -0.6030496 1.735376
0.09062921 -0.9491903 1.795224
0.348754 -0.9640582 1.795576
0.08491352 -1.028142 1.729597
0.3352308 -0.9951577 1.654014
9
0.2820787 -0.2472072 1.787912
0.19128 -0.2393929 1.758312
0.3612094 -0.2446657 1.742868
0.1385048 -0.6018436 1.752636
0.3690143 -0.6030496 1.735376
0.09062921 -0.9491903 1.795224
0.348754 -0.9640582 1.795576
0.08491352 -1.028142 1.729597
0.3352308 -0.9951577 1.654014
9
0.2820787 -0.2472072 1.787912
0.19128 -0.2393929 1.758312
0.3612094 -0.2446657 1.742868
0.1385048 -0.6018436 1.752636
0.3690143 -0.6030496 1.735376
0.09062921 -0.9491903 1.795224
0.348754 -0.9640582 1.795576
0.08491352 -1.028142 1.729597
0.3352308 -0.9951577 1.654014
9
0.2941502 -0.2474859 1.790569
0.2026785 -0.2392724 1.761838
0.3734288 -0.2453788 1.744699
0.148948 -0.6025619 1.756783
0.3737554 -0.6016264 1.737918
0.1043446 -0.9528998 1.802486
0.350307 -0.9641463 1.79598
0.09824225 -1.032124 1.737683
0.3349744 -0.9954008 1.654624
9
0.2941502 -0.2474859 1.790569
0.2026785 -0.2392724 1.761838
0.3734288 -0.2453788 1.744699
0.148948 -0.6025619 1.756783
0.3737554 -0.6016264 1.737918
0.1043446 -0.9528998 1.802486
0.350307 -0.9641463 1.79598
0.09824225 -1.032124 1.737683
0.3349744 -0.9954008 1.654624
9
0.2941502 -0.2474859 1.790569
0.2026785 -0.2392724 1.761838
0.3734288 -0.2453788 1.744699
0.148948 -0.6025619 1.756783
0.3737554 -0.6016264 1.737918
0.1043446 -0.9528998 1.802486
0.350307 -0.9641463 1.79598
0.09824225 -1.032124 1.737683
0.3349744 -0.9954008 1.654624
9
0.2941502 -0.2474859 1.790569
0.2026785 -0.2392724 1.761838
0.3734288 -0.2453788 1.744699
0.148948 -0.6025619 1.756783
0.3737554 -0.6016264 1.737918
0.1043446 -0.9528998 1.802486
0.350307 -0.9641463 1.79598
0.09824225 -1.032124 1.737683
0.3349744 -0.9954008 1.654624
9
0.2995631 -0.2476308 1.792447
0.2080218 -0.2391127 1.764877
0.3788288 -0.2458251 1.745568
0.1582637 -0.6043805 1.764325
0.3769008 -0.5994681 1.74106
0.1223282 -0.9628739 1.829733
0.3528089 -0.9614182 1.796776
0.1306252 -1.042813 1.768518
0.3361825 -0.9927093 1.655514
9
0.2995631 -0.2476308 1.792447
0.2080218 -0.2391127 1.764877
0.3788288 -0.2458251 1.745568
0.1582637 -0.6043805 1.764325
0.3769008 -0.5994681 1.74106
0.1223282 -0.9628739 1.829733
0.3528089 -0.9614182 1.796776
0.1306252 -1.042813 1.768518
0.3361825 -0.9927093 1.655514
9
0.3030556 -0.2474297 1.79386
0.2113775 -0.23869 1.766715
0.3822584 -0.2458612 1.746554
0.1643479 -0.6074356 1.771776
0.3791617 -0.5985557 1.744058
0.1287664 -0.9638744 1.840465
0.354655 -0.9586536 1.797328
0.1253939 -1.043434 1.775978
0.3373164 -0.9899384 1.656096
9
0.3030556 -0.2474297 1.79386
0.2113775 -0.23869 1.766715
0.3822584 -0.2458612 1.746554
0.1643479 -0.6074356 1.771776
0.3791617 -0.5985557 1.744058
0.1287664 -0.9638744 1.840465
0.354655 -0.9586536 1.797328
0.1253939 -1.043434 1.775978
0.3373164 -0.9899384 1.656096
9
0.3030556 -0.2474297 1.79386
0.2113775 -0.23869 1.766715
0.3822584 -0.2458612 1.746554
0.1643479 -0.6074356 1.771776
0.3791617 -0.5985557 1.744058
0.1287664 -0.9638744 1.840465
0.354655 -0.9586536 1.797328
0.1253939 -1.043434 1.775978
0.3373164 -0.9899384 1.656096
9
0.3051858 -0.2476692 1.795532
0.2134742 -0.2387044 1.769081
0.3843482 -0.246305 1.747637
0.1713864 -0.609813 1.786641
0.3816208 -0.5965083 1.749131
0.1422924 -0.9631225 1.888156
0.356099 -0.9556444 1.800462
0.1257893 -1.043804 1.829484
0.33764 -0.9867794 1.659217
9
0.3051858 -0.2476692 1.795532
0.2134742 -0.2387044 1.769081
0.3843482 -0.246305 1.747637
0.1713864 -0.609813 1.786641
0.3816208 -0.5965083 1.749131
0.1422924 -0.9631225 1.888156
0.356099 -0.9556444 1.800462
0.1257893 -1.043804 1.829484
0.33764 -0.9867794 1.659217
9
0.3066922 -0.2476572 1.797731
0.2149726 -0.2384695 1.772084
0.3857589 -0.2464883 1.749123
0.1755953 -0.610316 1.794603
0.3830684 -0.5954402 1.753656
0.1456017 -0.9664916 1.897808
0.357633 -0.9526518 1.801352
0.1290996 -1.049026 1.847467
0.338652 -0.9837214 1.660089
9
0.3066922 -0.2476572 1.797731
0.2149726 -0.2384695 1.772084
0.3857589 -0.2464883 1.749123
0.1755953 -0.610316 1.794603
0.3830684 -0.5954402 1.753656
0.1456017 -0.9664916 1.897808
0.357633 -0.9526518 1.801352
0.1290996 -1.049026 1.847467
0.338652 -0.9837214 1.660089
9
0.3072121 -0.2478449 1.801118
0.2156297 -0.2384049 1.776055
0.3861333 -0.2469115 1.751855
0.1778025 -0.6101494 1.803358
0.3839998 -0.5938847 1.758398
0.1538501 -0.9683706 1.919401
0.3590076 -0.9507948 1.803427
0.1409081 -1.048809 1.857563
0.3393757 -0.9818426 1.662182
9
0.3072121 -0.2478449 1.801118
0.2156297 -0.2384049 1.776055
0.3861333 -0.2469115 1.751855
0.1778025 -0.6101494 1.803358
0.3839998 -0.5938847 1.758398
0.1538501 -0.9683706 1.919401
0.3590076 -0.9507948 1.803427
0.1409081 -1.048809 1.857563
0.3393757 -0.9818426 1.662182
9
0.3069077 -0.24797 1.805636
0.215499 -0.2384214 1.781166
0.3857063 -0.2471784 1.755701
0.1801036 -0.6104675 1.813834
0.384326 -0.5922501 1.763778
0.1597738 -0.9716167 1.934038
0.3602016 -0.9483417 1.805294
0.1275465 -1.052299 1.895572
0.3400662 -0.9793965 1.664064
9
0.3069077 -0.24797 1.805636
0.215499 -0.2384214 1.781166
0.3857063 -0.2471784 1.755701
0.1801036 -0.6104675 1.813834
0.384326 -0.5922501 1.763778
0.1597738 -0.9716167 1.934038
0.3602016 -0.9483417 1.805294
0.1275465 -1.052299 1.895572
0.3400662 -0.9793965 1.664064
9
0.3054928 -0.2484749 1.810265
0.2141349 -0.2389193 1.786376
0.3843273 -0.247716 1.759704
0.180287 -0.6132002 1.824652
0.3847291 -0.5921658 1.768057
0.1637235 -0.9735469 1.950056
0.3621576 -0.9461973 1.807238
0.128728 -1.051803 1.898388
0.3417414 -0.9772313 1.665986
9
0.3054928 -0.2484749 1.810265
0.2141349 -0.2389193 1.786376
0.3843273 -0.247716 1.759704
0.180287 -0.6132002 1.824652
0.3847291 -0.5921658 1.768057
0.1637235 -0.9735469 1.950056
0.3621576 -0.9461973 1.807238
0.128728 -1.051803 1.898388
0.3417414 -0.9772313 1.665986
9
0.30274 -0.2493058 1.816442
0.2117548 -0.2397091 1.7924
0.381329 -0.2486134 1.765951
0.1803675 -0.6138473 1.834239
0.3851857 -0.5921052 1.771601
0.1672218 -0.9727463 1.961641
0.3626923 -0.9454757 1.808555
0.1438062 -1.055596 1.91933
0.342179 -0.9764485 1.667273
9
0.30274 -0.2493058 1.816442
0.2117548 -0.2397091 1.7924
0.381329 -0.2486134 1.765951
0.1803675 -0.6138473 1.834239
0.3851857 -0.5921052 1.771601
0.1672218 -0.9727463 1.961641
0.3626923 -0.9454757 1.808555
0.1438062 -1.055596 1.91933
0.342179 -0.9764485 1.667273
9
0.30274 -0.2493058 1.816442
0.2117548 -0.2397091 1.7924
0.381329 -0.2486134 1.765951
0.1803675 -0.6138473 1.834239
0.3851857 -0.5921052 1.771601
0.1672218 -0.9727463 1.961641
0.3626923 -0.9454757 1.808555
0.1438062 -1.055596 1.91933
0.342179 -0.9764485 1.667273
9
0.30274 -0.2493058 1.816442
0.2117548 -0.2397091 1.7924
0.381329 -0.2486134 1.765951
0.1803675 -0.6138473 1.834239
0.3851857 -0.5921052 1.771601
0.1672218 -0.9727463 1.961641
0.3626923 -0.9454757 1.808555
0.1438062 -1.055596 1.91933
0.342179 -0.9764485 1.667273
9
0.2925893 -0.2506362 1.8302
0.2018377 -0.2414878 1.807168
0.3714269 -0.2495604 1.778642
0.1779247 -0.6220151 1.85969
0.3839642 -0.5915902 1.776047
0.1670405 -0.9800446 1.985106
0.3637084 -0.9452918 1.810407
0.1477048 -1.06106 1.927297
0.3416993 -0.9759883 1.669192
9
0.2925893 -0.2506362 1.8302
0.2018377 -0.2414878 1.807168
0.3714269 -0.2495604 1.778642
0.1779247 -0.6220151 1.85969
0.3839642 -0.5915902 1.776047
0.1670405 -0.9800446 1.985106
0.3637084 -0.9452918 1.810407
0.1477048 -1.06106 1.927297
0.3416993 -0.9759883 1.669192
9
0.2892567 -0.2503327 1.835722
0.1987828 -0.2414963 1.812647
0.3679762 -0.2489793 1.784145
0.1767374 -0.6213698 1.86447
0.3826921 -0.591823 1.780199
0.1657472 -0.9797195 1.991603
0.3642746 -0.9456053 1.811854
0.1401578 -1.060295 1.937104
0.3412931 -0.9759725 1.670634
9
0.2892567 -0.2503327 1.835722
0.1987828 -0.2414963 1.812647
0.3679762 -0.2489793 1.784145
0.1767374 -0.6213698 1.86447
0.3826921 -0.591823 1.780199
0.1657472 -0.9797195 1.991603
0.3642746 -0.9456053 1.811854
0.1401578 -1.060295 1.937104
0.3412931 -0.9759725 1.670634
