40
9
0.1241652 -0.2511487 2.059501
0.04085025 -0.2447872 2.036356
0.2029906 -0.248347 2.007325
0.02067137 -0.6276049 2.020801
0.2375379 -0.6620476 2.048716
0.03354659 -0.9783084 2.00752
0.2666242 -0.9943126 2.138733
0.0105542 -1.053162 1.933345
0.3358328 -1.049938 2.110515
9
0.1241652 -0.2511487 2.059501
0.04085025 -0.2447872 2.036356
0.2029906 -0.248347 2.007325
0.02067137 -0.6276049 2.020801
0.2375379 -0.6620476 2.048716
0.03354659 -0.9783084 2.00752
0.2666242 -0.9943126 2.138733
0.0105542 -1.053162 1.933345
0.3358328 -1.049938 2.110515
9
0.1241652 -0.2511487 2.059501
0.04085025 -0.2447872 2.036356
0.2029906 -0.248347 2.007325
0.02067137 -0.6276049 2.020801
0.2375379 -0.6620476 2.048716
0.03354659 -0.9783084 2.00752
0.2666242 -0.9943126 2.138733
0.0105542 -1.053162 1.933345
0.3358328 -1.049938 2.110515
9
0.1241652 -0.2511487 2.059501
0.04085025 -0.2447872 2.036356
0.2029906 -0.248347 2.007325
0.02067137 -0.6276049 2.020801
0.2375379 -0.6620476 2.048716
0.03354659 -0.9783084 2.00752
0.2666242 -0.9943126 2.138733
0.0105542 -1.053162 1.933345
0.3358328 -1.049938 2.110515
9
0.1482621 -0.2528478 2.082283
0.06515452 -0.2463255 2.060125
0.2260284 -0.2502236 2.029135
0.03417161 -0.6277274 2.028315
0.2495394 -0.6567087 2.060133
0.03280902 -0.9771951 2.008947
0.2651396 -0.9950848 2.142834
0.01121064 -1.051772 1.933378
0.2744234 -1.076739 2.080281
9
0.1482621 -0.2528478 2.082283
0.06515452 -0.2463255 2.060125
0.2260284 -0.2502236 2.029135
0.03417161 -0.6277274 2.028315
0.2495394 -0.6567087 2.060133
0.03280902 -0.9771951 2.008947
0.2651396 -0.9950848 2.142834
0.01121064 -1.051772 1.933378
0.2744234 -1.076739 2.080281
9
0.1482621 -0.2528478 2.082283
0.06515452 -0.2463255 2.060125
0.2260284 -0.2502236 2.029135
0.03417161 -0.6277274 2.028315
0.2495394 -0.6567087 2.060133
0.03280902 -0.9771951 2.008947
0.2651396 -0.9950848 2.142834
0.01121064 -1.051772 1.933378
0.2744234 -1.076739 2.080281
9
0.1482621 -0.2528478 2.082283
0.06515452 -0.2463255 2.060125
0.2260284 -0.2502236 2.029135
0.03417161 -0.6277274 2.028315
0.2495394 -0.6567087 2.060133
0.03280902 -0.9771951 2.008947
0.2651396 -0.9950848 2.142834
0.01121064 -1.051772 1.933378
0.2744234 -1.076739 2.080281
9
0.1482621 -0.2528478 2.082283
0.06515452 -0.2463255 2.060125
0.2260284 -0.2502236 2.029135
0.03417161 -0.6277274 2.028315
0.2495394 -0.6567087 2.060133
0.03280902 -0.9771951 2.008947
0.2651396 -0.9950848 2.142834
0.01121064 -1.051772 1.933378
0.2744234 -1.076739 2.080281
9
0.1777966 -0.2522724 2.11327
0.09070459 -0.2457889 2.087141
0.2588063 -0.2497836 2.064424
0.05226424 -0.6316039 2.045831
0.2725667 -0.6433312 2.081154
0.03323991 -0.9723353 2.011185
0.2676126 -0.9928742 2.147399
0.01104445 -1.004008 1.869507
0.2787743 -1.07303 2.080896
9
0.1777966 -0.2522724 2.11327
0.09070459 -0.2457889 2.087141
0.2588063 -0.2497836 2.064424
0.05226424 -0.6316039 2.045831
0.2725667 -0.6433312 2.081154
0.03323991 -0.9723353 2.011185
0.2676126 -0.9928742 2.147399
0.01104445 -1.004008 1.869507
0.2787743 -1.07303 2.080896
9
0.1808724 -0.2522962 2.11766
0.09463984 -0.2459933 2.092785
0.260927 -0.2496846 2.067564
0.05565374 -0.6325053 2.051168
0.2773894 -0.6361161 2.087918
0.03197902 -0.9716464 2.014091
0.2682978 -0.9914854 2.152087
0.0096594 -1.003456 1.872478
0.2815839 -1.07192 2.087343
9
0.1808724 -0.2522962 2.11766
0.09463984 -0.2459933 2.092785
0.260927 -0.2496846 2.067564
0.05565374 -0.6325053 2.051168
0.2773894 -0.6361161 2.087918
0.03197902 -0.9716464 2.014091
0.2682978 -0.9914854 2.152087
0.0096594 -1.003456 1.872478
0.2815839 -1.07192 2.087343
9
0.1867818 -0.2518722 2.126553
0.101052 -0.2454768 2.103008
0.2659988 -0.2493791 2.074989
0.05918838 -0.633166 2.059376
0.2813844 -0.6315657 2.094469
0.03260339 -0.9713799 2.02314
0.2712136 -0.9814972 2.156029
0.0106273 -1.003454 1.881517
0.3204579 -1.0535 2.122897
9
0.1867818 -0.2518722 2.126553
0.101052 -0.2454768 2.103008
0.2659988 -0.2493791 2.074989
0.05918838 -0.633166 2.059376
0.2813844 -0.6315657 2.094469
0.03260339 -0.9713799 2.02314
0.2712136 -0.9814972 2.156029
0.0106273 -1.003454 1.881517
0.3204579 -1.0535 2.122897
9
0.1910352 -0.2516803 2.134579
0.1052157 -0.2450659 2.11044
0.2701553 -0.2494529 2.083535
0.06088004 -0.6342876 2.066873
0.2856104 -0.6260168 2.100948
0.03123743 -0.96997 2.034767
0.2712779 -0.9800661 2.15727
0.009443207 -1.00228 1.89313
0.3201334 -1.052315 2.121996
9
0.1910352 -0.2516803 2.134579
0.1052157 -0.2450659 2.11044
0.2701553 -0.2494529 2.083535
0.06088004 -0.6342876 2.066873
0.2856104 -0.6260168 2.100948
0.03123743 -0.96997 2.034767
0.2712779 -0.9800661 2.15727
0.009443207 -1.00228 1.89313
0.3201334 -1.052315 2.121996
9
0.1910352 -0.2516803 2.134579
0.1052157 -0.2450659 2.11044
0.2701553 -0.2494529 2.083535
0.06088004 -0.6342876 2.066873
0.2856104 -0.6260168 2.100948
0.03123743 -0.96997 2.034767
0.2712779 -0.9800661 2.15727
0.009443207 -1.00228 1.89313
0.3201334 -1.052315 2.121996
9
0.1968135 -0.2513715 2.148561
0.1109436 -0.2439823 2.12332
0.2758102 -0.250031 2.098671
0.06056577 -0.6373052 2.0841
0.2895567 -0.6240392 2.113254
0.02454971 -0.9746684 2.084321
0.2716925 -0.9775642 2.162257
-0.0008746516 -1.038269 1.991143
0.3187524 -1.050344 2.118352
9
0.1968135 -0.2513715 2.148561
0.1109436 -0.2439823 2.12332
0.2758102 -0.250031 2.098671
0.06056577 -0.6373052 2.0841
0.2895567 -0.6240392 2.113254
0.02454971 -0.9746684 2.084321
0.2716925 -0.9775642 2.162257
-0.0008746516 -1.038269 1.991143
0.3187524 -1.050344 2.118352
9
0.1968135 -0.2513715 2.148561
0.1109436 -0.2439823 2.12332
0.2758102 -0.250031 2.098671
0.06056577 -0.6373052 2.0841
0.2895567 -0.6240392 2.113254
0.02454971 -0.9746684 2.084321
0.2716925 -0.9775642 2.162257
-0.0008746516 -1.038269 1.991143
0.3187524 -1.050344 2.118352
9
0.1968135 -0.2513715 2.148561
0.1109436 -0.2439823 2.12332
0.2758102 -0.250031 2.098671
0.06056577 -0.6373052 2.0841
0.2895567 -0.6240392 2.113254
0.02454971 -0.9746684 2.084321
0.2716925 -0.9775642 2.162257
-0.0008746516 -1.038269 1.991143
0.3187524 -1.050344 2.118352
9
0.198722 -0.2507637 2.156312
0.1128989 -0.2426427 2.130362
0.2776271 -0.2502408 2.107174
0.05868624 -0.6363395 2.103996
0.290997 -0.6220195 2.121299
0.01993706 -0.9793033 2.135219
0.2723599 -0.9765381 2.166272
-0.01739024 -1.044913 2.051258
0.3195541 -1.048567 2.117533
9
0.198722 -0.2507637 2.156312
0.1128989 -0.2426427 2.130362
0.2776271 -0.2502408 2.107174
0.05868624 -0.6363395 2.103996
0.290997 -0.6220195 2.121299
0.01993706 -0.9793033 2.135219
0.2723599 -0.9765381 2.166272
-0.01739024 -1.044913 2.051258
0.3195541 -1.048567 2.117533
9
0.198722 -0.2507637 2.156312
0.1128989 -0.2426427 2.130362
0.2776271 -0.2502408 2.107174
0.05868624 -0.6363395 2.103996
0.290997 -0.6220195 2.121299
0.01993706 -0.9793033 2.135219
0.2723599 -0.9765381 2.166272
-0.01739024 -1.044913 2.051258
0.3195541 -1.048567 2.117533
9
0.1999442 -0.2505705 2.166511
0.1143147 -0.2417209 2.140256
0.2786376 -0.2507947 2.11761
0.05734416 -0.6260557 2.123279
0.2914268 -0.6196094 2.129181
0.01631769 -0.9765341 2.163192
0.2726281 -0.9747384 2.17041
-0.00231654 -1.00941 2.020647
0.2835618 -1.056048 2.106035
9
0.1999442 -0.2505705 2.166511
0.1143147 -0.2417209 2.140256
0.2786376 -0.2507947 2.11761
0.05734416 -0.6260557 2.123279
0.2914268 -0.6196094 2.129181
0.01631769 -0.9765341 2.163192
0.2726281 -0.9747384 2.17041
-0.00231654 -1.00941 2.020647
0.2835618 -1.056048 2.106035
9
0.1999442 -0.2505705 2.166511
0.1143147 -0.2417209 2.140256
0.2786376 -0.2507947 2.11761
0.05734416 -0.6260557 2.123279
0.2914268 -0.6196094 2.129181
0.01631769 -0.9765341 2.163192
0.2726281 -0.9747384 2.17041
-0.00231654 -1.00941 2.020647
0.2835618 -1.056048 2.106035
9
0.2001391 -0.2507904 2.171886
0.1149069 -0.241623 2.145542
0.2784415 -0.2513274 2.123068
0.0563214 -0.6247718 2.132836
0.2912784 -0.6187566 2.131972
0.01474217 -0.9768063 2.182172
0.272801 -0.9757732 2.17422
-0.02043673 -1.054349 2.122712
0.3127682 -1.048682 2.112778
9
0.2001391 -0.2507904 2.171886
0.1149069 -0.241623 2.145542
0.2784415 -0.2513274 2.123068
0.0563214 -0.6247718 2.132836
0.2912784 -0.6187566 2.131972
0.01474217 -0.9768063 2.182172
0.272801 -0.9757732 2.17422
-0.02043673 -1.054349 2.122712
0.3127682 -1.048682 2.112778
9
0.2001391 -0.2507904 2.171886
0.1149069 -0.241623 2.145542
0.2784415 -0.2513274 2.123068
0.0563214 -0.6247718 2.132836
0.2912784 -0.6187566 2.131972
0.01474217 -0.9768063 2.182172
0.272801 -0.9757732 2.17422
-0.02043673 -1.054349 2.122712
0.3127682 -1.048682 2.112778
9
0.2001391 -0.2507904 2.171886
0.1149069 -0.241623 2.145542
0.2784415 -0.2513274 2.123068
0.0563214 -0.6247718 2.132836
0.2912784 -0.6187566 2.131972
0.01474217 -0.9768063 2.182172
0.272801 -0.9757732 2.17422
-0.02043673 -1.054349 2.122712
0.3127682 -1.048682 2.112778
9
0.2001391 -0.2507904 2.171886
0.1149069 -0.241623 2.145542
0.2784415 -0.2513274 2.123068
0.0563214 -0.6247718 2.132836
0.2912784 -0.6187566 2.131972
0.01474217 -0.9768063 2.182172
0.272801 -0.9757732 2.17422
-0.02043673 -1.054349 2.122712
0.3127682 -1.048682 2.112778
9
0.2001391 -0.2507904 2.171886
0.1149069 -0.241623 2.145542
0.2784415 -0.2513274 2.123068
0.0563214 -0.6247718 2.132836
0.2912784 -0.6187566 2.131972
0.01474217 -0.9768063 2.182172
0.272801 -0.9757732 2.17422
-0.02043673 -1.054349 2.122712
0.3127682 -1.048682 2.112778
9
0.2001391 -0.2507904 2.171886
0.1149069 -0.241623 2.145542
0.2784415 -0.2513274 2.123068
0.0563214 -0.6247718 2.132836
0.2912784 -0.6187566 2.131972
0.01474217 -0.9768063 2.182172
0.272801 -0.9757732 2.17422
-0.02043673 -1.054349 2.122712
0.3127682 -1.048682 2.112778
9
0.1923915 -0.2506203 2.186573
0.1077899 -0.2416849 2.158355
0.2703812 -0.2509289 2.139662
0.04270776 -0.615441 2.182245
0.2893161 -0.615457 2.137252
0.02077387 -0.9780606 2.264461
0.2743469 -0.9727209 2.175829
-0.04074121 -1.042958 2.21075
0.3145235 -1.045867 2.115355
9
0.1923915 -0.2506203 2.186573
0.1077899 -0.2416849 2.158355
0.2703812 -0.2509289 2.139662
0.04270776 -0.615441 2.182245
0.2893161 -0.615457 2.137252
0.02077387 -0.9780606 2.264461
0.2743469 -0.9727209 2.175829
-0.04074121 -1.042958 2.21075
0.3145235 -1.045867 2.115355
9
0.1886533 -0.251114 2.193135
0.1037974 -0.242407 2.165674
0.2670497 -0.2512212 2.145416
0.0418673 -0.6156682 2.185115
0.2881077 -0.6143559 2.142148
0.01941555 -0.9786879 2.267517
0.2748066 -0.9722223 2.179817
-0.04214352 -1.042852 2.2112
0.3181532 -1.044105 2.120583
9
0.1886533 -0.251114 2.193135
0.1037974 -0.242407 2.165674
0.2670497 -0.2512212 2.145416
0.0418673 -0.6156682 2.185115
0.2881077 -0.6143559 2.142148
0.01941555 -0.9786879 2.267517
0.2748066 -0.9722223 2.179817
-0.04214352 -1.042852 2.2112
0.3181532 -1.044105 2.120583
9
0.1838198 -0.2517534 2.199142
0.09930564 -0.2431001 2.171684
0.2620651 -0.2517973 2.151354
0.04006873 -0.6174933 2.192453
0.28679 -0.6133044 2.145533
0.01478317 -0.9787918 2.275393
0.2755656 -0.9709119 2.180588
-0.04747212 -1.04424 2.22702
0.3379838 -1.032533 2.134414
