40
9
-0.03834172 -0.02701046 2.071071
-0.1168567 -0.03276192 2.039937
0.04186437 -0.0204644 2.025625
-0.1117155 -0.4107767 2.031651
0.08938946 -0.4110544 2.054988
-0.07470755 -0.7511802 2.043641
0.09402548 -0.7684186 2.184168
-0.08877498 -0.8121282 1.977765
0.1288376 -0.8252536 2.126107
9
-0.03934715 -0.02765543 2.074857
-0.1178554 -0.03251187 2.041414
0.04110168 -0.02262999 2.03271
-0.1120544 -0.4110598 2.031728
0.08581421 -0.4119907 2.064838
-0.07615253 -0.7489188 2.043533
0.08863002 -0.7716759 2.19627
-0.088486 -0.8105035 1.978305
0.1264609 -0.8242912 2.131493
9
-0.03934715 -0.02765543 2.074857
-0.1178554 -0.03251187 2.041414
0.04110168 -0.02262999 2.03271
-0.1120544 -0.4110598 2.031728
0.08581421 -0.4119907 2.064838
-0.07615253 -0.7489188 2.043533
0.08863002 -0.7716759 2.19627
-0.088486 -0.8105035 1.978305
0.1264609 -0.8242912 2.131493
9
-0.03888992 -0.02781682 2.079306
-0.117924 -0.03210678 2.043494
0.04214564 -0.02342484 2.039268
-0.11221 -0.4117312 2.032199
0.08290984 -0.4148614 2.076403
-0.07713167 -0.7472267 2.043849
0.08594968 -0.7727436 2.205399
-0.08798353 -0.8093389 1.979235
0.124351 -0.8265659 2.144169
9
-0.03888992 -0.02781682 2.079306
-0.117924 -0.03210678 2.043494
0.04214564 -0.02342484 2.039268
-0.11221 -0.4117312 2.032199
0.08290984 -0.4148614 2.076403
-0.07713167 -0.7472267 2.043849
0.08594968 -0.7727436 2.205399
-0.08798353 -0.8093389 1.979235
0.124351 -0.8265659 2.144169
9
-0.03755612 -0.02812623 2.085014
-0.1170633 -0.03151938 2.047668
0.04366929 -0.02447313 2.045753
-0.1124174 -0.4118942 2.032376
0.08018234 -0.4185763 2.088253
-0.07738602 -0.7465002 2.043766
0.08396674 -0.7731088 2.214869
-0.08760507 -0.8088546 1.97949
0.1225925 -0.8243673 2.147959
9
-0.03755612 -0.02812623 2.085014
-0.1170633 -0.03151938 2.047668
0.04366929 -0.02447313 2.045753
-0.1124174 -0.4118942 2.032376
0.08018234 -0.4185763 2.088253
-0.07738602 -0.7465002 2.043766
0.08396674 -0.7731088 2.214869
-0.08760507 -0.8088546 1.97949
0.1225925 -0.8243673 2.147959
9
-0.03580687 -0.0284013 2.090255
-0.1159346 -0.03092217 2.050895
0.0459177 -0.02570384 2.053081
-0.1127215 -0.4124079 2.032729
0.07919298 -0.419612 2.094556
-0.07825043 -0.7457104 2.043975
0.08313882 -0.7714688 2.222973
-0.08746662 -0.8081653 1.979543
0.1202999 -0.8239198 2.156501
9
-0.03301385 -0.02873416 2.097062
-0.1136564 -0.03021536 2.056069
0.04895935 -0.02693645 2.061219
-0.112819 -0.4130598 2.033348
0.07888933 -0.4213446 2.103542
-0.07953881 -0.7442735 2.044203
0.08392179 -0.7708564 2.227999
-0.08764211 -0.8093617 1.979785
0.1192168 -0.8237487 2.160149
9
-0.03301385 -0.02873416 2.097062
-0.1136564 -0.03021536 2.056069
0.04895935 -0.02693645 2.061219
-0.112819 -0.4130598 2.033348
0.07888933 -0.4213446 2.103542
-0.07953881 -0.7442735 2.044203
0.08392179 -0.7708564 2.227999
-0.08764211 -0.8093617 1.979785
0.1192168 -0.8237487 2.160149
9
-0.02960304 -0.02895467 2.10322
-0.110533 -0.02943753 2.060846
0.05244273 -0.02805039 2.068711
-0.1122512 -0.4144306 2.035314
0.07901596 -0.4251902 2.113667
-0.07980464 -0.7441202 2.044276
0.08495818 -0.7704913 2.229784
-0.08695821 -0.8083023 1.980577
0.1204679 -0.8251373 2.166006
9
-0.02960304 -0.02895467 2.10322
-0.110533 -0.02943753 2.060846
0.05244273 -0.02805039 2.068711
-0.1122512 -0.4144306 2.035314
0.07901596 -0.4251902 2.113667
-0.07980464 -0.7441202 2.044276
0.08495818 -0.7704913 2.229784
-0.08695821 -0.8083023 1.980577
0.1204679 -0.8251373 2.166006
9
-0.02960304 -0.02895467 2.10322
-0.110533 -0.02943753 2.060846
0.05244273 -0.02805039 2.068711
-0.1122512 -0.4144306 2.035314
0.07901596 -0.4251902 2.113667
-0.07980464 -0.7441202 2.044276
0.08495818 -0.7704913 2.229784
-0.08695821 -0.8083023 1.980577
0.1204679 -0.8251373 2.166006
9
-0.02960304 -0.02895467 2.10322
-0.110533 -0.02943753 2.060846
0.05244273 -0.02805039 2.068711
-0.1122512 -0.4144306 2.035314
0.07901596 -0.4251902 2.113667
-0.07980464 -0.7441202 2.044276
0.08495818 -0.7704913 2.229784
-0.08695821 -0.8083023 1.980577
0.1204679 -0.8251373 2.166006
9
-0.01983269 -0.02963828 2.117738
-0.101089 -0.02955333 2.072313
0.06199762 -0.02896093 2.086273
-0.1092384 -0.4093727 2.040827
0.08307363 -0.4268421 2.12713
-0.08017731 -0.7440251 2.044824
0.08958359 -0.7695526 2.235435
-0.06964615 -0.7671315 1.92112
0.1229908 -0.8277337 2.178366
9
-0.01983269 -0.02963828 2.117738
-0.101089 -0.02955333 2.072313
0.06199762 -0.02896093 2.086273
-0.1092384 -0.4093727 2.040827
0.08307363 -0.4268421 2.12713
-0.08017731 -0.7440251 2.044824
0.08958359 -0.7695526 2.235435
-0.06964615 -0.7671315 1.92112
0.1229908 -0.8277337 2.178366
9
-0.01983269 -0.02963828 2.117738
-0.101089 -0.02955333 2.072313
0.06199762 -0.02896093 2.086273
-0.1092384 -0.4093727 2.040827
0.08307363 -0.4268421 2.12713
-0.08017731 -0.7440251 2.044824
0.08958359 -0.7695526 2.235435
-0.06964615 -0.7671315 1.92112
0.1229908 -0.8277337 2.178366
9
-0.01983269 -0.02963828 2.117738
-0.101089 -0.02955333 2.072313
0.06199762 -0.02896093 2.086273
-0.1092384 -0.4093727 2.040827
0.08307363 -0.4268421 2.12713
-0.08017731 -0.7440251 2.044824
0.08958359 -0.7695526 2.235435
-0.06964615 -0.7671315 1.92112
0.1229908 -0.8277337 2.178366
9
-0.01983269 -0.02963828 2.117738
-0.101089 -0.02955333 2.072313
0.06199762 -0.02896093 2.086273
-0.1092384 -0.4093727 2.040827
0.08307363 -0.4268421 2.12713
-0.08017731 -0.7440251 2.044824
0.08958359 -0.7695526 2.235435
-0.06964615 -0.7671315 1.92112
0.1229908 -0.8277337 2.178366
9
-0.005601528 -0.02976852 2.137891
-0.08640347 -0.02973352 2.091241
0.07523923 -0.02882114 2.107274
-0.1059644 -0.4059151 2.048474
0.08686234 -0.4282472 2.140715
-0.08026158 -0.7440165 2.044837
0.09806296 -0.7694978 2.247945
-0.06698894 -0.7672014 1.921491
0.1229827 -0.826975 2.179462
9
-0.005601528 -0.02976852 2.137891
-0.08640347 -0.02973352 2.091241
0.07523923 -0.02882114 2.107274
-0.1059644 -0.4059151 2.048474
0.08686234 -0.4282472 2.140715
-0.08026158 -0.7440165 2.044837
0.09806296 -0.7694978 2.247945
-0.06698894 -0.7672014 1.921491
0.1229827 -0.826975 2.179462
9
-0.005601528 -0.02976852 2.137891
-0.08640347 -0.02973352 2.091241
0.07523923 -0.02882114 2.107274
-0.1059644 -0.4059151 2.048474
0.08686234 -0.4282472 2.140715
-0.08026158 -0.7440165 2.044837
0.09806296 -0.7694978 2.247945
-0.06698894 -0.7672014 1.921491
0.1229827 -0.826975 2.179462
9
-0.005601528 -0.02976852 2.137891
-0.08640347 -0.02973352 2.091241
0.07523923 -0.02882114 2.107274
-0.1059644 -0.4059151 2.048474
0.08686234 -0.4282472 2.140715
-0.08026158 -0.7440165 2.044837
0.09806296 -0.7694978 2.247945
-0.06698894 -0.7672014 1.921491
0.1229827 -0.826975 2.179462
9
0.006549594 -0.03145413 2.157499
-0.07401053 -0.03142308 2.111867
0.08682248 -0.03039173 2.125893
-0.09727587 -0.4039884 2.06058
0.09347966 -0.4301638 2.161558
-0.08011124 -0.7444398 2.045057
0.09991295 -0.7693042 2.253455
-0.06644809 -0.7676508 1.92178
0.1238083 -0.8266618 2.183877
9
0.01226256 -0.03256286 2.166873
-0.06839909 -0.03254297 2.121784
0.09243732 -0.03143876 2.134707
-0.09325143 -0.4050859 2.066689
0.09606098 -0.4308819 2.170262
-0.08023264 -0.7450471 2.045284
0.1004091 -0.7698854 2.25584
-0.06626199 -0.7683364 1.922088
0.1239258 -0.826809 2.185111
9
0.01226256 -0.03256286 2.166873
-0.06839909 -0.03254297 2.121784
0.09243732 -0.03143876 2.134707
-0.09325143 -0.4050859 2.066689
0.09606098 -0.4308819 2.170262
-0.08023264 -0.7450471 2.045284
0.1004091 -0.7698854 2.25584
-0.06626199 -0.7683364 1.922088
0.1239258 -0.826809 2.185111
9
0.02076942 -0.03317945 2.178991
-0.06026516 -0.03297903 2.133261
0.1010278 -0.0322183 2.147461
-0.08601458 -0.4051949 2.074913
0.1033074 -0.4322457 2.184672
-0.08046121 -0.7459528 2.045827
0.1012329 -0.7698894 2.258912
-0.06584598 -0.7692804 1.92275
0.1230714 -0.826071 2.185639
9
0.02076942 -0.03317945 2.178991
-0.06026516 -0.03297903 2.133261
0.1010278 -0.0322183 2.147461
-0.08601458 -0.4051949 2.074913
0.1033074 -0.4322457 2.184672
-0.08046121 -0.7459528 2.045827
0.1012329 -0.7698894 2.258912
-0.06584598 -0.7692804 1.92275
0.1230714 -0.826071 2.185639
9
0.02076942 -0.03317945 2.178991
-0.06026516 -0.03297903 2.133261
0.1010278 -0.0322183 2.147461
-0.08601458 -0.4051949 2.074913
0.1033074 -0.4322457 2.184672
-0.08046121 -0.7459528 2.045827
0.1012329 -0.7698894 2.258912
-0.06584598 -0.7692804 1.92275
0.1230714 -0.826071 2.185639
9
0.02881879 -0.03422116 2.191592
-0.05187703 -0.03359224 2.146881
0.1084827 -0.03362026 2.159078
-0.0838208 -0.4042532 2.077374
0.107691 -0.4309438 2.19146
-0.08057202 -0.7466046 2.046218
0.1021633 -0.7700692 2.260184
-0.06630301 -0.7700943 1.923162
0.1244264 -0.8254837 2.185812
9
0.03506732 -0.03477285 2.201709
-0.04607751 -0.03422283 2.156838
0.1149571 -0.03408733 2.169314
-0.07698765 -0.4067779 2.085033
0.1125175 -0.4317409 2.200373
-0.08058145 -0.7469356 2.046471
0.1026689 -0.7705448 2.262211
-0.06589554 -0.7702762 1.923418
0.1248864 -0.8252478 2.186595
9
0.03506732 -0.03477285 2.201709
-0.04607751 -0.03422283 2.156838
0.1149571 -0.03408733 2.169314
-0.07698765 -0.4067779 2.085033
0.1125175 -0.4317409 2.200373
-0.08058145 -0.7469356 2.046471
0.1026689 -0.7705448 2.262211
-0.06589554 -0.7702762 1.923418
0.1248864 -0.8252478 2.186595
9
0.0419137 -0.03436118 2.212604
-0.03951282 -0.03351899 2.167085
0.1218522 -0.03401244 2.180878
-0.07226236 -0.4085189 2.092024
0.1177021 -0.43158 2.211606
-0.08055723 -0.7475953 2.047464
0.1031244 -0.7709125 2.264182
-0.06583007 -0.7708998 1.924406
0.1246832 -0.8257475 2.188396
9
0.0419137 -0.03436118 2.212604
-0.03951282 -0.03351899 2.167085
0.1218522 -0.03401244 2.180878
-0.07226236 -0.4085189 2.092024
0.1177021 -0.43158 2.211606
-0.08055723 -0.7475953 2.047464
0.1031244 -0.7709125 2.264182
-0.06583007 -0.7708998 1.924406
0.1246832 -0.8257475 2.188396
9
0.0419137 -0.03436118 2.212604
-0.03951282 -0.03351899 2.167085
0.1218522 -0.03401244 2.180878
-0.07226236 -0.4085189 2.092024
0.1177021 -0.43158 2.211606
-0.08055723 -0.7475953 2.047464
0.1031244 -0.7709125 2.264182
-0.06583007 -0.7708998 1.924406
0.1246832 -0.8257475 2.188396
9
0.0419137 -0.03436118 2.212604
-0.03951282 -0.03351899 2.167085
0.1218522 -0.03401244 2.180878
-0.07226236 -0.4085189 2.092024
0.1177021 -0.43158 2.211606
-0.08055723 -0.7475953 2.047464
0.1031244 -0.7709125 2.264182
-0.06583007 -0.7708998 1.924406
0.1246832 -0.8257475 2.188396
9
0.0419137 -0.03436118 2.212604
-0.03951282 -0.03351899 2.167085
0.1218522 -0.03401244 2.180878
-0.07226236 -0.4085189 2.092024
0.1177021 -0.43158 2.211606
-0.08055723 -0.7475953 2.047464
0.1031244 -0.7709125 2.264182
-0.06583007 -0.7708998 1.924406
0.1246832 -0.8257475 2.188396
9
0.0419137 -0.03436118 2.212604
-0.03951282 -0.03351899 2.167085
0.1218522 -0.03401244 2.180878
-0.07226236 -0.4085189 2.092024
0.1177021 -0.43158 2.211606
-0.08055723 -0.7475953 2.047464
0.1031244 -0.7709125 2.264182
-0.06583007 -0.7708998 1.924406
0.1246832 -0.8257475 2.188396
9
0.05909529 -0.03756515 2.24691
-0.02123058 -0.03504104 2.204737
0.1374452 -0.03865587 2.212037
-0.06901797 -0.4105988 2.099138
0.1271462 -0.4310466 2.234882
-0.08252916 -0.7496841 2.052728
0.1048807 -0.7701676 2.266581
-0.06797481 -0.7730362 1.929662
0.1249108 -0.8253881 2.190556
9
0.05909529 -0.03756515 2.24691
-0.02123058 -0.03504104 2.204737
0.1374452 -0.03865587 2.212037
-0.06901797 -0.4105988 2.099138
0.1271462 -0.4310466 2.234882
-0.08252916 -0.7496841 2.052728
0.1048807 -0.7701676 2.266581
-0.06797481 -0.7730362 1.929662
0.1249108 -0.8253881 2.190556
