40
9
-0.0909233 -0.03250507 1.970029
-0.1709265 -0.04227252 1.94718
-0.007291552 -0.02127 1.914981
-0.1646547 -0.4161909 1.9636
0.06701443 -0.4249215 1.867936
-0.1471726 -0.7772638 1.972125
0.1299194 -0.753708 1.859721
-0.1866519 -0.8362069 1.881726
0.1494632 -0.8195214 1.76778
9
-0.0909233 -0.03250507 1.970029
-0.1709265 -0.04227252 1.94718
-0.007291552 -0.02127 1.914981
-0.1646547 -0.4161909 1.9636
0.06701443 -0.4249215 1.867936
-0.1471726 -0.7772638 1.972125
0.1299194 -0.753708 1.859721
-0.1866519 -0.8362069 1.881726
0.1494632 -0.8195214 1.76778
9
-0.0909233 -0.03250507 1.970029
-0.1709265 -0.04227252 1.94718
-0.007291552 -0.02127 1.914981
-0.1646547 -0.4161909 1.9636
0.06701443 -0.4249215 1.867936
-0.1471726 -0.7772638 1.972125
0.1299194 -0.753708 1.859721
-0.1866519 -0.8362069 1.881726
0.1494632 -0.8195214 1.76778
9
-0.06610357 -0.03181123 1.958345
-0.146853 -0.04201168 1.936507
0.01735743 -0.02027777 1.902303
-0.1535538 -0.4149168 1.954635
0.08343612 -0.4246932 1.867166
-0.1466665 -0.7762616 1.972362
0.1351895 -0.7532988 1.860525
-0.1856835 -0.836901 1.883873
0.1514605 -0.8199685 1.768637
9
-0.06610357 -0.03181123 1.958345
-0.146853 -0.04201168 1.936507
0.01735743 -0.02027777 1.902303
-0.1535538 -0.4149168 1.954635
0.08343612 -0.4246932 1.867166
-0.1466665 -0.7762616 1.972362
0.1351895 -0.7532988 1.860525
-0.1856835 -0.836901 1.883873
0.1514605 -0.8199685 1.768637
9
-0.06610357 -0.03181123 1.958345
-0.146853 -0.04201168 1.936507
0.01735743 -0.02027777 1.902303
-0.1535538 -0.4149168 1.954635
0.08343612 -0.4246932 1.867166
-0.1466665 -0.7762616 1.972362
0.1351895 -0.7532988 1.860525
-0.1856835 -0.836901 1.883873
0.1514605 -0.8199685 1.768637
9
-0.05894195 -0.03172326 1.955758
-0.1394028 -0.04166546 1.933309
0.02398171 -0.02045062 1.900289
-0.1474612 -0.4116083 1.950757
0.08877909 -0.4252096 1.866332
-0.1466326 -0.7753633 1.972147
0.1375557 -0.7539864 1.860672
-0.1854673 -0.8369668 1.884863
0.1518163 -0.8206343 1.76816
9
-0.05894195 -0.03172326 1.955758
-0.1394028 -0.04166546 1.933309
0.02398171 -0.02045062 1.900289
-0.1474612 -0.4116083 1.950757
0.08877909 -0.4252096 1.866332
-0.1466326 -0.7753633 1.972147
0.1375557 -0.7539864 1.860672
-0.1854673 -0.8369668 1.884863
0.1518163 -0.8206343 1.76816
9
-0.04873042 -0.03128001 1.95113
-0.12944 -0.0411639 1.928875
0.0339961 -0.02010854 1.895509
-0.140885 -0.4095967 1.946435
0.09357214 -0.4227959 1.865785
-0.1464763 -0.7759601 1.972434
0.1383481 -0.753611 1.86133
-0.1848087 -0.8375106 1.884689
0.1525378 -0.8213075 1.770286
9
-0.03846733 -0.03172234 1.946097
-0.1188816 -0.04118366 1.922493
0.04364484 -0.02093271 1.891692
-0.1346627 -0.4124912 1.943163
0.09908597 -0.4211041 1.865069
-0.1464584 -0.7758827 1.972404
0.13945 -0.7530692 1.862148
-0.1841377 -0.8378378 1.884734
0.1528537 -0.821135 1.771396
9
-0.03846733 -0.03172234 1.946097
-0.1188816 -0.04118366 1.922493
0.04364484 -0.02093271 1.891692
-0.1346627 -0.4124912 1.943163
0.09908597 -0.4211041 1.865069
-0.1464584 -0.7758827 1.972404
0.13945 -0.7530692 1.862148
-0.1841377 -0.8378378 1.884734
0.1528537 -0.821135 1.771396
9
-0.02741047 -0.03138329 1.941352
-0.1086445 -0.04055589 1.917212
0.05504094 -0.02092393 1.887564
-0.1276135 -0.4081519 1.937898
0.1078477 -0.4169245 1.865314
-0.1460514 -0.7756274 1.972
0.1412109 -0.7524257 1.863164
-0.1836577 -0.8388615 1.886162
0.1527827 -0.8210223 1.772679
9
-0.02741047 -0.03138329 1.941352
-0.1086445 -0.04055589 1.917212
0.05504094 -0.02092393 1.887564
-0.1276135 -0.4081519 1.937898
0.1078477 -0.4169245 1.865314
-0.1460514 -0.7756274 1.972
0.1412109 -0.7524257 1.863164
-0.1836577 -0.8388615 1.886162
0.1527827 -0.8210223 1.772679
9
-0.01684869 -0.0305613 1.936788
-0.09814484 -0.03945036 1.912478
0.06519666 -0.02041978 1.883205
-0.1204009 -0.4112314 1.934317
0.115807 -0.4162594 1.865812
-0.1449286 -0.7754694 1.971812
0.1436596 -0.75111 1.864115
-0.1831118 -0.8386017 1.886262
0.1524063 -0.8200695 1.773478
9
-0.01684869 -0.0305613 1.936788
-0.09814484 -0.03945036 1.912478
0.06519666 -0.02041978 1.883205
-0.1204009 -0.4112314 1.934317
0.115807 -0.4162594 1.865812
-0.1449286 -0.7754694 1.971812
0.1436596 -0.75111 1.864115
-0.1831118 -0.8386017 1.886262
0.1524063 -0.8200695 1.773478
9
-0.01684869 -0.0305613 1.936788
-0.09814484 -0.03945036 1.912478
0.06519666 -0.02041978 1.883205
-0.1204009 -0.4112314 1.934317
0.115807 -0.4162594 1.865812
-0.1449286 -0.7754694 1.971812
0.1436596 -0.75111 1.864115
-0.1831118 -0.8386017 1.886262
0.1524063 -0.8200695 1.773478
9
-0.01684869 -0.0305613 1.936788
-0.09814484 -0.03945036 1.912478
0.06519666 -0.02041978 1.883205
-0.1204009 -0.4112314 1.934317
0.115807 -0.4162594 1.865812
-0.1449286 -0.7754694 1.971812
0.1436596 -0.75111 1.864115
-0.1831118 -0.8386017 1.886262
0.1524063 -0.8200695 1.773478
9
-0.01684869 -0.0305613 1.936788
-0.09814484 -0.03945036 1.912478
0.06519666 -0.02041978 1.883205
-0.1204009 -0.4112314 1.934317
0.115807 -0.4162594 1.865812
-0.1449286 -0.7754694 1.971812
0.1436596 -0.75111 1.864115
-0.1831118 -0.8386017 1.886262
0.1524063 -0.8200695 1.773478
9
0.007410334 -0.03209267 1.927523
-0.07532233 -0.04060581 1.903511
0.08992464 -0.02228297 1.873653
-0.1088932 -0.4230518 1.928413
0.1292257 -0.4165038 1.866185
-0.1431897 -0.775197 1.970817
0.1461926 -0.7508351 1.865029
-0.1826999 -0.8380846 1.885969
0.1528061 -0.819616 1.773721
9
0.01598903 -0.0327681 1.924028
-0.06666343 -0.04095995 1.900135
0.09807953 -0.02324197 1.870046
-0.103638 -0.4238775 1.923522
0.138382 -0.4183128 1.865903
-0.1409181 -0.7758382 1.969926
0.1482423 -0.7507457 1.86587
-0.1827042 -0.8378741 1.885746
0.1528898 -0.8189511 1.773428
9
0.01598903 -0.0327681 1.924028
-0.06666343 -0.04095995 1.900135
0.09807953 -0.02324197 1.870046
-0.103638 -0.4238775 1.923522
0.138382 -0.4183128 1.865903
-0.1409181 -0.7758382 1.969926
0.1482423 -0.7507457 1.86587
-0.1827042 -0.8378741 1.885746
0.1528898 -0.8189511 1.773428
9
0.01598903 -0.0327681 1.924028
-0.06666343 -0.04095995 1.900135
0.09807953 -0.02324197 1.870046
-0.103638 -0.4238775 1.923522
0.138382 -0.4183128 1.865903
-0.1409181 -0.7758382 1.969926
0.1482423 -0.7507457 1.86587
-0.1827042 -0.8378741 1.885746
0.1528898 -0.8189511 1.773428
9
0.02537032 -0.03315378 1.92052
-0.05782493 -0.0410772 1.897101
0.1076278 -0.02389229 1.866049
-0.09792695 -0.4318725 1.921651
0.145115 -0.4147107 1.865777
-0.1397129 -0.7758809 1.969252
0.1509169 -0.7516168 1.870939
-0.1825525 -0.8374878 1.885365
0.1530153 -0.8170532 1.774433
9
0.02537032 -0.03315378 1.92052
-0.05782493 -0.0410772 1.897101
0.1076278 -0.02389229 1.866049
-0.09792695 -0.4318725 1.921651
0.145115 -0.4147107 1.865777
-0.1397129 -0.7758809 1.969252
0.1509169 -0.7516168 1.870939
-0.1825525 -0.8374878 1.885365
0.1530153 -0.8170532 1.774433
9
0.03775924 -0.03333096 1.915085
-0.04621221 -0.04070646 1.891747
0.1202906 -0.0246206 1.86055
-0.09330874 -0.4330569 1.917783
0.150943 -0.413514 1.864348
-0.1379295 -0.7752939 1.967898
0.1524725 -0.751396 1.87023
-0.1824682 -0.8370529 1.885863
0.1538613 -0.8168783 1.773735
9
0.03775924 -0.03333096 1.915085
-0.04621221 -0.04070646 1.891747
0.1202906 -0.0246206 1.86055
-0.09330874 -0.4330569 1.917783
0.150943 -0.413514 1.864348
-0.1379295 -0.7752939 1.967898
0.1524725 -0.751396 1.87023
-0.1824682 -0.8370529 1.885863
0.1538613 -0.8168783 1.773735
9
0.03775924 -0.03333096 1.915085
-0.04621221 -0.04070646 1.891747
0.1202906 -0.0246206 1.86055
-0.09330874 -0.4330569 1.917783
0.150943 -0.413514 1.864348
-0.1379295 -0.7752939 1.967898
0.1524725 -0.751396 1.87023
-0.1824682 -0.8370529 1.885863
0.1538613 -0.8168783 1.773735
9
0.03775924 -0.03333096 1.915085
-0.04621221 -0.04070646 1.891747
0.1202906 -0.0246206 1.86055
-0.09330874 -0.4330569 1.917783
0.150943 -0.413514 1.864348
-0.1379295 -0.7752939 1.967898
0.1524725 -0.751396 1.87023
-0.1824682 -0.8370529 1.885863
0.1538613 -0.8168783 1.773735
9
0.03775924 -0.03333096 1.915085
-0.04621221 -0.04070646 1.891747
0.1202906 -0.0246206 1.86055
-0.09330874 -0.4330569 1.917783
0.150943 -0.413514 1.864348
-0.1379295 -0.7752939 1.967898
0.1524725 -0.751396 1.87023
-0.1824682 -0.8370529 1.885863
0.1538613 -0.8168783 1.773735
9
0.06496435 -0.03417121 1.9044
-0.01936936 -0.04011684 1.881054
0.1467524 -0.02682283 1.849896
-0.0721459 -0.4209136 1.893243
0.1700052 -0.4051297 1.860097
-0.1333092 -0.7747144 1.963284
0.1539802 -0.7508616 1.869843
-0.1824859 -0.8353084 1.884317
0.1546603 -0.8167124 1.773775
9
0.06496435 -0.03417121 1.9044
-0.01936936 -0.04011684 1.881054
0.1467524 -0.02682283 1.849896
-0.0721459 -0.4209136 1.893243
0.1700052 -0.4051297 1.860097
-0.1333092 -0.7747144 1.963284
0.1539802 -0.7508616 1.869843
-0.1824859 -0.8353084 1.884317
0.1546603 -0.8167124 1.773775
9
0.06496435 -0.03417121 1.9044
-0.01936936 -0.04011684 1.881054
0.1467524 -0.02682283 1.849896
-0.0721459 -0.4209136 1.893243
0.1700052 -0.4051297 1.860097
-0.1333092 -0.7747144 1.963284
0.1539802 -0.7508616 1.869843
-0.1824859 -0.8353084 1.884317
0.1546603 -0.8167124 1.773775
9
0.06496435 -0.03417121 1.9044
-0.01936936 -0.04011684 1.881054
0.1467524 -0.02682283 1.849896
-0.0721459 -0.4209136 1.893243
0.1700052 -0.4051297 1.860097
-0.1333092 -0.7747144 1.963284
0.1539802 -0.7508616 1.869843
-0.1824859 -0.8353084 1.884317
0.1546603 -0.8167124 1.773775
9
0.07669868 -0.03430583 1.899724
-0.008311023 -0.03954973 1.875792
0.1587082 -0.02766144 1.845816
-0.06773756 -0.4228283 1.88575
0.1780925 -0.4022687 1.857895
-0.1287164 -0.7743464 1.958058
0.1544329 -0.7504166 1.869976
-0.1810815 -0.8336218 1.880727
0.1559431 -0.8164918 1.774246
9
0.07669868 -0.03430583 1.899724
-0.008311023 -0.03954973 1.875792
0.1587082 -0.02766144 1.845816
-0.06773756 -0.4228283 1.88575
0.1780925 -0.4022687 1.857895
-0.1287164 -0.7743464 1.958058
0.1544329 -0.7504166 1.869976
-0.1810815 -0.8336218 1.880727
0.1559431 -0.8164918 1.774246
9
0.07669868 -0.03430583 1.899724
-0.008311023 -0.03954973 1.875792
0.1587082 -0.02766144 1.845816
-0.06773756 -0.4228283 1.88575
0.1780925 -0.4022687 1.857895
-0.1287164 -0.7743464 1.958058
0.1544329 -0.7504166 1.869976
-0.1810815 -0.8336218 1.880727
0.1559431 -0.8164918 1.774246
9
0.07669868 -0.03430583 1.899724
-0.008311023 -0.03954973 1.875792
0.1587082 -0.02766144 1.845816
-0.06773756 -0.4228283 1.88575
0.1780925 -0.4022687 1.857895
-0.1287164 -0.7743464 1.958058
0.1544329 -0.7504166 1.869976
-0.1810815 -0.8336218 1.880727
0.1559431 -0.8164918 1.774246
9
0.09061845 -0.0345031 1.895035
0.005019493 -0.03878645 1.870788
0.1726211 -0.02881458 1.841476
-0.05514169 -0.4200363 1.864906
0.1835774 -0.40325 1.857501
-0.1149507 -0.7734408 1.947781
0.154883 -0.7506664 1.870078
-0.1755872 -0.8284002 1.874672
0.1569255 -0.8168156 1.774494
9
0.09061845 -0.0345031 1.895035
0.005019493 -0.03878645 1.870788
0.1726211 -0.02881458 1.841476
-0.05514169 -0.4200363 1.864906
0.1835774 -0.40325 1.857501
-0.1149507 -0.7734408 1.947781
0.154883 -0.7506664 1.870078
-0.1755872 -0.8284002 1.874672
0.1569255 -0.8168156 1.774494
9
0.09766433 -0.03493035 1.892542
0.01183321 -0.03864959 1.868009
0.1796022 -0.02978288 1.839279
-0.05038153 -0.4196467 1.856767
0.1872873 -0.4038609 1.857015
-0.1083858 -0.773812 1.941833
0.1552982 -0.750836 1.869879
-0.171282 -0.8265553 1.866249
0.1576175 -0.8172208 1.77464
