40
9
0.2098103 -0.2483381 2.041723
0.1221797 -0.2489406 2.017624
0.2897639 -0.2386041 1.990587
0.1311468 -0.6197872 2.035778
0.340652 -0.6284472 1.963953
0.1638806 -0.9809061 2.04454
0.3773588 -0.9937882 2.038424
0.1429234 -1.011939 1.902461
0.376583 -1.068692 1.959936
9
0.2121376 -0.2483811 2.053686
0.1246212 -0.2481214 2.029423
0.2919168 -0.2395569 2.002694
0.1315133 -0.6189974 2.040581
0.3424296 -0.6354272 2.002472
0.1628805 -0.9813279 2.045676
0.3784949 -0.9965875 2.113222
0.1412942 -1.01232 1.903686
0.3873037 -1.065091 2.024567
9
0.2121376 -0.2483811 2.053686
0.1246212 -0.2481214 2.029423
0.2919168 -0.2395569 2.002694
0.1315133 -0.6189974 2.040581
0.3424296 -0.6354272 2.002472
0.1628805 -0.9813279 2.045676
0.3784949 -0.9965875 2.113222
0.1412942 -1.01232 1.903686
0.3873037 -1.065091 2.024567
9
0.2140771 -0.2483037 2.06073
0.1264085 -0.2478402 2.036131
0.2939542 -0.2397187 2.010044
0.1324819 -0.6206257 2.04627
0.342299 -0.6371587 2.01039
0.1611772 -0.9800225 2.046849
0.375639 -0.9922017 2.118506
0.1398951 -1.010878 1.904729
0.3511013 -1.023502 1.976592
9
0.2140771 -0.2483037 2.06073
0.1264085 -0.2478402 2.036131
0.2939542 -0.2397187 2.010044
0.1324819 -0.6206257 2.04627
0.342299 -0.6371587 2.01039
0.1611772 -0.9800225 2.046849
0.375639 -0.9922017 2.118506
0.1398951 -1.010878 1.904729
0.3511013 -1.023502 1.976592
9
0.2173579 -0.247852 2.069523
0.1299505 -0.2471658 2.045644
0.2968938 -0.2395162 2.018131
0.1337107 -0.6217299 2.05083
0.3437075 -0.6408045 2.025859
0.1604953 -0.9788788 2.047572
0.3683479 -0.9908089 2.147947
0.1386831 -1.009727 1.905528
0.4305978 -1.051325 2.114631
9
0.2173579 -0.247852 2.069523
0.1299505 -0.2471658 2.045644
0.2968938 -0.2395162 2.018131
0.1337107 -0.6217299 2.05083
0.3437075 -0.6408045 2.025859
0.1604953 -0.9788788 2.047572
0.3683479 -0.9908089 2.147947
0.1386831 -1.009727 1.905528
0.4305978 -1.051325 2.114631
9
0.2173579 -0.247852 2.069523
0.1299505 -0.2471658 2.045644
0.2968938 -0.2395162 2.018131
0.1337107 -0.6217299 2.05083
0.3437075 -0.6408045 2.025859
0.1604953 -0.9788788 2.047572
0.3683479 -0.9908089 2.147947
0.1386831 -1.009727 1.905528
0.4305978 -1.051325 2.114631
9
0.220719 -0.2490923 2.0763
0.1332067 -0.2476396 2.05207
0.3002746 -0.2415661 2.02531
0.1351207 -0.6226566 2.054086
0.3450137 -0.6445221 2.038545
0.1591389 -0.9762459 2.049532
0.3681611 -0.9908104 2.159534
0.1357279 -1.007238 1.907809
0.3416617 -1.022429 2.017901
9
0.220719 -0.2490923 2.0763
0.1332067 -0.2476396 2.05207
0.3002746 -0.2415661 2.02531
0.1351207 -0.6226566 2.054086
0.3450137 -0.6445221 2.038545
0.1591389 -0.9762459 2.049532
0.3681611 -0.9908104 2.159534
0.1357279 -1.007238 1.907809
0.3416617 -1.022429 2.017901
9
0.220719 -0.2490923 2.0763
0.1332067 -0.2476396 2.05207
0.3002746 -0.2415661 2.02531
0.1351207 -0.6226566 2.054086
0.3450137 -0.6445221 2.038545
0.1591389 -0.9762459 2.049532
0.3681611 -0.9908104 2.159534
0.1357279 -1.007238 1.907809
0.3416617 -1.022429 2.017901
9
0.220719 -0.2490923 2.0763
0.1332067 -0.2476396 2.05207
0.3002746 -0.2415661 2.02531
0.1351207 -0.6226566 2.054086
0.3450137 -0.6445221 2.038545
0.1591389 -0.9762459 2.049532
0.3681611 -0.9908104 2.159534
0.1357279 -1.007238 1.907809
0.3416617 -1.022429 2.017901
9
0.220719 -0.2490923 2.0763
0.1332067 -0.2476396 2.05207
0.3002746 -0.2415661 2.02531
0.1351207 -0.6226566 2.054086
0.3450137 -0.6445221 2.038545
0.1591389 -0.9762459 2.049532
0.3681611 -0.9908104 2.159534
0.1357279 -1.007238 1.907809
0.3416617 -1.022429 2.017901
9
0.220719 -0.2490923 2.0763
0.1332067 -0.2476396 2.05207
0.3002746 -0.2415661 2.02531
0.1351207 -0.6226566 2.054086
0.3450137 -0.6445221 2.038545
0.1591389 -0.9762459 2.049532
0.3681611 -0.9908104 2.159534
0.1357279 -1.007238 1.907809
0.3416617 -1.022429 2.017901
9
0.220719 -0.2490923 2.0763
0.1332067 -0.2476396 2.05207
0.3002746 -0.2415661 2.02531
0.1351207 -0.6226566 2.054086
0.3450137 -0.6445221 2.038545
0.1591389 -0.9762459 2.049532
0.3681611 -0.9908104 2.159534
0.1357279 -1.007238 1.907809
0.3416617 -1.022429 2.017901
9
0.2529562 -0.2548214 2.120099
0.1659618 -0.2503239 2.09478
0.3309899 -0.2502835 2.070244
0.1482546 -0.6252156 2.071493
0.3630287 -0.6566474 2.101272
0.158349 -0.9781368 2.052573
0.3715739 -0.998915 2.181616
0.1390694 -1.009475 1.910296
0.4208464 -1.069204 2.154179
9
0.2529562 -0.2548214 2.120099
0.1659618 -0.2503239 2.09478
0.3309899 -0.2502835 2.070244
0.1482546 -0.6252156 2.071493
0.3630287 -0.6566474 2.101272
0.158349 -0.9781368 2.052573
0.3715739 -0.998915 2.181616
0.1390694 -1.009475 1.910296
0.4208464 -1.069204 2.154179
9
0.2529562 -0.2548214 2.120099
0.1659618 -0.2503239 2.09478
0.3309899 -0.2502835 2.070244
0.1482546 -0.6252156 2.071493
0.3630287 -0.6566474 2.101272
0.158349 -0.9781368 2.052573
0.3715739 -0.998915 2.181616
0.1390694 -1.009475 1.910296
0.4208464 -1.069204 2.154179
9
0.2600251 -0.2561208 2.128741
0.1727479 -0.251384 2.102768
0.3381327 -0.2518302 2.0796
0.1551213 -0.6264151 2.0779
0.3660865 -0.6560249 2.108064
0.1583153 -0.9780651 2.052951
0.3723628 -0.9983992 2.185568
0.1387507 -1.009612 1.910802
0.4208488 -1.069422 2.15198
9
0.2600251 -0.2561208 2.128741
0.1727479 -0.251384 2.102768
0.3381327 -0.2518302 2.0796
0.1551213 -0.6264151 2.0779
0.3660865 -0.6560249 2.108064
0.1583153 -0.9780651 2.052951
0.3723628 -0.9983992 2.185568
0.1387507 -1.009612 1.910802
0.4208488 -1.069422 2.15198
9
0.2600251 -0.2561208 2.128741
0.1727479 -0.251384 2.102768
0.3381327 -0.2518302 2.0796
0.1551213 -0.6264151 2.0779
0.3660865 -0.6560249 2.108064
0.1583153 -0.9780651 2.052951
0.3723628 -0.9983992 2.185568
0.1387507 -1.009612 1.910802
0.4208488 -1.069422 2.15198
9
0.2600251 -0.2561208 2.128741
0.1727479 -0.251384 2.102768
0.3381327 -0.2518302 2.0796
0.1551213 -0.6264151 2.0779
0.3660865 -0.6560249 2.108064
0.1583153 -0.9780651 2.052951
0.3723628 -0.9983992 2.185568
0.1387507 -1.009612 1.910802
0.4208488 -1.069422 2.15198
9
0.282963 -0.2592672 2.155545
0.1944193 -0.2534428 2.12772
0.3616693 -0.2561311 2.108388
0.1646499 -0.6344773 2.085519
0.3776807 -0.6569706 2.129038
0.1578654 -0.9770598 2.054468
0.3735469 -0.9988912 2.187825
0.1386481 -1.009396 1.912595
0.4298882 -1.063028 2.139377
9
0.282963 -0.2592672 2.155545
0.1944193 -0.2534428 2.12772
0.3616693 -0.2561311 2.108388
0.1646499 -0.6344773 2.085519
0.3776807 -0.6569706 2.129038
0.1578654 -0.9770598 2.054468
0.3735469 -0.9988912 2.187825
0.1386481 -1.009396 1.912595
0.4298882 -1.063028 2.139377
9
0.282963 -0.2592672 2.155545
0.1944193 -0.2534428 2.12772
0.3616693 -0.2561311 2.108388
0.1646499 -0.6344773 2.085519
0.3776807 -0.6569706 2.129038
0.1578654 -0.9770598 2.054468
0.3735469 -0.9988912 2.187825
0.1386481 -1.009396 1.912595
0.4298882 -1.063028 2.139377
9
0.282963 -0.2592672 2.155545
0.1944193 -0.2534428 2.12772
0.3616693 -0.2561311 2.108388
0.1646499 -0.6344773 2.085519
0.3776807 -0.6569706 2.129038
0.1578654 -0.9770598 2.054468
0.3735469 -0.9988912 2.187825
0.1386481 -1.009396 1.912595
0.4298882 -1.063028 2.139377
9
0.2946585 -0.2615197 2.170675
0.2063438 -0.254982 2.143589
0.3727877 -0.2590163 2.122778
0.1725957 -0.6372743 2.093303
0.3868812 -0.6560337 2.142002
0.1576605 -0.9759129 2.056141
0.3741996 -0.9975305 2.190822
0.138281 -1.008558 1.914407
0.4633789 -1.048828 2.197266
9
0.2946585 -0.2615197 2.170675
0.2063438 -0.254982 2.143589
0.3727877 -0.2590163 2.122778
0.1725957 -0.6372743 2.093303
0.3868812 -0.6560337 2.142002
0.1576605 -0.9759129 2.056141
0.3741996 -0.9975305 2.190822
0.138281 -1.008558 1.914407
0.4633789 -1.048828 2.197266
9
0.3016315 -0.2627065 2.181235
0.2134747 -0.2560075 2.155884
0.379416 -0.2603486 2.131761
0.1776224 -0.6442379 2.09996
0.3903476 -0.6553823 2.147899
0.1577677 -0.9767684 2.059368
0.3753685 -0.9943332 2.194892
0.1388704 -1.009691 1.917677
0.4687579 -1.048099 2.192889
9
0.3016315 -0.2627065 2.181235
0.2134747 -0.2560075 2.155884
0.379416 -0.2603486 2.131761
0.1776224 -0.6442379 2.09996
0.3903476 -0.6553823 2.147899
0.1577677 -0.9767684 2.059368
0.3753685 -0.9943332 2.194892
0.1388704 -1.009691 1.917677
0.4687579 -1.048099 2.192889
9
0.3016315 -0.2627065 2.181235
0.2134747 -0.2560075 2.155884
0.379416 -0.2603486 2.131761
0.1776224 -0.6442379 2.09996
0.3903476 -0.6553823 2.147899
0.1577677 -0.9767684 2.059368
0.3753685 -0.9943332 2.194892
0.1388704 -1.009691 1.917677
0.4687579 -1.048099 2.192889
9
0.3100347 -0.2625133 2.19486
0.2215158 -0.2551862 2.168885
0.3879393 -0.2608916 2.145915
0.1816046 -0.6457008 2.111562
0.3940567 -0.6526086 2.155378
0.1562006 -0.9773628 2.068336
0.3759033 -0.9928197 2.197448
0.1353858 -1.010533 1.927024
0.4705672 -1.049141 2.194312
9
0.3100347 -0.2625133 2.19486
0.2215158 -0.2551862 2.168885
0.3879393 -0.2608916 2.145915
0.1816046 -0.6457008 2.111562
0.3940567 -0.6526086 2.155378
0.1562006 -0.9773628 2.068336
0.3759033 -0.9928197 2.197448
0.1353858 -1.010533 1.927024
0.4705672 -1.049141 2.194312
9
0.3143203 -0.2619663 2.201847
0.2257406 -0.2540904 2.176594
0.3921914 -0.260893 2.152237
0.1845423 -0.646566 2.121274
0.3970769 -0.6493216 2.160697
0.1528198 -0.9786764 2.086262
0.3754618 -0.9922822 2.200301
0.1304631 -1.046625 1.998158
0.4798323 -1.04789 2.210215
9
0.3143203 -0.2619663 2.201847
0.2257406 -0.2540904 2.176594
0.3921914 -0.260893 2.152237
0.1845423 -0.646566 2.121274
0.3970769 -0.6493216 2.160697
0.1528198 -0.9786764 2.086262
0.3754618 -0.9922822 2.200301
0.1304631 -1.046625 1.998158
0.4798323 -1.04789 2.210215
9
0.31748 -0.2616056 2.20779
0.2287365 -0.2532626 2.182733
0.3954422 -0.2610376 2.15797
0.1840464 -0.6437152 2.128067
0.3982699 -0.644037 2.163893
0.1481413 -0.976963 2.100008
0.3749633 -0.9912011 2.202187
0.1237565 -1.043524 2.010413
0.4801442 -1.047936 2.208047
9
0.31748 -0.2616056 2.20779
0.2287365 -0.2532626 2.182733
0.3954422 -0.2610376 2.15797
0.1840464 -0.6437152 2.128067
0.3982699 -0.644037 2.163893
0.1481413 -0.976963 2.100008
0.3749633 -0.9912011 2.202187
0.1237565 -1.043524 2.010413
0.4801442 -1.047936 2.208047
9
0.3201497 -0.2609167 2.212913
0.231147 -0.2521943 2.187939
0.3983141 -0.2607803 2.163005
0.1823346 -0.6378788 2.138069
0.3987072 -0.6404708 2.16687
0.1445692 -0.9713752 2.118292
0.3753681 -0.9904108 2.203414
0.1112965 -1.041931 2.039661
0.4804302 -1.047925 2.208177
9
0.3219689 -0.260494 2.218275
0.2331893 -0.2512672 2.194078
0.3998931 -0.2608384 2.167637
0.1790773 -0.634994 2.145926
0.3992695 -0.636532 2.170348
0.1392477 -0.9720172 2.142754
0.3756471 -0.9892908 2.204935
0.1033086 -1.035493 2.053959
0.478748 -1.04865 2.211758
9
0.3219689 -0.260494 2.218275
0.2331893 -0.2512672 2.194078
0.3998931 -0.2608384 2.167637
0.1790773 -0.634994 2.145926
0.3992695 -0.636532 2.170348
0.1392477 -0.9720172 2.142754
0.3756471 -0.9892908 2.204935
0.1033086 -1.035493 2.053959
0.478748 -1.04865 2.211758
