40
9
-0.02700153 -0.03258131 1.992466
-0.1108988 -0.03711594 1.960138
0.05812192 -0.02694622 1.947453
-0.1058803 -0.4219961 1.965119
0.1012757 -0.4179276 1.962455
-0.08583658 -0.7758033 1.966566
0.128512 -0.7547579 2.037092
-0.1228568 -0.841789 1.883365
0.1543318 -0.8300613 1.962128
9
-0.02700153 -0.03258131 1.992466
-0.1108988 -0.03711594 1.960138
0.05812192 -0.02694622 1.947453
-0.1058803 -0.4219961 1.965119
0.1012757 -0.4179276 1.962455
-0.08583658 -0.7758033 1.966566
0.128512 -0.7547579 2.037092
-0.1228568 -0.841789 1.883365
0.1543318 -0.8300613 1.962128
9
-0.02061319 -0.03255465 1.995999
-0.1049652 -0.03661821 1.962711
0.06461433 -0.02737616 1.951807
-0.1044833 -0.4191084 1.965185
0.1093234 -0.4184962 1.970245
-0.08584733 -0.7757825 1.966603
0.1379104 -0.7547454 2.046232
-0.122562 -0.8423682 1.88411
0.1570428 -0.830499 1.968102
9
-0.02061319 -0.03255465 1.995999
-0.1049652 -0.03661821 1.962711
0.06461433 -0.02737616 1.951807
-0.1044833 -0.4191084 1.965185
0.1093234 -0.4184962 1.970245
-0.08584733 -0.7757825 1.966603
0.1379104 -0.7547454 2.046232
-0.122562 -0.8423682 1.88411
0.1570428 -0.830499 1.968102
9
-0.01459011 -0.03310381 1.999254
-0.09929336 -0.03656232 1.964877
0.07077926 -0.02852982 1.956163
-0.1027004 -0.4171358 1.965007
0.1150191 -0.4193943 1.974662
-0.08585843 -0.7757019 1.96682
0.1438429 -0.7542284 2.047934
-0.1222513 -0.8424314 1.884251
0.1600257 -0.8312696 1.971077
9
-0.01459011 -0.03310381 1.999254
-0.09929336 -0.03656232 1.964877
0.07077926 -0.02852982 1.956163
-0.1027004 -0.4171358 1.965007
0.1150191 -0.4193943 1.974662
-0.08585843 -0.7757019 1.96682
0.1438429 -0.7542284 2.047934
-0.1222513 -0.8424314 1.884251
0.1600257 -0.8312696 1.971077
9
-0.01459011 -0.03310381 1.999254
-0.09929336 -0.03656232 1.964877
0.07077926 -0.02852982 1.956163
-0.1027004 -0.4171358 1.965007
0.1150191 -0.4193943 1.974662
-0.08585843 -0.7757019 1.96682
0.1438429 -0.7542284 2.047934
-0.1222513 -0.8424314 1.884251
0.1600257 -0.8312696 1.971077
9
-0.01459011 -0.03310381 1.999254
-0.09929336 -0.03656232 1.964877
0.07077926 -0.02852982 1.956163
-0.1027004 -0.4171358 1.965007
0.1150191 -0.4193943 1.974662
-0.08585843 -0.7757019 1.96682
0.1438429 -0.7542284 2.047934
-0.1222513 -0.8424314 1.884251
0.1600257 -0.8312696 1.971077
9
-0.001264889 -0.03466041 2.004685
-0.08601892 -0.03659599 1.969191
0.08367101 -0.03151602 1.962583
-0.09682336 -0.4132733 1.964796
0.1262376 -0.4218071 1.984482
-0.08573426 -0.775507 1.967188
0.1513968 -0.7520451 2.053612
-0.1220909 -0.8421382 1.884355
0.1592947 -0.828966 1.973514
9
-0.001264889 -0.03466041 2.004685
-0.08601892 -0.03659599 1.969191
0.08367101 -0.03151602 1.962583
-0.09682336 -0.4132733 1.964796
0.1262376 -0.4218071 1.984482
-0.08573426 -0.775507 1.967188
0.1513968 -0.7520451 2.053612
-0.1220909 -0.8421382 1.884355
0.1592947 -0.828966 1.973514
9
0.008918592 -0.03529858 2.008142
-0.07617915 -0.03652966 1.97194
0.09372923 -0.03279807 1.966658
-0.09243133 -0.4126666 1.964973
0.1308142 -0.4208279 1.988755
-0.08559923 -0.7734734 1.967943
0.1534458 -0.7508411 2.056744
-0.1211984 -0.8410664 1.886021
0.165254 -0.8277496 1.977587
9
0.008918592 -0.03529858 2.008142
-0.07617915 -0.03652966 1.97194
0.09372923 -0.03279807 1.966658
-0.09243133 -0.4126666 1.964973
0.1308142 -0.4208279 1.988755
-0.08559923 -0.7734734 1.967943
0.1534458 -0.7508411 2.056744
-0.1211984 -0.8410664 1.886021
0.165254 -0.8277496 1.977587
9
0.008918592 -0.03529858 2.008142
-0.07617915 -0.03652966 1.97194
0.09372923 -0.03279807 1.966658
-0.09243133 -0.4126666 1.964973
0.1308142 -0.4208279 1.988755
-0.08559923 -0.7734734 1.967943
0.1534458 -0.7508411 2.056744
-0.1211984 -0.8410664 1.886021
0.165254 -0.8277496 1.977587
9
0.008918592 -0.03529858 2.008142
-0.07617915 -0.03652966 1.97194
0.09372923 -0.03279807 1.966658
-0.09243133 -0.4126666 1.964973
0.1308142 -0.4208279 1.988755
-0.08559923 -0.7734734 1.967943
0.1534458 -0.7508411 2.056744
-0.1211984 -0.8410664 1.886021
0.165254 -0.8277496 1.977587
9
0.008918592 -0.03529858 2.008142
-0.07617915 -0.03652966 1.97194
0.09372923 -0.03279807 1.966658
-0.09243133 -0.4126666 1.964973
0.1308142 -0.4208279 1.988755
-0.08559923 -0.7734734 1.967943
0.1534458 -0.7508411 2.056744
-0.1211984 -0.8410664 1.886021
0.165254 -0.8277496 1.977587
9
0.008918592 -0.03529858 2.008142
-0.07617915 -0.03652966 1.97194
0.09372923 -0.03279807 1.966658
-0.09243133 -0.4126666 1.964973
0.1308142 -0.4208279 1.988755
-0.08559923 -0.7734734 1.967943
0.1534458 -0.7508411 2.056744
-0.1211984 -0.8410664 1.886021
0.165254 -0.8277496 1.977587
9
0.008918592 -0.03529858 2.008142
-0.07617915 -0.03652966 1.97194
0.09372923 -0.03279807 1.966658
-0.09243133 -0.4126666 1.964973
0.1308142 -0.4208279 1.988755
-0.08559923 -0.7734734 1.967943
0.1534458 -0.7508411 2.056744
-0.1211984 -0.8410664 1.886021
0.165254 -0.8277496 1.977587
9
0.008918592 -0.03529858 2.008142
-0.07617915 -0.03652966 1.97194
0.09372923 -0.03279807 1.966658
-0.09243133 -0.4126666 1.964973
0.1308142 -0.4208279 1.988755
-0.08559923 -0.7734734 1.967943
0.1534458 -0.7508411 2.056744
-0.1211984 -0.8410664 1.886021
0.165254 -0.8277496 1.977587
9
0.008918592 -0.03529858 2.008142
-0.07617915 -0.03652966 1.97194
0.09372923 -0.03279807 1.966658
-0.09243133 -0.4126666 1.964973
0.1308142 -0.4208279 1.988755
-0.08559923 -0.7734734 1.967943
0.1534458 -0.7508411 2.056744
-0.1211984 -0.8410664 1.886021
0.165254 -0.8277496 1.977587
9
0.07173207 -0.03608747 2.031826
-0.01384612 -0.03481732 1.994401
0.1545578 -0.03597601 1.991466
-0.05183875 -0.4158216 1.971493
0.1640385 -0.4169256 2.018012
-0.08472305 -0.7730068 1.967796
0.1568816 -0.7510858 2.059052
-0.1190159 -0.8396819 1.883252
0.166716 -0.8280871 1.979413
9
0.07173207 -0.03608747 2.031826
-0.01384612 -0.03481732 1.994401
0.1545578 -0.03597601 1.991466
-0.05183875 -0.4158216 1.971493
0.1640385 -0.4169256 2.018012
-0.08472305 -0.7730068 1.967796
0.1568816 -0.7510858 2.059052
-0.1190159 -0.8396819 1.883252
0.166716 -0.8280871 1.979413
9
0.07414151 -0.03605065 2.032936
-0.01148227 -0.03464278 1.995504
0.1569284 -0.03607956 1.992588
-0.05005959 -0.417781 1.971432
0.1656558 -0.4166299 2.01896
-0.08336732 -0.7730235 1.968303
0.1587006 -0.7514721 2.061414
-0.11898 -0.8390472 1.883597
0.1686572 -0.82876 1.98233
9
0.0804565 -0.03658987 2.036404
-0.005065178 -0.0348068 1.999257
0.1629231 -0.0369626 1.9958
-0.04623887 -0.4213462 1.971359
0.1700619 -0.417421 2.021448
-0.08305908 -0.7729876 1.968518
0.1599542 -0.7522104 2.062007
-0.1189062 -0.8388443 1.88366
0.1696409 -0.8294308 1.982673
9
0.08861264 -0.03751291 2.040348
0.002852635 -0.03567319 2.003557
0.171004 -0.03791521 1.999397
-0.0427685 -0.4241925 1.97102
0.1742252 -0.416321 2.023711
-0.08202171 -0.7712767 1.96988
0.1603336 -0.7530327 2.062723
-0.1179017 -0.8370162 1.884732
0.1706101 -0.8298789 1.982769
9
0.08861264 -0.03751291 2.040348
0.002852635 -0.03567319 2.003557
0.171004 -0.03791521 1.999397
-0.0427685 -0.4241925 1.97102
0.1742252 -0.416321 2.023711
-0.08202171 -0.7712767 1.96988
0.1603336 -0.7530327 2.062723
-0.1179017 -0.8370162 1.884732
0.1706101 -0.8298789 1.982769
9
0.08861264 -0.03751291 2.040348
0.002852635 -0.03567319 2.003557
0.171004 -0.03791521 1.999397
-0.0427685 -0.4241925 1.97102
0.1742252 -0.416321 2.023711
-0.08202171 -0.7712767 1.96988
0.1603336 -0.7530327 2.062723
-0.1179017 -0.8370162 1.884732
0.1706101 -0.8298789 1.982769
9
0.08861264 -0.03751291 2.040348
0.002852635 -0.03567319 2.003557
0.171004 -0.03791521 1.999397
-0.0427685 -0.4241925 1.97102
0.1742252 -0.416321 2.023711
-0.08202171 -0.7712767 1.96988
0.1603336 -0.7530327 2.062723
-0.1179017 -0.8370162 1.884732
0.1706101 -0.8298789 1.982769
9
0.08861264 -0.03751291 2.040348
0.002852635 -0.03567319 2.003557
0.171004 -0.03791521 1.999397
-0.0427685 -0.4241925 1.97102
0.1742252 -0.416321 2.023711
-0.08202171 -0.7712767 1.96988
0.1603336 -0.7530327 2.062723
-0.1179017 -0.8370162 1.884732
0.1706101 -0.8298789 1.982769
9
0.1122469 -0.04043258 2.056145
0.02678289 -0.0376924 2.022417
0.1935948 -0.04158935 2.012435
-0.0315876 -0.4314584 1.974652
0.1914893 -0.4135374 2.039914
-0.08010754 -0.7710503 1.970256
0.1619327 -0.7531759 2.06508
-0.1163568 -0.8353035 1.883019
0.1711982 -0.8297851 1.984323
9
0.1122469 -0.04043258 2.056145
0.02678289 -0.0376924 2.022417
0.1935948 -0.04158935 2.012435
-0.0315876 -0.4314584 1.974652
0.1914893 -0.4135374 2.039914
-0.08010754 -0.7710503 1.970256
0.1619327 -0.7531759 2.06508
-0.1163568 -0.8353035 1.883019
0.1711982 -0.8297851 1.984323
9
0.1122469 -0.04043258 2.056145
0.02678289 -0.0376924 2.022417
0.1935948 -0.04158935 2.012435
-0.0315876 -0.4314584 1.974652
0.1914893 -0.4135374 2.039914
-0.08010754 -0.7710503 1.970256
0.1619327 -0.7531759 2.06508
-0.1163568 -0.8353035 1.883019
0.1711982 -0.8297851 1.984323
9
0.1122469 -0.04043258 2.056145
0.02678289 -0.0376924 2.022417
0.1935948 -0.04158935 2.012435
-0.0315876 -0.4314584 1.974652
0.1914893 -0.4135374 2.039914
-0.08010754 -0.7710503 1.970256
0.1619327 -0.7531759 2.06508
-0.1163568 -0.8353035 1.883019
0.1711982 -0.8297851 1.984323
9
0.1223105 -0.04110001 2.063875
0.03620686 -0.03790499 2.031201
0.2038507 -0.04270644 2.019018
-0.02610213 -0.4345466 1.977307
0.2003204 -0.4155199 2.054514
-0.07712565 -0.7699543 1.970158
0.1640907 -0.7542861 2.068329
-0.1140708 -0.8330532 1.881622
0.1708682 -0.829401 1.984143
9
0.1267097 -0.04112218 2.067753
0.04057543 -0.03736039 2.03573
0.2081325 -0.04326787 2.022267
-0.02035565 -0.4349279 1.979971
0.2034145 -0.4160747 2.059347
-0.07189066 -0.7678359 1.971385
0.1653498 -0.7562003 2.069764
-0.1122201 -0.8299333 1.883789
0.1715267 -0.830679 1.984352
9
0.1267097 -0.04112218 2.067753
0.04057543 -0.03736039 2.03573
0.2081325 -0.04326787 2.022267
-0.02035565 -0.4349279 1.979971
0.2034145 -0.4160747 2.059347
-0.07189066 -0.7678359 1.971385
0.1653498 -0.7562003 2.069764
-0.1122201 -0.8299333 1.883789
0.1715267 -0.830679 1.984352
9
0.1312979 -0.04088115 2.072598
0.04484631 -0.03668507 2.040381
0.2128505 -0.04351943 2.027241
-0.01479275 -0.4343478 1.983921
0.2055019 -0.4166985 2.063379
-0.06323086 -0.7674806 1.977936
0.1671558 -0.7564021 2.071785
-0.1072346 -0.825542 1.887551
0.1719163 -0.8304342 1.985355
9
0.1312979 -0.04088115 2.072598
0.04484631 -0.03668507 2.040381
0.2128505 -0.04351943 2.027241
-0.01479275 -0.4343478 1.983921
0.2055019 -0.4166985 2.063379
-0.06323086 -0.7674806 1.977936
0.1671558 -0.7564021 2.071785
-0.1072346 -0.825542 1.887551
0.1719163 -0.8304342 1.985355
9
0.1312979 -0.04088115 2.072598
0.04484631 -0.03668507 2.040381
0.2128505 -0.04351943 2.027241
-0.01479275 -0.4343478 1.983921
0.2055019 -0.4166985 2.063379
-0.06323086 -0.7674806 1.977936
0.1671558 -0.7564021 2.071785
-0.1072346 -0.825542 1.887551
0.1719163 -0.8304342 1.985355
9
0.1312979 -0.04088115 2.072598
0.04484631 -0.03668507 2.040381
0.2128505 -0.04351943 2.027241
-0.01479275 -0.4343478 1.983921
0.2055019 -0.4166985 2.063379
-0.06323086 -0.7674806 1.977936
0.1671558 -0.7564021 2.071785
-0.1072346 -0.825542 1.887551
0.1719163 -0.8304342 1.985355
9
0.1312979 -0.04088115 2.072598
0.04484631 -0.03668507 2.040381
0.2128505 -0.04351943 2.027241
-0.01479275 -0.4343478 1.983921
0.2055019 -0.4166985 2.063379
-0.06323086 -0.7674806 1.977936
0.1671558 -0.7564021 2.071785
-0.1072346 -0.825542 1.887551
0.1719163 -0.8304342 1.985355
