40
9
0.1012506 -0.2474662 2.035029
0.01685534 -0.2405609 1.985235
0.181284 -0.2455482 2.010167
-0.008734955 -0.6092392 1.969149
0.2244359 -0.6355813 2.009168
0.01237936 -0.9698581 1.997075
0.2414279 -0.9917947 2.098931
0.03500282 -1.002065 1.855951
0.319196 -1.037511 2.070668
9
0.1012506 -0.2474662 2.035029
0.01685534 -0.2405609 1.985235
0.181284 -0.2455482 2.010167
-0.008734955 -0.6092392 1.969149
0.2244359 -0.6355813 2.009168
0.01237936 -0.9698581 1.997075
0.2414279 -0.9917947 2.098931
0.03500282 -1.002065 1.855951
0.319196 -1.037511 2.070668
9
0.1012506 -0.2474662 2.035029
0.01685534 -0.2405609 1.985235
0.181284 -0.2455482 2.010167
-0.008734955 -0.6092392 1.969149
0.2244359 -0.6355813 2.009168
0.01237936 -0.9698581 1.997075
0.2414279 -0.9917947 2.098931
0.03500282 -1.002065 1.855951
0.319196 -1.037511 2.070668
9
0.1012506 -0.2474662 2.035029
0.01685534 -0.2405609 1.985235
0.181284 -0.2455482 2.010167
-0.008734955 -0.6092392 1.969149
0.2244359 -0.6355813 2.009168
0.01237936 -0.9698581 1.997075
0.2414279 -0.9917947 2.098931
0.03500282 -1.002065 1.855951
0.319196 -1.037511 2.070668
9
0.1023193 -0.2468298 2.041533
0.01820156 -0.2403226 1.993255
0.1822267 -0.244573 2.014874
-0.007217017 -0.6086569 1.976153
0.2229045 -0.6393139 2.031045
0.01178404 -0.9695525 1.998787
0.2286635 -0.9895526 2.148743
0.03149293 -1.001408 1.856912
0.2805827 -1.050832 2.076507
9
0.1023193 -0.2468298 2.041533
0.01820156 -0.2403226 1.993255
0.1822267 -0.244573 2.014874
-0.007217017 -0.6086569 1.976153
0.2229045 -0.6393139 2.031045
0.01178404 -0.9695525 1.998787
0.2286635 -0.9895526 2.148743
0.03149293 -1.001408 1.856912
0.2805827 -1.050832 2.076507
9
0.1023193 -0.2468298 2.041533
0.01820156 -0.2403226 1.993255
0.1822267 -0.244573 2.014874
-0.007217017 -0.6086569 1.976153
0.2229045 -0.6393139 2.031045
0.01178404 -0.9695525 1.998787
0.2286635 -0.9895526 2.148743
0.03149293 -1.001408 1.856912
0.2805827 -1.050832 2.076507
9
0.1023193 -0.2468298 2.041533
0.01820156 -0.2403226 1.993255
0.1822267 -0.244573 2.014874
-0.007217017 -0.6086569 1.976153
0.2229045 -0.6393139 2.031045
0.01178404 -0.9695525 1.998787
0.2286635 -0.9895526 2.148743
0.03149293 -1.001408 1.856912
0.2805827 -1.050832 2.076507
9
0.1023193 -0.2468298 2.041533
0.01820156 -0.2403226 1.993255
0.1822267 -0.244573 2.014874
-0.007217017 -0.6086569 1.976153
0.2229045 -0.6393139 2.031045
0.01178404 -0.9695525 1.998787
0.2286635 -0.9895526 2.148743
0.03149293 -1.001408 1.856912
0.2805827 -1.050832 2.076507
9
0.1023193 -0.2468298 2.041533
0.01820156 -0.2403226 1.993255
0.1822267 -0.244573 2.014874
-0.007217017 -0.6086569 1.976153
0.2229045 -0.6393139 2.031045
0.01178404 -0.9695525 1.998787
0.2286635 -0.9895526 2.148743
0.03149293 -1.001408 1.856912
0.2805827 -1.050832 2.076507
9
0.1076108 -0.2474025 2.060645
0.02418309 -0.2408156 2.01779
0.1868367 -0.2450406 2.028741
-0.002661196 -0.6091596 1.98952
0.2190463 -0.6498955 2.082063
0.01179957 -0.9688055 2.000608
0.2238869 -0.9853009 2.199695
0.02371241 -0.9999516 1.857262
0.3358347 -1.041106 2.194562
9
0.1117682 -0.2483458 2.068796
0.02784606 -0.2415629 2.025556
0.1913583 -0.2461161 2.036778
0.000362533 -0.6106881 1.996448
0.2186326 -0.6460006 2.084433
0.01150327 -0.9682192 2.001839
0.2241515 -0.9857536 2.199692
0.02441716 -0.9995801 1.858684
0.2606863 -1.054308 2.122782
9
0.1117682 -0.2483458 2.068796
0.02784606 -0.2415629 2.025556
0.1913583 -0.2461161 2.036778
0.000362533 -0.6106881 1.996448
0.2186326 -0.6460006 2.084433
0.01150327 -0.9682192 2.001839
0.2241515 -0.9857536 2.199692
0.02441716 -0.9995801 1.858684
0.2606863 -1.054308 2.122782
9
0.115589 -0.2493922 2.076738
0.03191369 -0.2421607 2.035413
0.1948946 -0.2474964 2.042956
0.003559561 -0.6141456 2.005097
0.2184439 -0.6492293 2.095508
0.01169565 -0.9673988 2.003341
0.2238968 -0.9867286 2.202601
0.02332241 -0.9987543 1.860025
0.3427018 -1.034298 2.185802
9
0.115589 -0.2493922 2.076738
0.03191369 -0.2421607 2.035413
0.1948946 -0.2474964 2.042956
0.003559561 -0.6141456 2.005097
0.2184439 -0.6492293 2.095508
0.01169565 -0.9673988 2.003341
0.2238968 -0.9867286 2.202601
0.02332241 -0.9987543 1.860025
0.3427018 -1.034298 2.185802
9
0.1223645 -0.2511843 2.086737
0.03792864 -0.2425147 2.044563
0.2023293 -0.2508943 2.053707
0.00606221 -0.6164451 2.010838
0.2180984 -0.6499064 2.106788
0.01205097 -0.9676361 2.004071
0.2216652 -0.9908453 2.204781
0.02276664 -0.9989434 1.860639
0.2440811 -1.05842 2.11674
9
0.1223645 -0.2511843 2.086737
0.03792864 -0.2425147 2.044563
0.2023293 -0.2508943 2.053707
0.00606221 -0.6164451 2.010838
0.2180984 -0.6499064 2.106788
0.01205097 -0.9676361 2.004071
0.2216652 -0.9908453 2.204781
0.02276664 -0.9989434 1.860639
0.2440811 -1.05842 2.11674
9
0.1293004 -0.2521266 2.09576
0.04482509 -0.2428297 2.054672
0.2090514 -0.2523619 2.061584
0.01043568 -0.6195289 2.019186
0.2193723 -0.6568077 2.119965
0.01214933 -0.9669016 2.004966
0.2185223 -0.9938864 2.210135
0.02114715 -0.9983073 1.861406
0.2845475 -1.053477 2.168223
9
0.1293004 -0.2521266 2.09576
0.04482509 -0.2428297 2.054672
0.2090514 -0.2523619 2.061584
0.01043568 -0.6195289 2.019186
0.2193723 -0.6568077 2.119965
0.01214933 -0.9669016 2.004966
0.2185223 -0.9938864 2.210135
0.02114715 -0.9983073 1.861406
0.2845475 -1.053477 2.168223
9
0.1388984 -0.252801 2.105862
0.05390678 -0.2430661 2.064204
0.2188426 -0.2535082 2.072178
0.01395556 -0.6210719 2.024302
0.2214841 -0.6552493 2.126112
0.01293648 -0.9659839 2.006543
0.217906 -0.994251 2.211318
0.02142341 -0.9974316 1.862941
0.3071289 -1.045898 2.210938
9
0.1388984 -0.252801 2.105862
0.05390678 -0.2430661 2.064204
0.2188426 -0.2535082 2.072178
0.01395556 -0.6210719 2.024302
0.2214841 -0.6552493 2.126112
0.01293648 -0.9659839 2.006543
0.217906 -0.994251 2.211318
0.02142341 -0.9974316 1.862941
0.3071289 -1.045898 2.210938
9
0.1461215 -0.2542293 2.116828
0.06078221 -0.2443773 2.075084
0.2261956 -0.255038 2.083203
0.01864731 -0.6239299 2.031542
0.2251323 -0.6536007 2.132543
0.01312376 -0.9665021 2.007723
0.2179269 -0.9941574 2.211649
0.02018994 -0.9981146 1.864091
0.2912092 -1.046143 2.168509
9
0.1461215 -0.2542293 2.116828
0.06078221 -0.2443773 2.075084
0.2261956 -0.255038 2.083203
0.01864731 -0.6239299 2.031542
0.2251323 -0.6536007 2.132543
0.01312376 -0.9665021 2.007723
0.2179269 -0.9941574 2.211649
0.02018994 -0.9981146 1.864091
0.2912092 -1.046143 2.168509
9
0.1537548 -0.2553808 2.127868
0.06845586 -0.2456973 2.087903
0.2335594 -0.2560379 2.092633
0.02533362 -0.6272718 2.041163
0.2285284 -0.6508334 2.138773
0.01362399 -0.9668522 2.009826
0.2179389 -0.9940951 2.212282
0.01974782 -0.9986596 1.866215
0.290938 -1.046301 2.168412
9
0.1537548 -0.2553808 2.127868
0.06845586 -0.2456973 2.087903
0.2335594 -0.2560379 2.092633
0.02533362 -0.6272718 2.041163
0.2285284 -0.6508334 2.138773
0.01362399 -0.9668522 2.009826
0.2179389 -0.9940951 2.212282
0.01974782 -0.9986596 1.866215
0.290938 -1.046301 2.168412
9
0.1537548 -0.2553808 2.127868
0.06845586 -0.2456973 2.087903
0.2335594 -0.2560379 2.092633
0.02533362 -0.6272718 2.041163
0.2285284 -0.6508334 2.138773
0.01362399 -0.9668522 2.009826
0.2179389 -0.9940951 2.212282
0.01974782 -0.9986596 1.866215
0.290938 -1.046301 2.168412
9
0.1537548 -0.2553808 2.127868
0.06845586 -0.2456973 2.087903
0.2335594 -0.2560379 2.092633
0.02533362 -0.6272718 2.041163
0.2285284 -0.6508334 2.138773
0.01362399 -0.9668522 2.009826
0.2179389 -0.9940951 2.212282
0.01974782 -0.9986596 1.866215
0.290938 -1.046301 2.168412
9
0.1666244 -0.2582158 2.150568
0.08011414 -0.2486944 2.109677
0.2472495 -0.2586744 2.116107
0.03402641 -0.6324236 2.054905
0.2369086 -0.6445277 2.146778
0.01441742 -0.9700772 2.013559
0.2212707 -0.991067 2.213821
0.01832303 -1.002423 1.870096
0.2948232 -1.042124 2.167046
9
0.1666244 -0.2582158 2.150568
0.08011414 -0.2486944 2.109677
0.2472495 -0.2586744 2.116107
0.03402641 -0.6324236 2.054905
0.2369086 -0.6445277 2.146778
0.01441742 -0.9700772 2.013559
0.2212707 -0.991067 2.213821
0.01832303 -1.002423 1.870096
0.2948232 -1.042124 2.167046
9
0.1666244 -0.2582158 2.150568
0.08011414 -0.2486944 2.109677
0.2472495 -0.2586744 2.116107
0.03402641 -0.6324236 2.054905
0.2369086 -0.6445277 2.146778
0.01441742 -0.9700772 2.013559
0.2212707 -0.991067 2.213821
0.01832303 -1.002423 1.870096
0.2948232 -1.042124 2.167046
9
0.1666244 -0.2582158 2.150568
0.08011414 -0.2486944 2.109677
0.2472495 -0.2586744 2.116107
0.03402641 -0.6324236 2.054905
0.2369086 -0.6445277 2.146778
0.01441742 -0.9700772 2.013559
0.2212707 -0.991067 2.213821
0.01832303 -1.002423 1.870096
0.2948232 -1.042124 2.167046
9
0.1732699 -0.259757 2.168648
0.08721832 -0.2500035 2.1309
0.2532859 -0.2604313 2.13135
0.03896032 -0.636961 2.069215
0.2450829 -0.6446944 2.156521
0.01515858 -0.9704803 2.017039
0.2218993 -0.9899797 2.214066
0.0170683 -1.003149 1.873646
0.339407 -1.036508 2.207645
9
0.1732699 -0.259757 2.168648
0.08721832 -0.2500035 2.1309
0.2532859 -0.2604313 2.13135
0.03896032 -0.636961 2.069215
0.2450829 -0.6446944 2.156521
0.01515858 -0.9704803 2.017039
0.2218993 -0.9899797 2.214066
0.0170683 -1.003149 1.873646
0.339407 -1.036508 2.207645
9
0.1757838 -0.2599374 2.176072
0.08937716 -0.2500807 2.137863
0.2560679 -0.2607664 2.139044
0.04174444 -0.6383871 2.076977
0.2491954 -0.640137 2.162007
0.01660446 -0.9711777 2.022615
0.2230122 -0.9874858 2.215341
0.01661243 -1.003896 1.8792
0.2977061 -1.03793 2.172794
9
0.1757838 -0.2599374 2.176072
0.08937716 -0.2500807 2.137863
0.2560679 -0.2607664 2.139044
0.04174444 -0.6383871 2.076977
0.2491954 -0.640137 2.162007
0.01660446 -0.9711777 2.022615
0.2230122 -0.9874858 2.215341
0.01661243 -1.003896 1.8792
0.2977061 -1.03793 2.172794
9
0.1757838 -0.2599374 2.176072
0.08937716 -0.2500807 2.137863
0.2560679 -0.2607664 2.139044
0.04174444 -0.6383871 2.076977
0.2491954 -0.640137 2.162007
0.01660446 -0.9711777 2.022615
0.2230122 -0.9874858 2.215341
0.01661243 -1.003896 1.8792
0.2977061 -1.03793 2.172794
9
0.1757838 -0.2599374 2.176072
0.08937716 -0.2500807 2.137863
0.2560679 -0.2607664 2.139044
0.04174444 -0.6383871 2.076977
0.2491954 -0.640137 2.162007
0.01660446 -0.9711777 2.022615
0.2230122 -0.9874858 2.215341
0.01661243 -1.003896 1.8792
0.2977061 -1.03793 2.172794
9
0.1775667 -0.2590289 2.186692
0.09088708 -0.2490656 2.150253
0.2580401 -0.2600414 2.147977
0.04287901 -0.6363611 2.089602
0.2537158 -0.6325224 2.170954
0.01287373 -0.9765828 2.055471
0.2268989 -0.9781045 2.218063
0.008415023 -1.009275 1.912005
0.3423325 -1.027498 2.214006
9
0.1775667 -0.2590289 2.186692
0.09088708 -0.2490656 2.150253
0.2580401 -0.2600414 2.147977
0.04287901 -0.6363611 2.089602
0.2537158 -0.6325224 2.170954
0.01287373 -0.9765828 2.055471
0.2268989 -0.9781045 2.218063
0.008415023 -1.009275 1.912005
0.3423325 -1.027498 2.214006
9
0.1779371 -0.2578626 2.19346
0.09140215 -0.2477432 2.158762
0.2583143 -0.2591049 2.153089
0.04272076 -0.6359448 2.097729
0.2549615 -0.6293458 2.175197
0.0107357 -0.9790328 2.079749
0.2272681 -0.9771432 2.219355
-0.01590428 -1.045167 1.991
0.2592231 -1.050659 2.148241
