40
9
0.01211596 -0.2422642 1.71252
-0.07289384 -0.2382186 1.676953
0.09662696 -0.2356506 1.672722
-0.1249555 -0.5860271 1.669341
0.1282548 -0.5909024 1.656014
-0.2009311 -0.9145426 1.733256
0.1375598 -0.9160377 1.68575
-0.19656 -0.9444878 1.589879
0.135505 -0.9455383 1.5425
9
0.0201709 -0.2421585 1.715779
-0.06502916 -0.238248 1.68076
0.1045235 -0.2354343 1.675438
-0.1182738 -0.5870155 1.67323
0.1346109 -0.5849311 1.660182
-0.1944391 -0.913523 1.73275
0.1396046 -0.9157876 1.687899
-0.1906437 -0.9436811 1.589446
0.1370563 -0.9455179 1.544729
9
0.0201709 -0.2421585 1.715779
-0.06502916 -0.238248 1.68076
0.1045235 -0.2354343 1.675438
-0.1182738 -0.5870155 1.67323
0.1346109 -0.5849311 1.660182
-0.1944391 -0.913523 1.73275
0.1396046 -0.9157876 1.687899
-0.1906437 -0.9436811 1.589446
0.1370563 -0.9455179 1.544729
9
0.03024019 -0.2416584 1.719936
-0.05537464 -0.2379446 1.685231
0.114552 -0.2347811 1.67926
-0.1089766 -0.5883763 1.677738
0.1409702 -0.5825984 1.664684
-0.1840475 -0.9113328 1.733253
0.1448597 -0.9114573 1.691275
-0.1813298 -0.9417294 1.590009
0.1413272 -0.9414937 1.548158
9
0.03024019 -0.2416584 1.719936
-0.05537464 -0.2379446 1.685231
0.114552 -0.2347811 1.67926
-0.1089766 -0.5883763 1.677738
0.1409702 -0.5825984 1.664684
-0.1840475 -0.9113328 1.733253
0.1448597 -0.9114573 1.691275
-0.1813298 -0.9417294 1.590009
0.1413272 -0.9414937 1.548158
9
0.03024019 -0.2416584 1.719936
-0.05537464 -0.2379446 1.685231
0.114552 -0.2347811 1.67926
-0.1089766 -0.5883763 1.677738
0.1409702 -0.5825984 1.664684
-0.1840475 -0.9113328 1.733253
0.1448597 -0.9114573 1.691275
-0.1813298 -0.9417294 1.590009
0.1413272 -0.9414937 1.548158
9
0.03024019 -0.2416584 1.719936
-0.05537464 -0.2379446 1.685231
0.114552 -0.2347811 1.67926
-0.1089766 -0.5883763 1.677738
0.1409702 -0.5825984 1.664684
-0.1840475 -0.9113328 1.733253
0.1448597 -0.9114573 1.691275
-0.1813298 -0.9417294 1.590009
0.1413272 -0.9414937 1.548158
9
0.03024019 -0.2416584 1.719936
-0.05537464 -0.2379446 1.685231
0.114552 -0.2347811 1.67926
-0.1089766 -0.5883763 1.677738
0.1409702 -0.5825984 1.664684
-0.1840475 -0.9113328 1.733253
0.1448597 -0.9114573 1.691275
-0.1813298 -0.9417294 1.590009
0.1413272 -0.9414937 1.548158
9
0.03024019 -0.2416584 1.719936
-0.05537464 -0.2379446 1.685231
0.114552 -0.2347811 1.67926
-0.1089766 -0.5883763 1.677738
0.1409702 -0.5825984 1.664684
-0.1840475 -0.9113328 1.733253
0.1448597 -0.9114573 1.691275
-0.1813298 -0.9417294 1.590009
0.1413272 -0.9414937 1.548158
9
0.05053541 -0.2417898 1.732077
-0.03534475 -0.2372902 1.69901
0.1342913 -0.2357346 1.68986
-0.08261224 -0.5943195 1.694409
0.1586879 -0.5793275 1.681726
-0.1272877 -0.9451753 1.765985
0.1494022 -0.9123429 1.700986
-0.1290053 -0.9753974 1.62291
0.1424779 -0.9425529 1.557958
9
0.05053541 -0.2417898 1.732077
-0.03534475 -0.2372902 1.69901
0.1342913 -0.2357346 1.68986
-0.08261224 -0.5943195 1.694409
0.1586879 -0.5793275 1.681726
-0.1272877 -0.9451753 1.765985
0.1494022 -0.9123429 1.700986
-0.1290053 -0.9753974 1.62291
0.1424779 -0.9425529 1.557958
9
0.05430388 -0.2420843 1.735107
-0.0318803 -0.2373015 1.701915
0.1381758 -0.2363427 1.692979
-0.07537818 -0.5976341 1.700241
0.1609631 -0.5802249 1.685311
-0.1157654 -0.9523645 1.779161
0.1513483 -0.9160243 1.705632
-0.1179644 -0.9826567 1.636119
0.1441418 -0.9462962 1.562659
9
0.05430388 -0.2420843 1.735107
-0.0318803 -0.2373015 1.701915
0.1381758 -0.2363427 1.692979
-0.07537818 -0.5976341 1.700241
0.1609631 -0.5802249 1.685311
-0.1157654 -0.9523645 1.779161
0.1513483 -0.9160243 1.705632
-0.1179644 -0.9826567 1.636119
0.1441418 -0.9462962 1.562659
9
0.05430388 -0.2420843 1.735107
-0.0318803 -0.2373015 1.701915
0.1381758 -0.2363427 1.692979
-0.07537818 -0.5976341 1.700241
0.1609631 -0.5802249 1.685311
-0.1157654 -0.9523645 1.779161
0.1513483 -0.9160243 1.705632
-0.1179644 -0.9826567 1.636119
0.1441418 -0.9462962 1.562659
9
0.05430388 -0.2420843 1.735107
-0.0318803 -0.2373015 1.701915
0.1381758 -0.2363427 1.692979
-0.07537818 -0.5976341 1.700241
0.1609631 -0.5802249 1.685311
-0.1157654 -0.9523645 1.779161
0.1513483 -0.9160243 1.705632
-0.1179644 -0.9826567 1.636119
0.1441418 -0.9462962 1.562659
9
0.0600721 -0.2420064 1.739624
-0.02622746 -0.2368543 1.707212
0.1438221 -0.2366429 1.696762
-0.05438248 -0.6053678 1.720222
0.1630535 -0.5796797 1.68895
-0.07127853 -0.9724207 1.83348
0.1526302 -0.9158586 1.708116
-0.07513141 -1.002617 1.690284
0.1445986 -0.9459504 1.565079
9
0.0600721 -0.2420064 1.739624
-0.02622746 -0.2368543 1.707212
0.1438221 -0.2366429 1.696762
-0.05438248 -0.6053678 1.720222
0.1630535 -0.5796797 1.68895
-0.07127853 -0.9724207 1.83348
0.1526302 -0.9158586 1.708116
-0.07513141 -1.002617 1.690284
0.1445986 -0.9459504 1.565079
9
0.06468689 -0.2420784 1.743133
-0.02189925 -0.2368304 1.710807
0.1484983 -0.2368404 1.700139
-0.04852007 -0.6041257 1.724809
0.1646979 -0.579597 1.691314
-0.04736587 -0.9753278 1.850715
0.1534751 -0.9153445 1.709956
-0.09131163 -1.046873 1.793854
0.1452682 -0.9453149 1.566854
9
0.06468689 -0.2420784 1.743133
-0.02189925 -0.2368304 1.710807
0.1484983 -0.2368404 1.700139
-0.04852007 -0.6041257 1.724809
0.1646979 -0.579597 1.691314
-0.04736587 -0.9753278 1.850715
0.1534751 -0.9153445 1.709956
-0.09131163 -1.046873 1.793854
0.1452682 -0.9453149 1.566854
9
0.068115 -0.2424481 1.745757
-0.01854582 -0.2369955 1.713343
0.1518516 -0.2374247 1.702842
-0.03904065 -0.6058586 1.733438
0.1662926 -0.578691 1.692713
-0.02816268 -0.9758775 1.872613
0.1540812 -0.9149114 1.710716
-0.03293313 -1.006 1.729152
0.1458846 -0.9447365 1.56754
9
0.068115 -0.2424481 1.745757
-0.01854582 -0.2369955 1.713343
0.1518516 -0.2374247 1.702842
-0.03904065 -0.6058586 1.733438
0.1662926 -0.578691 1.692713
-0.02816268 -0.9758775 1.872613
0.1540812 -0.9149114 1.710716
-0.03293313 -1.006 1.729152
0.1458846 -0.9447365 1.56754
9
0.068115 -0.2424481 1.745757
-0.01854582 -0.2369955 1.713343
0.1518516 -0.2374247 1.702842
-0.03904065 -0.6058586 1.733438
0.1662926 -0.578691 1.692713
-0.02816268 -0.9758775 1.872613
0.1540812 -0.9149114 1.710716
-0.03293313 -1.006 1.729152
0.1458846 -0.9447365 1.56754
9
0.068115 -0.2424481 1.745757
-0.01854582 -0.2369955 1.713343
0.1518516 -0.2374247 1.702842
-0.03904065 -0.6058586 1.733438
0.1662926 -0.578691 1.692713
-0.02816268 -0.9758775 1.872613
0.1540812 -0.9149114 1.710716
-0.03293313 -1.006 1.729152
0.1458846 -0.9447365 1.56754
9
0.07203774 -0.2431018 1.752227
-0.01461162 -0.2374258 1.720082
0.155601 -0.2383092 1.709038
-0.02343128 -0.6119082 1.756799
0.1678578 -0.5765887 1.695857
0.003468365 -0.9683939 1.911944
0.1555807 -0.9134752 1.71124
-0.03705812 -1.043611 1.859401
0.1463897 -0.9429646 1.567951
9
0.07203774 -0.2431018 1.752227
-0.01461162 -0.2374258 1.720082
0.155601 -0.2383092 1.709038
-0.02343128 -0.6119082 1.756799
0.1678578 -0.5765887 1.695857
0.003468365 -0.9683939 1.911944
0.1555807 -0.9134752 1.71124
-0.03705812 -1.043611 1.859401
0.1463897 -0.9429646 1.567951
9
0.07203774 -0.2431018 1.752227
-0.01461162 -0.2374258 1.720082
0.155601 -0.2383092 1.709038
-0.02343128 -0.6119082 1.756799
0.1678578 -0.5765887 1.695857
0.003468365 -0.9683939 1.911944
0.1555807 -0.9134752 1.71124
-0.03705812 -1.043611 1.859401
0.1463897 -0.9429646 1.567951
9
0.07203774 -0.2431018 1.752227
-0.01461162 -0.2374258 1.720082
0.155601 -0.2383092 1.709038
-0.02343128 -0.6119082 1.756799
0.1678578 -0.5765887 1.695857
0.003468365 -0.9683939 1.911944
0.1555807 -0.9134752 1.71124
-0.03705812 -1.043611 1.859401
0.1463897 -0.9429646 1.567951
9
0.07436573 -0.2445357 1.76169
-0.01188776 -0.2390327 1.73061
0.1574833 -0.2395809 1.717484
-0.01481018 -0.6173462 1.779237
0.1688491 -0.5746012 1.701198
0.02071975 -0.9788135 1.939752
0.1573377 -0.9121682 1.712098
-0.02488442 -1.052275 1.889393
0.1470934 -0.9412042 1.568659
9
0.07436573 -0.2445357 1.76169
-0.01188776 -0.2390327 1.73061
0.1574833 -0.2395809 1.717484
-0.01481018 -0.6173462 1.779237
0.1688491 -0.5746012 1.701198
0.02071975 -0.9788135 1.939752
0.1573377 -0.9121682 1.712098
-0.02488442 -1.052275 1.889393
0.1470934 -0.9412042 1.568659
9
0.07436573 -0.2445357 1.76169
-0.01188776 -0.2390327 1.73061
0.1574833 -0.2395809 1.717484
-0.01481018 -0.6173462 1.779237
0.1688491 -0.5746012 1.701198
0.02071975 -0.9788135 1.939752
0.1573377 -0.9121682 1.712098
-0.02488442 -1.052275 1.889393
0.1470934 -0.9412042 1.568659
9
0.07436573 -0.2445357 1.76169
-0.01188776 -0.2390327 1.73061
0.1574833 -0.2395809 1.717484
-0.01481018 -0.6173462 1.779237
0.1688491 -0.5746012 1.701198
0.02071975 -0.9788135 1.939752
0.1573377 -0.9121682 1.712098
-0.02488442 -1.052275 1.889393
0.1470934 -0.9412042 1.568659
9
0.07374206 -0.2472648 1.777322
-0.01229711 -0.2421547 1.747713
0.1567089 -0.2419138 1.731655
-0.01261962 -0.6243412 1.804696
0.1685789 -0.5759526 1.711092
0.0241023 -0.9836133 1.945413
0.1591447 -0.9104813 1.713285
-0.02369243 -1.056459 1.897966
0.1466089 -0.9392997 1.569896
9
0.07374206 -0.2472648 1.777322
-0.01229711 -0.2421547 1.747713
0.1567089 -0.2419138 1.731655
-0.01261962 -0.6243412 1.804696
0.1685789 -0.5759526 1.711092
0.0241023 -0.9836133 1.945413
0.1591447 -0.9104813 1.713285
-0.02369243 -1.056459 1.897966
0.1466089 -0.9392997 1.569896
9
0.07215896 -0.2477153 1.787429
-0.01354706 -0.2421624 1.757369
0.1548505 -0.2428593 1.742182
-0.01240479 -0.6289982 1.819045
0.1674614 -0.5771713 1.718553
0.02664149 -0.9838592 1.94962
0.1602822 -0.9089102 1.714307
-0.02011059 -1.058427 1.915132
0.1468268 -0.9377145 1.570966
9
0.07215896 -0.2477153 1.787429
-0.01354706 -0.2421624 1.757369
0.1548505 -0.2428593 1.742182
-0.01240479 -0.6289982 1.819045
0.1674614 -0.5771713 1.718553
0.02664149 -0.9838592 1.94962
0.1602822 -0.9089102 1.714307
-0.02011059 -1.058427 1.915132
0.1468268 -0.9377145 1.570966
9
0.07215896 -0.2477153 1.787429
-0.01354706 -0.2421624 1.757369
0.1548505 -0.2428593 1.742182
-0.01240479 -0.6289982 1.819045
0.1674614 -0.5771713 1.718553
0.02664149 -0.9838592 1.94962
0.1602822 -0.9089102 1.714307
-0.02011059 -1.058427 1.915132
0.1468268 -0.9377145 1.570966
9
0.07215896 -0.2477153 1.787429
-0.01354706 -0.2421624 1.757369
0.1548505 -0.2428593 1.742182
-0.01240479 -0.6289982 1.819045
0.1674614 -0.5771713 1.718553
0.02664149 -0.9838592 1.94962
0.1602822 -0.9089102 1.714307
-0.02011059 -1.058427 1.915132
0.1468268 -0.9377145 1.570966
9
0.07215896 -0.2477153 1.787429
-0.01354706 -0.2421624 1.757369
0.1548505 -0.2428593 1.742182
-0.01240479 -0.6289982 1.819045
0.1674614 -0.5771713 1.718553
0.02664149 -0.9838592 1.94962
0.1602822 -0.9089102 1.714307
-0.02011059 -1.058427 1.915132
0.1468268 -0.9377145 1.570966
9
0.07215896 -0.2477153 1.787429
-0.01354706 -0.2421624 1.757369
0.1548505 -0.2428593 1.742182
-0.01240479 -0.6289982 1.819045
0.1674614 -0.5771713 1.718553
0.02664149 -0.9838592 1.94962
0.1602822 -0.9089102 1.714307
-0.02011059 -1.058427 1.915132
0.1468268 -0.9377145 1.570966
9
0.07215896 -0.2477153 1.787429
-0.01354706 -0.2421624 1.757369
0.1548505 -0.2428593 1.742182
-0.01240479 -0.6289982 1.819045
0.1674614 -0.5771713 1.718553
0.02664149 -0.9838592 1.94962
0.1602822 -0.9089102 1.714307
-0.02011059 -1.058427 1.915132
0.1468268 -0.9377145 1.570966
