40
9
-0.02074308 -0.02217854 1.771606
-0.1020728 -0.02712303 1.739722
0.06155213 -0.0162655 1.726045
-0.1750407 -0.393462 1.719824
0.09182352 -0.3899092 1.736472
-0.2384427 -0.7331393 1.79418
0.07891083 -0.725967 1.748052
-0.261325 -0.7914205 1.730746
0.08925659 -0.7829394 1.672874
9
-0.01146001 -0.02233399 1.769975
-0.0931906 -0.02696112 1.738449
0.0708387 -0.01673848 1.724045
-0.1688476 -0.3938467 1.717277
0.0973725 -0.3883916 1.736128
-0.2315458 -0.7315235 1.791236
0.08112787 -0.7259419 1.748378
-0.2564309 -0.7911358 1.729413
0.09028843 -0.7834285 1.675024
9
-0.01146001 -0.02233399 1.769975
-0.0931906 -0.02696112 1.738449
0.0708387 -0.01673848 1.724045
-0.1688476 -0.3938467 1.717277
0.0973725 -0.3883916 1.736128
-0.2315458 -0.7315235 1.791236
0.08112787 -0.7259419 1.748378
-0.2564309 -0.7911358 1.729413
0.09028843 -0.7834285 1.675024
9
-0.004021822 -0.02236028 1.769012
-0.08564244 -0.02667977 1.737839
0.07785846 -0.01705783 1.722742
-0.1619903 -0.3951237 1.715974
0.1019223 -0.3883876 1.736208
-0.2246259 -0.7324708 1.788309
0.08316417 -0.7266518 1.749045
-0.2532146 -0.7913692 1.727571
0.0914983 -0.7844558 1.675518
9
-0.004021822 -0.02236028 1.769012
-0.08564244 -0.02667977 1.737839
0.07785846 -0.01705783 1.722742
-0.1619903 -0.3951237 1.715974
0.1019223 -0.3883876 1.736208
-0.2246259 -0.7324708 1.788309
0.08316417 -0.7266518 1.749045
-0.2532146 -0.7913692 1.727571
0.0914983 -0.7844558 1.675518
9
0.002969196 -0.02215837 1.768365
-0.07910483 -0.02627733 1.737925
0.0850632 -0.01707591 1.721312
-0.1558506 -0.397379 1.714099
0.1056051 -0.3882532 1.735733
-0.2165109 -0.7329319 1.783323
0.08463597 -0.727415 1.749502
-0.2474982 -0.7936176 1.71689
0.09164916 -0.7841815 1.675708
9
0.002969196 -0.02215837 1.768365
-0.07910483 -0.02627733 1.737925
0.0850632 -0.01707591 1.721312
-0.1558506 -0.397379 1.714099
0.1056051 -0.3882532 1.735733
-0.2165109 -0.7329319 1.783323
0.08463597 -0.727415 1.749502
-0.2474982 -0.7936176 1.71689
0.09164916 -0.7841815 1.675708
9
0.008199 -0.02185661 1.768028
-0.07379956 -0.02577879 1.738036
0.08997358 -0.01697358 1.720558
-0.1457585 -0.3984842 1.711758
0.1090211 -0.3881583 1.735397
-0.2102461 -0.7361295 1.779567
0.0854592 -0.7275359 1.749911
-0.2443841 -0.7948405 1.717119
0.09287925 -0.7840267 1.675874
9
0.008199 -0.02185661 1.768028
-0.07379956 -0.02577879 1.738036
0.08997358 -0.01697358 1.720558
-0.1457585 -0.3984842 1.711758
0.1090211 -0.3881583 1.735397
-0.2102461 -0.7361295 1.779567
0.0854592 -0.7275359 1.749911
-0.2443841 -0.7948405 1.717119
0.09287925 -0.7840267 1.675874
9
0.01277511 -0.02157976 1.768345
-0.06931013 -0.02518303 1.738499
0.09441065 -0.0170244 1.720739
-0.1386141 -0.399665 1.710305
0.1129614 -0.3861653 1.73541
-0.2017787 -0.7378559 1.774903
0.08590474 -0.7280551 1.750227
-0.2374807 -0.7970865 1.709904
0.09338526 -0.7845679 1.676991
9
0.01277511 -0.02157976 1.768345
-0.06931013 -0.02518303 1.738499
0.09441065 -0.0170244 1.720739
-0.1386141 -0.399665 1.710305
0.1129614 -0.3861653 1.73541
-0.2017787 -0.7378559 1.774903
0.08590474 -0.7280551 1.750227
-0.2374807 -0.7970865 1.709904
0.09338526 -0.7845679 1.676991
9
0.01728039 -0.02140988 1.768135
-0.06487453 -0.02458787 1.738683
0.09882852 -0.01728592 1.720136
-0.1326624 -0.4006769 1.709488
0.1150745 -0.3860021 1.735611
-0.1938215 -0.7400828 1.770688
0.08614945 -0.7281467 1.750181
-0.2289885 -0.7963941 1.709524
0.09355721 -0.7846498 1.676915
9
0.01728039 -0.02140988 1.768135
-0.06487453 -0.02458787 1.738683
0.09882852 -0.01728592 1.720136
-0.1326624 -0.4006769 1.709488
0.1150745 -0.3860021 1.735611
-0.1938215 -0.7400828 1.770688
0.08614945 -0.7281467 1.750181
-0.2289885 -0.7963941 1.709524
0.09355721 -0.7846498 1.676915
9
0.0208291 -0.02137626 1.76825
-0.06122683 -0.02419496 1.739211
0.1021556 -0.01759658 1.719865
-0.1292882 -0.4016745 1.708275
0.1167791 -0.387073 1.735371
-0.1839763 -0.7417129 1.76626
0.08678289 -0.7285584 1.750614
-0.2299222 -0.7999445 1.70547
0.09362599 -0.785063 1.677234
9
0.0208291 -0.02137626 1.76825
-0.06122683 -0.02419496 1.739211
0.1021556 -0.01759658 1.719865
-0.1292882 -0.4016745 1.708275
0.1167791 -0.387073 1.735371
-0.1839763 -0.7417129 1.76626
0.08678289 -0.7285584 1.750614
-0.2299222 -0.7999445 1.70547
0.09362599 -0.785063 1.677234
9
0.0208291 -0.02137626 1.76825
-0.06122683 -0.02419496 1.739211
0.1021556 -0.01759658 1.719865
-0.1292882 -0.4016745 1.708275
0.1167791 -0.387073 1.735371
-0.1839763 -0.7417129 1.76626
0.08678289 -0.7285584 1.750614
-0.2299222 -0.7999445 1.70547
0.09362599 -0.785063 1.677234
9
0.0208291 -0.02137626 1.76825
-0.06122683 -0.02419496 1.739211
0.1021556 -0.01759658 1.719865
-0.1292882 -0.4016745 1.708275
0.1167791 -0.387073 1.735371
-0.1839763 -0.7417129 1.76626
0.08678289 -0.7285584 1.750614
-0.2299222 -0.7999445 1.70547
0.09362599 -0.785063 1.677234
9
0.02531414 -0.02083758 1.768324
-0.05661694 -0.02268706 1.739188
0.1064266 -0.01798354 1.720031
-0.1216819 -0.4038342 1.706977
0.1192747 -0.3886521 1.735134
-0.1728691 -0.7430658 1.764775
0.08784212 -0.7288168 1.750896
-0.2194858 -0.8017483 1.701073
0.09365411 -0.785389 1.677435
9
0.02531414 -0.02083758 1.768324
-0.05661694 -0.02268706 1.739188
0.1064266 -0.01798354 1.720031
-0.1216819 -0.4038342 1.706977
0.1192747 -0.3886521 1.735134
-0.1728691 -0.7430658 1.764775
0.08784212 -0.7288168 1.750896
-0.2194858 -0.8017483 1.701073
0.09365411 -0.785389 1.677435
9
0.02821537 -0.02042023 1.768465
-0.05380242 -0.02173058 1.73927
0.1092731 -0.01812811 1.720233
-0.1175951 -0.4039196 1.70642
0.1205743 -0.3882401 1.735019
-0.157749 -0.7368976 1.763889
0.08941679 -0.7296677 1.751387
-0.2085356 -0.800769 1.694726
0.09417229 -0.7860912 1.677494
9
0.02821537 -0.02042023 1.768465
-0.05380242 -0.02173058 1.73927
0.1092731 -0.01812811 1.720233
-0.1175951 -0.4039196 1.70642
0.1205743 -0.3882401 1.735019
-0.157749 -0.7368976 1.763889
0.08941679 -0.7296677 1.751387
-0.2085356 -0.800769 1.694726
0.09417229 -0.7860912 1.677494
9
0.03031264 -0.01971872 1.768493
-0.05144775 -0.02042434 1.739277
0.1110306 -0.01796202 1.720279
-0.1124703 -0.4035124 1.705667
0.1212218 -0.3878277 1.734947
-0.1473728 -0.734727 1.765381
0.09000555 -0.7297904 1.751402
-0.1942848 -0.7999923 1.695562
0.09423221 -0.7863795 1.677732
9
0.03031264 -0.01971872 1.768493
-0.05144775 -0.02042434 1.739277
0.1110306 -0.01796202 1.720279
-0.1124703 -0.4035124 1.705667
0.1212218 -0.3878277 1.734947
-0.1473728 -0.734727 1.765381
0.09000555 -0.7297904 1.751402
-0.1942848 -0.7999923 1.695562
0.09423221 -0.7863795 1.677732
9
0.03179414 -0.01939374 1.76844
-0.04987994 -0.01964537 1.739191
0.1123832 -0.01806958 1.720255
-0.1076834 -0.4034778 1.704871
0.1219669 -0.3878965 1.734762
-0.138467 -0.7346812 1.767795
0.09005435 -0.7302007 1.751502
-0.1829586 -0.7994372 1.696374
0.09413291 -0.7867351 1.677723
9
0.03179414 -0.01939374 1.76844
-0.04987994 -0.01964537 1.739191
0.1123832 -0.01806958 1.720255
-0.1076834 -0.4034778 1.704871
0.1219669 -0.3878965 1.734762
-0.138467 -0.7346812 1.767795
0.09005435 -0.7302007 1.751502
-0.1829586 -0.7994372 1.696374
0.09413291 -0.7867351 1.677723
9
0.03179414 -0.01939374 1.76844
-0.04987994 -0.01964537 1.739191
0.1123832 -0.01806958 1.720255
-0.1076834 -0.4034778 1.704871
0.1219669 -0.3878965 1.734762
-0.138467 -0.7346812 1.767795
0.09005435 -0.7302007 1.751502
-0.1829586 -0.7994372 1.696374
0.09413291 -0.7867351 1.677723
9
0.03179414 -0.01939374 1.76844
-0.04987994 -0.01964537 1.739191
0.1123832 -0.01806958 1.720255
-0.1076834 -0.4034778 1.704871
0.1219669 -0.3878965 1.734762
-0.138467 -0.7346812 1.767795
0.09005435 -0.7302007 1.751502
-0.1829586 -0.7994372 1.696374
0.09413291 -0.7867351 1.677723
9
0.03364652 -0.01891824 1.768838
-0.04804564 -0.018648 1.739576
0.1141883 -0.0181288 1.720682
-0.09857418 -0.4005119 1.705389
0.1226299 -0.3892845 1.734864
-0.1039488 -0.7345295 1.786136
0.09080678 -0.7302122 1.751625
-0.1584453 -0.7979105 1.707814
0.09423976 -0.7867597 1.677779
9
0.03364652 -0.01891824 1.768838
-0.04804564 -0.018648 1.739576
0.1141883 -0.0181288 1.720682
-0.09857418 -0.4005119 1.705389
0.1226299 -0.3892845 1.734864
-0.1039488 -0.7345295 1.786136
0.09080678 -0.7302122 1.751625
-0.1584453 -0.7979105 1.707814
0.09423976 -0.7867597 1.677779
9
0.03495431 -0.018583 1.769174
-0.04686828 -0.01799053 1.739728
0.1155916 -0.01817286 1.72123
-0.09235749 -0.4004543 1.707006
0.1229952 -0.3904716 1.734939
-0.09817215 -0.7383062 1.792237
0.09109252 -0.7303356 1.751616
-0.1441225 -0.8006166 1.720735
0.09424078 -0.7868464 1.677672
9
0.03495431 -0.018583 1.769174
-0.04686828 -0.01799053 1.739728
0.1155916 -0.01817286 1.72123
-0.09235749 -0.4004543 1.707006
0.1229952 -0.3904716 1.734939
-0.09817215 -0.7383062 1.792237
0.09109252 -0.7303356 1.751616
-0.1441225 -0.8006166 1.720735
0.09424078 -0.7868464 1.677672
9
0.03587015 -0.01838043 1.769557
-0.04604249 -0.01755012 1.739977
0.1165554 -0.01825531 1.72177
-0.0879173 -0.3979306 1.708282
0.123109 -0.3904546 1.73486
-0.09303875 -0.7376575 1.800638
0.09154262 -0.7306656 1.751935
-0.1381568 -0.8019958 1.728555
0.09430254 -0.7869461 1.677539
9
0.03587015 -0.01838043 1.769557
-0.04604249 -0.01755012 1.739977
0.1165554 -0.01825531 1.72177
-0.0879173 -0.3979306 1.708282
0.123109 -0.3904546 1.73486
-0.09303875 -0.7376575 1.800638
0.09154262 -0.7306656 1.751935
-0.1381568 -0.8019958 1.728555
0.09430254 -0.7869461 1.677539
9
0.03642572 -0.01839032 1.769788
-0.0456824 -0.01745144 1.74005
0.1173 -0.01845147 1.722218
-0.08524612 -0.3956322 1.709832
0.1231492 -0.3910919 1.734914
-0.086941 -0.7379569 1.811912
0.09193061 -0.7307212 1.752075
-0.1224539 -0.8006941 1.75316
0.09437753 -0.7869377 1.677531
9
0.03642572 -0.01839032 1.769788
-0.0456824 -0.01745144 1.74005
0.1173 -0.01845147 1.722218
-0.08524612 -0.3956322 1.709832
0.1231492 -0.3910919 1.734914
-0.086941 -0.7379569 1.811912
0.09193061 -0.7307212 1.752075
-0.1224539 -0.8006941 1.75316
0.09437753 -0.7869377 1.677531
9
0.03678738 -0.01842244 1.770425
-0.04549195 -0.01733648 1.740375
0.1178273 -0.0187471 1.723273
-0.08347997 -0.3923609 1.711866
0.1232654 -0.3914887 1.735045
-0.08379171 -0.7385654 1.824529
0.09225025 -0.7306856 1.752191
-0.11951 -0.8023813 1.775161
0.09440378 -0.7868634 1.677545
9
0.03678738 -0.01842244 1.770425
-0.04549195 -0.01733648 1.740375
0.1178273 -0.0187471 1.723273
-0.08347997 -0.3923609 1.711866
0.1232654 -0.3914887 1.735045
-0.08379171 -0.7385654 1.824529
0.09225025 -0.7306856 1.752191
-0.11951 -0.8023813 1.775161
0.09440378 -0.7868634 1.677545
9
0.03707166 -0.01842334 1.771308
-0.04529266 -0.01721141 1.740862
0.1181332 -0.01894422 1.72462
-0.08281665 -0.3908659 1.715008
0.1233124 -0.3914553 1.735096
-0.08337925 -0.7421488 1.846165
0.09260335 -0.730694 1.752301
-0.1210414 -0.8042755 1.78754
0.09456024 -0.7868497 1.677596
9
0.03707166 -0.01842334 1.771308
-0.04529266 -0.01721141 1.740862
0.1181332 -0.01894422 1.72462
-0.08281665 -0.3908659 1.715008
0.1233124 -0.3914553 1.735096
-0.08337925 -0.7421488 1.846165
0.09260335 -0.730694 1.752301
-0.1210414 -0.8042755 1.78754
0.09456024 -0.7868497 1.677596
9
0.03677743 -0.01862532 1.773247
-0.0456027 -0.01715354 1.742
0.1178509 -0.01949039 1.727482
-0.08380458 -0.3858335 1.719232
0.1233636 -0.3917007 1.735887
-0.0854921 -0.74055 1.855191
0.09283435 -0.7311386 1.752643
-0.1211867 -0.8033243 1.806561
0.09463364 -0.7871231 1.677634
