40
9
0.1223303 -0.031645 1.779019
0.03521828 -0.02703272 1.74927
0.2041294 -0.03489557 1.731066
-0.003490217 -0.4061773 1.757788
0.2230313 -0.4256532 1.726502
-0.01911241 -0.7674313 1.881948
0.1925689 -0.7460622 1.695153
-0.07173408 -0.8250073 1.799111
0.1893889 -0.8111315 1.598904
9
0.1223303 -0.031645 1.779019
0.03521828 -0.02703272 1.74927
0.2041294 -0.03489557 1.731066
-0.003490217 -0.4061773 1.757788
0.2230313 -0.4256532 1.726502
-0.01911241 -0.7674313 1.881948
0.1925689 -0.7460622 1.695153
-0.07173408 -0.8250073 1.799111
0.1893889 -0.8111315 1.598904
9
0.1223303 -0.031645 1.779019
0.03521828 -0.02703272 1.74927
0.2041294 -0.03489557 1.731066
-0.003490217 -0.4061773 1.757788
0.2230313 -0.4256532 1.726502
-0.01911241 -0.7674313 1.881948
0.1925689 -0.7460622 1.695153
-0.07173408 -0.8250073 1.799111
0.1893889 -0.8111315 1.598904
9
0.1223303 -0.031645 1.779019
0.03521828 -0.02703272 1.74927
0.2041294 -0.03489557 1.731066
-0.003490217 -0.4061773 1.757788
0.2230313 -0.4256532 1.726502
-0.01911241 -0.7674313 1.881948
0.1925689 -0.7460622 1.695153
-0.07173408 -0.8250073 1.799111
0.1893889 -0.8111315 1.598904
9
0.1223303 -0.031645 1.779019
0.03521828 -0.02703272 1.74927
0.2041294 -0.03489557 1.731066
-0.003490217 -0.4061773 1.757788
0.2230313 -0.4256532 1.726502
-0.01911241 -0.7674313 1.881948
0.1925689 -0.7460622 1.695153
-0.07173408 -0.8250073 1.799111
0.1893889 -0.8111315 1.598904
9
0.103389 -0.03355582 1.796337
0.0170482 -0.03008191 1.767406
0.1852448 -0.03561113 1.747556
-0.02610537 -0.418094 1.787318
0.2161353 -0.4277206 1.732299
-0.04486497 -0.7759632 1.89454
0.1928828 -0.745989 1.695192
-0.0848404 -0.8353724 1.803367
0.1889361 -0.8121156 1.600322
9
0.103389 -0.03355582 1.796337
0.0170482 -0.03008191 1.767406
0.1852448 -0.03561113 1.747556
-0.02610537 -0.418094 1.787318
0.2161353 -0.4277206 1.732299
-0.04486497 -0.7759632 1.89454
0.1928828 -0.745989 1.695192
-0.0848404 -0.8353724 1.803367
0.1889361 -0.8121156 1.600322
9
0.09576681 -0.03402638 1.802419
0.009549033 -0.03076364 1.773809
0.1778798 -0.03584654 1.753264
-0.02760928 -0.4174325 1.789353
0.2105759 -0.4307151 1.736427
-0.04574686 -0.7763196 1.895706
0.1929909 -0.74589 1.695217
-0.08842587 -0.8370647 1.808485
0.1887813 -0.8118021 1.600057
9
0.08835385 -0.03387883 1.808702
0.002633644 -0.0310989 1.77984
0.1702861 -0.03519598 1.759784
-0.03086022 -0.4166584 1.795622
0.2040407 -0.4354586 1.740424
-0.04640056 -0.7758707 1.896774
0.1930979 -0.7458441 1.695362
-0.09055856 -0.8389983 1.814514
0.1884429 -0.811409 1.599741
9
0.08835385 -0.03387883 1.808702
0.002633644 -0.0310989 1.77984
0.1702861 -0.03519598 1.759784
-0.03086022 -0.4166584 1.795622
0.2040407 -0.4354586 1.740424
-0.04640056 -0.7758707 1.896774
0.1930979 -0.7458441 1.695362
-0.09055856 -0.8389983 1.814514
0.1884429 -0.811409 1.599741
9
0.08835385 -0.03387883 1.808702
0.002633644 -0.0310989 1.77984
0.1702861 -0.03519598 1.759784
-0.03086022 -0.4166584 1.795622
0.2040407 -0.4354586 1.740424
-0.04640056 -0.7758707 1.896774
0.1930979 -0.7458441 1.695362
-0.09055856 -0.8389983 1.814514
0.1884429 -0.811409 1.599741
9
0.07912027 -0.03351513 1.816234
-0.006046065 -0.03181683 1.787262
0.1608519 -0.03373954 1.767443
-0.03400731 -0.416296 1.804277
0.199172 -0.4356311 1.743247
-0.04681849 -0.7756792 1.897706
0.1931303 -0.7452685 1.695615
-0.09049022 -0.8386917 1.814789
0.1881506 -0.8110085 1.60021
9
0.06933025 -0.03380117 1.824483
-0.01560542 -0.0327433 1.795838
0.151319 -0.03341231 1.775316
-0.03890139 -0.4176061 1.817816
0.192342 -0.4406976 1.746008
-0.04757112 -0.7747296 1.899451
0.1931305 -0.7453057 1.695701
-0.09101841 -0.83892 1.818234
0.1875776 -0.8102294 1.599238
9
0.06933025 -0.03380117 1.824483
-0.01560542 -0.0327433 1.795838
0.151319 -0.03341231 1.775316
-0.03890139 -0.4176061 1.817816
0.192342 -0.4406976 1.746008
-0.04757112 -0.7747296 1.899451
0.1931305 -0.7453057 1.695701
-0.09101841 -0.83892 1.818234
0.1875776 -0.8102294 1.599238
9
0.06933025 -0.03380117 1.824483
-0.01560542 -0.0327433 1.795838
0.151319 -0.03341231 1.775316
-0.03890139 -0.4176061 1.817816
0.192342 -0.4406976 1.746008
-0.04757112 -0.7747296 1.899451
0.1931305 -0.7453057 1.695701
-0.09101841 -0.83892 1.818234
0.1875776 -0.8102294 1.599238
9
0.06057438 -0.03351178 1.83277
-0.0242759 -0.03350447 1.805218
0.1428205 -0.0321609 1.782608
-0.04258562 -0.4131397 1.827528
0.1862955 -0.4397966 1.748852
-0.04836452 -0.7745787 1.901464
0.1927416 -0.7452798 1.696459
-0.09119251 -0.8396179 1.821096
0.18698 -0.8100404 1.599782
9
0.05105433 -0.03332723 1.840359
-0.03359191 -0.03391793 1.813381
0.1335747 -0.03138321 1.789545
-0.04758712 -0.4108928 1.837198
0.1800979 -0.4397644 1.751366
-0.04991291 -0.7743632 1.902818
0.1926835 -0.745544 1.696627
-0.09017104 -0.8385862 1.818768
0.1867151 -0.8101217 1.599726
9
0.05105433 -0.03332723 1.840359
-0.03359191 -0.03391793 1.813381
0.1335747 -0.03138321 1.789545
-0.04758712 -0.4108928 1.837198
0.1800979 -0.4397644 1.751366
-0.04991291 -0.7743632 1.902818
0.1926835 -0.745544 1.696627
-0.09017104 -0.8385862 1.818768
0.1867151 -0.8101217 1.599726
9
0.05105433 -0.03332723 1.840359
-0.03359191 -0.03391793 1.813381
0.1335747 -0.03138321 1.789545
-0.04758712 -0.4108928 1.837198
0.1800979 -0.4397644 1.751366
-0.04991291 -0.7743632 1.902818
0.1926835 -0.745544 1.696627
-0.09017104 -0.8385862 1.818768
0.1867151 -0.8101217 1.599726
9
0.04004519 -0.03323209 1.849113
-0.04433799 -0.03394837 1.822649
0.1228057 -0.031147 1.797738
-0.05371628 -0.414465 1.852636
0.1705768 -0.4499968 1.755237
-0.05046754 -0.7736343 1.90591
0.191911 -0.7478415 1.696611
-0.08967028 -0.8371999 1.819916
0.1865335 -0.8109891 1.597973
9
0.04004519 -0.03323209 1.849113
-0.04433799 -0.03394837 1.822649
0.1228057 -0.031147 1.797738
-0.05371628 -0.414465 1.852636
0.1705768 -0.4499968 1.755237
-0.05046754 -0.7736343 1.90591
0.191911 -0.7478415 1.696611
-0.08967028 -0.8371999 1.819916
0.1865335 -0.8109891 1.597973
9
0.04004519 -0.03323209 1.849113
-0.04433799 -0.03394837 1.822649
0.1228057 -0.031147 1.797738
-0.05371628 -0.414465 1.852636
0.1705768 -0.4499968 1.755237
-0.05046754 -0.7736343 1.90591
0.191911 -0.7478415 1.696611
-0.08967028 -0.8371999 1.819916
0.1865335 -0.8109891 1.597973
9
0.04004519 -0.03323209 1.849113
-0.04433799 -0.03394837 1.822649
0.1228057 -0.031147 1.797738
-0.05371628 -0.414465 1.852636
0.1705768 -0.4499968 1.755237
-0.05046754 -0.7736343 1.90591
0.191911 -0.7478415 1.696611
-0.08967028 -0.8371999 1.819916
0.1865335 -0.8109891 1.597973
9
0.04004519 -0.03323209 1.849113
-0.04433799 -0.03394837 1.822649
0.1228057 -0.031147 1.797738
-0.05371628 -0.414465 1.852636
0.1705768 -0.4499968 1.755237
-0.05046754 -0.7736343 1.90591
0.191911 -0.7478415 1.696611
-0.08967028 -0.8371999 1.819916
0.1865335 -0.8109891 1.597973
9
0.04004519 -0.03323209 1.849113
-0.04433799 -0.03394837 1.822649
0.1228057 -0.031147 1.797738
-0.05371628 -0.414465 1.852636
0.1705768 -0.4499968 1.755237
-0.05046754 -0.7736343 1.90591
0.191911 -0.7478415 1.696611
-0.08967028 -0.8371999 1.819916
0.1865335 -0.8109891 1.597973
9
0.009203874 -0.03587075 1.883111
-0.07399987 -0.03810574 1.857445
0.09206735 -0.0321711 1.830937
-0.06485131 -0.4088212 1.884326
0.1593159 -0.456244 1.760595
-0.05182044 -0.7743493 1.910612
0.1905816 -0.7532439 1.693449
-0.08942969 -0.8370895 1.82217
0.1864846 -0.812515 1.590508
9
0.009203874 -0.03587075 1.883111
-0.07399987 -0.03810574 1.857445
0.09206735 -0.0321711 1.830937
-0.06485131 -0.4088212 1.884326
0.1593159 -0.456244 1.760595
-0.05182044 -0.7743493 1.910612
0.1905816 -0.7532439 1.693449
-0.08942969 -0.8370895 1.82217
0.1864846 -0.812515 1.590508
9
0.007628071 -0.03569371 1.885002
-0.07563 -0.03818391 1.859496
0.09060466 -0.03175852 1.832677
-0.06676078 -0.4092814 1.887111
0.1542974 -0.4575596 1.762886
-0.05258856 -0.774166 1.91248
0.1902351 -0.7539379 1.693088
-0.0907789 -0.8350024 1.821778
0.1866481 -0.8129802 1.589921
9
0.004277697 -0.03524638 1.88986
-0.07877307 -0.03813109 1.864365
0.08719137 -0.03092261 1.837512
-0.06898782 -0.409811 1.890916
0.1508861 -0.4582284 1.765014
-0.05304404 -0.7742076 1.913658
0.1898966 -0.7547426 1.693025
-0.09091143 -0.8361282 1.824212
0.1866593 -0.8134844 1.589557
9
0.004277697 -0.03524638 1.88986
-0.07877307 -0.03813109 1.864365
0.08719137 -0.03092261 1.837512
-0.06898782 -0.409811 1.890916
0.1508861 -0.4582284 1.765014
-0.05304404 -0.7742076 1.913658
0.1898966 -0.7547426 1.693025
-0.09091143 -0.8361282 1.824212
0.1866593 -0.8134844 1.589557
9
0.0007066762 -0.03423329 1.894662
-0.08209971 -0.03741958 1.869564
0.08352828 -0.02965374 1.841933
-0.07029496 -0.408584 1.893745
0.1478828 -0.4587694 1.767635
-0.05407381 -0.774171 1.913999
0.1883108 -0.7562625 1.695763
-0.09197821 -0.8353882 1.823615
0.1869576 -0.8124335 1.58968
9
0.0007066762 -0.03423329 1.894662
-0.08209971 -0.03741958 1.869564
0.08352828 -0.02965374 1.841933
-0.07029496 -0.408584 1.893745
0.1478828 -0.4587694 1.767635
-0.05407381 -0.774171 1.913999
0.1883108 -0.7562625 1.695763
-0.09197821 -0.8353882 1.823615
0.1869576 -0.8124335 1.58968
9
-0.00271236 -0.03295047 1.900186
-0.08529982 -0.03697718 1.875028
0.07999847 -0.02753241 1.847556
-0.07183193 -0.4127116 1.899374
0.1442461 -0.4568572 1.772425
-0.05482212 -0.7745018 1.914722
0.1851894 -0.7552607 1.709875
-0.09366904 -0.8287975 1.816555
0.1846909 -0.8099287 1.602175
9
-0.00271236 -0.03295047 1.900186
-0.08529982 -0.03697718 1.875028
0.07999847 -0.02753241 1.847556
-0.07183193 -0.4127116 1.899374
0.1442461 -0.4568572 1.772425
-0.05482212 -0.7745018 1.914722
0.1851894 -0.7552607 1.709875
-0.09366904 -0.8287975 1.816555
0.1846909 -0.8099287 1.602175
9
-0.005281862 -0.03200062 1.904034
-0.08781716 -0.036537 1.87892
0.07749122 -0.02611941 1.851343
-0.07308818 -0.4136973 1.901874
0.1416976 -0.4575046 1.777267
-0.05541465 -0.7747195 1.914643
0.1830113 -0.7585221 1.721863
-0.09376578 -0.8290948 1.816264
0.1820411 -0.8119677 1.612944
9
-0.005281862 -0.03200062 1.904034
-0.08781716 -0.036537 1.87892
0.07749122 -0.02611941 1.851343
-0.07308818 -0.4136973 1.901874
0.1416976 -0.4575046 1.777267
-0.05541465 -0.7747195 1.914643
0.1830113 -0.7585221 1.721863
-0.09376578 -0.8290948 1.816264
0.1820411 -0.8119677 1.612944
9
-0.005281862 -0.03200062 1.904034
-0.08781716 -0.036537 1.87892
0.07749122 -0.02611941 1.851343
-0.07308818 -0.4136973 1.901874
0.1416976 -0.4575046 1.777267
-0.05541465 -0.7747195 1.914643
0.1830113 -0.7585221 1.721863
-0.09376578 -0.8290948 1.816264
0.1820411 -0.8119677 1.612944
9
-0.005281862 -0.03200062 1.904034
-0.08781716 -0.036537 1.87892
0.07749122 -0.02611941 1.851343
-0.07308818 -0.4136973 1.901874
0.1416976 -0.4575046 1.777267
-0.05541465 -0.7747195 1.914643
0.1830113 -0.7585221 1.721863
-0.09376578 -0.8290948 1.816264
0.1820411 -0.8119677 1.612944
9
-0.005281862 -0.03200062 1.904034
-0.08781716 -0.036537 1.87892
0.07749122 -0.02611941 1.851343
-0.07308818 -0.4136973 1.901874
0.1416976 -0.4575046 1.777267
-0.05541465 -0.7747195 1.914643
0.1830113 -0.7585221 1.721863
-0.09376578 -0.8290948 1.816264
0.1820411 -0.8119677 1.612944
9
-0.005281862 -0.03200062 1.904034
-0.08781716 -0.036537 1.87892
0.07749122 -0.02611941 1.851343
-0.07308818 -0.4136973 1.901874
0.1416976 -0.4575046 1.777267
-0.05541465 -0.7747195 1.914643
0.1830113 -0.7585221 1.721863
-0.09376578 -0.8290948 1.816264
0.1820411 -0.8119677 1.612944
