40
9
-0.04633982 -0.02777882 1.847578
-0.1296226 -0.02524615 1.815357
0.03889824 -0.02913705 1.801826
-0.1886775 -0.4352967 1.799836
0.06539796 -0.4240325 1.820714
-0.2297569 -0.7652896 1.816588
0.04776557 -0.759416 1.824406
-0.2649752 -0.8189105 1.712977
0.04185616 -0.8235291 1.725059
9
-0.04633982 -0.02777882 1.847578
-0.1296226 -0.02524615 1.815357
0.03889824 -0.02913705 1.801826
-0.1886775 -0.4352967 1.799836
0.06539796 -0.4240325 1.820714
-0.2297569 -0.7652896 1.816588
0.04776557 -0.759416 1.824406
-0.2649752 -0.8189105 1.712977
0.04185616 -0.8235291 1.725059
9
-0.05378627 -0.0277551 1.845994
-0.1369765 -0.02529346 1.812639
0.03154921 -0.0290461 1.801366
-0.1918978 -0.4331259 1.798442
0.06208669 -0.4233941 1.820699
-0.2305877 -0.7648684 1.815704
0.04662459 -0.759683 1.824647
-0.265277 -0.8194128 1.713307
0.04195931 -0.8235217 1.724889
9
-0.05378627 -0.0277551 1.845994
-0.1369765 -0.02529346 1.812639
0.03154921 -0.0290461 1.801366
-0.1918978 -0.4331259 1.798442
0.06208669 -0.4233941 1.820699
-0.2305877 -0.7648684 1.815704
0.04662459 -0.759683 1.824647
-0.265277 -0.8194128 1.713307
0.04195931 -0.8235217 1.724889
9
-0.06361479 -0.02761576 1.843594
-0.1465246 -0.02528514 1.809234
0.02190477 -0.02878312 1.80002
-0.1956854 -0.4305578 1.797379
0.05242723 -0.417305 1.819324
-0.2316691 -0.7650824 1.814741
0.04605621 -0.7589411 1.824569
-0.2669365 -0.8199761 1.712453
0.04133728 -0.8234714 1.725641
9
-0.06361479 -0.02761576 1.843594
-0.1465246 -0.02528514 1.809234
0.02190477 -0.02878312 1.80002
-0.1956854 -0.4305578 1.797379
0.05242723 -0.417305 1.819324
-0.2316691 -0.7650824 1.814741
0.04605621 -0.7589411 1.824569
-0.2669365 -0.8199761 1.712453
0.04133728 -0.8234714 1.725641
9
-0.07306524 -0.02706374 1.842014
-0.1557221 -0.0246694 1.807082
0.01266586 -0.02831691 1.79907
-0.2003084 -0.4265125 1.797216
0.04475632 -0.4261588 1.819924
-0.2320898 -0.7651802 1.814572
0.04565959 -0.7588287 1.824522
-0.2669798 -0.8199515 1.712507
0.04132685 -0.8234331 1.725661
9
-0.07306524 -0.02706374 1.842014
-0.1557221 -0.0246694 1.807082
0.01266586 -0.02831691 1.79907
-0.2003084 -0.4265125 1.797216
0.04475632 -0.4261588 1.819924
-0.2320898 -0.7651802 1.814572
0.04565959 -0.7588287 1.824522
-0.2669798 -0.8199515 1.712507
0.04132685 -0.8234331 1.725661
9
-0.0833917 -0.02661089 1.83979
-0.1656087 -0.02444444 1.804724
0.00238044 -0.02765087 1.797036
-0.2060109 -0.4212934 1.796341
0.03870173 -0.4305207 1.819425
-0.2321359 -0.7652972 1.814715
0.04503449 -0.7589799 1.824576
-0.2694293 -0.8208241 1.71192
0.04104789 -0.8234221 1.725502
9
-0.0833917 -0.02661089 1.83979
-0.1656087 -0.02444444 1.804724
0.00238044 -0.02765087 1.797036
-0.2060109 -0.4212934 1.796341
0.03870173 -0.4305207 1.819425
-0.2321359 -0.7652972 1.814715
0.04503449 -0.7589799 1.824576
-0.2694293 -0.8208241 1.71192
0.04104789 -0.8234221 1.725502
9
-0.09206031 -0.02715291 1.837725
-0.1742317 -0.02532895 1.802297
-0.00597754 -0.02783748 1.795351
-0.2108223 -0.4194905 1.796514
0.03299941 -0.4344091 1.818761
-0.2324466 -0.7661843 1.814326
0.04303303 -0.759735 1.824864
-0.269607 -0.8210109 1.71207
0.04064922 -0.8232614 1.724638
9
-0.09206031 -0.02715291 1.837725
-0.1742317 -0.02532895 1.802297
-0.00597754 -0.02783748 1.795351
-0.2108223 -0.4194905 1.796514
0.03299941 -0.4344091 1.818761
-0.2324466 -0.7661843 1.814326
0.04303303 -0.759735 1.824864
-0.269607 -0.8210109 1.71207
0.04064922 -0.8232614 1.724638
9
-0.1019121 -0.02737093 1.836203
-0.1837579 -0.0259435 1.800776
-0.01572865 -0.02764089 1.793862
-0.2159566 -0.4164463 1.796981
0.02738359 -0.436186 1.817707
-0.2327326 -0.7661376 1.814451
0.04105319 -0.7604332 1.825292
-0.2691476 -0.8204697 1.712563
0.04090005 -0.8233755 1.724371
9
-0.1019121 -0.02737093 1.836203
-0.1837579 -0.0259435 1.800776
-0.01572865 -0.02764089 1.793862
-0.2159566 -0.4164463 1.796981
0.02738359 -0.436186 1.817707
-0.2327326 -0.7661376 1.814451
0.04105319 -0.7604332 1.825292
-0.2691476 -0.8204697 1.712563
0.04090005 -0.8233755 1.724371
9
-0.1115924 -0.02768977 1.834462
-0.1934462 -0.02660848 1.798342
-0.0250283 -0.02761194 1.792816
-0.2204751 -0.4134816 1.797275
0.01933926 -0.4376651 1.816499
-0.2331857 -0.7664016 1.814185
0.04051847 -0.76017 1.824913
-0.2732916 -0.8220479 1.707229
0.0404251 -0.8233159 1.724229
9
-0.1115924 -0.02768977 1.834462
-0.1934462 -0.02660848 1.798342
-0.0250283 -0.02761194 1.792816
-0.2204751 -0.4134816 1.797275
0.01933926 -0.4376651 1.816499
-0.2331857 -0.7664016 1.814185
0.04051847 -0.76017 1.824913
-0.2732916 -0.8220479 1.707229
0.0404251 -0.8233159 1.724229
9
-0.1115924 -0.02768977 1.834462
-0.1934462 -0.02660848 1.798342
-0.0250283 -0.02761194 1.792816
-0.2204751 -0.4134816 1.797275
0.01933926 -0.4376651 1.816499
-0.2331857 -0.7664016 1.814185
0.04051847 -0.76017 1.824913
-0.2732916 -0.8220479 1.707229
0.0404251 -0.8233159 1.724229
9
-0.1115924 -0.02768977 1.834462
-0.1934462 -0.02660848 1.798342
-0.0250283 -0.02761194 1.792816
-0.2204751 -0.4134816 1.797275
0.01933926 -0.4376651 1.816499
-0.2331857 -0.7664016 1.814185
0.04051847 -0.76017 1.824913
-0.2732916 -0.8220479 1.707229
0.0404251 -0.8233159 1.724229
9
-0.1297678 -0.02789897 1.831114
-0.211138 -0.0278401 1.793887
-0.0429679 -0.02678684 1.790627
-0.2298854 -0.4211161 1.800912
0.0061107 -0.4368751 1.811443
-0.2344173 -0.7674499 1.814863
0.03861084 -0.7595357 1.823669
-0.2778505 -0.823433 1.704211
0.04049187 -0.8236967 1.724251
9
-0.1297678 -0.02789897 1.831114
-0.211138 -0.0278401 1.793887
-0.0429679 -0.02678684 1.790627
-0.2298854 -0.4211161 1.800912
0.0061107 -0.4368751 1.811443
-0.2344173 -0.7674499 1.814863
0.03861084 -0.7595357 1.823669
-0.2778505 -0.823433 1.704211
0.04049187 -0.8236967 1.724251
9
-0.1297678 -0.02789897 1.831114
-0.211138 -0.0278401 1.793887
-0.0429679 -0.02678684 1.790627
-0.2298854 -0.4211161 1.800912
0.0061107 -0.4368751 1.811443
-0.2344173 -0.7674499 1.814863
0.03861084 -0.7595357 1.823669
-0.2778505 -0.823433 1.704211
0.04049187 -0.8236967 1.724251
9
-0.1297678 -0.02789897 1.831114
-0.211138 -0.0278401 1.793887
-0.0429679 -0.02678684 1.790627
-0.2298854 -0.4211161 1.800912
0.0061107 -0.4368751 1.811443
-0.2344173 -0.7674499 1.814863
0.03861084 -0.7595357 1.823669
-0.2778505 -0.823433 1.704211
0.04049187 -0.8236967 1.724251
9
-0.1442938 -0.02918185 1.828199
-0.2255777 -0.02952517 1.790537
-0.05685802 -0.0276127 1.788212
-0.2372812 -0.4239681 1.802355
-0.003263424 -0.439602 1.806109
-0.2348567 -0.7670308 1.814872
0.03592901 -0.7595906 1.821455
-0.2868331 -0.8260756 1.698697
0.03952588 -0.8242414 1.722757
9
-0.1442938 -0.02918185 1.828199
-0.2255777 -0.02952517 1.790537
-0.05685802 -0.0276127 1.788212
-0.2372812 -0.4239681 1.802355
-0.003263424 -0.439602 1.806109
-0.2348567 -0.7670308 1.814872
0.03592901 -0.7595906 1.821455
-0.2868331 -0.8260756 1.698697
0.03952588 -0.8242414 1.722757
9
-0.1535637 -0.02912345 1.826962
-0.2345832 -0.02979636 1.788892
-0.06601553 -0.02722016 1.787422
-0.2417299 -0.4261995 1.803346
-0.009400791 -0.4429909 1.802555
-0.2353071 -0.7672316 1.814876
0.0346685 -0.7605054 1.820215
-0.2973429 -0.8298115 1.698943
0.03892846 -0.8249993 1.721407
9
-0.1535637 -0.02912345 1.826962
-0.2345832 -0.02979636 1.788892
-0.06601553 -0.02722016 1.787422
-0.2417299 -0.4261995 1.803346
-0.009400791 -0.4429909 1.802555
-0.2353071 -0.7672316 1.814876
0.0346685 -0.7605054 1.820215
-0.2973429 -0.8298115 1.698943
0.03892846 -0.8249993 1.721407
9
-0.1598824 -0.02919028 1.826137
-0.2407956 -0.03023317 1.787855
-0.07217588 -0.02691505 1.786833
-0.2453334 -0.4254211 1.803408
-0.01505355 -0.4453624 1.797712
-0.23543 -0.767101 1.814939
0.03087445 -0.7637308 1.817551
-0.2973795 -0.8295842 1.698822
0.038078 -0.8258826 1.716332
9
-0.1598824 -0.02919028 1.826137
-0.2407956 -0.03023317 1.787855
-0.07217588 -0.02691505 1.786833
-0.2453334 -0.4254211 1.803408
-0.01505355 -0.4453624 1.797712
-0.23543 -0.767101 1.814939
0.03087445 -0.7637308 1.817551
-0.2973795 -0.8295842 1.698822
0.038078 -0.8258826 1.716332
9
-0.1659712 -0.02914322 1.825527
-0.2469896 -0.0303775 1.786754
-0.07792244 -0.02668393 1.786717
-0.2483017 -0.4245934 1.80321
-0.02065295 -0.4468871 1.79294
-0.2358656 -0.7671007 1.814748
0.02947481 -0.7641007 1.816566
-0.2925187 -0.8279403 1.70126
0.03763064 -0.8261643 1.715379
9
-0.1659712 -0.02914322 1.825527
-0.2469896 -0.0303775 1.786754
-0.07792244 -0.02668393 1.786717
-0.2483017 -0.4245934 1.80321
-0.02065295 -0.4468871 1.79294
-0.2358656 -0.7671007 1.814748
0.02947481 -0.7641007 1.816566
-0.2925187 -0.8279403 1.70126
0.03763064 -0.8261643 1.715379
9
-0.1714527 -0.02896275 1.824921
-0.2526282 -0.03058923 1.785691
-0.08304409 -0.02613378 1.786572
-0.2507047 -0.4239206 1.803074
-0.02502741 -0.4465191 1.788087
-0.2366138 -0.7675567 1.814638
0.02229268 -0.7583753 1.808745
-0.3014433 -0.8294744 1.700807
0.03742529 -0.8259302 1.715854
9
-0.1714527 -0.02896275 1.824921
-0.2526282 -0.03058923 1.785691
-0.08304409 -0.02613378 1.786572
-0.2507047 -0.4239206 1.803074
-0.02502741 -0.4465191 1.788087
-0.2366138 -0.7675567 1.814638
0.02229268 -0.7583753 1.808745
-0.3014433 -0.8294744 1.700807
0.03742529 -0.8259302 1.715854
9
-0.1714527 -0.02896275 1.824921
-0.2526282 -0.03058923 1.785691
-0.08304409 -0.02613378 1.786572
-0.2507047 -0.4239206 1.803074
-0.02502741 -0.4465191 1.788087
-0.2366138 -0.7675567 1.814638
0.02229268 -0.7583753 1.808745
-0.3014433 -0.8294744 1.700807
0.03742529 -0.8259302 1.715854
9
-0.1714527 -0.02896275 1.824921
-0.2526282 -0.03058923 1.785691
-0.08304409 -0.02613378 1.786572
-0.2507047 -0.4239206 1.803074
-0.02502741 -0.4465191 1.788087
-0.2366138 -0.7675567 1.814638
0.02229268 -0.7583753 1.808745
-0.3014433 -0.8294744 1.700807
0.03742529 -0.8259302 1.715854
9
-0.1781308 -0.02855225 1.824464
-0.2589779 -0.03098267 1.784768
-0.0898448 -0.02489047 1.786637
-0.2548261 -0.4238858 1.80265
-0.03235054 -0.4427988 1.776894
-0.2376612 -0.767863 1.814232
0.01781885 -0.7575077 1.804495
-0.3029177 -0.8291522 1.703226
0.03676619 -0.8249516 1.712604
9
-0.1781308 -0.02855225 1.824464
-0.2589779 -0.03098267 1.784768
-0.0898448 -0.02489047 1.786637
-0.2548261 -0.4238858 1.80265
-0.03235054 -0.4427988 1.776894
-0.2376612 -0.767863 1.814232
0.01781885 -0.7575077 1.804495
-0.3029177 -0.8291522 1.703226
0.03676619 -0.8249516 1.712604
9
-0.1834043 -0.02886227 1.822641
-0.2646149 -0.0319006 1.782539
-0.09450372 -0.02464855 1.785212
-0.2578615 -0.423804 1.802148
-0.03540255 -0.4415833 1.771052
-0.2384219 -0.7684569 1.813908
0.01471436 -0.7559452 1.801169
-0.2996073 -0.828356 1.702155
0.03675792 -0.8225639 1.709199
9
-0.1834043 -0.02886227 1.822641
-0.2646149 -0.0319006 1.782539
-0.09450372 -0.02464855 1.785212
-0.2578615 -0.423804 1.802148
-0.03540255 -0.4415833 1.771052
-0.2384219 -0.7684569 1.813908
0.01471436 -0.7559452 1.801169
-0.2996073 -0.828356 1.702155
0.03675792 -0.8225639 1.709199
9
-0.1879116 -0.02906068 1.821617
-0.2687201 -0.03237309 1.781397
-0.09916995 -0.02453258 1.784354
-0.2599931 -0.4235459 1.801829
-0.03696384 -0.4396294 1.766551
-0.2389632 -0.7686923 1.81369
0.01297403 -0.7547792 1.798462
-0.2912535 -0.828245 1.710131
0.0372425 -0.8207057 1.70641
9
-0.1879116 -0.02906068 1.821617
-0.2687201 -0.03237309 1.781397
-0.09916995 -0.02453258 1.784354
-0.2599931 -0.4235459 1.801829
-0.03696384 -0.4396294 1.766551
-0.2389632 -0.7686923 1.81369
0.01297403 -0.7547792 1.798462
-0.2912535 -0.828245 1.710131
0.0372425 -0.8207057 1.70641
