40
9
-0.0775662 -0.02178589 2.184153
-0.158125 -0.02429881 2.151814
0.005751849 -0.01847284 2.139335
-0.1782479 -0.404951 2.126399
0.01507692 -0.4307882 2.181193
-0.1720222 -0.7533312 2.164559
0.006173084 -0.7669747 2.244336
-0.1850579 -0.8163935 2.084662
0.02284136 -0.8244869 2.169824
9
-0.0775662 -0.02178589 2.184153
-0.158125 -0.02429881 2.151814
0.005751849 -0.01847284 2.139335
-0.1782479 -0.404951 2.126399
0.01507692 -0.4307882 2.181193
-0.1720222 -0.7533312 2.164559
0.006173084 -0.7669747 2.244336
-0.1850579 -0.8163935 2.084662
0.02284136 -0.8244869 2.169824
9
-0.07303597 -0.02262088 2.190776
-0.1544253 -0.02466808 2.15719
0.01101514 -0.01983978 2.147303
-0.1765077 -0.4058798 2.126952
0.0171587 -0.4303941 2.185794
-0.1720822 -0.7535993 2.164149
0.005530151 -0.7679551 2.245423
-0.1848823 -0.8145218 2.086843
0.02300091 -0.8250844 2.170596
9
-0.07303597 -0.02262088 2.190776
-0.1544253 -0.02466808 2.15719
0.01101514 -0.01983978 2.147303
-0.1765077 -0.4058798 2.126952
0.0171587 -0.4303941 2.185794
-0.1720822 -0.7535993 2.164149
0.005530151 -0.7679551 2.245423
-0.1848823 -0.8145218 2.086843
0.02300091 -0.8250844 2.170596
9
-0.06568016 -0.02405406 2.199549
-0.1466808 -0.0257843 2.165804
0.01765796 -0.02150073 2.156107
-0.1744841 -0.4061271 2.126614
0.01930482 -0.4299735 2.190053
-0.1719661 -0.753817 2.164017
0.006288583 -0.7680588 2.247164
-0.1838889 -0.8124968 2.087493
0.0229139 -0.8247189 2.171149
9
-0.06568016 -0.02405406 2.199549
-0.1466808 -0.0257843 2.165804
0.01765796 -0.02150073 2.156107
-0.1744841 -0.4061271 2.126614
0.01930482 -0.4299735 2.190053
-0.1719661 -0.753817 2.164017
0.006288583 -0.7680588 2.247164
-0.1838889 -0.8124968 2.087493
0.0229139 -0.8247189 2.171149
9
-0.06568016 -0.02405406 2.199549
-0.1466808 -0.0257843 2.165804
0.01765796 -0.02150073 2.156107
-0.1744841 -0.4061271 2.126614
0.01930482 -0.4299735 2.190053
-0.1719661 -0.753817 2.164017
0.006288583 -0.7680588 2.247164
-0.1838889 -0.8124968 2.087493
0.0229139 -0.8247189 2.171149
9
-0.06568016 -0.02405406 2.199549
-0.1466808 -0.0257843 2.165804
0.01765796 -0.02150073 2.156107
-0.1744841 -0.4061271 2.126614
0.01930482 -0.4299735 2.190053
-0.1719661 -0.753817 2.164017
0.006288583 -0.7680588 2.247164
-0.1838889 -0.8124968 2.087493
0.0229139 -0.8247189 2.171149
9
-0.05341947 -0.02587826 2.211699
-0.1333473 -0.02711665 2.178356
0.02846729 -0.02371581 2.167841
-0.1698657 -0.4059194 2.115362
0.02458204 -0.4264978 2.196592
-0.1717791 -0.7544345 2.160391
0.007546429 -0.7664638 2.249413
-0.1839376 -0.8126059 2.086885
0.02244043 -0.823486 2.173277
9
-0.05341947 -0.02587826 2.211699
-0.1333473 -0.02711665 2.178356
0.02846729 -0.02371581 2.167841
-0.1698657 -0.4059194 2.115362
0.02458204 -0.4264978 2.196592
-0.1717791 -0.7544345 2.160391
0.007546429 -0.7664638 2.249413
-0.1839376 -0.8126059 2.086885
0.02244043 -0.823486 2.173277
9
-0.05014414 -0.02638989 2.215379
-0.129999 -0.02714894 2.182292
0.03155126 -0.02467806 2.171279
-0.1678193 -0.4041056 2.107413
0.02749463 -0.4248968 2.20287
-0.1712327 -0.754811 2.155475
0.007705232 -0.7662907 2.251002
-0.1851156 -0.8140622 2.079786
0.02209679 -0.8227198 2.173672
9
-0.05014414 -0.02638989 2.215379
-0.129999 -0.02714894 2.182292
0.03155126 -0.02467806 2.171279
-0.1678193 -0.4041056 2.107413
0.02749463 -0.4248968 2.20287
-0.1712327 -0.754811 2.155475
0.007705232 -0.7662907 2.251002
-0.1851156 -0.8140622 2.079786
0.02209679 -0.8227198 2.173672
9
-0.04625631 -0.02704185 2.219653
-0.12591 -0.0271749 2.18648
0.03510963 -0.02595003 2.175659
-0.1667821 -0.4019525 2.101029
0.02950299 -0.4243994 2.208505
-0.1710293 -0.7541811 2.151159
0.008144562 -0.7653894 2.253673
-0.1852688 -0.8130888 2.076081
0.02164672 -0.8214496 2.1754
9
-0.04625631 -0.02704185 2.219653
-0.12591 -0.0271749 2.18648
0.03510963 -0.02595003 2.175659
-0.1667821 -0.4019525 2.101029
0.02950299 -0.4243994 2.208505
-0.1710293 -0.7541811 2.151159
0.008144562 -0.7653894 2.253673
-0.1852688 -0.8130888 2.076081
0.02164672 -0.8214496 2.1754
9
-0.04422049 -0.02752498 2.222105
-0.1237079 -0.0271332 2.188573
0.03692225 -0.02700746 2.178554
-0.1655405 -0.4046196 2.095964
0.0307912 -0.4255464 2.215521
-0.1702678 -0.7543711 2.144553
0.00942952 -0.7647836 2.254509
-0.1889886 -0.8149041 2.070184
0.02248056 -0.8230239 2.175694
9
-0.04422049 -0.02752498 2.222105
-0.1237079 -0.0271332 2.188573
0.03692225 -0.02700746 2.178554
-0.1655405 -0.4046196 2.095964
0.0307912 -0.4255464 2.215521
-0.1702678 -0.7543711 2.144553
0.00942952 -0.7647836 2.254509
-0.1889886 -0.8149041 2.070184
0.02248056 -0.8230239 2.175694
9
-0.04273723 -0.02802061 2.224051
-0.121759 -0.02722757 2.190816
0.03795094 -0.02782158 2.180228
-0.1645067 -0.4049552 2.09208
0.0311738 -0.424802 2.218259
-0.169751 -0.7526018 2.135316
0.009724439 -0.7640603 2.255388
-0.1893046 -0.8129733 2.065045
0.02222533 -0.8220012 2.177854
9
-0.04273723 -0.02802061 2.224051
-0.121759 -0.02722757 2.190816
0.03795094 -0.02782158 2.180228
-0.1645067 -0.4049552 2.09208
0.0311738 -0.424802 2.218259
-0.169751 -0.7526018 2.135316
0.009724439 -0.7640603 2.255388
-0.1893046 -0.8129733 2.065045
0.02222533 -0.8220012 2.177854
9
-0.04273723 -0.02802061 2.224051
-0.121759 -0.02722757 2.190816
0.03795094 -0.02782158 2.180228
-0.1645067 -0.4049552 2.09208
0.0311738 -0.424802 2.218259
-0.169751 -0.7526018 2.135316
0.009724439 -0.7640603 2.255388
-0.1893046 -0.8129733 2.065045
0.02222533 -0.8220012 2.177854
9
-0.04273723 -0.02802061 2.224051
-0.121759 -0.02722757 2.190816
0.03795094 -0.02782158 2.180228
-0.1645067 -0.4049552 2.09208
0.0311738 -0.424802 2.218259
-0.169751 -0.7526018 2.135316
0.009724439 -0.7640603 2.255388
-0.1893046 -0.8129733 2.065045
0.02222533 -0.8220012 2.177854
9
-0.04152847 -0.02859857 2.226086
-0.1204511 -0.02728679 2.193027
0.0390164 -0.02890117 2.182103
-0.1632638 -0.4114285 2.08988
0.0315549 -0.4250984 2.220582
-0.1732564 -0.7515615 2.117388
0.00979968 -0.7639018 2.255888
-0.1961544 -0.8077296 2.0408
0.02173967 -0.8218591 2.179778
9
-0.04152847 -0.02859857 2.226086
-0.1204511 -0.02728679 2.193027
0.0390164 -0.02890117 2.182103
-0.1632638 -0.4114285 2.08988
0.0315549 -0.4250984 2.220582
-0.1732564 -0.7515615 2.117388
0.00979968 -0.7639018 2.255888
-0.1961544 -0.8077296 2.0408
0.02173967 -0.8218591 2.179778
9
-0.04102788 -0.02888849 2.226774
-0.1199978 -0.02726628 2.193535
0.03954428 -0.02961281 2.18302
-0.1634286 -0.4150677 2.089389
0.03151295 -0.4254917 2.221473
-0.176478 -0.7485927 2.103829
0.009858387 -0.7637835 2.256042
-0.2033457 -0.8117551 2.017694
0.02176039 -0.8218557 2.179692
9
-0.04102788 -0.02888849 2.226774
-0.1199978 -0.02726628 2.193535
0.03954428 -0.02961281 2.18302
-0.1634286 -0.4150677 2.089389
0.03151295 -0.4254917 2.221473
-0.176478 -0.7485927 2.103829
0.009858387 -0.7637835 2.256042
-0.2033457 -0.8117551 2.017694
0.02176039 -0.8218557 2.179692
9
-0.04050678 -0.02922004 2.227208
-0.1194738 -0.02735416 2.194002
0.04004686 -0.03020318 2.183406
-0.1640129 -0.41813 2.088559
0.03151743 -0.4257488 2.222123
-0.1793364 -0.7477946 2.096994
0.009992867 -0.7630816 2.256611
-0.2057939 -0.8123277 2.007211
0.02166657 -0.8216276 2.17984
9
-0.04050678 -0.02922004 2.227208
-0.1194738 -0.02735416 2.194002
0.04004686 -0.03020318 2.183406
-0.1640129 -0.41813 2.088559
0.03151743 -0.4257488 2.222123
-0.1793364 -0.7477946 2.096994
0.009992867 -0.7630816 2.256611
-0.2057939 -0.8123277 2.007211
0.02166657 -0.8216276 2.17984
9
-0.04000035 -0.02947336 2.227711
-0.119025 -0.0273653 2.194276
0.04058016 -0.03077611 2.184199
-0.1654798 -0.4197921 2.087595
0.03155159 -0.42579 2.222298
-0.1885817 -0.7470931 2.082658
0.009957468 -0.7629931 2.257757
-0.2116061 -0.8100524 1.989725
0.02160706 -0.8215887 2.179924
9
-0.04000035 -0.02947336 2.227711
-0.119025 -0.0273653 2.194276
0.04058016 -0.03077611 2.184199
-0.1654798 -0.4197921 2.087595
0.03155159 -0.42579 2.222298
-0.1885817 -0.7470931 2.082658
0.009957468 -0.7629931 2.257757
-0.2116061 -0.8100524 1.989725
0.02160706 -0.8215887 2.179924
9
-0.03979827 -0.02956247 2.227746
-0.1188271 -0.02732842 2.194237
0.04081825 -0.03103572 2.184317
-0.1684864 -0.4228602 2.08596
0.03154274 -0.4247239 2.22213
-0.1945717 -0.7447355 2.073036
0.009998055 -0.762867 2.257918
-0.2147847 -0.8046919 1.980174
0.02171672 -0.8221412 2.180111
9
-0.03979827 -0.02956247 2.227746
-0.1188271 -0.02732842 2.194237
0.04081825 -0.03103572 2.184317
-0.1684864 -0.4228602 2.08596
0.03154274 -0.4247239 2.22213
-0.1945717 -0.7447355 2.073036
0.009998055 -0.762867 2.257918
-0.2147847 -0.8046919 1.980174
0.02171672 -0.8221412 2.180111
9
-0.03979331 -0.02956657 2.227741
-0.1188018 -0.02728684 2.194182
0.04081547 -0.03107682 2.184325
-0.1714589 -0.4254414 2.084286
0.03137776 -0.4242873 2.222034
-0.1985686 -0.7422838 2.067633
0.009951029 -0.7625976 2.25811
-0.22494 -0.8054786 1.95797
0.02169262 -0.8221847 2.180359
9
-0.03984465 -0.02954999 2.227629
-0.1188564 -0.02712998 2.193937
0.04074229 -0.031132 2.184249
-0.1752211 -0.4258281 2.082558
0.03114032 -0.4237764 2.22194
-0.2089718 -0.7422685 2.056165
0.009911104 -0.762426 2.258255
-0.2293091 -0.8066816 1.954227
0.02148599 -0.8219035 2.180977
9
-0.03984465 -0.02954999 2.227629
-0.1188564 -0.02712998 2.193937
0.04074229 -0.031132 2.184249
-0.1752211 -0.4258281 2.082558
0.03114032 -0.4237764 2.22194
-0.2089718 -0.7422685 2.056165
0.009911104 -0.762426 2.258255
-0.2293091 -0.8066816 1.954227
0.02148599 -0.8219035 2.180977
9
-0.04095487 -0.02961032 2.226819
-0.1200171 -0.02678442 2.192658
0.039556 -0.03152019 2.183725
-0.1794528 -0.4266559 2.080643
0.03109467 -0.422582 2.221507
-0.2126055 -0.742774 2.051714
0.00979053 -0.7619099 2.258471
-0.2343903 -0.8071654 1.95153
0.02119825 -0.8216003 2.181237
9
-0.04095487 -0.02961032 2.226819
-0.1200171 -0.02678442 2.192658
0.039556 -0.03152019 2.183725
-0.1794528 -0.4266559 2.080643
0.03109467 -0.422582 2.221507
-0.2126055 -0.742774 2.051714
0.00979053 -0.7619099 2.258471
-0.2343903 -0.8071654 1.95153
0.02119825 -0.8216003 2.181237
9
-0.04268642 -0.03007452 2.224735
-0.1215339 -0.02698173 2.190509
0.03764528 -0.03222312 2.181693
-0.1831053 -0.4253586 2.079412
0.03077531 -0.422285 2.22102
-0.2173145 -0.7431166 2.048041
0.009672801 -0.7616991 2.258605
-0.2434013 -0.808408 1.953054
0.02153 -0.8219454 2.180848
9
-0.04268642 -0.03007452 2.224735
-0.1215339 -0.02698173 2.190509
0.03764528 -0.03222312 2.181693
-0.1831053 -0.4253586 2.079412
0.03077531 -0.422285 2.22102
-0.2173145 -0.7431166 2.048041
0.009672801 -0.7616991 2.258605
-0.2434013 -0.808408 1.953054
0.02153 -0.8219454 2.180848
9
-0.04591849 -0.03059973 2.220682
-0.1245321 -0.02722569 2.186308
0.03429351 -0.03297932 2.177793
-0.1875541 -0.4255651 2.078469
0.02959789 -0.4212879 2.218773
-0.2234276 -0.7413086 2.044663
0.00971923 -0.7613729 2.258166
-0.2491494 -0.8086413 1.951389
0.02123903 -0.8217688 2.180914
9
-0.04591849 -0.03059973 2.220682
-0.1245321 -0.02722569 2.186308
0.03429351 -0.03297932 2.177793
-0.1875541 -0.4255651 2.078469
0.02959789 -0.4212879 2.218773
-0.2234276 -0.7413086 2.044663
0.00971923 -0.7613729 2.258166
-0.2491494 -0.8086413 1.951389
0.02123903 -0.8217688 2.180914
9
-0.04591849 -0.03059973 2.220682
-0.1245321 -0.02722569 2.186308
0.03429351 -0.03297932 2.177793
-0.1875541 -0.4255651 2.078469
0.02959789 -0.4212879 2.218773
-0.2234276 -0.7413086 2.044663
0.00971923 -0.7613729 2.258166
-0.2491494 -0.8086413 1.951389
0.02123903 -0.8217688 2.180914
