40
9
0.1254135 -0.03921414 2.096857
0.04221622 -0.03583398 2.074267
0.2039004 -0.04115766 2.041825
-0.02528079 -0.4274928 2.058125
0.2230832 -0.4133857 2.058286
-0.06962381 -0.7720237 2.093145
0.1911788 -0.7542288 2.067302
-0.1268398 -0.8304276 2.015082
0.1850998 -0.828978 1.980498
9
0.1254135 -0.03921414 2.096857
0.04221622 -0.03583398 2.074267
0.2039004 -0.04115766 2.041825
-0.02528079 -0.4274928 2.058125
0.2230832 -0.4133857 2.058286
-0.06962381 -0.7720237 2.093145
0.1911788 -0.7542288 2.067302
-0.1268398 -0.8304276 2.015082
0.1850998 -0.828978 1.980498
9
0.1254135 -0.03921414 2.096857
0.04221622 -0.03583398 2.074267
0.2039004 -0.04115766 2.041825
-0.02528079 -0.4274928 2.058125
0.2230832 -0.4133857 2.058286
-0.06962381 -0.7720237 2.093145
0.1911788 -0.7542288 2.067302
-0.1268398 -0.8304276 2.015082
0.1850998 -0.828978 1.980498
9
0.1254135 -0.03921414 2.096857
0.04221622 -0.03583398 2.074267
0.2039004 -0.04115766 2.041825
-0.02528079 -0.4274928 2.058125
0.2230832 -0.4133857 2.058286
-0.06962381 -0.7720237 2.093145
0.1911788 -0.7542288 2.067302
-0.1268398 -0.8304276 2.015082
0.1850998 -0.828978 1.980498
9
0.1254135 -0.03921414 2.096857
0.04221622 -0.03583398 2.074267
0.2039004 -0.04115766 2.041825
-0.02528079 -0.4274928 2.058125
0.2230832 -0.4133857 2.058286
-0.06962381 -0.7720237 2.093145
0.1911788 -0.7542288 2.067302
-0.1268398 -0.8304276 2.015082
0.1850998 -0.828978 1.980498
9
0.1254135 -0.03921414 2.096857
0.04221622 -0.03583398 2.074267
0.2039004 -0.04115766 2.041825
-0.02528079 -0.4274928 2.058125
0.2230832 -0.4133857 2.058286
-0.06962381 -0.7720237 2.093145
0.1911788 -0.7542288 2.067302
-0.1268398 -0.8304276 2.015082
0.1850998 -0.828978 1.980498
9
0.1035571 -0.04096917 2.10229
0.02179926 -0.03867529 2.080668
0.1814161 -0.0417273 2.046195
-0.0328501 -0.4269725 2.061737
0.2122917 -0.4143464 2.061394
-0.07098022 -0.7724153 2.093307
0.1911471 -0.7543793 2.067878
-0.1272729 -0.8311632 2.014582
0.1852181 -0.8287842 1.980456
9
0.1035571 -0.04096917 2.10229
0.02179926 -0.03867529 2.080668
0.1814161 -0.0417273 2.046195
-0.0328501 -0.4269725 2.061737
0.2122917 -0.4143464 2.061394
-0.07098022 -0.7724153 2.093307
0.1911471 -0.7543793 2.067878
-0.1272729 -0.8311632 2.014582
0.1852181 -0.8287842 1.980456
9
0.09535566 -0.0409722 2.104331
0.01343378 -0.03934836 2.083046
0.1737157 -0.04110257 2.047902
-0.03790507 -0.4244416 2.064269
0.2061134 -0.4155412 2.063358
-0.072142 -0.7727234 2.093746
0.1909934 -0.7546826 2.068402
-0.1275432 -0.8316701 2.014182
0.1852676 -0.8286473 1.980215
9
0.09535566 -0.0409722 2.104331
0.01343378 -0.03934836 2.083046
0.1737157 -0.04110257 2.047902
-0.03790507 -0.4244416 2.064269
0.2061134 -0.4155412 2.063358
-0.072142 -0.7727234 2.093746
0.1909934 -0.7546826 2.068402
-0.1275432 -0.8316701 2.014182
0.1852676 -0.8286473 1.980215
9
0.09535566 -0.0409722 2.104331
0.01343378 -0.03934836 2.083046
0.1737157 -0.04110257 2.047902
-0.03790507 -0.4244416 2.064269
0.2061134 -0.4155412 2.063358
-0.072142 -0.7727234 2.093746
0.1909934 -0.7546826 2.068402
-0.1275432 -0.8316701 2.014182
0.1852676 -0.8286473 1.980215
9
0.09535566 -0.0409722 2.104331
0.01343378 -0.03934836 2.083046
0.1737157 -0.04110257 2.047902
-0.03790507 -0.4244416 2.064269
0.2061134 -0.4155412 2.063358
-0.072142 -0.7727234 2.093746
0.1909934 -0.7546826 2.068402
-0.1275432 -0.8316701 2.014182
0.1852676 -0.8286473 1.980215
9
0.07363524 -0.04047618 2.104803
-0.00763386 -0.03984653 2.083679
0.152214 -0.0396069 2.048164
-0.04766468 -0.4202225 2.065548
0.1933271 -0.4184061 2.065146
-0.07488908 -0.7735923 2.093363
0.1902276 -0.754032 2.068727
-0.1286175 -0.8333667 2.013109
0.1847112 -0.8286795 1.981626
9
0.07363524 -0.04047618 2.104803
-0.00763386 -0.03984653 2.083679
0.152214 -0.0396069 2.048164
-0.04766468 -0.4202225 2.065548
0.1933271 -0.4184061 2.065146
-0.07488908 -0.7735923 2.093363
0.1902276 -0.754032 2.068727
-0.1286175 -0.8333667 2.013109
0.1847112 -0.8286795 1.981626
9
0.06442904 -0.04006451 2.105586
-0.0168271 -0.03970484 2.08506
0.1433083 -0.03894583 2.048353
-0.0557772 -0.4178332 2.067792
0.1872218 -0.4187613 2.065752
-0.07588332 -0.7739204 2.093188
0.1888617 -0.7533658 2.068724
-0.1291464 -0.8341166 2.013057
0.1845914 -0.8282243 1.981896
9
0.06442904 -0.04006451 2.105586
-0.0168271 -0.03970484 2.08506
0.1433083 -0.03894583 2.048353
-0.0557772 -0.4178332 2.067792
0.1872218 -0.4187613 2.065752
-0.07588332 -0.7739204 2.093188
0.1888617 -0.7533658 2.068724
-0.1291464 -0.8341166 2.013057
0.1845914 -0.8282243 1.981896
9
0.05271108 -0.03959821 2.106507
-0.02828947 -0.03961247 2.085671
0.1318027 -0.0381208 2.049564
-0.06161495 -0.4170005 2.069572
0.1788024 -0.4193495 2.064629
-0.07671966 -0.7740437 2.093053
0.1871466 -0.7522253 2.068723
-0.1294026 -0.8346168 2.012828
0.1841491 -0.8275179 1.982569
9
0.05271108 -0.03959821 2.106507
-0.02828947 -0.03961247 2.085671
0.1318027 -0.0381208 2.049564
-0.06161495 -0.4170005 2.069572
0.1788024 -0.4193495 2.064629
-0.07671966 -0.7740437 2.093053
0.1871466 -0.7522253 2.068723
-0.1294026 -0.8346168 2.012828
0.1841491 -0.8275179 1.982569
9
0.05271108 -0.03959821 2.106507
-0.02828947 -0.03961247 2.085671
0.1318027 -0.0381208 2.049564
-0.06161495 -0.4170005 2.069572
0.1788024 -0.4193495 2.064629
-0.07671966 -0.7740437 2.093053
0.1871466 -0.7522253 2.068723
-0.1294026 -0.8346168 2.012828
0.1841491 -0.8275179 1.982569
9
0.05271108 -0.03959821 2.106507
-0.02828947 -0.03961247 2.085671
0.1318027 -0.0381208 2.049564
-0.06161495 -0.4170005 2.069572
0.1788024 -0.4193495 2.064629
-0.07671966 -0.7740437 2.093053
0.1871466 -0.7522253 2.068723
-0.1294026 -0.8346168 2.012828
0.1841491 -0.8275179 1.982569
9
0.02681193 -0.04042317 2.107474
-0.05344361 -0.04117118 2.086232
0.1061184 -0.03817483 2.050917
-0.07386123 -0.4166983 2.074233
0.1643406 -0.4233539 2.062677
-0.07730909 -0.773859 2.093172
0.1839342 -0.7531369 2.070298
-0.1294832 -0.8347821 2.012906
0.1836113 -0.8279481 1.983389
9
0.02681193 -0.04042317 2.107474
-0.05344361 -0.04117118 2.086232
0.1061184 -0.03817483 2.050917
-0.07386123 -0.4166983 2.074233
0.1643406 -0.4233539 2.062677
-0.07730909 -0.773859 2.093172
0.1839342 -0.7531369 2.070298
-0.1294832 -0.8347821 2.012906
0.1836113 -0.8279481 1.983389
9
0.02681193 -0.04042317 2.107474
-0.05344361 -0.04117118 2.086232
0.1061184 -0.03817483 2.050917
-0.07386123 -0.4166983 2.074233
0.1643406 -0.4233539 2.062677
-0.07730909 -0.773859 2.093172
0.1839342 -0.7531369 2.070298
-0.1294832 -0.8347821 2.012906
0.1836113 -0.8279481 1.983389
9
0.02681193 -0.04042317 2.107474
-0.05344361 -0.04117118 2.086232
0.1061184 -0.03817483 2.050917
-0.07386123 -0.4166983 2.074233
0.1643406 -0.4233539 2.062677
-0.07730909 -0.773859 2.093172
0.1839342 -0.7531369 2.070298
-0.1294832 -0.8347821 2.012906
0.1836113 -0.8279481 1.983389
9
0.005622987 -0.04108977 2.108358
-0.07408199 -0.04158197 2.087082
0.08518609 -0.03907918 2.051826
-0.08633078 -0.4162607 2.080721
0.144761 -0.4342647 2.058958
-0.07883919 -0.7732832 2.094112
0.1824404 -0.7538307 2.069206
-0.1305622 -0.8352188 2.014989
0.1828305 -0.8294206 1.983705
9
0.005622987 -0.04108977 2.108358
-0.07408199 -0.04158197 2.087082
0.08518609 -0.03907918 2.051826
-0.08633078 -0.4162607 2.080721
0.144761 -0.4342647 2.058958
-0.07883919 -0.7732832 2.094112
0.1824404 -0.7538307 2.069206
-0.1305622 -0.8352188 2.014989
0.1828305 -0.8294206 1.983705
9
0.005622987 -0.04108977 2.108358
-0.07408199 -0.04158197 2.087082
0.08518609 -0.03907918 2.051826
-0.08633078 -0.4162607 2.080721
0.144761 -0.4342647 2.058958
-0.07883919 -0.7732832 2.094112
0.1824404 -0.7538307 2.069206
-0.1305622 -0.8352188 2.014989
0.1828305 -0.8294206 1.983705
9
0.005622987 -0.04108977 2.108358
-0.07408199 -0.04158197 2.087082
0.08518609 -0.03907918 2.051826
-0.08633078 -0.4162607 2.080721
0.144761 -0.4342647 2.058958
-0.07883919 -0.7732832 2.094112
0.1824404 -0.7538307 2.069206
-0.1305622 -0.8352188 2.014989
0.1828305 -0.8294206 1.983705
9
0.005622987 -0.04108977 2.108358
-0.07408199 -0.04158197 2.087082
0.08518609 -0.03907918 2.051826
-0.08633078 -0.4162607 2.080721
0.144761 -0.4342647 2.058958
-0.07883919 -0.7732832 2.094112
0.1824404 -0.7538307 2.069206
-0.1305622 -0.8352188 2.014989
0.1828305 -0.8294206 1.983705
9
0.005622987 -0.04108977 2.108358
-0.07408199 -0.04158197 2.087082
0.08518609 -0.03907918 2.051826
-0.08633078 -0.4162607 2.080721
0.144761 -0.4342647 2.058958
-0.07883919 -0.7732832 2.094112
0.1824404 -0.7538307 2.069206
-0.1305622 -0.8352188 2.014989
0.1828305 -0.8294206 1.983705
9
0.005622987 -0.04108977 2.108358
-0.07408199 -0.04158197 2.087082
0.08518609 -0.03907918 2.051826
-0.08633078 -0.4162607 2.080721
0.144761 -0.4342647 2.058958
-0.07883919 -0.7732832 2.094112
0.1824404 -0.7538307 2.069206
-0.1305622 -0.8352188 2.014989
0.1828305 -0.8294206 1.983705
9
0.005622987 -0.04108977 2.108358
-0.07408199 -0.04158197 2.087082
0.08518609 -0.03907918 2.051826
-0.08633078 -0.4162607 2.080721
0.144761 -0.4342647 2.058958
-0.07883919 -0.7732832 2.094112
0.1824404 -0.7538307 2.069206
-0.1305622 -0.8352188 2.014989
0.1828305 -0.8294206 1.983705
9
-0.03482115 -0.0406545 2.108907
-0.1146424 -0.04393535 2.087289
0.04615043 -0.03592012 2.052723
-0.1030321 -0.4151128 2.087706
0.1083844 -0.4336613 2.023948
-0.08171105 -0.7742961 2.09509
0.1757412 -0.7564718 2.061914
-0.1323735 -0.8364766 2.015169
0.1822935 -0.8322358 1.977676
9
-0.03482115 -0.0406545 2.108907
-0.1146424 -0.04393535 2.087289
0.04615043 -0.03592012 2.052723
-0.1030321 -0.4151128 2.087706
0.1083844 -0.4336613 2.023948
-0.08171105 -0.7742961 2.09509
0.1757412 -0.7564718 2.061914
-0.1323735 -0.8364766 2.015169
0.1822935 -0.8322358 1.977676
9
-0.03756917 -0.04097051 2.109473
-0.116993 -0.04446869 2.087772
0.04315027 -0.03596533 2.053376
-0.1078352 -0.4149214 2.091359
0.1078192 -0.4336669 2.022885
-0.08378199 -0.7746138 2.095696
0.1717854 -0.7579565 2.055315
-0.133139 -0.8374256 2.015357
0.1792488 -0.8335006 1.970955
9
-0.03756917 -0.04097051 2.109473
-0.116993 -0.04446869 2.087772
0.04315027 -0.03596533 2.053376
-0.1078352 -0.4149214 2.091359
0.1078192 -0.4336669 2.022885
-0.08378199 -0.7746138 2.095696
0.1717854 -0.7579565 2.055315
-0.133139 -0.8374256 2.015357
0.1792488 -0.8335006 1.970955
9
-0.04234098 -0.04064183 2.109702
-0.121458 -0.04448596 2.087678
0.03829022 -0.03528341 2.053947
-0.1108387 -0.4147052 2.092619
0.1043887 -0.433184 2.018282
-0.08501524 -0.7750551 2.095437
0.1668981 -0.7575148 2.050004
-0.1340577 -0.8380633 2.015094
0.1794755 -0.83297 1.966859
9
-0.04234098 -0.04064183 2.109702
-0.121458 -0.04448596 2.087678
0.03829022 -0.03528341 2.053947
-0.1108387 -0.4147052 2.092619
0.1043887 -0.433184 2.018282
-0.08501524 -0.7750551 2.095437
0.1668981 -0.7575148 2.050004
-0.1340577 -0.8380633 2.015094
0.1794755 -0.83297 1.966859
9
-0.04234098 -0.04064183 2.109702
-0.121458 -0.04448596 2.087678
0.03829022 -0.03528341 2.053947
-0.1108387 -0.4147052 2.092619
0.1043887 -0.433184 2.018282
-0.08501524 -0.7750551 2.095437
0.1668981 -0.7575148 2.050004
-0.1340577 -0.8380633 2.015094
0.1794755 -0.83297 1.966859
9
-0.04234098 -0.04064183 2.109702
-0.121458 -0.04448596 2.087678
0.03829022 -0.03528341 2.053947
-0.1108387 -0.4147052 2.092619
0.1043887 -0.433184 2.018282
-0.08501524 -0.7750551 2.095437
0.1668981 -0.7575148 2.050004
-0.1340577 -0.8380633 2.015094
0.1794755 -0.83297 1.966859
