40
9
-0.06106783 -0.02747156 2.080889
-0.1392948 -0.022142 2.024522
0.01936856 -0.031793 2.059906
-0.1564559 -0.3798294 1.978919
0.04322478 -0.4224676 2.114007
-0.1492958 -0.7420824 1.986475
0.0429449 -0.7645031 2.243994
-0.1480822 -0.796751 1.905796
0.07289352 -0.824645 2.186939
9
-0.06609981 -0.02720218 2.073148
-0.1441515 -0.02247905 2.017349
0.0143495 -0.0308779 2.051577
-0.1611674 -0.3774249 1.970695
0.04355767 -0.4187818 2.100286
-0.1495567 -0.7417996 1.985882
0.04362455 -0.7647005 2.239438
-0.1482238 -0.7966134 1.905951
0.07381887 -0.8255556 2.18549
9
-0.06609981 -0.02720218 2.073148
-0.1441515 -0.02247905 2.017349
0.0143495 -0.0308779 2.051577
-0.1611674 -0.3774249 1.970695
0.04355767 -0.4187818 2.100286
-0.1495567 -0.7417996 1.985882
0.04362455 -0.7647005 2.239438
-0.1482238 -0.7966134 1.905951
0.07381887 -0.8255556 2.18549
9
-0.07310599 -0.02653247 2.062786
-0.1513031 -0.02202403 2.007369
0.007784936 -0.03002679 2.040882
-0.1638804 -0.3755445 1.965241
0.0438909 -0.4143924 2.084434
-0.1510474 -0.7412158 1.985052
0.04250841 -0.7669848 2.237235
-0.148615 -0.7967411 1.906193
0.07566395 -0.8260899 2.181837
9
-0.07310599 -0.02653247 2.062786
-0.1513031 -0.02202403 2.007369
0.007784936 -0.03002679 2.040882
-0.1638804 -0.3755445 1.965241
0.0438909 -0.4143924 2.084434
-0.1510474 -0.7412158 1.985052
0.04250841 -0.7669848 2.237235
-0.148615 -0.7967411 1.906193
0.07566395 -0.8260899 2.181837
9
-0.07806461 -0.02612925 2.054573
-0.1563762 -0.02207163 1.999281
0.00312836 -0.02918917 2.032547
-0.1655262 -0.3753816 1.962506
0.04418902 -0.4110054 2.071064
-0.1511966 -0.7410381 1.984736
0.04251959 -0.7684843 2.233977
-0.1492531 -0.7967973 1.906252
0.07683051 -0.8271369 2.179117
9
-0.07806461 -0.02612925 2.054573
-0.1563762 -0.02207163 1.999281
0.00312836 -0.02918917 2.032547
-0.1655262 -0.3753816 1.962506
0.04418902 -0.4110054 2.071064
-0.1511966 -0.7410381 1.984736
0.04251959 -0.7684843 2.233977
-0.1492531 -0.7967973 1.906252
0.07683051 -0.8271369 2.179117
9
-0.08067175 -0.02660491 2.047902
-0.1587144 -0.02300527 1.992839
0.0003467773 -0.02917382 2.025636
-0.1682724 -0.3742056 1.959235
0.04468106 -0.4081475 2.056487
-0.1513725 -0.7397286 1.984195
0.04201607 -0.7640272 2.227388
-0.1506923 -0.7972463 1.908651
0.07634553 -0.8241428 2.178936
9
-0.08067175 -0.02660491 2.047902
-0.1587144 -0.02300527 1.992839
0.0003467773 -0.02917382 2.025636
-0.1682724 -0.3742056 1.959235
0.04468106 -0.4081475 2.056487
-0.1513725 -0.7397286 1.984195
0.04201607 -0.7640272 2.227388
-0.1506923 -0.7972463 1.908651
0.07634553 -0.8241428 2.178936
9
-0.0841971 -0.0267219 2.040369
-0.1618767 -0.0235575 1.985507
-0.003401163 -0.02884198 2.017916
-0.1704475 -0.3752783 1.956994
0.04498732 -0.4066642 2.044979
-0.1518427 -0.739621 1.983909
0.04045223 -0.7609476 2.218842
-0.1507771 -0.7975225 1.909028
0.07751156 -0.8233597 2.174261
9
-0.0841971 -0.0267219 2.040369
-0.1618767 -0.0235575 1.985507
-0.003401163 -0.02884198 2.017916
-0.1704475 -0.3752783 1.956994
0.04498732 -0.4066642 2.044979
-0.1518427 -0.739621 1.983909
0.04045223 -0.7609476 2.218842
-0.1507771 -0.7975225 1.909028
0.07751156 -0.8233597 2.174261
9
-0.08656786 -0.02667591 2.033305
-0.1642309 -0.02410192 1.978358
-0.005687396 -0.02822169 2.010929
-0.1746601 -0.3757804 1.952244
0.04442862 -0.4041811 2.033107
-0.151888 -0.7382398 1.98384
0.03824466 -0.7566386 2.210292
-0.1510465 -0.7968611 1.910237
0.0775322 -0.8230075 2.169092
9
-0.08656786 -0.02667591 2.033305
-0.1642309 -0.02410192 1.978358
-0.005687396 -0.02822169 2.010929
-0.1746601 -0.3757804 1.952244
0.04442862 -0.4041811 2.033107
-0.151888 -0.7382398 1.98384
0.03824466 -0.7566386 2.210292
-0.1510465 -0.7968611 1.910237
0.0775322 -0.8230075 2.169092
9
-0.08656786 -0.02667591 2.033305
-0.1642309 -0.02410192 1.978358
-0.005687396 -0.02822169 2.010929
-0.1746601 -0.3757804 1.952244
0.04442862 -0.4041811 2.033107
-0.151888 -0.7382398 1.98384
0.03824466 -0.7566386 2.210292
-0.1510465 -0.7968611 1.910237
0.0775322 -0.8230075 2.169092
9
-0.08656786 -0.02667591 2.033305
-0.1642309 -0.02410192 1.978358
-0.005687396 -0.02822169 2.010929
-0.1746601 -0.3757804 1.952244
0.04442862 -0.4041811 2.033107
-0.151888 -0.7382398 1.98384
0.03824466 -0.7566386 2.210292
-0.1510465 -0.7968611 1.910237
0.0775322 -0.8230075 2.169092
9
-0.0917044 -0.02652589 2.022489
-0.169356 -0.02483524 1.968015
-0.01062069 -0.0271625 1.999621
-0.1785656 -0.3766623 1.946996
0.04141019 -0.3991046 2.007039
-0.1519389 -0.738197 1.983782
0.03333393 -0.7497282 2.187501
-0.1510093 -0.7974385 1.911357
0.07462569 -0.8192886 2.159569
9
-0.0917044 -0.02652589 2.022489
-0.169356 -0.02483524 1.968015
-0.01062069 -0.0271625 1.999621
-0.1785656 -0.3766623 1.946996
0.04141019 -0.3991046 2.007039
-0.1519389 -0.738197 1.983782
0.03333393 -0.7497282 2.187501
-0.1510093 -0.7974385 1.911357
0.07462569 -0.8192886 2.159569
9
-0.09386934 -0.02640072 2.015924
-0.1714188 -0.02541471 1.961905
-0.01279477 -0.02629862 1.992577
-0.1811786 -0.3791281 1.943443
0.04113689 -0.3981561 1.998709
-0.1521245 -0.7379734 1.983486
0.03305202 -0.749047 2.178713
-0.1509203 -0.7975256 1.911655
0.07688208 -0.8199606 2.138165
9
-0.09386934 -0.02640072 2.015924
-0.1714188 -0.02541471 1.961905
-0.01279477 -0.02629862 1.992577
-0.1811786 -0.3791281 1.943443
0.04113689 -0.3981561 1.998709
-0.1521245 -0.7379734 1.983486
0.03305202 -0.749047 2.178713
-0.1509203 -0.7975256 1.911655
0.07688208 -0.8199606 2.138165
9
-0.09559277 -0.02606633 2.011667
-0.1731002 -0.0256087 1.958084
-0.01447815 -0.0254163 1.987872
-0.1828951 -0.3802718 1.940657
0.04040661 -0.3964989 1.99066
-0.1521574 -0.7380658 1.983379
0.03298677 -0.7526164 2.161192
-0.1509497 -0.7978309 1.911977
0.07655717 -0.8186704 2.12571
9
-0.09656209 -0.02587584 2.007466
-0.1741133 -0.025781 1.954316
-0.01533927 -0.02486564 1.983256
-0.1840394 -0.3809634 1.938765
0.03997771 -0.3951415 1.979531
-0.1521769 -0.738104 1.983209
0.03909095 -0.7567336 2.139544
-0.1512293 -0.798314 1.912734
0.0807429 -0.8149475 2.087152
9
-0.09656209 -0.02587584 2.007466
-0.1741133 -0.025781 1.954316
-0.01533927 -0.02486564 1.983256
-0.1840394 -0.3809634 1.938765
0.03997771 -0.3951415 1.979531
-0.1521769 -0.738104 1.983209
0.03909095 -0.7567336 2.139544
-0.1512293 -0.798314 1.912734
0.0807429 -0.8149475 2.087152
9
-0.09762368 -0.02546915 2.004173
-0.1752568 -0.02561599 1.951203
-0.01626184 -0.02425171 1.979815
-0.1844925 -0.3814509 1.937652
0.03986785 -0.3946703 1.972138
-0.1521758 -0.7381154 1.983195
0.0463401 -0.7622369 2.117243
-0.151278 -0.7983986 1.912875
0.09050449 -0.8142739 2.061707
9
-0.09762368 -0.02546915 2.004173
-0.1752568 -0.02561599 1.951203
-0.01626184 -0.02425171 1.979815
-0.1844925 -0.3814509 1.937652
0.03986785 -0.3946703 1.972138
-0.1521758 -0.7381154 1.983195
0.0463401 -0.7622369 2.117243
-0.151278 -0.7983986 1.912875
0.09050449 -0.8142739 2.061707
9
-0.09819694 -0.02523735 2.000949
-0.1758569 -0.02562205 1.948572
-0.01676154 -0.0237705 1.975958
-0.1849103 -0.3818067 1.936839
0.03978433 -0.3942744 1.963635
-0.1522526 -0.7380793 1.982758
0.05826891 -0.7530518 2.086895
-0.1516459 -0.7980714 1.911856
0.09505233 -0.8109264 2.037226
9
-0.09819694 -0.02523735 2.000949
-0.1758569 -0.02562205 1.948572
-0.01676154 -0.0237705 1.975958
-0.1849103 -0.3818067 1.936839
0.03978433 -0.3942744 1.963635
-0.1522526 -0.7380793 1.982758
0.05826891 -0.7530518 2.086895
-0.1516459 -0.7980714 1.911856
0.09505233 -0.8109264 2.037226
9
-0.09819694 -0.02523735 2.000949
-0.1758569 -0.02562205 1.948572
-0.01676154 -0.0237705 1.975958
-0.1849103 -0.3818067 1.936839
0.03978433 -0.3942744 1.963635
-0.1522526 -0.7380793 1.982758
0.05826891 -0.7530518 2.086895
-0.1516459 -0.7980714 1.911856
0.09505233 -0.8109264 2.037226
9
-0.09861579 -0.0252125 1.998275
-0.1763425 -0.02584526 1.946553
-0.01706229 -0.02345561 1.972551
-0.1855496 -0.3835451 1.93504
0.03997497 -0.3978544 1.956445
-0.1522421 -0.7380694 1.982723
0.06500173 -0.7531313 2.067803
-0.151938 -0.7981224 1.911966
0.1035334 -0.8100727 2.006734
9
-0.09878104 -0.02512146 1.995742
-0.1766159 -0.02598066 1.944809
-0.01706365 -0.02309745 1.969142
-0.1856683 -0.3835425 1.934017
0.04156066 -0.4000997 1.95037
-0.1520299 -0.7382273 1.982631
0.07711172 -0.7479607 2.036065
-0.1516671 -0.7990412 1.913487
0.113217 -0.808502 1.976406
9
-0.09878104 -0.02512146 1.995742
-0.1766159 -0.02598066 1.944809
-0.01706365 -0.02309745 1.969142
-0.1856683 -0.3835425 1.934017
0.04156066 -0.4000997 1.95037
-0.1520299 -0.7382273 1.982631
0.07711172 -0.7479607 2.036065
-0.1516671 -0.7990412 1.913487
0.113217 -0.808502 1.976406
9
-0.0981428 -0.02509767 1.993517
-0.176236 -0.02624106 1.942868
-0.01618376 -0.02279297 1.966693
-0.1858014 -0.3862156 1.933264
0.04432008 -0.4029752 1.944006
-0.1516321 -0.738463 1.982709
0.09130849 -0.7480381 2.004641
-0.1517452 -0.7993746 1.913823
0.1074342 -0.7708139 1.882442
9
-0.0981428 -0.02509767 1.993517
-0.176236 -0.02624106 1.942868
-0.01618376 -0.02279297 1.966693
-0.1858014 -0.3862156 1.933264
0.04432008 -0.4029752 1.944006
-0.1516321 -0.738463 1.982709
0.09130849 -0.7480381 2.004641
-0.1517452 -0.7993746 1.913823
0.1074342 -0.7708139 1.882442
9
-0.09657973 -0.02490477 1.9909
-0.17514 -0.02642444 1.941052
-0.01417118 -0.02215415 1.963203
-0.1855113 -0.3864115 1.932789
0.04787897 -0.4077688 1.93724
-0.1516199 -0.7387528 1.982422
0.1005381 -0.7478052 1.977549
-0.1520544 -0.7995824 1.913401
0.1477051 -0.8085938 1.895508
9
-0.09657973 -0.02490477 1.9909
-0.17514 -0.02642444 1.941052
-0.01417118 -0.02215415 1.963203
-0.1855113 -0.3864115 1.932789
0.04787897 -0.4077688 1.93724
-0.1516199 -0.7387528 1.982422
0.1005381 -0.7478052 1.977549
-0.1520544 -0.7995824 1.913401
0.1477051 -0.8085938 1.895508
9
-0.09657973 -0.02490477 1.9909
-0.17514 -0.02642444 1.941052
-0.01417118 -0.02215415 1.963203
-0.1855113 -0.3864115 1.932789
0.04787897 -0.4077688 1.93724
-0.1516199 -0.7387528 1.982422
0.1005381 -0.7478052 1.977549
-0.1520544 -0.7995824 1.913401
0.1477051 -0.8085938 1.895508
9
-0.09444163 -0.02522437 1.988317
-0.1735575 -0.0269635 1.939114
-0.01154891 -0.02224023 1.959992
-0.1847688 -0.3860223 1.932069
0.0526154 -0.4121641 1.931356
-0.1515554 -0.7383869 1.98202
0.1149829 -0.7466457 1.945716
-0.1520772 -0.7994407 1.913492
0.1291155 -0.7693594 1.82347
9
-0.09444163 -0.02522437 1.988317
-0.1735575 -0.0269635 1.939114
-0.01154891 -0.02224023 1.959992
-0.1847688 -0.3860223 1.932069
0.0526154 -0.4121641 1.931356
-0.1515554 -0.7383869 1.98202
0.1149829 -0.7466457 1.945716
-0.1520772 -0.7994407 1.913492
0.1291155 -0.7693594 1.82347
9
-0.09146652 -0.02500802 1.985553
-0.1710793 -0.02717027 1.93728
-0.008206346 -0.02157854 1.956205
-0.1838506 -0.3868562 1.931715
0.05991603 -0.417226 1.923568
-0.1515743 -0.7382882 1.981871
0.1237123 -0.7436213 1.918878
-0.1515644 -0.7988826 1.912307
0.1673584 -0.8012695 1.822266
9
-0.09146652 -0.02500802 1.985553
-0.1710793 -0.02717027 1.93728
-0.008206346 -0.02157854 1.956205
-0.1838506 -0.3868562 1.931715
0.05991603 -0.417226 1.923568
-0.1515743 -0.7382882 1.981871
0.1237123 -0.7436213 1.918878
-0.1515644 -0.7988826 1.912307
0.1673584 -0.8012695 1.822266
9
-0.08875202 -0.02482444 1.983386
-0.1687191 -0.02734536 1.93605
-0.005237659 -0.02102751 1.952965
-0.1824217 -0.3867996 1.931046
0.06554814 -0.4183848 1.918394
-0.1515512 -0.7378172 1.981371
0.1330052 -0.7440644 1.896347
-0.1517211 -0.7985248 1.911606
0.1731213 -0.7963995 1.801487
