40
9
0.08848883 -0.03308179 1.918993
0.01106417 -0.03146183 1.908089
0.1624928 -0.03339365 1.851746
-0.03406392 -0.4217168 1.879309
0.1903106 -0.4130674 1.865881
-0.03764664 -0.7689798 1.946724
0.1496229 -0.7536666 1.900599
-0.1012294 -0.8264982 1.883073
0.1297111 -0.8250716 1.815765
9
0.08848883 -0.03308179 1.918993
0.01106417 -0.03146183 1.908089
0.1624928 -0.03339365 1.851746
-0.03406392 -0.4217168 1.879309
0.1903106 -0.4130674 1.865881
-0.03764664 -0.7689798 1.946724
0.1496229 -0.7536666 1.900599
-0.1012294 -0.8264982 1.883073
0.1297111 -0.8250716 1.815765
9
0.08848883 -0.03308179 1.918993
0.01106417 -0.03146183 1.908089
0.1624928 -0.03339365 1.851746
-0.03406392 -0.4217168 1.879309
0.1903106 -0.4130674 1.865881
-0.03764664 -0.7689798 1.946724
0.1496229 -0.7536666 1.900599
-0.1012294 -0.8264982 1.883073
0.1297111 -0.8250716 1.815765
9
0.08848883 -0.03308179 1.918993
0.01106417 -0.03146183 1.908089
0.1624928 -0.03339365 1.851746
-0.03406392 -0.4217168 1.879309
0.1903106 -0.4130674 1.865881
-0.03764664 -0.7689798 1.946724
0.1496229 -0.7536666 1.900599
-0.1012294 -0.8264982 1.883073
0.1297111 -0.8250716 1.815765
9
0.08879825 -0.03372609 1.917208
0.01132973 -0.03207841 1.906481
0.1628161 -0.03402615 1.849797
-0.04579255 -0.4205148 1.867734
0.1904524 -0.4126838 1.865565
-0.04695006 -0.765401 1.93121
0.1502327 -0.7531253 1.900043
-0.111789 -0.8196014 1.863115
0.1286871 -0.8254885 1.817501
9
0.08879825 -0.03372609 1.917208
0.01132973 -0.03207841 1.906481
0.1628161 -0.03402615 1.849797
-0.04579255 -0.4205148 1.867734
0.1904524 -0.4126838 1.865565
-0.04695006 -0.765401 1.93121
0.1502327 -0.7531253 1.900043
-0.111789 -0.8196014 1.863115
0.1286871 -0.8254885 1.817501
9
0.08814802 -0.03433339 1.914432
0.01033438 -0.03243656 1.902266
0.1624388 -0.03473096 1.848174
-0.05594824 -0.4259703 1.860876
0.1886737 -0.4164114 1.865769
-0.07372428 -0.765331 1.90475
0.1505839 -0.7535133 1.899982
-0.1349068 -0.8234169 1.839355
0.1292728 -0.8242043 1.81443
9
0.08814802 -0.03433339 1.914432
0.01033438 -0.03243656 1.902266
0.1624388 -0.03473096 1.848174
-0.05594824 -0.4259703 1.860876
0.1886737 -0.4164114 1.865769
-0.07372428 -0.765331 1.90475
0.1505839 -0.7535133 1.899982
-0.1349068 -0.8234169 1.839355
0.1292728 -0.8242043 1.81443
9
0.08728188 -0.03448454 1.913115
0.009161848 -0.03246731 1.90038
0.1618779 -0.03495837 1.84739
-0.05815107 -0.4284211 1.859312
0.1881139 -0.4149396 1.865228
-0.08639788 -0.767522 1.895196
0.1506735 -0.7531462 1.90003
-0.1491645 -0.8191304 1.820497
0.1297529 -0.8238528 1.814349
9
0.08728188 -0.03448454 1.913115
0.009161848 -0.03246731 1.90038
0.1618779 -0.03495837 1.84739
-0.05815107 -0.4284211 1.859312
0.1881139 -0.4149396 1.865228
-0.08639788 -0.767522 1.895196
0.1506735 -0.7531462 1.90003
-0.1491645 -0.8191304 1.820497
0.1297529 -0.8238528 1.814349
9
0.08600199 -0.03473897 1.910957
0.007734059 -0.03271566 1.897769
0.1608288 -0.03522279 1.845766
-0.06134104 -0.4303803 1.857831
0.1872995 -0.4139776 1.864479
-0.09885277 -0.7685627 1.883444
0.1506646 -0.7531003 1.899902
-0.1611587 -0.8233578 1.814446
0.1299198 -0.8237758 1.814107
9
0.08600199 -0.03473897 1.910957
0.007734059 -0.03271566 1.897769
0.1608288 -0.03522279 1.845766
-0.06134104 -0.4303803 1.857831
0.1872995 -0.4139776 1.864479
-0.09885277 -0.7685627 1.883444
0.1506646 -0.7531003 1.899902
-0.1611587 -0.8233578 1.814446
0.1299198 -0.8237758 1.814107
9
0.08600199 -0.03473897 1.910957
0.007734059 -0.03271566 1.897769
0.1608288 -0.03522279 1.845766
-0.06134104 -0.4303803 1.857831
0.1872995 -0.4139776 1.864479
-0.09885277 -0.7685627 1.883444
0.1506646 -0.7531003 1.899902
-0.1611587 -0.8233578 1.814446
0.1299198 -0.8237758 1.814107
9
0.08600199 -0.03473897 1.910957
0.007734059 -0.03271566 1.897769
0.1608288 -0.03522279 1.845766
-0.06134104 -0.4303803 1.857831
0.1872995 -0.4139776 1.864479
-0.09885277 -0.7685627 1.883444
0.1506646 -0.7531003 1.899902
-0.1611587 -0.8233578 1.814446
0.1299198 -0.8237758 1.814107
9
0.08600199 -0.03473897 1.910957
0.007734059 -0.03271566 1.897769
0.1608288 -0.03522279 1.845766
-0.06134104 -0.4303803 1.857831
0.1872995 -0.4139776 1.864479
-0.09885277 -0.7685627 1.883444
0.1506646 -0.7531003 1.899902
-0.1611587 -0.8233578 1.814446
0.1299198 -0.8237758 1.814107
9
0.08600199 -0.03473897 1.910957
0.007734059 -0.03271566 1.897769
0.1608288 -0.03522279 1.845766
-0.06134104 -0.4303803 1.857831
0.1872995 -0.4139776 1.864479
-0.09885277 -0.7685627 1.883444
0.1506646 -0.7531003 1.899902
-0.1611587 -0.8233578 1.814446
0.1299198 -0.8237758 1.814107
9
0.08600199 -0.03473897 1.910957
0.007734059 -0.03271566 1.897769
0.1608288 -0.03522279 1.845766
-0.06134104 -0.4303803 1.857831
0.1872995 -0.4139776 1.864479
-0.09885277 -0.7685627 1.883444
0.1506646 -0.7531003 1.899902
-0.1611587 -0.8233578 1.814446
0.1299198 -0.8237758 1.814107
9
0.08600199 -0.03473897 1.910957
0.007734059 -0.03271566 1.897769
0.1608288 -0.03522279 1.845766
-0.06134104 -0.4303803 1.857831
0.1872995 -0.4139776 1.864479
-0.09885277 -0.7685627 1.883444
0.1506646 -0.7531003 1.899902
-0.1611587 -0.8233578 1.814446
0.1299198 -0.8237758 1.814107
9
0.07688636 -0.03518116 1.903253
-0.003005349 -0.03328298 1.887848
0.153597 -0.03558268 1.840152
-0.06374239 -0.4328751 1.85654
0.1824263 -0.4144832 1.862685
-0.1023446 -0.7686629 1.87848
0.1504108 -0.7531106 1.900109
-0.166145 -0.8231933 1.812132
0.1291246 -0.8228014 1.812888
9
0.07688636 -0.03518116 1.903253
-0.003005349 -0.03328298 1.887848
0.153597 -0.03558268 1.840152
-0.06374239 -0.4328751 1.85654
0.1824263 -0.4144832 1.862685
-0.1023446 -0.7686629 1.87848
0.1504108 -0.7531106 1.900109
-0.166145 -0.8231933 1.812132
0.1291246 -0.8228014 1.812888
9
0.07274689 -0.03516982 1.898981
-0.007017921 -0.03329162 1.883177
0.1496136 -0.03556779 1.836458
-0.06423532 -0.4338939 1.856306
0.1790386 -0.415724 1.861646
-0.1041771 -0.7674145 1.876742
0.1495967 -0.7538634 1.900166
-0.1680614 -0.8216494 1.809976
0.1293058 -0.8230028 1.811756
9
0.07274689 -0.03516982 1.898981
-0.007017921 -0.03329162 1.883177
0.1496136 -0.03556779 1.836458
-0.06423532 -0.4338939 1.856306
0.1790386 -0.415724 1.861646
-0.1041771 -0.7674145 1.876742
0.1495967 -0.7538634 1.900166
-0.1680614 -0.8216494 1.809976
0.1293058 -0.8230028 1.811756
9
0.06957205 -0.03461124 1.896049
-0.009435508 -0.03305439 1.881303
0.1457424 -0.03463697 1.832315
-0.06455408 -0.4341117 1.856276
0.1761207 -0.4163774 1.860455
-0.1049666 -0.7667426 1.875806
0.1491606 -0.7542211 1.900306
-0.1684834 -0.8203371 1.80698
0.129453 -0.8230236 1.811198
9
0.06546256 -0.0343585 1.893054
-0.01362991 -0.03299446 1.878713
0.1419497 -0.03423225 1.829046
-0.06574222 -0.4348643 1.856222
0.1737156 -0.4171047 1.859646
-0.1054511 -0.7664597 1.875365
0.1486708 -0.7545728 1.900676
-0.1696682 -0.8198737 1.807576
0.12952 -0.8231004 1.810986
9
0.06546256 -0.0343585 1.893054
-0.01362991 -0.03299446 1.878713
0.1419497 -0.03423225 1.829046
-0.06574222 -0.4348643 1.856222
0.1737156 -0.4171047 1.859646
-0.1054511 -0.7664597 1.875365
0.1486708 -0.7545728 1.900676
-0.1696682 -0.8198737 1.807576
0.12952 -0.8231004 1.810986
9
0.06235726 -0.03399934 1.890636
-0.01775335 -0.03264562 1.874364
0.1397826 -0.03391594 1.828042
-0.0669306 -0.435522 1.856178
0.1701202 -0.4180743 1.85834
-0.1058595 -0.7665504 1.875026
0.1477599 -0.7546648 1.900384
-0.1700776 -0.8201269 1.807604
0.1296459 -0.8235912 1.81101
9
0.06235726 -0.03399934 1.890636
-0.01775335 -0.03264562 1.874364
0.1397826 -0.03391594 1.828042
-0.0669306 -0.435522 1.856178
0.1701202 -0.4180743 1.85834
-0.1058595 -0.7665504 1.875026
0.1477599 -0.7546648 1.900384
-0.1700776 -0.8201269 1.807604
0.1296459 -0.8235912 1.81101
9
0.06235726 -0.03399934 1.890636
-0.01775335 -0.03264562 1.874364
0.1397826 -0.03391594 1.828042
-0.0669306 -0.435522 1.856178
0.1701202 -0.4180743 1.85834
-0.1058595 -0.7665504 1.875026
0.1477599 -0.7546648 1.900384
-0.1700776 -0.8201269 1.807604
0.1296459 -0.8235912 1.81101
9
0.0575652 -0.03346969 1.887777
-0.02249005 -0.03253098 1.871437
0.135324 -0.03302978 1.825555
-0.06914103 -0.4348478 1.8555
0.1665732 -0.4184151 1.857434
-0.1064374 -0.7667511 1.874801
0.147008 -0.7547949 1.90052
-0.1704486 -0.8204975 1.807348
0.1297696 -0.8237062 1.810888
9
0.0575652 -0.03346969 1.887777
-0.02249005 -0.03253098 1.871437
0.135324 -0.03302978 1.825555
-0.06914103 -0.4348478 1.8555
0.1665732 -0.4184151 1.857434
-0.1064374 -0.7667511 1.874801
0.147008 -0.7547949 1.90052
-0.1704486 -0.8204975 1.807348
0.1297696 -0.8237062 1.810888
9
0.0575652 -0.03346969 1.887777
-0.02249005 -0.03253098 1.871437
0.135324 -0.03302978 1.825555
-0.06914103 -0.4348478 1.8555
0.1665732 -0.4184151 1.857434
-0.1064374 -0.7667511 1.874801
0.147008 -0.7547949 1.90052
-0.1704486 -0.8204975 1.807348
0.1297696 -0.8237062 1.810888
9
0.0575652 -0.03346969 1.887777
-0.02249005 -0.03253098 1.871437
0.135324 -0.03302978 1.825555
-0.06914103 -0.4348478 1.8555
0.1665732 -0.4184151 1.857434
-0.1064374 -0.7667511 1.874801
0.147008 -0.7547949 1.90052
-0.1704486 -0.8204975 1.807348
0.1297696 -0.8237062 1.810888
9
0.05193816 -0.03319787 1.884835
-0.02823317 -0.03266568 1.868603
0.1300829 -0.03237127 1.822667
-0.07257167 -0.4342586 1.854036
0.1638709 -0.4193666 1.856596
-0.1066437 -0.7665734 1.874745
0.1462746 -0.7550996 1.900394
-0.1704189 -0.8205692 1.80734
0.1296965 -0.8239071 1.810447
9
0.05193816 -0.03319787 1.884835
-0.02823317 -0.03266568 1.868603
0.1300829 -0.03237127 1.822667
-0.07257167 -0.4342586 1.854036
0.1638709 -0.4193666 1.856596
-0.1066437 -0.7665734 1.874745
0.1462746 -0.7550996 1.900394
-0.1704189 -0.8205692 1.80734
0.1296965 -0.8239071 1.810447
9
0.04846657 -0.03261209 1.88299
-0.03179109 -0.03219871 1.866016
0.1267775 -0.03169049 1.821529
-0.07509296 -0.4345797 1.853364
0.159532 -0.4242782 1.856684
-0.1068439 -0.7667615 1.87452
0.1449289 -0.7560599 1.901153
-0.1707577 -0.820701 1.807298
0.1298102 -0.8237302 1.809206
9
0.04846657 -0.03261209 1.88299
-0.03179109 -0.03219871 1.866016
0.1267775 -0.03169049 1.821529
-0.07509296 -0.4345797 1.853364
0.159532 -0.4242782 1.856684
-0.1068439 -0.7667615 1.87452
0.1449289 -0.7560599 1.901153
-0.1707577 -0.820701 1.807298
0.1298102 -0.8237302 1.809206
9
0.04562021 -0.03213288 1.882022
-0.03435579 -0.03211806 1.865455
0.1237251 -0.03076365 1.820155
-0.0779476 -0.4306988 1.851406
0.1574899 -0.423539 1.855673
-0.1069938 -0.7669154 1.874336
0.1447255 -0.756071 1.901042
-0.1708943 -0.8209454 1.807296
0.1299029 -0.8237914 1.809107
9
0.04562021 -0.03213288 1.882022
-0.03435579 -0.03211806 1.865455
0.1237251 -0.03076365 1.820155
-0.0779476 -0.4306988 1.851406
0.1574899 -0.423539 1.855673
-0.1069938 -0.7669154 1.874336
0.1447255 -0.756071 1.901042
-0.1708943 -0.8209454 1.807296
0.1299029 -0.8237914 1.809107
9
0.04562021 -0.03213288 1.882022
-0.03435579 -0.03211806 1.865455
0.1237251 -0.03076365 1.820155
-0.0779476 -0.4306988 1.851406
0.1574899 -0.423539 1.855673
-0.1069938 -0.7669154 1.874336
0.1447255 -0.756071 1.901042
-0.1708943 -0.8209454 1.807296
0.1299029 -0.8237914 1.809107
9
0.04562021 -0.03213288 1.882022
-0.03435579 -0.03211806 1.865455
0.1237251 -0.03076365 1.820155
-0.0779476 -0.4306988 1.851406
0.1574899 -0.423539 1.855673
-0.1069938 -0.7669154 1.874336
0.1447255 -0.756071 1.901042
-0.1708943 -0.8209454 1.807296
0.1299029 -0.8237914 1.809107
