40
9
-0.09826032 -0.0316286 2.06666
-0.1750293 -0.02893779 2.011778
-0.0178625 -0.03312963 2.044219
-0.2238391 -0.4238268 1.896642
-0.03534221 -0.4216222 2.094901
-0.256938 -0.7436599 1.827077
-0.06533168 -0.7531309 2.134115
-0.2619025 -0.7893528 1.724868
-0.05731282 -0.8166323 2.061488
9
-0.09826032 -0.0316286 2.06666
-0.1750293 -0.02893779 2.011778
-0.0178625 -0.03312963 2.044219
-0.2238391 -0.4238268 1.896642
-0.03534221 -0.4216222 2.094901
-0.256938 -0.7436599 1.827077
-0.06533168 -0.7531309 2.134115
-0.2619025 -0.7893528 1.724868
-0.05731282 -0.8166323 2.061488
9
-0.09826032 -0.0316286 2.06666
-0.1750293 -0.02893779 2.011778
-0.0178625 -0.03312963 2.044219
-0.2238391 -0.4238268 1.896642
-0.03534221 -0.4216222 2.094901
-0.256938 -0.7436599 1.827077
-0.06533168 -0.7531309 2.134115
-0.2619025 -0.7893528 1.724868
-0.05731282 -0.8166323 2.061488
9
-0.09826032 -0.0316286 2.06666
-0.1750293 -0.02893779 2.011778
-0.0178625 -0.03312963 2.044219
-0.2238391 -0.4238268 1.896642
-0.03534221 -0.4216222 2.094901
-0.256938 -0.7436599 1.827077
-0.06533168 -0.7531309 2.134115
-0.2619025 -0.7893528 1.724868
-0.05731282 -0.8166323 2.061488
9
-0.1202244 -0.0301976 2.022172
-0.1933954 -0.02683772 1.966081
-0.04261222 -0.03240067 2.000873
-0.2470671 -0.3961097 1.860211
-0.05049783 -0.4192521 2.065824
-0.2609194 -0.7397321 1.823759
-0.06688821 -0.7510806 2.130269
-0.2625237 -0.784849 1.733831
-0.05735474 -0.816648 2.061315
9
-0.1202244 -0.0301976 2.022172
-0.1933954 -0.02683772 1.966081
-0.04261222 -0.03240067 2.000873
-0.2470671 -0.3961097 1.860211
-0.05049783 -0.4192521 2.065824
-0.2609194 -0.7397321 1.823759
-0.06688821 -0.7510806 2.130269
-0.2625237 -0.784849 1.733831
-0.05735474 -0.816648 2.061315
9
-0.121859 -0.02989084 2.018162
-0.1952169 -0.02675179 1.961788
-0.04395831 -0.03190472 1.997224
-0.2480749 -0.3955941 1.857688
-0.05486267 -0.4190381 2.057948
-0.2637353 -0.738526 1.821916
-0.06914138 -0.7501968 2.127292
-0.2622974 -0.7851292 1.733333
-0.05687434 -0.8168307 2.060325
9
-0.121859 -0.02989084 2.018162
-0.1952169 -0.02675179 1.961788
-0.04395831 -0.03190472 1.997224
-0.2480749 -0.3955941 1.857688
-0.05486267 -0.4190381 2.057948
-0.2637353 -0.738526 1.821916
-0.06914138 -0.7501968 2.127292
-0.2622974 -0.7851292 1.733333
-0.05687434 -0.8168307 2.060325
9
-0.1291102 -0.02790124 2.005943
-0.202645 -0.0242906 1.949122
-0.05067468 -0.03043193 1.985546
-0.2499844 -0.3861224 1.848463
-0.06091999 -0.4151972 2.04451
-0.2659488 -0.7380673 1.819644
-0.07101396 -0.7489927 2.123998
-0.2616956 -0.7863108 1.73286
-0.05664748 -0.817018 2.059634
9
-0.1291102 -0.02790124 2.005943
-0.202645 -0.0242906 1.949122
-0.05067468 -0.03043193 1.985546
-0.2499844 -0.3861224 1.848463
-0.06091999 -0.4151972 2.04451
-0.2659488 -0.7380673 1.819644
-0.07101396 -0.7489927 2.123998
-0.2616956 -0.7863108 1.73286
-0.05664748 -0.817018 2.059634
9
-0.1370747 -0.02667035 1.99335
-0.2109023 -0.0228482 1.935791
-0.05800873 -0.02944531 1.9737
-0.2536656 -0.383174 1.840538
-0.06520611 -0.4157053 2.035826
-0.2673988 -0.7377099 1.818538
-0.07220457 -0.7472692 2.120478
-0.2622359 -0.7876767 1.733881
-0.05634528 -0.8171418 2.058633
9
-0.1370747 -0.02667035 1.99335
-0.2109023 -0.0228482 1.935791
-0.05800873 -0.02944531 1.9737
-0.2536656 -0.383174 1.840538
-0.06520611 -0.4157053 2.035826
-0.2673988 -0.7377099 1.818538
-0.07220457 -0.7472692 2.120478
-0.2622359 -0.7876767 1.733881
-0.05634528 -0.8171418 2.058633
9
-0.1370747 -0.02667035 1.99335
-0.2109023 -0.0228482 1.935791
-0.05800873 -0.02944531 1.9737
-0.2536656 -0.383174 1.840538
-0.06520611 -0.4157053 2.035826
-0.2673988 -0.7377099 1.818538
-0.07220457 -0.7472692 2.120478
-0.2622359 -0.7876767 1.733881
-0.05634528 -0.8171418 2.058633
9
-0.1370747 -0.02667035 1.99335
-0.2109023 -0.0228482 1.935791
-0.05800873 -0.02944531 1.9737
-0.2536656 -0.383174 1.840538
-0.06520611 -0.4157053 2.035826
-0.2673988 -0.7377099 1.818538
-0.07220457 -0.7472692 2.120478
-0.2622359 -0.7876767 1.733881
-0.05634528 -0.8171418 2.058633
9
-0.1534739 -0.02243208 1.967772
-0.2263504 -0.01900293 1.910917
-0.07463714 -0.02497168 1.947488
-0.2607713 -0.3799947 1.829481
-0.07154241 -0.4157021 2.016157
-0.2681241 -0.7351829 1.817929
-0.0738993 -0.7473378 2.114724
-0.2624275 -0.7865948 1.735114
-0.05593048 -0.8159586 2.055636
9
-0.1534739 -0.02243208 1.967772
-0.2263504 -0.01900293 1.910917
-0.07463714 -0.02497168 1.947488
-0.2607713 -0.3799947 1.829481
-0.07154241 -0.4157021 2.016157
-0.2681241 -0.7351829 1.817929
-0.0738993 -0.7473378 2.114724
-0.2624275 -0.7865948 1.735114
-0.05593048 -0.8159586 2.055636
9
-0.1597853 -0.02089673 1.958396
-0.232826 -0.01738283 1.901245
-0.08051178 -0.02357849 1.938422
-0.2661889 -0.3740772 1.820023
-0.07483588 -0.413683 2.001536
-0.2684298 -0.734418 1.817364
-0.0736533 -0.7469899 2.111406
-0.2629789 -0.7866095 1.735608
-0.05575609 -0.8154063 2.054007
9
-0.1597853 -0.02089673 1.958396
-0.232826 -0.01738283 1.901245
-0.08051178 -0.02357849 1.938422
-0.2661889 -0.3740772 1.820023
-0.07483588 -0.413683 2.001536
-0.2684298 -0.734418 1.817364
-0.0736533 -0.7469899 2.111406
-0.2629789 -0.7866095 1.735608
-0.05575609 -0.8154063 2.054007
9
-0.1669458 -0.01973506 1.946977
-0.24039 -0.0157323 1.888812
-0.08697248 -0.02291189 1.92799
-0.2686281 -0.3717255 1.815955
-0.07678081 -0.4137518 1.991032
-0.2689187 -0.7339788 1.817069
-0.07454288 -0.7453929 2.105154
-0.2632961 -0.786482 1.735745
-0.05578645 -0.8139489 2.05125
9
-0.1669458 -0.01973506 1.946977
-0.24039 -0.0157323 1.888812
-0.08697248 -0.02291189 1.92799
-0.2686281 -0.3717255 1.815955
-0.07678081 -0.4137518 1.991032
-0.2689187 -0.7339788 1.817069
-0.07454288 -0.7453929 2.105154
-0.2632961 -0.786482 1.735745
-0.05578645 -0.8139489 2.05125
9
-0.1735139 -0.01946113 1.935221
-0.2468655 -0.01513018 1.877034
-0.09330861 -0.02299277 1.916324
-0.2713475 -0.3703 1.811602
-0.07871336 -0.4117853 1.976327
-0.2697657 -0.7332986 1.815771
-0.07547125 -0.7446787 2.100524
-0.2638633 -0.7867953 1.735894
-0.05548697 -0.8128384 2.048915
9
-0.1735139 -0.01946113 1.935221
-0.2468655 -0.01513018 1.877034
-0.09330861 -0.02299277 1.916324
-0.2713475 -0.3703 1.811602
-0.07871336 -0.4117853 1.976327
-0.2697657 -0.7332986 1.815771
-0.07547125 -0.7446787 2.100524
-0.2638633 -0.7867953 1.735894
-0.05548697 -0.8128384 2.048915
9
-0.1792298 -0.01881505 1.925791
-0.2521014 -0.01471175 1.868057
-0.09925199 -0.02214072 1.906454
-0.2752142 -0.3690211 1.807116
-0.07967855 -0.4072884 1.959183
-0.2704816 -0.7323736 1.814969
-0.07586505 -0.744653 2.095246
-0.2645588 -0.7868242 1.736529
-0.05476422 -0.8127782 2.04751
9
-0.1792298 -0.01881505 1.925791
-0.2521014 -0.01471175 1.868057
-0.09925199 -0.02214072 1.906454
-0.2752142 -0.3690211 1.807116
-0.07967855 -0.4072884 1.959183
-0.2704816 -0.7323736 1.814969
-0.07586505 -0.744653 2.095246
-0.2645588 -0.7868242 1.736529
-0.05476422 -0.8127782 2.04751
9
-0.1842778 -0.01837289 1.916786
-0.2572562 -0.01476467 1.859243
-0.1039577 -0.02122243 1.897266
-0.2788035 -0.3679771 1.803007
-0.08121555 -0.4047493 1.945064
-0.2711406 -0.7322888 1.814283
-0.07741333 -0.7484075 2.09076
-0.2650791 -0.7873359 1.736797
-0.05414433 -0.8133894 2.045944
9
-0.1842778 -0.01837289 1.916786
-0.2572562 -0.01476467 1.859243
-0.1039577 -0.02122243 1.897266
-0.2788035 -0.3679771 1.803007
-0.08121555 -0.4047493 1.945064
-0.2711406 -0.7322888 1.814283
-0.07741333 -0.7484075 2.09076
-0.2650791 -0.7873359 1.736797
-0.05414433 -0.8133894 2.045944
9
-0.1894434 -0.01827302 1.907801
-0.2624795 -0.01513731 1.85074
-0.108816 -0.02064208 1.887803
-0.2816322 -0.3673963 1.800446
-0.08172078 -0.4027434 1.927234
-0.2716841 -0.7319146 1.813873
-0.08073033 -0.7545137 2.088249
-0.2656246 -0.7873396 1.736995
-0.05329299 -0.8182545 2.044746
9
-0.1894434 -0.01827302 1.907801
-0.2624795 -0.01513731 1.85074
-0.108816 -0.02064208 1.887803
-0.2816322 -0.3673963 1.800446
-0.08172078 -0.4027434 1.927234
-0.2716841 -0.7319146 1.813873
-0.08073033 -0.7545137 2.088249
-0.2656246 -0.7873396 1.736995
-0.05329299 -0.8182545 2.044746
9
-0.193757 -0.01816977 1.899672
-0.2670789 -0.01568275 1.842565
-0.112655 -0.01991552 1.879728
-0.2840465 -0.367904 1.798219
-0.08137387 -0.4002069 1.90963
-0.2724191 -0.7314151 1.81294
-0.0847117 -0.757072 2.076317
-0.2666054 -0.7877184 1.73753
-0.05537786 -0.8202987 2.035469
9
-0.193757 -0.01816977 1.899672
-0.2670789 -0.01568275 1.842565
-0.112655 -0.01991552 1.879728
-0.2840465 -0.367904 1.798219
-0.08137387 -0.4002069 1.90963
-0.2724191 -0.7314151 1.81294
-0.0847117 -0.757072 2.076317
-0.2666054 -0.7877184 1.73753
-0.05537786 -0.8202987 2.035469
9
-0.1982065 -0.01815719 1.891951
-0.2715458 -0.01644479 1.835885
-0.1168677 -0.01904178 1.870857
-0.2868962 -0.3702427 1.796363
-0.08177824 -0.3984533 1.896415
-0.2731992 -0.7307203 1.811946
-0.08973358 -0.7543676 2.067071
-0.2670158 -0.7879245 1.738125
-0.05591547 -0.8160307 2.031646
9
-0.1982065 -0.01815719 1.891951
-0.2715458 -0.01644479 1.835885
-0.1168677 -0.01904178 1.870857
-0.2868962 -0.3702427 1.796363
-0.08177824 -0.3984533 1.896415
-0.2731992 -0.7307203 1.811946
-0.08973358 -0.7543676 2.067071
-0.2670158 -0.7879245 1.738125
-0.05591547 -0.8160307 2.031646
9
-0.1982065 -0.01815719 1.891951
-0.2715458 -0.01644479 1.835885
-0.1168677 -0.01904178 1.870857
-0.2868962 -0.3702427 1.796363
-0.08177824 -0.3984533 1.896415
-0.2731992 -0.7307203 1.811946
-0.08973358 -0.7543676 2.067071
-0.2670158 -0.7879245 1.738125
-0.05591547 -0.8160307 2.031646
9
-0.2017745 -0.01765983 1.885647
-0.2752727 -0.01662662 1.829988
-0.1200869 -0.01789099 1.864214
-0.2903735 -0.3724169 1.794045
-0.08193439 -0.3948286 1.880348
-0.2737392 -0.7312192 1.811251
-0.09377249 -0.7488924 2.054283
-0.2673426 -0.7895443 1.739572
-0.06228884 -0.8115667 2.019383
9
-0.2017745 -0.01765983 1.885647
-0.2752727 -0.01662662 1.829988
-0.1200869 -0.01789099 1.864214
-0.2903735 -0.3724169 1.794045
-0.08193439 -0.3948286 1.880348
-0.2737392 -0.7312192 1.811251
-0.09377249 -0.7488924 2.054283
-0.2673426 -0.7895443 1.739572
-0.06228884 -0.8115667 2.019383
9
-0.2056762 -0.0172292 1.879351
-0.2793564 -0.01691497 1.824172
-0.1236228 -0.01675333 1.857452
-0.2949792 -0.3777016 1.791225
-0.08184002 -0.3924245 1.867025
-0.2737641 -0.7312362 1.811211
-0.09668707 -0.7460285 2.041621
-0.2678026 -0.7897381 1.739869
-0.06153125 -0.8100977 2.001187
9
-0.2056762 -0.0172292 1.879351
-0.2793564 -0.01691497 1.824172
-0.1236228 -0.01675333 1.857452
-0.2949792 -0.3777016 1.791225
-0.08184002 -0.3924245 1.867025
-0.2737641 -0.7312362 1.811211
-0.09668707 -0.7460285 2.041621
-0.2678026 -0.7897381 1.739869
-0.06153125 -0.8100977 2.001187
9
-0.2056762 -0.0172292 1.879351
-0.2793564 -0.01691497 1.824172
-0.1236228 -0.01675333 1.857452
-0.2949792 -0.3777016 1.791225
-0.08184002 -0.3924245 1.867025
-0.2737641 -0.7312362 1.811211
-0.09668707 -0.7460285 2.041621
-0.2678026 -0.7897381 1.739869
-0.06153125 -0.8100977 2.001187
9
-0.2098898 -0.01668447 1.871663
-0.2835546 -0.01721601 1.818061
-0.1276024 -0.01526501 1.848002
-0.2973832 -0.3797745 1.788538
-0.08494986 -0.3940902 1.853132
-0.2738025 -0.7309842 1.811123
-0.09487353 -0.7581391 2.006348
-0.2681502 -0.789723 1.740238
-0.05866234 -0.8178709 1.979797
9
-0.2098898 -0.01668447 1.871663
-0.2835546 -0.01721601 1.818061
-0.1276024 -0.01526501 1.848002
-0.2973832 -0.3797745 1.788538
-0.08494986 -0.3940902 1.853132
-0.2738025 -0.7309842 1.811123
-0.09487353 -0.7581391 2.006348
-0.2681502 -0.789723 1.740238
-0.05866234 -0.8178709 1.979797
