40
9
-0.03577661 -0.0208162 2.035063
-0.1158114 -0.02356659 2.005991
0.04565716 -0.01729872 1.986839
-0.1604106 -0.4115404 1.895025
0.02620334 -0.4178004 2.01485
-0.1863281 -0.7378395 1.895925
-0.02152398 -0.7604008 2.029328
-0.2089844 -0.8066406 1.808594
-0.01604757 -0.8164321 1.950686
9
-0.03577661 -0.0208162 2.035063
-0.1158114 -0.02356659 2.005991
0.04565716 -0.01729872 1.986839
-0.1604106 -0.4115404 1.895025
0.02620334 -0.4178004 2.01485
-0.1863281 -0.7378395 1.895925
-0.02152398 -0.7604008 2.029328
-0.2089844 -0.8066406 1.808594
-0.01604757 -0.8164321 1.950686
9
-0.03648946 -0.02061225 2.040979
-0.1162641 -0.0230514 2.010874
0.04466734 -0.0174737 1.99389
-0.16194 -0.4106557 1.908582
0.02602778 -0.4174894 2.018146
-0.1868475 -0.7439231 1.927626
-0.0208551 -0.7589919 2.031019
-0.2087339 -0.8073086 1.83197
-0.0168044 -0.8158635 1.953538
9
-0.03648946 -0.02061225 2.040979
-0.1162641 -0.0230514 2.010874
0.04466734 -0.0174737 1.99389
-0.16194 -0.4106557 1.908582
0.02602778 -0.4174894 2.018146
-0.1868475 -0.7439231 1.927626
-0.0208551 -0.7589919 2.031019
-0.2087339 -0.8073086 1.83197
-0.0168044 -0.8158635 1.953538
9
-0.03806072 -0.02042603 2.046559
-0.1177806 -0.02265913 2.016537
0.043122 -0.01747173 1.999305
-0.162242 -0.4092627 1.92029
0.02631616 -0.4161728 2.020275
-0.1847847 -0.7445307 1.955229
-0.02046519 -0.7582012 2.032555
-0.2064447 -0.8066807 1.876094
-0.01673235 -0.8147551 1.954483
9
-0.03806072 -0.02042603 2.046559
-0.1177806 -0.02265913 2.016537
0.043122 -0.01747173 1.999305
-0.162242 -0.4092627 1.92029
0.02631616 -0.4161728 2.020275
-0.1847847 -0.7445307 1.955229
-0.02046519 -0.7582012 2.032555
-0.2064447 -0.8066807 1.876094
-0.01673235 -0.8147551 1.954483
9
-0.04054032 -0.0203552 2.053441
-0.1201939 -0.02228412 2.023107
0.04067312 -0.01770268 2.006482
-0.1618098 -0.4104251 1.938336
0.02591239 -0.4160355 2.022859
-0.1788749 -0.7466521 1.990683
-0.01988723 -0.7576361 2.033235
-0.2052515 -0.8059275 1.903498
-0.01710765 -0.8142773 1.955216
9
-0.04054032 -0.0203552 2.053441
-0.1201939 -0.02228412 2.023107
0.04067312 -0.01770268 2.006482
-0.1618098 -0.4104251 1.938336
0.02591239 -0.4160355 2.022859
-0.1788749 -0.7466521 1.990683
-0.01988723 -0.7576361 2.033235
-0.2052515 -0.8059275 1.903498
-0.01710765 -0.8142773 1.955216
9
-0.04054032 -0.0203552 2.053441
-0.1201939 -0.02228412 2.023107
0.04067312 -0.01770268 2.006482
-0.1618098 -0.4104251 1.938336
0.02591239 -0.4160355 2.022859
-0.1788749 -0.7466521 1.990683
-0.01988723 -0.7576361 2.033235
-0.2052515 -0.8059275 1.903498
-0.01710765 -0.8142773 1.955216
9
-0.04054032 -0.0203552 2.053441
-0.1201939 -0.02228412 2.023107
0.04067312 -0.01770268 2.006482
-0.1618098 -0.4104251 1.938336
0.02591239 -0.4160355 2.022859
-0.1788749 -0.7466521 1.990683
-0.01988723 -0.7576361 2.033235
-0.2052515 -0.8059275 1.903498
-0.01710765 -0.8142773 1.955216
9
-0.04426299 -0.02070973 2.063696
-0.1236771 -0.02195431 2.031933
0.03684108 -0.01880722 2.018296
-0.1607659 -0.419479 1.973487
0.0260183 -0.4158032 2.027702
-0.1756252 -0.7467176 2.052852
-0.01889294 -0.7571757 2.034769
-0.197876 -0.8105469 1.980469
-0.01692894 -0.813326 1.955891
9
-0.04426299 -0.02070973 2.063696
-0.1236771 -0.02195431 2.031933
0.03684108 -0.01880722 2.018296
-0.1607659 -0.419479 1.973487
0.0260183 -0.4158032 2.027702
-0.1756252 -0.7467176 2.052852
-0.01889294 -0.7571757 2.034769
-0.197876 -0.8105469 1.980469
-0.01692894 -0.813326 1.955891
9
-0.04721802 -0.0210541 2.070252
-0.1266572 -0.02174061 2.038622
0.03402397 -0.01964096 2.024647
-0.1614879 -0.4207875 1.981447
0.02527289 -0.4164999 2.031547
-0.1765193 -0.7486813 2.060768
-0.01852198 -0.756902 2.035681
-0.1986991 -0.811184 1.982593
-0.01634208 -0.8131905 1.957014
9
-0.04721802 -0.0210541 2.070252
-0.1266572 -0.02174061 2.038622
0.03402397 -0.01964096 2.024647
-0.1614879 -0.4207875 1.981447
0.02527289 -0.4164999 2.031547
-0.1765193 -0.7486813 2.060768
-0.01852198 -0.756902 2.035681
-0.1986991 -0.811184 1.982593
-0.01634208 -0.8131905 1.957014
9
-0.04962338 -0.02095439 2.076519
-0.1289957 -0.02116944 2.04461
0.03163213 -0.02001483 2.031179
-0.1619459 -0.41295 1.990578
0.02444091 -0.4157922 2.035442
-0.176547 -0.7541192 2.08872
-0.0171571 -0.7547595 2.037547
-0.1959981 -0.8130538 2.02084
-0.01617752 -0.8109535 1.95861
9
-0.04962338 -0.02095439 2.076519
-0.1289957 -0.02116944 2.04461
0.03163213 -0.02001483 2.031179
-0.1619459 -0.41295 1.990578
0.02444091 -0.4157922 2.035442
-0.176547 -0.7541192 2.08872
-0.0171571 -0.7547595 2.037547
-0.1959981 -0.8130538 2.02084
-0.01617752 -0.8109535 1.95861
9
-0.0520163 -0.0208172 2.082522
-0.1311483 -0.02075958 2.049587
0.02907755 -0.02018731 2.038281
-0.1630346 -0.4097693 2.000989
0.02340384 -0.4152093 2.040487
-0.172659 -0.7583323 2.108218
-0.0159934 -0.7528722 2.039347
-0.1974482 -0.8162028 2.036409
-0.01510269 -0.8082792 1.957881
9
-0.0520163 -0.0208172 2.082522
-0.1311483 -0.02075958 2.049587
0.02907755 -0.02018731 2.038281
-0.1630346 -0.4097693 2.000989
0.02340384 -0.4152093 2.040487
-0.172659 -0.7583323 2.108218
-0.0159934 -0.7528722 2.039347
-0.1974482 -0.8162028 2.036409
-0.01510269 -0.8082792 1.957881
9
-0.05444984 -0.02067414 2.088421
-0.1336586 -0.02034726 2.055415
0.02681581 -0.0202905 2.044178
-0.1643846 -0.4086782 2.013197
0.02230486 -0.4153743 2.046035
-0.1715965 -0.7604811 2.129618
-0.01508186 -0.7511594 2.040581
-0.1967095 -0.8199799 2.052578
-0.01434602 -0.8084452 1.955888
9
-0.05444984 -0.02067414 2.088421
-0.1336586 -0.02034726 2.055415
0.02681581 -0.0202905 2.044178
-0.1643846 -0.4086782 2.013197
0.02230486 -0.4153743 2.046035
-0.1715965 -0.7604811 2.129618
-0.01508186 -0.7511594 2.040581
-0.1967095 -0.8199799 2.052578
-0.01434602 -0.8084452 1.955888
9
-0.05742369 -0.02100477 2.094532
-0.1365744 -0.02032668 2.061131
0.02388605 -0.02096073 2.050678
-0.1658099 -0.4089803 2.026862
0.02090142 -0.4167553 2.050797
-0.1740172 -0.7623529 2.14879
-0.0146924 -0.7511269 2.040635
-0.1758796 -0.7859684 2.024262
-0.01436631 -0.8083816 1.9556
9
-0.05742369 -0.02100477 2.094532
-0.1365744 -0.02032668 2.061131
0.02388605 -0.02096073 2.050678
-0.1658099 -0.4089803 2.026862
0.02090142 -0.4167553 2.050797
-0.1740172 -0.7623529 2.14879
-0.0146924 -0.7511269 2.040635
-0.1758796 -0.7859684 2.024262
-0.01436631 -0.8083816 1.9556
9
-0.05742369 -0.02100477 2.094532
-0.1365744 -0.02032668 2.061131
0.02388605 -0.02096073 2.050678
-0.1658099 -0.4089803 2.026862
0.02090142 -0.4167553 2.050797
-0.1740172 -0.7623529 2.14879
-0.0146924 -0.7511269 2.040635
-0.1758796 -0.7859684 2.024262
-0.01436631 -0.8083816 1.9556
9
-0.05742369 -0.02100477 2.094532
-0.1365744 -0.02032668 2.061131
0.02388605 -0.02096073 2.050678
-0.1658099 -0.4089803 2.026862
0.02090142 -0.4167553 2.050797
-0.1740172 -0.7623529 2.14879
-0.0146924 -0.7511269 2.040635
-0.1758796 -0.7859684 2.024262
-0.01436631 -0.8083816 1.9556
9
-0.06432981 -0.02180493 2.108037
-0.1429269 -0.02071508 2.072278
0.01666429 -0.02217643 2.066762
-0.1676165 -0.4141364 2.058923
0.01590289 -0.4163004 2.062983
-0.1729509 -0.7697184 2.201464
-0.0131288 -0.749881 2.043299
-0.1942151 -0.8277497 2.131891
-0.01382004 -0.8084229 1.953789
9
-0.06432981 -0.02180493 2.108037
-0.1429269 -0.02071508 2.072278
0.01666429 -0.02217643 2.066762
-0.1676165 -0.4141364 2.058923
0.01590289 -0.4163004 2.062983
-0.1729509 -0.7697184 2.201464
-0.0131288 -0.749881 2.043299
-0.1942151 -0.8277497 2.131891
-0.01382004 -0.8084229 1.953789
9
-0.0680613 -0.0223545 2.114316
-0.1465028 -0.02088068 2.077297
0.01294564 -0.02311453 2.074306
-0.1682268 -0.4131681 2.063858
0.01356677 -0.417884 2.06838
-0.1720617 -0.7669646 2.205922
-0.01144681 -0.7493486 2.044475
-0.191037 -0.826269 2.137314
-0.0135791 -0.808845 1.952577
9
-0.0680613 -0.0223545 2.114316
-0.1465028 -0.02088068 2.077297
0.01294564 -0.02311453 2.074306
-0.1682268 -0.4131681 2.063858
0.01356677 -0.417884 2.06838
-0.1720617 -0.7669646 2.205922
-0.01144681 -0.7493486 2.044475
-0.191037 -0.826269 2.137314
-0.0135791 -0.808845 1.952577
9
-0.07286818 -0.02220558 2.122086
-0.1519608 -0.02044391 2.086008
0.00891667 -0.0231864 2.081031
-0.1698897 -0.4120862 2.073991
0.01134594 -0.4194496 2.074013
-0.1713437 -0.7652962 2.209748
-0.01093534 -0.7481974 2.046234
-0.1904052 -0.8261997 2.144773
-0.01334323 -0.8085797 1.952246
9
-0.07286818 -0.02220558 2.122086
-0.1519608 -0.02044391 2.086008
0.00891667 -0.0231864 2.081031
-0.1698897 -0.4120862 2.073991
0.01134594 -0.4194496 2.074013
-0.1713437 -0.7652962 2.209748
-0.01093534 -0.7481974 2.046234
-0.1904052 -0.8261997 2.144773
-0.01334323 -0.8085797 1.952246
9
-0.07734492 -0.02268987 2.130412
-0.1563474 -0.02086141 2.09368
0.004520861 -0.02371123 2.089933
-0.1717992 -0.4105772 2.083903
0.008187536 -0.4245178 2.082114
-0.1715561 -0.7632756 2.215941
-0.010058 -0.7471551 2.047537
-0.1907335 -0.824893 2.152714
-0.01294867 -0.8088868 1.952032
9
-0.07734492 -0.02268987 2.130412
-0.1563474 -0.02086141 2.09368
0.004520861 -0.02371123 2.089933
-0.1717992 -0.4105772 2.083903
0.008187536 -0.4245178 2.082114
-0.1715561 -0.7632756 2.215941
-0.010058 -0.7471551 2.047537
-0.1907335 -0.824893 2.152714
-0.01294867 -0.8088868 1.952032
9
-0.08200335 -0.023876 2.137742
-0.1608169 -0.02210928 2.099647
-0.0001777457 -0.02476862 2.098771
-0.1748476 -0.4098328 2.093865
0.006107867 -0.4250227 2.087525
-0.1714856 -0.7625824 2.217694
-0.00919036 -0.7466911 2.048415
-0.1894655 -0.8250478 2.155791
-0.01297164 -0.8090546 1.95155
9
-0.08200335 -0.023876 2.137742
-0.1608169 -0.02210928 2.099647
-0.0001777457 -0.02476862 2.098771
-0.1748476 -0.4098328 2.093865
0.006107867 -0.4250227 2.087525
-0.1714856 -0.7625824 2.217694
-0.00919036 -0.7466911 2.048415
-0.1894655 -0.8250478 2.155791
-0.01297164 -0.8090546 1.95155
9
-0.08727901 -0.02561864 2.146309
-0.166026 -0.02385529 2.107024
-0.005319578 -0.02643765 2.108497
-0.1781441 -0.4092949 2.103722
0.002924664 -0.42613 2.092489
-0.1708372 -0.7649881 2.220857
-0.008051538 -0.7416062 2.051346
-0.1657429 -0.7890853 2.096176
-0.01289331 -0.8089973 1.951704
9
-0.08727901 -0.02561864 2.146309
-0.166026 -0.02385529 2.107024
-0.005319578 -0.02643765 2.108497
-0.1781441 -0.4092949 2.103722
0.002924664 -0.42613 2.092489
-0.1708372 -0.7649881 2.220857
-0.008051538 -0.7416062 2.051346
-0.1657429 -0.7890853 2.096176
-0.01289331 -0.8089973 1.951704
9
-0.09331364 -0.02597261 2.156438
-0.1722526 -0.02421051 2.116069
-0.01095893 -0.02679197 2.119687
-0.1811364 -0.4096851 2.115129
0.0001286087 -0.4269571 2.096757
-0.1684747 -0.768016 2.228016
-0.008134641 -0.7410975 2.052094
-0.1868048 -0.8311195 2.168335
-0.01184634 -0.8087953 1.949372
9
-0.09331364 -0.02597261 2.156438
-0.1722526 -0.02421051 2.116069
-0.01095893 -0.02679197 2.119687
-0.1811364 -0.4096851 2.115129
0.0001286087 -0.4269571 2.096757
-0.1684747 -0.768016 2.228016
-0.008134641 -0.7410975 2.052094
-0.1868048 -0.8311195 2.168335
-0.01184634 -0.8087953 1.949372
9
-0.09331364 -0.02597261 2.156438
-0.1722526 -0.02421051 2.116069
-0.01095893 -0.02679197 2.119687
-0.1811364 -0.4096851 2.115129
0.0001286087 -0.4269571 2.096757
-0.1684747 -0.768016 2.228016
-0.008134641 -0.7410975 2.052094
-0.1868048 -0.8311195 2.168335
-0.01184634 -0.8087953 1.949372
9
-0.09331364 -0.02597261 2.156438
-0.1722526 -0.02421051 2.116069
-0.01095893 -0.02679197 2.119687
-0.1811364 -0.4096851 2.115129
0.0001286087 -0.4269571 2.096757
-0.1684747 -0.768016 2.228016
-0.008134641 -0.7410975 2.052094
-0.1868048 -0.8311195 2.168335
-0.01184634 -0.8087953 1.949372
