40
9
0.1012523 -0.02654088 1.787433
0.01699753 -0.02662738 1.766567
0.1813091 -0.02551524 1.730899
-0.02177917 -0.4047523 1.767566
0.2048688 -0.414178 1.702335
-0.03294773 -0.7673109 1.89179
0.1955939 -0.7468928 1.706985
-0.08969486 -0.8238 1.8139
0.1919683 -0.8165569 1.618269
9
0.09826864 -0.02709173 1.793249
0.01403399 -0.02675266 1.771751
0.1784429 -0.02641661 1.73717
-0.02704927 -0.4031098 1.77678
0.2038658 -0.4164298 1.706983
-0.04036777 -0.7671588 1.903472
0.1957924 -0.7472119 1.707104
-0.09868966 -0.8267065 1.833681
0.1920447 -0.816667 1.618071
9
0.09826864 -0.02709173 1.793249
0.01403399 -0.02675266 1.771751
0.1784429 -0.02641661 1.73717
-0.02704927 -0.4031098 1.77678
0.2038658 -0.4164298 1.706983
-0.04036777 -0.7671588 1.903472
0.1957924 -0.7472119 1.707104
-0.09868966 -0.8267065 1.833681
0.1920447 -0.816667 1.618071
9
0.09826864 -0.02709173 1.793249
0.01403399 -0.02675266 1.771751
0.1784429 -0.02641661 1.73717
-0.02704927 -0.4031098 1.77678
0.2038658 -0.4164298 1.706983
-0.04036777 -0.7671588 1.903472
0.1957924 -0.7472119 1.707104
-0.09868966 -0.8267065 1.833681
0.1920447 -0.816667 1.618071
9
0.09826864 -0.02709173 1.793249
0.01403399 -0.02675266 1.771751
0.1784429 -0.02641661 1.73717
-0.02704927 -0.4031098 1.77678
0.2038658 -0.4164298 1.706983
-0.04036777 -0.7671588 1.903472
0.1957924 -0.7472119 1.707104
-0.09868966 -0.8267065 1.833681
0.1920447 -0.816667 1.618071
9
0.08781184 -0.02746074 1.807085
0.003990976 -0.02760485 1.785104
0.1679956 -0.0261884 1.751335
-0.03817698 -0.3993549 1.794582
0.2002439 -0.4192823 1.714222
-0.06272615 -0.7645391 1.922932
0.1958717 -0.7473402 1.707064
-0.1116182 -0.8301105 1.851844
0.1917346 -0.8164871 1.61756
9
0.08781184 -0.02746074 1.807085
0.003990976 -0.02760485 1.785104
0.1679956 -0.0261884 1.751335
-0.03817698 -0.3993549 1.794582
0.2002439 -0.4192823 1.714222
-0.06272615 -0.7645391 1.922932
0.1958717 -0.7473402 1.707064
-0.1116182 -0.8301105 1.851844
0.1917346 -0.8164871 1.61756
9
0.08042234 -0.02799945 1.815612
-0.003109406 -0.0282215 1.793258
0.1606135 -0.02660283 1.760203
-0.04434532 -0.4017455 1.805985
0.1976143 -0.4199451 1.718871
-0.06914996 -0.7686802 1.929805
0.1960127 -0.7471657 1.707471
-0.1169269 -0.8347394 1.858478
0.1917301 -0.8160396 1.61754
9
0.08042234 -0.02799945 1.815612
-0.003109406 -0.0282215 1.793258
0.1606135 -0.02660283 1.760203
-0.04434532 -0.4017455 1.805985
0.1976143 -0.4199451 1.718871
-0.06914996 -0.7686802 1.929805
0.1960127 -0.7471657 1.707471
-0.1169269 -0.8347394 1.858478
0.1917301 -0.8160396 1.61754
9
0.08042234 -0.02799945 1.815612
-0.003109406 -0.0282215 1.793258
0.1606135 -0.02660283 1.760203
-0.04434532 -0.4017455 1.805985
0.1976143 -0.4199451 1.718871
-0.06914996 -0.7686802 1.929805
0.1960127 -0.7471657 1.707471
-0.1169269 -0.8347394 1.858478
0.1917301 -0.8160396 1.61754
9
0.08042234 -0.02799945 1.815612
-0.003109406 -0.0282215 1.793258
0.1606135 -0.02660283 1.760203
-0.04434532 -0.4017455 1.805985
0.1976143 -0.4199451 1.718871
-0.06914996 -0.7686802 1.929805
0.1960127 -0.7471657 1.707471
-0.1169269 -0.8347394 1.858478
0.1917301 -0.8160396 1.61754
9
0.08042234 -0.02799945 1.815612
-0.003109406 -0.0282215 1.793258
0.1606135 -0.02660283 1.760203
-0.04434532 -0.4017455 1.805985
0.1976143 -0.4199451 1.718871
-0.06914996 -0.7686802 1.929805
0.1960127 -0.7471657 1.707471
-0.1169269 -0.8347394 1.858478
0.1917301 -0.8160396 1.61754
9
0.08042234 -0.02799945 1.815612
-0.003109406 -0.0282215 1.793258
0.1606135 -0.02660283 1.760203
-0.04434532 -0.4017455 1.805985
0.1976143 -0.4199451 1.718871
-0.06914996 -0.7686802 1.929805
0.1960127 -0.7471657 1.707471
-0.1169269 -0.8347394 1.858478
0.1917301 -0.8160396 1.61754
9
0.08042234 -0.02799945 1.815612
-0.003109406 -0.0282215 1.793258
0.1606135 -0.02660283 1.760203
-0.04434532 -0.4017455 1.805985
0.1976143 -0.4199451 1.718871
-0.06914996 -0.7686802 1.929805
0.1960127 -0.7471657 1.707471
-0.1169269 -0.8347394 1.858478
0.1917301 -0.8160396 1.61754
9
0.08042234 -0.02799945 1.815612
-0.003109406 -0.0282215 1.793258
0.1606135 -0.02660283 1.760203
-0.04434532 -0.4017455 1.805985
0.1976143 -0.4199451 1.718871
-0.06914996 -0.7686802 1.929805
0.1960127 -0.7471657 1.707471
-0.1169269 -0.8347394 1.858478
0.1917301 -0.8160396 1.61754
9
0.08042234 -0.02799945 1.815612
-0.003109406 -0.0282215 1.793258
0.1606135 -0.02660283 1.760203
-0.04434532 -0.4017455 1.805985
0.1976143 -0.4199451 1.718871
-0.06914996 -0.7686802 1.929805
0.1960127 -0.7471657 1.707471
-0.1169269 -0.8347394 1.858478
0.1917301 -0.8160396 1.61754
9
0.08042234 -0.02799945 1.815612
-0.003109406 -0.0282215 1.793258
0.1606135 -0.02660283 1.760203
-0.04434532 -0.4017455 1.805985
0.1976143 -0.4199451 1.718871
-0.06914996 -0.7686802 1.929805
0.1960127 -0.7471657 1.707471
-0.1169269 -0.8347394 1.858478
0.1917301 -0.8160396 1.61754
9
0.02071474 -0.03720935 1.871596
-0.06109688 -0.04018019 1.848201
0.1017351 -0.03268781 1.817141
-0.07088699 -0.4216867 1.880291
0.1603483 -0.4404871 1.751903
-0.07622269 -0.77561 1.945227
0.1943131 -0.7509889 1.707983
-0.120444 -0.8411412 1.868609
0.1915589 -0.8162243 1.612986
9
0.02071474 -0.03720935 1.871596
-0.06109688 -0.04018019 1.848201
0.1017351 -0.03268781 1.817141
-0.07088699 -0.4216867 1.880291
0.1603483 -0.4404871 1.751903
-0.07622269 -0.77561 1.945227
0.1943131 -0.7509889 1.707983
-0.120444 -0.8411412 1.868609
0.1915589 -0.8162243 1.612986
9
0.01727001 -0.03692982 1.874737
-0.06489056 -0.04011132 1.85211
0.09874862 -0.03224622 1.819606
-0.07444869 -0.4151539 1.884297
0.1584094 -0.4407543 1.753415
-0.07781322 -0.775771 1.949306
0.1934808 -0.7519063 1.708696
-0.1221627 -0.8422776 1.874706
0.1915061 -0.8162091 1.612493
9
0.01727001 -0.03692982 1.874737
-0.06489056 -0.04011132 1.85211
0.09874862 -0.03224622 1.819606
-0.07444869 -0.4151539 1.884297
0.1584094 -0.4407543 1.753415
-0.07781322 -0.775771 1.949306
0.1934808 -0.7519063 1.708696
-0.1221627 -0.8422776 1.874706
0.1915061 -0.8162091 1.612493
9
0.008662719 -0.0368728 1.882821
-0.0732265 -0.04011336 1.860068
0.09028125 -0.03212218 1.827738
-0.07868201 -0.4124831 1.891673
0.1535503 -0.4431964 1.757511
-0.07830273 -0.7753863 1.952098
0.1927235 -0.7528477 1.708938
-0.1213586 -0.8413961 1.875033
0.1912967 -0.8160006 1.611323
9
0.008662719 -0.0368728 1.882821
-0.0732265 -0.04011336 1.860068
0.09028125 -0.03212218 1.827738
-0.07868201 -0.4124831 1.891673
0.1535503 -0.4431964 1.757511
-0.07830273 -0.7753863 1.952098
0.1927235 -0.7528477 1.708938
-0.1213586 -0.8413961 1.875033
0.1912967 -0.8160006 1.611323
9
-0.001355899 -0.03619218 1.891889
-0.08315867 -0.03937043 1.869686
0.08058516 -0.0315273 1.836265
-0.0844834 -0.4086443 1.902886
0.147541 -0.4443434 1.762181
-0.07895903 -0.7741113 1.954764
0.1916546 -0.752948 1.709808
-0.1216931 -0.8407364 1.878473
0.1913287 -0.8148488 1.610711
9
-0.001355899 -0.03619218 1.891889
-0.08315867 -0.03937043 1.869686
0.08058516 -0.0315273 1.836265
-0.0844834 -0.4086443 1.902886
0.147541 -0.4443434 1.762181
-0.07895903 -0.7741113 1.954764
0.1916546 -0.752948 1.709808
-0.1216931 -0.8407364 1.878473
0.1913287 -0.8148488 1.610711
9
-0.009818032 -0.03632169 1.900752
-0.09144708 -0.03930491 1.878733
0.07229981 -0.03184781 1.844932
-0.08804252 -0.4066486 1.912031
0.1413707 -0.4500784 1.768645
-0.07974449 -0.7735717 1.956998
0.1901031 -0.7534107 1.710439
-0.1213519 -0.8406191 1.880305
0.1890767 -0.8112099 1.60671
9
-0.01911003 -0.03678991 1.910159
-0.1006517 -0.04009119 1.888279
0.06329186 -0.03199102 1.854204
-0.09068719 -0.4065273 1.921286
0.1364899 -0.4480161 1.774361
-0.08040067 -0.7733772 1.95905
0.1875626 -0.7524256 1.713459
-0.1211084 -0.8400952 1.880795
0.1890113 -0.8086289 1.608163
9
-0.01911003 -0.03678991 1.910159
-0.1006517 -0.04009119 1.888279
0.06329186 -0.03199102 1.854204
-0.09068719 -0.4065273 1.921286
0.1364899 -0.4480161 1.774361
-0.08040067 -0.7733772 1.95905
0.1875626 -0.7524256 1.713459
-0.1211084 -0.8400952 1.880795
0.1890113 -0.8086289 1.608163
9
-0.01911003 -0.03678991 1.910159
-0.1006517 -0.04009119 1.888279
0.06329186 -0.03199102 1.854204
-0.09068719 -0.4065273 1.921286
0.1364899 -0.4480161 1.774361
-0.08040067 -0.7733772 1.95905
0.1875626 -0.7524256 1.713459
-0.1211084 -0.8400952 1.880795
0.1890113 -0.8086289 1.608163
9
-0.01911003 -0.03678991 1.910159
-0.1006517 -0.04009119 1.888279
0.06329186 -0.03199102 1.854204
-0.09068719 -0.4065273 1.921286
0.1364899 -0.4480161 1.774361
-0.08040067 -0.7733772 1.95905
0.1875626 -0.7524256 1.713459
-0.1211084 -0.8400952 1.880795
0.1890113 -0.8086289 1.608163
9
-0.02910544 -0.0351669 1.924128
-0.1097958 -0.03945335 1.900595
0.05279985 -0.02935257 1.869966
-0.09591762 -0.4058692 1.93022
0.1261635 -0.4431408 1.787649
-0.08059204 -0.7739362 1.959692
0.1801463 -0.7467109 1.725083
-0.1215334 -0.8401337 1.880715
0.1857215 -0.800962 1.618003
9
-0.02910544 -0.0351669 1.924128
-0.1097958 -0.03945335 1.900595
0.05279985 -0.02935257 1.869966
-0.09591762 -0.4058692 1.93022
0.1261635 -0.4431408 1.787649
-0.08059204 -0.7739362 1.959692
0.1801463 -0.7467109 1.725083
-0.1215334 -0.8401337 1.880715
0.1857215 -0.800962 1.618003
9
-0.03231984 -0.0345997 1.929456
-0.1133929 -0.03918282 1.906685
0.05009669 -0.02859409 1.874509
-0.09857389 -0.4060197 1.935638
0.1215755 -0.4449676 1.794138
-0.0813003 -0.7745072 1.960502
0.1735809 -0.7487155 1.73193
-0.1216697 -0.8403791 1.880413
0.1801378 -0.8009211 1.623028
9
-0.03231984 -0.0345997 1.929456
-0.1133929 -0.03918282 1.906685
0.05009669 -0.02859409 1.874509
-0.09857389 -0.4060197 1.935638
0.1215755 -0.4449676 1.794138
-0.0813003 -0.7745072 1.960502
0.1735809 -0.7487155 1.73193
-0.1216697 -0.8403791 1.880413
0.1801378 -0.8009211 1.623028
9
-0.03613063 -0.03357591 1.93563
-0.1170681 -0.03893572 1.912106
0.04631244 -0.02676418 1.881464
-0.09993187 -0.4065896 1.939343
0.1158636 -0.443286 1.801814
-0.08228043 -0.7764631 1.962518
0.1612441 -0.7479201 1.75657
-0.1223829 -0.8410239 1.879989
0.1685163 -0.803931 1.651073
9
-0.03613063 -0.03357591 1.93563
-0.1170681 -0.03893572 1.912106
0.04631244 -0.02676418 1.881464
-0.09993187 -0.4065896 1.939343
0.1158636 -0.443286 1.801814
-0.08228043 -0.7764631 1.962518
0.1612441 -0.7479201 1.75657
-0.1223829 -0.8410239 1.879989
0.1685163 -0.803931 1.651073
9
-0.03884622 -0.03308152 1.941459
-0.1194514 -0.03916562 1.916904
0.04335779 -0.02547626 1.888388
-0.1018224 -0.4182865 1.948066
0.1111123 -0.4449995 1.809275
-0.08259457 -0.7769078 1.96305
0.1542689 -0.7491775 1.773756
-0.1225462 -0.8410653 1.87974
0.1632424 -0.8056064 1.668773
9
-0.03884622 -0.03308152 1.941459
-0.1194514 -0.03916562 1.916904
0.04335779 -0.02547626 1.888388
-0.1018224 -0.4182865 1.948066
0.1111123 -0.4449995 1.809275
-0.08259457 -0.7769078 1.96305
0.1542689 -0.7491775 1.773756
-0.1225462 -0.8410653 1.87974
0.1632424 -0.8056064 1.668773
9
-0.04195268 -0.0327487 1.946514
-0.1227745 -0.03918525 1.921602
0.04061841 -0.02486625 1.893715
-0.1026133 -0.4227519 1.951973
0.1043384 -0.4426831 1.819078
-0.0826818 -0.7775662 1.963534
0.1403847 -0.7551898 1.823009
-0.1228072 -0.8411668 1.879493
0.1525558 -0.8030064 1.710442
9
-0.04195268 -0.0327487 1.946514
-0.1227745 -0.03918525 1.921602
0.04061841 -0.02486625 1.893715
-0.1026133 -0.4227519 1.951973
0.1043384 -0.4426831 1.819078
-0.0826818 -0.7775662 1.963534
0.1403847 -0.7551898 1.823009
-0.1228072 -0.8411668 1.879493
0.1525558 -0.8030064 1.710442
