40
9
-0.05379271 -0.2616586 2.005254
-0.1352462 -0.258101 1.96914
0.02966486 -0.2553174 1.96564
-0.1291142 -0.6519107 2.021912
0.0858525 -0.6389701 1.897915
-0.1025515 -0.986551 2.10345
0.1229621 -0.9571961 1.851885
-0.1064145 -1.017129 1.960229
0.09550476 -1.02591 1.771411
9
-0.05379271 -0.2616586 2.005254
-0.1352462 -0.258101 1.96914
0.02966486 -0.2553174 1.96564
-0.1291142 -0.6519107 2.021912
0.0858525 -0.6389701 1.897915
-0.1025515 -0.986551 2.10345
0.1229621 -0.9571961 1.851885
-0.1064145 -1.017129 1.960229
0.09550476 -1.02591 1.771411
9
-0.06445079 -0.2604702 2.024933
-0.1460292 -0.2567617 1.989533
0.01955231 -0.2544231 1.98457
-0.1357582 -0.6531358 2.034191
0.07625123 -0.6465266 1.917515
-0.1038823 -0.9864033 2.105864
0.1213901 -0.9584404 1.85739
-0.107366 -1.016925 1.962562
0.09667909 -1.025269 1.772309
9
-0.06445079 -0.2604702 2.024933
-0.1460292 -0.2567617 1.989533
0.01955231 -0.2544231 1.98457
-0.1357582 -0.6531358 2.034191
0.07625123 -0.6465266 1.917515
-0.1038823 -0.9864033 2.105864
0.1213901 -0.9584404 1.85739
-0.107366 -1.016925 1.962562
0.09667909 -1.025269 1.772309
9
-0.06879234 -0.2593813 2.032786
-0.1507391 -0.2555504 1.997522
0.01571594 -0.2535326 1.992299
-0.1390645 -0.6535091 2.039407
0.07343181 -0.6493113 1.923112
-0.1047189 -0.9882904 2.108355
0.120876 -0.9600766 1.864373
-0.1082812 -1.018897 1.965078
0.09692895 -1.023212 1.773394
9
-0.06879234 -0.2593813 2.032786
-0.1507391 -0.2555504 1.997522
0.01571594 -0.2535326 1.992299
-0.1390645 -0.6535091 2.039407
0.07343181 -0.6493113 1.923112
-0.1047189 -0.9882904 2.108355
0.120876 -0.9600766 1.864373
-0.1082812 -1.018897 1.965078
0.09692895 -1.023212 1.773394
9
-0.07267687 -0.2577114 2.041755
-0.154816 -0.2540748 2.006346
0.01216765 -0.2517767 2.00141
-0.1421199 -0.6533707 2.0461
0.06977075 -0.6522477 1.931615
-0.1065461 -0.9859214 2.109738
0.1167471 -0.9647669 1.87204
-0.1103419 -1.01664 1.966471
0.09574186 -1.029273 1.78197
9
-0.07267687 -0.2577114 2.041755
-0.154816 -0.2540748 2.006346
0.01216765 -0.2517767 2.00141
-0.1421199 -0.6533707 2.0461
0.06977075 -0.6522477 1.931615
-0.1065461 -0.9859214 2.109738
0.1167471 -0.9647669 1.87204
-0.1103419 -1.01664 1.966471
0.09574186 -1.029273 1.78197
9
-0.07267687 -0.2577114 2.041755
-0.154816 -0.2540748 2.006346
0.01216765 -0.2517767 2.00141
-0.1421199 -0.6533707 2.0461
0.06977075 -0.6522477 1.931615
-0.1065461 -0.9859214 2.109738
0.1167471 -0.9647669 1.87204
-0.1103419 -1.01664 1.966471
0.09574186 -1.029273 1.78197
9
-0.07267687 -0.2577114 2.041755
-0.154816 -0.2540748 2.006346
0.01216765 -0.2517767 2.00141
-0.1421199 -0.6533707 2.0461
0.06977075 -0.6522477 1.931615
-0.1065461 -0.9859214 2.109738
0.1167471 -0.9647669 1.87204
-0.1103419 -1.01664 1.966471
0.09574186 -1.029273 1.78197
9
-0.07996297 -0.2530501 2.057993
-0.1624312 -0.250101 2.022031
0.00546874 -0.2466591 2.018213
-0.1459712 -0.6506131 2.058852
0.0642297 -0.6495618 1.945762
-0.1073955 -0.9831637 2.114246
0.1106113 -0.9723362 1.921817
-0.1107792 -1.013718 1.970822
0.08942776 -1.028895 1.821489
9
-0.07996297 -0.2530501 2.057993
-0.1624312 -0.250101 2.022031
0.00546874 -0.2466591 2.018213
-0.1459712 -0.6506131 2.058852
0.0642297 -0.6495618 1.945762
-0.1073955 -0.9831637 2.114246
0.1106113 -0.9723362 1.921817
-0.1107792 -1.013718 1.970822
0.08942776 -1.028895 1.821489
9
-0.08268438 -0.2517379 2.063728
-0.1651853 -0.2490154 2.027207
0.002884699 -0.2451904 2.024525
-0.1486303 -0.6447511 2.066799
0.06118592 -0.6479371 1.952443
-0.1072102 -0.9827135 2.120129
0.1086796 -0.9730496 1.936956
-0.1106378 -1.013351 1.976698
0.08636898 -1.029708 1.836922
9
-0.08268438 -0.2517379 2.063728
-0.1651853 -0.2490154 2.027207
0.002884699 -0.2451904 2.024525
-0.1486303 -0.6447511 2.066799
0.06118592 -0.6479371 1.952443
-0.1072102 -0.9827135 2.120129
0.1086796 -0.9730496 1.936956
-0.1106378 -1.013351 1.976698
0.08636898 -1.029708 1.836922
9
-0.08564757 -0.2498625 2.07007
-0.168242 -0.2474572 2.033929
0.0001078889 -0.2431195 2.030476
-0.1507511 -0.6423401 2.073574
0.05880021 -0.646708 1.959665
-0.1083891 -0.9777736 2.12191
0.1049525 -0.9742358 1.975127
-0.1127525 -1.008495 1.978489
0.08904629 -1.021315 1.864147
9
-0.08564757 -0.2498625 2.07007
-0.168242 -0.2474572 2.033929
0.0001078889 -0.2431195 2.030476
-0.1507511 -0.6423401 2.073574
0.05880021 -0.646708 1.959665
-0.1083891 -0.9777736 2.12191
0.1049525 -0.9742358 1.975127
-0.1127525 -1.008495 1.978489
0.08904629 -1.021315 1.864147
9
-0.08564757 -0.2498625 2.07007
-0.168242 -0.2474572 2.033929
0.0001078889 -0.2431195 2.030476
-0.1507511 -0.6423401 2.073574
0.05880021 -0.646708 1.959665
-0.1083891 -0.9777736 2.12191
0.1049525 -0.9742358 1.975127
-0.1127525 -1.008495 1.978489
0.08904629 -1.021315 1.864147
9
-0.08564757 -0.2498625 2.07007
-0.168242 -0.2474572 2.033929
0.0001078889 -0.2431195 2.030476
-0.1507511 -0.6423401 2.073574
0.05880021 -0.646708 1.959665
-0.1083891 -0.9777736 2.12191
0.1049525 -0.9742358 1.975127
-0.1127525 -1.008495 1.978489
0.08904629 -1.021315 1.864147
9
-0.08638671 -0.2478312 2.078029
-0.1690408 -0.2463425 2.043041
-0.000567738 -0.2403524 2.037432
-0.1519727 -0.6374802 2.084656
0.05392043 -0.6414806 1.979728
-0.1103628 -0.973227 2.126021
0.09937837 -0.973466 2.0027
-0.1138987 -1.003875 1.98245
0.08230557 -1.046689 1.924291
9
-0.08638671 -0.2478312 2.078029
-0.1690408 -0.2463425 2.043041
-0.000567738 -0.2403524 2.037432
-0.1519727 -0.6374802 2.084656
0.05392043 -0.6414806 1.979728
-0.1103628 -0.973227 2.126021
0.09937837 -0.973466 2.0027
-0.1138987 -1.003875 1.98245
0.08230557 -1.046689 1.924291
9
-0.08638671 -0.2478312 2.078029
-0.1690408 -0.2463425 2.043041
-0.000567738 -0.2403524 2.037432
-0.1519727 -0.6374802 2.084656
0.05392043 -0.6414806 1.979728
-0.1103628 -0.973227 2.126021
0.09937837 -0.973466 2.0027
-0.1138987 -1.003875 1.98245
0.08230557 -1.046689 1.924291
9
-0.08638671 -0.2478312 2.078029
-0.1690408 -0.2463425 2.043041
-0.000567738 -0.2403524 2.037432
-0.1519727 -0.6374802 2.084656
0.05392043 -0.6414806 1.979728
-0.1103628 -0.973227 2.126021
0.09937837 -0.973466 2.0027
-0.1138987 -1.003875 1.98245
0.08230557 -1.046689 1.924291
9
-0.08638671 -0.2478312 2.078029
-0.1690408 -0.2463425 2.043041
-0.000567738 -0.2403524 2.037432
-0.1519727 -0.6374802 2.084656
0.05392043 -0.6414806 1.979728
-0.1103628 -0.973227 2.126021
0.09937837 -0.973466 2.0027
-0.1138987 -1.003875 1.98245
0.08230557 -1.046689 1.924291
9
-0.0858539 -0.2465764 2.084284
-0.1683842 -0.2462878 2.050598
-0.0001538449 -0.2380911 2.042595
-0.1508648 -0.6396515 2.092425
0.05221237 -0.6421456 2.000635
-0.1099083 -0.9724755 2.127326
0.09704069 -0.9818234 2.056965
-0.1147881 -1.00298 1.983747
0.1017864 -1.039158 1.953805
9
-0.08517966 -0.2457481 2.086825
-0.167611 -0.2462031 2.053329
0.0004191555 -0.2364703 2.044964
-0.1498129 -0.6392908 2.096191
0.05305843 -0.6411529 2.007395
-0.109899 -0.9723482 2.128072
0.09792047 -0.9819249 2.059842
-0.1155378 -1.002815 1.984516
0.1343528 -1.055729 1.99874
9
-0.08517966 -0.2457481 2.086825
-0.167611 -0.2462031 2.053329
0.0004191555 -0.2364703 2.044964
-0.1498129 -0.6392908 2.096191
0.05305843 -0.6411529 2.007395
-0.109899 -0.9723482 2.128072
0.09792047 -0.9819249 2.059842
-0.1155378 -1.002815 1.984516
0.1343528 -1.055729 1.99874
9
-0.08419459 -0.2451507 2.091399
-0.1663908 -0.2463958 2.058172
0.001128732 -0.2351375 2.049153
-0.1488037 -0.6390225 2.100019
0.05506914 -0.6403531 2.017493
-0.1100828 -0.971494 2.129352
0.09734352 -0.9804519 2.07013
-0.1156453 -1.001969 1.985773
0.1308412 -1.049892 1.994656
9
-0.08419459 -0.2451507 2.091399
-0.1663908 -0.2463958 2.058172
0.001128732 -0.2351375 2.049153
-0.1488037 -0.6390225 2.100019
0.05506914 -0.6403531 2.017493
-0.1100828 -0.971494 2.129352
0.09734352 -0.9804519 2.07013
-0.1156453 -1.001969 1.985773
0.1308412 -1.049892 1.994656
9
-0.08210916 -0.2448881 2.095905
-0.1641083 -0.246581 2.06281
0.002910223 -0.2344448 2.053386
-0.1480857 -0.6379747 2.102217
0.05829991 -0.6388421 2.026098
-0.1099257 -0.9700195 2.131038
0.09774868 -0.9807937 2.085745
-0.1157629 -1.000614 1.987496
0.1244817 -1.042628 1.993474
9
-0.08210916 -0.2448881 2.095905
-0.1641083 -0.246581 2.06281
0.002910223 -0.2344448 2.053386
-0.1480857 -0.6379747 2.102217
0.05829991 -0.6388421 2.026098
-0.1099257 -0.9700195 2.131038
0.09774868 -0.9807937 2.085745
-0.1157629 -1.000614 1.987496
0.1244817 -1.042628 1.993474
9
-0.07904308 -0.2439434 2.100645
-0.1608977 -0.2457401 2.068074
0.005694289 -0.2334335 2.057537
-0.1470946 -0.6339582 2.103907
0.06346492 -0.6374279 2.035433
-0.1101223 -0.9673896 2.133874
0.1003484 -0.9817234 2.094278
-0.1163581 -0.9981856 1.990395
0.1239396 -1.04051 1.996785
9
-0.07904308 -0.2439434 2.100645
-0.1608977 -0.2457401 2.068074
0.005694289 -0.2334335 2.057537
-0.1470946 -0.6339582 2.103907
0.06346492 -0.6374279 2.035433
-0.1101223 -0.9673896 2.133874
0.1003484 -0.9817234 2.094278
-0.1163581 -0.9981856 1.990395
0.1239396 -1.04051 1.996785
9
-0.07649094 -0.2438806 2.104078
-0.1582801 -0.24616 2.071733
0.008101618 -0.2329044 2.060739
-0.1459692 -0.6324702 2.105159
0.06777469 -0.6361978 2.041536
-0.1095769 -0.9668922 2.135132
0.1054757 -0.9811957 2.101701
-0.1165996 -0.9977978 1.991737
0.1389591 -1.046999 2.019148
9
-0.07649094 -0.2438806 2.104078
-0.1582801 -0.24616 2.071733
0.008101618 -0.2329044 2.060739
-0.1459692 -0.6324702 2.105159
0.06777469 -0.6361978 2.041536
-0.1095769 -0.9668922 2.135132
0.1054757 -0.9811957 2.101701
-0.1165996 -0.9977978 1.991737
0.1389591 -1.046999 2.019148
9
-0.07242 -0.2441508 2.107622
-0.1542861 -0.2467292 2.075354
0.01208488 -0.2328551 2.064162
-0.1428603 -0.6275249 2.107523
0.071745 -0.6318545 2.048002
-0.1084297 -0.9665629 2.137401
0.1101834 -0.9816391 2.105983
-0.1153054 -0.9975929 1.99402
0.1498717 -1.048552 2.030689
9
-0.07242 -0.2441508 2.107622
-0.1542861 -0.2467292 2.075354
0.01208488 -0.2328551 2.064162
-0.1428603 -0.6275249 2.107523
0.071745 -0.6318545 2.048002
-0.1084297 -0.9665629 2.137401
0.1101834 -0.9816391 2.105983
-0.1153054 -0.9975929 1.99402
0.1498717 -1.048552 2.030689
9
-0.06846561 -0.2441979 2.111409
-0.1500266 -0.2471959 2.079746
0.01561503 -0.2325244 2.067375
-0.1404654 -0.6249216 2.108704
0.07786331 -0.6299747 2.053257
-0.1083133 -0.9661885 2.137577
0.1159381 -0.9786053 2.11064
-0.1147778 -0.9973794 1.994219
0.1622217 -1.044779 2.041325
9
-0.06846561 -0.2441979 2.111409
-0.1500266 -0.2471959 2.079746
0.01561503 -0.2325244 2.067375
-0.1404654 -0.6249216 2.108704
0.07786331 -0.6299747 2.053257
-0.1083133 -0.9661885 2.137577
0.1159381 -0.9786053 2.11064
-0.1147778 -0.9973794 1.994219
0.1622217 -1.044779 2.041325
9
-0.06846561 -0.2441979 2.111409
-0.1500266 -0.2471959 2.079746
0.01561503 -0.2325244 2.067375
-0.1404654 -0.6249216 2.108704
0.07786331 -0.6299747 2.053257
-0.1083133 -0.9661885 2.137577
0.1159381 -0.9786053 2.11064
-0.1147778 -0.9973794 1.994219
0.1622217 -1.044779 2.041325
9
-0.06846561 -0.2441979 2.111409
-0.1500266 -0.2471959 2.079746
0.01561503 -0.2325244 2.067375
-0.1404654 -0.6249216 2.108704
0.07786331 -0.6299747 2.053257
-0.1083133 -0.9661885 2.137577
0.1159381 -0.9786053 2.11064
-0.1147778 -0.9973794 1.994219
0.1622217 -1.044779 2.041325
