40
9
0.04506537 -0.2540263 2.291739
-0.0382207 -0.2502263 2.26351
0.1266541 -0.2492795 2.243536
-0.03735866 -0.625673 2.284043
0.1701255 -0.6486428 2.228567
-0.0164701 -0.9786651 2.294529
0.2014399 -0.9881523 2.279559
-0.03207778 -1.007587 2.15821
0.2012575 -1.045375 2.183251
9
0.04506537 -0.2540263 2.291739
-0.0382207 -0.2502263 2.26351
0.1266541 -0.2492795 2.243536
-0.03735866 -0.625673 2.284043
0.1701255 -0.6486428 2.228567
-0.0164701 -0.9786651 2.294529
0.2014399 -0.9881523 2.279559
-0.03207778 -1.007587 2.15821
0.2012575 -1.045375 2.183251
9
0.04394195 -0.2534252 2.290895
-0.03954076 -0.2499452 2.262417
0.1257396 -0.2483969 2.242892
-0.03735791 -0.6258271 2.28406
0.1667926 -0.6494413 2.227763
-0.01642107 -0.9786176 2.294792
0.185794 -0.9872483 2.274444
-0.03147145 -1.007788 2.15813
0.1824103 -1.052805 2.188821
9
0.04394195 -0.2534252 2.290895
-0.03954076 -0.2499452 2.262417
0.1257396 -0.2483969 2.242892
-0.03735791 -0.6258271 2.28406
0.1667926 -0.6494413 2.227763
-0.01642107 -0.9786176 2.294792
0.185794 -0.9872483 2.274444
-0.03147145 -1.007788 2.15813
0.1824103 -1.052805 2.188821
9
0.04394195 -0.2534252 2.290895
-0.03954076 -0.2499452 2.262417
0.1257396 -0.2483969 2.242892
-0.03735791 -0.6258271 2.28406
0.1667926 -0.6494413 2.227763
-0.01642107 -0.9786176 2.294792
0.185794 -0.9872483 2.274444
-0.03147145 -1.007788 2.15813
0.1824103 -1.052805 2.188821
9
0.04394195 -0.2534252 2.290895
-0.03954076 -0.2499452 2.262417
0.1257396 -0.2483969 2.242892
-0.03735791 -0.6258271 2.28406
0.1667926 -0.6494413 2.227763
-0.01642107 -0.9786176 2.294792
0.185794 -0.9872483 2.274444
-0.03147145 -1.007788 2.15813
0.1824103 -1.052805 2.188821
9
0.04338524 -0.2528263 2.289168
-0.04021733 -0.2494508 2.260413
0.1253545 -0.2477388 2.241446
-0.03719879 -0.6256155 2.283736
0.1658405 -0.6496341 2.228661
-0.01641083 -0.9788119 2.29506
0.1842235 -0.987123 2.274102
-0.0307502 -1.008091 2.158018
0.1868608 -1.050033 2.184379
9
0.04338524 -0.2528263 2.289168
-0.04021733 -0.2494508 2.260413
0.1253545 -0.2477388 2.241446
-0.03719879 -0.6256155 2.283736
0.1658405 -0.6496341 2.228661
-0.01641083 -0.9788119 2.29506
0.1842235 -0.987123 2.274102
-0.0307502 -1.008091 2.158018
0.1868608 -1.050033 2.184379
9
0.0438129 -0.2524857 2.288323
-0.0397225 -0.2491251 2.25917
0.1257375 -0.2474046 2.240922
-0.03704553 -0.6257222 2.283474
0.1658544 -0.6476114 2.230711
-0.0164899 -0.9789804 2.295291
0.1838457 -0.9865018 2.274684
-0.0302114 -1.008469 2.157969
0.1779174 -1.053172 2.190009
9
0.0438129 -0.2524857 2.288323
-0.0397225 -0.2491251 2.25917
0.1257375 -0.2474046 2.240922
-0.03704553 -0.6257222 2.283474
0.1658544 -0.6476114 2.230711
-0.0164899 -0.9789804 2.295291
0.1838457 -0.9865018 2.274684
-0.0302114 -1.008469 2.157969
0.1779174 -1.053172 2.190009
9
0.0438129 -0.2524857 2.288323
-0.0397225 -0.2491251 2.25917
0.1257375 -0.2474046 2.240922
-0.03704553 -0.6257222 2.283474
0.1658544 -0.6476114 2.230711
-0.0164899 -0.9789804 2.295291
0.1838457 -0.9865018 2.274684
-0.0302114 -1.008469 2.157969
0.1779174 -1.053172 2.190009
9
0.0438129 -0.2524857 2.288323
-0.0397225 -0.2491251 2.25917
0.1257375 -0.2474046 2.240922
-0.03704553 -0.6257222 2.283474
0.1658544 -0.6476114 2.230711
-0.0164899 -0.9789804 2.295291
0.1838457 -0.9865018 2.274684
-0.0302114 -1.008469 2.157969
0.1779174 -1.053172 2.190009
9
0.0438129 -0.2524857 2.288323
-0.0397225 -0.2491251 2.25917
0.1257375 -0.2474046 2.240922
-0.03704553 -0.6257222 2.283474
0.1658544 -0.6476114 2.230711
-0.0164899 -0.9789804 2.295291
0.1838457 -0.9865018 2.274684
-0.0302114 -1.008469 2.157969
0.1779174 -1.053172 2.190009
9
0.0438129 -0.2524857 2.288323
-0.0397225 -0.2491251 2.25917
0.1257375 -0.2474046 2.240922
-0.03704553 -0.6257222 2.283474
0.1658544 -0.6476114 2.230711
-0.0164899 -0.9789804 2.295291
0.1838457 -0.9865018 2.274684
-0.0302114 -1.008469 2.157969
0.1779174 -1.053172 2.190009
9
0.0438129 -0.2524857 2.288323
-0.0397225 -0.2491251 2.25917
0.1257375 -0.2474046 2.240922
-0.03704553 -0.6257222 2.283474
0.1658544 -0.6476114 2.230711
-0.0164899 -0.9789804 2.295291
0.1838457 -0.9865018 2.274684
-0.0302114 -1.008469 2.157969
0.1779174 -1.053172 2.190009
9
0.0438129 -0.2524857 2.288323
-0.0397225 -0.2491251 2.25917
0.1257375 -0.2474046 2.240922
-0.03704553 -0.6257222 2.283474
0.1658544 -0.6476114 2.230711
-0.0164899 -0.9789804 2.295291
0.1838457 -0.9865018 2.274684
-0.0302114 -1.008469 2.157969
0.1779174 -1.053172 2.190009
9
0.0438129 -0.2524857 2.288323
-0.0397225 -0.2491251 2.25917
0.1257375 -0.2474046 2.240922
-0.03704553 -0.6257222 2.283474
0.1658544 -0.6476114 2.230711
-0.0164899 -0.9789804 2.295291
0.1838457 -0.9865018 2.274684
-0.0302114 -1.008469 2.157969
0.1779174 -1.053172 2.190009
9
0.0438129 -0.2524857 2.288323
-0.0397225 -0.2491251 2.25917
0.1257375 -0.2474046 2.240922
-0.03704553 -0.6257222 2.283474
0.1658544 -0.6476114 2.230711
-0.0164899 -0.9789804 2.295291
0.1838457 -0.9865018 2.274684
-0.0302114 -1.008469 2.157969
0.1779174 -1.053172 2.190009
9
0.05456011 -0.2511396 2.281432
-0.02816823 -0.2478583 2.249496
0.1356103 -0.2460085 2.236429
-0.03096817 -0.6244638 2.27841
0.1700673 -0.6430947 2.236618
-0.01675825 -0.9772285 2.295455
0.1834685 -0.9857247 2.275569
-0.02670924 -1.007033 2.157556
0.1785117 -1.052489 2.190586
9
0.05456011 -0.2511396 2.281432
-0.02816823 -0.2478583 2.249496
0.1356103 -0.2460085 2.236429
-0.03096817 -0.6244638 2.27841
0.1700673 -0.6430947 2.236618
-0.01675825 -0.9772285 2.295455
0.1834685 -0.9857247 2.275569
-0.02670924 -1.007033 2.157556
0.1785117 -1.052489 2.190586
9
0.05870737 -0.2506931 2.279019
-0.02443654 -0.2475065 2.247133
0.1399029 -0.2454845 2.234221
-0.0288849 -0.6241322 2.276607
0.1722217 -0.6405404 2.239751
-0.01646972 -0.9760413 2.295256
0.1834753 -0.9856024 2.276031
-0.02600741 -1.005875 2.157086
0.1790274 -1.052851 2.191454
9
0.05870737 -0.2506931 2.279019
-0.02443654 -0.2475065 2.247133
0.1399029 -0.2454845 2.234221
-0.0288849 -0.6241322 2.276607
0.1722217 -0.6405404 2.239751
-0.01646972 -0.9760413 2.295256
0.1834753 -0.9856024 2.276031
-0.02600741 -1.005875 2.157086
0.1790274 -1.052851 2.191454
9
0.0631379 -0.250301 2.276284
-0.0204351 -0.2470392 2.244777
0.1445774 -0.245185 2.231247
-0.02643901 -0.6228741 2.273897
0.173345 -0.6394025 2.241263
-0.01636697 -0.974637 2.295077
0.1831112 -0.9844176 2.276755
-0.02560835 -1.004501 2.156664
0.1796798 -1.052115 2.19252
9
0.0631379 -0.250301 2.276284
-0.0204351 -0.2470392 2.244777
0.1445774 -0.245185 2.231247
-0.02643901 -0.6228741 2.273897
0.173345 -0.6394025 2.241263
-0.01636697 -0.974637 2.295077
0.1831112 -0.9844176 2.276755
-0.02560835 -1.004501 2.156664
0.1796798 -1.052115 2.19252
9
0.06630869 -0.2503513 2.274755
-0.01737178 -0.2468687 2.243112
0.1477602 -0.2454458 2.22993
-0.02452799 -0.6217098 2.270896
0.1751682 -0.6389896 2.242985
-0.01625763 -0.9742928 2.294995
0.1831978 -0.9837303 2.27721
-0.02485918 -1.004256 2.156361
0.1764028 -1.053349 2.196101
9
0.06630869 -0.2503513 2.274755
-0.01737178 -0.2468687 2.243112
0.1477602 -0.2454458 2.22993
-0.02452799 -0.6217098 2.270896
0.1751682 -0.6389896 2.242985
-0.01625763 -0.9742928 2.294995
0.1831978 -0.9837303 2.27721
-0.02485918 -1.004256 2.156361
0.1764028 -1.053349 2.196101
9
0.06630869 -0.2503513 2.274755
-0.01737178 -0.2468687 2.243112
0.1477602 -0.2454458 2.22993
-0.02452799 -0.6217098 2.270896
0.1751682 -0.6389896 2.242985
-0.01625763 -0.9742928 2.294995
0.1831978 -0.9837303 2.27721
-0.02485918 -1.004256 2.156361
0.1764028 -1.053349 2.196101
9
0.06630869 -0.2503513 2.274755
-0.01737178 -0.2468687 2.243112
0.1477602 -0.2454458 2.22993
-0.02452799 -0.6217098 2.270896
0.1751682 -0.6389896 2.242985
-0.01625763 -0.9742928 2.294995
0.1831978 -0.9837303 2.27721
-0.02485918 -1.004256 2.156361
0.1764028 -1.053349 2.196101
9
0.06630869 -0.2503513 2.274755
-0.01737178 -0.2468687 2.243112
0.1477602 -0.2454458 2.22993
-0.02452799 -0.6217098 2.270896
0.1751682 -0.6389896 2.242985
-0.01625763 -0.9742928 2.294995
0.1831978 -0.9837303 2.27721
-0.02485918 -1.004256 2.156361
0.1764028 -1.053349 2.196101
9
0.06630869 -0.2503513 2.274755
-0.01737178 -0.2468687 2.243112
0.1477602 -0.2454458 2.22993
-0.02452799 -0.6217098 2.270896
0.1751682 -0.6389896 2.242985
-0.01625763 -0.9742928 2.294995
0.1831978 -0.9837303 2.27721
-0.02485918 -1.004256 2.156361
0.1764028 -1.053349 2.196101
9
0.07761335 -0.2505862 2.270761
-0.006155224 -0.2462162 2.237874
0.1589255 -0.2465141 2.227187
-0.02048636 -0.6219923 2.267713
0.1790375 -0.6385583 2.245354
-0.01591359 -0.974129 2.294724
0.1837222 -0.9828572 2.277095
-0.02341524 -1.004041 2.155986
0.2475586 -1.03418 2.203125
9
0.07761335 -0.2505862 2.270761
-0.006155224 -0.2462162 2.237874
0.1589255 -0.2465141 2.227187
-0.02048636 -0.6219923 2.267713
0.1790375 -0.6385583 2.245354
-0.01591359 -0.974129 2.294724
0.1837222 -0.9828572 2.277095
-0.02341524 -1.004041 2.155986
0.2475586 -1.03418 2.203125
9
0.08241977 -0.250588 2.27005
-0.001380474 -0.2460041 2.237143
0.1635192 -0.2467326 2.22658
-0.01747868 -0.6210878 2.265895
0.1807076 -0.6377265 2.246502
-0.0137241 -0.9723484 2.29413
0.184235 -0.9801077 2.276943
-0.02096704 -1.002364 2.155205
0.2061978 -1.051706 2.206615
9
0.08241977 -0.250588 2.27005
-0.001380474 -0.2460041 2.237143
0.1635192 -0.2467326 2.22658
-0.01747868 -0.6210878 2.265895
0.1807076 -0.6377265 2.246502
-0.0137241 -0.9723484 2.29413
0.184235 -0.9801077 2.276943
-0.02096704 -1.002364 2.155205
0.2061978 -1.051706 2.206615
9
0.08558489 -0.2506691 2.26884
0.001449345 -0.2458981 2.236244
0.166904 -0.2470228 2.225087
-0.01505288 -0.6209748 2.264745
0.1828694 -0.6381363 2.247938
-0.01402492 -0.9732717 2.294125
0.184603 -0.9795229 2.276879
-0.02086602 -1.003346 2.155022
0.1920959 -1.052263 2.202133
9
0.08558489 -0.2506691 2.26884
0.001449345 -0.2458981 2.236244
0.166904 -0.2470228 2.225087
-0.01505288 -0.6209748 2.264745
0.1828694 -0.6381363 2.247938
-0.01402492 -0.9732717 2.294125
0.184603 -0.9795229 2.276879
-0.02086602 -1.003346 2.155022
0.1920959 -1.052263 2.202133
9
0.08994032 -0.2507623 2.267851
0.005763115 -0.2457883 2.23517
0.1711286 -0.2473102 2.224242
-0.01215785 -0.6207598 2.263799
0.185825 -0.637844 2.249721
-0.01428119 -0.972069 2.293822
0.1849679 -0.978669 2.277375
-0.02069296 -1.002261 2.154557
0.2415679 -1.033233 2.209989
9
0.08994032 -0.2507623 2.267851
0.005763115 -0.2457883 2.23517
0.1711286 -0.2473102 2.224242
-0.01215785 -0.6207598 2.263799
0.185825 -0.637844 2.249721
-0.01428119 -0.972069 2.293822
0.1849679 -0.978669 2.277375
-0.02069296 -1.002261 2.154557
0.2415679 -1.033233 2.209989
9
0.08994032 -0.2507623 2.267851
0.005763115 -0.2457883 2.23517
0.1711286 -0.2473102 2.224242
-0.01215785 -0.6207598 2.263799
0.185825 -0.637844 2.249721
-0.01428119 -0.972069 2.293822
0.1849679 -0.978669 2.277375
-0.02069296 -1.002261 2.154557
0.2415679 -1.033233 2.209989
9
0.08994032 -0.2507623 2.267851
0.005763115 -0.2457883 2.23517
0.1711286 -0.2473102 2.224242
-0.01215785 -0.6207598 2.263799
0.185825 -0.637844 2.249721
-0.01428119 -0.972069 2.293822
0.1849679 -0.978669 2.277375
-0.02069296 -1.002261 2.154557
0.2415679 -1.033233 2.209989
