40
9
0.07717822 -0.2430139 2.036236
-0.005993962 -0.2363611 2.01669
0.1575364 -0.2405983 1.980083
-0.04592302 -0.6275468 1.99997
0.1654746 -0.6275206 1.983325
-0.07358085 -0.9667255 2.009675
0.1586357 -0.9770703 2.021069
-0.1079914 -1.029111 1.921936
0.1257044 -1.008047 1.881785
9
0.07717822 -0.2430139 2.036236
-0.005993962 -0.2363611 2.01669
0.1575364 -0.2405983 1.980083
-0.04592302 -0.6275468 1.99997
0.1654746 -0.6275206 1.983325
-0.07358085 -0.9667255 2.009675
0.1586357 -0.9770703 2.021069
-0.1079914 -1.029111 1.921936
0.1257044 -1.008047 1.881785
9
0.07222869 -0.245198 2.023588
-0.01073725 -0.2390884 2.003889
0.1525494 -0.2421324 1.967604
-0.063696 -0.6332276 1.969899
0.1655498 -0.6301735 1.978013
-0.1047575 -0.9622537 1.943385
0.1572551 -0.9791912 2.021625
-0.1221141 -1.032579 1.860353
0.126037 -1.058523 1.967258
9
0.07222869 -0.245198 2.023588
-0.01073725 -0.2390884 2.003889
0.1525494 -0.2421324 1.967604
-0.063696 -0.6332276 1.969899
0.1655498 -0.6301735 1.978013
-0.1047575 -0.9622537 1.943385
0.1572551 -0.9791912 2.021625
-0.1221141 -1.032579 1.860353
0.126037 -1.058523 1.967258
9
0.07222869 -0.245198 2.023588
-0.01073725 -0.2390884 2.003889
0.1525494 -0.2421324 1.967604
-0.063696 -0.6332276 1.969899
0.1655498 -0.6301735 1.978013
-0.1047575 -0.9622537 1.943385
0.1572551 -0.9791912 2.021625
-0.1221141 -1.032579 1.860353
0.126037 -1.058523 1.967258
9
0.07222869 -0.245198 2.023588
-0.01073725 -0.2390884 2.003889
0.1525494 -0.2421324 1.967604
-0.063696 -0.6332276 1.969899
0.1655498 -0.6301735 1.978013
-0.1047575 -0.9622537 1.943385
0.1572551 -0.9791912 2.021625
-0.1221141 -1.032579 1.860353
0.126037 -1.058523 1.967258
9
0.06588539 -0.2475939 2.012464
-0.01647292 -0.2415508 1.991845
0.1458288 -0.2443391 1.957356
-0.07956936 -0.6407002 1.94231
0.164282 -0.6305963 1.971431
-0.1238655 -0.9581251 1.895378
0.1560266 -0.9798437 2.021118
-0.1469804 -1.023988 1.808279
0.1258728 -1.059145 1.965326
9
0.06588539 -0.2475939 2.012464
-0.01647292 -0.2415508 1.991845
0.1458288 -0.2443391 1.957356
-0.07956936 -0.6407002 1.94231
0.164282 -0.6305963 1.971431
-0.1238655 -0.9581251 1.895378
0.1560266 -0.9798437 2.021118
-0.1469804 -1.023988 1.808279
0.1258728 -1.059145 1.965326
9
0.06110968 -0.2497729 2.004243
-0.02139244 -0.2436775 1.982927
0.1413726 -0.2464378 1.949867
-0.08428883 -0.6451245 1.93166
0.1622295 -0.6325831 1.96613
-0.1260821 -0.9560416 1.886472
0.1549768 -0.9801449 2.019995
-0.1523186 -1.020233 1.798499
0.126442 -1.056563 1.953062
9
0.06110968 -0.2497729 2.004243
-0.02139244 -0.2436775 1.982927
0.1413726 -0.2464378 1.949867
-0.08428883 -0.6451245 1.93166
0.1622295 -0.6325831 1.96613
-0.1260821 -0.9560416 1.886472
0.1549768 -0.9801449 2.019995
-0.1523186 -1.020233 1.798499
0.126442 -1.056563 1.953062
9
0.06110968 -0.2497729 2.004243
-0.02139244 -0.2436775 1.982927
0.1413726 -0.2464378 1.949867
-0.08428883 -0.6451245 1.93166
0.1622295 -0.6325831 1.96613
-0.1260821 -0.9560416 1.886472
0.1549768 -0.9801449 2.019995
-0.1523186 -1.020233 1.798499
0.126442 -1.056563 1.953062
9
0.06110968 -0.2497729 2.004243
-0.02139244 -0.2436775 1.982927
0.1413726 -0.2464378 1.949867
-0.08428883 -0.6451245 1.93166
0.1622295 -0.6325831 1.96613
-0.1260821 -0.9560416 1.886472
0.1549768 -0.9801449 2.019995
-0.1523186 -1.020233 1.798499
0.126442 -1.056563 1.953062
9
0.04951845 -0.2525351 1.989026
-0.03361294 -0.2465167 1.965825
0.1308067 -0.2489517 1.936472
-0.09207688 -0.6448959 1.910791
0.1567841 -0.6361765 1.955936
-0.1371867 -0.9507453 1.860707
0.1532573 -0.9801345 2.017511
-0.1613569 -0.9819315 1.721204
0.1288614 -1.05885 1.954327
9
0.04951845 -0.2525351 1.989026
-0.03361294 -0.2465167 1.965825
0.1308067 -0.2489517 1.936472
-0.09207688 -0.6448959 1.910791
0.1567841 -0.6361765 1.955936
-0.1371867 -0.9507453 1.860707
0.1532573 -0.9801345 2.017511
-0.1613569 -0.9819315 1.721204
0.1288614 -1.05885 1.954327
9
0.04487021 -0.2541137 1.980938
-0.03773937 -0.2483739 1.958299
0.125807 -0.2501231 1.927889
-0.09513577 -0.6444647 1.902845
0.1517413 -0.6320797 1.946784
-0.1371571 -0.9499204 1.855987
0.152936 -0.9798331 2.01695
-0.1608258 -0.981187 1.716423
0.1246874 -1.056137 1.949577
9
0.04487021 -0.2541137 1.980938
-0.03773937 -0.2483739 1.958299
0.125807 -0.2501231 1.927889
-0.09513577 -0.6444647 1.902845
0.1517413 -0.6320797 1.946784
-0.1371571 -0.9499204 1.855987
0.152936 -0.9798331 2.01695
-0.1608258 -0.981187 1.716423
0.1246874 -1.056137 1.949577
9
0.03737986 -0.2556162 1.969468
-0.04562394 -0.2503997 1.945919
0.1189863 -0.2510424 1.917345
-0.09810202 -0.6432061 1.894944
0.1482271 -0.6316863 1.940202
-0.1370788 -0.9497111 1.852859
0.1518622 -0.9792237 2.014674
-0.1598098 -0.9808393 1.71303
0.1292766 -1.058346 1.95157
9
0.02925366 -0.2567127 1.959236
-0.05354305 -0.2515936 1.935319
0.1109823 -0.2519385 1.907524
-0.1017036 -0.6402438 1.88795
0.1442881 -0.6308848 1.9339
-0.136979 -0.9496853 1.850717
0.1506381 -0.9796007 2.013126
-0.1543311 -1.015938 1.762381
0.1305672 -1.060334 1.953964
9
0.02925366 -0.2567127 1.959236
-0.05354305 -0.2515936 1.935319
0.1109823 -0.2519385 1.907524
-0.1017036 -0.6402438 1.88795
0.1442881 -0.6308848 1.9339
-0.136979 -0.9496853 1.850717
0.1506381 -0.9796007 2.013126
-0.1543311 -1.015938 1.762381
0.1305672 -1.060334 1.953964
9
0.02925366 -0.2567127 1.959236
-0.05354305 -0.2515936 1.935319
0.1109823 -0.2519385 1.907524
-0.1017036 -0.6402438 1.88795
0.1442881 -0.6308848 1.9339
-0.136979 -0.9496853 1.850717
0.1506381 -0.9796007 2.013126
-0.1543311 -1.015938 1.762381
0.1305672 -1.060334 1.953964
9
0.02925366 -0.2567127 1.959236
-0.05354305 -0.2515936 1.935319
0.1109823 -0.2519385 1.907524
-0.1017036 -0.6402438 1.88795
0.1442881 -0.6308848 1.9339
-0.136979 -0.9496853 1.850717
0.1506381 -0.9796007 2.013126
-0.1543311 -1.015938 1.762381
0.1305672 -1.060334 1.953964
9
0.02925366 -0.2567127 1.959236
-0.05354305 -0.2515936 1.935319
0.1109823 -0.2519385 1.907524
-0.1017036 -0.6402438 1.88795
0.1442881 -0.6308848 1.9339
-0.136979 -0.9496853 1.850717
0.1506381 -0.9796007 2.013126
-0.1543311 -1.015938 1.762381
0.1305672 -1.060334 1.953964
9
0.02925366 -0.2567127 1.959236
-0.05354305 -0.2515936 1.935319
0.1109823 -0.2519385 1.907524
-0.1017036 -0.6402438 1.88795
0.1442881 -0.6308848 1.9339
-0.136979 -0.9496853 1.850717
0.1506381 -0.9796007 2.013126
-0.1543311 -1.015938 1.762381
0.1305672 -1.060334 1.953964
9
0.02925366 -0.2567127 1.959236
-0.05354305 -0.2515936 1.935319
0.1109823 -0.2519385 1.907524
-0.1017036 -0.6402438 1.88795
0.1442881 -0.6308848 1.9339
-0.136979 -0.9496853 1.850717
0.1506381 -0.9796007 2.013126
-0.1543311 -1.015938 1.762381
0.1305672 -1.060334 1.953964
9
0.02925366 -0.2567127 1.959236
-0.05354305 -0.2515936 1.935319
0.1109823 -0.2519385 1.907524
-0.1017036 -0.6402438 1.88795
0.1442881 -0.6308848 1.9339
-0.136979 -0.9496853 1.850717
0.1506381 -0.9796007 2.013126
-0.1543311 -1.015938 1.762381
0.1305672 -1.060334 1.953964
9
0.02925366 -0.2567127 1.959236
-0.05354305 -0.2515936 1.935319
0.1109823 -0.2519385 1.907524
-0.1017036 -0.6402438 1.88795
0.1442881 -0.6308848 1.9339
-0.136979 -0.9496853 1.850717
0.1506381 -0.9796007 2.013126
-0.1543311 -1.015938 1.762381
0.1305672 -1.060334 1.953964
9
0.02925366 -0.2567127 1.959236
-0.05354305 -0.2515936 1.935319
0.1109823 -0.2519385 1.907524
-0.1017036 -0.6402438 1.88795
0.1442881 -0.6308848 1.9339
-0.136979 -0.9496853 1.850717
0.1506381 -0.9796007 2.013126
-0.1543311 -1.015938 1.762381
0.1305672 -1.060334 1.953964
9
0.02925366 -0.2567127 1.959236
-0.05354305 -0.2515936 1.935319
0.1109823 -0.2519385 1.907524
-0.1017036 -0.6402438 1.88795
0.1442881 -0.6308848 1.9339
-0.136979 -0.9496853 1.850717
0.1506381 -0.9796007 2.013126
-0.1543311 -1.015938 1.762381
0.1305672 -1.060334 1.953964
9
0.02925366 -0.2567127 1.959236
-0.05354305 -0.2515936 1.935319
0.1109823 -0.2519385 1.907524
-0.1017036 -0.6402438 1.88795
0.1442881 -0.6308848 1.9339
-0.136979 -0.9496853 1.850717
0.1506381 -0.9796007 2.013126
-0.1543311 -1.015938 1.762381
0.1305672 -1.060334 1.953964
9
0.02925366 -0.2567127 1.959236
-0.05354305 -0.2515936 1.935319
0.1109823 -0.2519385 1.907524
-0.1017036 -0.6402438 1.88795
0.1442881 -0.6308848 1.9339
-0.136979 -0.9496853 1.850717
0.1506381 -0.9796007 2.013126
-0.1543311 -1.015938 1.762381
0.1305672 -1.060334 1.953964
9
-0.04602833 -0.2540002 1.886773
-0.1264682 -0.248929 1.864301
0.03633191 -0.2489004 1.833679
-0.1545718 -0.6202913 1.833818
0.07906611 -0.6525615 1.864032
-0.1436228 -0.9565597 1.833167
0.1344068 -0.9842309 1.999406
-0.1530472 -1.029574 1.754449
0.1347144 -1.054729 1.913018
9
-0.04602833 -0.2540002 1.886773
-0.1264682 -0.248929 1.864301
0.03633191 -0.2489004 1.833679
-0.1545718 -0.6202913 1.833818
0.07906611 -0.6525615 1.864032
-0.1436228 -0.9565597 1.833167
0.1344068 -0.9842309 1.999406
-0.1530472 -1.029574 1.754449
0.1347144 -1.054729 1.913018
9
-0.04602833 -0.2540002 1.886773
-0.1264682 -0.248929 1.864301
0.03633191 -0.2489004 1.833679
-0.1545718 -0.6202913 1.833818
0.07906611 -0.6525615 1.864032
-0.1436228 -0.9565597 1.833167
0.1344068 -0.9842309 1.999406
-0.1530472 -1.029574 1.754449
0.1347144 -1.054729 1.913018
9
-0.05334523 -0.2518117 1.878272
-0.1339934 -0.2475591 1.855827
0.0294895 -0.2459218 1.825103
-0.1572189 -0.6196751 1.832094
0.06676147 -0.647819 1.837918
-0.1443342 -0.9566016 1.828488
0.1328364 -0.9807979 1.982525
-0.1573255 -1.030089 1.751903
0.1352337 -1.051177 1.896213
9
-0.05334523 -0.2518117 1.878272
-0.1339934 -0.2475591 1.855827
0.0294895 -0.2459218 1.825103
-0.1572189 -0.6196751 1.832094
0.06676147 -0.647819 1.837918
-0.1443342 -0.9566016 1.828488
0.1328364 -0.9807979 1.982525
-0.1573255 -1.030089 1.751903
0.1352337 -1.051177 1.896213
9
-0.06320488 -0.2501923 1.868581
-0.1442235 -0.2464849 1.84578
0.02042165 -0.2438014 1.815801
-0.1609498 -0.6191165 1.82898
0.05678384 -0.634665 1.813942
-0.1451245 -0.9572515 1.826444
0.1282227 -0.9769483 1.967433
-0.1573654 -1.031723 1.751747
0.1335699 -1.052096 1.890361
9
-0.06320488 -0.2501923 1.868581
-0.1442235 -0.2464849 1.84578
0.02042165 -0.2438014 1.815801
-0.1609498 -0.6191165 1.82898
0.05678384 -0.634665 1.813942
-0.1451245 -0.9572515 1.826444
0.1282227 -0.9769483 1.967433
-0.1573654 -1.031723 1.751747
0.1335699 -1.052096 1.890361
9
-0.07062439 -0.2489527 1.862649
-0.1518457 -0.2458169 1.839635
0.01350369 -0.2420173 1.810083
-0.1643341 -0.6203799 1.826334
0.04908087 -0.6241539 1.790674
-0.1467531 -0.9616156 1.822843
0.1251009 -0.9754887 1.954405
-0.1568534 -1.036996 1.749709
0.1334423 -1.054795 1.888376
9
-0.07062439 -0.2489527 1.862649
-0.1518457 -0.2458169 1.839635
0.01350369 -0.2420173 1.810083
-0.1643341 -0.6203799 1.826334
0.04908087 -0.6241539 1.790674
-0.1467531 -0.9616156 1.822843
0.1251009 -0.9754887 1.954405
-0.1568534 -1.036996 1.749709
0.1334423 -1.054795 1.888376
9
-0.07723288 -0.2482078 1.855425
-0.1586853 -0.2459598 1.832069
0.007376801 -0.2403954 1.803174
-0.1670551 -0.6210917 1.823465
0.04393386 -0.6198739 1.771462
-0.1473823 -0.9609865 1.821391
0.1135457 -0.9763292 1.932573
-0.1572616 -1.036956 1.749561
0.08910593 -1.005625 1.791123
