40
9
0.127766 -0.2433038 2.113514
0.04246547 -0.2332267 2.067653
0.2086517 -0.2444392 2.083401
-0.0003798649 -0.6265551 1.986844
0.1946644 -0.6489286 2.099958
-0.0314462 -0.977387 2.022742
0.1660726 -0.9761811 2.134742
-0.04581279 -1.049364 1.941121
0.2313237 -1.035832 2.109451
9
0.1361119 -0.2435832 2.106932
0.05209363 -0.232988 2.059317
0.2153443 -0.2451877 2.07859
0.01323601 -0.6282437 1.974267
0.1959395 -0.6489165 2.098864
-0.01055445 -0.9794526 1.965859
0.1663607 -0.9759634 2.134088
-0.0146279 -1.047591 1.876751
0.2024646 -1.053002 2.084057
9
0.1361119 -0.2435832 2.106932
0.05209363 -0.232988 2.059317
0.2153443 -0.2451877 2.07859
0.01323601 -0.6282437 1.974267
0.1959395 -0.6489165 2.098864
-0.01055445 -0.9794526 1.965859
0.1663607 -0.9759634 2.134088
-0.0146279 -1.047591 1.876751
0.2024646 -1.053002 2.084057
9
0.1423034 -0.2442632 2.100748
0.05840583 -0.2335085 2.051825
0.221048 -0.2460446 2.073798
0.0199885 -0.6311774 1.967601
0.1983844 -0.6539578 2.097167
-0.005270184 -0.9790472 1.955486
0.1669948 -0.9776208 2.13314
-0.01116966 -1.042737 1.860399
0.2029255 -1.054814 2.083705
9
0.1423034 -0.2442632 2.100748
0.05840583 -0.2335085 2.051825
0.221048 -0.2460446 2.073798
0.0199885 -0.6311774 1.967601
0.1983844 -0.6539578 2.097167
-0.005270184 -0.9790472 1.955486
0.1669948 -0.9776208 2.13314
-0.01116966 -1.042737 1.860399
0.2029255 -1.054814 2.083705
9
0.1463195 -0.2456483 2.09581
0.06232838 -0.2350486 2.04637
0.2249459 -0.2472672 2.069508
0.0240099 -0.6330231 1.959328
0.2002849 -0.6551566 2.095996
-4.315003E-06 -0.9785422 1.93594
0.1666611 -0.9779155 2.132382
0.001408136 -1.036652 1.834155
0.1978875 -1.055794 2.077198
9
0.1463195 -0.2456483 2.09581
0.06232838 -0.2350486 2.04637
0.2249459 -0.2472672 2.069508
0.0240099 -0.6330231 1.959328
0.2002849 -0.6551566 2.095996
-4.315003E-06 -0.9785422 1.93594
0.1666611 -0.9779155 2.132382
0.001408136 -1.036652 1.834155
0.1978875 -1.055794 2.077198
9
0.1503344 -0.2467974 2.090494
0.06669576 -0.2361537 2.040509
0.2284599 -0.248426 2.064816
0.02848241 -0.6381426 1.951801
0.20299 -0.6639147 2.095048
0.009514285 -0.9711508 1.908256
0.1683454 -0.9790909 2.129504
0.03397832 -1.001401 1.768106
0.1996207 -1.057869 2.078954
9
0.1503344 -0.2467974 2.090494
0.06669576 -0.2361537 2.040509
0.2284599 -0.248426 2.064816
0.02848241 -0.6381426 1.951801
0.20299 -0.6639147 2.095048
0.009514285 -0.9711508 1.908256
0.1683454 -0.9790909 2.129504
0.03397832 -1.001401 1.768106
0.1996207 -1.057869 2.078954
9
0.1535197 -0.2474436 2.085271
0.06999411 -0.2366375 2.034699
0.2313996 -0.2492024 2.060216
0.03119688 -0.6404814 1.943141
0.2040101 -0.6651827 2.094457
0.01407533 -0.9708866 1.897172
0.1691409 -0.9796301 2.128503
0.0241756 -1.0329 1.800974
0.2250402 -1.046307 2.082942
9
0.1535197 -0.2474436 2.085271
0.06999411 -0.2366375 2.034699
0.2313996 -0.2492024 2.060216
0.03119688 -0.6404814 1.943141
0.2040101 -0.6651827 2.094457
0.01407533 -0.9708866 1.897172
0.1691409 -0.9796301 2.128503
0.0241756 -1.0329 1.800974
0.2250402 -1.046307 2.082942
9
0.1575227 -0.248055 2.079353
0.07429102 -0.2368296 2.027855
0.2349707 -0.2501612 2.055199
0.03431204 -0.63961 1.937147
0.2056853 -0.6705554 2.093559
0.02254293 -0.9649909 1.875694
0.169454 -0.9801481 2.126811
0.04931512 -0.9954492 1.736351
0.2261998 -1.046571 2.08403
9
0.1575227 -0.248055 2.079353
0.07429102 -0.2368296 2.027855
0.2349707 -0.2501612 2.055199
0.03431204 -0.63961 1.937147
0.2056853 -0.6705554 2.093559
0.02254293 -0.9649909 1.875694
0.169454 -0.9801481 2.126811
0.04931512 -0.9954492 1.736351
0.2261998 -1.046571 2.08403
9
0.1575227 -0.248055 2.079353
0.07429102 -0.2368296 2.027855
0.2349707 -0.2501612 2.055199
0.03431204 -0.63961 1.937147
0.2056853 -0.6705554 2.093559
0.02254293 -0.9649909 1.875694
0.169454 -0.9801481 2.126811
0.04931512 -0.9954492 1.736351
0.2261998 -1.046571 2.08403
9
0.1575227 -0.248055 2.079353
0.07429102 -0.2368296 2.027855
0.2349707 -0.2501612 2.055199
0.03431204 -0.63961 1.937147
0.2056853 -0.6705554 2.093559
0.02254293 -0.9649909 1.875694
0.169454 -0.9801481 2.126811
0.04931512 -0.9954492 1.736351
0.2261998 -1.046571 2.08403
9
0.1575227 -0.248055 2.079353
0.07429102 -0.2368296 2.027855
0.2349707 -0.2501612 2.055199
0.03431204 -0.63961 1.937147
0.2056853 -0.6705554 2.093559
0.02254293 -0.9649909 1.875694
0.169454 -0.9801481 2.126811
0.04931512 -0.9954492 1.736351
0.2261998 -1.046571 2.08403
9
0.159074 -0.2497719 2.068185
0.07635798 -0.2380744 2.016186
0.2359367 -0.2522657 2.044621
0.03780856 -0.6369457 1.918848
0.1806291 -0.68704 2.052626
0.03271814 -0.9567656 1.847114
0.1715682 -0.9815156 2.124379
0.04670997 -1.021209 1.755214
0.2271716 -1.048895 2.083352
9
0.1603212 -0.250986 2.057232
0.07770056 -0.2392998 2.00363
0.2370003 -0.253406 2.035232
0.03987065 -0.6306467 1.908213
0.1814082 -0.6862087 2.052334
0.03497447 -0.9542314 1.841612
0.1754109 -0.9850107 2.120533
0.06352625 -0.985034 1.703002
0.2304168 -1.052961 2.083124
9
0.1603212 -0.250986 2.057232
0.07770056 -0.2392998 2.00363
0.2370003 -0.253406 2.035232
0.03987065 -0.6306467 1.908213
0.1814082 -0.6862087 2.052334
0.03497447 -0.9542314 1.841612
0.1754109 -0.9850107 2.120533
0.06352625 -0.985034 1.703002
0.2304168 -1.052961 2.083124
9
0.1603212 -0.250986 2.057232
0.07770056 -0.2392998 2.00363
0.2370003 -0.253406 2.035232
0.03987065 -0.6306467 1.908213
0.1814082 -0.6862087 2.052334
0.03497447 -0.9542314 1.841612
0.1754109 -0.9850107 2.120533
0.06352625 -0.985034 1.703002
0.2304168 -1.052961 2.083124
9
0.1603212 -0.250986 2.057232
0.07770056 -0.2392998 2.00363
0.2370003 -0.253406 2.035232
0.03987065 -0.6306467 1.908213
0.1814082 -0.6862087 2.052334
0.03497447 -0.9542314 1.841612
0.1754109 -0.9850107 2.120533
0.06352625 -0.985034 1.703002
0.2304168 -1.052961 2.083124
9
0.1626485 -0.2515998 2.031462
0.08024645 -0.2401188 1.977601
0.2389286 -0.2537183 2.009921
0.04194235 -0.6219659 1.888293
0.1760113 -0.6849056 2.02999
0.03957896 -0.9521437 1.838205
0.1777525 -0.9862089 2.118809
0.05020815 -1.019029 1.749012
0.2342383 -1.053179 2.084898
9
0.1626485 -0.2515998 2.031462
0.08024645 -0.2401188 1.977601
0.2389286 -0.2537183 2.009921
0.04194235 -0.6219659 1.888293
0.1760113 -0.6849056 2.02999
0.03957896 -0.9521437 1.838205
0.1777525 -0.9862089 2.118809
0.05020815 -1.019029 1.749012
0.2342383 -1.053179 2.084898
9
0.1621535 -0.253107 2.017669
0.07943631 -0.2412108 1.963518
0.2387158 -0.2555259 1.996364
0.04432766 -0.6148816 1.879734
0.1784456 -0.683678 2.027695
0.04203389 -0.9529793 1.833567
0.1775914 -0.9866503 2.115404
0.05163418 -1.020969 1.745929
0.2255696 -1.058602 2.07247
9
0.1621535 -0.253107 2.017669
0.07943631 -0.2412108 1.963518
0.2387158 -0.2555259 1.996364
0.04432766 -0.6148816 1.879734
0.1784456 -0.683678 2.027695
0.04203389 -0.9529793 1.833567
0.1775914 -0.9866503 2.115404
0.05163418 -1.020969 1.745929
0.2255696 -1.058602 2.07247
9
0.1621535 -0.253107 2.017669
0.07943631 -0.2412108 1.963518
0.2387158 -0.2555259 1.996364
0.04432766 -0.6148816 1.879734
0.1784456 -0.683678 2.027695
0.04203389 -0.9529793 1.833567
0.1775914 -0.9866503 2.115404
0.05163418 -1.020969 1.745929
0.2255696 -1.058602 2.07247
9
0.1619822 -0.2528521 2.003387
0.07898805 -0.2416896 1.949841
0.2387987 -0.2544511 1.981451
0.04501314 -0.6092106 1.869498
0.1833561 -0.6764262 2.019337
0.04265257 -0.9552529 1.829838
0.1765256 -0.9876034 2.112447
0.05290477 -1.024129 1.743825
0.2247711 -1.059777 2.074214
9
0.1619822 -0.2528521 2.003387
0.07898805 -0.2416896 1.949841
0.2387987 -0.2544511 1.981451
0.04501314 -0.6092106 1.869498
0.1833561 -0.6764262 2.019337
0.04265257 -0.9552529 1.829838
0.1765256 -0.9876034 2.112447
0.05290477 -1.024129 1.743825
0.2247711 -1.059777 2.074214
9
0.1619822 -0.2528521 2.003387
0.07898805 -0.2416896 1.949841
0.2387987 -0.2544511 1.981451
0.04501314 -0.6092106 1.869498
0.1833561 -0.6764262 2.019337
0.04265257 -0.9552529 1.829838
0.1765256 -0.9876034 2.112447
0.05290477 -1.024129 1.743825
0.2247711 -1.059777 2.074214
9
0.1619822 -0.2528521 2.003387
0.07898805 -0.2416896 1.949841
0.2387987 -0.2544511 1.981451
0.04501314 -0.6092106 1.869498
0.1833561 -0.6764262 2.019337
0.04265257 -0.9552529 1.829838
0.1765256 -0.9876034 2.112447
0.05290477 -1.024129 1.743825
0.2247711 -1.059777 2.074214
9
0.1619822 -0.2528521 2.003387
0.07898805 -0.2416896 1.949841
0.2387987 -0.2544511 1.981451
0.04501314 -0.6092106 1.869498
0.1833561 -0.6764262 2.019337
0.04265257 -0.9552529 1.829838
0.1765256 -0.9876034 2.112447
0.05290477 -1.024129 1.743825
0.2247711 -1.059777 2.074214
9
0.1619822 -0.2528521 2.003387
0.07898805 -0.2416896 1.949841
0.2387987 -0.2544511 1.981451
0.04501314 -0.6092106 1.869498
0.1833561 -0.6764262 2.019337
0.04265257 -0.9552529 1.829838
0.1765256 -0.9876034 2.112447
0.05290477 -1.024129 1.743825
0.2247711 -1.059777 2.074214
9
0.1494918 -0.250782 1.941699
0.06493756 -0.2406379 1.888976
0.2281471 -0.251179 1.918982
0.04254293 -0.591967 1.819509
0.2049785 -0.6543063 1.980687
0.04382945 -0.9563166 1.821215
0.1714605 -0.9852181 2.095745
0.05466263 -1.030178 1.744617
0.2238111 -1.052354 2.083293
9
0.1494918 -0.250782 1.941699
0.06493756 -0.2406379 1.888976
0.2281471 -0.251179 1.918982
0.04254293 -0.591967 1.819509
0.2049785 -0.6543063 1.980687
0.04382945 -0.9563166 1.821215
0.1714605 -0.9852181 2.095745
0.05466263 -1.030178 1.744617
0.2238111 -1.052354 2.083293
9
0.1494918 -0.250782 1.941699
0.06493756 -0.2406379 1.888976
0.2281471 -0.251179 1.918982
0.04254293 -0.591967 1.819509
0.2049785 -0.6543063 1.980687
0.04382945 -0.9563166 1.821215
0.1714605 -0.9852181 2.095745
0.05466263 -1.030178 1.744617
0.2238111 -1.052354 2.083293
9
0.1444138 -0.2483456 1.9232
0.05942765 -0.2396024 1.871626
0.2236599 -0.2472407 1.899176
0.04060033 -0.5925687 1.813027
0.2035958 -0.6378182 1.938593
0.04296933 -0.9605475 1.813158
0.1728241 -0.985526 2.089587
0.06832952 -0.9898717 1.673274
0.2260781 -1.052675 2.074374
9
0.1444138 -0.2483456 1.9232
0.05942765 -0.2396024 1.871626
0.2236599 -0.2472407 1.899176
0.04060033 -0.5925687 1.813027
0.2035958 -0.6378182 1.938593
0.04296933 -0.9605475 1.813158
0.1728241 -0.985526 2.089587
0.06832952 -0.9898717 1.673274
0.2260781 -1.052675 2.074374
9
0.1400505 -0.2477753 1.910692
0.05489172 -0.23939 1.859778
0.2196287 -0.2463116 1.88611
0.03893091 -0.5919502 1.808214
0.2038073 -0.6371967 1.93221
0.04311912 -0.9557357 1.810584
0.1729711 -0.9869069 2.082232
0.06787407 -0.9850717 1.6705
0.2269859 -1.05539 2.052747
9
0.1400505 -0.2477753 1.910692
0.05489172 -0.23939 1.859778
0.2196287 -0.2463116 1.88611
0.03893091 -0.5919502 1.808214
0.2038073 -0.6371967 1.93221
0.04311912 -0.9557357 1.810584
0.1729711 -0.9869069 2.082232
0.06787407 -0.9850717 1.6705
0.2269859 -1.05539 2.052747
9
0.1400505 -0.2477753 1.910692
0.05489172 -0.23939 1.859778
0.2196287 -0.2463116 1.88611
0.03893091 -0.5919502 1.808214
0.2038073 -0.6371967 1.93221
0.04311912 -0.9557357 1.810584
0.1729711 -0.9869069 2.082232
0.06787407 -0.9850717 1.6705
0.2269859 -1.05539 2.052747
