40
9
-0.1544011 -0.04360261 2.132786
-0.2173165 -0.05471432 2.125747
-0.08585148 -0.03088494 2.062726
-0.2125762 -0.4385382 2.202678
-0.03094535 -0.3994453 1.962569
-0.1802567 -0.7837827 2.311381
-0.006836395 -0.7453076 1.960247
-0.2356586 -0.8385315 2.254068
-0.03098981 -0.8029236 1.881822
9
-0.1474842 -0.04229766 2.122173
-0.211126 -0.05292856 2.116477
-0.07836916 -0.03017529 2.050696
-0.2099089 -0.4348621 2.193051
-0.02649392 -0.398719 1.957404
-0.1784168 -0.7829586 2.306998
-0.006699242 -0.7453123 1.959484
-0.2354755 -0.8384133 2.253914
-0.03089609 -0.8030555 1.881765
9
-0.1474842 -0.04229766 2.122173
-0.211126 -0.05292856 2.116477
-0.07836916 -0.03017529 2.050696
-0.2099089 -0.4348621 2.193051
-0.02649392 -0.398719 1.957404
-0.1784168 -0.7829586 2.306998
-0.006699242 -0.7453123 1.959484
-0.2354755 -0.8384133 2.253914
-0.03089609 -0.8030555 1.881765
9
-0.1409258 -0.03977074 2.113447
-0.2037772 -0.04960639 2.106804
-0.07278072 -0.02842653 2.042938
-0.2088113 -0.4318648 2.183717
-0.0237534 -0.3966469 1.954088
-0.1776596 -0.7828675 2.303198
-0.006488388 -0.7459849 1.958887
-0.2351475 -0.8377082 2.252515
-0.03046773 -0.803515 1.881663
9
-0.1409258 -0.03977074 2.113447
-0.2037772 -0.04960639 2.106804
-0.07278072 -0.02842653 2.042938
-0.2088113 -0.4318648 2.183717
-0.0237534 -0.3966469 1.954088
-0.1776596 -0.7828675 2.303198
-0.006488388 -0.7459849 1.958887
-0.2351475 -0.8377082 2.252515
-0.03046773 -0.803515 1.881663
9
-0.1409258 -0.03977074 2.113447
-0.2037772 -0.04960639 2.106804
-0.07278072 -0.02842653 2.042938
-0.2088113 -0.4318648 2.183717
-0.0237534 -0.3966469 1.954088
-0.1776596 -0.7828675 2.303198
-0.006488388 -0.7459849 1.958887
-0.2351475 -0.8377082 2.252515
-0.03046773 -0.803515 1.881663
9
-0.1409258 -0.03977074 2.113447
-0.2037772 -0.04960639 2.106804
-0.07278072 -0.02842653 2.042938
-0.2088113 -0.4318648 2.183717
-0.0237534 -0.3966469 1.954088
-0.1776596 -0.7828675 2.303198
-0.006488388 -0.7459849 1.958887
-0.2351475 -0.8377082 2.252515
-0.03046773 -0.803515 1.881663
9
-0.1409258 -0.03977074 2.113447
-0.2037772 -0.04960639 2.106804
-0.07278072 -0.02842653 2.042938
-0.2088113 -0.4318648 2.183717
-0.0237534 -0.3966469 1.954088
-0.1776596 -0.7828675 2.303198
-0.006488388 -0.7459849 1.958887
-0.2351475 -0.8377082 2.252515
-0.03046773 -0.803515 1.881663
9
-0.1409258 -0.03977074 2.113447
-0.2037772 -0.04960639 2.106804
-0.07278072 -0.02842653 2.042938
-0.2088113 -0.4318648 2.183717
-0.0237534 -0.3966469 1.954088
-0.1776596 -0.7828675 2.303198
-0.006488388 -0.7459849 1.958887
-0.2351475 -0.8377082 2.252515
-0.03046773 -0.803515 1.881663
9
-0.1409258 -0.03977074 2.113447
-0.2037772 -0.04960639 2.106804
-0.07278072 -0.02842653 2.042938
-0.2088113 -0.4318648 2.183717
-0.0237534 -0.3966469 1.954088
-0.1776596 -0.7828675 2.303198
-0.006488388 -0.7459849 1.958887
-0.2351475 -0.8377082 2.252515
-0.03046773 -0.803515 1.881663
9
-0.1409258 -0.03977074 2.113447
-0.2037772 -0.04960639 2.106804
-0.07278072 -0.02842653 2.042938
-0.2088113 -0.4318648 2.183717
-0.0237534 -0.3966469 1.954088
-0.1776596 -0.7828675 2.303198
-0.006488388 -0.7459849 1.958887
-0.2351475 -0.8377082 2.252515
-0.03046773 -0.803515 1.881663
9
-0.1189896 -0.03127484 2.076099
-0.1815785 -0.03703385 2.068642
-0.05176387 -0.02414697 2.00627
-0.2093531 -0.4272987 2.139553
-0.01784549 -0.4023394 1.939686
-0.1707262 -0.7895582 2.281688
-0.006092956 -0.7461103 1.957906
-0.2333379 -0.8338341 2.238437
-0.03032839 -0.8034321 1.881802
9
-0.1189896 -0.03127484 2.076099
-0.1815785 -0.03703385 2.068642
-0.05176387 -0.02414697 2.00627
-0.2093531 -0.4272987 2.139553
-0.01784549 -0.4023394 1.939686
-0.1707262 -0.7895582 2.281688
-0.006092956 -0.7461103 1.957906
-0.2333379 -0.8338341 2.238437
-0.03032839 -0.8034321 1.881802
9
-0.1178215 -0.03085875 2.074117
-0.1808126 -0.03659867 2.06688
-0.05022362 -0.02382321 2.004118
-0.2100902 -0.4260954 2.135183
-0.01555721 -0.4028583 1.93593
-0.1688109 -0.7904425 2.276358
-0.005462459 -0.7463053 1.956843
-0.2346002 -0.8326108 2.228913
-0.03013118 -0.8034927 1.882036
9
-0.1178215 -0.03085875 2.074117
-0.1808126 -0.03659867 2.06688
-0.05022362 -0.02382321 2.004118
-0.2100902 -0.4260954 2.135183
-0.01555721 -0.4028583 1.93593
-0.1688109 -0.7904425 2.276358
-0.005462459 -0.7463053 1.956843
-0.2346002 -0.8326108 2.228913
-0.03013118 -0.8034927 1.882036
9
-0.1154563 -0.03032969 2.068981
-0.1793413 -0.03573243 2.062367
-0.04695671 -0.02376168 1.998335
-0.2113665 -0.424995 2.128591
-0.01467612 -0.4035997 1.932474
-0.1676924 -0.7880488 2.269262
-0.005400212 -0.7466928 1.956114
-0.2361479 -0.8319775 2.220803
-0.02967086 -0.8036189 1.882324
9
-0.1154563 -0.03032969 2.068981
-0.1793413 -0.03573243 2.062367
-0.04695671 -0.02376168 1.998335
-0.2113665 -0.424995 2.128591
-0.01467612 -0.4035997 1.932474
-0.1676924 -0.7880488 2.269262
-0.005400212 -0.7466928 1.956114
-0.2361479 -0.8319775 2.220803
-0.02967086 -0.8036189 1.882324
9
-0.1126612 -0.03009295 2.061897
-0.1768539 -0.03503438 2.054766
-0.04405441 -0.02397515 1.991835
-0.2131684 -0.4229334 2.120864
-0.01276704 -0.408521 1.927892
-0.1679805 -0.7881046 2.265815
-0.005181834 -0.747297 1.955244
-0.2357892 -0.8314471 2.216957
-0.0297054 -0.8038355 1.882617
9
-0.1126612 -0.03009295 2.061897
-0.1768539 -0.03503438 2.054766
-0.04405441 -0.02397515 1.991835
-0.2131684 -0.4229334 2.120864
-0.01276704 -0.408521 1.927892
-0.1679805 -0.7881046 2.265815
-0.005181834 -0.747297 1.955244
-0.2357892 -0.8314471 2.216957
-0.0297054 -0.8038355 1.882617
9
-0.1110129 -0.02874468 2.055859
-0.1756573 -0.0331598 2.0494
-0.04198565 -0.02327323 1.98506
-0.214661 -0.4219444 2.114684
-0.01156583 -0.4075097 1.924853
-0.1689838 -0.7857901 2.260496
-0.00534697 -0.7474936 1.954849
-0.234684 -0.8288598 2.210148
-0.02964119 -0.8040398 1.882773
9
-0.1102294 -0.02787028 2.049907
-0.1752587 -0.03137324 2.043061
-0.04088822 -0.02326004 1.979455
-0.2167807 -0.4195023 2.106978
-0.01104661 -0.4051873 1.921158
-0.17424 -0.7833766 2.249635
-0.005204099 -0.7475636 1.954543
-0.2415747 -0.8301383 2.201218
-0.02960031 -0.8039883 1.88296
9
-0.1102294 -0.02787028 2.049907
-0.1752587 -0.03137324 2.043061
-0.04088822 -0.02326004 1.979455
-0.2167807 -0.4195023 2.106978
-0.01104661 -0.4051873 1.921158
-0.17424 -0.7833766 2.249635
-0.005204099 -0.7475636 1.954543
-0.2415747 -0.8301383 2.201218
-0.02960031 -0.8039883 1.88296
9
-0.1102294 -0.02787028 2.049907
-0.1752587 -0.03137324 2.043061
-0.04088822 -0.02326004 1.979455
-0.2167807 -0.4195023 2.106978
-0.01104661 -0.4051873 1.921158
-0.17424 -0.7833766 2.249635
-0.005204099 -0.7475636 1.954543
-0.2415747 -0.8301383 2.201218
-0.02960031 -0.8039883 1.88296
9
-0.1091915 -0.02771232 2.044326
-0.1740957 -0.03047089 2.036038
-0.04001644 -0.02370616 1.975193
-0.2183527 -0.4170729 2.100625
-0.01022296 -0.4035673 1.917998
-0.1866239 -0.7751184 2.227231
-0.005288969 -0.7487558 1.954316
-0.2435177 -0.8293934 2.194697
-0.02950227 -0.8041822 1.883083
9
-0.1091915 -0.02771232 2.044326
-0.1740957 -0.03047089 2.036038
-0.04001644 -0.02370616 1.975193
-0.2183527 -0.4170729 2.100625
-0.01022296 -0.4035673 1.917998
-0.1866239 -0.7751184 2.227231
-0.005288969 -0.7487558 1.954316
-0.2435177 -0.8293934 2.194697
-0.02950227 -0.8041822 1.883083
9
-0.1087963 -0.02688146 2.040192
-0.1740937 -0.02929012 2.032661
-0.03918133 -0.02339433 1.970314
-0.2193458 -0.4159425 2.09497
-0.009495339 -0.4045241 1.915903
-0.194687 -0.7721902 2.215436
-0.005410203 -0.749063 1.954125
-0.2572795 -0.8255953 2.16512
-0.0294963 -0.8045617 1.88296
9
-0.1087963 -0.02688146 2.040192
-0.1740937 -0.02929012 2.032661
-0.03918133 -0.02339433 1.970314
-0.2193458 -0.4159425 2.09497
-0.009495339 -0.4045241 1.915903
-0.194687 -0.7721902 2.215436
-0.005410203 -0.749063 1.954125
-0.2572795 -0.8255953 2.16512
-0.0294963 -0.8045617 1.88296
9
-0.108127 -0.02653838 2.035006
-0.1740716 -0.02851531 2.02722
-0.0379367 -0.02349248 1.965455
-0.2205544 -0.4154135 2.087858
-0.009136749 -0.4064948 1.914196
-0.2058236 -0.7709791 2.199349
-0.005298572 -0.749128 1.953791
-0.2729988 -0.8285539 2.157516
-0.02940666 -0.8048325 1.883043
9
-0.108127 -0.02653838 2.035006
-0.1740716 -0.02851531 2.02722
-0.0379367 -0.02349248 1.965455
-0.2205544 -0.4154135 2.087858
-0.009136749 -0.4064948 1.914196
-0.2058236 -0.7709791 2.199349
-0.005298572 -0.749128 1.953791
-0.2729988 -0.8285539 2.157516
-0.02940666 -0.8048325 1.883043
9
-0.1079706 -0.02613223 2.031174
-0.1742893 -0.02771172 2.022893
-0.03746234 -0.02346523 1.962139
-0.2211848 -0.4149935 2.080283
-0.009184127 -0.4058307 1.912567
-0.216142 -0.7658753 2.179635
-0.005357543 -0.749254 1.953694
-0.2777069 -0.8235362 2.137736
-0.02939899 -0.8053012 1.883581
9
-0.1079706 -0.02613223 2.031174
-0.1742893 -0.02771172 2.022893
-0.03746234 -0.02346523 1.962139
-0.2211848 -0.4149935 2.080283
-0.009184127 -0.4058307 1.912567
-0.216142 -0.7658753 2.179635
-0.005357543 -0.749254 1.953694
-0.2777069 -0.8235362 2.137736
-0.02939899 -0.8053012 1.883581
9
-0.1079706 -0.02613223 2.031174
-0.1742893 -0.02771172 2.022893
-0.03746234 -0.02346523 1.962139
-0.2211848 -0.4149935 2.080283
-0.009184127 -0.4058307 1.912567
-0.216142 -0.7658753 2.179635
-0.005357543 -0.749254 1.953694
-0.2777069 -0.8235362 2.137736
-0.02939899 -0.8053012 1.883581
9
-0.1079706 -0.02613223 2.031174
-0.1742893 -0.02771172 2.022893
-0.03746234 -0.02346523 1.962139
-0.2211848 -0.4149935 2.080283
-0.009184127 -0.4058307 1.912567
-0.216142 -0.7658753 2.179635
-0.005357543 -0.749254 1.953694
-0.2777069 -0.8235362 2.137736
-0.02939899 -0.8053012 1.883581
9
-0.107724 -0.0259526 2.024452
-0.174699 -0.02719236 2.015646
-0.03659637 -0.02363661 1.955979
-0.2234921 -0.4221106 2.067467
-0.009276386 -0.4058672 1.909707
-0.243894 -0.7625875 2.134848
-0.006079207 -0.7505759 1.953239
-0.3010254 -0.8237305 2.082031
-0.02975481 -0.8068331 1.883359
9
-0.107724 -0.0259526 2.024452
-0.174699 -0.02719236 2.015646
-0.03659637 -0.02363661 1.955979
-0.2234921 -0.4221106 2.067467
-0.009276386 -0.4058672 1.909707
-0.243894 -0.7625875 2.134848
-0.006079207 -0.7505759 1.953239
-0.3010254 -0.8237305 2.082031
-0.02975481 -0.8068331 1.883359
9
-0.1079495 -0.02616451 2.020287
-0.1750435 -0.02748427 2.012122
-0.03663933 -0.02376661 1.951196
-0.2253971 -0.423225 2.056217
-0.009435933 -0.4019555 1.906546
-0.2479423 -0.7599841 2.126144
-0.006122658 -0.7508227 1.953077
-0.3030574 -0.8203437 2.072097
-0.02982685 -0.8071373 1.883344
9
-0.1079495 -0.02616451 2.020287
-0.1750435 -0.02748427 2.012122
-0.03663933 -0.02376661 1.951196
-0.2253971 -0.423225 2.056217
-0.009435933 -0.4019555 1.906546
-0.2479423 -0.7599841 2.126144
-0.006122658 -0.7508227 1.953077
-0.3030574 -0.8203437 2.072097
-0.02982685 -0.8071373 1.883344
9
-0.1087933 -0.02609628 2.016561
-0.1759937 -0.02736863 2.007471
-0.03733276 -0.02375716 1.948351
-0.2298357 -0.4188683 2.042567
-0.009687444 -0.4023229 1.905943
-0.2584227 -0.7584607 2.103146
-0.006131072 -0.7519087 1.953073
-0.3169603 -0.8213193 2.053603
-0.02994484 -0.8080986 1.883206
9
-0.1087933 -0.02609628 2.016561
-0.1759937 -0.02736863 2.007471
-0.03733276 -0.02375716 1.948351
-0.2298357 -0.4188683 2.042567
-0.009687444 -0.4023229 1.905943
-0.2584227 -0.7584607 2.103146
-0.006131072 -0.7519087 1.953073
-0.3169603 -0.8213193 2.053603
-0.02994484 -0.8080986 1.883206
9
-0.1099843 -0.02606641 2.011931
-0.1774148 -0.02721279 2.002441
-0.03824331 -0.02385994 1.944194
-0.233363 -0.4199622 2.033046
-0.009508653 -0.4028903 1.904153
-0.2644143 -0.7551269 2.089217
-0.006107394 -0.7519479 1.952988
-0.3229935 -0.8183424 2.031994
-0.02996449 -0.8081708 1.883219
