40
9
-0.1282233 -0.2502102 2.242056
-0.2074666 -0.2521278 2.215407
-0.04462922 -0.2396871 2.193084
-0.2017074 -0.6324096 2.24099
0.01920074 -0.6519895 2.151546
-0.1704224 -0.9680121 2.251129
0.06809494 -0.9761003 2.158934
-0.1883665 -1.001515 2.109232
0.0906058 -1.042517 2.068924
9
-0.1282233 -0.2502102 2.242056
-0.2074666 -0.2521278 2.215407
-0.04462922 -0.2396871 2.193084
-0.2017074 -0.6324096 2.24099
0.01920074 -0.6519895 2.151546
-0.1704224 -0.9680121 2.251129
0.06809494 -0.9761003 2.158934
-0.1883665 -1.001515 2.109232
0.0906058 -1.042517 2.068924
9
-0.1285948 -0.249944 2.237617
-0.2078693 -0.2520397 2.211171
-0.0449376 -0.2392818 2.188491
-0.2019477 -0.6333245 2.237979
0.01898732 -0.6488238 2.141201
-0.1703144 -0.9693412 2.25038
0.06801251 -0.9763048 2.136602
-0.1886052 -1.002888 2.108583
0.07943352 -1.04065 2.040636
9
-0.1285948 -0.249944 2.237617
-0.2078693 -0.2520397 2.211171
-0.0449376 -0.2392818 2.188491
-0.2019477 -0.6333245 2.237979
0.01898732 -0.6488238 2.141201
-0.1703144 -0.9693412 2.25038
0.06801251 -0.9763048 2.136602
-0.1886052 -1.002888 2.108583
0.07943352 -1.04065 2.040636
9
-0.1285948 -0.249944 2.237617
-0.2078693 -0.2520397 2.211171
-0.0449376 -0.2392818 2.188491
-0.2019477 -0.6333245 2.237979
0.01898732 -0.6488238 2.141201
-0.1703144 -0.9693412 2.25038
0.06801251 -0.9763048 2.136602
-0.1886052 -1.002888 2.108583
0.07943352 -1.04065 2.040636
9
-0.1285948 -0.249944 2.237617
-0.2078693 -0.2520397 2.211171
-0.0449376 -0.2392818 2.188491
-0.2019477 -0.6333245 2.237979
0.01898732 -0.6488238 2.141201
-0.1703144 -0.9693412 2.25038
0.06801251 -0.9763048 2.136602
-0.1886052 -1.002888 2.108583
0.07943352 -1.04065 2.040636
9
-0.1262254 -0.2499497 2.227792
-0.2055766 -0.2523447 2.202993
-0.04257042 -0.2389548 2.176886
-0.2013059 -0.6325756 2.232249
0.02229312 -0.6497593 2.121137
-0.170285 -0.9698237 2.249986
0.06749873 -0.9772426 2.070623
-0.1885764 -1.003816 2.108391
0.05637118 -1.035972 1.968297
9
-0.1262254 -0.2499497 2.227792
-0.2055766 -0.2523447 2.202993
-0.04257042 -0.2389548 2.176886
-0.2013059 -0.6325756 2.232249
0.02229312 -0.6497593 2.121137
-0.170285 -0.9698237 2.249986
0.06749873 -0.9772426 2.070623
-0.1885764 -1.003816 2.108391
0.05637118 -1.035972 1.968297
9
-0.1262254 -0.2499497 2.227792
-0.2055766 -0.2523447 2.202993
-0.04257042 -0.2389548 2.176886
-0.2013059 -0.6325756 2.232249
0.02229312 -0.6497593 2.121137
-0.170285 -0.9698237 2.249986
0.06749873 -0.9772426 2.070623
-0.1885764 -1.003816 2.108391
0.05637118 -1.035972 1.968297
9
-0.1262254 -0.2499497 2.227792
-0.2055766 -0.2523447 2.202993
-0.04257042 -0.2389548 2.176886
-0.2013059 -0.6325756 2.232249
0.02229312 -0.6497593 2.121137
-0.170285 -0.9698237 2.249986
0.06749873 -0.9772426 2.070623
-0.1885764 -1.003816 2.108391
0.05637118 -1.035972 1.968297
9
-0.1221277 -0.251047 2.211972
-0.2014725 -0.2528384 2.187577
-0.03858804 -0.2406349 2.16083
-0.1990952 -0.6333999 2.224773
0.0235726 -0.6492659 2.104252
-0.1686708 -0.9709526 2.248909
0.06384674 -0.9744434 2.042636
-0.1861813 -1.004932 2.10717
0.04487489 -1.045953 1.959979
9
-0.1221277 -0.251047 2.211972
-0.2014725 -0.2528384 2.187577
-0.03858804 -0.2406349 2.16083
-0.1990952 -0.6333999 2.224773
0.0235726 -0.6492659 2.104252
-0.1686708 -0.9709526 2.248909
0.06384674 -0.9744434 2.042636
-0.1861813 -1.004932 2.10717
0.04487489 -1.045953 1.959979
9
-0.1192395 -0.2518632 2.202931
-0.1987192 -0.2534539 2.178603
-0.03562959 -0.2416109 2.151725
-0.1971106 -0.6329291 2.217115
0.02362407 -0.6477253 2.096148
-0.1662743 -0.9714758 2.245476
0.06188226 -0.9727887 2.038584
-0.1840844 -1.005349 2.103758
0.04427744 -1.04297 1.953194
9
-0.1192395 -0.2518632 2.202931
-0.1987192 -0.2534539 2.178603
-0.03562959 -0.2416109 2.151725
-0.1971106 -0.6329291 2.217115
0.02362407 -0.6477253 2.096148
-0.1662743 -0.9714758 2.245476
0.06188226 -0.9727887 2.038584
-0.1840844 -1.005349 2.103758
0.04427744 -1.04297 1.953194
9
-0.1160985 -0.2529474 2.193888
-0.1957212 -0.253885 2.169689
-0.03241641 -0.2433042 2.142528
-0.1945393 -0.6324887 2.210574
0.02458167 -0.6478406 2.08835
-0.1649949 -0.9739436 2.24437
0.06186764 -0.9745477 2.031985
-0.1840353 -1.00773 2.102875
0.04201043 -1.045613 1.949026
9
-0.1160985 -0.2529474 2.193888
-0.1957212 -0.253885 2.169689
-0.03241641 -0.2433042 2.142528
-0.1945393 -0.6324887 2.210574
0.02458167 -0.6478406 2.08835
-0.1649949 -0.9739436 2.24437
0.06186764 -0.9745477 2.031985
-0.1840353 -1.00773 2.102875
0.04201043 -1.045613 1.949026
9
-0.1160985 -0.2529474 2.193888
-0.1957212 -0.253885 2.169689
-0.03241641 -0.2433042 2.142528
-0.1945393 -0.6324887 2.210574
0.02458167 -0.6478406 2.08835
-0.1649949 -0.9739436 2.24437
0.06186764 -0.9745477 2.031985
-0.1840353 -1.00773 2.102875
0.04201043 -1.045613 1.949026
9
-0.1068041 -0.254242 2.169401
-0.1868795 -0.2545285 2.14655
-0.0229486 -0.2451323 2.116697
-0.1879085 -0.6311929 2.193186
0.02705209 -0.6471624 2.072996
-0.1640166 -0.9721097 2.239408
0.06139081 -0.9734747 2.030833
-0.1836087 -1.005366 2.097782
0.03885082 -1.044307 1.948538
9
-0.1068041 -0.254242 2.169401
-0.1868795 -0.2545285 2.14655
-0.0229486 -0.2451323 2.116697
-0.1879085 -0.6311929 2.193186
0.02705209 -0.6471624 2.072996
-0.1640166 -0.9721097 2.239408
0.06139081 -0.9734747 2.030833
-0.1836087 -1.005366 2.097782
0.03885082 -1.044307 1.948538
9
-0.1015975 -0.2549225 2.160034
-0.1818215 -0.2550709 2.137025
-0.0177645 -0.2458728 2.107509
-0.1850229 -0.6317285 2.184037
0.03068704 -0.6478152 2.064323
-0.1636711 -0.9727785 2.236377
0.06099719 -0.9738877 2.02968
-0.1831524 -1.005894 2.094677
0.03709997 -1.043823 1.946444
9
-0.1015975 -0.2549225 2.160034
-0.1818215 -0.2550709 2.137025
-0.0177645 -0.2458728 2.107509
-0.1850229 -0.6317285 2.184037
0.03068704 -0.6478152 2.064323
-0.1636711 -0.9727785 2.236377
0.06099719 -0.9738877 2.02968
-0.1831524 -1.005894 2.094677
0.03709997 -1.043823 1.946444
9
-0.1015975 -0.2549225 2.160034
-0.1818215 -0.2550709 2.137025
-0.0177645 -0.2458728 2.107509
-0.1850229 -0.6317285 2.184037
0.03068704 -0.6478152 2.064323
-0.1636711 -0.9727785 2.236377
0.06099719 -0.9738877 2.02968
-0.1831524 -1.005894 2.094677
0.03709997 -1.043823 1.946444
9
-0.1015975 -0.2549225 2.160034
-0.1818215 -0.2550709 2.137025
-0.0177645 -0.2458728 2.107509
-0.1850229 -0.6317285 2.184037
0.03068704 -0.6478152 2.064323
-0.1636711 -0.9727785 2.236377
0.06099719 -0.9738877 2.02968
-0.1831524 -1.005894 2.094677
0.03709997 -1.043823 1.946444
9
-0.08365014 -0.2538858 2.130201
-0.1632723 -0.2533889 2.105364
-0.0009787942 -0.2453474 2.079437
-0.1735552 -0.6286014 2.148534
0.04253716 -0.6403788 2.046122
-0.1624604 -0.9739192 2.232666
0.06148252 -0.9731526 2.02925
-0.1801599 -1.056388 2.175689
0.03536589 -1.042489 1.94602
9
-0.08365014 -0.2538858 2.130201
-0.1632723 -0.2533889 2.105364
-0.0009787942 -0.2453474 2.079437
-0.1735552 -0.6286014 2.148534
0.04253716 -0.6403788 2.046122
-0.1624604 -0.9739192 2.232666
0.06148252 -0.9731526 2.02925
-0.1801599 -1.056388 2.175689
0.03536589 -1.042489 1.94602
9
-0.08365014 -0.2538858 2.130201
-0.1632723 -0.2533889 2.105364
-0.0009787942 -0.2453474 2.079437
-0.1735552 -0.6286014 2.148534
0.04253716 -0.6403788 2.046122
-0.1624604 -0.9739192 2.232666
0.06148252 -0.9731526 2.02925
-0.1801599 -1.056388 2.175689
0.03536589 -1.042489 1.94602
9
-0.08365014 -0.2538858 2.130201
-0.1632723 -0.2533889 2.105364
-0.0009787942 -0.2453474 2.079437
-0.1735552 -0.6286014 2.148534
0.04253716 -0.6403788 2.046122
-0.1624604 -0.9739192 2.232666
0.06148252 -0.9731526 2.02925
-0.1801599 -1.056388 2.175689
0.03536589 -1.042489 1.94602
9
-0.08365014 -0.2538858 2.130201
-0.1632723 -0.2533889 2.105364
-0.0009787942 -0.2453474 2.079437
-0.1735552 -0.6286014 2.148534
0.04253716 -0.6403788 2.046122
-0.1624604 -0.9739192 2.232666
0.06148252 -0.9731526 2.02925
-0.1801599 -1.056388 2.175689
0.03536589 -1.042489 1.94602
9
-0.08365014 -0.2538858 2.130201
-0.1632723 -0.2533889 2.105364
-0.0009787942 -0.2453474 2.079437
-0.1735552 -0.6286014 2.148534
0.04253716 -0.6403788 2.046122
-0.1624604 -0.9739192 2.232666
0.06148252 -0.9731526 2.02925
-0.1801599 -1.056388 2.175689
0.03536589 -1.042489 1.94602
9
-0.04578682 -0.2498056 2.080832
-0.1265441 -0.2475841 2.054194
0.03668178 -0.2429532 2.031891
-0.1603952 -0.630588 2.06665
0.06143872 -0.6322477 2.027297
-0.1613972 -0.9802848 2.205017
0.06306547 -0.971936 2.028715
-0.1778987 -1.011423 2.06212
0.03514405 -1.041431 1.94666
9
-0.04578682 -0.2498056 2.080832
-0.1265441 -0.2475841 2.054194
0.03668178 -0.2429532 2.031891
-0.1603952 -0.630588 2.06665
0.06143872 -0.6322477 2.027297
-0.1613972 -0.9802848 2.205017
0.06306547 -0.971936 2.028715
-0.1778987 -1.011423 2.06212
0.03514405 -1.041431 1.94666
9
-0.04578682 -0.2498056 2.080832
-0.1265441 -0.2475841 2.054194
0.03668178 -0.2429532 2.031891
-0.1603952 -0.630588 2.06665
0.06143872 -0.6322477 2.027297
-0.1613972 -0.9802848 2.205017
0.06306547 -0.971936 2.028715
-0.1778987 -1.011423 2.06212
0.03514405 -1.041431 1.94666
9
-0.03944615 -0.2486289 2.070987
-0.1199802 -0.2448297 2.041361
0.04260045 -0.2430437 2.024486
-0.1563599 -0.6214402 2.016806
0.06927045 -0.6279404 2.01671
-0.1631702 -0.9701413 2.176713
0.06293531 -0.9715969 2.028875
-0.1946357 -1.051208 2.140618
0.03688912 -1.041579 1.946652
9
-0.03944615 -0.2486289 2.070987
-0.1199802 -0.2448297 2.041361
0.04260045 -0.2430437 2.024486
-0.1563599 -0.6214402 2.016806
0.06927045 -0.6279404 2.01671
-0.1631702 -0.9701413 2.176713
0.06293531 -0.9715969 2.028875
-0.1946357 -1.051208 2.140618
0.03688912 -1.041579 1.946652
9
-0.03944615 -0.2486289 2.070987
-0.1199802 -0.2448297 2.041361
0.04260045 -0.2430437 2.024486
-0.1563599 -0.6214402 2.016806
0.06927045 -0.6279404 2.01671
-0.1631702 -0.9701413 2.176713
0.06293531 -0.9715969 2.028875
-0.1946357 -1.051208 2.140618
0.03688912 -1.041579 1.946652
9
-0.03254104 -0.2481974 2.062508
-0.1142166 -0.243939 2.032959
0.05033828 -0.243221 2.016288
-0.1563809 -0.6181054 2.005357
0.07365002 -0.6302151 2.011634
-0.1632831 -0.9693113 2.172685
0.06260226 -0.9732049 2.028625
-0.1972317 -1.049409 2.135231
0.04526296 -1.003364 1.885683
9
-0.02624454 -0.2472239 2.053926
-0.1086017 -0.2424302 2.02463
0.05710462 -0.2428691 2.007548
-0.1547043 -0.6130596 1.982328
0.0770824 -0.6313928 2.006592
-0.1620035 -0.9624375 2.151752
0.06344049 -0.9735039 2.026511
-0.2010575 -1.040229 2.124524
0.04737917 -1.003576 1.883361
9
-0.02624454 -0.2472239 2.053926
-0.1086017 -0.2424302 2.02463
0.05710462 -0.2428691 2.007548
-0.1547043 -0.6130596 1.982328
0.0770824 -0.6313928 2.006592
-0.1620035 -0.9624375 2.151752
0.06344049 -0.9735039 2.026511
-0.2010575 -1.040229 2.124524
0.04737917 -1.003576 1.883361
9
-0.02079811 -0.2464414 2.047036
-0.1033146 -0.240928 2.017035
0.06252436 -0.242775 2.001326
-0.150594 -0.6081676 1.96552
0.07934638 -0.6313069 2.00259
-0.1588562 -0.9610747 2.141283
0.06320173 -0.9735424 2.026515
-0.2088501 -1.033369 2.10655
0.05564568 -1.051298 1.953599
9
-0.02079811 -0.2464414 2.047036
-0.1033146 -0.240928 2.017035
0.06252436 -0.242775 2.001326
-0.150594 -0.6081676 1.96552
0.07934638 -0.6313069 2.00259
-0.1588562 -0.9610747 2.141283
0.06320173 -0.9735424 2.026515
-0.2088501 -1.033369 2.10655
0.05564568 -1.051298 1.953599
