40
9
0.02308959 -0.02816281 1.808496
-0.0620237 -0.02626564 1.770449
0.1070327 -0.02871825 1.76843
-0.0828758 -0.4332306 1.70305
0.08752045 -0.4462933 1.791397
-0.1052309 -0.7736399 1.725364
0.05394354 -0.7609538 1.809165
-0.1288831 -0.8214021 1.616013
0.0596085 -0.8295756 1.717004
9
0.02308959 -0.02816281 1.808496
-0.0620237 -0.02626564 1.770449
0.1070327 -0.02871825 1.76843
-0.0828758 -0.4332306 1.70305
0.08752045 -0.4462933 1.791397
-0.1052309 -0.7736399 1.725364
0.05394354 -0.7609538 1.809165
-0.1288831 -0.8214021 1.616013
0.0596085 -0.8295756 1.717004
9
0.02308959 -0.02816281 1.808496
-0.0620237 -0.02626564 1.770449
0.1070327 -0.02871825 1.76843
-0.0828758 -0.4332306 1.70305
0.08752045 -0.4462933 1.791397
-0.1052309 -0.7736399 1.725364
0.05394354 -0.7609538 1.809165
-0.1288831 -0.8214021 1.616013
0.0596085 -0.8295756 1.717004
9
0.02308959 -0.02816281 1.808496
-0.0620237 -0.02626564 1.770449
0.1070327 -0.02871825 1.76843
-0.0828758 -0.4332306 1.70305
0.08752045 -0.4462933 1.791397
-0.1052309 -0.7736399 1.725364
0.05394354 -0.7609538 1.809165
-0.1288831 -0.8214021 1.616013
0.0596085 -0.8295756 1.717004
9
0.02308959 -0.02816281 1.808496
-0.0620237 -0.02626564 1.770449
0.1070327 -0.02871825 1.76843
-0.0828758 -0.4332306 1.70305
0.08752045 -0.4462933 1.791397
-0.1052309 -0.7736399 1.725364
0.05394354 -0.7609538 1.809165
-0.1288831 -0.8214021 1.616013
0.0596085 -0.8295756 1.717004
9
0.02121892 -0.02757367 1.801488
-0.06415702 -0.0260373 1.76211
0.1055559 -0.02790909 1.762788
-0.08452521 -0.4360346 1.698542
0.08606687 -0.4460362 1.78969
-0.1098849 -0.7768475 1.71864
0.05298421 -0.7625971 1.807952
-0.1288686 -0.8230124 1.606705
0.06069747 -0.8305426 1.715154
9
0.01876748 -0.02731433 1.796288
-0.06684022 -0.02593416 1.755987
0.1034862 -0.02753417 1.758547
-0.08566525 -0.4367782 1.697608
0.08313911 -0.4501937 1.786856
-0.1118275 -0.7788256 1.716396
0.05265051 -0.7636853 1.807209
-0.135727 -0.8264665 1.598312
0.06044475 -0.8298223 1.711961
9
0.01876748 -0.02731433 1.796288
-0.06684022 -0.02593416 1.755987
0.1034862 -0.02753417 1.758547
-0.08566525 -0.4367782 1.697608
0.08313911 -0.4501937 1.786856
-0.1118275 -0.7788256 1.716396
0.05265051 -0.7636853 1.807209
-0.135727 -0.8264665 1.598312
0.06044475 -0.8298223 1.711961
9
0.01876748 -0.02731433 1.796288
-0.06684022 -0.02593416 1.755987
0.1034862 -0.02753417 1.758547
-0.08566525 -0.4367782 1.697608
0.08313911 -0.4501937 1.786856
-0.1118275 -0.7788256 1.716396
0.05265051 -0.7636853 1.807209
-0.135727 -0.8264665 1.598312
0.06044475 -0.8298223 1.711961
9
0.01876748 -0.02731433 1.796288
-0.06684022 -0.02593416 1.755987
0.1034862 -0.02753417 1.758547
-0.08566525 -0.4367782 1.697608
0.08313911 -0.4501937 1.786856
-0.1118275 -0.7788256 1.716396
0.05265051 -0.7636853 1.807209
-0.135727 -0.8264665 1.598312
0.06044475 -0.8298223 1.711961
9
0.01876748 -0.02731433 1.796288
-0.06684022 -0.02593416 1.755987
0.1034862 -0.02753417 1.758547
-0.08566525 -0.4367782 1.697608
0.08313911 -0.4501937 1.786856
-0.1118275 -0.7788256 1.716396
0.05265051 -0.7636853 1.807209
-0.135727 -0.8264665 1.598312
0.06044475 -0.8298223 1.711961
9
0.01876748 -0.02731433 1.796288
-0.06684022 -0.02593416 1.755987
0.1034862 -0.02753417 1.758547
-0.08566525 -0.4367782 1.697608
0.08313911 -0.4501937 1.786856
-0.1118275 -0.7788256 1.716396
0.05265051 -0.7636853 1.807209
-0.135727 -0.8264665 1.598312
0.06044475 -0.8298223 1.711961
9
0.01876748 -0.02731433 1.796288
-0.06684022 -0.02593416 1.755987
0.1034862 -0.02753417 1.758547
-0.08566525 -0.4367782 1.697608
0.08313911 -0.4501937 1.786856
-0.1118275 -0.7788256 1.716396
0.05265051 -0.7636853 1.807209
-0.135727 -0.8264665 1.598312
0.06044475 -0.8298223 1.711961
9
0.01876748 -0.02731433 1.796288
-0.06684022 -0.02593416 1.755987
0.1034862 -0.02753417 1.758547
-0.08566525 -0.4367782 1.697608
0.08313911 -0.4501937 1.786856
-0.1118275 -0.7788256 1.716396
0.05265051 -0.7636853 1.807209
-0.135727 -0.8264665 1.598312
0.06044475 -0.8298223 1.711961
9
0.01876748 -0.02731433 1.796288
-0.06684022 -0.02593416 1.755987
0.1034862 -0.02753417 1.758547
-0.08566525 -0.4367782 1.697608
0.08313911 -0.4501937 1.786856
-0.1118275 -0.7788256 1.716396
0.05265051 -0.7636853 1.807209
-0.135727 -0.8264665 1.598312
0.06044475 -0.8298223 1.711961
9
-0.006989451 -0.02368931 1.774945
-0.09239708 -0.02153868 1.730826
0.07867812 -0.02473971 1.740836
-0.09339753 -0.4366929 1.701045
0.06859231 -0.4546043 1.777838
-0.1132388 -0.7781669 1.715405
0.05205167 -0.7647448 1.805405
-0.1424624 -0.8263552 1.600646
0.05949787 -0.8301647 1.709209
9
-0.006989451 -0.02368931 1.774945
-0.09239708 -0.02153868 1.730826
0.07867812 -0.02473971 1.740836
-0.09339753 -0.4366929 1.701045
0.06859231 -0.4546043 1.777838
-0.1132388 -0.7781669 1.715405
0.05205167 -0.7647448 1.805405
-0.1424624 -0.8263552 1.600646
0.05949787 -0.8301647 1.709209
9
-0.006989451 -0.02368931 1.774945
-0.09239708 -0.02153868 1.730826
0.07867812 -0.02473971 1.740836
-0.09339753 -0.4366929 1.701045
0.06859231 -0.4546043 1.777838
-0.1132388 -0.7781669 1.715405
0.05205167 -0.7647448 1.805405
-0.1424624 -0.8263552 1.600646
0.05949787 -0.8301647 1.709209
9
-0.006989451 -0.02368931 1.774945
-0.09239708 -0.02153868 1.730826
0.07867812 -0.02473971 1.740836
-0.09339753 -0.4366929 1.701045
0.06859231 -0.4546043 1.777838
-0.1132388 -0.7781669 1.715405
0.05205167 -0.7647448 1.805405
-0.1424624 -0.8263552 1.600646
0.05949787 -0.8301647 1.709209
9
-0.01356612 -0.02337559 1.770235
-0.09843488 -0.02149729 1.725209
0.07183403 -0.02419444 1.737107
-0.0978433 -0.436286 1.701956
0.06183438 -0.452104 1.775027
-0.1139895 -0.7782607 1.714827
0.05213947 -0.7649642 1.804878
-0.1489361 -0.828035 1.596337
0.05895994 -0.8288345 1.706639
9
-0.01356612 -0.02337559 1.770235
-0.09843488 -0.02149729 1.725209
0.07183403 -0.02419444 1.737107
-0.0978433 -0.436286 1.701956
0.06183438 -0.452104 1.775027
-0.1139895 -0.7782607 1.714827
0.05213947 -0.7649642 1.804878
-0.1489361 -0.828035 1.596337
0.05895994 -0.8288345 1.706639
9
-0.01356612 -0.02337559 1.770235
-0.09843488 -0.02149729 1.725209
0.07183403 -0.02419444 1.737107
-0.0978433 -0.436286 1.701956
0.06183438 -0.452104 1.775027
-0.1139895 -0.7782607 1.714827
0.05213947 -0.7649642 1.804878
-0.1489361 -0.828035 1.596337
0.05895994 -0.8288345 1.706639
9
-0.01356612 -0.02337559 1.770235
-0.09843488 -0.02149729 1.725209
0.07183403 -0.02419444 1.737107
-0.0978433 -0.436286 1.701956
0.06183438 -0.452104 1.775027
-0.1139895 -0.7782607 1.714827
0.05213947 -0.7649642 1.804878
-0.1489361 -0.828035 1.596337
0.05895994 -0.8288345 1.706639
9
-0.01356612 -0.02337559 1.770235
-0.09843488 -0.02149729 1.725209
0.07183403 -0.02419444 1.737107
-0.0978433 -0.436286 1.701956
0.06183438 -0.452104 1.775027
-0.1139895 -0.7782607 1.714827
0.05213947 -0.7649642 1.804878
-0.1489361 -0.828035 1.596337
0.05895994 -0.8288345 1.706639
9
-0.01356612 -0.02337559 1.770235
-0.09843488 -0.02149729 1.725209
0.07183403 -0.02419444 1.737107
-0.0978433 -0.436286 1.701956
0.06183438 -0.452104 1.775027
-0.1139895 -0.7782607 1.714827
0.05213947 -0.7649642 1.804878
-0.1489361 -0.828035 1.596337
0.05895994 -0.8288345 1.706639
9
-0.01356612 -0.02337559 1.770235
-0.09843488 -0.02149729 1.725209
0.07183403 -0.02419444 1.737107
-0.0978433 -0.436286 1.701956
0.06183438 -0.452104 1.775027
-0.1139895 -0.7782607 1.714827
0.05213947 -0.7649642 1.804878
-0.1489361 -0.828035 1.596337
0.05895994 -0.8288345 1.706639
9
-0.01356612 -0.02337559 1.770235
-0.09843488 -0.02149729 1.725209
0.07183403 -0.02419444 1.737107
-0.0978433 -0.436286 1.701956
0.06183438 -0.452104 1.775027
-0.1139895 -0.7782607 1.714827
0.05213947 -0.7649642 1.804878
-0.1489361 -0.828035 1.596337
0.05895994 -0.8288345 1.706639
9
-0.01356612 -0.02337559 1.770235
-0.09843488 -0.02149729 1.725209
0.07183403 -0.02419444 1.737107
-0.0978433 -0.436286 1.701956
0.06183438 -0.452104 1.775027
-0.1139895 -0.7782607 1.714827
0.05213947 -0.7649642 1.804878
-0.1489361 -0.828035 1.596337
0.05895994 -0.8288345 1.706639
9
-0.03734854 -0.0233424 1.758795
-0.1218919 -0.02390442 1.708938
0.0481725 -0.02191702 1.730032
-0.1092566 -0.4408523 1.702964
0.04727279 -0.4465822 1.764662
-0.1143451 -0.7782668 1.714768
0.0508171 -0.7643039 1.804085
-0.1494273 -0.8281958 1.596473
0.05667703 -0.8270268 1.704326
9
-0.03734854 -0.0233424 1.758795
-0.1218919 -0.02390442 1.708938
0.0481725 -0.02191702 1.730032
-0.1092566 -0.4408523 1.702964
0.04727279 -0.4465822 1.764662
-0.1143451 -0.7782668 1.714768
0.0508171 -0.7643039 1.804085
-0.1494273 -0.8281958 1.596473
0.05667703 -0.8270268 1.704326
9
-0.03734854 -0.0233424 1.758795
-0.1218919 -0.02390442 1.708938
0.0481725 -0.02191702 1.730032
-0.1092566 -0.4408523 1.702964
0.04727279 -0.4465822 1.764662
-0.1143451 -0.7782668 1.714768
0.0508171 -0.7643039 1.804085
-0.1494273 -0.8281958 1.596473
0.05667703 -0.8270268 1.704326
9
-0.03734854 -0.0233424 1.758795
-0.1218919 -0.02390442 1.708938
0.0481725 -0.02191702 1.730032
-0.1092566 -0.4408523 1.702964
0.04727279 -0.4465822 1.764662
-0.1143451 -0.7782668 1.714768
0.0508171 -0.7643039 1.804085
-0.1494273 -0.8281958 1.596473
0.05667703 -0.8270268 1.704326
9
-0.04438886 -0.0229897 1.756559
-0.1278791 -0.02388048 1.70636
0.04078811 -0.02117275 1.728523
-0.1179132 -0.44494 1.70601
0.03623641 -0.4431729 1.753061
-0.1150597 -0.7783386 1.714444
0.04631026 -0.7646398 1.801347
-0.1527658 -0.8293373 1.599151
0.05372737 -0.8222744 1.696147
9
-0.04438886 -0.0229897 1.756559
-0.1278791 -0.02388048 1.70636
0.04078811 -0.02117275 1.728523
-0.1179132 -0.44494 1.70601
0.03623641 -0.4431729 1.753061
-0.1150597 -0.7783386 1.714444
0.04631026 -0.7646398 1.801347
-0.1527658 -0.8293373 1.599151
0.05372737 -0.8222744 1.696147
9
-0.04438886 -0.0229897 1.756559
-0.1278791 -0.02388048 1.70636
0.04078811 -0.02117275 1.728523
-0.1179132 -0.44494 1.70601
0.03623641 -0.4431729 1.753061
-0.1150597 -0.7783386 1.714444
0.04631026 -0.7646398 1.801347
-0.1527658 -0.8293373 1.599151
0.05372737 -0.8222744 1.696147
9
-0.04438886 -0.0229897 1.756559
-0.1278791 -0.02388048 1.70636
0.04078811 -0.02117275 1.728523
-0.1179132 -0.44494 1.70601
0.03623641 -0.4431729 1.753061
-0.1150597 -0.7783386 1.714444
0.04631026 -0.7646398 1.801347
-0.1527658 -0.8293373 1.599151
0.05372737 -0.8222744 1.696147
9
-0.05486913 -0.02405074 1.754263
-0.1373833 -0.02554679 1.703798
0.02994697 -0.02149915 1.726699
-0.1277517 -0.4523193 1.711454
0.03062954 -0.4410983 1.74086
-0.1166491 -0.7779701 1.714925
0.04158803 -0.7647377 1.796332
-0.1602165 -0.830619 1.602089
0.03208165 -0.8202946 1.689149
9
-0.05486913 -0.02405074 1.754263
-0.1373833 -0.02554679 1.703798
0.02994697 -0.02149915 1.726699
-0.1277517 -0.4523193 1.711454
0.03062954 -0.4410983 1.74086
-0.1166491 -0.7779701 1.714925
0.04158803 -0.7647377 1.796332
-0.1602165 -0.830619 1.602089
0.03208165 -0.8202946 1.689149
9
-0.05486913 -0.02405074 1.754263
-0.1373833 -0.02554679 1.703798
0.02994697 -0.02149915 1.726699
-0.1277517 -0.4523193 1.711454
0.03062954 -0.4410983 1.74086
-0.1166491 -0.7779701 1.714925
0.04158803 -0.7647377 1.796332
-0.1602165 -0.830619 1.602089
0.03208165 -0.8202946 1.689149
9
-0.05790354 -0.02423897 1.754001
-0.1398481 -0.02618593 1.70338
0.02635975 -0.0211457 1.726665
-0.1311154 -0.45595 1.714516
0.03057595 -0.4389826 1.732569
-0.1169663 -0.777352 1.715188
0.03889248 -0.7636984 1.789768
-0.1676508 -0.8319629 1.599539
0.07680219 -0.8148678 1.688543
