40
9
0.1474164 -0.01653468 1.955375
0.06436718 -0.01280127 1.923519
0.2246452 -0.0196475 1.910077
0.005191674 -0.3976046 1.824222
0.2257609 -0.3985614 1.936216
-0.02620658 -0.7372913 1.859162
0.2046914 -0.7473871 1.974191
-0.06619771 -0.7976229 1.773042
0.2085184 -0.8064073 1.901443
9
0.1413114 -0.0172606 1.941966
0.05856178 -0.01383945 1.911189
0.2184518 -0.01998261 1.895541
-0.00829835 -0.4001137 1.81197
0.2231334 -0.3948483 1.924731
-0.05265867 -0.7280092 1.795623
0.2048452 -0.7462375 1.972466
-0.08673096 -0.7841797 1.708008
0.2084345 -0.8060889 1.90129
9
0.1413114 -0.0172606 1.941966
0.05856178 -0.01383945 1.911189
0.2184518 -0.01998261 1.895541
-0.00829835 -0.4001137 1.81197
0.2231334 -0.3948483 1.924731
-0.05265867 -0.7280092 1.795623
0.2048452 -0.7462375 1.972466
-0.08673096 -0.7841797 1.708008
0.2084345 -0.8060889 1.90129
9
0.1377975 -0.01777299 1.935041
0.0552866 -0.01485833 1.90498
0.21481 -0.01991971 1.887851
-0.01544457 -0.4031908 1.806814
0.2219477 -0.3938779 1.919684
-0.05787439 -0.7283176 1.785284
0.2042118 -0.7456465 1.971327
-0.09403544 -0.7838947 1.692615
0.2083938 -0.8059488 1.901197
9
0.1377975 -0.01777299 1.935041
0.0552866 -0.01485833 1.90498
0.21481 -0.01991971 1.887851
-0.01544457 -0.4031908 1.806814
0.2219477 -0.3938779 1.919684
-0.05787439 -0.7283176 1.785284
0.2042118 -0.7456465 1.971327
-0.09403544 -0.7838947 1.692615
0.2083938 -0.8059488 1.901197
9
0.1329932 -0.0185326 1.926007
0.05061176 -0.0164974 1.896695
0.2100355 -0.01973551 1.878023
-0.02507789 -0.4145952 1.800096
0.2200373 -0.3927086 1.91454
-0.07865962 -0.7362121 1.752877
0.2037175 -0.7453692 1.969434
-0.1076622 -0.7828549 1.656262
0.2083483 -0.8060444 1.900219
9
0.1329932 -0.0185326 1.926007
0.05061176 -0.0164974 1.896695
0.2100355 -0.01973551 1.878023
-0.02507789 -0.4145952 1.800096
0.2200373 -0.3927086 1.91454
-0.07865962 -0.7362121 1.752877
0.2037175 -0.7453692 1.969434
-0.1076622 -0.7828549 1.656262
0.2083483 -0.8060444 1.900219
9
0.1329932 -0.0185326 1.926007
0.05061176 -0.0164974 1.896695
0.2100355 -0.01973551 1.878023
-0.02507789 -0.4145952 1.800096
0.2200373 -0.3927086 1.91454
-0.07865962 -0.7362121 1.752877
0.2037175 -0.7453692 1.969434
-0.1076622 -0.7828549 1.656262
0.2083483 -0.8060444 1.900219
9
0.1289055 -0.01879414 1.919448
0.04654161 -0.01706177 1.890106
0.2061062 -0.01971815 1.871565
-0.02828953 -0.4132099 1.79669
0.2178211 -0.3928678 1.908976
-0.08139748 -0.7335153 1.742623
0.2034553 -0.7456657 1.969042
-0.1074321 -0.7791148 1.654267
0.2078129 -0.80617 1.899411
9
0.1289055 -0.01879414 1.919448
0.04654161 -0.01706177 1.890106
0.2061062 -0.01971815 1.871565
-0.02828953 -0.4132099 1.79669
0.2178211 -0.3928678 1.908976
-0.08139748 -0.7335153 1.742623
0.2034553 -0.7456657 1.969042
-0.1074321 -0.7791148 1.654267
0.2078129 -0.80617 1.899411
9
0.1289055 -0.01879414 1.919448
0.04654161 -0.01706177 1.890106
0.2061062 -0.01971815 1.871565
-0.02828953 -0.4132099 1.79669
0.2178211 -0.3928678 1.908976
-0.08139748 -0.7335153 1.742623
0.2034553 -0.7456657 1.969042
-0.1074321 -0.7791148 1.654267
0.2078129 -0.80617 1.899411
9
0.1111609 -0.02113508 1.899943
0.029529 -0.01997293 1.871271
0.1882966 -0.02140389 1.851371
-0.0382577 -0.4118544 1.785683
0.2113276 -0.3936704 1.898398
-0.08833945 -0.7304429 1.734344
0.2025689 -0.7463093 1.967103
-0.1082963 -0.7774724 1.650359
0.2077918 -0.8071901 1.898556
9
0.1111609 -0.02113508 1.899943
0.029529 -0.01997293 1.871271
0.1882966 -0.02140389 1.851371
-0.0382577 -0.4118544 1.785683
0.2113276 -0.3936704 1.898398
-0.08833945 -0.7304429 1.734344
0.2025689 -0.7463093 1.967103
-0.1082963 -0.7774724 1.650359
0.2077918 -0.8071901 1.898556
9
0.1035855 -0.02164604 1.892454
0.02191377 -0.0207104 1.863887
0.1810529 -0.0216803 1.843771
-0.04484836 -0.4071545 1.777562
0.2052667 -0.3919126 1.888529
-0.08984704 -0.7284204 1.732235
0.20193 -0.7456353 1.966056
-0.1084492 -0.7772379 1.64995
0.2075431 -0.8067711 1.898172
9
0.1035855 -0.02164604 1.892454
0.02191377 -0.0207104 1.863887
0.1810529 -0.0216803 1.843771
-0.04484836 -0.4071545 1.777562
0.2052667 -0.3919126 1.888529
-0.08984704 -0.7284204 1.732235
0.20193 -0.7456353 1.966056
-0.1084492 -0.7772379 1.64995
0.2075431 -0.8067711 1.898172
9
0.09350778 -0.02255991 1.882533
0.01205699 -0.02179099 1.853739
0.1711483 -0.02239604 1.83406
-0.05059911 -0.4047036 1.771401
0.2003365 -0.3923669 1.88243
-0.09124434 -0.7271316 1.730057
0.1997922 -0.7468812 1.96331
-0.1086265 -0.7771719 1.648923
0.2069587 -0.8083577 1.896783
9
0.09350778 -0.02255991 1.882533
0.01205699 -0.02179099 1.853739
0.1711483 -0.02239604 1.83406
-0.05059911 -0.4047036 1.771401
0.2003365 -0.3923669 1.88243
-0.09124434 -0.7271316 1.730057
0.1997922 -0.7468812 1.96331
-0.1086265 -0.7771719 1.648923
0.2069587 -0.8083577 1.896783
9
0.08007098 -0.02291554 1.872277
-0.0004299435 -0.02150269 1.843292
0.1572489 -0.02339858 1.823961
-0.05874167 -0.3977893 1.761561
0.1935204 -0.3947899 1.875709
-0.09169465 -0.7263176 1.728285
0.1979821 -0.7457737 1.96023
-0.1088112 -0.7772807 1.648352
0.206702 -0.8080986 1.896406
9
0.08007098 -0.02291554 1.872277
-0.0004299435 -0.02150269 1.843292
0.1572489 -0.02339858 1.823961
-0.05874167 -0.3977893 1.761561
0.1935204 -0.3947899 1.875709
-0.09169465 -0.7263176 1.728285
0.1979821 -0.7457737 1.96023
-0.1088112 -0.7772807 1.648352
0.206702 -0.8080986 1.896406
9
0.06707085 -0.02295432 1.863129
-0.01290169 -0.02106508 1.833591
0.1442637 -0.02389564 1.815347
-0.06685235 -0.399729 1.755498
0.1836659 -0.4043502 1.869469
-0.09323317 -0.7256538 1.725853
0.1963307 -0.7441264 1.957879
-0.1092605 -0.7780193 1.647586
0.2063694 -0.8068634 1.895734
9
0.06707085 -0.02295432 1.863129
-0.01290169 -0.02106508 1.833591
0.1442637 -0.02389564 1.815347
-0.06685235 -0.399729 1.755498
0.1836659 -0.4043502 1.869469
-0.09323317 -0.7256538 1.725853
0.1963307 -0.7441264 1.957879
-0.1092605 -0.7780193 1.647586
0.2063694 -0.8068634 1.895734
9
0.0524424 -0.02309557 1.853145
-0.02653027 -0.02148329 1.824834
0.1292311 -0.0237229 1.804047
-0.07868569 -0.3982165 1.747398
0.1720719 -0.4133483 1.862042
-0.09507648 -0.7265882 1.723781
0.1940528 -0.7437819 1.954961
-0.1110275 -0.7783051 1.644578
0.2065753 -0.8066765 1.894698
9
0.0524424 -0.02309557 1.853145
-0.02653027 -0.02148329 1.824834
0.1292311 -0.0237229 1.804047
-0.07868569 -0.3982165 1.747398
0.1720719 -0.4133483 1.862042
-0.09507648 -0.7265882 1.723781
0.1940528 -0.7437819 1.954961
-0.1110275 -0.7783051 1.644578
0.2065753 -0.8066765 1.894698
9
0.03768255 -0.02101928 1.844696
-0.04125462 -0.01957078 1.815844
0.1150929 -0.02158623 1.796177
-0.09064771 -0.3930652 1.740422
0.1644828 -0.4148399 1.856157
-0.09789471 -0.7275051 1.72178
0.1924693 -0.7443327 1.951846
-0.1118982 -0.779639 1.642541
0.2069229 -0.807752 1.894747
9
0.03768255 -0.02101928 1.844696
-0.04125462 -0.01957078 1.815844
0.1150929 -0.02158623 1.796177
-0.09064771 -0.3930652 1.740422
0.1644828 -0.4148399 1.856157
-0.09789471 -0.7275051 1.72178
0.1924693 -0.7443327 1.951846
-0.1118982 -0.779639 1.642541
0.2069229 -0.807752 1.894747
9
0.02236568 -0.02075555 1.835549
-0.05691715 -0.01912632 1.805987
0.1007368 -0.02150146 1.787716
-0.1000885 -0.3953237 1.737736
0.1543266 -0.4150869 1.847203
-0.09980367 -0.7283853 1.720567
0.1912408 -0.7439723 1.948938
-0.113139 -0.7806662 1.641374
0.2085132 -0.8063313 1.890701
9
0.02236568 -0.02075555 1.835549
-0.05691715 -0.01912632 1.805987
0.1007368 -0.02150146 1.787716
-0.1000885 -0.3953237 1.737736
0.1543266 -0.4150869 1.847203
-0.09980367 -0.7283853 1.720567
0.1912408 -0.7439723 1.948938
-0.113139 -0.7806662 1.641374
0.2085132 -0.8063313 1.890701
9
0.009774408 -0.02136632 1.828725
-0.06879976 -0.01953827 1.799039
0.08796811 -0.02229105 1.781038
-0.1085705 -0.3931704 1.736346
0.1463874 -0.4154598 1.839069
-0.1034608 -0.7284248 1.720194
0.191506 -0.7452251 1.943985
-0.114313 -0.7822859 1.642677
0.2093443 -0.8075813 1.886452
9
0.009774408 -0.02136632 1.828725
-0.06879976 -0.01953827 1.799039
0.08796811 -0.02229105 1.781038
-0.1085705 -0.3931704 1.736346
0.1463874 -0.4154598 1.839069
-0.1034608 -0.7284248 1.720194
0.191506 -0.7452251 1.943985
-0.114313 -0.7822859 1.642677
0.2093443 -0.8075813 1.886452
9
-0.004387805 -0.02169915 1.821994
-0.08335051 -0.01952809 1.79132
0.07476465 -0.02292809 1.77524
-0.1164602 -0.3906367 1.73556
0.1392667 -0.4174945 1.830023
-0.1059555 -0.7304741 1.72092
0.1918616 -0.7446457 1.938555
-0.1154942 -0.78434 1.64311
0.2091121 -0.8082218 1.885078
9
-0.004387805 -0.02169915 1.821994
-0.08335051 -0.01952809 1.79132
0.07476465 -0.02292809 1.77524
-0.1164602 -0.3906367 1.73556
0.1392667 -0.4174945 1.830023
-0.1059555 -0.7304741 1.72092
0.1918616 -0.7446457 1.938555
-0.1154942 -0.78434 1.64311
0.2091121 -0.8082218 1.885078
9
-0.01531075 -0.02132185 1.816302
-0.09446953 -0.01904908 1.784781
0.0645202 -0.02266992 1.770383
-0.1228575 -0.3885461 1.735492
0.1323267 -0.417238 1.816658
-0.1072268 -0.7298781 1.720277
0.1907677 -0.7442181 1.931386
-0.1164473 -0.7845786 1.643728
0.2082786 -0.8084438 1.881413
9
-0.01531075 -0.02132185 1.816302
-0.09446953 -0.01904908 1.784781
0.0645202 -0.02266992 1.770383
-0.1228575 -0.3885461 1.735492
0.1323267 -0.417238 1.816658
-0.1072268 -0.7298781 1.720277
0.1907677 -0.7442181 1.931386
-0.1164473 -0.7845786 1.643728
0.2082786 -0.8084438 1.881413
9
-0.0254215 -0.02049766 1.811359
-0.1045896 -0.0183786 1.779471
0.0548744 -0.02173868 1.765842
-0.1300592 -0.3874407 1.7347
0.1244704 -0.4143005 1.802536
-0.1080051 -0.7294333 1.720132
0.1851809 -0.7441486 1.925552
-0.1167146 -0.7842878 1.643694
0.2062066 -0.8079473 1.879182
9
-0.0254215 -0.02049766 1.811359
-0.1045896 -0.0183786 1.779471
0.0548744 -0.02173868 1.765842
-0.1300592 -0.3874407 1.7347
0.1244704 -0.4143005 1.802536
-0.1080051 -0.7294333 1.720132
0.1851809 -0.7441486 1.925552
-0.1167146 -0.7842878 1.643694
0.2062066 -0.8079473 1.879182
9
-0.03349645 -0.0196802 1.807852
-0.1138766 -0.01796669 1.774662
0.04819413 -0.02062505 1.763462
-0.1339945 -0.3872133 1.733496
0.1132399 -0.4053437 1.784028
-0.1096379 -0.7293605 1.719959
0.1715893 -0.7443995 1.916741
-0.1168658 -0.7845168 1.643673
0.2026362 -0.8049181 1.875191
9
-0.03349645 -0.0196802 1.807852
-0.1138766 -0.01796669 1.774662
0.04819413 -0.02062505 1.763462
-0.1339945 -0.3872133 1.733496
0.1132399 -0.4053437 1.784028
-0.1096379 -0.7293605 1.719959
0.1715893 -0.7443995 1.916741
-0.1168658 -0.7845168 1.643673
0.2026362 -0.8049181 1.875191
9
-0.0403076 -0.01845413 1.804496
-0.1206203 -0.01761658 1.771019
0.04164992 -0.01855264 1.760465
-0.1376842 -0.3872631 1.732391
0.1025943 -0.3998361 1.773797
-0.1100852 -0.7296881 1.719977
0.1572659 -0.7416824 1.908354
-0.117453 -0.7844706 1.643115
0.1875033 -0.8026882 1.867075
9
-0.0403076 -0.01845413 1.804496
-0.1206203 -0.01761658 1.771019
0.04164992 -0.01855264 1.760465
-0.1376842 -0.3872631 1.732391
0.1025943 -0.3998361 1.773797
-0.1100852 -0.7296881 1.719977
0.1572659 -0.7416824 1.908354
-0.117453 -0.7844706 1.643115
0.1875033 -0.8026882 1.867075
9
-0.04639167 -0.01707826 1.80182
-0.1266894 -0.01694943 1.767944
0.03582142 -0.01651378 1.758221
-0.1407758 -0.3866696 1.731907
0.09468337 -0.3983476 1.767538
-0.1106623 -0.729791 1.719524
0.1363578 -0.7400653 1.901743
-0.117523 -0.7848101 1.642954
0.160448 -0.8031683 1.856348
