40
9
-0.05477594 -0.02303742 1.717092
-0.1387268 -0.0292013 1.674385
0.03145278 -0.01596746 1.682152
-0.1464994 -0.4256873 1.674568
0.07211959 -0.4066623 1.6891
-0.1435898 -0.7771545 1.671994
0.09150065 -0.7487839 1.777455
-0.2044825 -0.8325281 1.5617
0.1250997 -0.8231575 1.712298
9
-0.05477594 -0.02303742 1.717092
-0.1387268 -0.0292013 1.674385
0.03145278 -0.01596746 1.682152
-0.1464994 -0.4256873 1.674568
0.07211959 -0.4066623 1.6891
-0.1435898 -0.7771545 1.671994
0.09150065 -0.7487839 1.777455
-0.2044825 -0.8325281 1.5617
0.1250997 -0.8231575 1.712298
9
-0.05553127 -0.02307658 1.718407
-0.139704 -0.02942326 1.676711
0.03097736 -0.01588615 1.682701
-0.1472813 -0.427322 1.676361
0.06928584 -0.409265 1.695264
-0.143515 -0.77696 1.67193
0.08850411 -0.7503482 1.795694
-0.2087818 -0.8334009 1.562522
0.1201622 -0.8223674 1.722484
9
-0.05593415 -0.02324537 1.720308
-0.1401712 -0.02991188 1.679853
0.03071691 -0.01582596 1.683544
-0.1473814 -0.4278894 1.677267
0.06804181 -0.4077137 1.700087
-0.1435241 -0.7770476 1.672034
0.08611914 -0.7494714 1.810889
-0.2058248 -0.8325654 1.56178
0.1143769 -0.8220517 1.736089
9
-0.05593415 -0.02324537 1.720308
-0.1401712 -0.02991188 1.679853
0.03071691 -0.01582596 1.683544
-0.1473814 -0.4278894 1.677267
0.06804181 -0.4077137 1.700087
-0.1435241 -0.7770476 1.672034
0.08611914 -0.7494714 1.810889
-0.2058248 -0.8325654 1.56178
0.1143769 -0.8220517 1.736089
9
-0.05593415 -0.02324537 1.720308
-0.1401712 -0.02991188 1.679853
0.03071691 -0.01582596 1.683544
-0.1473814 -0.4278894 1.677267
0.06804181 -0.4077137 1.700087
-0.1435241 -0.7770476 1.672034
0.08611914 -0.7494714 1.810889
-0.2058248 -0.8325654 1.56178
0.1143769 -0.8220517 1.736089
9
-0.05593415 -0.02324537 1.720308
-0.1401712 -0.02991188 1.679853
0.03071691 -0.01582596 1.683544
-0.1473814 -0.4278894 1.677267
0.06804181 -0.4077137 1.700087
-0.1435241 -0.7770476 1.672034
0.08611914 -0.7494714 1.810889
-0.2058248 -0.8325654 1.56178
0.1143769 -0.8220517 1.736089
9
-0.05593415 -0.02324537 1.720308
-0.1401712 -0.02991188 1.679853
0.03071691 -0.01582596 1.683544
-0.1473814 -0.4278894 1.677267
0.06804181 -0.4077137 1.700087
-0.1435241 -0.7770476 1.672034
0.08611914 -0.7494714 1.810889
-0.2058248 -0.8325654 1.56178
0.1143769 -0.8220517 1.736089
9
-0.05410242 -0.02467731 1.726775
-0.1379236 -0.03122209 1.68825
0.03208291 -0.01710556 1.68793
-0.1471167 -0.4322336 1.682929
0.06831286 -0.4174292 1.726891
-0.1444165 -0.7774855 1.6723
0.08340779 -0.7516156 1.845586
-0.1983096 -0.8313844 1.55974
0.1113495 -0.8249027 1.771533
9
-0.05410242 -0.02467731 1.726775
-0.1379236 -0.03122209 1.68825
0.03208291 -0.01710556 1.68793
-0.1471167 -0.4322336 1.682929
0.06831286 -0.4174292 1.726891
-0.1444165 -0.7774855 1.6723
0.08340779 -0.7516156 1.845586
-0.1983096 -0.8313844 1.55974
0.1113495 -0.8249027 1.771533
9
-0.05410242 -0.02467731 1.726775
-0.1379236 -0.03122209 1.68825
0.03208291 -0.01710556 1.68793
-0.1471167 -0.4322336 1.682929
0.06831286 -0.4174292 1.726891
-0.1444165 -0.7774855 1.6723
0.08340779 -0.7516156 1.845586
-0.1983096 -0.8313844 1.55974
0.1113495 -0.8249027 1.771533
9
-0.05410242 -0.02467731 1.726775
-0.1379236 -0.03122209 1.68825
0.03208291 -0.01710556 1.68793
-0.1471167 -0.4322336 1.682929
0.06831286 -0.4174292 1.726891
-0.1444165 -0.7774855 1.6723
0.08340779 -0.7516156 1.845586
-0.1983096 -0.8313844 1.55974
0.1113495 -0.8249027 1.771533
9
-0.04152007 -0.02899143 1.748353
-0.1247572 -0.03434632 1.714167
0.04348231 -0.02213686 1.705088
-0.1426734 -0.431293 1.691258
0.07979868 -0.4258062 1.765961
-0.1450097 -0.7771215 1.672762
0.09271225 -0.7495246 1.864802
-0.1756556 -0.8231521 1.56713
0.1113904 -0.8244637 1.788304
9
-0.04152007 -0.02899143 1.748353
-0.1247572 -0.03434632 1.714167
0.04348231 -0.02213686 1.705088
-0.1426734 -0.431293 1.691258
0.07979868 -0.4258062 1.765961
-0.1450097 -0.7771215 1.672762
0.09271225 -0.7495246 1.864802
-0.1756556 -0.8231521 1.56713
0.1113904 -0.8244637 1.788304
9
-0.04152007 -0.02899143 1.748353
-0.1247572 -0.03434632 1.714167
0.04348231 -0.02213686 1.705088
-0.1426734 -0.431293 1.691258
0.07979868 -0.4258062 1.765961
-0.1450097 -0.7771215 1.672762
0.09271225 -0.7495246 1.864802
-0.1756556 -0.8231521 1.56713
0.1113904 -0.8244637 1.788304
9
-0.03612176 -0.03021933 1.756384
-0.1201376 -0.03500422 1.721691
0.04944588 -0.02400684 1.713341
-0.1386968 -0.4353466 1.696677
0.0806448 -0.4285184 1.771378
-0.1451005 -0.7778663 1.673316
0.09420152 -0.7501071 1.869593
-0.1724796 -0.8232473 1.565697
0.11074 -0.8237855 1.789508
9
-0.03039179 -0.03092534 1.765139
-0.1143765 -0.03528973 1.731346
0.05490734 -0.02511108 1.721138
-0.135383 -0.4385107 1.700994
0.08148316 -0.4282404 1.777862
-0.1450495 -0.777961 1.673585
0.09403528 -0.7519764 1.873003
-0.1727021 -0.8228371 1.56566
0.1094241 -0.8254366 1.792064
9
-0.03039179 -0.03092534 1.765139
-0.1143765 -0.03528973 1.731346
0.05490734 -0.02511108 1.721138
-0.135383 -0.4385107 1.700994
0.08148316 -0.4282404 1.777862
-0.1450495 -0.777961 1.673585
0.09403528 -0.7519764 1.873003
-0.1727021 -0.8228371 1.56566
0.1094241 -0.8254366 1.792064
9
-0.03039179 -0.03092534 1.765139
-0.1143765 -0.03528973 1.731346
0.05490734 -0.02511108 1.721138
-0.135383 -0.4385107 1.700994
0.08148316 -0.4282404 1.777862
-0.1450495 -0.777961 1.673585
0.09403528 -0.7519764 1.873003
-0.1727021 -0.8228371 1.56566
0.1094241 -0.8254366 1.792064
9
-0.03039179 -0.03092534 1.765139
-0.1143765 -0.03528973 1.731346
0.05490734 -0.02511108 1.721138
-0.135383 -0.4385107 1.700994
0.08148316 -0.4282404 1.777862
-0.1450495 -0.777961 1.673585
0.09403528 -0.7519764 1.873003
-0.1727021 -0.8228371 1.56566
0.1094241 -0.8254366 1.792064
9
-0.01487141 -0.03391796 1.784927
-0.0991599 -0.03714286 1.752755
0.07010056 -0.02913883 1.739302
-0.1291241 -0.4401641 1.706687
0.08654395 -0.4265097 1.795455
-0.1446811 -0.7772977 1.675397
0.0946396 -0.7530039 1.876436
-0.1722185 -0.8221269 1.566533
0.1078119 -0.825865 1.793608
9
-0.01487141 -0.03391796 1.784927
-0.0991599 -0.03714286 1.752755
0.07010056 -0.02913883 1.739302
-0.1291241 -0.4401641 1.706687
0.08654395 -0.4265097 1.795455
-0.1446811 -0.7772977 1.675397
0.0946396 -0.7530039 1.876436
-0.1722185 -0.8221269 1.566533
0.1078119 -0.825865 1.793608
9
-0.01487141 -0.03391796 1.784927
-0.0991599 -0.03714286 1.752755
0.07010056 -0.02913883 1.739302
-0.1291241 -0.4401641 1.706687
0.08654395 -0.4265097 1.795455
-0.1446811 -0.7772977 1.675397
0.0946396 -0.7530039 1.876436
-0.1722185 -0.8221269 1.566533
0.1078119 -0.825865 1.793608
9
-0.01487141 -0.03391796 1.784927
-0.0991599 -0.03714286 1.752755
0.07010056 -0.02913883 1.739302
-0.1291241 -0.4401641 1.706687
0.08654395 -0.4265097 1.795455
-0.1446811 -0.7772977 1.675397
0.0946396 -0.7530039 1.876436
-0.1722185 -0.8221269 1.566533
0.1078119 -0.825865 1.793608
9
0.001131943 -0.03480955 1.806491
-0.08306424 -0.03905711 1.77775
0.08530314 -0.0291415 1.757618
-0.1191274 -0.4465995 1.715872
0.09462446 -0.4245604 1.814986
-0.1440013 -0.7766668 1.675203
0.09401615 -0.7532373 1.881089
-0.1715224 -0.8223566 1.565816
0.1056924 -0.8262388 1.798009
9
0.001131943 -0.03480955 1.806491
-0.08306424 -0.03905711 1.77775
0.08530314 -0.0291415 1.757618
-0.1191274 -0.4465995 1.715872
0.09462446 -0.4245604 1.814986
-0.1440013 -0.7766668 1.675203
0.09401615 -0.7532373 1.881089
-0.1715224 -0.8223566 1.565816
0.1056924 -0.8262388 1.798009
9
0.001131943 -0.03480955 1.806491
-0.08306424 -0.03905711 1.77775
0.08530314 -0.0291415 1.757618
-0.1191274 -0.4465995 1.715872
0.09462446 -0.4245604 1.814986
-0.1440013 -0.7766668 1.675203
0.09401615 -0.7532373 1.881089
-0.1715224 -0.8223566 1.565816
0.1056924 -0.8262388 1.798009
9
0.001131943 -0.03480955 1.806491
-0.08306424 -0.03905711 1.77775
0.08530314 -0.0291415 1.757618
-0.1191274 -0.4465995 1.715872
0.09462446 -0.4245604 1.814986
-0.1440013 -0.7766668 1.675203
0.09401615 -0.7532373 1.881089
-0.1715224 -0.8223566 1.565816
0.1056924 -0.8262388 1.798009
9
0.01820824 -0.03661361 1.826655
-0.06660636 -0.04072524 1.798572
0.1021881 -0.03094968 1.776806
-0.1100691 -0.4584233 1.724255
0.1025769 -0.4249212 1.831288
-0.1445822 -0.7783683 1.674761
0.09435098 -0.7551023 1.885601
-0.1680604 -0.8234155 1.562274
0.1049285 -0.8269889 1.800267
9
0.02387149 -0.03669929 1.833874
-0.06150517 -0.04096198 1.805279
0.1082628 -0.03086887 1.784594
-0.1066422 -0.4597401 1.727336
0.1054103 -0.4243261 1.838054
-0.1439967 -0.7788821 1.67101
0.09448343 -0.7554541 1.886919
-0.1635982 -0.8221253 1.557794
0.1047892 -0.8269048 1.800776
9
0.02387149 -0.03669929 1.833874
-0.06150517 -0.04096198 1.805279
0.1082628 -0.03086887 1.784594
-0.1066422 -0.4597401 1.727336
0.1054103 -0.4243261 1.838054
-0.1439967 -0.7788821 1.67101
0.09448343 -0.7554541 1.886919
-0.1635982 -0.8221253 1.557794
0.1047892 -0.8269048 1.800776
9
0.03048871 -0.03622738 1.843313
-0.05457426 -0.04001578 1.815724
0.1143187 -0.03086063 1.79307
-0.1029984 -0.4595761 1.729994
0.1083465 -0.4241433 1.844252
-0.1438553 -0.7789246 1.671062
0.0948812 -0.7554087 1.888796
-0.1618527 -0.8214762 1.557179
0.1041414 -0.8284569 1.805157
9
0.03048871 -0.03622738 1.843313
-0.05457426 -0.04001578 1.815724
0.1143187 -0.03086063 1.79307
-0.1029984 -0.4595761 1.729994
0.1083465 -0.4241433 1.844252
-0.1438553 -0.7789246 1.671062
0.0948812 -0.7554087 1.888796
-0.1618527 -0.8214762 1.557179
0.1041414 -0.8284569 1.805157
9
0.03582246 -0.03687651 1.851657
-0.04954012 -0.04066087 1.823996
0.119718 -0.03151143 1.801435
-0.09978051 -0.4615252 1.733552
0.1138655 -0.4289516 1.854365
-0.1437216 -0.7809613 1.67103
0.09512366 -0.755971 1.89075
-0.1613746 -0.8217921 1.555685
0.1022254 -0.8314656 1.8113
9
0.03582246 -0.03687651 1.851657
-0.04954012 -0.04066087 1.823996
0.119718 -0.03151143 1.801435
-0.09978051 -0.4615252 1.733552
0.1138655 -0.4289516 1.854365
-0.1437216 -0.7809613 1.67103
0.09512366 -0.755971 1.89075
-0.1613746 -0.8217921 1.555685
0.1022254 -0.8314656 1.8113
9
0.04090822 -0.03697414 1.859673
-0.04412033 -0.04029295 1.833378
0.124294 -0.03202682 1.808211
-0.09689288 -0.4596779 1.737166
0.1163958 -0.4302904 1.859008
-0.1436191 -0.7808948 1.671077
0.09487633 -0.7564682 1.892344
-0.1611687 -0.8213543 1.55578
0.1020483 -0.8307721 1.810571
9
0.04090822 -0.03697414 1.859673
-0.04412033 -0.04029295 1.833378
0.124294 -0.03202682 1.808211
-0.09689288 -0.4596779 1.737166
0.1163958 -0.4302904 1.859008
-0.1436191 -0.7808948 1.671077
0.09487633 -0.7564682 1.892344
-0.1611687 -0.8213543 1.55578
0.1020483 -0.8307721 1.810571
9
0.04590764 -0.03700075 1.867506
-0.03932008 -0.0399549 1.841195
0.1292632 -0.03245838 1.815974
-0.09445196 -0.457279 1.74136
0.118252 -0.4318029 1.86362
-0.1398171 -0.7760891 1.680187
0.09509298 -0.7565036 1.893663
-0.1617338 -0.8198479 1.559266
0.1019532 -0.8304625 1.811166
9
0.04590764 -0.03700075 1.867506
-0.03932008 -0.0399549 1.841195
0.1292632 -0.03245838 1.815974
-0.09445196 -0.457279 1.74136
0.118252 -0.4318029 1.86362
-0.1398171 -0.7760891 1.680187
0.09509298 -0.7565036 1.893663
-0.1617338 -0.8198479 1.559266
0.1019532 -0.8304625 1.811166
9
0.04590764 -0.03700075 1.867506
-0.03932008 -0.0399549 1.841195
0.1292632 -0.03245838 1.815974
-0.09445196 -0.457279 1.74136
0.118252 -0.4318029 1.86362
-0.1398171 -0.7760891 1.680187
0.09509298 -0.7565036 1.893663
-0.1617338 -0.8198479 1.559266
0.1019532 -0.8304625 1.811166
