40
9
-0.1850837 -0.2441626 1.873852
-0.2631281 -0.2409682 1.842533
-0.09960078 -0.2375928 1.830086
-0.2616559 -0.6355394 1.864892
-0.04447638 -0.6284543 1.78566
-0.2455437 -0.9609315 1.850776
0.0378785 -0.9660411 1.929915
-0.2501819 -1.035643 1.773498
0.06755193 -1.034945 1.849394
9
-0.1850837 -0.2441626 1.873852
-0.2631281 -0.2409682 1.842533
-0.09960078 -0.2375928 1.830086
-0.2616559 -0.6355394 1.864892
-0.04447638 -0.6284543 1.78566
-0.2455437 -0.9609315 1.850776
0.0378785 -0.9660411 1.929915
-0.2501819 -1.035643 1.773498
0.06755193 -1.034945 1.849394
9
-0.1850837 -0.2441626 1.873852
-0.2631281 -0.2409682 1.842533
-0.09960078 -0.2375928 1.830086
-0.2616559 -0.6355394 1.864892
-0.04447638 -0.6284543 1.78566
-0.2455437 -0.9609315 1.850776
0.0378785 -0.9660411 1.929915
-0.2501819 -1.035643 1.773498
0.06755193 -1.034945 1.849394
9
-0.1850837 -0.2441626 1.873852
-0.2631281 -0.2409682 1.842533
-0.09960078 -0.2375928 1.830086
-0.2616559 -0.6355394 1.864892
-0.04447638 -0.6284543 1.78566
-0.2455437 -0.9609315 1.850776
0.0378785 -0.9660411 1.929915
-0.2501819 -1.035643 1.773498
0.06755193 -1.034945 1.849394
9
-0.1850837 -0.2441626 1.873852
-0.2631281 -0.2409682 1.842533
-0.09960078 -0.2375928 1.830086
-0.2616559 -0.6355394 1.864892
-0.04447638 -0.6284543 1.78566
-0.2455437 -0.9609315 1.850776
0.0378785 -0.9660411 1.929915
-0.2501819 -1.035643 1.773498
0.06755193 -1.034945 1.849394
9
-0.1961609 -0.24274 1.85425
-0.2753708 -0.2403858 1.818513
-0.1090531 -0.2354583 1.814536
-0.2672233 -0.6337197 1.856328
-0.06063364 -0.6321607 1.755949
-0.2459902 -0.9612111 1.849775
-0.006668517 -0.9718868 1.837388
-0.2503183 -1.036316 1.773275
0.0005684989 -1.043785 1.755009
9
-0.1961609 -0.24274 1.85425
-0.2753708 -0.2403858 1.818513
-0.1090531 -0.2354583 1.814536
-0.2672233 -0.6337197 1.856328
-0.06063364 -0.6321607 1.755949
-0.2459902 -0.9612111 1.849775
-0.006668517 -0.9718868 1.837388
-0.2503183 -1.036316 1.773275
0.0005684989 -1.043785 1.755009
9
-0.1961609 -0.24274 1.85425
-0.2753708 -0.2403858 1.818513
-0.1090531 -0.2354583 1.814536
-0.2672233 -0.6337197 1.856328
-0.06063364 -0.6321607 1.755949
-0.2459902 -0.9612111 1.849775
-0.006668517 -0.9718868 1.837388
-0.2503183 -1.036316 1.773275
0.0005684989 -1.043785 1.755009
9
-0.1961609 -0.24274 1.85425
-0.2753708 -0.2403858 1.818513
-0.1090531 -0.2354583 1.814536
-0.2672233 -0.6337197 1.856328
-0.06063364 -0.6321607 1.755949
-0.2459902 -0.9612111 1.849775
-0.006668517 -0.9718868 1.837388
-0.2503183 -1.036316 1.773275
0.0005684989 -1.043785 1.755009
9
-0.1961609 -0.24274 1.85425
-0.2753708 -0.2403858 1.818513
-0.1090531 -0.2354583 1.814536
-0.2672233 -0.6337197 1.856328
-0.06063364 -0.6321607 1.755949
-0.2459902 -0.9612111 1.849775
-0.006668517 -0.9718868 1.837388
-0.2503183 -1.036316 1.773275
0.0005684989 -1.043785 1.755009
9
-0.1961609 -0.24274 1.85425
-0.2753708 -0.2403858 1.818513
-0.1090531 -0.2354583 1.814536
-0.2672233 -0.6337197 1.856328
-0.06063364 -0.6321607 1.755949
-0.2459902 -0.9612111 1.849775
-0.006668517 -0.9718868 1.837388
-0.2503183 -1.036316 1.773275
0.0005684989 -1.043785 1.755009
9
-0.2036288 -0.2424259 1.840026
-0.2821787 -0.2415724 1.804342
-0.1167265 -0.2334756 1.800674
-0.2695955 -0.6353307 1.845374
-0.06554785 -0.6375813 1.744399
-0.2463685 -0.9621142 1.84807
-0.02998654 -0.9506154 1.768911
-0.2509086 -1.037783 1.772882
-0.03579592 -0.9790844 1.625227
9
-0.2036288 -0.2424259 1.840026
-0.2821787 -0.2415724 1.804342
-0.1167265 -0.2334756 1.800674
-0.2695955 -0.6353307 1.845374
-0.06554785 -0.6375813 1.744399
-0.2463685 -0.9621142 1.84807
-0.02998654 -0.9506154 1.768911
-0.2509086 -1.037783 1.772882
-0.03579592 -0.9790844 1.625227
9
-0.2036288 -0.2424259 1.840026
-0.2821787 -0.2415724 1.804342
-0.1167265 -0.2334756 1.800674
-0.2695955 -0.6353307 1.845374
-0.06554785 -0.6375813 1.744399
-0.2463685 -0.9621142 1.84807
-0.02998654 -0.9506154 1.768911
-0.2509086 -1.037783 1.772882
-0.03579592 -0.9790844 1.625227
9
-0.2036288 -0.2424259 1.840026
-0.2821787 -0.2415724 1.804342
-0.1167265 -0.2334756 1.800674
-0.2695955 -0.6353307 1.845374
-0.06554785 -0.6375813 1.744399
-0.2463685 -0.9621142 1.84807
-0.02998654 -0.9506154 1.768911
-0.2509086 -1.037783 1.772882
-0.03579592 -0.9790844 1.625227
9
-0.2073347 -0.2409289 1.830727
-0.286222 -0.2408468 1.793264
-0.1199457 -0.2313158 1.793027
-0.2715235 -0.6340298 1.837127
-0.07226618 -0.6322091 1.732242
-0.2467129 -0.9626079 1.845659
-0.03069166 -0.9438676 1.75367
-0.2525499 -1.038738 1.771852
-0.03453492 -0.972279 1.609886
9
-0.2073347 -0.2409289 1.830727
-0.286222 -0.2408468 1.793264
-0.1199457 -0.2313158 1.793027
-0.2715235 -0.6340298 1.837127
-0.07226618 -0.6322091 1.732242
-0.2467129 -0.9626079 1.845659
-0.03069166 -0.9438676 1.75367
-0.2525499 -1.038738 1.771852
-0.03453492 -0.972279 1.609886
9
-0.2084568 -0.2400609 1.825297
-0.2872221 -0.2403325 1.787296
-0.1210918 -0.2300878 1.788236
-0.2728999 -0.6332363 1.831422
-0.0737405 -0.6308612 1.726758
-0.2467241 -0.9628362 1.844796
-0.03013775 -0.9415435 1.747465
-0.2530452 -1.039118 1.77148
-0.03265249 -0.9699696 1.603655
9
-0.2084568 -0.2400609 1.825297
-0.2872221 -0.2403325 1.787296
-0.1210918 -0.2300878 1.788236
-0.2728999 -0.6332363 1.831422
-0.0737405 -0.6308612 1.726758
-0.2467241 -0.9628362 1.844796
-0.03013775 -0.9415435 1.747465
-0.2530452 -1.039118 1.77148
-0.03265249 -0.9699696 1.603655
9
-0.2084568 -0.2400609 1.825297
-0.2872221 -0.2403325 1.787296
-0.1210918 -0.2300878 1.788236
-0.2728999 -0.6332363 1.831422
-0.0737405 -0.6308612 1.726758
-0.2467241 -0.9628362 1.844796
-0.03013775 -0.9415435 1.747465
-0.2530452 -1.039118 1.77148
-0.03265249 -0.9699696 1.603655
9
-0.2084568 -0.2400609 1.825297
-0.2872221 -0.2403325 1.787296
-0.1210918 -0.2300878 1.788236
-0.2728999 -0.6332363 1.831422
-0.0737405 -0.6308612 1.726758
-0.2467241 -0.9628362 1.844796
-0.03013775 -0.9415435 1.747465
-0.2530452 -1.039118 1.77148
-0.03265249 -0.9699696 1.603655
9
-0.2084568 -0.2400609 1.825297
-0.2872221 -0.2403325 1.787296
-0.1210918 -0.2300878 1.788236
-0.2728999 -0.6332363 1.831422
-0.0737405 -0.6308612 1.726758
-0.2467241 -0.9628362 1.844796
-0.03013775 -0.9415435 1.747465
-0.2530452 -1.039118 1.77148
-0.03265249 -0.9699696 1.603655
9
-0.2084568 -0.2400609 1.825297
-0.2872221 -0.2403325 1.787296
-0.1210918 -0.2300878 1.788236
-0.2728999 -0.6332363 1.831422
-0.0737405 -0.6308612 1.726758
-0.2467241 -0.9628362 1.844796
-0.03013775 -0.9415435 1.747465
-0.2530452 -1.039118 1.77148
-0.03265249 -0.9699696 1.603655
9
-0.2057048 -0.239322 1.813128
-0.2843239 -0.2395321 1.772814
-0.1185726 -0.2293138 1.778311
-0.2741264 -0.6318956 1.821032
-0.07133521 -0.6270036 1.714249
-0.2464232 -0.9629761 1.843878
-0.02153427 -0.9303262 1.724478
-0.2527963 -1.039418 1.770966
-0.0195637 -0.958872 1.580698
9
-0.2057048 -0.239322 1.813128
-0.2843239 -0.2395321 1.772814
-0.1185726 -0.2293138 1.778311
-0.2741264 -0.6318956 1.821032
-0.07133521 -0.6270036 1.714249
-0.2464232 -0.9629761 1.843878
-0.02153427 -0.9303262 1.724478
-0.2527963 -1.039418 1.770966
-0.0195637 -0.958872 1.580698
9
-0.2037561 -0.2390448 1.808261
-0.2824039 -0.2388899 1.767807
-0.1166648 -0.2293458 1.773691
-0.2745302 -0.6277518 1.813565
-0.06921577 -0.6215358 1.707744
-0.2461565 -0.9625588 1.843117
-0.02041703 -0.9279901 1.720361
-0.2529203 -1.039623 1.771786
-0.01816657 -0.9566978 1.576651
9
-0.2037561 -0.2390448 1.808261
-0.2824039 -0.2388899 1.767807
-0.1166648 -0.2293458 1.773691
-0.2745302 -0.6277518 1.813565
-0.06921577 -0.6215358 1.707744
-0.2461565 -0.9625588 1.843117
-0.02041703 -0.9279901 1.720361
-0.2529203 -1.039623 1.771786
-0.01816657 -0.9566978 1.576651
9
-0.2037561 -0.2390448 1.808261
-0.2824039 -0.2388899 1.767807
-0.1166648 -0.2293458 1.773691
-0.2745302 -0.6277518 1.813565
-0.06921577 -0.6215358 1.707744
-0.2461565 -0.9625588 1.843117
-0.02041703 -0.9279901 1.720361
-0.2529203 -1.039623 1.771786
-0.01816657 -0.9566978 1.576651
9
-0.2037561 -0.2390448 1.808261
-0.2824039 -0.2388899 1.767807
-0.1166648 -0.2293458 1.773691
-0.2745302 -0.6277518 1.813565
-0.06921577 -0.6215358 1.707744
-0.2461565 -0.9625588 1.843117
-0.02041703 -0.9279901 1.720361
-0.2529203 -1.039623 1.771786
-0.01816657 -0.9566978 1.576651
9
-0.2037561 -0.2390448 1.808261
-0.2824039 -0.2388899 1.767807
-0.1166648 -0.2293458 1.773691
-0.2745302 -0.6277518 1.813565
-0.06921577 -0.6215358 1.707744
-0.2461565 -0.9625588 1.843117
-0.02041703 -0.9279901 1.720361
-0.2529203 -1.039623 1.771786
-0.01816657 -0.9566978 1.576651
9
-0.2037561 -0.2390448 1.808261
-0.2824039 -0.2388899 1.767807
-0.1166648 -0.2293458 1.773691
-0.2745302 -0.6277518 1.813565
-0.06921577 -0.6215358 1.707744
-0.2461565 -0.9625588 1.843117
-0.02041703 -0.9279901 1.720361
-0.2529203 -1.039623 1.771786
-0.01816657 -0.9566978 1.576651
9
-0.2037561 -0.2390448 1.808261
-0.2824039 -0.2388899 1.767807
-0.1166648 -0.2293458 1.773691
-0.2745302 -0.6277518 1.813565
-0.06921577 -0.6215358 1.707744
-0.2461565 -0.9625588 1.843117
-0.02041703 -0.9279901 1.720361
-0.2529203 -1.039623 1.771786
-0.01816657 -0.9566978 1.576651
9
-0.2037561 -0.2390448 1.808261
-0.2824039 -0.2388899 1.767807
-0.1166648 -0.2293458 1.773691
-0.2745302 -0.6277518 1.813565
-0.06921577 -0.6215358 1.707744
-0.2461565 -0.9625588 1.843117
-0.02041703 -0.9279901 1.720361
-0.2529203 -1.039623 1.771786
-0.01816657 -0.9566978 1.576651
9
-0.2037561 -0.2390448 1.808261
-0.2824039 -0.2388899 1.767807
-0.1166648 -0.2293458 1.773691
-0.2745302 -0.6277518 1.813565
-0.06921577 -0.6215358 1.707744
-0.2461565 -0.9625588 1.843117
-0.02041703 -0.9279901 1.720361
-0.2529203 -1.039623 1.771786
-0.01816657 -0.9566978 1.576651
9
-0.1567008 -0.2420761 1.7631
-0.2361003 -0.2380264 1.719308
-0.07061551 -0.2358129 1.731834
-0.2529871 -0.6062216 1.762291
-0.02025696 -0.6027842 1.680048
-0.241904 -0.9490446 1.830192
0.02226661 -0.9177008 1.701019
-0.2288793 -0.9782416 1.686682
-0.02286993 -0.989818 1.647632
9
-0.1567008 -0.2420761 1.7631
-0.2361003 -0.2380264 1.719308
-0.07061551 -0.2358129 1.731834
-0.2529871 -0.6062216 1.762291
-0.02025696 -0.6027842 1.680048
-0.241904 -0.9490446 1.830192
0.02226661 -0.9177008 1.701019
-0.2288793 -0.9782416 1.686682
-0.02286993 -0.989818 1.647632
9
-0.1483641 -0.2421243 1.758409
-0.2273158 -0.2378208 1.713853
-0.06304058 -0.2360631 1.72783
-0.2491009 -0.6072986 1.757801
-0.0185205 -0.6016905 1.679051
-0.2415026 -0.9492673 1.829237
0.02232459 -0.9172601 1.700976
-0.2270943 -0.9784464 1.685845
-0.02039804 -0.9902897 1.646492
9
-0.1363001 -0.2425591 1.752641
-0.2153441 -0.2376163 1.707589
-0.05139358 -0.2370758 1.722539
-0.240847 -0.6112698 1.749794
-0.008427052 -0.6097261 1.677092
-0.2402884 -0.9507356 1.827795
0.02243158 -0.9172224 1.701002
-0.2481265 -1.033789 1.777121
-0.01633015 -0.9916355 1.645036
9
-0.1363001 -0.2425591 1.752641
-0.2153441 -0.2376163 1.707589
-0.05139358 -0.2370758 1.722539
-0.240847 -0.6112698 1.749794
-0.008427052 -0.6097261 1.677092
-0.2402884 -0.9507356 1.827795
0.02243158 -0.9172224 1.701002
-0.2481265 -1.033789 1.777121
-0.01633015 -0.9916355 1.645036
9
-0.1363001 -0.2425591 1.752641
-0.2153441 -0.2376163 1.707589
-0.05139358 -0.2370758 1.722539
-0.240847 -0.6112698 1.749794
-0.008427052 -0.6097261 1.677092
-0.2402884 -0.9507356 1.827795
0.02243158 -0.9172224 1.701002
-0.2481265 -1.033789 1.777121
-0.01633015 -0.9916355 1.645036
