40
9
-0.09074589 -0.02985102 1.985578
-0.1723388 -0.03847225 1.950479
-0.005539355 -0.02006238 1.942693
-0.1860063 -0.4158764 1.922161
0.05298914 -0.4169564 1.937964
-0.1778799 -0.7703285 1.911498
0.08541392 -0.7550195 1.983639
-0.2118396 -0.8296027 1.82036
0.1090674 -0.8278425 1.905395
9
-0.09074589 -0.02985102 1.985578
-0.1723388 -0.03847225 1.950479
-0.005539355 -0.02006238 1.942693
-0.1860063 -0.4158764 1.922161
0.05298914 -0.4169564 1.937964
-0.1778799 -0.7703285 1.911498
0.08541392 -0.7550195 1.983639
-0.2118396 -0.8296027 1.82036
0.1090674 -0.8278425 1.905395
9
-0.09074589 -0.02985102 1.985578
-0.1723388 -0.03847225 1.950479
-0.005539355 -0.02006238 1.942693
-0.1860063 -0.4158764 1.922161
0.05298914 -0.4169564 1.937964
-0.1778799 -0.7703285 1.911498
0.08541392 -0.7550195 1.983639
-0.2118396 -0.8296027 1.82036
0.1090674 -0.8278425 1.905395
9
-0.09074589 -0.02985102 1.985578
-0.1723388 -0.03847225 1.950479
-0.005539355 -0.02006238 1.942693
-0.1860063 -0.4158764 1.922161
0.05298914 -0.4169564 1.937964
-0.1778799 -0.7703285 1.911498
0.08541392 -0.7550195 1.983639
-0.2118396 -0.8296027 1.82036
0.1090674 -0.8278425 1.905395
9
-0.06837557 -0.03339681 1.991016
-0.1511157 -0.0408456 1.956256
0.01713153 -0.02468104 1.947724
-0.1750106 -0.4196547 1.919904
0.06032259 -0.4179005 1.949175
-0.1775631 -0.7703888 1.911294
0.08448397 -0.755531 1.988706
-0.2114676 -0.8290763 1.81936
0.1086335 -0.827076 1.90819
9
-0.06837557 -0.03339681 1.991016
-0.1511157 -0.0408456 1.956256
0.01713153 -0.02468104 1.947724
-0.1750106 -0.4196547 1.919904
0.06032259 -0.4179005 1.949175
-0.1775631 -0.7703888 1.911294
0.08448397 -0.755531 1.988706
-0.2114676 -0.8290763 1.81936
0.1086335 -0.827076 1.90819
9
-0.06028065 -0.03378803 1.993558
-0.1427856 -0.04078438 1.959403
0.02468207 -0.0254662 1.949692
-0.1677036 -0.4253411 1.918846
0.06584955 -0.4215299 1.955222
-0.1766523 -0.7709886 1.911407
0.08444016 -0.7558414 1.990615
-0.2112488 -0.8299616 1.820306
0.1088509 -0.8268658 1.90926
9
-0.06028065 -0.03378803 1.993558
-0.1427856 -0.04078438 1.959403
0.02468207 -0.0254662 1.949692
-0.1677036 -0.4253411 1.918846
0.06584955 -0.4215299 1.955222
-0.1766523 -0.7709886 1.911407
0.08444016 -0.7558414 1.990615
-0.2112488 -0.8299616 1.820306
0.1088509 -0.8268658 1.90926
9
-0.06028065 -0.03378803 1.993558
-0.1427856 -0.04078438 1.959403
0.02468207 -0.0254662 1.949692
-0.1677036 -0.4253411 1.918846
0.06584955 -0.4215299 1.955222
-0.1766523 -0.7709886 1.911407
0.08444016 -0.7558414 1.990615
-0.2112488 -0.8299616 1.820306
0.1088509 -0.8268658 1.90926
9
-0.06028065 -0.03378803 1.993558
-0.1427856 -0.04078438 1.959403
0.02468207 -0.0254662 1.949692
-0.1677036 -0.4253411 1.918846
0.06584955 -0.4215299 1.955222
-0.1766523 -0.7709886 1.911407
0.08444016 -0.7558414 1.990615
-0.2112488 -0.8299616 1.820306
0.1088509 -0.8268658 1.90926
9
-0.03992184 -0.03489156 1.999184
-0.12296 -0.04072227 1.964844
0.04474337 -0.02771023 1.955463
-0.1591953 -0.4276913 1.915292
0.07388964 -0.4244851 1.962911
-0.1750366 -0.7719459 1.911533
0.08484706 -0.7565526 1.991753
-0.2112328 -0.829956 1.820288
0.1088888 -0.8268919 1.908969
9
-0.03992184 -0.03489156 1.999184
-0.12296 -0.04072227 1.964844
0.04474337 -0.02771023 1.955463
-0.1591953 -0.4276913 1.915292
0.07388964 -0.4244851 1.962911
-0.1750366 -0.7719459 1.911533
0.08484706 -0.7565526 1.991753
-0.2112328 -0.829956 1.820288
0.1088888 -0.8268919 1.908969
9
-0.03097235 -0.03598809 2.001826
-0.1145101 -0.04093179 1.96724
0.05388303 -0.02970187 1.958365
-0.1526537 -0.4350054 1.913629
0.07914972 -0.42335 1.967534
-0.173735 -0.7732893 1.911443
0.08504157 -0.7564452 1.994428
-0.211464 -0.8304227 1.820193
0.1089642 -0.8259825 1.910151
9
-0.03097235 -0.03598809 2.001826
-0.1145101 -0.04093179 1.96724
0.05388303 -0.02970187 1.958365
-0.1526537 -0.4350054 1.913629
0.07914972 -0.42335 1.967534
-0.173735 -0.7732893 1.911443
0.08504157 -0.7564452 1.994428
-0.211464 -0.8304227 1.820193
0.1089642 -0.8259825 1.910151
9
-0.0233346 -0.03587269 2.004957
-0.1069997 -0.04069944 1.969808
0.06131233 -0.02968826 1.962056
-0.1488717 -0.4346728 1.913069
0.08365067 -0.4226843 1.971567
-0.1727477 -0.7742209 1.911703
0.0864055 -0.7572589 1.996424
-0.2114469 -0.830664 1.820303
0.1098983 -0.8254195 1.909678
9
-0.0233346 -0.03587269 2.004957
-0.1069997 -0.04069944 1.969808
0.06131233 -0.02968826 1.962056
-0.1488717 -0.4346728 1.913069
0.08365067 -0.4226843 1.971567
-0.1727477 -0.7742209 1.911703
0.0864055 -0.7572589 1.996424
-0.2114469 -0.830664 1.820303
0.1098983 -0.8254195 1.909678
9
-0.01565031 -0.03619472 2.007228
-0.09930517 -0.04077728 1.971667
0.06867298 -0.0302279 1.964725
-0.1447589 -0.4353475 1.912921
0.08875582 -0.4243006 1.976725
-0.1722253 -0.774404 1.911638
0.0875698 -0.7584684 1.997858
-0.2112939 -0.8312187 1.820984
0.109903 -0.826022 1.909645
9
-0.01565031 -0.03619472 2.007228
-0.09930517 -0.04077728 1.971667
0.06867298 -0.0302279 1.964725
-0.1447589 -0.4353475 1.912921
0.08875582 -0.4243006 1.976725
-0.1722253 -0.774404 1.911638
0.0875698 -0.7584684 1.997858
-0.2112939 -0.8312187 1.820984
0.109903 -0.826022 1.909645
9
-0.007774877 -0.03664667 2.01021
-0.09139793 -0.04116919 1.974812
0.07617739 -0.03071202 1.96753
-0.1404947 -0.4367613 1.914286
0.09279115 -0.4241724 1.979627
-0.1711383 -0.7745633 1.911998
0.08764707 -0.7584826 1.999606
-0.2109906 -0.8321703 1.822973
0.1099337 -0.8261464 1.911522
9
-0.007774877 -0.03664667 2.01021
-0.09139793 -0.04116919 1.974812
0.07617739 -0.03071202 1.96753
-0.1404947 -0.4367613 1.914286
0.09279115 -0.4241724 1.979627
-0.1711383 -0.7745633 1.911998
0.08764707 -0.7584826 1.999606
-0.2109906 -0.8321703 1.822973
0.1099337 -0.8261464 1.911522
9
-0.007774877 -0.03664667 2.01021
-0.09139793 -0.04116919 1.974812
0.07617739 -0.03071202 1.96753
-0.1404947 -0.4367613 1.914286
0.09279115 -0.4241724 1.979627
-0.1711383 -0.7745633 1.911998
0.08764707 -0.7584826 1.999606
-0.2109906 -0.8321703 1.822973
0.1099337 -0.8261464 1.911522
9
-0.007774877 -0.03664667 2.01021
-0.09139793 -0.04116919 1.974812
0.07617739 -0.03071202 1.96753
-0.1404947 -0.4367613 1.914286
0.09279115 -0.4241724 1.979627
-0.1711383 -0.7745633 1.911998
0.08764707 -0.7584826 1.999606
-0.2109906 -0.8321703 1.822973
0.1099337 -0.8261464 1.911522
9
-0.007774877 -0.03664667 2.01021
-0.09139793 -0.04116919 1.974812
0.07617739 -0.03071202 1.96753
-0.1404947 -0.4367613 1.914286
0.09279115 -0.4241724 1.979627
-0.1711383 -0.7745633 1.911998
0.08764707 -0.7584826 1.999606
-0.2109906 -0.8321703 1.822973
0.1099337 -0.8261464 1.911522
9
-0.007774877 -0.03664667 2.01021
-0.09139793 -0.04116919 1.974812
0.07617739 -0.03071202 1.96753
-0.1404947 -0.4367613 1.914286
0.09279115 -0.4241724 1.979627
-0.1711383 -0.7745633 1.911998
0.08764707 -0.7584826 1.999606
-0.2109906 -0.8321703 1.822973
0.1099337 -0.8261464 1.911522
9
-0.007774877 -0.03664667 2.01021
-0.09139793 -0.04116919 1.974812
0.07617739 -0.03071202 1.96753
-0.1404947 -0.4367613 1.914286
0.09279115 -0.4241724 1.979627
-0.1711383 -0.7745633 1.911998
0.08764707 -0.7584826 1.999606
-0.2109906 -0.8321703 1.822973
0.1099337 -0.8261464 1.911522
9
0.009936658 -0.03672688 2.017095
-0.07427268 -0.03995569 1.980281
0.09393247 -0.03214568 1.975955
-0.1286555 -0.4486145 1.924028
0.1009335 -0.4206519 1.983708
-0.1705924 -0.7749109 1.91236
0.08798911 -0.758436 2.000125
-0.2106167 -0.8316598 1.822342
0.1102672 -0.8263937 1.91249
9
0.009936658 -0.03672688 2.017095
-0.07427268 -0.03995569 1.980281
0.09393247 -0.03214568 1.975955
-0.1286555 -0.4486145 1.924028
0.1009335 -0.4206519 1.983708
-0.1705924 -0.7749109 1.91236
0.08798911 -0.758436 2.000125
-0.2106167 -0.8316598 1.822342
0.1102672 -0.8263937 1.91249
9
0.01573148 -0.03719025 2.019485
-0.06837767 -0.03963368 1.98206
0.09942294 -0.0333782 1.978963
-0.1252224 -0.4480503 1.926673
0.104556 -0.4222777 1.985838
-0.1702511 -0.7745865 1.912763
0.08787822 -0.7595226 2.001695
-0.2104549 -0.8313286 1.822859
0.1113106 -0.8259317 1.912249
9
0.01573148 -0.03719025 2.019485
-0.06837767 -0.03963368 1.98206
0.09942294 -0.0333782 1.978963
-0.1252224 -0.4480503 1.926673
0.104556 -0.4222777 1.985838
-0.1702511 -0.7745865 1.912763
0.08787822 -0.7595226 2.001695
-0.2104549 -0.8313286 1.822859
0.1113106 -0.8259317 1.912249
9
0.01573148 -0.03719025 2.019485
-0.06837767 -0.03963368 1.98206
0.09942294 -0.0333782 1.978963
-0.1252224 -0.4480503 1.926673
0.104556 -0.4222777 1.985838
-0.1702511 -0.7745865 1.912763
0.08787822 -0.7595226 2.001695
-0.2104549 -0.8313286 1.822859
0.1113106 -0.8259317 1.912249
9
0.01573148 -0.03719025 2.019485
-0.06837767 -0.03963368 1.98206
0.09942294 -0.0333782 1.978963
-0.1252224 -0.4480503 1.926673
0.104556 -0.4222777 1.985838
-0.1702511 -0.7745865 1.912763
0.08787822 -0.7595226 2.001695
-0.2104549 -0.8313286 1.822859
0.1113106 -0.8259317 1.912249
9
0.01573148 -0.03719025 2.019485
-0.06837767 -0.03963368 1.98206
0.09942294 -0.0333782 1.978963
-0.1252224 -0.4480503 1.926673
0.104556 -0.4222777 1.985838
-0.1702511 -0.7745865 1.912763
0.08787822 -0.7595226 2.001695
-0.2104549 -0.8313286 1.822859
0.1113106 -0.8259317 1.912249
9
0.01573148 -0.03719025 2.019485
-0.06837767 -0.03963368 1.98206
0.09942294 -0.0333782 1.978963
-0.1252224 -0.4480503 1.926673
0.104556 -0.4222777 1.985838
-0.1702511 -0.7745865 1.912763
0.08787822 -0.7595226 2.001695
-0.2104549 -0.8313286 1.822859
0.1113106 -0.8259317 1.912249
9
0.02622746 -0.03735733 2.023449
-0.05823077 -0.03901954 1.984617
0.1098653 -0.03434393 1.984403
-0.1207112 -0.4542972 1.932928
0.1101556 -0.4233763 1.989041
-0.1697645 -0.7744847 1.913874
0.08862971 -0.7596498 2.001649
-0.2099966 -0.8302447 1.82272
0.1132991 -0.8256986 1.912269
9
0.02622746 -0.03735733 2.023449
-0.05823077 -0.03901954 1.984617
0.1098653 -0.03434393 1.984403
-0.1207112 -0.4542972 1.932928
0.1101556 -0.4233763 1.989041
-0.1697645 -0.7744847 1.913874
0.08862971 -0.7596498 2.001649
-0.2099966 -0.8302447 1.82272
0.1132991 -0.8256986 1.912269
9
0.02622746 -0.03735733 2.023449
-0.05823077 -0.03901954 1.984617
0.1098653 -0.03434393 1.984403
-0.1207112 -0.4542972 1.932928
0.1101556 -0.4233763 1.989041
-0.1697645 -0.7744847 1.913874
0.08862971 -0.7596498 2.001649
-0.2099966 -0.8302447 1.82272
0.1132991 -0.8256986 1.912269
9
0.02622746 -0.03735733 2.023449
-0.05823077 -0.03901954 1.984617
0.1098653 -0.03434393 1.984403
-0.1207112 -0.4542972 1.932928
0.1101556 -0.4233763 1.989041
-0.1697645 -0.7744847 1.913874
0.08862971 -0.7596498 2.001649
-0.2099966 -0.8302447 1.82272
0.1132991 -0.8256986 1.912269
9
0.03186385 -0.03687715 2.025467
-0.05220804 -0.03798116 1.985718
0.1149709 -0.03438862 1.987305
-0.1180944 -0.4540826 1.934374
0.1137216 -0.4232966 1.990627
-0.1689368 -0.7707673 1.915628
0.08922923 -0.7598305 2.002247
-0.20862 -0.8279284 1.824406
0.1151994 -0.8257414 1.913319
9
0.03481168 -0.03723679 2.026097
-0.04936424 -0.03799078 1.986225
0.117814 -0.03508021 1.988017
-0.1164793 -0.4557883 1.936162
0.1171422 -0.4191393 1.991683
-0.1688312 -0.7705201 1.915924
0.08960296 -0.7598521 2.002666
-0.208742 -0.8277697 1.823649
0.1156633 -0.8254339 1.913298
9
0.03481168 -0.03723679 2.026097
-0.04936424 -0.03799078 1.986225
0.117814 -0.03508021 1.988017
-0.1164793 -0.4557883 1.936162
0.1171422 -0.4191393 1.991683
-0.1688312 -0.7705201 1.915924
0.08960296 -0.7598521 2.002666
-0.208742 -0.8277697 1.823649
0.1156633 -0.8254339 1.913298
