40
9
0.1527699 -0.03137488 1.792834
0.06536102 -0.0274159 1.763633
0.2337718 -0.03369452 1.743725
-0.005344272 -0.4191374 1.707772
0.2436155 -0.4076475 1.754958
-0.05512293 -0.7643149 1.748597
0.2147056 -0.7473869 1.768193
-0.1075435 -0.8171251 1.642786
0.2180024 -0.8121263 1.67196
9
0.1527699 -0.03137488 1.792834
0.06536102 -0.0274159 1.763633
0.2337718 -0.03369452 1.743725
-0.005344272 -0.4191374 1.707772
0.2436155 -0.4076475 1.754958
-0.05512293 -0.7643149 1.748597
0.2147056 -0.7473869 1.768193
-0.1075435 -0.8171251 1.642786
0.2180024 -0.8121263 1.67196
9
0.1527699 -0.03137488 1.792834
0.06536102 -0.0274159 1.763633
0.2337718 -0.03369452 1.743725
-0.005344272 -0.4191374 1.707772
0.2436155 -0.4076475 1.754958
-0.05512293 -0.7643149 1.748597
0.2147056 -0.7473869 1.768193
-0.1075435 -0.8171251 1.642786
0.2180024 -0.8121263 1.67196
9
0.1526259 -0.0316756 1.790877
0.06466157 -0.02767443 1.76018
0.2338961 -0.03398475 1.742949
-0.01172068 -0.4263434 1.6991
0.2435443 -0.4075926 1.755051
-0.08889499 -0.7724582 1.706385
0.2146655 -0.7474169 1.768275
-0.1320801 -0.8242188 1.592773
0.2181952 -0.8128013 1.672913
9
0.1526259 -0.0316756 1.790877
0.06466157 -0.02767443 1.76018
0.2338961 -0.03398475 1.742949
-0.01172068 -0.4263434 1.6991
0.2435443 -0.4075926 1.755051
-0.08889499 -0.7724582 1.706385
0.2146655 -0.7474169 1.768275
-0.1320801 -0.8242188 1.592773
0.2181952 -0.8128013 1.672913
9
0.1526259 -0.0316756 1.790877
0.06466157 -0.02767443 1.76018
0.2338961 -0.03398475 1.742949
-0.01172068 -0.4263434 1.6991
0.2435443 -0.4075926 1.755051
-0.08889499 -0.7724582 1.706385
0.2146655 -0.7474169 1.768275
-0.1320801 -0.8242188 1.592773
0.2181952 -0.8128013 1.672913
9
0.1526259 -0.0316756 1.790877
0.06466157 -0.02767443 1.76018
0.2338961 -0.03398475 1.742949
-0.01172068 -0.4263434 1.6991
0.2435443 -0.4075926 1.755051
-0.08889499 -0.7724582 1.706385
0.2146655 -0.7474169 1.768275
-0.1320801 -0.8242188 1.592773
0.2181952 -0.8128013 1.672913
9
0.1526259 -0.0316756 1.790877
0.06466157 -0.02767443 1.76018
0.2338961 -0.03398475 1.742949
-0.01172068 -0.4263434 1.6991
0.2435443 -0.4075926 1.755051
-0.08889499 -0.7724582 1.706385
0.2146655 -0.7474169 1.768275
-0.1320801 -0.8242188 1.592773
0.2181952 -0.8128013 1.672913
9
0.1504463 -0.03222853 1.786745
0.06168907 -0.02790185 1.754353
0.2325433 -0.03474716 1.740585
-0.02407838 -0.4360432 1.690545
0.2423166 -0.4069718 1.755183
-0.09894492 -0.7690094 1.695695
0.2147646 -0.7473227 1.76805
-0.145173 -0.8210254 1.576168
0.2185081 -0.8115829 1.67126
9
0.1504463 -0.03222853 1.786745
0.06168907 -0.02790185 1.754353
0.2325433 -0.03474716 1.740585
-0.02407838 -0.4360432 1.690545
0.2423166 -0.4069718 1.755183
-0.09894492 -0.7690094 1.695695
0.2147646 -0.7473227 1.76805
-0.145173 -0.8210254 1.576168
0.2185081 -0.8115829 1.67126
9
0.1504463 -0.03222853 1.786745
0.06168907 -0.02790185 1.754353
0.2325433 -0.03474716 1.740585
-0.02407838 -0.4360432 1.690545
0.2423166 -0.4069718 1.755183
-0.09894492 -0.7690094 1.695695
0.2147646 -0.7473227 1.76805
-0.145173 -0.8210254 1.576168
0.2185081 -0.8115829 1.67126
9
0.1443019 -0.03280018 1.780022
0.0547394 -0.0285613 1.745056
0.2275753 -0.0353407 1.736444
-0.0356312 -0.4411664 1.684345
0.238975 -0.405952 1.754855
-0.1232735 -0.7684094 1.670283
0.2147591 -0.7473388 1.767884
-0.1631736 -0.8228045 1.549524
0.2182052 -0.8111734 1.670522
9
0.1443019 -0.03280018 1.780022
0.0547394 -0.0285613 1.745056
0.2275753 -0.0353407 1.736444
-0.0356312 -0.4411664 1.684345
0.238975 -0.405952 1.754855
-0.1232735 -0.7684094 1.670283
0.2147591 -0.7473388 1.767884
-0.1631736 -0.8228045 1.549524
0.2182052 -0.8111734 1.670522
9
0.1443019 -0.03280018 1.780022
0.0547394 -0.0285613 1.745056
0.2275753 -0.0353407 1.736444
-0.0356312 -0.4411664 1.684345
0.238975 -0.405952 1.754855
-0.1232735 -0.7684094 1.670283
0.2147591 -0.7473388 1.767884
-0.1631736 -0.8228045 1.549524
0.2182052 -0.8111734 1.670522
9
0.1443019 -0.03280018 1.780022
0.0547394 -0.0285613 1.745056
0.2275753 -0.0353407 1.736444
-0.0356312 -0.4411664 1.684345
0.238975 -0.405952 1.754855
-0.1232735 -0.7684094 1.670283
0.2147591 -0.7473388 1.767884
-0.1631736 -0.8228045 1.549524
0.2182052 -0.8111734 1.670522
9
0.1327244 -0.03319194 1.769841
0.04365517 -0.02935469 1.733268
0.2161166 -0.03546819 1.728292
-0.04434035 -0.4380454 1.679129
0.2319116 -0.4042954 1.753402
-0.134893 -0.7798344 1.670083
0.2147426 -0.7472444 1.767597
-0.1634853 -0.8230559 1.549143
0.2174738 -0.8121545 1.671523
9
0.1327244 -0.03319194 1.769841
0.04365517 -0.02935469 1.733268
0.2161166 -0.03546819 1.728292
-0.04434035 -0.4380454 1.679129
0.2319116 -0.4042954 1.753402
-0.134893 -0.7798344 1.670083
0.2147426 -0.7472444 1.767597
-0.1634853 -0.8230559 1.549143
0.2174738 -0.8121545 1.671523
9
0.1264783 -0.03290077 1.764531
0.03756982 -0.02936033 1.727021
0.2098941 -0.03494775 1.723982
-0.04765012 -0.4357224 1.677615
0.2268682 -0.4021489 1.751974
-0.1356615 -0.7798074 1.670602
0.2146394 -0.7472839 1.767575
-0.16297 -0.822973 1.549315
0.2173581 -0.8126396 1.672083
9
0.1264783 -0.03290077 1.764531
0.03756982 -0.02936033 1.727021
0.2098941 -0.03494775 1.723982
-0.04765012 -0.4357224 1.677615
0.2268682 -0.4021489 1.751974
-0.1356615 -0.7798074 1.670602
0.2146394 -0.7472839 1.767575
-0.16297 -0.822973 1.549315
0.2173581 -0.8126396 1.672083
9
0.1207001 -0.03264441 1.760527
0.03173352 -0.02935377 1.721566
0.2042944 -0.03449153 1.721301
-0.05008699 -0.43552 1.677003
0.2206272 -0.4056138 1.750878
-0.135177 -0.7798908 1.67064
0.2141839 -0.7471647 1.76733
-0.1661849 -0.8238892 1.546938
0.2172991 -0.8125967 1.671984
9
0.1207001 -0.03264441 1.760527
0.03173352 -0.02935377 1.721566
0.2042944 -0.03449153 1.721301
-0.05008699 -0.43552 1.677003
0.2206272 -0.4056138 1.750878
-0.135177 -0.7798908 1.67064
0.2141839 -0.7471647 1.76733
-0.1661849 -0.8238892 1.546938
0.2172991 -0.8125967 1.671984
9
0.1207001 -0.03264441 1.760527
0.03173352 -0.02935377 1.721566
0.2042944 -0.03449153 1.721301
-0.05008699 -0.43552 1.677003
0.2206272 -0.4056138 1.750878
-0.135177 -0.7798908 1.67064
0.2141839 -0.7471647 1.76733
-0.1661849 -0.8238892 1.546938
0.2172991 -0.8125967 1.671984
9
0.1207001 -0.03264441 1.760527
0.03173352 -0.02935377 1.721566
0.2042944 -0.03449153 1.721301
-0.05008699 -0.43552 1.677003
0.2206272 -0.4056138 1.750878
-0.135177 -0.7798908 1.67064
0.2141839 -0.7471647 1.76733
-0.1661849 -0.8238892 1.546938
0.2172991 -0.8125967 1.671984
9
0.1037338 -0.03262889 1.751059
0.01564001 -0.0304317 1.710667
0.1871433 -0.03339277 1.713424
-0.05828401 -0.4354206 1.678098
0.2048765 -0.4173266 1.747896
-0.1356149 -0.7801119 1.671314
0.2128889 -0.7477591 1.766785
-0.1656358 -0.8243534 1.550206
0.2170061 -0.8125684 1.670772
9
0.1037338 -0.03262889 1.751059
0.01564001 -0.0304317 1.710667
0.1871433 -0.03339277 1.713424
-0.05828401 -0.4354206 1.678098
0.2048765 -0.4173266 1.747896
-0.1356149 -0.7801119 1.671314
0.2128889 -0.7477591 1.766785
-0.1656358 -0.8243534 1.550206
0.2170061 -0.8125684 1.670772
9
0.1037338 -0.03262889 1.751059
0.01564001 -0.0304317 1.710667
0.1871433 -0.03339277 1.713424
-0.05828401 -0.4354206 1.678098
0.2048765 -0.4173266 1.747896
-0.1356149 -0.7801119 1.671314
0.2128889 -0.7477591 1.766785
-0.1656358 -0.8243534 1.550206
0.2170061 -0.8125684 1.670772
9
0.1037338 -0.03262889 1.751059
0.01564001 -0.0304317 1.710667
0.1871433 -0.03339277 1.713424
-0.05828401 -0.4354206 1.678098
0.2048765 -0.4173266 1.747896
-0.1356149 -0.7801119 1.671314
0.2128889 -0.7477591 1.766785
-0.1656358 -0.8243534 1.550206
0.2170061 -0.8125684 1.670772
9
0.08272211 -0.03126519 1.741577
-0.005093962 -0.02938648 1.698935
0.1667148 -0.03176131 1.706146
-0.07063036 -0.433599 1.67988
0.1938401 -0.4204451 1.744188
-0.1375369 -0.7806142 1.671832
0.2114606 -0.7478263 1.765967
-0.167382 -0.8237301 1.552472
0.2162533 -0.8131836 1.670775
9
0.08272211 -0.03126519 1.741577
-0.005093962 -0.02938648 1.698935
0.1667148 -0.03176131 1.706146
-0.07063036 -0.433599 1.67988
0.1938401 -0.4204451 1.744188
-0.1375369 -0.7806142 1.671832
0.2114606 -0.7478263 1.765967
-0.167382 -0.8237301 1.552472
0.2162533 -0.8131836 1.670775
9
0.08272211 -0.03126519 1.741577
-0.005093962 -0.02938648 1.698935
0.1667148 -0.03176131 1.706146
-0.07063036 -0.433599 1.67988
0.1938401 -0.4204451 1.744188
-0.1375369 -0.7806142 1.671832
0.2114606 -0.7478263 1.765967
-0.167382 -0.8237301 1.552472
0.2162533 -0.8131836 1.670775
9
0.08272211 -0.03126519 1.741577
-0.005093962 -0.02938648 1.698935
0.1667148 -0.03176131 1.706146
-0.07063036 -0.433599 1.67988
0.1938401 -0.4204451 1.744188
-0.1375369 -0.7806142 1.671832
0.2114606 -0.7478263 1.765967
-0.167382 -0.8237301 1.552472
0.2162533 -0.8131836 1.670775
9
0.06186635 -0.03072891 1.734021
-0.02433069 -0.0292561 1.690712
0.1452177 -0.03081225 1.699398
-0.08666552 -0.4388601 1.680304
0.1820227 -0.4226227 1.739787
-0.1379639 -0.7803435 1.672168
0.2078777 -0.7488845 1.764652
-0.1692439 -0.8239216 1.552906
0.216214 -0.8135852 1.669253
9
0.06186635 -0.03072891 1.734021
-0.02433069 -0.0292561 1.690712
0.1452177 -0.03081225 1.699398
-0.08666552 -0.4388601 1.680304
0.1820227 -0.4226227 1.739787
-0.1379639 -0.7803435 1.672168
0.2078777 -0.7488845 1.764652
-0.1692439 -0.8239216 1.552906
0.216214 -0.8135852 1.669253
9
0.05258512 -0.02991168 1.730674
-0.0334733 -0.02897764 1.687086
0.1362028 -0.02949779 1.696316
-0.09177455 -0.4387558 1.679792
0.1745196 -0.4229048 1.736463
-0.138511 -0.7800879 1.672485
0.2062254 -0.7482506 1.763797
-0.1686644 -0.8242503 1.554514
0.2156914 -0.8135034 1.669356
9
0.05258512 -0.02991168 1.730674
-0.0334733 -0.02897764 1.687086
0.1362028 -0.02949779 1.696316
-0.09177455 -0.4387558 1.679792
0.1745196 -0.4229048 1.736463
-0.138511 -0.7800879 1.672485
0.2062254 -0.7482506 1.763797
-0.1686644 -0.8242503 1.554514
0.2156914 -0.8135034 1.669356
9
0.05258512 -0.02991168 1.730674
-0.0334733 -0.02897764 1.687086
0.1362028 -0.02949779 1.696316
-0.09177455 -0.4387558 1.679792
0.1745196 -0.4229048 1.736463
-0.138511 -0.7800879 1.672485
0.2062254 -0.7482506 1.763797
-0.1686644 -0.8242503 1.554514
0.2156914 -0.8135034 1.669356
9
0.05258512 -0.02991168 1.730674
-0.0334733 -0.02897764 1.687086
0.1362028 -0.02949779 1.696316
-0.09177455 -0.4387558 1.679792
0.1745196 -0.4229048 1.736463
-0.138511 -0.7800879 1.672485
0.2062254 -0.7482506 1.763797
-0.1686644 -0.8242503 1.554514
0.2156914 -0.8135034 1.669356
9
0.05258512 -0.02991168 1.730674
-0.0334733 -0.02897764 1.687086
0.1362028 -0.02949779 1.696316
-0.09177455 -0.4387558 1.679792
0.1745196 -0.4229048 1.736463
-0.138511 -0.7800879 1.672485
0.2062254 -0.7482506 1.763797
-0.1686644 -0.8242503 1.554514
0.2156914 -0.8135034 1.669356
9
0.0223648 -0.02750196 1.719955
-0.06358609 -0.02800705 1.674266
0.1071255 -0.02578885 1.687576
-0.1048808 -0.4335503 1.675554
0.1587306 -0.4222998 1.726346
-0.1389787 -0.7797632 1.672209
0.200822 -0.7486597 1.757081
-0.1713601 -0.8248206 1.555017
0.2153297 -0.8168526 1.66834
9
0.0223648 -0.02750196 1.719955
-0.06358609 -0.02800705 1.674266
0.1071255 -0.02578885 1.687576
-0.1048808 -0.4335503 1.675554
0.1587306 -0.4222998 1.726346
-0.1389787 -0.7797632 1.672209
0.200822 -0.7486597 1.757081
-0.1713601 -0.8248206 1.555017
0.2153297 -0.8168526 1.66834
