40
9
-0.2511559 -0.05555042 2.563184
-0.3246726 -0.04965846 2.508417
-0.1704522 -0.05996956 2.540753
-0.3803994 -0.4513711 2.384461
-0.2111219 -0.4465283 2.562054
-0.4311293 -0.7733303 2.34566
-0.2493533 -0.7831508 2.570371
-0.4432992 -0.8255379 2.240637
-0.2140887 -0.8500659 2.494116
9
-0.2511559 -0.05555042 2.563184
-0.3246726 -0.04965846 2.508417
-0.1704522 -0.05996956 2.540753
-0.3803994 -0.4513711 2.384461
-0.2111219 -0.4465283 2.562054
-0.4311293 -0.7733303 2.34566
-0.2493533 -0.7831508 2.570371
-0.4432992 -0.8255379 2.240637
-0.2140887 -0.8500659 2.494116
9
-0.2511559 -0.05555042 2.563184
-0.3246726 -0.04965846 2.508417
-0.1704522 -0.05996956 2.540753
-0.3803994 -0.4513711 2.384461
-0.2111219 -0.4465283 2.562054
-0.4311293 -0.7733303 2.34566
-0.2493533 -0.7831508 2.570371
-0.4432992 -0.8255379 2.240637
-0.2140887 -0.8500659 2.494116
9
-0.2585185 -0.05591604 2.555994
-0.3320188 -0.05023099 2.503592
-0.1774339 -0.05998093 2.530905
-0.3874123 -0.4473928 2.38042
-0.2129176 -0.4452344 2.558287
-0.4332457 -0.7649128 2.328983
-0.2509303 -0.7811785 2.569636
-0.4433271 -0.8219819 2.230485
-0.2124397 -0.8485031 2.492776
9
-0.2585185 -0.05591604 2.555994
-0.3320188 -0.05023099 2.503592
-0.1774339 -0.05998093 2.530905
-0.3874123 -0.4473928 2.38042
-0.2129176 -0.4452344 2.558287
-0.4332457 -0.7649128 2.328983
-0.2509303 -0.7811785 2.569636
-0.4433271 -0.8219819 2.230485
-0.2124397 -0.8485031 2.492776
9
-0.2649753 -0.05624035 2.549187
-0.3390011 -0.05091828 2.49816
-0.1830154 -0.05988033 2.522952
-0.3900693 -0.447942 2.379056
-0.2149136 -0.4455369 2.555377
-0.4340098 -0.7655411 2.324693
-0.2511097 -0.7815349 2.569394
-0.4436437 -0.8222243 2.225576
-0.2127685 -0.8485971 2.492892
9
-0.2649753 -0.05624035 2.549187
-0.3390011 -0.05091828 2.49816
-0.1830154 -0.05988033 2.522952
-0.3900693 -0.447942 2.379056
-0.2149136 -0.4455369 2.555377
-0.4340098 -0.7655411 2.324693
-0.2511097 -0.7815349 2.569394
-0.4436437 -0.8222243 2.225576
-0.2127685 -0.8485971 2.492892
9
-0.2680773 -0.05649138 2.54483
-0.3427512 -0.05162315 2.494108
-0.1853783 -0.05967962 2.518424
-0.3929566 -0.4483606 2.378012
-0.2162966 -0.4453045 2.552249
-0.434636 -0.7698222 2.320478
-0.2514645 -0.7814409 2.569368
-0.4437473 -0.8226685 2.224555
-0.212951 -0.848884 2.492833
9
-0.2680773 -0.05649138 2.54483
-0.3427512 -0.05162315 2.494108
-0.1853783 -0.05967962 2.518424
-0.3929566 -0.4483606 2.378012
-0.2162966 -0.4453045 2.552249
-0.434636 -0.7698222 2.320478
-0.2514645 -0.7814409 2.569368
-0.4437473 -0.8226685 2.224555
-0.212951 -0.848884 2.492833
9
-0.2717253 -0.05688298 2.538567
-0.3463466 -0.05234715 2.489495
-0.1888575 -0.05962826 2.510366
-0.3955236 -0.4470714 2.376738
-0.2183004 -0.445101 2.547558
-0.4345538 -0.7698576 2.320368
-0.2522717 -0.7810725 2.567852
-0.4433678 -0.8226823 2.223298
-0.2120006 -0.8489245 2.49172
9
-0.2717253 -0.05688298 2.538567
-0.3463466 -0.05234715 2.489495
-0.1888575 -0.05962826 2.510366
-0.3955236 -0.4470714 2.376738
-0.2183004 -0.445101 2.547558
-0.4345538 -0.7698576 2.320368
-0.2522717 -0.7810725 2.567852
-0.4433678 -0.8226823 2.223298
-0.2120006 -0.8489245 2.49172
9
-0.2760979 -0.05615606 2.53124
-0.3509871 -0.05186081 2.482427
-0.1927551 -0.05871804 2.503075
-0.397137 -0.4458329 2.376357
-0.2201173 -0.4436393 2.543185
-0.4345222 -0.7698839 2.320452
-0.2523233 -0.7812043 2.567402
-0.4433178 -0.8226542 2.223518
-0.2123649 -0.8486071 2.491766
9
-0.2760979 -0.05615606 2.53124
-0.3509871 -0.05186081 2.482427
-0.1927551 -0.05871804 2.503075
-0.397137 -0.4458329 2.376357
-0.2201173 -0.4436393 2.543185
-0.4345222 -0.7698839 2.320452
-0.2523233 -0.7812043 2.567402
-0.4433178 -0.8226542 2.223518
-0.2123649 -0.8486071 2.491766
9
-0.2820645 -0.05583889 2.522895
-0.3572323 -0.05216972 2.474691
-0.1982776 -0.05777097 2.494159
-0.4008234 -0.4439725 2.3734
-0.2228907 -0.4447035 2.538824
-0.4342455 -0.7699661 2.320445
-0.2526167 -0.7810978 2.567213
-0.4432551 -0.8228574 2.223591
-0.2115255 -0.8489186 2.49091
9
-0.2820645 -0.05583889 2.522895
-0.3572323 -0.05216972 2.474691
-0.1982776 -0.05777097 2.494159
-0.4008234 -0.4439725 2.3734
-0.2228907 -0.4447035 2.538824
-0.4342455 -0.7699661 2.320445
-0.2526167 -0.7810978 2.567213
-0.4432551 -0.8228574 2.223591
-0.2115255 -0.8489186 2.49091
9
-0.2820645 -0.05583889 2.522895
-0.3572323 -0.05216972 2.474691
-0.1982776 -0.05777097 2.494159
-0.4008234 -0.4439725 2.3734
-0.2228907 -0.4447035 2.538824
-0.4342455 -0.7699661 2.320445
-0.2526167 -0.7810978 2.567213
-0.4432551 -0.8228574 2.223591
-0.2115255 -0.8489186 2.49091
9
-0.2820645 -0.05583889 2.522895
-0.3572323 -0.05216972 2.474691
-0.1982776 -0.05777097 2.494159
-0.4008234 -0.4439725 2.3734
-0.2228907 -0.4447035 2.538824
-0.4342455 -0.7699661 2.320445
-0.2526167 -0.7810978 2.567213
-0.4432551 -0.8228574 2.223591
-0.2115255 -0.8489186 2.49091
9
-0.2969045 -0.0538236 2.500815
-0.3719204 -0.05091371 2.454149
-0.2127307 -0.05503933 2.470659
-0.4079039 -0.4417919 2.367184
-0.2279181 -0.4440297 2.523815
-0.4346601 -0.7695905 2.320222
-0.2522537 -0.7814748 2.565206
-0.4430857 -0.8230011 2.22308
-0.2102987 -0.8491953 2.488459
9
-0.2969045 -0.0538236 2.500815
-0.3719204 -0.05091371 2.454149
-0.2127307 -0.05503933 2.470659
-0.4079039 -0.4417919 2.367184
-0.2279181 -0.4440297 2.523815
-0.4346601 -0.7695905 2.320222
-0.2522537 -0.7814748 2.565206
-0.4430857 -0.8230011 2.22308
-0.2102987 -0.8491953 2.488459
9
-0.3019885 -0.05308253 2.49556
-0.3767112 -0.05039827 2.449194
-0.217951 -0.05409867 2.465145
-0.413534 -0.4371166 2.363145
-0.2315957 -0.4436906 2.513996
-0.4350276 -0.7686805 2.320244
-0.2519091 -0.7840947 2.561736
-0.4431437 -0.8230577 2.223151
-0.2108755 -0.8492416 2.488221
9
-0.3019885 -0.05308253 2.49556
-0.3767112 -0.05039827 2.449194
-0.217951 -0.05409867 2.465145
-0.413534 -0.4371166 2.363145
-0.2315957 -0.4436906 2.513996
-0.4350276 -0.7686805 2.320244
-0.2519091 -0.7840947 2.561736
-0.4431437 -0.8230577 2.223151
-0.2108755 -0.8492416 2.488221
9
-0.3019885 -0.05308253 2.49556
-0.3767112 -0.05039827 2.449194
-0.217951 -0.05409867 2.465145
-0.413534 -0.4371166 2.363145
-0.2315957 -0.4436906 2.513996
-0.4350276 -0.7686805 2.320244
-0.2519091 -0.7840947 2.561736
-0.4431437 -0.8230577 2.223151
-0.2108755 -0.8492416 2.488221
9
-0.3019885 -0.05308253 2.49556
-0.3767112 -0.05039827 2.449194
-0.217951 -0.05409867 2.465145
-0.413534 -0.4371166 2.363145
-0.2315957 -0.4436906 2.513996
-0.4350276 -0.7686805 2.320244
-0.2519091 -0.7840947 2.561736
-0.4431437 -0.8230577 2.223151
-0.2108755 -0.8492416 2.488221
9
-0.3197238 -0.04993442 2.47153
-0.3945105 -0.04825101 2.425908
-0.2350113 -0.05004238 2.440452
-0.4221675 -0.4359203 2.356789
-0.2416231 -0.4446536 2.492564
-0.4363323 -0.7675372 2.319902
-0.252151 -0.7837573 2.559593
-0.4434087 -0.823617 2.223568
-0.2105231 -0.8492261 2.487477
9
-0.3197238 -0.04993442 2.47153
-0.3945105 -0.04825101 2.425908
-0.2350113 -0.05004238 2.440452
-0.4221675 -0.4359203 2.356789
-0.2416231 -0.4446536 2.492564
-0.4363323 -0.7675372 2.319902
-0.252151 -0.7837573 2.559593
-0.4434087 -0.823617 2.223568
-0.2105231 -0.8492261 2.487477
9
-0.3255376 -0.04957177 2.463081
-0.3996301 -0.04830814 2.419024
-0.2413346 -0.04920745 2.430316
-0.4290994 -0.4348839 2.350113
-0.244352 -0.4455705 2.484462
-0.4370979 -0.7670664 2.3197
-0.2523213 -0.7807812 2.555902
-0.4433821 -0.8236541 2.223603
-0.2100177 -0.8488144 2.486343
9
-0.3255376 -0.04957177 2.463081
-0.3996301 -0.04830814 2.419024
-0.2413346 -0.04920745 2.430316
-0.4290994 -0.4348839 2.350113
-0.244352 -0.4455705 2.484462
-0.4370979 -0.7670664 2.3197
-0.2523213 -0.7807812 2.555902
-0.4433821 -0.8236541 2.223603
-0.2100177 -0.8488144 2.486343
9
-0.3322925 -0.04914485 2.451832
-0.4066449 -0.04826641 2.407272
-0.2475313 -0.04846741 2.419754
-0.4339933 -0.4312276 2.345196
-0.247386 -0.450758 2.472468
-0.4377894 -0.7662424 2.318841
-0.2519588 -0.7791335 2.553375
-0.4445648 -0.8245347 2.225553
-0.2112866 -0.8485808 2.487916
9
-0.3322925 -0.04914485 2.451832
-0.4066449 -0.04826641 2.407272
-0.2475313 -0.04846741 2.419754
-0.4339933 -0.4312276 2.345196
-0.247386 -0.450758 2.472468
-0.4377894 -0.7662424 2.318841
-0.2519588 -0.7791335 2.553375
-0.4445648 -0.8245347 2.225553
-0.2112866 -0.8485808 2.487916
9
-0.3379726 -0.04858624 2.443195
-0.4119207 -0.04759861 2.398705
-0.2534136 -0.0480426 2.411098
-0.438565 -0.4308132 2.340284
-0.2488091 -0.4533491 2.463227
-0.4381212 -0.7663117 2.318628
-0.2521732 -0.7800858 2.550508
-0.44456 -0.8245384 2.225574
-0.2115614 -0.8485041 2.488108
9
-0.3379726 -0.04858624 2.443195
-0.4119207 -0.04759861 2.398705
-0.2534136 -0.0480426 2.411098
-0.438565 -0.4308132 2.340284
-0.2488091 -0.4533491 2.463227
-0.4381212 -0.7663117 2.318628
-0.2521732 -0.7800858 2.550508
-0.44456 -0.8245384 2.225574
-0.2115614 -0.8485041 2.488108
9
-0.3443239 -0.0478707 2.432157
-0.4174863 -0.04703837 2.3894
-0.2603393 -0.04717727 2.398224
-0.4412048 -0.4305989 2.336513
-0.2482482 -0.4565578 2.451767
-0.4386179 -0.7661227 2.318394
-0.250434 -0.780704 2.545889
-0.4507658 -0.827781 2.235785
-0.2104226 -0.849013 2.486595
9
-0.3443239 -0.0478707 2.432157
-0.4174863 -0.04703837 2.3894
-0.2603393 -0.04717727 2.398224
-0.4412048 -0.4305989 2.336513
-0.2482482 -0.4565578 2.451767
-0.4386179 -0.7661227 2.318394
-0.250434 -0.780704 2.545889
-0.4507658 -0.827781 2.235785
-0.2104226 -0.849013 2.486595
9
-0.35038 -0.04664274 2.423254
-0.4243141 -0.04598975 2.379566
-0.2654132 -0.04584416 2.390347
-0.446639 -0.4278198 2.329386
-0.2467971 -0.4561419 2.438451
-0.4397079 -0.7651759 2.318063
-0.2494491 -0.7824589 2.542539
-0.4505795 -0.8283065 2.233228
-0.2102434 -0.8487223 2.487292
9
-0.35038 -0.04664274 2.423254
-0.4243141 -0.04598975 2.379566
-0.2654132 -0.04584416 2.390347
-0.446639 -0.4278198 2.329386
-0.2467971 -0.4561419 2.438451
-0.4397079 -0.7651759 2.318063
-0.2494491 -0.7824589 2.542539
-0.4505795 -0.8283065 2.233228
-0.2102434 -0.8487223 2.487292
9
-0.35038 -0.04664274 2.423254
-0.4243141 -0.04598975 2.379566
-0.2654132 -0.04584416 2.390347
-0.446639 -0.4278198 2.329386
-0.2467971 -0.4561419 2.438451
-0.4397079 -0.7651759 2.318063
-0.2494491 -0.7824589 2.542539
-0.4505795 -0.8283065 2.233228
-0.2102434 -0.8487223 2.487292
9
-0.35038 -0.04664274 2.423254
-0.4243141 -0.04598975 2.379566
-0.2654132 -0.04584416 2.390347
-0.446639 -0.4278198 2.329386
-0.2467971 -0.4561419 2.438451
-0.4397079 -0.7651759 2.318063
-0.2494491 -0.7824589 2.542539
-0.4505795 -0.8283065 2.233228
-0.2102434 -0.8487223 2.487292
9
-0.35038 -0.04664274 2.423254
-0.4243141 -0.04598975 2.379566
-0.2654132 -0.04584416 2.390347
-0.446639 -0.4278198 2.329386
-0.2467971 -0.4561419 2.438451
-0.4397079 -0.7651759 2.318063
-0.2494491 -0.7824589 2.542539
-0.4505795 -0.8283065 2.233228
-0.2102434 -0.8487223 2.487292
9
-0.35038 -0.04664274 2.423254
-0.4243141 -0.04598975 2.379566
-0.2654132 -0.04584416 2.390347
-0.446639 -0.4278198 2.329386
-0.2467971 -0.4561419 2.438451
-0.4397079 -0.7651759 2.318063
-0.2494491 -0.7824589 2.542539
-0.4505795 -0.8283065 2.233228
-0.2102434 -0.8487223 2.487292
9
-0.3692396 -0.04075732 2.383929
-0.442134 -0.04358518 2.343822
-0.2845279 -0.0363005 2.347347
-0.4573887 -0.4226005 2.313719
-0.2302352 -0.4350411 2.37141
-0.43923 -0.764253 2.317151
-0.2441595 -0.7903176 2.52838
-0.4590985 -0.8350202 2.248166
-0.2061535 -0.85225 2.484655
