40
9
-0.07686994 -0.248844 2.096919
-0.1557162 -0.2505516 2.074032
0.004824773 -0.2381282 2.04432
-0.155846 -0.6310508 2.109821
0.05586827 -0.650005 1.969606
-0.1325288 -0.972293 2.131858
0.08795146 -0.9655119 1.891738
-0.1521845 -1.051843 2.066732
0.0803149 -1.022537 1.788244
9
-0.07330407 -0.2498388 2.086616
-0.1525864 -0.2510797 2.064289
0.00871193 -0.2395597 2.033511
-0.1530849 -0.6192616 2.093598
0.06042239 -0.6475362 1.961509
-0.1323253 -0.9704445 2.129236
0.08972139 -0.9631777 1.887553
-0.1516276 -1.051264 2.067913
0.07908289 -1.015041 1.779322
9
-0.07330407 -0.2498388 2.086616
-0.1525864 -0.2510797 2.064289
0.00871193 -0.2395597 2.033511
-0.1530849 -0.6192616 2.093598
0.06042239 -0.6475362 1.961509
-0.1323253 -0.9704445 2.129236
0.08972139 -0.9631777 1.887553
-0.1516276 -1.051264 2.067913
0.07908289 -1.015041 1.779322
9
-0.06854701 -0.2504778 2.073574
-0.147812 -0.2513364 2.050659
0.01328095 -0.2404898 2.021079
-0.1524542 -0.6188367 2.087662
0.06295668 -0.6447434 1.953389
-0.1321221 -0.9670959 2.127069
0.09180018 -0.9588231 1.876412
-0.15096 -1.049297 2.070505
0.07625857 -1.020993 1.779977
9
-0.06854701 -0.2504778 2.073574
-0.147812 -0.2513364 2.050659
0.01328095 -0.2404898 2.021079
-0.1524542 -0.6188367 2.087662
0.06295668 -0.6447434 1.953389
-0.1321221 -0.9670959 2.127069
0.09180018 -0.9588231 1.876412
-0.15096 -1.049297 2.070505
0.07625857 -1.020993 1.779977
9
-0.06221629 -0.252112 2.058324
-0.1419888 -0.2523479 2.03468
0.01989795 -0.2426169 2.006529
-0.1498283 -0.6199085 2.076783
0.06643265 -0.6439899 1.944837
-0.1320407 -0.9638615 2.123554
0.09252896 -0.9584351 1.874778
-0.1525888 -0.9971701 1.982139
0.07674566 -1.01843 1.77579
9
-0.06221629 -0.252112 2.058324
-0.1419888 -0.2523479 2.03468
0.01989795 -0.2426169 2.006529
-0.1498283 -0.6199085 2.076783
0.06643265 -0.6439899 1.944837
-0.1320407 -0.9638615 2.123554
0.09252896 -0.9584351 1.874778
-0.1525888 -0.9971701 1.982139
0.07674566 -1.01843 1.77579
9
-0.06221629 -0.252112 2.058324
-0.1419888 -0.2523479 2.03468
0.01989795 -0.2426169 2.006529
-0.1498283 -0.6199085 2.076783
0.06643265 -0.6439899 1.944837
-0.1320407 -0.9638615 2.123554
0.09252896 -0.9584351 1.874778
-0.1525888 -0.9971701 1.982139
0.07674566 -1.01843 1.77579
9
-0.06221629 -0.252112 2.058324
-0.1419888 -0.2523479 2.03468
0.01989795 -0.2426169 2.006529
-0.1498283 -0.6199085 2.076783
0.06643265 -0.6439899 1.944837
-0.1320407 -0.9638615 2.123554
0.09252896 -0.9584351 1.874778
-0.1525888 -0.9971701 1.982139
0.07674566 -1.01843 1.77579
9
-0.06221629 -0.252112 2.058324
-0.1419888 -0.2523479 2.03468
0.01989795 -0.2426169 2.006529
-0.1498283 -0.6199085 2.076783
0.06643265 -0.6439899 1.944837
-0.1320407 -0.9638615 2.123554
0.09252896 -0.9584351 1.874778
-0.1525888 -0.9971701 1.982139
0.07674566 -1.01843 1.77579
9
-0.06221629 -0.252112 2.058324
-0.1419888 -0.2523479 2.03468
0.01989795 -0.2426169 2.006529
-0.1498283 -0.6199085 2.076783
0.06643265 -0.6439899 1.944837
-0.1320407 -0.9638615 2.123554
0.09252896 -0.9584351 1.874778
-0.1525888 -0.9971701 1.982139
0.07674566 -1.01843 1.77579
9
-0.0352532 -0.2540644 1.997229
-0.1166442 -0.252663 1.971175
0.04752222 -0.2458756 1.947903
-0.1341007 -0.6283861 2.019634
0.08900855 -0.642278 1.903555
-0.1309432 -0.9669116 2.11893
0.09367174 -0.9581842 1.872584
-0.1509545 -1.050643 2.072441
0.07777715 -1.018704 1.774252
9
-0.0352532 -0.2540644 1.997229
-0.1166442 -0.252663 1.971175
0.04752222 -0.2458756 1.947903
-0.1341007 -0.6283861 2.019634
0.08900855 -0.642278 1.903555
-0.1309432 -0.9669116 2.11893
0.09367174 -0.9581842 1.872584
-0.1509545 -1.050643 2.072441
0.07777715 -1.018704 1.774252
9
-0.03145531 -0.2540253 1.989435
-0.1128096 -0.2530637 1.962711
0.05115127 -0.2453929 1.940731
-0.1312081 -0.6260895 2.008961
0.09121398 -0.6398225 1.898223
-0.1287495 -0.9684376 2.112664
0.09563081 -0.9582304 1.868525
-0.1532819 -1.05147 2.070499
0.07672678 -1.020808 1.77351
9
-0.03145531 -0.2540253 1.989435
-0.1128096 -0.2530637 1.962711
0.05115127 -0.2453929 1.940731
-0.1312081 -0.6260895 2.008961
0.09121398 -0.6398225 1.898223
-0.1287495 -0.9684376 2.112664
0.09563081 -0.9582304 1.868525
-0.1532819 -1.05147 2.070499
0.07672678 -1.020808 1.77351
9
-0.03145531 -0.2540253 1.989435
-0.1128096 -0.2530637 1.962711
0.05115127 -0.2453929 1.940731
-0.1312081 -0.6260895 2.008961
0.09121398 -0.6398225 1.898223
-0.1287495 -0.9684376 2.112664
0.09563081 -0.9582304 1.868525
-0.1532819 -1.05147 2.070499
0.07672678 -1.020808 1.77351
9
-0.03145531 -0.2540253 1.989435
-0.1128096 -0.2530637 1.962711
0.05115127 -0.2453929 1.940731
-0.1312081 -0.6260895 2.008961
0.09121398 -0.6398225 1.898223
-0.1287495 -0.9684376 2.112664
0.09563081 -0.9582304 1.868525
-0.1532819 -1.05147 2.070499
0.07672678 -1.020808 1.77351
9
-0.008053685 -0.2522102 1.944158
-0.0909483 -0.2520434 1.914071
0.0740991 -0.242723 1.900761
-0.1123098 -0.628835 1.956042
0.1025399 -0.6313232 1.876474
-0.1264599 -0.9692052 2.094152
0.09793614 -0.9565647 1.863199
-0.1611137 -1.049049 2.065995
0.07786172 -1.021068 1.771095
9
-0.008053685 -0.2522102 1.944158
-0.0909483 -0.2520434 1.914071
0.0740991 -0.242723 1.900761
-0.1123098 -0.628835 1.956042
0.1025399 -0.6313232 1.876474
-0.1264599 -0.9692052 2.094152
0.09793614 -0.9565647 1.863199
-0.1611137 -1.049049 2.065995
0.07786172 -1.021068 1.771095
9
-0.004632452 -0.251726 1.940061
-0.08748035 -0.2514844 1.909457
0.07817072 -0.2422049 1.895982
-0.1092908 -0.6260358 1.945251
0.1070937 -0.6284592 1.870821
-0.1274781 -0.9694179 2.08637
0.09868684 -0.9549929 1.860368
-0.1599828 -1.050112 2.050116
0.0782828 -1.021357 1.771012
9
-0.004632452 -0.251726 1.940061
-0.08748035 -0.2514844 1.909457
0.07817072 -0.2422049 1.895982
-0.1092908 -0.6260358 1.945251
0.1070937 -0.6284592 1.870821
-0.1274781 -0.9694179 2.08637
0.09868684 -0.9549929 1.860368
-0.1599828 -1.050112 2.050116
0.0782828 -1.021357 1.771012
9
0.004071695 -0.2509382 1.929354
-0.078533 -0.2503587 1.897048
0.08665943 -0.2416748 1.886222
-0.101741 -0.6274359 1.924492
0.1128966 -0.6250238 1.865653
-0.1273786 -0.9722605 2.081853
0.09882126 -0.9548362 1.859314
-0.1608446 -1.052548 2.046024
0.07868591 -1.021945 1.770993
9
0.004071695 -0.2509382 1.929354
-0.078533 -0.2503587 1.897048
0.08665943 -0.2416748 1.886222
-0.101741 -0.6274359 1.924492
0.1128966 -0.6250238 1.865653
-0.1273786 -0.9722605 2.081853
0.09882126 -0.9548362 1.859314
-0.1608446 -1.052548 2.046024
0.07868591 -1.021945 1.770993
9
0.01452652 -0.2495307 1.914198
-0.06894459 -0.247993 1.88048
0.09747434 -0.2411751 1.872418
-0.0972626 -0.6171054 1.895379
0.1166226 -0.6250421 1.862396
-0.1283259 -0.9716811 2.070066
0.09977452 -0.95556 1.858205
-0.1611713 -1.051611 2.046804
0.07896551 -1.023463 1.771372
9
0.01452652 -0.2495307 1.914198
-0.06894459 -0.247993 1.88048
0.09747434 -0.2411751 1.872418
-0.0972626 -0.6171054 1.895379
0.1166226 -0.6250421 1.862396
-0.1283259 -0.9716811 2.070066
0.09977452 -0.95556 1.858205
-0.1611713 -1.051611 2.046804
0.07896551 -1.023463 1.771372
9
0.021168 -0.2492684 1.905344
-0.06235788 -0.2467808 1.870655
0.1038916 -0.241785 1.864519
-0.09470424 -0.6116793 1.876255
0.1204549 -0.625531 1.859219
-0.1237469 -0.9651397 2.053346
0.0997932 -0.9557751 1.857825
-0.1293478 -0.9951166 1.908825
0.08007569 -1.023795 1.770816
9
0.021168 -0.2492684 1.905344
-0.06235788 -0.2467808 1.870655
0.1038916 -0.241785 1.864519
-0.09470424 -0.6116793 1.876255
0.1204549 -0.625531 1.859219
-0.1237469 -0.9651397 2.053346
0.0997932 -0.9557751 1.857825
-0.1293478 -0.9951166 1.908825
0.08007569 -1.023795 1.770816
9
0.021168 -0.2492684 1.905344
-0.06235788 -0.2467808 1.870655
0.1038916 -0.241785 1.864519
-0.09470424 -0.6116793 1.876255
0.1204549 -0.625531 1.859219
-0.1237469 -0.9651397 2.053346
0.0997932 -0.9557751 1.857825
-0.1293478 -0.9951166 1.908825
0.08007569 -1.023795 1.770816
9
0.021168 -0.2492684 1.905344
-0.06235788 -0.2467808 1.870655
0.1038916 -0.241785 1.864519
-0.09470424 -0.6116793 1.876255
0.1204549 -0.625531 1.859219
-0.1237469 -0.9651397 2.053346
0.0997932 -0.9557751 1.857825
-0.1293478 -0.9951166 1.908825
0.08007569 -1.023795 1.770816
9
0.021168 -0.2492684 1.905344
-0.06235788 -0.2467808 1.870655
0.1038916 -0.241785 1.864519
-0.09470424 -0.6116793 1.876255
0.1204549 -0.625531 1.859219
-0.1237469 -0.9651397 2.053346
0.0997932 -0.9557751 1.857825
-0.1293478 -0.9951166 1.908825
0.08007569 -1.023795 1.770816
9
0.021168 -0.2492684 1.905344
-0.06235788 -0.2467808 1.870655
0.1038916 -0.241785 1.864519
-0.09470424 -0.6116793 1.876255
0.1204549 -0.625531 1.859219
-0.1237469 -0.9651397 2.053346
0.0997932 -0.9557751 1.857825
-0.1293478 -0.9951166 1.908825
0.08007569 -1.023795 1.770816
9
0.04145121 -0.2473378 1.875072
-0.04235848 -0.2425921 1.839718
0.1236043 -0.2420713 1.835037
-0.08081687 -0.6129553 1.8113
0.1283967 -0.6281466 1.849222
-0.09702335 -0.9639018 1.984416
0.1004582 -0.9559532 1.856779
-0.1475233 -1.035202 1.96129
0.08076634 -1.024531 1.770665
9
0.04145121 -0.2473378 1.875072
-0.04235848 -0.2425921 1.839718
0.1236043 -0.2420713 1.835037
-0.08081687 -0.6129553 1.8113
0.1283967 -0.6281466 1.849222
-0.09702335 -0.9639018 1.984416
0.1004582 -0.9559532 1.856779
-0.1475233 -1.035202 1.96129
0.08076634 -1.024531 1.770665
9
0.04357804 -0.247053 1.870745
-0.04039462 -0.2418031 1.835279
0.125816 -0.242291 1.8308
-0.07942621 -0.6128265 1.804961
0.1313917 -0.6285324 1.843723
-0.09234765 -0.9655959 1.970677
0.1002373 -0.9572623 1.855524
-0.144196 -1.035181 1.92185
0.08288582 -1.02742 1.77133
9
0.04357804 -0.247053 1.870745
-0.04039462 -0.2418031 1.835279
0.125816 -0.242291 1.8308
-0.07942621 -0.6128265 1.804961
0.1313917 -0.6285324 1.843723
-0.09234765 -0.9655959 1.970677
0.1002373 -0.9572623 1.855524
-0.144196 -1.035181 1.92185
0.08288582 -1.02742 1.77133
9
0.04602358 -0.2464883 1.865988
-0.0383362 -0.2409116 1.830757
0.1285582 -0.2420901 1.825817
-0.07399596 -0.6119589 1.791542
0.1329041 -0.6295104 1.839481
-0.08849067 -0.9692706 1.931595
0.1014229 -0.9593508 1.854281
-0.1362746 -1.041754 1.888356
0.0818878 -1.028739 1.769576
9
0.04602358 -0.2464883 1.865988
-0.0383362 -0.2409116 1.830757
0.1285582 -0.2420901 1.825817
-0.07399596 -0.6119589 1.791542
0.1329041 -0.6295104 1.839481
-0.08849067 -0.9692706 1.931595
0.1014229 -0.9593508 1.854281
-0.1362746 -1.041754 1.888356
0.0818878 -1.028739 1.769576
9
0.04951584 -0.2464868 1.859212
-0.03476053 -0.2406192 1.82268
0.1317873 -0.2423111 1.820253
-0.06856623 -0.6155463 1.779311
0.1341701 -0.6301728 1.835514
-0.0834015 -0.9775692 1.9023
0.1009809 -0.9600571 1.853696
-0.1246796 -1.051029 1.847579
0.08283445 -1.029741 1.769063
9
0.04951584 -0.2464868 1.859212
-0.03476053 -0.2406192 1.82268
0.1317873 -0.2423111 1.820253
-0.06856623 -0.6155463 1.779311
0.1341701 -0.6301728 1.835514
-0.0834015 -0.9775692 1.9023
0.1009809 -0.9600571 1.853696
-0.1246796 -1.051029 1.847579
0.08283445 -1.029741 1.769063
9
0.05207771 -0.2460915 1.85329
-0.03257046 -0.2395842 1.816372
0.1345983 -0.2425283 1.814739
-0.06250495 -0.6180667 1.767453
0.1351282 -0.6309289 1.831624
-0.07948124 -0.9754093 1.861045
0.101015 -0.9602193 1.851929
-0.1149715 -1.049271 1.799666
0.08256607 -1.030934 1.769196
