40
9
-0.06428049 -0.04959966 2.321283
-0.1444292 -0.05614416 2.281663
0.01804426 -0.04140881 2.283663
-0.2249296 -0.4329533 2.249343
0.04231072 -0.4255382 2.287383
-0.2928461 -0.7656301 2.266247
0.035714 -0.7593526 2.286985
-0.3368443 -0.8287371 2.184394
0.0589716 -0.8201671 2.213785
9
-0.06428049 -0.04959966 2.321283
-0.1444292 -0.05614416 2.281663
0.01804426 -0.04140881 2.283663
-0.2249296 -0.4329533 2.249343
0.04231072 -0.4255382 2.287383
-0.2928461 -0.7656301 2.266247
0.035714 -0.7593526 2.286985
-0.3368443 -0.8287371 2.184394
0.0589716 -0.8201671 2.213785
9
-0.05475149 -0.04939503 2.320664
-0.1351746 -0.05511435 2.280899
0.02758027 -0.04204186 2.283167
-0.2159254 -0.4296742 2.246282
0.04975988 -0.4232475 2.290662
-0.2907173 -0.7653416 2.264281
0.03695512 -0.760253 2.288296
-0.336747 -0.8288064 2.184454
0.06000873 -0.8195852 2.213647
9
-0.04330717 -0.04921887 2.319365
-0.1237265 -0.05397028 2.278527
0.03873901 -0.04280672 2.282885
-0.2094189 -0.4276879 2.24249
0.05537964 -0.4226771 2.293747
-0.2874068 -0.7664639 2.262554
0.0391523 -0.7593086 2.287734
-0.3365652 -0.829284 2.184366
0.06066342 -0.8188641 2.212499
9
-0.04330717 -0.04921887 2.319365
-0.1237265 -0.05397028 2.278527
0.03873901 -0.04280672 2.282885
-0.2094189 -0.4276879 2.24249
0.05537964 -0.4226771 2.293747
-0.2874068 -0.7664639 2.262554
0.0391523 -0.7593086 2.287734
-0.3365652 -0.829284 2.184366
0.06066342 -0.8188641 2.212499
9
-0.03500539 -0.04813442 2.320357
-0.1154452 -0.05184981 2.278693
0.04685269 -0.04277157 2.28472
-0.2020923 -0.4242826 2.238363
0.05922473 -0.42135 2.29539
-0.2788346 -0.7627957 2.260637
0.04014532 -0.7623376 2.289867
-0.3325447 -0.828462 2.181677
0.06110729 -0.8188094 2.212118
9
-0.03500539 -0.04813442 2.320357
-0.1154452 -0.05184981 2.278693
0.04685269 -0.04277157 2.28472
-0.2020923 -0.4242826 2.238363
0.05922473 -0.42135 2.29539
-0.2788346 -0.7627957 2.260637
0.04014532 -0.7623376 2.289867
-0.3325447 -0.828462 2.181677
0.06110729 -0.8188094 2.212118
9
-0.02839877 -0.04752335 2.319541
-0.1087003 -0.05031164 2.277804
0.05304154 -0.0430701 2.283973
-0.1954907 -0.4241329 2.234679
0.06360155 -0.418953 2.295408
-0.2742656 -0.7650559 2.256102
0.04102767 -0.7615802 2.289531
-0.3252518 -0.8279102 2.176739
0.06421161 -0.8192369 2.20956
9
-0.02839877 -0.04752335 2.319541
-0.1087003 -0.05031164 2.277804
0.05304154 -0.0430701 2.283973
-0.1954907 -0.4241329 2.234679
0.06360155 -0.418953 2.295408
-0.2742656 -0.7650559 2.256102
0.04102767 -0.7615802 2.289531
-0.3252518 -0.8279102 2.176739
0.06421161 -0.8192369 2.20956
9
-0.0221544 -0.04693421 2.317947
-0.1024876 -0.04873985 2.27575
0.05913181 -0.04346123 2.282799
-0.1871804 -0.4224477 2.228453
0.06663261 -0.4176726 2.29492
-0.2659997 -0.7644154 2.254534
0.0411793 -0.7637939 2.290392
-0.3159178 -0.8271483 2.174607
0.06400274 -0.8193594 2.210162
9
-0.0221544 -0.04693421 2.317947
-0.1024876 -0.04873985 2.27575
0.05913181 -0.04346123 2.282799
-0.1871804 -0.4224477 2.228453
0.06663261 -0.4176726 2.29492
-0.2659997 -0.7644154 2.254534
0.0411793 -0.7637939 2.290392
-0.3159178 -0.8271483 2.174607
0.06400274 -0.8193594 2.210162
9
-0.015765 -0.04566281 2.31613
-0.09607444 -0.04642535 2.272769
0.0653775 -0.04318844 2.282018
-0.1786276 -0.4212316 2.22343
0.06890797 -0.41668 2.294605
-0.255668 -0.7633129 2.251691
0.0416209 -0.7652037 2.290941
-0.2945064 -0.8241838 2.167493
0.06437014 -0.8200248 2.210015
9
-0.015765 -0.04566281 2.31613
-0.09607444 -0.04642535 2.272769
0.0653775 -0.04318844 2.282018
-0.1786276 -0.4212316 2.22343
0.06890797 -0.41668 2.294605
-0.255668 -0.7633129 2.251691
0.0416209 -0.7652037 2.290941
-0.2945064 -0.8241838 2.167493
0.06437014 -0.8200248 2.210015
9
-0.01079456 -0.04446061 2.31501
-0.09131251 -0.04454133 2.27079
0.0703849 -0.04270933 2.281747
-0.170979 -0.4200455 2.214787
0.07125183 -0.4158123 2.293436
-0.2427868 -0.7664675 2.249978
0.04197898 -0.7664136 2.291714
-0.2896021 -0.8254753 2.165729
0.06460995 -0.8191852 2.210414
9
-0.01079456 -0.04446061 2.31501
-0.09131251 -0.04454133 2.27079
0.0703849 -0.04270933 2.281747
-0.170979 -0.4200455 2.214787
0.07125183 -0.4158123 2.293436
-0.2427868 -0.7664675 2.249978
0.04197898 -0.7664136 2.291714
-0.2896021 -0.8254753 2.165729
0.06460995 -0.8191852 2.210414
9
-0.006528934 -0.04326353 2.31382
-0.08670609 -0.04225288 2.268996
0.07416546 -0.04250736 2.281107
-0.1626465 -0.4155126 2.206138
0.07304659 -0.4150441 2.292198
-0.2285208 -0.7627335 2.248075
0.04216079 -0.7672334 2.292238
-0.2763292 -0.8243214 2.164868
0.06424087 -0.8198478 2.211962
9
-0.006528934 -0.04326353 2.31382
-0.08670609 -0.04225288 2.268996
0.07416546 -0.04250736 2.281107
-0.1626465 -0.4155126 2.206138
0.07304659 -0.4150441 2.292198
-0.2285208 -0.7627335 2.248075
0.04216079 -0.7672334 2.292238
-0.2763292 -0.8243214 2.164868
0.06424087 -0.8198478 2.211962
9
-0.006528934 -0.04326353 2.31382
-0.08670609 -0.04225288 2.268996
0.07416546 -0.04250736 2.281107
-0.1626465 -0.4155126 2.206138
0.07304659 -0.4150441 2.292198
-0.2285208 -0.7627335 2.248075
0.04216079 -0.7672334 2.292238
-0.2763292 -0.8243214 2.164868
0.06424087 -0.8198478 2.211962
9
-0.006528934 -0.04326353 2.31382
-0.08670609 -0.04225288 2.268996
0.07416546 -0.04250736 2.281107
-0.1626465 -0.4155126 2.206138
0.07304659 -0.4150441 2.292198
-0.2285208 -0.7627335 2.248075
0.04216079 -0.7672334 2.292238
-0.2763292 -0.8243214 2.164868
0.06424087 -0.8198478 2.211962
9
-0.0008637548 -0.04218373 2.311521
-0.08056793 -0.03978981 2.26542
0.07923319 -0.04269331 2.27991
-0.1493714 -0.4164588 2.194085
0.07469341 -0.4143428 2.290822
-0.2112727 -0.7614658 2.243646
0.04231638 -0.7670906 2.292039
-0.2419258 -0.8213479 2.15594
0.06426056 -0.8206077 2.212337
9
-0.0008637548 -0.04218373 2.311521
-0.08056793 -0.03978981 2.26542
0.07923319 -0.04269331 2.27991
-0.1493714 -0.4164588 2.194085
0.07469341 -0.4143428 2.290822
-0.2112727 -0.7614658 2.243646
0.04231638 -0.7670906 2.292039
-0.2419258 -0.8213479 2.15594
0.06426056 -0.8206077 2.212337
9
0.006365184 -0.04123102 2.308558
-0.07414558 -0.03833703 2.262702
0.08675499 -0.04251246 2.276917
-0.1416032 -0.4172306 2.186718
0.07700154 -0.4141875 2.288521
-0.1979304 -0.758934 2.240005
0.04258703 -0.7672759 2.291571
-0.2340681 -0.8199565 2.155282
0.06441614 -0.8212479 2.2124
9
0.006365184 -0.04123102 2.308558
-0.07414558 -0.03833703 2.262702
0.08675499 -0.04251246 2.276917
-0.1416032 -0.4172306 2.186718
0.07700154 -0.4141875 2.288521
-0.1979304 -0.758934 2.240005
0.04258703 -0.7672759 2.291571
-0.2340681 -0.8199565 2.155282
0.06441614 -0.8212479 2.2124
9
0.01149631 -0.0407812 2.306948
-0.06839884 -0.03733658 2.260422
0.09112248 -0.04261199 2.275947
-0.1330697 -0.4156376 2.178805
0.07888354 -0.4169067 2.286023
-0.1873239 -0.755105 2.234492
0.04453872 -0.7657052 2.288948
-0.2136663 -0.8167264 2.153389
0.06362324 -0.8219559 2.213102
9
0.01149631 -0.0407812 2.306948
-0.06839884 -0.03733658 2.260422
0.09112248 -0.04261199 2.275947
-0.1330697 -0.4156376 2.178805
0.07888354 -0.4169067 2.286023
-0.1873239 -0.755105 2.234492
0.04453872 -0.7657052 2.288948
-0.2136663 -0.8167264 2.153389
0.06362324 -0.8219559 2.213102
9
0.01648138 -0.04040411 2.304017
-0.06363642 -0.03657057 2.257079
0.09609072 -0.04270388 2.273501
-0.1266561 -0.416968 2.173796
0.08059816 -0.4197404 2.283706
-0.1780652 -0.7560553 2.230231
0.04478987 -0.7661813 2.289015
-0.2060889 -0.818347 2.146738
0.06378828 -0.8221735 2.213074
9
0.01648138 -0.04040411 2.304017
-0.06363642 -0.03657057 2.257079
0.09609072 -0.04270388 2.273501
-0.1266561 -0.416968 2.173796
0.08059816 -0.4197404 2.283706
-0.1780652 -0.7560553 2.230231
0.04478987 -0.7661813 2.289015
-0.2060889 -0.818347 2.146738
0.06378828 -0.8221735 2.213074
9
0.0201109 -0.04016931 2.301515
-0.05988229 -0.0359653 2.253917
0.09946395 -0.04284971 2.27163
-0.1181441 -0.4263847 2.167829
0.08181273 -0.4221014 2.281693
-0.1693309 -0.7545149 2.223123
0.04642062 -0.7661155 2.286898
-0.1928186 -0.8202144 2.131701
0.06440266 -0.8235123 2.212949
9
0.0201109 -0.04016931 2.301515
-0.05988229 -0.0359653 2.253917
0.09946395 -0.04284971 2.27163
-0.1181441 -0.4263847 2.167829
0.08181273 -0.4221014 2.281693
-0.1693309 -0.7545149 2.223123
0.04642062 -0.7661155 2.286898
-0.1928186 -0.8202144 2.131701
0.06440266 -0.8235123 2.212949
9
0.02413173 -0.04022082 2.299006
-0.05610698 -0.03591138 2.251087
0.1035616 -0.04305353 2.269499
-0.1118975 -0.4266241 2.162519
0.08279053 -0.4241826 2.280354
-0.1540657 -0.758154 2.21079
0.04658802 -0.7664745 2.28716
-0.1836357 -0.8215734 2.120799
0.06368088 -0.8242306 2.21345
9
0.02413173 -0.04022082 2.299006
-0.05610698 -0.03591138 2.251087
0.1035616 -0.04305353 2.269499
-0.1118975 -0.4266241 2.162519
0.08279053 -0.4241826 2.280354
-0.1540657 -0.758154 2.21079
0.04658802 -0.7664745 2.28716
-0.1836357 -0.8215734 2.120799
0.06368088 -0.8242306 2.21345
9
0.02930315 -0.03974143 2.295913
-0.05116808 -0.03526846 2.247249
0.10881 -0.04278095 2.267135
-0.1057717 -0.427082 2.156958
0.08356798 -0.4264255 2.278826
-0.1459502 -0.7565334 2.201278
0.04692002 -0.7655293 2.285227
-0.1742125 -0.8187384 2.111232
0.06354147 -0.8244005 2.2134
9
0.02930315 -0.03974143 2.295913
-0.05116808 -0.03526846 2.247249
0.10881 -0.04278095 2.267135
-0.1057717 -0.427082 2.156958
0.08356798 -0.4264255 2.278826
-0.1459502 -0.7565334 2.201278
0.04692002 -0.7655293 2.285227
-0.1742125 -0.8187384 2.111232
0.06354147 -0.8244005 2.2134
9
0.03242503 -0.03936416 2.29348
-0.04829913 -0.03473098 2.24483
0.1120453 -0.04260875 2.264745
-0.1011791 -0.4269716 2.151749
0.08474328 -0.4298483 2.276191
-0.1398458 -0.7585739 2.189151
0.04702759 -0.7655089 2.283494
-0.1644695 -0.8194557 2.107716
0.06400611 -0.8249328 2.212971
9
0.03242503 -0.03936416 2.29348
-0.04829913 -0.03473098 2.24483
0.1120453 -0.04260875 2.264745
-0.1011791 -0.4269716 2.151749
0.08474328 -0.4298483 2.276191
-0.1398458 -0.7585739 2.189151
0.04702759 -0.7655089 2.283494
-0.1644695 -0.8194557 2.107716
0.06400611 -0.8249328 2.212971
9
0.03483603 -0.03903154 2.290717
-0.0459902 -0.03434573 2.242013
0.114455 -0.0423556 2.262077
-0.09716733 -0.4291076 2.145081
0.08548641 -0.4309593 2.274499
-0.1364203 -0.7610235 2.174337
0.04658261 -0.7661794 2.283523
-0.1505315 -0.8212636 2.057759
0.06402092 -0.825443 2.212932
9
0.03483603 -0.03903154 2.290717
-0.0459902 -0.03434573 2.242013
0.114455 -0.0423556 2.262077
-0.09716733 -0.4291076 2.145081
0.08548641 -0.4309593 2.274499
-0.1364203 -0.7610235 2.174337
0.04658261 -0.7661794 2.283523
-0.1505315 -0.8212636 2.057759
0.06402092 -0.825443 2.212932
9
0.03726716 -0.03854719 2.28783
-0.04348932 -0.03373345 2.238628
0.1167273 -0.04201219 2.259661
-0.09475686 -0.4291005 2.140695
0.08595318 -0.4319918 2.273334
-0.1283675 -0.7639079 2.15063
0.0464619 -0.766139 2.282362
-0.1491436 -0.8258968 2.037493
0.06415612 -0.8257688 2.212671
9
0.03726716 -0.03854719 2.28783
-0.04348932 -0.03373345 2.238628
0.1167273 -0.04201219 2.259661
-0.09475686 -0.4291005 2.140695
0.08595318 -0.4319918 2.273334
-0.1283675 -0.7639079 2.15063
0.0464619 -0.766139 2.282362
-0.1491436 -0.8258968 2.037493
0.06415612 -0.8257688 2.212671
9
0.03726716 -0.03854719 2.28783
-0.04348932 -0.03373345 2.238628
0.1167273 -0.04201219 2.259661
-0.09475686 -0.4291005 2.140695
0.08595318 -0.4319918 2.273334
-0.1283675 -0.7639079 2.15063
0.0464619 -0.766139 2.282362
-0.1491436 -0.8258968 2.037493
0.06415612 -0.8257688 2.212671
