40
9
-0.1442261 -0.03449124 1.943199
-0.2160311 -0.03238993 1.88203
-0.06675231 -0.03522699 1.927304
-0.278531 -0.3929589 1.781131
-0.08220844 -0.4070896 1.974069
-0.3348432 -0.7302544 1.766165
-0.1052781 -0.7525628 2.054472
-0.336741 -0.7874862 1.693716
-0.07412166 -0.8142028 2.004889
9
-0.1371192 -0.03527635 1.952867
-0.2100049 -0.03272468 1.891689
-0.05881806 -0.03645871 1.936959
-0.270908 -0.3976973 1.791038
-0.07856037 -0.4226474 1.993121
-0.3323392 -0.731647 1.767255
-0.1048693 -0.7546354 2.057093
-0.3361138 -0.7872323 1.69232
-0.07378455 -0.8158108 2.005238
9
-0.1371192 -0.03527635 1.952867
-0.2100049 -0.03272468 1.891689
-0.05881806 -0.03645871 1.936959
-0.270908 -0.3976973 1.791038
-0.07856037 -0.4226474 1.993121
-0.3323392 -0.731647 1.767255
-0.1048693 -0.7546354 2.057093
-0.3361138 -0.7872323 1.69232
-0.07378455 -0.8158108 2.005238
9
-0.119882 -0.03628866 1.971348
-0.1927595 -0.0343482 1.912565
-0.04236502 -0.03686255 1.953118
-0.2644021 -0.4018355 1.800429
-0.07269947 -0.4166746 2.001233
-0.3317217 -0.7331195 1.767496
-0.1038842 -0.7551722 2.060828
-0.3354892 -0.787757 1.691018
-0.07341699 -0.8159332 2.00624
9
-0.119882 -0.03628866 1.971348
-0.1927595 -0.0343482 1.912565
-0.04236502 -0.03686255 1.953118
-0.2644021 -0.4018355 1.800429
-0.07269947 -0.4166746 2.001233
-0.3317217 -0.7331195 1.767496
-0.1038842 -0.7551722 2.060828
-0.3354892 -0.787757 1.691018
-0.07341699 -0.8159332 2.00624
9
-0.1105328 -0.03665071 1.983195
-0.1843721 -0.03508113 1.925221
-0.03244865 -0.03682479 1.964075
-0.257764 -0.4042434 1.811357
-0.06622325 -0.4135366 2.011461
-0.3311908 -0.7339729 1.767951
-0.1019617 -0.7558213 2.064008
-0.3333787 -0.7874387 1.6893
-0.0734303 -0.8167124 2.00727
9
-0.1105328 -0.03665071 1.983195
-0.1843721 -0.03508113 1.925221
-0.03244865 -0.03682479 1.964075
-0.257764 -0.4042434 1.811357
-0.06622325 -0.4135366 2.011461
-0.3311908 -0.7339729 1.767951
-0.1019617 -0.7558213 2.064008
-0.3333787 -0.7874387 1.6893
-0.0734303 -0.8167124 2.00727
9
-0.1028563 -0.03660208 1.996532
-0.1764171 -0.03499683 1.94029
-0.0253879 -0.03680259 1.975688
-0.2545819 -0.404141 1.820933
-0.06132559 -0.4112197 2.022281
-0.3282233 -0.7320454 1.769512
-0.1005628 -0.7558814 2.068298
-0.3312272 -0.7851465 1.690377
-0.07352637 -0.816084 2.007678
9
-0.1028563 -0.03660208 1.996532
-0.1764171 -0.03499683 1.94029
-0.0253879 -0.03680259 1.975688
-0.2545819 -0.404141 1.820933
-0.06132559 -0.4112197 2.022281
-0.3282233 -0.7320454 1.769512
-0.1005628 -0.7558814 2.068298
-0.3312272 -0.7851465 1.690377
-0.07352637 -0.816084 2.007678
9
-0.0981728 -0.03581665 2.008186
-0.1721908 -0.03407714 1.95302
-0.02048087 -0.03617623 1.98623
-0.2530947 -0.4066726 1.829077
-0.0571429 -0.4087948 2.032086
-0.3235551 -0.7278449 1.773323
-0.09934898 -0.7554024 2.071397
-0.3292748 -0.7806332 1.694156
-0.07361428 -0.8156728 2.009671
9
-0.0981728 -0.03581665 2.008186
-0.1721908 -0.03407714 1.95302
-0.02048087 -0.03617623 1.98623
-0.2530947 -0.4066726 1.829077
-0.0571429 -0.4087948 2.032086
-0.3235551 -0.7278449 1.773323
-0.09934898 -0.7554024 2.071397
-0.3292748 -0.7806332 1.694156
-0.07361428 -0.8156728 2.009671
9
-0.09455287 -0.03482313 2.017952
-0.1694419 -0.03299235 1.962639
-0.01608998 -0.03532271 1.996103
-0.2524394 -0.4102887 1.837924
-0.05563737 -0.4097232 2.041062
-0.3193428 -0.7264313 1.783652
-0.09861007 -0.7546127 2.073222
-0.3282893 -0.7765321 1.69712
-0.0738399 -0.8149999 2.010908
9
-0.09455287 -0.03482313 2.017952
-0.1694419 -0.03299235 1.962639
-0.01608998 -0.03532271 1.996103
-0.2524394 -0.4102887 1.837924
-0.05563737 -0.4097232 2.041062
-0.3193428 -0.7264313 1.783652
-0.09861007 -0.7546127 2.073222
-0.3282893 -0.7765321 1.69712
-0.0738399 -0.8149999 2.010908
9
-0.09193037 -0.03345918 2.025458
-0.1675775 -0.03098944 1.970667
-0.0128262 -0.03461147 2.003154
-0.2508774 -0.4093577 1.847056
-0.05359043 -0.4089461 2.046514
-0.3157468 -0.7268879 1.799863
-0.09845491 -0.7541458 2.075672
-0.32717 -0.7793512 1.714713
-0.07426067 -0.8145449 2.012848
9
-0.09193037 -0.03345918 2.025458
-0.1675775 -0.03098944 1.970667
-0.0128262 -0.03461147 2.003154
-0.2508774 -0.4093577 1.847056
-0.05359043 -0.4089461 2.046514
-0.3157468 -0.7268879 1.799863
-0.09845491 -0.7541458 2.075672
-0.32717 -0.7793512 1.714713
-0.07426067 -0.8145449 2.012848
9
-0.09057711 -0.03245152 2.032244
-0.1668911 -0.02963142 1.978512
-0.01095259 -0.03396737 2.008935
-0.2496613 -0.4130807 1.857232
-0.05150976 -0.4088626 2.051053
-0.3174004 -0.7332844 1.813364
-0.09779456 -0.7542116 2.077243
-0.3253088 -0.7847512 1.726127
-0.07429046 -0.8142555 2.012944
9
-0.09057711 -0.03245152 2.032244
-0.1668911 -0.02963142 1.978512
-0.01095259 -0.03396737 2.008935
-0.2496613 -0.4130807 1.857232
-0.05150976 -0.4088626 2.051053
-0.3174004 -0.7332844 1.813364
-0.09779456 -0.7542116 2.077243
-0.3253088 -0.7847512 1.726127
-0.07429046 -0.8142555 2.012944
9
-0.08835892 -0.03201483 2.041201
-0.1652669 -0.02832639 1.987736
-0.008204309 -0.03443048 2.017576
-0.2474919 -0.4120656 1.866686
-0.05051007 -0.4096846 2.05742
-0.3174301 -0.7397841 1.845206
-0.09799139 -0.7546315 2.078295
-0.3273387 -0.7906397 1.763897
-0.07451433 -0.8147067 2.014054
9
-0.08835892 -0.03201483 2.041201
-0.1652669 -0.02832639 1.987736
-0.008204309 -0.03443048 2.017576
-0.2474919 -0.4120656 1.866686
-0.05051007 -0.4096846 2.05742
-0.3174301 -0.7397841 1.845206
-0.09799139 -0.7546315 2.078295
-0.3273387 -0.7906397 1.763897
-0.07451433 -0.8147067 2.014054
9
-0.08835892 -0.03201483 2.041201
-0.1652669 -0.02832639 1.987736
-0.008204309 -0.03443048 2.017576
-0.2474919 -0.4120656 1.866686
-0.05051007 -0.4096846 2.05742
-0.3174301 -0.7397841 1.845206
-0.09799139 -0.7546315 2.078295
-0.3273387 -0.7906397 1.763897
-0.07451433 -0.8147067 2.014054
9
-0.08835892 -0.03201483 2.041201
-0.1652669 -0.02832639 1.987736
-0.008204309 -0.03443048 2.017576
-0.2474919 -0.4120656 1.866686
-0.05051007 -0.4096846 2.05742
-0.3174301 -0.7397841 1.845206
-0.09799139 -0.7546315 2.078295
-0.3273387 -0.7906397 1.763897
-0.07451433 -0.8147067 2.014054
9
-0.0860811 -0.02981576 2.05479
-0.163683 -0.02529306 2.000421
-0.005275504 -0.0332446 2.032022
-0.2424802 -0.4096514 1.895162
-0.04819398 -0.4086669 2.066619
-0.3167964 -0.7390257 1.907741
-0.09804884 -0.7547969 2.080225
-0.3261948 -0.7931828 1.830302
-0.07491528 -0.8145422 2.014894
9
-0.0860811 -0.02981576 2.05479
-0.163683 -0.02529306 2.000421
-0.005275504 -0.0332446 2.032022
-0.2424802 -0.4096514 1.895162
-0.04819398 -0.4086669 2.066619
-0.3167964 -0.7390257 1.907741
-0.09804884 -0.7547969 2.080225
-0.3261948 -0.7931828 1.830302
-0.07491528 -0.8145422 2.014894
9
-0.0860811 -0.02981576 2.05479
-0.163683 -0.02529306 2.000421
-0.005275504 -0.0332446 2.032022
-0.2424802 -0.4096514 1.895162
-0.04819398 -0.4086669 2.066619
-0.3167964 -0.7390257 1.907741
-0.09804884 -0.7547969 2.080225
-0.3261948 -0.7931828 1.830302
-0.07491528 -0.8145422 2.014894
9
-0.08720692 -0.02993407 2.061436
-0.1656078 -0.02448096 2.00834
-0.005710385 -0.03412269 2.037557
-0.2416792 -0.4058496 1.903684
-0.04747351 -0.4080791 2.071687
-0.3167599 -0.7356033 1.923096
-0.09815505 -0.7546681 2.081476
-0.3289379 -0.7953756 1.857243
-0.07522132 -0.8146359 2.016519
9
-0.08720692 -0.02993407 2.061436
-0.1656078 -0.02448096 2.00834
-0.005710385 -0.03412269 2.037557
-0.2416792 -0.4058496 1.903684
-0.04747351 -0.4080791 2.071687
-0.3167599 -0.7356033 1.923096
-0.09815505 -0.7546681 2.081476
-0.3289379 -0.7953756 1.857243
-0.07522132 -0.8146359 2.016519
9
-0.08680336 -0.02987158 2.067972
-0.1648503 -0.02413194 2.014963
-0.005633611 -0.03439463 2.043839
-0.2421748 -0.4062084 1.919198
-0.04723484 -0.4085165 2.076
-0.3150689 -0.7360981 1.955824
-0.09793767 -0.7546132 2.084604
-0.329726 -0.7960841 1.876049
-0.07576454 -0.814261 2.018309
9
-0.08693586 -0.02941918 2.071957
-0.1649971 -0.02351535 2.019439
-0.005731284 -0.03413668 2.047304
-0.242538 -0.4066356 1.938305
-0.04735404 -0.4076225 2.081313
-0.3141366 -0.7405274 1.975781
-0.09812657 -0.7551649 2.086442
-0.3322799 -0.8020192 1.905631
-0.07590836 -0.8142536 2.018892
9
-0.08693586 -0.02941918 2.071957
-0.1649971 -0.02351535 2.019439
-0.005731284 -0.03413668 2.047304
-0.242538 -0.4066356 1.938305
-0.04735404 -0.4076225 2.081313
-0.3141366 -0.7405274 1.975781
-0.09812657 -0.7551649 2.086442
-0.3322799 -0.8020192 1.905631
-0.07590836 -0.8142536 2.018892
9
-0.08693586 -0.02941918 2.071957
-0.1649971 -0.02351535 2.019439
-0.005731284 -0.03413668 2.047304
-0.242538 -0.4066356 1.938305
-0.04735404 -0.4076225 2.081313
-0.3141366 -0.7405274 1.975781
-0.09812657 -0.7551649 2.086442
-0.3322799 -0.8020192 1.905631
-0.07590836 -0.8142536 2.018892
9
-0.08801813 -0.02950568 2.077216
-0.166126 -0.02321224 2.025482
-0.006713505 -0.03458599 2.051807
-0.2428748 -0.4068563 1.950327
-0.04755523 -0.4076664 2.085692
-0.3155566 -0.7520705 2.012011
-0.09797987 -0.7559271 2.088375
-0.3318097 -0.8027871 1.925964
-0.07542644 -0.8146567 2.020251
9
-0.08801813 -0.02950568 2.077216
-0.166126 -0.02321224 2.025482
-0.006713505 -0.03458599 2.051807
-0.2428748 -0.4068563 1.950327
-0.04755523 -0.4076664 2.085692
-0.3155566 -0.7520705 2.012011
-0.09797987 -0.7559271 2.088375
-0.3318097 -0.8027871 1.925964
-0.07542644 -0.8146567 2.020251
9
-0.08801813 -0.02950568 2.077216
-0.166126 -0.02321224 2.025482
-0.006713505 -0.03458599 2.051807
-0.2428748 -0.4068563 1.950327
-0.04755523 -0.4076664 2.085692
-0.3155566 -0.7520705 2.012011
-0.09797987 -0.7559271 2.088375
-0.3318097 -0.8027871 1.925964
-0.07542644 -0.8146567 2.020251
9
-0.09161858 -0.03066137 2.087427
-0.1694976 -0.02337616 2.037127
-0.01039232 -0.03664891 2.060705
-0.2462755 -0.4071335 1.98384
-0.05012223 -0.4096244 2.09436
-0.3047422 -0.7460843 2.062411
-0.09768928 -0.7561163 2.090212
-0.328125 -0.8056641 1.990234
-0.07546848 -0.8148051 2.021775
9
-0.09161858 -0.03066137 2.087427
-0.1694976 -0.02337616 2.037127
-0.01039232 -0.03664891 2.060705
-0.2462755 -0.4071335 1.98384
-0.05012223 -0.4096244 2.09436
-0.3047422 -0.7460843 2.062411
-0.09768928 -0.7561163 2.090212
-0.328125 -0.8056641 1.990234
-0.07546848 -0.8148051 2.021775
9
-0.0939422 -0.03085683 2.092173
-0.1716183 -0.02312967 2.04202
-0.01282495 -0.03732431 2.065221
-0.2474359 -0.4086333 1.992856
-0.05104259 -0.4088855 2.096447
-0.3069216 -0.7471299 2.071947
-0.09731749 -0.7561721 2.092099
-0.3279008 -0.8077562 1.994419
-0.0756365 -0.8145042 2.022561
9
-0.0939422 -0.03085683 2.092173
-0.1716183 -0.02312967 2.04202
-0.01282495 -0.03732431 2.065221
-0.2474359 -0.4086333 1.992856
-0.05104259 -0.4088855 2.096447
-0.3069216 -0.7471299 2.071947
-0.09731749 -0.7561721 2.092099
-0.3279008 -0.8077562 1.994419
-0.0756365 -0.8145042 2.022561
9
-0.09659963 -0.03119193 2.09626
-0.1745182 -0.02313009 2.047334
-0.01515639 -0.03794229 2.068224
-0.2478118 -0.4102188 2.005157
-0.05212199 -0.4086376 2.098464
-0.3058081 -0.7469897 2.08724
-0.09746486 -0.7557204 2.093375
-0.3264759 -0.8143557 2.019607
-0.07586677 -0.8137141 2.02306
9
-0.09659963 -0.03119193 2.09626
-0.1745182 -0.02313009 2.047334
-0.01515639 -0.03794229 2.068224
-0.2478118 -0.4102188 2.005157
-0.05212199 -0.4086376 2.098464
-0.3058081 -0.7469897 2.08724
-0.09746486 -0.7557204 2.093375
-0.3264759 -0.8143557 2.019607
-0.07586677 -0.8137141 2.02306
9
-0.1003407 -0.03131745 2.101389
-0.1784175 -0.02280052 2.05426
-0.01858042 -0.03847066 2.071766
-0.2487328 -0.4091916 2.015954
-0.053695 -0.4083348 2.101373
-0.3022231 -0.7509599 2.110726
-0.09747133 -0.7555477 2.093812
-0.3244477 -0.8150293 2.039159
-0.07590871 -0.8134218 2.023224
