40
9
-0.1612392 -0.01905735 1.818856
-0.2395205 -0.01986479 1.7729
-0.07625271 -0.01744247 1.787743
-0.2626611 -0.3739052 1.744393
-0.007875122 -0.4137847 1.77058
-0.2466646 -0.7287966 1.769284
0.0445269 -0.7355314 1.776567
-0.2494586 -0.7903001 1.697018
0.07991798 -0.7940614 1.703895
9
-0.1612392 -0.01905735 1.818856
-0.2395205 -0.01986479 1.7729
-0.07625271 -0.01744247 1.787743
-0.2626611 -0.3739052 1.744393
-0.007875122 -0.4137847 1.77058
-0.2466646 -0.7287966 1.769284
0.0445269 -0.7355314 1.776567
-0.2494586 -0.7903001 1.697018
0.07991798 -0.7940614 1.703895
9
-0.164718 -0.01857217 1.820737
-0.2429192 -0.02014958 1.774945
-0.07972643 -0.01618863 1.789503
-0.2644098 -0.3748045 1.745514
-0.01286619 -0.4125651 1.771841
-0.2471658 -0.7287697 1.769685
0.0317065 -0.7351742 1.790671
-0.2493719 -0.7900798 1.697797
0.04203412 -0.7579552 1.668483
9
-0.164718 -0.01857217 1.820737
-0.2429192 -0.02014958 1.774945
-0.07972643 -0.01618863 1.789503
-0.2644098 -0.3748045 1.745514
-0.01286619 -0.4125651 1.771841
-0.2471658 -0.7287697 1.769685
0.0317065 -0.7351742 1.790671
-0.2493719 -0.7900798 1.697797
0.04203412 -0.7579552 1.668483
9
-0.1677972 -0.01822807 1.821697
-0.2459395 -0.02039034 1.775977
-0.08273989 -0.01526932 1.790391
-0.2653408 -0.3754252 1.746836
-0.01775309 -0.4114857 1.773645
-0.2476607 -0.7287497 1.769805
0.02392341 -0.7373611 1.802014
-0.249542 -0.7908921 1.698609
0.04998158 -0.7952112 1.740942
9
-0.1677972 -0.01822807 1.821697
-0.2459395 -0.02039034 1.775977
-0.08273989 -0.01526932 1.790391
-0.2653408 -0.3754252 1.746836
-0.01775309 -0.4114857 1.773645
-0.2476607 -0.7287497 1.769805
0.02392341 -0.7373611 1.802014
-0.249542 -0.7908921 1.698609
0.04998158 -0.7952112 1.740942
9
-0.170146 -0.01810392 1.822639
-0.2483544 -0.02083417 1.777124
-0.08495934 -0.0146164 1.791157
-0.2662958 -0.3769106 1.748545
-0.02213724 -0.408634 1.775901
-0.2484687 -0.7285995 1.769942
0.01217424 -0.7365392 1.824641
-0.2497431 -0.7910848 1.698938
0.04619541 -0.7944041 1.746942
9
-0.170146 -0.01810392 1.822639
-0.2483544 -0.02083417 1.777124
-0.08495934 -0.0146164 1.791157
-0.2662958 -0.3769106 1.748545
-0.02213724 -0.408634 1.775901
-0.2484687 -0.7285995 1.769942
0.01217424 -0.7365392 1.824641
-0.2497431 -0.7910848 1.698938
0.04619541 -0.7944041 1.746942
9
-0.170146 -0.01810392 1.822639
-0.2483544 -0.02083417 1.777124
-0.08495934 -0.0146164 1.791157
-0.2662958 -0.3769106 1.748545
-0.02213724 -0.408634 1.775901
-0.2484687 -0.7285995 1.769942
0.01217424 -0.7365392 1.824641
-0.2497431 -0.7910848 1.698938
0.04619541 -0.7944041 1.746942
9
-0.170146 -0.01810392 1.822639
-0.2483544 -0.02083417 1.777124
-0.08495934 -0.0146164 1.791157
-0.2662958 -0.3769106 1.748545
-0.02213724 -0.408634 1.775901
-0.2484687 -0.7285995 1.769942
0.01217424 -0.7365392 1.824641
-0.2497431 -0.7910848 1.698938
0.04619541 -0.7944041 1.746942
9
-0.1729387 -0.01797256 1.823527
-0.2511832 -0.02128136 1.778282
-0.08761411 -0.01393656 1.791794
-0.2677171 -0.3809913 1.751779
-0.03135088 -0.4033618 1.783068
-0.2489734 -0.7285956 1.77014
-0.005011423 -0.7434329 1.864192
-0.2498188 -0.7909308 1.699015
0.02176621 -0.804305 1.812476
9
-0.1729387 -0.01797256 1.823527
-0.2511832 -0.02128136 1.778282
-0.08761411 -0.01393656 1.791794
-0.2677171 -0.3809913 1.751779
-0.03135088 -0.4033618 1.783068
-0.2489734 -0.7285956 1.77014
-0.005011423 -0.7434329 1.864192
-0.2498188 -0.7909308 1.699015
0.02176621 -0.804305 1.812476
9
-0.1743527 -0.01794259 1.824328
-0.2526089 -0.02172503 1.779629
-0.08904001 -0.01349065 1.792178
-0.2684307 -0.3826872 1.75296
-0.0347959 -0.400546 1.7864
-0.2491312 -0.7288268 1.770273
-0.008383106 -0.7433912 1.871672
-0.2499275 -0.7915789 1.700158
0.02090757 -0.8036122 1.816903
9
-0.1743527 -0.01794259 1.824328
-0.2526089 -0.02172503 1.779629
-0.08904001 -0.01349065 1.792178
-0.2684307 -0.3826872 1.75296
-0.0347959 -0.400546 1.7864
-0.2491312 -0.7288268 1.770273
-0.008383106 -0.7433912 1.871672
-0.2499275 -0.7915789 1.700158
0.02090757 -0.8036122 1.816903
9
-0.1761462 -0.01850664 1.825325
-0.2544775 -0.02263658 1.781525
-0.09069071 -0.01376366 1.792472
-0.2692353 -0.3848272 1.754456
-0.03936383 -0.4005437 1.792401
-0.2493002 -0.7289064 1.770375
-0.01527955 -0.7438832 1.888197
-0.2499239 -0.7914332 1.700371
0.02098508 -0.805173 1.820663
9
-0.1761462 -0.01850664 1.825325
-0.2544775 -0.02263658 1.781525
-0.09069071 -0.01376366 1.792472
-0.2692353 -0.3848272 1.754456
-0.03936383 -0.4005437 1.792401
-0.2493002 -0.7289064 1.770375
-0.01527955 -0.7438832 1.888197
-0.2499239 -0.7914332 1.700371
0.02098508 -0.805173 1.820663
9
-0.1772487 -0.01894245 1.826612
-0.25554 -0.02321038 1.783508
-0.09167676 -0.01403671 1.793131
-0.2699978 -0.3859605 1.755804
-0.04238657 -0.4015194 1.799692
-0.2499021 -0.7291871 1.770958
-0.0191618 -0.746518 1.90756
-0.2500707 -0.7911097 1.700904
-0.01259285 -0.7694316 1.784488
9
-0.1772487 -0.01894245 1.826612
-0.25554 -0.02321038 1.783508
-0.09167676 -0.01403671 1.793131
-0.2699978 -0.3859605 1.755804
-0.04238657 -0.4015194 1.799692
-0.2499021 -0.7291871 1.770958
-0.0191618 -0.746518 1.90756
-0.2500707 -0.7911097 1.700904
-0.01259285 -0.7694316 1.784488
9
-0.1777898 -0.01938367 1.827759
-0.2561176 -0.02390278 1.785463
-0.09207313 -0.01423945 1.793602
-0.2702588 -0.3870331 1.757226
-0.04459139 -0.4031959 1.807234
-0.2501549 -0.7294554 1.771511
-0.01942451 -0.7474627 1.919162
-0.2499874 -0.7912106 1.700971
0.009232128 -0.8092105 1.873979
9
-0.1777898 -0.01938367 1.827759
-0.2561176 -0.02390278 1.785463
-0.09207313 -0.01423945 1.793602
-0.2702588 -0.3870331 1.757226
-0.04459139 -0.4031959 1.807234
-0.2501549 -0.7294554 1.771511
-0.01942451 -0.7474627 1.919162
-0.2499874 -0.7912106 1.700971
0.009232128 -0.8092105 1.873979
9
-0.1778708 -0.01970368 1.829423
-0.2560737 -0.02411966 1.787973
-0.09220137 -0.01454098 1.794445
-0.2702454 -0.3869641 1.757759
-0.04539384 -0.4041503 1.814639
-0.2502102 -0.7294972 1.771486
-0.01959292 -0.7476942 1.93387
-0.2496129 -0.7902772 1.701605
0.01049911 -0.8081201 1.875836
9
-0.1778708 -0.01970368 1.829423
-0.2560737 -0.02411966 1.787973
-0.09220137 -0.01454098 1.794445
-0.2702454 -0.3869641 1.757759
-0.04539384 -0.4041503 1.814639
-0.2502102 -0.7294972 1.771486
-0.01959292 -0.7476942 1.93387
-0.2496129 -0.7902772 1.701605
0.01049911 -0.8081201 1.875836
9
-0.1778708 -0.01970368 1.829423
-0.2560737 -0.02411966 1.787973
-0.09220137 -0.01454098 1.794445
-0.2702454 -0.3869641 1.757759
-0.04539384 -0.4041503 1.814639
-0.2502102 -0.7294972 1.771486
-0.01959292 -0.7476942 1.93387
-0.2496129 -0.7902772 1.701605
0.01049911 -0.8081201 1.875836
9
-0.1778708 -0.01970368 1.829423
-0.2560737 -0.02411966 1.787973
-0.09220137 -0.01454098 1.794445
-0.2702454 -0.3869641 1.757759
-0.04539384 -0.4041503 1.814639
-0.2502102 -0.7294972 1.771486
-0.01959292 -0.7476942 1.93387
-0.2496129 -0.7902772 1.701605
0.01049911 -0.8081201 1.875836
9
-0.1741713 -0.02087413 1.835092
-0.2518731 -0.02511127 1.794301
-0.08920938 -0.01575335 1.799118
-0.2695741 -0.3868966 1.759332
-0.04297009 -0.4023023 1.825995
-0.2507753 -0.7288029 1.771956
-0.01868539 -0.7458335 1.954422
-0.2493553 -0.789971 1.701846
0.01251694 -0.8063923 1.906439
9
-0.1741713 -0.02087413 1.835092
-0.2518731 -0.02511127 1.794301
-0.08920938 -0.01575335 1.799118
-0.2695741 -0.3868966 1.759332
-0.04297009 -0.4023023 1.825995
-0.2507753 -0.7288029 1.771956
-0.01868539 -0.7458335 1.954422
-0.2493553 -0.789971 1.701846
0.01251694 -0.8063923 1.906439
9
-0.171039 -0.02158201 1.839633
-0.2486967 -0.02540962 1.798971
-0.08626572 -0.01682656 1.80338
-0.268388 -0.3861078 1.760982
-0.03912621 -0.3998177 1.834174
-0.2512548 -0.728929 1.772144
-0.01458417 -0.7466466 1.96272
-0.249257 -0.7892241 1.701201
0.0162759 -0.8072242 1.913996
9
-0.171039 -0.02158201 1.839633
-0.2486967 -0.02540962 1.798971
-0.08626572 -0.01682656 1.80338
-0.268388 -0.3861078 1.760982
-0.03912621 -0.3998177 1.834174
-0.2512548 -0.728929 1.772144
-0.01458417 -0.7466466 1.96272
-0.249257 -0.7892241 1.701201
0.0162759 -0.8072242 1.913996
9
-0.1664724 -0.02219188 1.844164
-0.2440341 -0.02571298 1.803801
-0.08197852 -0.01771017 1.807534
-0.2668526 -0.3870056 1.76284
-0.03557718 -0.4044361 1.844697
-0.2513625 -0.7292903 1.77203
-0.01005657 -0.7462941 1.968379
-0.2497236 -0.7887287 1.699523
0.01830408 -0.8083578 1.922738
9
-0.1664724 -0.02219188 1.844164
-0.2440341 -0.02571298 1.803801
-0.08197852 -0.01771017 1.807534
-0.2668526 -0.3870056 1.76284
-0.03557718 -0.4044361 1.844697
-0.2513625 -0.7292903 1.77203
-0.01005657 -0.7462941 1.968379
-0.2497236 -0.7887287 1.699523
0.01830408 -0.8083578 1.922738
9
-0.1599287 -0.02271148 1.849185
-0.2372481 -0.02580078 1.809021
-0.07592808 -0.01863502 1.812296
-0.2637043 -0.3895362 1.765755
-0.03018789 -0.4066484 1.852539
-0.2514966 -0.7297409 1.772601
-0.007257335 -0.7458478 1.971283
-0.249598 -0.7888381 1.700392
0.02163799 -0.8075825 1.924719
9
-0.1599287 -0.02271148 1.849185
-0.2372481 -0.02580078 1.809021
-0.07592808 -0.01863502 1.812296
-0.2637043 -0.3895362 1.765755
-0.03018789 -0.4066484 1.852539
-0.2514966 -0.7297409 1.772601
-0.007257335 -0.7458478 1.971283
-0.249598 -0.7888381 1.700392
0.02163799 -0.8075825 1.924719
9
-0.1599287 -0.02271148 1.849185
-0.2372481 -0.02580078 1.809021
-0.07592808 -0.01863502 1.812296
-0.2637043 -0.3895362 1.765755
-0.03018789 -0.4066484 1.852539
-0.2514966 -0.7297409 1.772601
-0.007257335 -0.7458478 1.971283
-0.249598 -0.7888381 1.700392
0.02163799 -0.8075825 1.924719
9
-0.1599287 -0.02271148 1.849185
-0.2372481 -0.02580078 1.809021
-0.07592808 -0.01863502 1.812296
-0.2637043 -0.3895362 1.765755
-0.03018789 -0.4066484 1.852539
-0.2514966 -0.7297409 1.772601
-0.007257335 -0.7458478 1.971283
-0.249598 -0.7888381 1.700392
0.02163799 -0.8075825 1.924719
9
-0.139389 -0.02413468 1.867447
-0.2164972 -0.02665163 1.826882
-0.05650297 -0.02060551 1.830826
-0.25653 -0.3921413 1.770037
-0.0193662 -0.4070936 1.868328
-0.2513251 -0.7297664 1.772978
-0.002043918 -0.7476386 1.98132
-0.2484809 -0.7875839 1.701048
0.02329924 -0.8087669 1.925804
9
-0.139389 -0.02413468 1.867447
-0.2164972 -0.02665163 1.826882
-0.05650297 -0.02060551 1.830826
-0.25653 -0.3921413 1.770037
-0.0193662 -0.4070936 1.868328
-0.2513251 -0.7297664 1.772978
-0.002043918 -0.7476386 1.98132
-0.2484809 -0.7875839 1.701048
0.02329924 -0.8087669 1.925804
9
-0.1312154 -0.02439879 1.873762
-0.20847 -0.02693659 1.833003
-0.04854015 -0.02084683 1.837305
-0.2497212 -0.3948443 1.774077
-0.01072728 -0.4199542 1.885539
-0.2509853 -0.7297906 1.773234
-0.001204246 -0.7471315 1.983161
-0.2477981 -0.7876867 1.701435
0.02381042 -0.8083981 1.927688
9
-0.1312154 -0.02439879 1.873762
-0.20847 -0.02693659 1.833003
-0.04854015 -0.02084683 1.837305
-0.2497212 -0.3948443 1.774077
-0.01072728 -0.4199542 1.885539
-0.2509853 -0.7297906 1.773234
-0.001204246 -0.7471315 1.983161
-0.2477981 -0.7876867 1.701435
0.02381042 -0.8083981 1.927688
9
-0.1208023 -0.02487297 1.881546
-0.1981037 -0.02760945 1.84081
-0.03852616 -0.02111291 1.845032
-0.2430768 -0.3968778 1.777543
-0.008213516 -0.4221667 1.892008
-0.2505607 -0.7296655 1.77349
-0.0004476392 -0.745918 1.985199
-0.2469998 -0.7873096 1.701183
0.02397136 -0.8083903 1.929498
9
-0.1208023 -0.02487297 1.881546
-0.1981037 -0.02760945 1.84081
-0.03852616 -0.02111291 1.845032
-0.2430768 -0.3968778 1.777543
-0.008213516 -0.4221667 1.892008
-0.2505607 -0.7296655 1.77349
-0.0004476392 -0.745918 1.985199
-0.2469998 -0.7873096 1.701183
0.02397136 -0.8083903 1.929498
