40
9
0.12188 -0.03401623 1.871673
0.0350707 -0.03193041 1.839001
0.2033798 -0.03379007 1.825494
-0.01208098 -0.4340136 1.785525
0.1971448 -0.4142866 1.851688
-0.05608022 -0.7710088 1.823409
0.1578102 -0.7525861 1.86676
-0.09509277 -0.8208008 1.709961
0.1602649 -0.8206725 1.773974
9
0.1208634 -0.03362823 1.868025
0.03345595 -0.03111095 1.833799
0.2029549 -0.03390986 1.823584
-0.015267 -0.4375358 1.776756
0.1959962 -0.4144111 1.851073
-0.06592812 -0.7752531 1.806424
0.1574614 -0.752692 1.866065
-0.09775792 -0.8234474 1.700615
0.1606456 -0.8200932 1.772398
9
0.1208634 -0.03362823 1.868025
0.03345595 -0.03111095 1.833799
0.2029549 -0.03390986 1.823584
-0.015267 -0.4375358 1.776756
0.1959962 -0.4144111 1.851073
-0.06592812 -0.7752531 1.806424
0.1574614 -0.752692 1.866065
-0.09775792 -0.8234474 1.700615
0.1606456 -0.8200932 1.772398
9
0.1196951 -0.03302067 1.865691
0.03199226 -0.03021435 1.830088
0.2022433 -0.03372322 1.8226
-0.01894661 -0.4402412 1.770572
0.1940228 -0.414029 1.850207
-0.0717101 -0.7753357 1.789305
0.1574642 -0.7525733 1.865868
-0.09804702 -0.8166964 1.676002
0.1606569 -0.8200364 1.772288
9
0.1196951 -0.03302067 1.865691
0.03199226 -0.03021435 1.830088
0.2022433 -0.03372322 1.8226
-0.01894661 -0.4402412 1.770572
0.1940228 -0.414029 1.850207
-0.0717101 -0.7753357 1.789305
0.1574642 -0.7525733 1.865868
-0.09804702 -0.8166964 1.676002
0.1606569 -0.8200364 1.772288
9
0.1179183 -0.03268422 1.86303
0.03019474 -0.0297881 1.826825
0.2007197 -0.03365133 1.820839
-0.02352389 -0.4405291 1.765101
0.1917163 -0.4157067 1.849641
-0.07493949 -0.7749482 1.779825
0.1569661 -0.7530243 1.865235
-0.1011526 -0.8189277 1.668526
0.1606589 -0.8208111 1.772184
9
0.1179183 -0.03268422 1.86303
0.03019474 -0.0297881 1.826825
0.2007197 -0.03365133 1.820839
-0.02352389 -0.4405291 1.765101
0.1917163 -0.4157067 1.849641
-0.07493949 -0.7749482 1.779825
0.1569661 -0.7530243 1.865235
-0.1011526 -0.8189277 1.668526
0.1606589 -0.8208111 1.772184
9
0.1150486 -0.03227286 1.860106
0.02718623 -0.02940061 1.822809
0.1981609 -0.03338937 1.819045
-0.03091312 -0.4500065 1.759953
0.1884601 -0.4165745 1.849181
-0.08028852 -0.7800859 1.765333
0.1569685 -0.753049 1.865047
-0.1076682 -0.8239884 1.647149
0.1606665 -0.8205987 1.771665
9
0.1150486 -0.03227286 1.860106
0.02718623 -0.02940061 1.822809
0.1981609 -0.03338937 1.819045
-0.03091312 -0.4500065 1.759953
0.1884601 -0.4165745 1.849181
-0.08028852 -0.7800859 1.765333
0.1569685 -0.753049 1.865047
-0.1076682 -0.8239884 1.647149
0.1606665 -0.8205987 1.771665
9
0.1096972 -0.03126748 1.856119
0.02206111 -0.02836675 1.818067
0.1928315 -0.03259916 1.81601
-0.03445661 -0.4505748 1.758288
0.1847214 -0.4161669 1.84883
-0.08326908 -0.7828072 1.759834
0.1570136 -0.7532449 1.864915
-0.1120592 -0.8262596 1.638612
0.1605743 -0.8208405 1.77159
9
0.1096972 -0.03126748 1.856119
0.02206111 -0.02836675 1.818067
0.1928315 -0.03259916 1.81601
-0.03445661 -0.4505748 1.758288
0.1847214 -0.4161669 1.84883
-0.08326908 -0.7828072 1.759834
0.1570136 -0.7532449 1.864915
-0.1120592 -0.8262596 1.638612
0.1605743 -0.8208405 1.77159
9
0.1096972 -0.03126748 1.856119
0.02206111 -0.02836675 1.818067
0.1928315 -0.03259916 1.81601
-0.03445661 -0.4505748 1.758288
0.1847214 -0.4161669 1.84883
-0.08326908 -0.7828072 1.759834
0.1570136 -0.7532449 1.864915
-0.1120592 -0.8262596 1.638612
0.1605743 -0.8208405 1.77159
9
0.1096972 -0.03126748 1.856119
0.02206111 -0.02836675 1.818067
0.1928315 -0.03259916 1.81601
-0.03445661 -0.4505748 1.758288
0.1847214 -0.4161669 1.84883
-0.08326908 -0.7828072 1.759834
0.1570136 -0.7532449 1.864915
-0.1120592 -0.8262596 1.638612
0.1605743 -0.8208405 1.77159
9
0.0976873 -0.02964365 1.847993
0.01002107 -0.0271058 1.807864
0.18123 -0.03083245 1.809948
-0.03978252 -0.447851 1.756454
0.1765008 -0.416848 1.847265
-0.08347657 -0.7819968 1.758987
0.1571763 -0.752831 1.86451
-0.1115647 -0.8252937 1.638914
0.1603479 -0.820914 1.771825
9
0.0976873 -0.02964365 1.847993
0.01002107 -0.0271058 1.807864
0.18123 -0.03083245 1.809948
-0.03978252 -0.447851 1.756454
0.1765008 -0.416848 1.847265
-0.08347657 -0.7819968 1.758987
0.1571763 -0.752831 1.86451
-0.1115647 -0.8252937 1.638914
0.1603479 -0.820914 1.771825
9
0.0976873 -0.02964365 1.847993
0.01002107 -0.0271058 1.807864
0.18123 -0.03083245 1.809948
-0.03978252 -0.447851 1.756454
0.1765008 -0.416848 1.847265
-0.08347657 -0.7819968 1.758987
0.1571763 -0.752831 1.86451
-0.1115647 -0.8252937 1.638914
0.1603479 -0.820914 1.771825
9
0.08988186 -0.0293743 1.843692
0.002912863 -0.0268755 1.803239
0.1730601 -0.03057452 1.806154
-0.04420121 -0.445086 1.75536
0.1707155 -0.4177211 1.845454
-0.08378711 -0.7795559 1.758396
0.1572721 -0.7525848 1.864555
-0.1100976 -0.8219005 1.643534
0.1597049 -0.8210254 1.772301
9
0.08017696 -0.02944322 1.838883
-0.006516022 -0.02697192 1.798042
0.1634824 -0.03063608 1.80181
-0.04860279 -0.4436367 1.755254
0.1639205 -0.4213168 1.843717
-0.0843157 -0.7802709 1.75837
0.1572883 -0.7526687 1.86449
-0.1103156 -0.8217479 1.643911
0.159643 -0.8206037 1.771509
9
0.07265338 -0.02848107 1.834971
-0.01372554 -0.02647247 1.793787
0.1559162 -0.02925679 1.79826
-0.05430954 -0.4420647 1.755171
0.1591239 -0.4244842 1.841414
-0.0848472 -0.7801902 1.758146
0.1571253 -0.7527704 1.864224
-0.1104881 -0.8216039 1.645045
0.1589427 -0.820286 1.770613
9
0.07265338 -0.02848107 1.834971
-0.01372554 -0.02647247 1.793787
0.1559162 -0.02925679 1.79826
-0.05430954 -0.4420647 1.755171
0.1591239 -0.4244842 1.841414
-0.0848472 -0.7801902 1.758146
0.1571253 -0.7527704 1.864224
-0.1104881 -0.8216039 1.645045
0.1589427 -0.820286 1.770613
9
0.06246082 -0.02803873 1.829759
-0.02325055 -0.02598631 1.788186
0.1454684 -0.02888569 1.793462
-0.06087392 -0.4335074 1.753791
0.1532588 -0.4250551 1.836759
-0.08514328 -0.7798432 1.758157
0.1561459 -0.7533838 1.863384
-0.1112394 -0.822996 1.646551
0.1591671 -0.8199235 1.768569
9
0.06246082 -0.02803873 1.829759
-0.02325055 -0.02598631 1.788186
0.1454684 -0.02888569 1.793462
-0.06087392 -0.4335074 1.753791
0.1532588 -0.4250551 1.836759
-0.08514328 -0.7798432 1.758157
0.1561459 -0.7533838 1.863384
-0.1112394 -0.822996 1.646551
0.1591671 -0.8199235 1.768569
9
0.0535067 -0.02817608 1.824707
-0.03186613 -0.02661549 1.783071
0.1365498 -0.02852206 1.788471
-0.06536332 -0.4355369 1.754779
0.1470265 -0.429481 1.833332
-0.08555835 -0.7800704 1.757855
0.155145 -0.7535552 1.86256
-0.1152434 -0.8207049 1.645086
0.1588522 -0.8202251 1.768005
9
0.0535067 -0.02817608 1.824707
-0.03186613 -0.02661549 1.783071
0.1365498 -0.02852206 1.788471
-0.06536332 -0.4355369 1.754779
0.1470265 -0.429481 1.833332
-0.08555835 -0.7800704 1.757855
0.155145 -0.7535552 1.86256
-0.1152434 -0.8207049 1.645086
0.1588522 -0.8202251 1.768005
9
0.04540455 -0.02826968 1.820239
-0.04001394 -0.02693355 1.777707
0.1288103 -0.02840407 1.784832
-0.07123356 -0.4354419 1.753862
0.1409238 -0.4282039 1.828226
-0.08729789 -0.779339 1.756712
0.1538246 -0.7533603 1.861612
-0.1153147 -0.820971 1.64366
0.1590147 -0.8204598 1.767833
9
0.04540455 -0.02826968 1.820239
-0.04001394 -0.02693355 1.777707
0.1288103 -0.02840407 1.784832
-0.07123356 -0.4354419 1.753862
0.1409238 -0.4282039 1.828226
-0.08729789 -0.779339 1.756712
0.1538246 -0.7533603 1.861612
-0.1153147 -0.820971 1.64366
0.1590147 -0.8204598 1.767833
9
0.03626548 -0.02755841 1.815822
-0.04878808 -0.02650552 1.772922
0.1197187 -0.02743436 1.780811
-0.07604995 -0.434372 1.753618
0.1334662 -0.4233052 1.821404
-0.08812502 -0.7784359 1.756498
0.1519334 -0.7531827 1.860948
-0.1159042 -0.8218042 1.645697
0.1595144 -0.820606 1.767997
9
0.03626548 -0.02755841 1.815822
-0.04878808 -0.02650552 1.772922
0.1197187 -0.02743436 1.780811
-0.07604995 -0.434372 1.753618
0.1334662 -0.4233052 1.821404
-0.08812502 -0.7784359 1.756498
0.1519334 -0.7531827 1.860948
-0.1159042 -0.8218042 1.645697
0.1595144 -0.820606 1.767997
9
0.02775875 -0.02778245 1.81153
-0.05746573 -0.02670183 1.767504
0.1117 -0.02767028 1.777553
-0.08070163 -0.4330237 1.753152
0.1280759 -0.4291807 1.81734
-0.08896588 -0.7785102 1.756596
0.1497303 -0.7539141 1.859908
-0.1175112 -0.8221478 1.646313
0.1604348 -0.8208604 1.766956
9
0.02775875 -0.02778245 1.81153
-0.05746573 -0.02670183 1.767504
0.1117 -0.02767028 1.777553
-0.08070163 -0.4330237 1.753152
0.1280759 -0.4291807 1.81734
-0.08896588 -0.7785102 1.756596
0.1497303 -0.7539141 1.859908
-0.1175112 -0.8221478 1.646313
0.1604348 -0.8208604 1.766956
9
0.01877836 -0.02755953 1.808148
-0.06598817 -0.0266988 1.764394
0.1027029 -0.0272271 1.773951
-0.08667107 -0.4341403 1.752436
0.1233497 -0.4308033 1.811803
-0.08973882 -0.7785147 1.756167
0.1485944 -0.7542719 1.858938
-0.1242816 -0.8246031 1.638965
0.1601215 -0.8215048 1.766606
9
0.01877836 -0.02755953 1.808148
-0.06598817 -0.0266988 1.764394
0.1027029 -0.0272271 1.773951
-0.08667107 -0.4341403 1.752436
0.1233497 -0.4308033 1.811803
-0.08973882 -0.7785147 1.756167
0.1485944 -0.7542719 1.858938
-0.1242816 -0.8246031 1.638965
0.1601215 -0.8215048 1.766606
9
0.01117984 -0.02782922 1.806002
-0.07352788 -0.02725431 1.762128
0.09537175 -0.02720537 1.771943
-0.09107661 -0.4321688 1.751731
0.117502 -0.4281 1.8032
-0.09130768 -0.7783383 1.755467
0.1467373 -0.753999 1.85753
-0.1189907 -0.8232867 1.644667
0.1600368 -0.8218351 1.766543
9
0.01117984 -0.02782922 1.806002
-0.07352788 -0.02725431 1.762128
0.09537175 -0.02720537 1.771943
-0.09107661 -0.4321688 1.751731
0.117502 -0.4281 1.8032
-0.09130768 -0.7783383 1.755467
0.1467373 -0.753999 1.85753
-0.1189907 -0.8232867 1.644667
0.1600368 -0.8218351 1.766543
9
0.002614567 -0.02755343 1.803903
-0.0815842 -0.02723205 1.76023
0.0866631 -0.02667485 1.769653
-0.09469152 -0.4319862 1.752083
0.1138889 -0.4297664 1.797183
-0.09210595 -0.7779762 1.754496
0.1454234 -0.7540979 1.856151
-0.1180347 -0.8240777 1.645211
0.1603931 -0.8217568 1.765422
9
0.002614567 -0.02755343 1.803903
-0.0815842 -0.02723205 1.76023
0.0866631 -0.02667485 1.769653
-0.09469152 -0.4319862 1.752083
0.1138889 -0.4297664 1.797183
-0.09210595 -0.7779762 1.754496
0.1454234 -0.7540979 1.856151
-0.1180347 -0.8240777 1.645211
0.1603931 -0.8217568 1.765422
9
-0.003093814 -0.02782854 1.802093
-0.08736198 -0.02794876 1.758607
0.08124103 -0.02650895 1.76766
-0.09846434 -0.4315794 1.751815
0.1093395 -0.430625 1.786965
-0.09275696 -0.7789038 1.754918
0.1429629 -0.7548079 1.854509
-0.1183957 -0.8242382 1.644921
0.1603471 -0.8222549 1.764315
9
-0.003093814 -0.02782854 1.802093
-0.08736198 -0.02794876 1.758607
0.08124103 -0.02650895 1.76766
-0.09846434 -0.4315794 1.751815
0.1093395 -0.430625 1.786965
-0.09275696 -0.7789038 1.754918
0.1429629 -0.7548079 1.854509
-0.1183957 -0.8242382 1.644921
0.1603471 -0.8222549 1.764315
9
-0.008445248 -0.02828344 1.800465
-0.09272318 -0.02892045 1.756944
0.07611678 -0.02644219 1.766067
-0.101397 -0.4314329 1.752347
0.1057416 -0.4290344 1.777314
-0.09319226 -0.7784085 1.754853
0.140264 -0.754557 1.848964
-0.1244669 -0.8255847 1.644018
0.1624112 -0.8214713 1.759977
9
-0.008445248 -0.02828344 1.800465
-0.09272318 -0.02892045 1.756944
0.07611678 -0.02644219 1.766067
-0.101397 -0.4314329 1.752347
0.1057416 -0.4290344 1.777314
-0.09319226 -0.7784085 1.754853
0.140264 -0.754557 1.848964
-0.1244669 -0.8255847 1.644018
0.1624112 -0.8214713 1.759977
