40
9
-0.06346614 -0.03866509 2.012411
-0.1414757 -0.04565508 1.99178
0.01708852 -0.03014046 1.955192
-0.08014757 -0.4486808 2.018463
0.04068976 -0.4618862 1.890778
-0.09383438 -0.7857556 2.088243
0.05056905 -0.7591663 1.829369
-0.1477136 -0.8468834 2.011137
0.03971775 -0.8142977 1.712771
9
-0.06346614 -0.03866509 2.012411
-0.1414757 -0.04565508 1.99178
0.01708852 -0.03014046 1.955192
-0.08014757 -0.4486808 2.018463
0.04068976 -0.4618862 1.890778
-0.09383438 -0.7857556 2.088243
0.05056905 -0.7591663 1.829369
-0.1477136 -0.8468834 2.011137
0.03971775 -0.8142977 1.712771
9
-0.0582064 -0.03798353 1.998519
-0.1372484 -0.04514076 1.978
0.02321564 -0.02932083 1.941206
-0.08062611 -0.453776 2.016005
0.04245444 -0.458809 1.887071
-0.09446342 -0.7846571 2.086022
0.0516244 -0.7587546 1.827408
-0.1474974 -0.8457441 2.00775
0.03978964 -0.8145605 1.714057
9
-0.0582064 -0.03798353 1.998519
-0.1372484 -0.04514076 1.978
0.02321564 -0.02932083 1.941206
-0.08062611 -0.453776 2.016005
0.04245444 -0.458809 1.887071
-0.09446342 -0.7846571 2.086022
0.0516244 -0.7587546 1.827408
-0.1474974 -0.8457441 2.00775
0.03978964 -0.8145605 1.714057
9
-0.05317893 -0.03748237 1.987403
-0.1322282 -0.04457695 1.965831
0.02803543 -0.02889935 1.931118
-0.07894318 -0.4518088 2.009398
0.0461402 -0.4517812 1.880963
-0.09448587 -0.7837685 2.08402
0.05275465 -0.7572589 1.82607
-0.1476089 -0.8456665 2.007305
0.03990165 -0.8146778 1.714955
9
-0.05317893 -0.03748237 1.987403
-0.1322282 -0.04457695 1.965831
0.02803543 -0.02889935 1.931118
-0.07894318 -0.4518088 2.009398
0.0461402 -0.4517812 1.880963
-0.09448587 -0.7837685 2.08402
0.05275465 -0.7572589 1.82607
-0.1476089 -0.8456665 2.007305
0.03990165 -0.8146778 1.714955
9
-0.04829529 -0.03672293 1.97543
-0.1271836 -0.0433197 1.952724
0.03257404 -0.02862475 1.920257
-0.07126679 -0.4561212 1.994293
0.04959154 -0.4481233 1.874262
-0.09468778 -0.7828394 2.081238
0.05315218 -0.7579905 1.823987
-0.1475683 -0.8456074 2.005829
0.0401872 -0.8159932 1.71602
9
-0.04829529 -0.03672293 1.97543
-0.1271836 -0.0433197 1.952724
0.03257404 -0.02862475 1.920257
-0.07126679 -0.4561212 1.994293
0.04959154 -0.4481233 1.874262
-0.09468778 -0.7828394 2.081238
0.05315218 -0.7579905 1.823987
-0.1475683 -0.8456074 2.005829
0.0401872 -0.8159932 1.71602
9
-0.04389026 -0.03595875 1.966059
-0.1231991 -0.04212924 1.9427
0.03721519 -0.02831071 1.911531
-0.07253397 -0.4535333 1.991272
0.05161603 -0.4432559 1.871257
-0.0951534 -0.78181 2.077888
0.05368843 -0.757116 1.823018
-0.147621 -0.84578 2.004287
0.04059805 -0.8163342 1.71758
9
-0.04389026 -0.03595875 1.966059
-0.1231991 -0.04212924 1.9427
0.03721519 -0.02831071 1.911531
-0.07253397 -0.4535333 1.991272
0.05161603 -0.4432559 1.871257
-0.0951534 -0.78181 2.077888
0.05368843 -0.757116 1.823018
-0.147621 -0.84578 2.004287
0.04059805 -0.8163342 1.71758
9
-0.03922244 -0.03526047 1.956196
-0.1187458 -0.04132574 1.932698
0.04191506 -0.02776079 1.901854
-0.07456941 -0.4515799 1.987484
0.05557391 -0.4421082 1.86596
-0.09495658 -0.781257 2.076087
0.05416341 -0.7568975 1.822567
-0.1475498 -0.8457454 2.003742
0.04041374 -0.8163874 1.718897
9
-0.03922244 -0.03526047 1.956196
-0.1187458 -0.04132574 1.932698
0.04191506 -0.02776079 1.901854
-0.07456941 -0.4515799 1.987484
0.05557391 -0.4421082 1.86596
-0.09495658 -0.781257 2.076087
0.05416341 -0.7568975 1.822567
-0.1475498 -0.8457454 2.003742
0.04041374 -0.8163874 1.718897
9
-0.03408806 -0.03449847 1.946871
-0.1141103 -0.04050744 1.92392
0.04737622 -0.02709675 1.891968
-0.08706513 -0.4426382 1.982694
0.05903183 -0.4374036 1.86131
-0.09538968 -0.7795901 2.072215
0.05487263 -0.7566574 1.821781
-0.1491406 -0.8460031 2.006256
0.04063091 -0.8165577 1.718648
9
-0.03408806 -0.03449847 1.946871
-0.1141103 -0.04050744 1.92392
0.04737622 -0.02709675 1.891968
-0.08706513 -0.4426382 1.982694
0.05903183 -0.4374036 1.86131
-0.09538968 -0.7795901 2.072215
0.05487263 -0.7566574 1.821781
-0.1491406 -0.8460031 2.006256
0.04063091 -0.8165577 1.718648
9
-0.03022545 -0.03387038 1.939069
-0.1103294 -0.03956535 1.916393
0.05117163 -0.02681378 1.883886
-0.09023335 -0.4390447 1.976637
0.06447364 -0.4325985 1.855635
-0.09554542 -0.7796845 2.06961
0.05524461 -0.7564794 1.821629
-0.1496317 -0.8455034 2.002784
0.03972672 -0.8181472 1.720741
9
-0.03022545 -0.03387038 1.939069
-0.1103294 -0.03956535 1.916393
0.05117163 -0.02681378 1.883886
-0.09023335 -0.4390447 1.976637
0.06447364 -0.4325985 1.855635
-0.09554542 -0.7796845 2.06961
0.05524461 -0.7564794 1.821629
-0.1496317 -0.8455034 2.002784
0.03972672 -0.8181472 1.720741
9
-0.02721177 -0.03336293 1.932845
-0.1068607 -0.03874111 1.910046
0.05364348 -0.02662142 1.87777
-0.09535819 -0.4353703 1.969007
0.06609945 -0.4327385 1.85301
-0.09580594 -0.7795644 2.068037
0.05559304 -0.7559161 1.821337
-0.1498662 -0.8458884 2.002499
0.03983144 -0.8183196 1.721351
9
-0.02721177 -0.03336293 1.932845
-0.1068607 -0.03874111 1.910046
0.05364348 -0.02662142 1.87777
-0.09535819 -0.4353703 1.969007
0.06609945 -0.4327385 1.85301
-0.09580594 -0.7795644 2.068037
0.05559304 -0.7559161 1.821337
-0.1498662 -0.8458884 2.002499
0.03983144 -0.8183196 1.721351
9
-0.02349595 -0.03271187 1.925291
-0.1033613 -0.03756566 1.902365
0.05741965 -0.02651395 1.870341
-0.09873139 -0.4304509 1.958591
0.06929199 -0.4342974 1.848741
-0.09604836 -0.7781032 2.065976
0.05659218 -0.7530763 1.821782
-0.1489838 -0.8432359 1.995615
0.03996374 -0.817086 1.723867
9
-0.02349595 -0.03271187 1.925291
-0.1033613 -0.03756566 1.902365
0.05741965 -0.02651395 1.870341
-0.09873139 -0.4304509 1.958591
0.06929199 -0.4342974 1.848741
-0.09604836 -0.7781032 2.065976
0.05659218 -0.7530763 1.821782
-0.1489838 -0.8432359 1.995615
0.03996374 -0.817086 1.723867
9
-0.01885786 -0.03239914 1.91789
-0.09925124 -0.03688086 1.895394
0.0624123 -0.0266139 1.862505
-0.1013376 -0.4273897 1.948534
0.07143965 -0.4332815 1.84548
-0.09606476 -0.7784589 2.064295
0.05657311 -0.7517058 1.821522
-0.1497511 -0.8438775 1.995853
0.04002467 -0.8169899 1.725175
9
-0.01885786 -0.03239914 1.91789
-0.09925124 -0.03688086 1.895394
0.0624123 -0.0266139 1.862505
-0.1013376 -0.4273897 1.948534
0.07143965 -0.4332815 1.84548
-0.09606476 -0.7784589 2.064295
0.05657311 -0.7517058 1.821522
-0.1497511 -0.8438775 1.995853
0.04002467 -0.8169899 1.725175
9
-0.01590918 -0.03194213 1.91189
-0.0966212 -0.03628739 1.889577
0.06555358 -0.02630821 1.856335
-0.1026508 -0.4266073 1.940865
0.07487298 -0.4268725 1.840417
-0.09602318 -0.7774038 2.061562
0.0564919 -0.751676 1.821289
-0.1500175 -0.843811 1.996152
0.0399717 -0.8174449 1.725573
9
-0.01590918 -0.03194213 1.91189
-0.0966212 -0.03628739 1.889577
0.06555358 -0.02630821 1.856335
-0.1026508 -0.4266073 1.940865
0.07487298 -0.4268725 1.840417
-0.09602318 -0.7774038 2.061562
0.0564919 -0.751676 1.821289
-0.1500175 -0.843811 1.996152
0.0399717 -0.8174449 1.725573
9
-0.01236777 -0.03212619 1.905776
-0.09332365 -0.0360278 1.883459
0.06919777 -0.02692359 1.850214
-0.1020872 -0.4308776 1.934292
0.07713566 -0.4240797 1.837371
-0.09566466 -0.7781011 2.059228
0.05680734 -0.7511283 1.821387
-0.150816 -0.8445681 1.996314
0.04016291 -0.8173678 1.726312
9
-0.01236777 -0.03212619 1.905776
-0.09332365 -0.0360278 1.883459
0.06919777 -0.02692359 1.850214
-0.1020872 -0.4308776 1.934292
0.07713566 -0.4240797 1.837371
-0.09566466 -0.7781011 2.059228
0.05680734 -0.7511283 1.821387
-0.150816 -0.8445681 1.996314
0.04016291 -0.8173678 1.726312
9
-0.008378894 -0.03171521 1.899711
-0.08944396 -0.03497956 1.876681
0.07313257 -0.0271036 1.844791
-0.1025454 -0.4284285 1.921829
0.07931391 -0.4214354 1.834426
-0.09459075 -0.7780986 2.056956
0.05680191 -0.750908 1.821373
-0.1510077 -0.8441873 1.995641
0.04046034 -0.8171228 1.726181
9
-0.008378894 -0.03171521 1.899711
-0.08944396 -0.03497956 1.876681
0.07313257 -0.0271036 1.844791
-0.1025454 -0.4284285 1.921829
0.07931391 -0.4214354 1.834426
-0.09459075 -0.7780986 2.056956
0.05680191 -0.750908 1.821373
-0.1510077 -0.8441873 1.995641
0.04046034 -0.8171228 1.726181
9
-0.005587859 -0.03152603 1.89473
-0.08685921 -0.03413741 1.87119
0.0760132 -0.02754078 1.840281
-0.1023202 -0.4332011 1.914764
0.08154729 -0.4207151 1.832489
-0.09261174 -0.7784077 2.052777
0.05676438 -0.7510024 1.821154
-0.1508565 -0.8427793 1.990455
0.0405637 -0.8174 1.726177
9
-0.005587859 -0.03152603 1.89473
-0.08685921 -0.03413741 1.87119
0.0760132 -0.02754078 1.840281
-0.1023202 -0.4332011 1.914764
0.08154729 -0.4207151 1.832489
-0.09261174 -0.7784077 2.052777
0.05676438 -0.7510024 1.821154
-0.1508565 -0.8427793 1.990455
0.0405637 -0.8174 1.726177
9
-0.002954745 -0.03084395 1.889478
-0.08447729 -0.03331191 1.86583
0.07876179 -0.0270541 1.835209
-0.1018214 -0.4193226 1.895908
0.08394849 -0.409442 1.829179
-0.08861174 -0.7760587 2.04356
0.05717208 -0.7494628 1.82099
-0.1498106 -0.8402543 1.988295
0.04076465 -0.8171827 1.727847
9
-0.002954745 -0.03084395 1.889478
-0.08447729 -0.03331191 1.86583
0.07876179 -0.0270541 1.835209
-0.1018214 -0.4193226 1.895908
0.08394849 -0.409442 1.829179
-0.08861174 -0.7760587 2.04356
0.05717208 -0.7494628 1.82099
-0.1498106 -0.8402543 1.988295
0.04076465 -0.8171827 1.727847
9
-0.001287936 -0.03082351 1.88553
-0.0829838 -0.03270935 1.861505
0.08054524 -0.02759113 1.831577
-0.1012826 -0.4262963 1.894037
0.08443409 -0.4106654 1.82838
-0.08655015 -0.7744248 2.034493
0.05716812 -0.7494372 1.820922
-0.1491278 -0.8345492 1.970206
0.04085316 -0.8171439 1.727736
9
-0.001287936 -0.03082351 1.88553
-0.0829838 -0.03270935 1.861505
0.08054524 -0.02759113 1.831577
-0.1012826 -0.4262963 1.894037
0.08443409 -0.4106654 1.82838
-0.08655015 -0.7744248 2.034493
0.05716812 -0.7494372 1.820922
-0.1491278 -0.8345492 1.970206
0.04085316 -0.8171439 1.727736
9
0.001555392 -0.02943895 1.87794
-0.08065475 -0.03037143 1.853083
0.08374912 -0.02717153 1.824795
-0.1017868 -0.4225681 1.881656
0.08479219 -0.4099689 1.827161
-0.08901483 -0.7739675 2.006478
0.05732801 -0.7486517 1.820884
-0.1497879 -0.8310643 1.932812
0.03958163 -0.8193061 1.732502
9
0.001555392 -0.02943895 1.87794
-0.08065475 -0.03037143 1.853083
0.08374912 -0.02717153 1.824795
-0.1017868 -0.4225681 1.881656
0.08479219 -0.4099689 1.827161
-0.08901483 -0.7739675 2.006478
0.05732801 -0.7486517 1.820884
-0.1497879 -0.8310643 1.932812
0.03958163 -0.8193061 1.732502
9
0.002338651 -0.02902919 1.875156
-0.0799376 -0.02941989 1.849547
0.08454402 -0.0272281 1.822673
-0.1028149 -0.4085853 1.866405
0.08477225 -0.4113503 1.826149
-0.09184504 -0.772531 1.999046
0.05729387 -0.7486554 1.820864
-0.150185 -0.8250207 1.91486
0.03986929 -0.8190753 1.732012
9
0.002338651 -0.02902919 1.875156
-0.0799376 -0.02941989 1.849547
0.08454402 -0.0272281 1.822673
-0.1028149 -0.4085853 1.866405
0.08477225 -0.4113503 1.826149
-0.09184504 -0.772531 1.999046
0.05729387 -0.7486554 1.820864
-0.150185 -0.8250207 1.91486
0.03986929 -0.8190753 1.732012
9
0.00295689 -0.02850355 1.872118
-0.07940327 -0.02845392 1.846113
0.08521017 -0.02715565 1.82007
-0.1032749 -0.4096437 1.864657
0.08508265 -0.4126355 1.825364
-0.1035646 -0.7753367 1.970329
0.05669819 -0.7492805 1.820503
-0.1616077 -0.8345559 1.897291
0.03962441 -0.8199286 1.731935
9
0.00295689 -0.02850355 1.872118
-0.07940327 -0.02845392 1.846113
0.08521017 -0.02715565 1.82007
-0.1032749 -0.4096437 1.864657
0.08508265 -0.4126355 1.825364
-0.1035646 -0.7753367 1.970329
0.05669819 -0.7492805 1.820503
-0.1616077 -0.8345559 1.897291
0.03962441 -0.8199286 1.731935
